time_s,timestamp_ms,distance_m,latitude,longitude,altitude,velocity_mps,acceleration_mpss,direction,isRegistered,rsrp_dbm,rsrq_db,rssnr_db,cqi,ss,ta,ci,pci
0.08,1544518672,0.02,51.490315,7.412516,161.89,8.98,0.00,77.51,0,-103,-16,0,0,38,0,0,146
0.08,1544518672,0.02,51.490315,7.412516,161.89,8.98,0.00,77.51,0,-105,-17,0,0,38,0,0,450
0.08,1544518672,0.02,51.490315,7.412516,161.89,8.98,0.00,77.51,0,-106,-17,0,0,38,0,0,375
1.09,1544518673,9.05,51.490315,7.412516,161.89,8.98,0.00,77.51,0,-103,-16,0,0,38,0,0,146
1.09,1544518673,9.05,51.490315,7.412516,161.89,8.98,0.00,77.51,0,-105,-17,0,0,38,0,0,450
1.09,1544518673,9.05,51.490315,7.412516,161.89,8.98,0.00,77.51,0,-106,-17,0,0,38,0,0,375
2.08,1544518674,18.00,51.490338,7.412661,161.78,9.79,0.00,76.97,0,-103,-15,0,0,38,0,0,450
2.09,1544518674,18.01,51.490338,7.412661,161.78,9.79,0.00,76.97,0,-106,-18,0,0,39,0,0,143
3.09,1544518675,27.80,51.490378,7.412847,161.58,11.13,0.00,77.76,0,-103,-15,0,0,38,0,0,450
3.09,1544518675,27.82,51.490378,7.412847,161.58,11.13,0.00,77.76,0,-106,-18,0,0,39,0,0,143
4.09,1544518676,39.00,51.490404,7.413002,161.54,12.27,0.00,78.56,0,-101,-15,0,0,40,0,0,450
5.09,1544518677,51.20,51.490422,7.413175,161.16,12.85,0.00,77.92,0,-101,-15,0,0,40,0,0,450
6.09,1544518678,64.08,51.490448,7.413382,161.28,12.98,0.00,77.70,0,-101,-15,0,0,40,0,0,450
7.09,1544518679,77.03,51.490473,7.413553,161.27,12.73,0.00,77.27,0,-100,-14,0,0,40,0,0,450
8.09,1544518680,89.76,51.490496,7.413726,160.87,12.79,0.00,76.58,0,-100,-14,0,0,40,0,0,450
9.08,1544518681,102.54,51.490525,7.413884,160.40,12.99,0.00,76.69,0,-101,-15,0,0,41,0,0,450
10.09,1544518682,115.54,51.490555,7.414066,159.90,13.36,0.00,77.17,0,-101,-15,0,0,41,0,0,450
13.09,1544518685,156.31,51.490633,7.414619,159.30,13.55,0.00,79.17,0,-101,-13,0,0,38,0,0,451
13.09,1544518685,156.31,51.490633,7.414619,159.30,13.55,0.00,79.17,0,-102,-14,0,0,38,0,0,62
13.09,1544518685,156.32,51.490633,7.414619,159.30,13.55,0.00,79.17,0,-104,-17,0,0,38,0,0,450
14.09,1544518686,169.87,51.490653,7.414809,159.44,12.99,0.00,79.74,0,-101,-13,0,0,38,0,0,451
14.09,1544518686,169.88,51.490653,7.414809,159.44,12.99,0.00,79.74,0,-102,-14,0,0,38,0,0,62
14.09,1544518686,169.88,51.490653,7.414809,159.44,12.99,0.00,79.74,0,-104,-17,0,0,38,0,0,450
15.08,1544518687,182.84,51.490671,7.415007,159.14,12.80,0.00,80.18,0,-97,-12,0,0,40,0,0,62
16.09,1544518688,195.65,51.490691,7.415196,158.70,12.64,0.00,80.76,0,-97,-12,0,0,40,0,0,62
17.09,1544518689,208.29,51.490710,7.415371,158.87,12.47,0.00,81.61,0,-99,-13,0,0,40,0,0,62
17.09,1544518689,208.30,51.490710,7.415371,158.87,12.47,0.00,81.61,0,-106,-20,0,0,40,0,0,264
18.08,1544518690,220.71,51.490721,7.415553,159.06,12.78,0.00,83.44,0,-99,-13,0,0,40,0,0,62
18.08,1544518690,220.71,51.490721,7.415553,159.06,12.78,0.00,83.44,0,-106,-20,0,0,40,0,0,264
21.09,1544518693,258.62,51.490714,7.416099,158.52,12.47,0.00,91.24,0,-103,-20,0,0,42,0,0,452
21.09,1544518693,258.63,51.490714,7.416099,158.52,12.47,0.00,91.24,0,-93,-10,0,0,47,0,0,275
22.09,1544518694,271.09,51.490696,7.416278,158.00,12.38,0.00,93.79,0,-103,-20,0,0,42,0,0,452
22.09,1544518694,271.10,51.490696,7.416278,158.00,12.38,0.00,93.79,0,-93,-10,0,0,47,0,0,275
23.09,1544518695,283.45,51.490677,7.416431,157.55,11.52,0.00,96.22,0,-91,-12,0,0,51,0,0,275
24.09,1544518696,294.97,51.490658,7.416591,157.00,10.23,0.00,98.69,0,-91,-12,0,0,51,0,0,275
25.10,1544518697,305.29,51.490643,7.416714,156.27,7.06,0.00,99.75,0,-90,-12,0,0,51,0,0,275
25.10,1544518697,305.29,51.490643,7.416714,156.27,7.06,0.00,99.75,0,-96,-17,0,0,51,0,0,274
26.09,1544518698,312.28,51.490629,7.416825,155.69,6.59,0.00,98.52,0,-90,-12,0,0,51,0,0,275
26.09,1544518698,312.28,51.490629,7.416825,155.69,6.59,0.00,98.52,0,-96,-17,0,0,51,0,0,274
27.09,1544518699,318.87,51.490619,7.416889,155.64,3.48,0.00,99.23,0,-90,-12,0,0,51,0,0,275
27.09,1544518699,318.87,51.490619,7.416889,155.64,3.48,0.00,99.23,0,-96,-17,0,0,51,0,0,274
28.09,1544518700,322.34,51.490610,7.416915,155.59,0.58,0.00,99.23,0,-92,-10,0,0,48,0,0,275
28.09,1544518700,322.34,51.490610,7.416915,155.59,0.58,0.00,99.23,0,-99,-17,0,0,48,0,0,274
29.09,1544518701,322.93,51.490610,7.416915,155.58,0.00,0.00,99.23,0,-92,-10,0,0,48,0,0,275
29.09,1544518701,322.93,51.490610,7.416915,155.58,0.00,0.00,99.23,0,-99,-17,0,0,48,0,0,274
30.09,1544518702,322.93,51.490610,7.416915,155.57,0.00,0.00,99.23,0,-104,-19,0,0,41,0,0,61
30.09,1544518702,322.93,51.490610,7.416915,155.57,0.00,0.00,99.23,0,-89,-9,0,0,49,0,0,275
31.09,1544518703,322.93,51.490610,7.416915,155.57,0.00,0.00,99.23,0,-104,-19,0,0,41,0,0,61
31.09,1544518703,322.93,51.490610,7.416915,155.57,0.00,0.00,99.23,0,-89,-9,0,0,49,0,0,275
32.09,1544518704,322.93,51.490610,7.416915,155.56,0.00,0.00,99.23,0,-104,-18,0,0,39,0,0,61
32.09,1544518704,322.93,51.490610,7.416915,155.56,0.00,0.00,99.23,0,-88,-10,0,0,51,0,0,275
33.09,1544518705,322.93,51.490610,7.416915,155.56,0.00,0.00,99.23,0,-104,-18,0,0,39,0,0,61
33.09,1544518705,322.93,51.490610,7.416915,155.56,0.00,0.00,99.23,0,-88,-10,0,0,51,0,0,275
34.09,1544518706,322.93,51.490610,7.416915,155.56,0.00,0.00,99.23,0,-104,-19,0,0,40,0,0,61
34.09,1544518706,322.93,51.490610,7.416915,155.56,0.00,0.00,99.23,0,-89,-10,0,0,52,0,0,275
35.09,1544518707,322.93,51.490610,7.416915,155.56,0.00,0.00,99.23,0,-104,-19,0,0,40,0,0,61
35.09,1544518707,322.93,51.490610,7.416915,155.56,0.00,0.00,99.23,0,-89,-10,0,0,52,0,0,275
36.09,1544518708,322.93,51.490610,7.416915,155.56,0.00,0.00,99.23,0,-105,-19,0,0,39,0,0,61
36.09,1544518708,322.93,51.490610,7.416915,155.56,0.00,0.00,99.23,0,-89,-10,0,0,50,0,0,275
37.09,1544518709,322.93,51.490610,7.416915,155.55,0.00,0.00,99.23,0,-105,-19,0,0,39,0,0,61
37.09,1544518709,322.93,51.490610,7.416915,155.55,0.00,0.00,99.23,0,-89,-10,0,0,50,0,0,275
38.09,1544518710,322.93,51.490610,7.416915,155.55,0.00,0.00,99.23,0,-104,-19,0,0,40,0,0,452
38.09,1544518710,322.93,51.490610,7.416915,155.55,0.00,0.00,99.23,0,-104,-18,0,0,39,0,0,61
38.09,1544518710,322.93,51.490610,7.416915,155.55,0.00,0.00,99.23,0,-105,-20,0,0,40,0,0,339
38.09,1544518710,322.93,51.490610,7.416915,155.55,0.00,0.00,99.23,0,-89,-8,0,0,49,0,0,275
39.09,1544518711,322.93,51.490610,7.416915,155.55,0.00,0.00,99.23,0,-104,-19,0,0,40,0,0,452
39.09,1544518711,322.93,51.490610,7.416915,155.55,0.00,0.00,99.23,0,-104,-18,0,0,39,0,0,61
39.09,1544518711,322.93,51.490610,7.416915,155.55,0.00,0.00,99.23,0,-105,-20,0,0,40,0,0,339
39.09,1544518711,322.93,51.490610,7.416915,155.55,0.00,0.00,99.23,0,-89,-8,0,0,49,0,0,275
40.09,1544518712,322.93,51.490610,7.416915,155.55,0.00,0.00,99.23,0,-104,-18,0,0,39,0,0,61
40.09,1544518712,322.93,51.490610,7.416915,155.55,0.00,0.00,99.23,0,-105,-20,0,0,40,0,0,146
40.09,1544518712,322.93,51.490610,7.416915,155.55,0.00,0.00,99.23,0,-105,-20,0,0,40,0,0,339
40.09,1544518712,322.93,51.490610,7.416915,155.55,0.00,0.00,99.23,0,-89,-10,0,0,50,0,0,275
41.09,1544518713,322.93,51.490610,7.416915,155.55,0.00,0.00,99.23,0,-104,-18,0,0,39,0,0,61
41.09,1544518713,322.93,51.490610,7.416915,155.55,0.00,0.00,99.23,0,-105,-20,0,0,40,0,0,146
41.09,1544518713,322.93,51.490610,7.416915,155.55,0.00,0.00,99.23,0,-105,-20,0,0,40,0,0,339
41.09,1544518713,322.93,51.490610,7.416915,155.55,0.00,0.00,99.23,0,-89,-10,0,0,50,0,0,275
42.09,1544518714,322.93,51.490610,7.416915,155.55,0.00,0.00,99.23,0,-103,-18,0,0,40,0,0,61
42.09,1544518714,322.93,51.490610,7.416915,155.55,0.00,0.00,99.23,0,-104,-20,0,0,41,0,0,339
42.09,1544518714,322.93,51.490610,7.416915,155.55,0.00,0.00,99.23,0,-90,-12,0,0,52,0,0,275
43.09,1544518715,322.93,51.490610,7.416915,155.54,0.00,0.00,99.23,0,-103,-18,0,0,40,0,0,61
43.09,1544518715,322.93,51.490610,7.416915,155.54,0.00,0.00,99.23,0,-104,-20,0,0,41,0,0,339
43.09,1544518715,322.93,51.490610,7.416915,155.54,0.00,0.00,99.23,0,-90,-12,0,0,52,0,0,275
44.09,1544518716,322.93,51.490610,7.416915,155.54,0.00,0.00,99.23,0,-105,-19,0,0,40,0,0,61
44.09,1544518716,322.93,51.490610,7.416915,155.54,0.00,0.00,99.23,0,-89,-9,0,0,50,0,0,275
45.09,1544518717,322.93,51.490610,7.416915,155.54,0.00,0.00,99.23,0,-105,-19,0,0,40,0,0,61
45.09,1544518717,322.93,51.490610,7.416915,155.54,0.00,0.00,99.23,0,-89,-9,0,0,50,0,0,275
46.09,1544518718,322.93,51.490610,7.416915,155.53,0.00,0.00,99.23,0,-105,-20,0,0,40,0,0,61
46.09,1544518718,322.93,51.490610,7.416915,155.53,0.00,0.00,99.23,0,-89,-10,0,0,50,0,0,275
47.09,1544518719,322.93,51.490610,7.416915,155.53,0.00,0.00,99.23,0,-105,-20,0,0,40,0,0,61
47.09,1544518719,322.93,51.490610,7.416915,155.53,0.00,0.00,99.23,0,-89,-10,0,0,50,0,0,275
48.09,1544518720,322.93,51.490610,7.416915,155.52,0.00,0.00,99.23,0,-105,-20,0,0,40,0,0,61
48.09,1544518720,322.93,51.490610,7.416915,155.52,0.00,0.00,99.23,0,-89,-10,0,0,50,0,0,275
49.09,1544518721,322.93,51.490610,7.416915,155.52,0.00,0.00,99.23,0,-90,-11,0,0,51,0,0,275
50.09,1544518722,322.93,51.490610,7.416915,155.51,0.00,0.00,99.23,0,-90,-11,0,0,51,0,0,275
51.09,1544518723,322.93,51.490610,7.416915,155.51,0.00,0.00,99.23,0,-105,-19,0,0,40,0,0,61
51.09,1544518723,322.93,51.490610,7.416915,155.51,0.00,0.00,99.23,0,-105,-20,0,0,40,0,0,146
51.09,1544518723,322.93,51.490610,7.416915,155.51,0.00,0.00,99.23,0,-89,-10,0,0,51,0,0,275
52.09,1544518724,322.93,51.490610,7.416915,155.50,0.00,0.00,99.23,0,-105,-19,0,0,40,0,0,61
52.09,1544518724,322.93,51.490610,7.416915,155.50,0.00,0.00,99.23,0,-105,-20,0,0,40,0,0,146
52.09,1544518724,322.93,51.490610,7.416915,155.50,0.00,0.00,99.23,0,-89,-10,0,0,51,0,0,275
53.09,1544518725,322.93,51.490610,7.416915,155.49,0.00,0.00,99.23,0,-104,-19,0,0,40,0,0,61
53.09,1544518725,322.93,51.490610,7.416915,155.49,0.00,0.00,99.23,0,-89,-9,0,0,50,0,0,275
54.09,1544518726,322.93,51.490610,7.416915,155.49,0.00,0.00,99.23,0,-104,-19,0,0,40,0,0,61
54.09,1544518726,322.93,51.490610,7.416915,155.49,0.00,0.00,99.23,0,-89,-9,0,0,50,0,0,275
55.09,1544518727,322.93,51.490610,7.416915,155.48,0.00,0.00,99.23,0,-104,-20,0,0,41,0,0,61
55.09,1544518727,322.93,51.490610,7.416915,155.48,0.00,0.00,99.23,0,-89,-9,0,0,50,0,0,275
56.09,1544518728,322.93,51.490610,7.416915,155.48,0.00,0.00,99.23,0,-104,-20,0,0,41,0,0,61
56.09,1544518728,322.93,51.490610,7.416915,155.48,0.00,0.00,99.23,0,-89,-9,0,0,50,0,0,275
57.08,1544518729,322.93,51.490610,7.416915,155.47,0.00,0.00,99.23,0,-104,-20,0,0,41,0,0,61
57.08,1544518729,322.93,51.490610,7.416915,155.47,0.00,0.00,99.23,0,-89,-10,0,0,50,0,0,275
58.09,1544518730,322.93,51.490610,7.416915,155.46,0.00,0.00,99.23,0,-104,-20,0,0,41,0,0,61
58.09,1544518730,322.93,51.490610,7.416915,155.46,0.00,0.00,99.23,0,-89,-10,0,0,50,0,0,275
59.08,1544518731,322.93,51.490610,7.416915,155.44,0.00,0.00,99.23,0,-90,-12,0,0,52,0,0,275
59.08,1544518731,322.93,51.490610,7.416915,155.44,0.00,0.00,99.23,0,-96,-19,0,0,53,0,0,385
60.09,1544518732,322.93,51.490610,7.416915,155.44,0.00,0.00,99.23,0,-90,-12,0,0,52,0,0,275
60.09,1544518732,322.93,51.490610,7.416915,155.44,0.00,0.00,99.23,0,-96,-19,0,0,53,0,0,385
61.09,1544518733,322.93,51.490610,7.416915,155.43,0.00,0.00,99.23,0,-104,-20,0,0,41,0,0,61
61.09,1544518733,322.93,51.490610,7.416915,155.43,0.00,0.00,99.23,0,-89,-13,0,0,53,0,0,275
61.09,1544518733,322.93,51.490610,7.416915,155.43,0.00,0.00,99.23,0,-96,-19,0,0,53,0,0,385
62.09,1544518734,322.93,51.490610,7.416915,155.42,0.00,0.00,99.23,0,-104,-20,0,0,41,0,0,61
62.09,1544518734,322.93,51.490610,7.416915,155.42,0.00,0.00,99.23,0,-89,-13,0,0,53,0,0,275
62.09,1544518734,322.93,51.490610,7.416915,155.42,0.00,0.00,99.23,0,-96,-19,0,0,53,0,0,385
63.09,1544518735,322.93,51.490610,7.416915,155.41,0.00,0.00,99.23,0,-104,-19,0,0,41,0,0,61
63.09,1544518735,322.93,51.490610,7.416915,155.41,0.00,0.00,99.23,0,-89,-11,0,0,52,0,0,275
63.09,1544518735,322.93,51.490610,7.416915,155.41,0.00,0.00,99.23,0,-96,-18,0,0,52,0,0,385
64.09,1544518736,322.93,51.490610,7.416915,155.40,0.00,0.00,99.23,0,-104,-19,0,0,41,0,0,61
64.09,1544518736,322.93,51.490610,7.416915,155.40,0.00,0.00,99.23,0,-89,-11,0,0,52,0,0,275
64.09,1544518736,322.93,51.490610,7.416915,155.40,0.00,0.00,99.23,0,-96,-18,0,0,52,0,0,385
65.09,1544518737,322.93,51.490610,7.416915,155.38,0.00,0.00,99.23,0,-104,-19,0,0,40,0,0,61
65.09,1544518737,322.93,51.490610,7.416915,155.38,0.00,0.00,99.23,0,-90,-12,0,0,51,0,0,275
65.09,1544518737,322.93,51.490610,7.416915,155.38,0.00,0.00,99.23,0,-97,-18,0,0,52,0,0,385
66.09,1544518738,322.93,51.490610,7.416915,155.37,0.00,0.00,99.23,0,-104,-19,0,0,40,0,0,61
66.09,1544518738,322.93,51.490610,7.416915,155.37,0.00,0.00,99.23,0,-90,-12,0,0,51,0,0,275
66.09,1544518738,322.93,51.490610,7.416915,155.37,0.00,0.00,99.23,0,-97,-18,0,0,52,0,0,385
67.10,1544518739,322.93,51.490610,7.416915,155.35,0.00,0.00,99.23,0,-106,-19,0,0,39,0,0,339
67.10,1544518739,322.93,51.490610,7.416915,155.35,0.00,0.00,99.23,0,-106,-19,0,0,39,0,0,61
67.10,1544518739,322.93,51.490610,7.416915,155.35,0.00,0.00,99.23,0,-90,-12,0,0,52,0,0,275
68.09,1544518740,322.93,51.490610,7.416915,155.33,0.00,0.00,99.23,0,-106,-19,0,0,39,0,0,339
68.09,1544518740,322.93,51.490610,7.416915,155.33,0.00,0.00,99.23,0,-106,-19,0,0,39,0,0,61
68.09,1544518740,322.93,51.490610,7.416915,155.33,0.00,0.00,99.23,0,-90,-12,0,0,52,0,0,275
69.08,1544518741,322.93,51.490610,7.416915,155.32,0.00,0.00,99.23,0,-106,-19,0,0,39,0,0,339
69.08,1544518741,322.93,51.490610,7.416915,155.32,0.00,0.00,99.23,0,-106,-19,0,0,39,0,0,61
69.09,1544518741,322.93,51.490610,7.416915,155.32,0.00,0.00,99.23,0,-90,-12,0,0,52,0,0,275
70.09,1544518742,322.93,51.490610,7.416915,155.30,0.00,0.00,99.23,0,-89,-11,0,0,51,0,0,275
71.09,1544518743,322.93,51.490610,7.416915,155.29,0.00,0.00,99.23,0,-89,-11,0,0,51,0,0,275
72.09,1544518744,322.93,51.490610,7.416915,155.27,0.00,0.00,99.23,0,-103,-18,0,0,40,0,0,61
72.09,1544518744,322.93,51.490610,7.416915,155.27,0.00,0.00,99.23,0,-89,-9,0,0,50,0,0,275
73.09,1544518745,322.93,51.490610,7.416915,155.25,0.00,0.00,99.23,0,-103,-18,0,0,40,0,0,61
73.09,1544518745,322.93,51.490610,7.416915,155.25,0.00,0.00,99.23,0,-89,-9,0,0,50,0,0,275
74.09,1544518746,322.93,51.490610,7.416915,155.24,0.00,0.00,99.23,0,-90,-9,0,0,49,0,0,275
75.09,1544518747,322.93,51.490610,7.416915,155.22,0.00,0.00,99.23,0,-90,-9,0,0,49,0,0,275
76.09,1544518748,322.93,51.490610,7.416915,155.21,0.00,0.00,99.23,0,-104,-20,0,0,41,0,0,452
76.09,1544518748,322.93,51.490610,7.416915,155.21,0.00,0.00,99.23,0,-104,-19,0,0,40,0,0,306
76.09,1544518748,322.93,51.490610,7.416915,155.21,0.00,0.00,99.23,0,-105,-19,0,0,39,0,0,264
76.09,1544518748,322.93,51.490610,7.416915,155.21,0.00,0.00,99.23,0,-93,-12,0,0,48,0,0,275
76.09,1544518748,322.93,51.490610,7.416915,155.21,0.00,0.00,99.23,0,-98,-18,0,0,48,0,0,385
77.09,1544518749,322.93,51.490610,7.416915,155.08,0.00,0.00,103.72,0,-104,-20,0,0,41,0,0,452
77.09,1544518749,322.93,51.490610,7.416915,155.08,0.00,0.00,103.72,0,-104,-19,0,0,40,0,0,306
77.09,1544518749,322.93,51.490610,7.416915,155.08,0.00,0.00,103.72,0,-105,-19,0,0,39,0,0,264
77.10,1544518749,322.93,51.490610,7.416915,155.08,0.00,0.00,103.72,0,-93,-12,0,0,48,0,0,275
77.10,1544518749,322.93,51.490610,7.416915,155.08,0.00,0.00,103.72,0,-98,-18,0,0,48,0,0,385
78.09,1544518750,322.93,51.490610,7.416915,154.22,0.00,0.00,101.46,0,-92,-13,0,0,50,0,0,275
78.09,1544518750,322.93,51.490610,7.416915,154.22,0.00,0.00,101.46,0,-98,-19,0,0,50,0,0,385
79.09,1544518751,322.94,51.490602,7.417017,153.81,5.98,0.00,87.20,0,-92,-13,0,0,50,0,0,275
79.09,1544518751,322.94,51.490602,7.417017,153.81,5.98,0.00,87.20,0,-98,-19,0,0,50,0,0,385
80.09,1544518752,328.92,51.490630,7.417097,153.48,5.98,0.00,57.26,0,-94,-12,0,0,47,0,0,275
80.09,1544518752,328.92,51.490630,7.417097,153.48,5.98,0.00,57.26,0,-99,-16,0,0,47,0,0,274
81.09,1544518753,334.91,51.490686,7.417156,153.24,6.84,0.00,27.39,0,-94,-12,0,0,47,0,0,275
81.09,1544518753,334.92,51.490686,7.417156,153.24,6.84,0.00,27.39,0,-99,-16,0,0,47,0,0,274
82.08,1544518754,341.71,51.490760,7.417165,153.00,8.87,0.00,0.34,0,-87,-11,0,0,54,0,0,275
83.09,1544518755,350.64,51.490826,7.417162,153.01,9.14,0.00,356.25,0,-87,-11,0,0,54,0,0,275
84.09,1544518756,359.76,51.490911,7.417151,153.05,10.83,0.00,353.85,0,-82,-7,0,0,55,0,0,275
85.08,1544518757,370.55,51.490993,7.417128,153.18,10.98,0.00,351.84,0,-82,-7,0,0,55,0,0,275
86.09,1544518758,381.61,51.491090,7.417101,153.48,12.19,0.00,351.00,0,-90,-8,0,0,49,0,0,275
87.09,1544518759,393.76,51.491180,7.417073,153.73,11.61,0.00,350.45,0,-90,-8,0,0,49,0,0,275
88.09,1544518760,405.45,51.491280,7.417038,153.95,11.67,0.00,350.01,0,-90,-8,0,0,48,0,0,275
89.09,1544518761,417.04,51.491375,7.417007,154.20,11.71,0.00,349.30,0,-90,-8,0,0,48,0,0,275
90.09,1544518762,428.76,51.491492,7.416976,154.14,12.20,0.00,348.71,0,-90,-8,0,0,48,0,0,275
91.09,1544518763,440.94,51.491602,7.416931,154.29,12.18,0.00,347.34,0,-94,-12,0,0,47,0,0,275
92.09,1544518764,453.13,51.491697,7.416880,154.86,12.14,0.00,345.28,0,-94,-12,0,0,47,0,0,275
93.08,1544518765,465.25,51.491784,7.416827,155.33,12.13,0.00,343.33,0,-99,-17,0,0,46,0,0,275
93.08,1544518765,465.25,51.491784,7.416827,155.33,12.13,0.00,343.33,0,-100,-17,0,0,46,0,0,65
94.09,1544518766,477.41,51.491878,7.416762,155.74,12.26,0.00,341.04,0,-99,-17,0,0,46,0,0,275
94.09,1544518766,477.42,51.491878,7.416762,155.74,12.26,0.00,341.04,0,-100,-17,0,0,46,0,0,65
95.09,1544518767,489.68,51.491981,7.416688,155.90,12.67,0.00,338.33,0,-105,-17,0,0,37,0,0,306
95.09,1544518767,489.69,51.491981,7.416688,155.90,12.67,0.00,338.33,0,-107,-19,0,0,37,0,0,284
95.09,1544518767,489.69,51.491981,7.416688,155.90,12.67,0.00,338.33,0,-107,-19,0,0,38,0,0,339
95.09,1544518767,489.69,51.491981,7.416688,155.90,12.67,0.00,338.33,0,-97,-15,0,0,48,0,0,65
95.09,1544518767,489.70,51.491981,7.416688,155.90,12.67,0.00,338.33,0,-99,-17,0,0,48,0,0,275
96.09,1544518768,502.37,51.492089,7.416602,155.59,11.82,0.00,335.31,0,-105,-17,0,0,37,0,0,306
96.09,1544518768,502.38,51.492089,7.416602,155.59,11.82,0.00,335.31,0,-107,-19,0,0,37,0,0,284
96.09,1544518768,502.38,51.492089,7.416602,155.59,11.82,0.00,335.31,0,-107,-19,0,0,38,0,0,339
96.09,1544518768,502.40,51.492089,7.416602,155.59,11.82,0.00,335.31,0,-97,-15,0,0,48,0,0,65
96.09,1544518768,502.41,51.492089,7.416602,155.59,11.82,0.00,335.31,0,-99,-17,0,0,48,0,0,275
97.09,1544518769,514.17,51.492205,7.416500,155.49,12.56,0.00,332.40,0,-104,-18,0,0,39,0,0,306
97.09,1544518769,514.18,51.492205,7.416500,155.49,12.56,0.00,332.40,0,-106,-20,0,0,40,0,0,284
97.09,1544518769,514.18,51.492205,7.416500,155.49,12.56,0.00,332.40,0,-99,-16,0,0,46,0,0,275
97.09,1544518769,514.20,51.492205,7.416500,155.49,12.56,0.00,332.40,0,-101,-17,0,0,46,0,0,65
98.09,1544518770,526.73,51.492308,7.416406,156.16,13.01,0.00,331.96,0,-104,-18,0,0,39,0,0,306
98.09,1544518770,526.75,51.492308,7.416406,156.16,13.01,0.00,331.96,0,-106,-20,0,0,40,0,0,284
98.09,1544518770,526.76,51.492308,7.416406,156.16,13.01,0.00,331.96,0,-99,-16,0,0,46,0,0,275
98.09,1544518770,526.76,51.492308,7.416406,156.16,13.01,0.00,331.96,0,-101,-17,0,0,46,0,0,65
99.09,1544518771,539.73,51.492399,7.416322,156.61,12.82,0.00,333.61,0,-105,-17,0,0,38,0,0,306
99.09,1544518771,539.74,51.492399,7.416322,156.61,12.82,0.00,333.61,0,-106,-19,0,0,38,0,0,146
99.09,1544518771,539.76,51.492399,7.416322,156.61,12.82,0.00,333.61,0,-107,-20,0,0,38,0,0,339
99.09,1544518771,539.77,51.492399,7.416322,156.61,12.82,0.00,333.61,0,-99,-15,0,0,44,0,0,275
100.09,1544518772,552.57,51.492502,7.416239,156.96,12.73,0.00,336.32,0,-105,-17,0,0,38,0,0,306
100.09,1544518772,552.57,51.492502,7.416239,156.96,12.73,0.00,336.32,0,-106,-19,0,0,38,0,0,146
100.09,1544518772,552.59,51.492502,7.416239,156.96,12.73,0.00,336.32,0,-107,-20,0,0,38,0,0,339
100.09,1544518772,552.59,51.492502,7.416239,156.96,12.73,0.00,336.32,0,-99,-15,0,0,44,0,0,275
101.09,1544518773,565.29,51.492600,7.416176,157.09,12.48,0.00,339.80,0,-103,-19,0,0,41,0,0,146
101.09,1544518773,565.30,51.492600,7.416176,157.09,12.48,0.00,339.80,0,-96,-13,0,0,46,0,0,275
102.09,1544518774,577.76,51.492703,7.416126,157.10,12.69,0.00,342.21,0,-103,-19,0,0,41,0,0,146
102.09,1544518774,577.77,51.492703,7.416126,157.10,12.69,0.00,342.21,0,-96,-13,0,0,46,0,0,275
103.09,1544518775,590.47,51.492822,7.416074,158.14,12.84,0.00,344.64,0,-109,-19,0,0,36,0,0,146
103.09,1544518775,590.48,51.492822,7.416074,158.14,12.84,0.00,344.64,0,-109,-15,0,0,36,0,0,275
103.09,1544518775,590.48,51.492822,7.416074,158.14,12.84,0.00,344.64,0,-112,-19,0,0,36,0,0,37
104.09,1544518776,603.30,51.492927,7.416029,159.21,12.71,0.00,345.00,0,-109,-19,0,0,36,0,0,146
104.09,1544518776,603.31,51.492927,7.416029,159.21,12.71,0.00,345.00,0,-109,-15,0,0,36,0,0,275
104.09,1544518776,603.31,51.492927,7.416029,159.21,12.71,0.00,345.00,0,-112,-19,0,0,36,0,0,37
105.09,1544518777,616.01,51.493028,7.415986,160.25,11.78,0.00,345.08,0,-109,-16,0,0,33,0,0,339
105.09,1544518777,616.02,51.493028,7.415986,160.25,11.78,0.00,345.08,0,-106,-14,0,0,37,0,0,275
105.09,1544518777,616.03,51.493028,7.415986,160.25,11.78,0.00,345.08,0,-107,-15,0,0,37,0,0,34
106.09,1544518778,627.77,51.493127,7.415947,160.71,11.12,0.00,344.68,0,-109,-16,0,0,33,0,0,339
106.09,1544518778,627.78,51.493127,7.415947,160.71,11.12,0.00,344.68,0,-106,-14,0,0,37,0,0,275
106.09,1544518778,627.78,51.493127,7.415947,160.71,11.12,0.00,344.68,0,-107,-15,0,0,37,0,0,34
107.09,1544518779,638.93,51.493232,7.415913,160.08,12.44,0.00,345.75,0,-110,-20,0,0,35,0,0,339
107.09,1544518779,638.94,51.493232,7.415913,160.08,12.44,0.00,345.75,0,-110,-20,0,0,36,0,0,146
107.09,1544518779,638.95,51.493232,7.415913,160.08,12.44,0.00,345.75,0,-110,-20,0,0,35,0,0,306
107.09,1544518779,638.95,51.493232,7.415913,160.08,12.44,0.00,345.75,0,-105,-14,0,0,38,0,0,34
107.09,1544518779,638.96,51.493232,7.415913,160.08,12.44,0.00,345.75,0,-106,-15,0,0,38,0,0,275
108.09,1544518780,651.35,51.493352,7.415868,159.24,13.24,0.00,346.43,0,-110,-20,0,0,35,0,0,339
108.09,1544518780,651.36,51.493352,7.415868,159.24,13.24,0.00,346.43,0,-110,-20,0,0,36,0,0,146
108.09,1544518780,651.36,51.493352,7.415868,159.24,13.24,0.00,346.43,0,-110,-20,0,0,35,0,0,306
108.09,1544518780,651.36,51.493352,7.415868,159.24,13.24,0.00,346.43,0,-105,-14,0,0,38,0,0,34
108.09,1544518780,651.38,51.493352,7.415868,159.24,13.24,0.00,346.43,0,-106,-15,0,0,38,0,0,275
109.09,1544518781,664.67,51.493458,7.415834,158.19,12.95,0.00,346.81,0,-111,-18,0,0,33,0,0,375
109.10,1544518781,664.68,51.493458,7.415834,158.19,12.95,0.00,346.81,0,-112,-20,0,0,34,0,0,146
109.10,1544518781,664.70,51.493458,7.415834,158.19,12.95,0.00,346.81,0,-112,-20,0,0,34,0,0,367
109.10,1544518781,664.70,51.493458,7.415834,158.19,12.95,0.00,346.81,0,-104,-14,0,0,40,0,0,34
109.10,1544518781,664.70,51.493458,7.415834,158.19,12.95,0.00,346.81,0,-108,-19,0,0,40,0,0,275
110.09,1544518782,677.53,51.493588,7.415797,157.08,13.27,0.00,347.49,0,-111,-18,0,0,33,0,0,375
110.09,1544518782,677.55,51.493588,7.415797,157.08,13.27,0.00,347.49,0,-112,-20,0,0,34,0,0,146
110.09,1544518782,677.56,51.493588,7.415797,157.08,13.27,0.00,347.49,0,-112,-20,0,0,34,0,0,367
110.09,1544518782,677.56,51.493588,7.415797,157.08,13.27,0.00,347.49,0,-104,-14,0,0,40,0,0,34
110.09,1544518782,677.57,51.493588,7.415797,157.08,13.27,0.00,347.49,0,-108,-19,0,0,40,0,0,275
111.09,1544518783,690.80,51.493713,7.415763,155.73,13.13,0.00,347.90,0,-111,-18,0,0,33,0,0,375
111.09,1544518783,690.80,51.493713,7.415763,155.73,13.13,0.00,347.90,0,-112,-20,0,0,34,0,0,146
111.09,1544518783,690.81,51.493713,7.415763,155.73,13.13,0.00,347.90,0,-112,-20,0,0,34,0,0,367
111.09,1544518783,690.81,51.493713,7.415763,155.73,13.13,0.00,347.90,0,-104,-14,0,0,40,0,0,34
111.09,1544518783,690.81,51.493713,7.415763,155.73,13.13,0.00,347.90,0,-108,-19,0,0,40,0,0,275
112.09,1544518784,703.94,51.493837,7.415725,154.26,12.86,0.00,348.65,0,-108,-17,0,0,34,0,0,264
112.09,1544518784,703.96,51.493837,7.415725,154.26,12.86,0.00,348.65,0,-109,-18,0,0,34,0,0,367
112.09,1544518784,703.96,51.493837,7.415725,154.26,12.86,0.00,348.65,0,-109,-16,0,0,32,0,0,375
112.09,1544518784,703.97,51.493837,7.415725,154.26,12.86,0.00,348.65,0,-103,-13,0,0,39,0,0,275
112.09,1544518784,703.98,51.493837,7.415725,154.26,12.86,0.00,348.65,0,-104,-15,0,0,39,0,0,34
113.09,1544518785,716.80,51.493953,7.415690,152.77,12.55,0.00,347.48,0,-108,-17,0,0,34,0,0,264
113.09,1544518785,716.81,51.493953,7.415690,152.77,12.55,0.00,347.48,0,-109,-18,0,0,34,0,0,367
113.09,1544518785,716.82,51.493953,7.415690,152.77,12.55,0.00,347.48,0,-109,-16,0,0,32,0,0,375
113.09,1544518785,716.84,51.493953,7.415690,152.77,12.55,0.00,347.48,0,-103,-13,0,0,39,0,0,275
113.09,1544518785,716.84,51.493953,7.415690,152.77,12.55,0.00,347.48,0,-104,-15,0,0,39,0,0,34
114.09,1544518786,729.32,51.494056,7.415647,152.23,12.64,0.00,345.73,0,-113,-18,0,0,31,0,0,367
114.09,1544518786,729.33,51.494056,7.415647,152.23,12.64,0.00,345.73,0,-114,-19,0,0,31,0,0,16
114.09,1544518786,729.35,51.494056,7.415647,152.23,12.64,0.00,345.73,0,-114,-19,0,0,31,0,0,339
114.09,1544518786,729.36,51.494056,7.415647,152.23,12.64,0.00,345.73,0,-103,-12,0,0,38,0,0,34
114.09,1544518786,729.37,51.494056,7.415647,152.23,12.64,0.00,345.73,0,-108,-17,0,0,38,0,0,38
115.09,1544518787,741.97,51.494158,7.415604,152.49,12.36,0.00,345.50,0,-113,-18,0,0,31,0,0,367
115.09,1544518787,741.97,51.494158,7.415604,152.49,12.36,0.00,345.50,0,-114,-19,0,0,31,0,0,16
115.09,1544518787,741.98,51.494158,7.415604,152.49,12.36,0.00,345.50,0,-114,-19,0,0,31,0,0,339
115.09,1544518787,741.98,51.494158,7.415604,152.49,12.36,0.00,345.50,0,-103,-12,0,0,38,0,0,34
115.09,1544518787,741.98,51.494158,7.415604,152.49,12.36,0.00,345.50,0,-108,-17,0,0,38,0,0,38
116.09,1544518788,754.33,51.494264,7.415563,152.72,12.01,0.00,346.05,0,-111,-17,0,0,32,0,0,367
116.09,1544518788,754.33,51.494264,7.415563,152.72,12.01,0.00,346.05,0,-111,-18,0,0,32,0,0,306
116.09,1544518788,754.34,51.494264,7.415563,152.72,12.01,0.00,346.05,0,-111,-18,0,0,32,0,0,16
116.09,1544518788,754.34,51.494264,7.415563,152.72,12.01,0.00,346.05,0,-102,-14,0,0,42,0,0,34
116.09,1544518788,754.36,51.494264,7.415563,152.72,12.01,0.00,346.05,0,-103,-16,0,0,42,0,0,38
117.09,1544518789,766.34,51.494361,7.415529,152.76,10.40,0.00,346.66,0,-111,-17,0,0,32,0,0,367
117.09,1544518789,766.34,51.494361,7.415529,152.76,10.40,0.00,346.66,0,-111,-18,0,0,32,0,0,306
117.09,1544518789,766.34,51.494361,7.415529,152.76,10.40,0.00,346.66,0,-111,-18,0,0,32,0,0,16
117.09,1544518789,766.35,51.494361,7.415529,152.76,10.40,0.00,346.66,0,-102,-14,0,0,42,0,0,34
117.09,1544518789,766.35,51.494361,7.415529,152.76,10.40,0.00,346.66,0,-103,-16,0,0,42,0,0,38
118.09,1544518790,776.74,51.494439,7.415500,152.96,7.43,0.00,347.41,0,-110,-17,0,0,33,0,0,367
118.09,1544518790,776.75,51.494439,7.415500,152.96,7.43,0.00,347.41,0,-110,-17,0,0,32,0,0,16
118.09,1544518790,776.75,51.494439,7.415500,152.96,7.43,0.00,347.41,0,-113,-19,0,0,32,0,0,339
118.09,1544518790,776.75,51.494439,7.415500,152.96,7.43,0.00,347.41,0,-101,-13,0,0,40,0,0,34
118.09,1544518790,776.76,51.494439,7.415500,152.96,7.43,0.00,347.41,0,-102,-13,0,0,40,0,0,38
118.09,1544518790,776.76,51.494439,7.415500,152.96,7.43,0.00,347.41,0,0,0,0,0,63,0,0,303
119.09,1544518791,784.17,51.494507,7.415451,153.22,6.66,0.00,332.12,0,-110,-17,0,0,33,0,0,367
119.09,1544518791,784.17,51.494507,7.415451,153.22,6.66,0.00,332.12,0,-110,-17,0,0,32,0,0,16
119.09,1544518791,784.17,51.494507,7.415451,153.22,6.66,0.00,332.12,0,-113,-19,0,0,32,0,0,339
119.09,1544518791,784.17,51.494507,7.415451,153.22,6.66,0.00,332.12,0,-101,-13,0,0,40,0,0,34
119.09,1544518791,784.17,51.494507,7.415451,153.22,6.66,0.00,332.12,0,-102,-13,0,0,40,0,0,38
119.09,1544518791,784.17,51.494507,7.415451,153.22,6.66,0.00,332.12,0,0,0,0,0,63,0,0,303
120.09,1544518792,790.82,51.494545,7.415383,153.62,6.65,0.00,311.44,0,-98,-14,0,0,42,0,0,37
120.09,1544518792,790.82,51.494545,7.415383,153.62,6.65,0.00,311.44,0,-99,-15,0,0,41,0,0,34
120.09,1544518792,790.82,51.494545,7.415383,153.62,6.65,0.00,311.44,0,-106,-16,0,0,35,0,0,367
120.09,1544518792,790.83,51.494545,7.415383,153.62,6.65,0.00,311.44,0,-108,-17,0,0,34,0,0,16
120.09,1544518792,790.83,51.494545,7.415383,153.62,6.65,0.00,311.44,0,-109,-18,0,0,35,0,0,17
121.09,1544518793,797.48,51.494545,7.415278,153.77,8.38,0.00,272.03,0,-98,-14,0,0,42,0,0,37
121.09,1544518793,797.48,51.494545,7.415278,153.77,8.38,0.00,272.03,0,-99,-15,0,0,41,0,0,34
121.09,1544518793,797.48,51.494545,7.415278,153.77,8.38,0.00,272.03,0,-106,-16,0,0,35,0,0,367
121.09,1544518793,797.49,51.494545,7.415278,153.77,8.38,0.00,272.03,0,-108,-17,0,0,34,0,0,16
121.09,1544518793,797.50,51.494545,7.415278,153.77,8.38,0.00,272.03,0,-109,-18,0,0,35,0,0,17
122.09,1544518794,805.92,51.494526,7.415158,155.04,9.09,0.00,257.16,0,-98,-11,0,0,39,0,0,34
122.10,1544518794,805.93,51.494526,7.415158,155.04,9.09,0.00,257.16,0,-104,-17,0,0,38,0,0,37
122.10,1544518794,805.95,51.494526,7.415158,155.04,9.09,0.00,257.16,0,-110,-17,0,0,33,0,0,450
122.10,1544518794,805.95,51.494526,7.415158,155.04,9.09,0.00,257.16,0,-111,-19,0,0,34,0,0,16
122.10,1544518794,805.96,51.494526,7.415158,155.04,9.09,0.00,257.16,0,-112,-19,0,0,33,0,0,62
123.09,1544518795,814.94,51.494504,7.415017,156.17,10.10,0.00,257.62,0,-98,-11,0,0,39,0,0,34
123.09,1544518795,814.94,51.494504,7.415017,156.17,10.10,0.00,257.62,0,-104,-17,0,0,38,0,0,37
123.09,1544518795,814.95,51.494504,7.415017,156.17,10.10,0.00,257.62,0,-110,-17,0,0,33,0,0,450
123.09,1544518795,814.95,51.494504,7.415017,156.17,10.10,0.00,257.62,0,-111,-19,0,0,34,0,0,16
123.09,1544518795,814.95,51.494504,7.415017,156.17,10.10,0.00,257.62,0,-112,-19,0,0,33,0,0,62
124.09,1544518796,825.03,51.494481,7.414863,157.15,11.71,0.00,257.10,0,-111,-17,0,0,33,0,0,450
124.09,1544518796,825.04,51.494481,7.414863,157.15,11.71,0.00,257.10,0,-111,-17,0,0,33,0,0,306
124.09,1544518796,825.04,51.494481,7.414863,157.15,11.71,0.00,257.10,0,-112,-18,0,0,33,0,0,339
125.09,1544518797,836.74,51.494458,7.414702,157.67,11.46,0.00,257.63,0,-111,-17,0,0,33,0,0,450
125.09,1544518797,836.75,51.494458,7.414702,157.67,11.46,0.00,257.63,0,-111,-17,0,0,33,0,0,306
125.09,1544518797,836.75,51.494458,7.414702,157.67,11.46,0.00,257.63,0,-112,-18,0,0,33,0,0,339
126.09,1544518798,848.23,51.494433,7.414541,158.12,11.52,0.00,257.40,0,-109,-15,0,0,33,0,0,306
126.09,1544518798,848.24,51.494433,7.414541,158.12,11.52,0.00,257.40,0,-111,-17,0,0,32,0,0,450
126.09,1544518798,848.25,51.494433,7.414541,158.12,11.52,0.00,257.40,0,-111,-17,0,0,33,0,0,339
127.08,1544518799,859.67,51.494409,7.414370,158.73,11.44,0.00,257.88,0,-109,-15,0,0,33,0,0,306
127.08,1544518799,859.67,51.494409,7.414370,158.73,11.44,0.00,257.88,0,-111,-17,0,0,32,0,0,450
127.08,1544518799,859.69,51.494409,7.414370,158.73,11.44,0.00,257.88,0,-111,-17,0,0,33,0,0,339
128.09,1544518800,871.14,51.494385,7.414214,159.11,10.85,0.00,257.87,0,-103,-17,0,0,40,0,0,275
128.09,1544518800,871.16,51.494385,7.414214,159.11,10.85,0.00,257.87,0,-104,-18,0,0,40,0,0,38
128.09,1544518800,871.16,51.494385,7.414214,159.11,10.85,0.00,257.87,0,-106,-20,0,0,39,0,0,37
129.09,1544518801,882.02,51.494363,7.414070,159.61,10.10,0.00,258.04,0,-103,-17,0,0,40,0,0,275
129.09,1544518801,882.02,51.494363,7.414070,159.61,10.10,0.00,258.04,0,-104,-18,0,0,40,0,0,38
129.09,1544518801,882.03,51.494363,7.414070,159.61,10.10,0.00,258.04,0,-106,-20,0,0,39,0,0,37
130.09,1544518802,892.19,51.494342,7.413925,160.22,9.43,0.00,257.71,0,-104,-17,0,0,38,0,0,38
130.09,1544518802,892.19,51.494342,7.413925,160.22,9.43,0.00,257.71,0,-107,-20,0,0,38,0,0,65
131.09,1544518803,901.54,51.494325,7.413784,161.04,8.72,0.00,258.21,0,-104,-17,0,0,38,0,0,38
131.09,1544518803,901.54,51.494325,7.413784,161.04,8.72,0.00,258.21,0,-107,-20,0,0,38,0,0,65
132.09,1544518804,910.26,51.494315,7.413676,162.02,6.62,0.00,258.55,0,-104,-17,0,0,38,0,0,38
132.09,1544518804,910.26,51.494315,7.413676,162.02,6.62,0.00,258.55,0,-107,-20,0,0,38,0,0,65
133.09,1544518805,916.89,51.494306,7.413599,162.87,4.77,0.00,259.35,0,-103,-17,0,0,39,0,0,38
133.09,1544518805,916.89,51.494306,7.413599,162.87,4.77,0.00,259.35,0,-104,-19,0,0,40,0,0,37
133.09,1544518805,916.90,51.494306,7.413599,162.87,4.77,0.00,259.35,0,-106,-20,0,0,39,0,0,65
134.08,1544518806,921.63,51.494298,7.413546,162.92,1.88,0.00,246.66,0,-103,-17,0,0,39,0,0,38
134.08,1544518806,921.63,51.494298,7.413546,162.92,1.88,0.00,246.66,0,-104,-19,0,0,40,0,0,37
134.08,1544518806,921.63,51.494298,7.413546,162.92,1.88,0.00,246.66,0,-106,-20,0,0,39,0,0,65
135.09,1544518807,923.51,51.494294,7.413531,162.97,0.76,0.00,246.66,0,-104,-17,0,0,39,0,0,38
135.09,1544518807,923.52,51.494294,7.413531,162.97,0.76,0.00,246.66,0,-104,-18,0,0,39,0,0,65
135.09,1544518807,923.52,51.494294,7.413531,162.97,0.76,0.00,246.66,0,-109,-16,0,0,34,0,0,339
135.09,1544518807,923.52,51.494294,7.413531,162.97,0.76,0.00,246.66,0,-111,-17,0,0,33,0,0,450
136.09,1544518808,924.28,51.494290,7.413518,162.98,0.46,0.00,246.66,0,-104,-17,0,0,39,0,0,38
136.09,1544518808,924.28,51.494290,7.413518,162.98,0.46,0.00,246.66,0,-104,-18,0,0,39,0,0,65
136.09,1544518808,924.28,51.494290,7.413518,162.98,0.46,0.00,246.66,0,-109,-16,0,0,34,0,0,339
136.09,1544518808,924.28,51.494290,7.413518,162.98,0.46,0.00,246.66,0,-111,-17,0,0,33,0,0,450
137.09,1544518809,924.74,51.494290,7.413518,162.98,0.00,0.00,246.66,0,-103,-17,0,0,40,0,0,38
137.09,1544518809,924.74,51.494290,7.413518,162.98,0.00,0.00,246.66,0,-105,-19,0,0,40,0,0,65
138.09,1544518810,924.74,51.494290,7.413518,162.98,0.00,0.00,246.66,0,-103,-17,0,0,40,0,0,38
138.09,1544518810,924.74,51.494290,7.413518,162.98,0.00,0.00,246.66,0,-105,-19,0,0,40,0,0,65
139.09,1544518811,924.74,51.494290,7.413518,162.97,0.00,0.00,246.66,0,-103,-17,0,0,39,0,0,38
139.09,1544518811,924.74,51.494290,7.413518,162.97,0.00,0.00,246.66,0,-105,-19,0,0,39,0,0,37
139.09,1544518811,924.74,51.494290,7.413518,162.97,0.00,0.00,246.66,0,-105,-19,0,0,39,0,0,65
140.09,1544518812,924.74,51.494290,7.413518,162.97,0.00,0.00,246.66,0,-103,-17,0,0,39,0,0,38
140.09,1544518812,924.74,51.494290,7.413518,162.97,0.00,0.00,246.66,0,-105,-19,0,0,39,0,0,37
140.09,1544518812,924.74,51.494290,7.413518,162.97,0.00,0.00,246.66,0,-105,-19,0,0,39,0,0,65
141.09,1544518813,924.74,51.494290,7.413518,162.97,0.00,0.00,246.66,0,-102,-17,0,0,40,0,0,38
141.09,1544518813,924.74,51.494290,7.413518,162.97,0.00,0.00,246.66,0,-104,-18,0,0,40,0,0,37
141.09,1544518813,924.74,51.494290,7.413518,162.97,0.00,0.00,246.66,0,-104,-19,0,0,40,0,0,65
142.09,1544518814,924.74,51.494290,7.413518,162.96,0.00,0.00,246.66,0,-102,-17,0,0,40,0,0,38
142.09,1544518814,924.74,51.494290,7.413518,162.96,0.00,0.00,246.66,0,-104,-18,0,0,40,0,0,37
142.09,1544518814,924.74,51.494290,7.413518,162.96,0.00,0.00,246.66,0,-104,-19,0,0,40,0,0,65
143.09,1544518815,924.74,51.494290,7.413518,162.93,0.00,0.00,250.05,0,-99,-14,0,0,40,0,0,38
143.09,1544518815,924.74,51.494290,7.413518,162.93,0.00,0.00,250.05,0,-103,-18,0,0,40,0,0,65
143.09,1544518815,924.74,51.494290,7.413518,162.93,0.00,0.00,250.05,0,-104,-18,0,0,40,0,0,37
144.09,1544518816,924.74,51.494290,7.413518,162.92,0.00,0.00,252.20,0,-99,-14,0,0,40,0,0,38
144.09,1544518816,924.74,51.494290,7.413518,162.92,0.00,0.00,252.20,0,-103,-18,0,0,40,0,0,65
144.09,1544518816,924.74,51.494290,7.413518,162.92,0.00,0.00,252.20,0,-104,-18,0,0,40,0,0,37
145.09,1544518817,924.75,51.494274,7.413415,163.01,4.69,0.00,255.18,0,-102,-16,0,0,39,0,0,38
145.09,1544518817,924.75,51.494274,7.413415,163.01,4.69,0.00,255.18,0,-105,-19,0,0,40,0,0,65
145.09,1544518817,924.75,51.494274,7.413415,163.01,4.69,0.00,255.18,0,-105,-19,0,0,39,0,0,37
145.09,1544518817,924.76,51.494274,7.413415,163.01,4.69,0.00,255.18,0,-111,-17,0,0,32,0,0,450
145.09,1544518817,924.76,51.494274,7.413415,163.01,4.69,0.00,255.18,0,-112,-18,0,0,33,0,0,367
146.09,1544518818,929.44,51.494263,7.413337,163.11,5.74,0.00,256.36,0,-102,-16,0,0,39,0,0,38
146.09,1544518818,929.44,51.494263,7.413337,163.11,5.74,0.00,256.36,0,-105,-19,0,0,40,0,0,65
146.09,1544518818,929.44,51.494263,7.413337,163.11,5.74,0.00,256.36,0,-105,-19,0,0,39,0,0,37
146.09,1544518818,929.45,51.494263,7.413337,163.11,5.74,0.00,256.36,0,-111,-17,0,0,32,0,0,450
146.09,1544518818,929.46,51.494263,7.413337,163.11,5.74,0.00,256.36,0,-112,-18,0,0,33,0,0,367
147.09,1544518819,935.17,51.494252,7.413245,163.40,6.70,0.00,257.75,0,-98,-15,0,0,42,0,0,38
147.09,1544518819,935.18,51.494252,7.413245,163.40,6.70,0.00,257.75,0,-102,-19,0,0,42,0,0,65
147.09,1544518819,935.18,51.494252,7.413245,163.40,6.70,0.00,257.75,0,-103,-20,0,0,42,0,0,37
148.08,1544518820,941.85,51.494241,7.413150,163.49,7.15,0.00,256.87,0,-98,-15,0,0,42,0,0,38
148.08,1544518820,941.85,51.494241,7.413150,163.49,7.15,0.00,256.87,0,-102,-19,0,0,42,0,0,65
148.09,1544518820,941.86,51.494241,7.413150,163.49,7.15,0.00,256.87,0,-103,-20,0,0,42,0,0,37
149.09,1544518821,949.04,51.494226,7.413035,163.82,7.08,0.00,257.24,0,-100,-15,0,0,40,0,0,38
149.09,1544518821,949.05,51.494226,7.413035,163.82,7.08,0.00,257.24,0,-103,-18,0,0,41,0,0,65
149.09,1544518821,949.05,51.494226,7.413035,163.82,7.08,0.00,257.24,0,-104,-19,0,0,40,0,0,37
150.09,1544518822,956.11,51.494214,7.412936,163.95,7.61,0.00,258.97,0,-100,-15,0,0,40,0,0,38
150.09,1544518822,956.11,51.494214,7.412936,163.95,7.61,0.00,258.97,0,-103,-18,0,0,41,0,0,65
150.09,1544518822,956.11,51.494214,7.412936,163.95,7.61,0.00,258.97,0,-104,-19,0,0,40,0,0,37
151.09,1544518823,963.77,51.494199,7.412814,164.28,8.55,0.00,258.60,0,-97,-12,0,0,40,0,0,38
151.10,1544518823,963.78,51.494199,7.412814,164.28,8.55,0.00,258.60,0,-103,-18,0,0,40,0,0,37
151.10,1544518823,963.79,51.494199,7.412814,164.28,8.55,0.00,258.60,0,-103,-18,0,0,40,0,0,65
152.09,1544518824,972.30,51.494186,7.412693,164.47,9.39,0.00,257.90,0,-97,-12,0,0,40,0,0,38
152.09,1544518824,972.31,51.494186,7.412693,164.47,9.39,0.00,257.90,0,-103,-18,0,0,40,0,0,37
152.09,1544518824,972.31,51.494186,7.412693,164.47,9.39,0.00,257.90,0,-103,-18,0,0,40,0,0,65
153.09,1544518825,981.66,51.494168,7.412551,164.78,10.27,0.00,258.34,0,-97,-12,0,0,40,0,0,38
153.09,1544518825,981.67,51.494168,7.412551,164.78,10.27,0.00,258.34,0,-103,-18,0,0,40,0,0,37
153.09,1544518825,981.67,51.494168,7.412551,164.78,10.27,0.00,258.34,0,-103,-18,0,0,40,0,0,65
154.08,1544518826,991.89,51.494150,7.412391,165.25,10.63,0.00,259.20,0,-101,-16,0,0,41,0,0,65
154.09,1544518826,991.90,51.494150,7.412391,165.25,10.63,0.00,259.20,0,-102,-18,0,0,41,0,0,37
154.09,1544518826,991.90,51.494150,7.412391,165.25,10.63,0.00,259.20,0,-102,-17,0,0,41,0,0,34
154.09,1544518826,991.90,51.494150,7.412391,165.25,10.63,0.00,259.20,0,-107,-16,0,0,35,0,0,450
154.09,1544518826,991.91,51.494150,7.412391,165.25,10.63,0.00,259.20,0,-110,-19,0,0,35,0,0,76
154.09,1544518826,991.91,51.494150,7.412391,165.25,10.63,0.00,259.20,0,-111,-20,0,0,35,0,0,17
155.09,1544518827,1002.55,51.494131,7.412245,166.03,10.91,0.00,258.78,0,-101,-16,0,0,41,0,0,65
155.09,1544518827,1002.56,51.494131,7.412245,166.03,10.91,0.00,258.78,0,-102,-18,0,0,41,0,0,37
155.09,1544518827,1002.56,51.494131,7.412245,166.03,10.91,0.00,258.78,0,-102,-17,0,0,41,0,0,34
155.09,1544518827,1002.56,51.494131,7.412245,166.03,10.91,0.00,258.78,0,-107,-16,0,0,35,0,0,450
155.09,1544518827,1002.57,51.494131,7.412245,166.03,10.91,0.00,258.78,0,-110,-19,0,0,35,0,0,76
155.09,1544518827,1002.57,51.494131,7.412245,166.03,10.91,0.00,258.78,0,-111,-20,0,0,35,0,0,17
156.09,1544518828,1013.45,51.494112,7.412099,166.78,11.27,0.00,258.38,0,-98,-16,0,0,43,0,0,34
156.09,1544518828,1013.46,51.494112,7.412099,166.78,11.27,0.00,258.38,0,-101,-19,0,0,43,0,0,65
157.09,1544518829,1024.73,51.494090,7.411948,167.35,11.32,0.00,258.48,0,-98,-16,0,0,43,0,0,34
157.09,1544518829,1024.73,51.494090,7.411948,167.35,11.32,0.00,258.48,0,-101,-19,0,0,43,0,0,65
158.09,1544518830,1036.08,51.494070,7.411798,167.76,11.06,0.00,258.42,0,-97,-13,0,0,42,0,0,34
158.09,1544518830,1036.08,51.494070,7.411798,167.76,11.06,0.00,258.42,0,-101,-17,0,0,42,0,0,65
159.08,1544518831,1047.08,51.494048,7.411629,168.36,10.96,0.00,258.31,0,-97,-13,0,0,42,0,0,34
159.08,1544518831,1047.08,51.494048,7.411629,168.36,10.96,0.00,258.31,0,-101,-17,0,0,42,0,0,65
160.09,1544518832,1058.06,51.494024,7.411466,168.99,11.42,0.00,257.46,0,-99,-20,0,0,46,0,0,38
161.09,1544518833,1069.48,51.494001,7.411299,169.31,11.56,0.00,257.62,0,-99,-20,0,0,46,0,0,38
162.09,1544518834,1081.08,51.493979,7.411141,169.56,11.10,0.00,258.26,0,-96,-14,0,0,43,0,0,38
162.09,1544518834,1081.08,51.493979,7.411141,169.56,11.10,0.00,258.26,0,-101,-19,0,0,44,0,0,65
162.09,1544518834,1081.09,51.493979,7.411141,169.56,11.10,0.00,258.26,0,-99,-13,0,0,40,0,0,450
162.09,1544518834,1081.09,51.493979,7.411141,169.56,11.10,0.00,258.26,0,-105,-20,0,0,41,0,0,76
163.09,1544518835,1092.21,51.493961,7.410982,169.88,10.43,0.00,258.75,0,-96,-14,0,0,43,0,0,38
163.09,1544518835,1092.21,51.493961,7.410982,169.88,10.43,0.00,258.75,0,-101,-19,0,0,44,0,0,65
163.09,1544518835,1092.22,51.493961,7.410982,169.88,10.43,0.00,258.75,0,-99,-13,0,0,40,0,0,450
163.09,1544518835,1092.22,51.493961,7.410982,169.88,10.43,0.00,258.75,0,-105,-20,0,0,41,0,0,76
164.09,1544518836,1102.61,51.493943,7.410850,170.16,8.90,0.00,258.39,0,-94,-13,0,0,44,0,0,38
164.09,1544518836,1102.61,51.493943,7.410850,170.16,8.90,0.00,258.39,0,-101,-19,0,0,44,0,0,65
164.09,1544518836,1102.61,51.493943,7.410850,170.16,8.90,0.00,258.39,0,-101,-20,0,0,44,0,0,497
165.09,1544518837,1111.49,51.493927,7.410735,170.22,7.34,0.00,257.79,0,-94,-13,0,0,44,0,0,38
165.09,1544518837,1111.49,51.493927,7.410735,170.22,7.34,0.00,257.79,0,-101,-19,0,0,44,0,0,65
165.09,1544518837,1111.49,51.493927,7.410735,170.22,7.34,0.00,257.79,0,-101,-20,0,0,44,0,0,497
166.09,1544518838,1118.84,51.493911,7.410625,170.47,6.65,0.00,257.50,0,-99,-15,0,0,41,0,0,38
166.09,1544518838,1118.84,51.493911,7.410625,170.47,6.65,0.00,257.50,0,-103,-18,0,0,41,0,0,65
166.09,1544518838,1118.85,51.493911,7.410625,170.47,6.65,0.00,257.50,0,-104,-20,0,0,41,0,0,37
167.09,1544518839,1125.49,51.493897,7.410530,170.54,6.27,0.00,258.24,0,-99,-15,0,0,41,0,0,38
167.09,1544518839,1125.50,51.493897,7.410530,170.54,6.27,0.00,258.24,0,-103,-18,0,0,41,0,0,65
167.09,1544518839,1125.50,51.493897,7.410530,170.54,6.27,0.00,258.24,0,-104,-20,0,0,41,0,0,37
168.09,1544518840,1131.76,51.493884,7.410425,170.88,7.34,0.00,258.66,0,-99,-15,0,0,42,0,0,38
168.09,1544518840,1131.77,51.493884,7.410425,170.88,7.34,0.00,258.66,0,-102,-18,0,0,42,0,0,65
169.09,1544518841,1139.09,51.493866,7.410313,170.99,9.49,0.00,258.16,0,-99,-15,0,0,42,0,0,38
169.09,1544518841,1139.10,51.493866,7.410313,170.99,9.49,0.00,258.16,0,-102,-18,0,0,42,0,0,65
170.09,1544518842,1148.59,51.493848,7.410161,171.15,10.83,0.00,258.62,0,-102,-17,0,0,41,0,0,38
170.09,1544518842,1148.59,51.493848,7.410161,171.15,10.83,0.00,258.62,0,-103,-18,0,0,41,0,0,65
171.09,1544518843,1159.41,51.493827,7.410002,171.42,11.69,0.00,258.15,0,-102,-17,0,0,41,0,0,38
171.09,1544518843,1159.43,51.493827,7.410002,171.42,11.69,0.00,258.15,0,-103,-18,0,0,41,0,0,65
172.09,1544518844,1171.15,51.493805,7.409834,171.64,12.15,0.00,258.32,0,-101,-17,0,0,42,0,0,65
172.09,1544518844,1171.15,51.493805,7.409834,171.64,12.15,0.00,258.32,0,-102,-18,0,0,42,0,0,38
172.09,1544518844,1171.15,51.493805,7.409834,171.64,12.15,0.00,258.32,0,-99,-13,0,0,40,0,0,450
173.09,1544518845,1183.27,51.493782,7.409674,171.81,12.03,0.00,258.06,0,-101,-17,0,0,42,0,0,65
173.09,1544518845,1183.28,51.493782,7.409674,171.81,12.03,0.00,258.06,0,-102,-18,0,0,42,0,0,38
173.09,1544518845,1183.30,51.493782,7.409674,171.81,12.03,0.00,258.06,0,-99,-13,0,0,40,0,0,450
174.09,1544518846,1195.33,51.493760,7.409509,172.14,11.50,0.00,258.24,0,-101,-17,0,0,42,0,0,65
174.09,1544518846,1195.34,51.493760,7.409509,172.14,11.50,0.00,258.24,0,-102,-18,0,0,42,0,0,38
174.09,1544518846,1195.35,51.493760,7.409509,172.14,11.50,0.00,258.24,0,-99,-13,0,0,40,0,0,450
175.09,1544518847,1206.80,51.493743,7.409362,171.82,11.50,0.00,258.44,0,-98,-17,0,0,45,0,0,38
176.09,1544518848,1218.31,51.493723,7.409198,171.42,11.74,0.00,258.12,0,-98,-17,0,0,45,0,0,38
177.09,1544518849,1230.06,51.493702,7.409040,171.07,11.25,0.00,258.03,0,-95,-13,0,0,44,0,0,38
177.09,1544518849,1230.06,51.493702,7.409040,171.07,11.25,0.00,258.03,0,-102,-19,0,0,43,0,0,65
178.09,1544518850,1241.30,51.493680,7.408885,170.93,10.89,0.00,257.46,0,-95,-13,0,0,44,0,0,38
178.09,1544518850,1241.31,51.493680,7.408885,170.93,10.89,0.00,257.46,0,-102,-19,0,0,43,0,0,65
179.09,1544518851,1252.18,51.493658,7.408721,170.98,11.36,0.00,258.14,0,-97,-12,0,0,41,0,0,38
179.09,1544518851,1252.18,51.493658,7.408721,170.98,11.36,0.00,258.14,0,-102,-17,0,0,41,0,0,65
180.09,1544518852,1263.54,51.493637,7.408555,171.26,11.60,0.00,258.50,0,-97,-12,0,0,41,0,0,38
180.09,1544518852,1263.55,51.493637,7.408555,171.26,11.60,0.00,258.50,0,-102,-17,0,0,41,0,0,65
181.09,1544518853,1275.17,51.493613,7.408381,171.35,11.95,0.00,257.08,0,-100,-15,0,0,41,0,0,65
181.09,1544518853,1275.18,51.493613,7.408381,171.35,11.95,0.00,257.08,0,-100,-16,0,0,41,0,0,38
181.09,1544518853,1275.18,51.493613,7.408381,171.35,11.95,0.00,257.08,0,-92,-12,0,0,46,0,0,450
182.09,1544518854,1287.11,51.493583,7.408219,171.56,12.14,0.00,256.02,0,-100,-15,0,0,41,0,0,65
182.09,1544518854,1287.12,51.493583,7.408219,171.56,12.14,0.00,256.02,0,-100,-16,0,0,41,0,0,38
182.09,1544518854,1287.12,51.493583,7.408219,171.56,12.14,0.00,256.02,0,-92,-12,0,0,46,0,0,450
183.09,1544518855,1299.24,51.493553,7.408046,171.73,12.76,0.00,255.52,0,-99,-15,0,0,41,0,0,65
183.09,1544518855,1299.24,51.493553,7.408046,171.73,12.76,0.00,255.52,0,-100,-15,0,0,41,0,0,38
183.09,1544518855,1299.24,51.493553,7.408046,171.73,12.76,0.00,255.52,0,-104,-20,0,0,41,0,0,242
184.09,1544518856,1312.00,51.493522,7.407871,172.13,13.32,0.00,256.38,0,-99,-15,0,0,41,0,0,65
184.09,1544518856,1312.02,51.493522,7.407871,172.13,13.32,0.00,256.38,0,-100,-15,0,0,41,0,0,38
184.09,1544518856,1312.02,51.493522,7.407871,172.13,13.32,0.00,256.38,0,-104,-20,0,0,41,0,0,242
185.09,1544518857,1325.32,51.493491,7.407674,172.83,13.94,0.00,257.31,0,-102,-15,0,0,39,0,0,38
185.09,1544518857,1325.34,51.493491,7.407674,172.83,13.94,0.00,257.31,0,-104,-17,0,0,39,0,0,65
185.09,1544518857,1325.34,51.493491,7.407674,172.83,13.94,0.00,257.31,0,-107,-20,0,0,39,0,0,52
186.09,1544518858,1339.27,51.493465,7.407475,173.38,14.48,0.00,258.86,0,-102,-15,0,0,39,0,0,38
186.09,1544518858,1339.27,51.493465,7.407475,173.38,14.48,0.00,258.86,0,-104,-17,0,0,39,0,0,65
186.09,1544518858,1339.28,51.493465,7.407475,173.38,14.48,0.00,258.86,0,-107,-20,0,0,39,0,0,52
187.09,1544518859,1353.76,51.493440,7.407268,173.40,14.01,0.00,259.68,0,-103,-17,0,0,40,0,0,38
187.09,1544518859,1353.76,51.493440,7.407268,173.40,14.01,0.00,259.68,0,-105,-19,0,0,40,0,0,52
187.09,1544518859,1353.76,51.493440,7.407268,173.40,14.01,0.00,259.68,0,-105,-20,0,0,40,0,0,65
188.09,1544518860,1367.75,51.493416,7.407076,173.17,13.56,0.00,259.30,0,-103,-17,0,0,40,0,0,38
188.09,1544518860,1367.76,51.493416,7.407076,173.17,13.56,0.00,259.30,0,-105,-19,0,0,40,0,0,52
188.09,1544518860,1367.77,51.493416,7.407076,173.17,13.56,0.00,259.30,0,-105,-20,0,0,40,0,0,65
189.09,1544518861,1381.33,51.493400,7.406899,172.33,13.12,0.00,260.13,0,-102,-18,0,0,41,0,0,38
189.09,1544518861,1381.34,51.493400,7.406899,172.33,13.12,0.00,260.13,0,-102,-18,0,0,41,0,0,16
189.09,1544518861,1381.34,51.493400,7.406899,172.33,13.12,0.00,260.13,0,-103,-19,0,0,41,0,0,65
190.09,1544518862,1394.42,51.493384,7.406717,171.47,12.89,0.00,259.59,0,-102,-18,0,0,41,0,0,38
190.09,1544518862,1394.42,51.493384,7.406717,171.47,12.89,0.00,259.59,0,-102,-18,0,0,41,0,0,16
190.09,1544518862,1394.43,51.493384,7.406717,171.47,12.89,0.00,259.59,0,-103,-19,0,0,41,0,0,65
191.09,1544518863,1407.32,51.493368,7.406542,170.89,13.05,0.00,259.20,0,-101,-15,0,0,41,0,0,38
191.09,1544518863,1407.32,51.493368,7.406542,170.89,13.05,0.00,259.20,0,-103,-18,0,0,41,0,0,35
191.09,1544518863,1407.33,51.493368,7.406542,170.89,13.05,0.00,259.20,0,-85,-11,0,0,52,0,0,450
192.09,1544518864,1420.36,51.493349,7.406352,170.75,13.24,0.00,258.84,0,-101,-15,0,0,41,0,0,38
192.09,1544518864,1420.36,51.493349,7.406352,170.75,13.24,0.00,258.84,0,-103,-18,0,0,41,0,0,35
192.09,1544518864,1420.37,51.493349,7.406352,170.75,13.24,0.00,258.84,0,-85,-11,0,0,52,0,0,450
196.08,1544518868,1473.56,51.493254,7.405588,171.59,13.58,0.00,258.01,0,-90,-18,0,0,54,0,0,35
197.09,1544518869,1487.20,51.493226,7.405383,172.07,13.90,0.00,258.29,0,-90,-18,0,0,54,0,0,35
198.09,1544518870,1501.10,51.493199,7.405189,172.57,14.10,0.00,258.00,0,-107,-18,0,0,37,0,0,38
198.09,1544518870,1501.12,51.493199,7.405189,172.57,14.10,0.00,258.00,0,-107,-18,0,0,37,0,0,35
199.09,1544518871,1515.19,51.493171,7.404995,172.95,13.98,0.00,258.08,0,-107,-18,0,0,37,0,0,38
199.09,1544518871,1515.20,51.493171,7.404995,172.95,13.98,0.00,258.08,0,-107,-18,0,0,37,0,0,35
200.09,1544518872,1529.18,51.493143,7.404802,173.41,13.79,0.00,258.20,0,-107,-18,0,0,36,0,0,52
200.09,1544518872,1529.18,51.493143,7.404802,173.41,13.79,0.00,258.20,0,-108,-19,0,0,36,0,0,35
200.09,1544518872,1529.18,51.493143,7.404802,173.41,13.79,0.00,258.20,0,-108,-19,0,0,36,0,0,436
201.09,1544518873,1542.97,51.493116,7.404607,173.70,13.68,0.00,257.97,0,-107,-18,0,0,36,0,0,52
201.09,1544518873,1542.99,51.493116,7.404607,173.70,13.68,0.00,257.97,0,-108,-19,0,0,36,0,0,35
201.09,1544518873,1542.99,51.493116,7.404607,173.70,13.68,0.00,257.97,0,-108,-19,0,0,36,0,0,436
202.09,1544518874,1556.64,51.493090,7.404419,173.76,13.50,0.00,258.05,0,-106,-17,0,0,37,0,0,38
202.09,1544518874,1556.64,51.493090,7.404419,173.76,13.50,0.00,258.05,0,-106,-17,0,0,37,0,0,35
202.09,1544518874,1556.65,51.493090,7.404419,173.76,13.50,0.00,258.05,0,-90,-12,0,0,48,0,0,450
203.09,1544518875,1570.17,51.493066,7.404240,173.80,13.45,0.00,258.47,0,-106,-17,0,0,37,0,0,38
203.09,1544518875,1570.17,51.493066,7.404240,173.80,13.45,0.00,258.47,0,-106,-17,0,0,37,0,0,35
203.09,1544518875,1570.18,51.493066,7.404240,173.80,13.45,0.00,258.47,0,-90,-12,0,0,48,0,0,450
204.09,1544518876,1583.62,51.493040,7.404047,174.02,13.35,0.00,259.33,0,-105,-16,0,0,37,0,0,35
204.09,1544518876,1583.63,51.493040,7.404047,174.02,13.35,0.00,259.33,0,-106,-18,0,0,37,0,0,436
204.09,1544518876,1583.63,51.493040,7.404047,174.02,13.35,0.00,259.33,0,-108,-20,0,0,38,0,0,398
204.09,1544518876,1583.64,51.493040,7.404047,174.02,13.35,0.00,259.33,0,0,0,0,0,63,0,0,130
205.09,1544518877,1596.96,51.493014,7.403857,173.90,13.14,0.00,259.68,0,-105,-16,0,0,37,0,0,35
205.09,1544518877,1596.97,51.493014,7.403857,173.90,13.14,0.00,259.68,0,-106,-18,0,0,37,0,0,436
205.09,1544518877,1596.97,51.493014,7.403857,173.90,13.14,0.00,259.68,0,-108,-20,0,0,38,0,0,398
205.09,1544518877,1596.97,51.493014,7.403857,173.90,13.14,0.00,259.68,0,0,0,0,0,63,0,0,130
206.09,1544518878,1610.07,51.492994,7.403667,173.73,13.01,0.00,261.04,0,-99,-14,0,0,40,0,0,35
206.09,1544518878,1610.08,51.492994,7.403667,173.73,13.01,0.00,261.04,0,-101,-16,0,0,40,0,0,398
206.09,1544518878,1610.08,51.492994,7.403667,173.73,13.01,0.00,261.04,0,-105,-19,0,0,40,0,0,38
206.09,1544518878,1610.09,51.492994,7.403667,173.73,13.01,0.00,261.04,0,0,0,0,0,63,0,0,130
207.09,1544518879,1623.12,51.492981,7.403479,173.52,12.83,0.00,263.23,0,-99,-14,0,0,40,0,0,35
207.09,1544518879,1623.12,51.492981,7.403479,173.52,12.83,0.00,263.23,0,-101,-16,0,0,40,0,0,398
207.09,1544518879,1623.13,51.492981,7.403479,173.52,12.83,0.00,263.23,0,-105,-19,0,0,40,0,0,38
207.09,1544518879,1623.13,51.492981,7.403479,173.52,12.83,0.00,263.23,0,0,0,0,0,63,0,0,130
208.09,1544518880,1635.92,51.492976,7.403308,172.81,12.39,0.00,265.25,0,-102,-13,0,0,36,0,0,398
208.09,1544518880,1635.92,51.492976,7.403308,172.81,12.39,0.00,265.25,0,-103,-14,0,0,36,0,0,35
208.09,1544518880,1635.93,51.492976,7.403308,172.81,12.39,0.00,265.25,0,-108,-19,0,0,36,0,0,38
208.09,1544518880,1635.93,51.492976,7.403308,172.81,12.39,0.00,265.25,0,0,0,0,0,63,0,0,130
209.08,1544518881,1648.27,51.492976,7.403142,171.66,12.11,0.00,266.87,0,-102,-13,0,0,36,0,0,398
209.08,1544518881,1648.27,51.492976,7.403142,171.66,12.11,0.00,266.87,0,-103,-14,0,0,36,0,0,35
209.08,1544518881,1648.27,51.492976,7.403142,171.66,12.11,0.00,266.87,0,-108,-19,0,0,36,0,0,38
209.08,1544518881,1648.28,51.492976,7.403142,171.66,12.11,0.00,266.87,0,0,0,0,0,63,0,0,130
210.09,1544518882,1660.43,51.492977,7.402966,170.62,11.80,0.00,268.45,0,-100,-12,0,0,38,0,0,398
210.09,1544518882,1660.43,51.492977,7.402966,170.62,11.80,0.00,268.45,0,-102,-14,0,0,37,0,0,35
210.09,1544518882,1660.44,51.492977,7.402966,170.62,11.80,0.00,268.45,0,-105,-18,0,0,38,0,0,38
210.09,1544518882,1660.44,51.492977,7.402966,170.62,11.80,0.00,268.45,0,0,0,0,0,63,0,0,130
211.09,1544518883,1672.22,51.492981,7.402800,169.77,11.14,0.00,269.71,0,-100,-12,0,0,38,0,0,398
211.09,1544518883,1672.23,51.492981,7.402800,169.77,11.14,0.00,269.71,0,-102,-14,0,0,37,0,0,35
211.09,1544518883,1672.24,51.492981,7.402800,169.77,11.14,0.00,269.71,0,-105,-18,0,0,38,0,0,38
211.09,1544518883,1672.24,51.492981,7.402800,169.77,11.14,0.00,269.71,0,0,0,0,0,63,0,0,130
212.09,1544518884,1683.39,51.492985,7.402648,169.02,9.61,0.00,270.32,0,-99,-14,0,0,40,0,0,35
212.09,1544518884,1683.39,51.492985,7.402648,169.02,9.61,0.00,270.32,0,-101,-15,0,0,40,0,0,398
212.09,1544518884,1683.39,51.492985,7.402648,169.02,9.61,0.00,270.32,0,-103,-18,0,0,40,0,0,38
212.09,1544518884,1683.40,51.492985,7.402648,169.02,9.61,0.00,270.32,0,0,0,0,0,63,0,0,130
213.09,1544518885,1692.96,51.492990,7.402537,168.03,8.04,0.00,269.63,0,-99,-14,0,0,40,0,0,35
213.09,1544518885,1692.98,51.492990,7.402537,168.03,8.04,0.00,269.63,0,-101,-15,0,0,40,0,0,398
213.09,1544518885,1692.98,51.492990,7.402537,168.03,8.04,0.00,269.63,0,-103,-18,0,0,40,0,0,38
213.09,1544518885,1692.99,51.492990,7.402537,168.03,8.04,0.00,269.63,0,0,0,0,0,63,0,0,130
217.09,1544518889,1715.67,51.492986,7.402246,167.32,1.66,0.00,269.08,0,-97,-15,0,0,43,0,0,34
217.09,1544518889,1715.67,51.492986,7.402246,167.32,1.66,0.00,269.08,0,-89,-11,0,0,49,0,0,450
218.09,1544518890,1717.33,51.492989,7.402236,167.28,0.78,0.00,269.08,0,-97,-15,0,0,43,0,0,34
218.09,1544518890,1717.33,51.492989,7.402236,167.28,0.78,0.00,269.08,0,-89,-11,0,0,49,0,0,450
219.09,1544518891,1718.11,51.492996,7.402198,167.14,2.08,0.00,267.84,0,-98,-16,0,0,44,0,0,34
220.09,1544518892,1720.19,51.493001,7.402172,167.06,2.28,0.00,268.79,0,-98,-16,0,0,44,0,0,34
221.08,1544518893,1722.46,51.493001,7.402172,167.06,2.28,0.00,268.79,0,-98,-19,0,0,47,0,0,34
222.08,1544518894,1724.75,51.493005,7.402063,166.37,5.46,0.00,269.81,0,-98,-19,0,0,47,0,0,34
223.09,1544518895,1730.22,51.493005,7.401989,166.05,5.32,0.00,270.73,0,-97,-19,0,0,48,0,0,34
224.08,1544518896,1735.51,51.493007,7.401909,165.85,5.10,0.00,270.30,0,-97,-19,0,0,48,0,0,34
225.09,1544518897,1740.64,51.493007,7.401909,165.85,5.10,0.00,270.30,0,-91,-12,0,0,47,0,0,450
226.09,1544518898,1745.78,51.492997,7.401826,165.67,4.97,0.00,255.77,0,-91,-12,0,0,47,0,0,450
227.09,1544518899,1750.72,51.492960,7.401778,165.54,5.81,0.00,212.65,0,-97,-17,0,0,46,0,0,34
228.09,1544518900,1756.53,51.492909,7.401763,165.17,6.75,0.00,190.77,0,-97,-17,0,0,46,0,0,34
229.08,1544518901,1763.25,51.492841,7.401749,164.73,8.14,0.00,187.74,0,-100,-16,0,0,42,0,0,34
229.08,1544518901,1763.26,51.492841,7.401749,164.73,8.14,0.00,187.74,0,-102,-19,0,0,42,0,0,38
229.08,1544518901,1763.26,51.492841,7.401749,164.73,8.14,0.00,187.74,0,-103,-19,0,0,42,0,0,316
230.09,1544518902,1771.45,51.492754,7.401738,164.46,9.22,0.00,185.68,0,-100,-16,0,0,42,0,0,34
230.09,1544518902,1771.46,51.492754,7.401738,164.46,9.22,0.00,185.68,0,-102,-19,0,0,42,0,0,38
230.09,1544518902,1771.46,51.492754,7.401738,164.46,9.22,0.00,185.68,0,-103,-19,0,0,42,0,0,316
231.09,1544518903,1780.67,51.492655,7.401737,164.62,10.66,0.00,183.96,0,-103,-18,0,0,40,0,0,38
231.09,1544518903,1780.67,51.492655,7.401737,164.62,10.66,0.00,183.96,0,-104,-18,0,0,39,0,0,34
232.09,1544518904,1791.32,51.492557,7.401737,165.13,10.71,0.00,182.66,0,-103,-18,0,0,40,0,0,38
232.09,1544518904,1791.32,51.492557,7.401737,165.13,10.71,0.00,182.66,0,-104,-18,0,0,39,0,0,34
233.09,1544518905,1802.03,51.492464,7.401738,165.81,10.50,0.00,181.88,0,-104,-18,0,0,40,0,0,34
233.09,1544518905,1802.03,51.492464,7.401738,165.81,10.50,0.00,181.88,0,-105,-20,0,0,41,0,0,38
234.09,1544518906,1812.52,51.492366,7.401742,166.47,10.54,0.00,181.50,0,-104,-18,0,0,40,0,0,34
234.09,1544518906,1812.52,51.492366,7.401742,166.47,10.54,0.00,181.50,0,-105,-20,0,0,41,0,0,38
235.18,1544518907,1824.09,51.492267,7.401745,167.27,10.66,0.00,181.25,0,-98,-10,0,0,38,0,0,38
235.18,1544518907,1824.10,51.492267,7.401745,167.27,10.66,0.00,181.25,0,-87,-10,0,0,50,0,0,450
236.09,1544518908,1833.72,51.492168,7.401749,168.36,10.14,0.00,180.69,0,-98,-10,0,0,38,0,0,38
236.09,1544518908,1833.73,51.492168,7.401749,168.36,10.14,0.00,180.69,0,-87,-10,0,0,50,0,0,450
237.09,1544518909,1843.84,51.492087,7.401749,169.09,9.73,0.00,180.99,0,-98,-10,0,0,38,0,0,38
237.09,1544518909,1843.85,51.492087,7.401749,169.09,9.73,0.00,180.99,0,-87,-10,0,0,50,0,0,450
238.09,1544518910,1853.59,51.492003,7.401747,169.89,9.70,0.00,181.11,0,-103,-15,0,0,37,0,0,38
238.09,1544518910,1853.59,51.492003,7.401747,169.89,9.70,0.00,181.11,0,-105,-16,0,0,37,0,0,34
238.09,1544518910,1853.60,51.492003,7.401747,169.89,9.70,0.00,181.11,0,-107,-18,0,0,36,0,0,16
239.09,1544518911,1863.29,51.491924,7.401746,169.98,10.04,0.00,180.57,0,-103,-15,0,0,37,0,0,38
239.09,1544518911,1863.30,51.491924,7.401746,169.98,10.04,0.00,180.57,0,-105,-16,0,0,37,0,0,34
239.09,1544518911,1863.30,51.491924,7.401746,169.98,10.04,0.00,180.57,0,-107,-18,0,0,36,0,0,16
240.09,1544518912,1873.34,51.491824,7.401743,170.54,10.32,0.00,180.52,0,-105,-16,0,0,36,0,0,38
240.09,1544518912,1873.35,51.491824,7.401743,170.54,10.32,0.00,180.52,0,-109,-19,0,0,36,0,0,34
240.09,1544518912,1873.35,51.491824,7.401743,170.54,10.32,0.00,180.52,0,-109,-20,0,0,36,0,0,316
241.09,1544518913,1883.64,51.491734,7.401744,171.04,9.83,0.00,180.19,0,-105,-16,0,0,36,0,0,38
241.09,1544518913,1883.65,51.491734,7.401744,171.04,9.83,0.00,180.19,0,-109,-19,0,0,36,0,0,34
241.09,1544518913,1883.66,51.491734,7.401744,171.04,9.83,0.00,180.19,0,-109,-20,0,0,36,0,0,316
242.09,1544518914,1893.48,51.491648,7.401743,171.27,9.30,0.00,180.66,0,-107,-15,0,0,34,0,0,38
242.09,1544518914,1893.49,51.491648,7.401743,171.27,9.30,0.00,180.66,0,-110,-18,0,0,33,0,0,34
242.09,1544518914,1893.49,51.491648,7.401743,171.27,9.30,0.00,180.66,0,-110,-18,0,0,34,0,0,316
243.09,1544518915,1902.80,51.491561,7.401743,171.39,8.92,0.00,181.01,0,-107,-15,0,0,34,0,0,38
243.09,1544518915,1902.81,51.491561,7.401743,171.39,8.92,0.00,181.01,0,-110,-18,0,0,33,0,0,34
243.09,1544518915,1902.81,51.491561,7.401743,171.39,8.92,0.00,181.01,0,-110,-18,0,0,34,0,0,316
244.09,1544518916,1911.74,51.491477,7.401739,171.76,8.13,0.00,181.08,0,-104,-14,0,0,35,0,0,38
244.09,1544518916,1911.74,51.491477,7.401739,171.76,8.13,0.00,181.08,0,-107,-17,0,0,35,0,0,34
244.09,1544518916,1911.75,51.491477,7.401739,171.76,8.13,0.00,181.08,0,-109,-19,0,0,35,0,0,316
245.09,1544518917,1919.84,51.491407,7.401736,171.90,7.70,0.00,180.82,0,-104,-14,0,0,35,0,0,38
245.09,1544518917,1919.84,51.491407,7.401736,171.90,7.70,0.00,180.82,0,-107,-17,0,0,35,0,0,34
245.09,1544518917,1919.84,51.491407,7.401736,171.90,7.70,0.00,180.82,0,-109,-19,0,0,35,0,0,316
246.09,1544518918,1927.54,51.491337,7.401733,171.99,7.60,0.00,180.70,0,-102,-14,0,0,38,0,0,38
246.09,1544518918,1927.55,51.491337,7.401733,171.99,7.60,0.00,180.70,0,-104,-16,0,0,38,0,0,34
246.09,1544518918,1927.55,51.491337,7.401733,171.99,7.60,0.00,180.70,0,-107,-19,0,0,38,0,0,316
246.09,1544518918,1927.56,51.491337,7.401733,171.99,7.60,0.00,180.70,0,-88,-9,0,0,48,0,0,450
247.09,1544518919,1935.15,51.491268,7.401732,171.89,8.18,0.00,179.74,0,-102,-14,0,0,38,0,0,38
247.09,1544518919,1935.15,51.491268,7.401732,171.89,8.18,0.00,179.74,0,-104,-16,0,0,38,0,0,34
247.09,1544518919,1935.16,51.491268,7.401732,171.89,8.18,0.00,179.74,0,-107,-19,0,0,38,0,0,316
247.09,1544518919,1935.16,51.491268,7.401732,171.89,8.18,0.00,179.74,0,-88,-9,0,0,48,0,0,450
248.09,1544518920,1943.32,51.491189,7.401731,171.64,9.37,0.00,180.13,0,-103,-15,0,0,38,0,0,38
248.09,1544518920,1943.32,51.491189,7.401731,171.64,9.37,0.00,180.13,0,-105,-17,0,0,37,0,0,34
248.09,1544518920,1943.33,51.491189,7.401731,171.64,9.37,0.00,180.13,0,-106,-19,0,0,38,0,0,52
249.09,1544518921,1952.69,51.491105,7.401732,171.41,9.43,0.00,180.48,0,-103,-15,0,0,38,0,0,38
249.09,1544518921,1952.69,51.491105,7.401732,171.41,9.43,0.00,180.48,0,-105,-17,0,0,37,0,0,34
249.09,1544518921,1952.69,51.491105,7.401732,171.41,9.43,0.00,180.48,0,-106,-19,0,0,38,0,0,52
250.09,1544518922,1962.12,51.491019,7.401731,171.30,8.88,0.00,180.56,0,-103,-16,0,0,38,0,0,38
250.09,1544518922,1962.13,51.491019,7.401731,171.30,8.88,0.00,180.56,0,-105,-18,0,0,38,0,0,34
250.09,1544518922,1962.13,51.491019,7.401731,171.30,8.88,0.00,180.56,0,-106,-18,0,0,38,0,0,52
251.09,1544518923,1971.00,51.490863,7.401730,171.24,8.48,0.00,180.34,0,-103,-16,0,0,38,0,0,38
251.09,1544518923,1971.01,51.490863,7.401730,171.24,8.48,0.00,180.34,0,-105,-18,0,0,38,0,0,34
251.09,1544518923,1971.01,51.490863,7.401730,171.24,8.48,0.00,180.34,0,-106,-18,0,0,38,0,0,52
252.09,1544518924,1979.49,51.490863,7.401730,171.24,8.48,0.00,180.34,0,-107,-14,0,0,33,0,0,38
252.09,1544518924,1979.49,51.490863,7.401730,171.24,8.48,0.00,180.34,0,-110,-17,0,0,33,0,0,34
252.09,1544518924,1979.50,51.490863,7.401730,171.24,8.48,0.00,180.34,0,-112,-20,0,0,34,0,0,52
253.08,1544518925,1987.92,51.490783,7.401733,171.49,9.28,0.00,180.04,0,-107,-14,0,0,33,0,0,38
253.08,1544518925,1987.92,51.490783,7.401733,171.49,9.28,0.00,180.04,0,-110,-17,0,0,33,0,0,34
253.08,1544518925,1987.92,51.490783,7.401733,171.49,9.28,0.00,180.04,0,-112,-20,0,0,34,0,0,52
254.09,1544518926,1997.25,51.490701,7.401733,172.03,9.87,0.00,179.78,0,-108,-15,0,0,33,0,0,38
254.09,1544518926,1997.26,51.490701,7.401733,172.03,9.87,0.00,179.78,0,-110,-17,0,0,33,0,0,34
254.09,1544518926,1997.26,51.490701,7.401733,172.03,9.87,0.00,179.78,0,-110,-18,0,0,34,0,0,52
255.09,1544518927,2007.13,51.490609,7.401730,172.90,9.66,0.00,180.21,0,-108,-15,0,0,33,0,0,38
255.09,1544518927,2007.13,51.490609,7.401730,172.90,9.66,0.00,180.21,0,-110,-17,0,0,33,0,0,34
255.09,1544518927,2007.14,51.490609,7.401730,172.90,9.66,0.00,180.21,0,-110,-18,0,0,34,0,0,52
256.09,1544518928,2016.77,51.490525,7.401727,173.66,9.21,0.00,180.24,0,-110,-17,0,0,32,0,0,436
256.09,1544518928,2016.78,51.490525,7.401727,173.66,9.21,0.00,180.24,0,-110,-16,0,0,32,0,0,52
256.09,1544518928,2016.78,51.490525,7.401727,173.66,9.21,0.00,180.24,0,-110,-16,0,0,31,0,0,38
256.09,1544518928,2016.78,51.490525,7.401727,173.66,9.21,0.00,180.24,0,-88,-9,0,0,48,0,0,450
257.09,1544518929,2025.97,51.490439,7.401726,174.34,9.53,0.00,179.82,0,-110,-17,0,0,32,0,0,436
257.09,1544518929,2025.98,51.490439,7.401726,174.34,9.53,0.00,179.82,0,-110,-16,0,0,32,0,0,52
257.09,1544518929,2025.99,51.490439,7.401726,174.34,9.53,0.00,179.82,0,-110,-16,0,0,31,0,0,38
257.09,1544518929,2025.99,51.490439,7.401726,174.34,9.53,0.00,179.82,0,-88,-9,0,0,48,0,0,450
258.09,1544518930,2035.52,51.490353,7.401726,175.04,9.76,0.00,180.72,0,-110,-17,0,0,32,0,0,436
258.09,1544518930,2035.52,51.490353,7.401726,175.04,9.76,0.00,180.72,0,-110,-16,0,0,32,0,0,52
258.09,1544518930,2035.52,51.490353,7.401726,175.04,9.76,0.00,180.72,0,-110,-16,0,0,31,0,0,38
258.09,1544518930,2035.53,51.490353,7.401726,175.04,9.76,0.00,180.72,0,-88,-9,0,0,48,0,0,450
259.09,1544518931,2045.26,51.490261,7.401725,175.58,9.95,0.00,180.27,0,-109,-16,0,0,32,0,0,38
259.09,1544518931,2045.27,51.490261,7.401725,175.58,9.95,0.00,180.27,0,-111,-18,0,0,32,0,0,316
260.09,1544518932,2055.22,51.490048,7.401733,177.19,11.74,0.00,178.83,0,-109,-16,0,0,32,0,0,38
260.09,1544518932,2055.23,51.490048,7.401733,177.19,11.74,0.00,178.83,0,-111,-18,0,0,32,0,0,316
261.09,1544518933,2066.96,51.490048,7.401733,177.19,11.74,0.00,178.83,0,-108,-15,0,0,32,0,0,38
261.09,1544518933,2066.98,51.490048,7.401733,177.19,11.74,0.00,178.83,0,-108,-15,0,0,32,0,0,52
261.09,1544518933,2066.99,51.490048,7.401733,177.19,11.74,0.00,178.83,0,-110,-16,0,0,32,0,0,316
261.09,1544518933,2066.99,51.490048,7.401733,177.19,11.74,0.00,178.83,0,0,0,0,0,63,0,0,130
262.09,1544518934,2078.72,51.489954,7.401738,177.58,11.10,0.00,178.95,0,-108,-15,0,0,32,0,0,38
262.09,1544518934,2078.72,51.489954,7.401738,177.58,11.10,0.00,178.95,0,-108,-15,0,0,32,0,0,52
262.09,1544518934,2078.72,51.489954,7.401738,177.58,11.10,0.00,178.95,0,-110,-16,0,0,32,0,0,316
262.09,1544518934,2078.73,51.489954,7.401738,177.58,11.10,0.00,178.95,0,0,0,0,0,63,0,0,130
263.09,1544518935,2089.80,51.489853,7.401740,178.16,10.36,0.00,179.49,0,-107,-15,0,0,33,0,0,38
263.09,1544518935,2089.80,51.489853,7.401740,178.16,10.36,0.00,179.49,0,-109,-16,0,0,32,0,0,316
263.09,1544518935,2089.81,51.489853,7.401740,178.16,10.36,0.00,179.49,0,-109,-16,0,0,32,0,0,34
263.09,1544518935,2089.83,51.489853,7.401740,178.16,10.36,0.00,179.49,0,0,0,0,0,63,0,0,130
264.09,1544518936,2100.16,51.489766,7.401742,178.52,9.33,0.00,179.91,0,-107,-15,0,0,33,0,0,38
264.09,1544518936,2100.17,51.489766,7.401742,178.52,9.33,0.00,179.91,0,-109,-16,0,0,32,0,0,316
264.09,1544518936,2100.18,51.489766,7.401742,178.52,9.33,0.00,179.91,0,-109,-16,0,0,32,0,0,34
264.09,1544518936,2100.19,51.489766,7.401742,178.52,9.33,0.00,179.91,0,0,0,0,0,63,0,0,130
265.09,1544518937,2109.50,51.489691,7.401740,178.93,7.23,0.00,180.30,0,-102,-13,0,0,37,0,0,316
265.09,1544518937,2109.50,51.489691,7.401740,178.93,7.23,0.00,180.30,0,-105,-16,0,0,37,0,0,436
265.09,1544518937,2109.50,51.489691,7.401740,178.93,7.23,0.00,180.30,0,-108,-18,0,0,37,0,0,488
265.09,1544518937,2109.50,51.489691,7.401740,178.93,7.23,0.00,180.30,0,-85,-13,0,0,53,0,0,451
265.09,1544518937,2109.50,51.489691,7.401740,178.93,7.23,0.00,180.30,0,-89,-15,0,0,53,0,0,450
266.09,1544518938,2116.74,51.489642,7.401740,178.98,4.81,0.00,180.67,0,-102,-13,0,0,37,0,0,316
266.09,1544518938,2116.75,51.489642,7.401740,178.98,4.81,0.00,180.67,0,-105,-16,0,0,37,0,0,436
266.09,1544518938,2116.75,51.489642,7.401740,178.98,4.81,0.00,180.67,0,-108,-18,0,0,37,0,0,488
266.09,1544518938,2116.75,51.489642,7.401740,178.98,4.81,0.00,180.67,0,-85,-13,0,0,53,0,0,451
266.09,1544518938,2116.76,51.489642,7.401740,178.98,4.81,0.00,180.67,0,-89,-15,0,0,53,0,0,450
267.09,1544518939,2121.53,51.489613,7.401741,178.95,2.61,0.00,179.44,0,-108,-18,0,0,36,0,0,316
267.09,1544518939,2121.53,51.489613,7.401741,178.95,2.61,0.00,179.44,0,-108,-18,0,0,36,0,0,52
267.09,1544518939,2121.53,51.489613,7.401741,178.95,2.61,0.00,179.44,0,-109,-20,0,0,37,0,0,35
267.09,1544518939,2121.53,51.489613,7.401741,178.95,2.61,0.00,179.44,0,-89,-13,0,0,51,0,0,450
267.09,1544518939,2121.53,51.489613,7.401741,178.95,2.61,0.00,179.44,0,-89,-13,0,0,51,0,0,451
268.09,1544518940,2124.14,51.489613,7.401741,178.95,0.00,0.00,179.44,0,-108,-18,0,0,36,0,0,316
268.09,1544518940,2124.14,51.489613,7.401741,178.95,0.00,0.00,179.44,0,-108,-18,0,0,36,0,0,52
268.09,1544518940,2124.14,51.489613,7.401741,178.95,0.00,0.00,179.44,0,-109,-20,0,0,37,0,0,35
268.09,1544518940,2124.14,51.489613,7.401741,178.95,0.00,0.00,179.44,0,-89,-13,0,0,51,0,0,450
268.09,1544518940,2124.14,51.489613,7.401741,178.95,0.00,0.00,179.44,0,-89,-13,0,0,51,0,0,451
269.09,1544518941,2124.14,51.489613,7.401741,178.95,0.00,0.00,179.44,0,-106,-18,0,0,38,0,0,316
269.09,1544518941,2124.14,51.489613,7.401741,178.95,0.00,0.00,179.44,0,-108,-20,0,0,37,0,0,35
269.09,1544518941,2124.14,51.489613,7.401741,178.95,0.00,0.00,179.44,0,-108,-18,0,0,37,0,0,52
270.09,1544518942,2124.14,51.489613,7.401741,178.94,0.00,0.00,179.44,0,-106,-18,0,0,38,0,0,316
270.09,1544518942,2124.14,51.489613,7.401741,178.94,0.00,0.00,179.44,0,-108,-20,0,0,37,0,0,35
270.09,1544518942,2124.14,51.489613,7.401741,178.94,0.00,0.00,179.44,0,-108,-18,0,0,37,0,0,52
271.09,1544518943,2124.14,51.489613,7.401741,178.93,0.00,0.00,179.44,0,-105,-17,0,0,38,0,0,316
271.09,1544518943,2124.14,51.489613,7.401741,178.93,0.00,0.00,179.44,0,-108,-19,0,0,38,0,0,52
271.09,1544518943,2124.14,51.489613,7.401741,178.93,0.00,0.00,179.44,0,-109,-20,0,0,37,0,0,35
272.09,1544518944,2124.14,51.489613,7.401741,178.93,0.00,0.00,179.44,0,-105,-17,0,0,38,0,0,316
272.09,1544518944,2124.14,51.489613,7.401741,178.93,0.00,0.00,179.44,0,-108,-19,0,0,38,0,0,52
272.09,1544518944,2124.14,51.489613,7.401741,178.93,0.00,0.00,179.44,0,-109,-20,0,0,37,0,0,35
273.09,1544518945,2124.14,51.489613,7.401741,178.92,0.00,0.00,179.44,0,-105,-17,0,0,38,0,0,316
273.09,1544518945,2124.14,51.489613,7.401741,178.92,0.00,0.00,179.44,0,-107,-18,0,0,37,0,0,52
273.09,1544518945,2124.14,51.489613,7.401741,178.92,0.00,0.00,179.44,0,-108,-18,0,0,37,0,0,35
274.09,1544518946,2124.14,51.489613,7.401741,178.91,0.00,0.00,179.44,0,-105,-17,0,0,38,0,0,316
274.09,1544518946,2124.14,51.489613,7.401741,178.91,0.00,0.00,179.44,0,-107,-18,0,0,37,0,0,52
274.09,1544518946,2124.14,51.489613,7.401741,178.91,0.00,0.00,179.44,0,-108,-18,0,0,37,0,0,35
275.09,1544518947,2124.14,51.489613,7.401741,178.90,0.00,0.00,179.44,0,-106,-18,0,0,38,0,0,316
275.09,1544518947,2124.14,51.489613,7.401741,178.90,0.00,0.00,179.44,0,-108,-18,0,0,38,0,0,52
275.09,1544518947,2124.14,51.489613,7.401741,178.90,0.00,0.00,179.44,0,-108,-20,0,0,38,0,0,35
275.09,1544518947,2124.14,51.489613,7.401741,178.90,0.00,0.00,179.44,0,-87,-14,0,0,53,0,0,450
275.09,1544518947,2124.14,51.489613,7.401741,178.90,0.00,0.00,179.44,0,-90,-15,0,0,53,0,0,451
276.09,1544518948,2124.14,51.489613,7.401741,178.89,0.00,0.00,179.44,0,-106,-18,0,0,38,0,0,316
276.09,1544518948,2124.14,51.489613,7.401741,178.89,0.00,0.00,179.44,0,-108,-18,0,0,38,0,0,52
276.09,1544518948,2124.14,51.489613,7.401741,178.89,0.00,0.00,179.44,0,-108,-20,0,0,38,0,0,35
276.09,1544518948,2124.14,51.489613,7.401741,178.89,0.00,0.00,179.44,0,-87,-14,0,0,53,0,0,450
276.09,1544518948,2124.14,51.489613,7.401741,178.89,0.00,0.00,179.44,0,-90,-15,0,0,53,0,0,451
277.10,1544518949,2124.14,51.489613,7.401741,178.87,0.00,0.00,179.44,0,-105,-17,0,0,38,0,0,316
277.10,1544518949,2124.14,51.489613,7.401741,178.87,0.00,0.00,179.44,0,-108,-17,0,0,37,0,0,52
277.10,1544518949,2124.14,51.489613,7.401741,178.87,0.00,0.00,179.44,0,-87,-13,0,0,53,0,0,450
277.10,1544518949,2124.14,51.489613,7.401741,178.87,0.00,0.00,179.44,0,-89,-13,0,0,53,0,0,451
278.09,1544518950,2124.14,51.489613,7.401741,178.86,0.00,0.00,179.44,0,-105,-17,0,0,38,0,0,316
278.09,1544518950,2124.14,51.489613,7.401741,178.86,0.00,0.00,179.44,0,-108,-17,0,0,37,0,0,52
278.09,1544518950,2124.14,51.489613,7.401741,178.86,0.00,0.00,179.44,0,-87,-13,0,0,53,0,0,450
278.09,1544518950,2124.14,51.489613,7.401741,178.86,0.00,0.00,179.44,0,-89,-13,0,0,53,0,0,451
279.08,1544518951,2124.14,51.489613,7.401741,178.85,0.00,0.00,179.44,0,-105,-17,0,0,38,0,0,316
279.08,1544518951,2124.14,51.489613,7.401741,178.85,0.00,0.00,179.44,0,-108,-17,0,0,37,0,0,52
279.09,1544518951,2124.14,51.489613,7.401741,178.85,0.00,0.00,179.44,0,-87,-13,0,0,53,0,0,450
279.09,1544518951,2124.14,51.489613,7.401741,178.85,0.00,0.00,179.44,0,-89,-13,0,0,53,0,0,451
280.09,1544518952,2124.14,51.489613,7.401741,178.84,0.00,0.00,179.44,0,-105,-17,0,0,38,0,0,316
280.09,1544518952,2124.14,51.489613,7.401741,178.84,0.00,0.00,179.44,0,-108,-20,0,0,38,0,0,52
281.08,1544518953,2124.14,51.489613,7.401741,178.83,0.00,0.00,179.44,0,-105,-17,0,0,38,0,0,316
281.08,1544518953,2124.14,51.489613,7.401741,178.83,0.00,0.00,179.44,0,-108,-20,0,0,38,0,0,52
282.09,1544518954,2124.14,51.489613,7.401741,178.68,0.00,0.00,179.44,0,-107,-17,0,0,36,0,0,436
282.09,1544518954,2124.14,51.489613,7.401741,178.68,0.00,0.00,179.44,0,-108,-18,0,0,37,0,0,316
282.09,1544518954,2124.14,51.489613,7.401741,178.68,0.00,0.00,179.44,0,-108,-18,0,0,37,0,0,52
283.09,1544518955,2124.14,51.489613,7.401741,177.27,0.00,0.00,180.99,0,-107,-17,0,0,36,0,0,436
283.09,1544518955,2124.14,51.489613,7.401741,177.27,0.00,0.00,180.99,0,-108,-18,0,0,37,0,0,316
283.09,1544518955,2124.14,51.489613,7.401741,177.27,0.00,0.00,180.99,0,-108,-18,0,0,37,0,0,52
284.09,1544518956,2124.14,51.489527,7.401742,176.55,0.00,0.00,179.44,0,-102,-14,0,0,37,0,0,316
284.09,1544518956,2124.14,51.489527,7.401742,176.55,0.00,0.00,179.44,0,-105,-17,0,0,37,0,0,436
284.09,1544518956,2124.14,51.489527,7.401742,176.55,0.00,0.00,179.44,0,-106,-18,0,0,37,0,0,16
285.09,1544518957,2124.16,51.489460,7.401799,176.25,6.90,0.00,145.38,0,-102,-14,0,0,37,0,0,316
285.09,1544518957,2124.16,51.489460,7.401799,176.25,6.90,0.00,145.38,0,-105,-17,0,0,37,0,0,436
285.09,1544518957,2124.16,51.489460,7.401799,176.25,6.90,0.00,145.38,0,-106,-18,0,0,37,0,0,16
