time_s,timestamp_ms,distance_m,latitude,longitude,altitude,velocity_mps,acceleration_mpss,direction,isRegistered,rsrp_dbm,rsrq_db,rssnr_db,cqi,ss,ta,ci,pci
0.07,1544432926,0.02,51.490333,7.412292,161.88,6.76,0.00,76.84,0,-99,-12,0,0,39,0,0,146
0.07,1544432926,0.02,51.490333,7.412292,161.88,6.76,0.00,76.84,0,-103,-14,0,0,38,0,0,450
0.07,1544432926,0.02,51.490333,7.412292,161.88,6.76,0.00,76.84,0,-103,-16,0,0,39,0,0,266
1.07,1544432927,6.80,51.490357,7.412422,162.54,7.65,0.00,77.47,0,-104,-14,0,0,36,0,0,450
1.07,1544432927,6.81,51.490357,7.412422,162.54,7.65,0.00,77.47,0,-107,-17,0,0,35,0,0,146
2.07,1544432928,14.45,51.490375,7.412551,162.67,8.57,0.00,76.36,0,-104,-14,0,0,36,0,0,450
2.07,1544432928,14.46,51.490375,7.412551,162.67,8.57,0.00,76.36,0,-107,-17,0,0,35,0,0,146
3.07,1544432929,23.01,51.490398,7.412716,162.96,10.08,0.00,77.02,0,-100,-17,0,0,42,0,0,450
4.07,1544432930,33.10,51.490417,7.412865,162.87,10.73,0.00,77.88,0,-100,-17,0,0,42,0,0,450
5.07,1544432931,43.83,51.490439,7.413013,162.82,10.93,0.00,78.33,0,-98,-11,0,0,38,0,0,450
5.07,1544432931,43.84,51.490439,7.413013,162.82,10.93,0.00,78.33,0,-104,-17,0,0,38,0,0,339
6.07,1544432932,54.77,51.490456,7.413143,162.83,11.19,0.00,79.23,0,-98,-11,0,0,38,0,0,450
6.07,1544432932,54.78,51.490456,7.413143,162.83,11.19,0.00,79.23,0,-104,-17,0,0,38,0,0,339
12.07,1544432938,124.67,51.490557,7.414148,160.73,12.02,0.00,78.10,0,-107,-17,0,0,35,0,0,450
12.07,1544432938,124.69,51.490557,7.414148,160.73,12.02,0.00,78.10,0,-108,-17,0,0,34,0,0,62
13.07,1544432939,136.69,51.490579,7.414330,160.46,12.25,0.00,78.20,0,-107,-17,0,0,35,0,0,450
13.07,1544432939,136.69,51.490579,7.414330,160.46,12.25,0.00,78.20,0,-108,-17,0,0,34,0,0,62
14.07,1544432940,148.93,51.490600,7.414512,160.09,12.31,0.00,78.70,0,-106,-18,0,0,38,0,0,62
14.07,1544432940,148.94,51.490600,7.414512,160.09,12.31,0.00,78.70,0,-107,-18,0,0,38,0,0,450
15.07,1544432941,161.24,51.490621,7.414686,159.76,12.29,0.00,78.90,0,-106,-18,0,0,38,0,0,62
15.07,1544432941,161.25,51.490621,7.414686,159.76,12.29,0.00,78.90,0,-107,-18,0,0,38,0,0,450
16.07,1544432942,173.53,51.490635,7.414839,159.64,12.31,0.00,79.36,0,-102,-16,0,0,40,0,0,62
16.07,1544432942,173.54,51.490635,7.414839,159.64,12.31,0.00,79.36,0,-106,-19,0,0,39,0,0,451
17.07,1544432943,185.85,51.490652,7.415005,159.31,12.08,0.00,80.33,0,-102,-16,0,0,40,0,0,62
17.07,1544432943,185.86,51.490652,7.415005,159.31,12.08,0.00,80.33,0,-106,-19,0,0,39,0,0,451
18.07,1544432944,197.90,51.490667,7.415186,158.66,11.97,0.00,81.41,0,-104,-17,0,0,41,0,0,452
18.07,1544432944,197.92,51.490667,7.415186,158.66,11.97,0.00,81.41,0,-104,-18,0,0,41,0,0,451
18.07,1544432944,197.93,51.490667,7.415186,158.66,11.97,0.00,81.41,0,-94,-11,0,0,46,0,0,275
19.07,1544432945,209.91,51.490679,7.415349,158.19,11.91,0.00,82.54,0,-104,-17,0,0,41,0,0,452
19.07,1544432945,209.93,51.490679,7.415349,158.19,11.91,0.00,82.54,0,-104,-18,0,0,41,0,0,451
19.07,1544432945,209.93,51.490679,7.415349,158.19,11.91,0.00,82.54,0,-94,-11,0,0,46,0,0,275
20.07,1544432946,221.82,51.490691,7.415524,157.29,11.76,0.00,83.64,0,-101,-15,0,0,41,0,0,452
20.07,1544432946,221.82,51.490691,7.415524,157.29,11.76,0.00,83.64,0,-94,-9,0,0,44,0,0,275
21.07,1544432947,233.56,51.490699,7.415705,156.16,11.49,0.00,85.64,0,-101,-15,0,0,41,0,0,452
21.07,1544432947,233.57,51.490699,7.415705,156.16,11.49,0.00,85.64,0,-94,-9,0,0,44,0,0,275
22.07,1544432948,245.05,51.490699,7.415858,155.47,11.17,0.00,87.82,0,-104,-18,0,0,39,0,0,452
22.07,1544432948,245.06,51.490699,7.415858,155.47,11.17,0.00,87.82,0,-94,-9,0,0,43,0,0,275
23.07,1544432949,256.23,51.490693,7.416000,155.14,10.65,0.00,89.92,0,-104,-18,0,0,39,0,0,452
23.07,1544432949,256.24,51.490693,7.416000,155.14,10.65,0.00,89.92,0,-94,-9,0,0,43,0,0,275
24.07,1544432950,266.88,51.490686,7.416154,155.06,9.83,0.00,92.04,0,-90,-8,0,0,48,0,0,275
25.07,1544432951,276.71,51.490676,7.416297,155.17,8.63,0.00,94.35,0,-90,-8,0,0,48,0,0,275
26.07,1544432952,285.33,51.490663,7.416428,155.49,7.70,0.00,97.32,0,-91,-8,0,0,46,0,0,275
27.07,1544432953,293.04,51.490648,7.416556,155.50,7.87,0.00,99.14,0,-91,-8,0,0,46,0,0,275
28.08,1544432954,300.96,51.490628,7.416688,155.68,8.02,0.00,100.75,0,-91,-11,0,0,49,0,0,275
29.07,1544432955,308.92,51.490604,7.416805,156.11,7.70,0.00,102.12,0,-91,-11,0,0,49,0,0,275
30.07,1544432956,316.61,51.490581,7.416909,156.66,7.93,0.00,102.61,0,-91,-11,0,0,49,0,0,275
31.07,1544432957,324.53,51.490559,7.417019,157.02,8.09,0.00,101.21,0,-91,-9,0,0,47,0,0,275
32.07,1544432958,332.63,51.490564,7.417097,157.20,6.21,0.00,75.55,0,-91,-9,0,0,47,0,0,275
33.07,1544432959,338.83,51.490592,7.417155,157.09,6.41,0.00,52.24,0,-91,-9,0,0,48,0,0,275
34.07,1544432960,345.25,51.490638,7.417192,156.91,6.66,0.00,22.34,0,-91,-9,0,0,48,0,0,275
35.07,1544432961,351.90,51.490704,7.417198,156.75,7.20,0.00,357.95,0,-90,-8,0,0,46,0,0,275
36.07,1544432962,359.11,51.490772,7.417188,156.57,7.44,0.00,355.97,0,-90,-8,0,0,46,0,0,275
37.07,1544432963,366.55,51.490847,7.417170,156.62,7.71,0.00,354.54,0,-84,-7,0,0,51,0,0,275
38.07,1544432964,374.27,51.490930,7.417147,156.75,9.05,0.00,352.86,0,-84,-7,0,0,51,0,0,275
39.07,1544432965,383.31,51.491018,7.417124,156.75,9.38,0.00,351.36,0,-88,-8,0,0,48,0,0,275
40.07,1544432966,392.71,51.491115,7.417096,156.51,9.98,0.00,350.36,0,-88,-8,0,0,48,0,0,275
41.07,1544432967,402.68,51.491214,7.417061,156.38,10.38,0.00,349.64,0,-85,-8,0,0,53,0,0,275
42.07,1544432968,413.06,51.491307,7.417024,156.02,10.44,0.00,349.23,0,-85,-8,0,0,53,0,0,275
43.07,1544432969,423.51,51.491398,7.416991,155.76,10.33,0.00,348.37,0,-88,-8,0,0,50,0,0,275
44.07,1544432970,433.83,51.491485,7.416953,155.52,10.32,0.00,347.79,0,-88,-8,0,0,50,0,0,275
45.07,1544432971,444.15,51.491574,7.416922,154.96,10.30,0.00,347.28,0,-104,-20,0,0,41,0,0,339
45.07,1544432971,444.16,51.491574,7.416922,154.96,10.30,0.00,347.28,0,-105,-20,0,0,41,0,0,59
45.07,1544432971,444.17,51.491574,7.416922,154.96,10.30,0.00,347.28,0,-91,-9,0,0,47,0,0,275
46.07,1544432972,454.45,51.491661,7.416880,154.72,10.22,0.00,345.95,0,-104,-20,0,0,41,0,0,339
46.07,1544432972,454.46,51.491661,7.416880,154.72,10.22,0.00,345.95,0,-105,-20,0,0,41,0,0,59
46.07,1544432972,454.46,51.491661,7.416880,154.72,10.22,0.00,345.95,0,-91,-9,0,0,47,0,0,275
47.07,1544432973,464.67,51.491753,7.416834,154.60,10.08,0.00,344.61,0,-94,-11,0,0,45,0,0,275
48.07,1544432974,474.75,51.491852,7.416783,154.67,9.90,0.00,342.90,0,-94,-11,0,0,45,0,0,275
49.08,1544432975,484.74,51.491941,7.416726,155.08,10.05,0.00,340.03,0,-106,-19,0,0,39,0,0,59
49.08,1544432975,484.75,51.491941,7.416726,155.08,10.05,0.00,340.03,0,-97,-13,0,0,45,0,0,275
49.08,1544432975,484.75,51.491941,7.416726,155.08,10.05,0.00,340.03,0,-97,-12,0,0,44,0,0,65
50.07,1544432976,494.71,51.492012,7.416668,155.52,10.15,0.00,336.64,0,-106,-19,0,0,39,0,0,59
50.07,1544432976,494.72,51.492012,7.416668,155.52,10.15,0.00,336.64,0,-97,-13,0,0,45,0,0,275
50.07,1544432976,494.73,51.492012,7.416668,155.52,10.15,0.00,336.64,0,-97,-12,0,0,44,0,0,65
51.07,1544432977,504.86,51.492083,7.416614,155.78,10.36,0.00,335.14,0,-106,-19,0,0,39,0,0,59
51.07,1544432977,504.87,51.492083,7.416614,155.78,10.36,0.00,335.14,0,-97,-13,0,0,45,0,0,275
51.07,1544432977,504.87,51.492083,7.416614,155.78,10.36,0.00,335.14,0,-97,-12,0,0,44,0,0,65
52.07,1544432978,515.24,51.492175,7.416533,155.88,10.92,0.00,333.63,0,-102,-17,0,0,40,0,0,284
52.07,1544432978,515.25,51.492175,7.416533,155.88,10.92,0.00,333.63,0,-105,-20,0,0,41,0,0,339
52.07,1544432978,515.25,51.492175,7.416533,155.88,10.92,0.00,333.63,0,-105,-19,0,0,40,0,0,306
52.07,1544432978,515.26,51.492175,7.416533,155.88,10.92,0.00,333.63,0,-94,-10,0,0,45,0,0,65
52.07,1544432978,515.27,51.492175,7.416533,155.88,10.92,0.00,333.63,0,-97,-14,0,0,45,0,0,275
53.07,1544432979,526.17,51.492267,7.416453,156.04,11.49,0.00,332.65,0,-102,-17,0,0,40,0,0,284
53.07,1544432979,526.18,51.492267,7.416453,156.04,11.49,0.00,332.65,0,-105,-20,0,0,41,0,0,339
53.07,1544432979,526.18,51.492267,7.416453,156.04,11.49,0.00,332.65,0,-105,-19,0,0,40,0,0,306
53.07,1544432979,526.20,51.492267,7.416453,156.04,11.49,0.00,332.65,0,-94,-10,0,0,45,0,0,65
53.07,1544432979,526.21,51.492267,7.416453,156.04,11.49,0.00,332.65,0,-97,-14,0,0,45,0,0,275
54.07,1544432980,537.64,51.492360,7.416372,155.83,12.37,0.00,333.42,0,-105,-18,0,0,39,0,0,306
54.07,1544432980,537.64,51.492360,7.416372,155.83,12.37,0.00,333.42,0,-98,-12,0,0,44,0,0,65
54.07,1544432980,537.65,51.492360,7.416372,155.83,12.37,0.00,333.42,0,-99,-14,0,0,43,0,0,275
55.07,1544432981,550.02,51.492456,7.416299,155.43,12.60,0.00,335.09,0,-105,-18,0,0,39,0,0,306
55.07,1544432981,550.02,51.492456,7.416299,155.43,12.60,0.00,335.09,0,-98,-12,0,0,44,0,0,65
55.07,1544432981,550.03,51.492456,7.416299,155.43,12.60,0.00,335.09,0,-99,-14,0,0,43,0,0,275
56.07,1544432982,562.64,51.492567,7.416226,155.12,12.44,0.00,337.81,0,-104,-17,0,0,39,0,0,306
56.07,1544432982,562.65,51.492567,7.416226,155.12,12.44,0.00,337.81,0,-105,-19,0,0,39,0,0,146
56.07,1544432982,562.65,51.492567,7.416226,155.12,12.44,0.00,337.81,0,-99,-14,0,0,43,0,0,275
56.07,1544432982,562.67,51.492567,7.416226,155.12,12.44,0.00,337.81,0,-102,-16,0,0,43,0,0,65
57.07,1544432983,575.06,51.492669,7.416172,154.83,12.15,0.00,340.77,0,-104,-17,0,0,39,0,0,306
57.07,1544432983,575.07,51.492669,7.416172,154.83,12.15,0.00,340.77,0,-105,-19,0,0,39,0,0,146
57.07,1544432983,575.08,51.492669,7.416172,154.83,12.15,0.00,340.77,0,-99,-14,0,0,43,0,0,275
57.07,1544432983,575.08,51.492669,7.416172,154.83,12.15,0.00,340.77,0,-102,-16,0,0,43,0,0,65
58.07,1544432984,587.20,51.492791,7.416121,154.67,13.05,0.00,344.14,0,-103,-17,0,0,41,0,0,146
58.07,1544432984,587.21,51.492791,7.416121,154.67,13.05,0.00,344.14,0,-105,-19,0,0,40,0,0,303
58.07,1544432984,587.22,51.492791,7.416121,154.67,13.05,0.00,344.14,0,-95,-9,0,0,43,0,0,275
59.07,1544432985,600.25,51.492890,7.416086,154.98,12.12,0.00,346.10,0,-103,-17,0,0,41,0,0,146
59.07,1544432985,600.26,51.492890,7.416086,154.98,12.12,0.00,346.10,0,-105,-19,0,0,40,0,0,303
59.07,1544432985,600.26,51.492890,7.416086,154.98,12.12,0.00,346.10,0,-95,-9,0,0,43,0,0,275
60.07,1544432986,612.37,51.492995,7.416062,155.05,12.69,0.00,349.83,0,-109,-19,0,0,36,0,0,146
60.07,1544432986,612.37,51.492995,7.416062,155.05,12.69,0.00,349.83,0,-109,-19,0,0,36,0,0,306
60.07,1544432986,612.38,51.492995,7.416062,155.05,12.69,0.00,349.83,0,-102,-11,0,0,37,0,0,275
60.07,1544432986,612.39,51.492995,7.416062,155.05,12.69,0.00,349.83,0,-108,-15,0,0,36,0,0,37
61.07,1544432987,625.07,51.493108,7.416034,154.88,12.69,0.00,349.18,0,-109,-19,0,0,36,0,0,146
61.07,1544432987,625.09,51.493108,7.416034,154.88,12.69,0.00,349.18,0,-109,-19,0,0,36,0,0,306
61.07,1544432987,625.10,51.493108,7.416034,154.88,12.69,0.00,349.18,0,-102,-11,0,0,37,0,0,275
61.07,1544432987,625.10,51.493108,7.416034,154.88,12.69,0.00,349.18,0,-108,-15,0,0,36,0,0,37
62.07,1544432988,637.76,51.493229,7.415999,154.27,12.50,0.00,349.38,0,-108,-18,0,0,35,0,0,339
62.07,1544432988,637.78,51.493229,7.415999,154.27,12.50,0.00,349.38,0,-111,-19,0,0,34,0,0,306
62.07,1544432988,637.79,51.493229,7.415999,154.27,12.50,0.00,349.38,0,-104,-13,0,0,38,0,0,34
62.07,1544432988,637.80,51.493229,7.415999,154.27,12.50,0.00,349.38,0,-104,-14,0,0,38,0,0,275
63.07,1544432989,650.26,51.493342,7.415965,153.76,12.03,0.00,348.88,0,-108,-18,0,0,35,0,0,339
63.07,1544432989,650.27,51.493342,7.415965,153.76,12.03,0.00,348.88,0,-111,-19,0,0,34,0,0,306
63.07,1544432989,650.27,51.493342,7.415965,153.76,12.03,0.00,348.88,0,-104,-13,0,0,38,0,0,34
63.07,1544432989,650.29,51.493342,7.415965,153.76,12.03,0.00,348.88,0,-104,-14,0,0,38,0,0,275
64.07,1544432990,662.30,51.493445,7.415931,153.22,11.93,0.00,348.72,0,-110,-20,0,0,35,0,0,146
64.07,1544432990,662.30,51.493445,7.415931,153.22,11.93,0.00,348.72,0,-111,-19,0,0,34,0,0,143
64.07,1544432990,662.31,51.493445,7.415931,153.22,11.93,0.00,348.72,0,-103,-13,0,0,39,0,0,34
64.07,1544432990,662.32,51.493445,7.415931,153.22,11.93,0.00,348.72,0,-106,-16,0,0,39,0,0,275
65.07,1544432991,674.19,51.493550,7.415897,152.90,12.02,0.00,348.79,0,-110,-20,0,0,35,0,0,146
65.07,1544432991,674.20,51.493550,7.415897,152.90,12.02,0.00,348.79,0,-111,-19,0,0,34,0,0,143
65.07,1544432991,674.21,51.493550,7.415897,152.90,12.02,0.00,348.79,0,-103,-13,0,0,39,0,0,34
65.07,1544432991,674.21,51.493550,7.415897,152.90,12.02,0.00,348.79,0,-106,-16,0,0,39,0,0,275
66.07,1544432992,686.23,51.493656,7.415861,152.66,11.99,0.00,348.27,0,-109,-18,0,0,35,0,0,375
66.07,1544432992,686.23,51.493656,7.415861,152.66,11.99,0.00,348.27,0,-102,-13,0,0,40,0,0,275
66.07,1544432992,686.24,51.493656,7.415861,152.66,11.99,0.00,348.27,0,-103,-13,0,0,39,0,0,34
67.07,1544432993,698.23,51.493766,7.415822,152.34,12.26,0.00,348.46,0,-109,-18,0,0,35,0,0,375
67.07,1544432993,698.24,51.493766,7.415822,152.34,12.26,0.00,348.46,0,-102,-13,0,0,40,0,0,275
67.07,1544432993,698.24,51.493766,7.415822,152.34,12.26,0.00,348.46,0,-103,-13,0,0,39,0,0,34
68.07,1544432994,710.49,51.493870,7.415781,151.96,12.01,0.00,347.49,0,-112,-18,0,0,32,0,0,375
68.07,1544432994,710.50,51.493870,7.415781,151.96,12.01,0.00,347.49,0,-112,-19,0,0,32,0,0,339
68.07,1544432994,710.51,51.493870,7.415781,151.96,12.01,0.00,347.49,0,-112,-19,0,0,32,0,0,22
68.07,1544432994,710.53,51.493870,7.415781,151.96,12.01,0.00,347.49,0,-100,-11,0,0,40,0,0,34
68.07,1544432994,710.53,51.493870,7.415781,151.96,12.01,0.00,347.49,0,-105,-16,0,0,40,0,0,275
69.07,1544432995,722.50,51.493973,7.415743,151.43,11.77,0.00,346.71,0,-112,-18,0,0,32,0,0,375
69.07,1544432995,722.51,51.493973,7.415743,151.43,11.77,0.00,346.71,0,-112,-19,0,0,32,0,0,339
69.07,1544432995,722.55,51.493973,7.415743,151.43,11.77,0.00,346.71,0,-112,-19,0,0,32,0,0,22
69.07,1544432995,722.55,51.493973,7.415743,151.43,11.77,0.00,346.71,0,-100,-11,0,0,40,0,0,34
69.08,1544432995,722.56,51.493973,7.415743,151.43,11.77,0.00,346.71,0,-105,-16,0,0,40,0,0,275
70.08,1544432996,734.36,51.494077,7.415697,150.99,11.52,0.00,344.80,0,-111,-16,0,0,31,0,0,367
70.08,1544432996,734.37,51.494077,7.415697,150.99,11.52,0.00,344.80,0,-112,-18,0,0,31,0,0,16
70.08,1544432996,734.37,51.494077,7.415697,150.99,11.52,0.00,344.80,0,-115,-20,0,0,31,0,0,375
70.08,1544432996,734.39,51.494077,7.415697,150.99,11.52,0.00,344.80,0,-103,-11,0,0,37,0,0,34
70.08,1544432996,734.40,51.494077,7.415697,150.99,11.52,0.00,344.80,0,-106,-14,0,0,36,0,0,38
71.06,1544432997,745.72,51.494171,7.415653,150.71,10.28,0.00,344.37,0,-111,-16,0,0,31,0,0,367
71.06,1544432997,745.72,51.494171,7.415653,150.71,10.28,0.00,344.37,0,-112,-18,0,0,31,0,0,16
71.07,1544432997,745.73,51.494171,7.415653,150.71,10.28,0.00,344.37,0,-115,-20,0,0,31,0,0,375
71.07,1544432997,745.73,51.494171,7.415653,150.71,10.28,0.00,344.37,0,-103,-11,0,0,37,0,0,34
71.07,1544432997,745.73,51.494171,7.415653,150.71,10.28,0.00,344.37,0,-106,-14,0,0,36,0,0,38
72.07,1544432998,756.08,51.494243,7.415622,150.64,7.62,0.00,345.34,0,-111,-16,0,0,31,0,0,367
72.07,1544432998,756.08,51.494243,7.415622,150.64,7.62,0.00,345.34,0,-112,-18,0,0,31,0,0,16
72.07,1544432998,756.08,51.494243,7.415622,150.64,7.62,0.00,345.34,0,-115,-20,0,0,31,0,0,375
72.07,1544432998,756.09,51.494243,7.415622,150.64,7.62,0.00,345.34,0,-103,-11,0,0,37,0,0,34
72.08,1544432998,756.10,51.494243,7.415622,150.64,7.62,0.00,345.34,0,-106,-14,0,0,36,0,0,38
73.07,1544432999,763.70,51.494302,7.415601,150.78,6.50,0.00,346.48,0,-102,-16,0,0,40,0,0,38
73.07,1544432999,763.70,51.494302,7.415601,150.78,6.50,0.00,346.48,0,-102,-17,0,0,40,0,0,37
73.07,1544432999,763.71,51.494302,7.415601,150.78,6.50,0.00,346.48,0,-113,-17,0,0,29,0,0,62
73.07,1544432999,763.71,51.494302,7.415601,150.78,6.50,0.00,346.48,0,-115,-17,0,0,29,0,0,367
73.08,1544432999,763.72,51.494302,7.415601,150.78,6.50,0.00,346.48,0,-115,-19,0,0,29,0,0,16
73.08,1544432999,763.72,51.494302,7.415601,150.78,6.50,0.00,346.48,0,-117,-20,0,0,29,0,0,17
74.07,1544433000,770.18,51.494347,7.415575,151.69,5.31,0.00,346.88,0,-102,-16,0,0,40,0,0,38
74.07,1544433000,770.19,51.494347,7.415575,151.69,5.31,0.00,346.88,0,-102,-17,0,0,40,0,0,37
74.07,1544433000,770.19,51.494347,7.415575,151.69,5.31,0.00,346.88,0,-113,-17,0,0,29,0,0,62
74.07,1544433000,770.19,51.494347,7.415575,151.69,5.31,0.00,346.88,0,-115,-17,0,0,29,0,0,367
74.07,1544433000,770.20,51.494347,7.415575,151.69,5.31,0.00,346.88,0,-115,-19,0,0,29,0,0,16
74.07,1544433000,770.20,51.494347,7.415575,151.69,5.31,0.00,346.88,0,-117,-20,0,0,29,0,0,17
75.07,1544433001,775.47,51.494375,7.415557,151.80,3.75,0.00,347.22,0,-100,-16,0,0,42,0,0,38
75.07,1544433001,775.48,51.494375,7.415557,151.80,3.75,0.00,347.22,0,-101,-17,0,0,42,0,0,37
76.07,1544433002,779.21,51.494387,7.415546,151.94,1.12,0.00,347.22,0,-100,-16,0,0,42,0,0,38
76.07,1544433002,779.22,51.494387,7.415546,151.94,1.12,0.00,347.22,0,-101,-17,0,0,42,0,0,37
77.07,1544433003,780.33,51.494387,7.415546,151.96,0.00,0.00,347.22,0,-98,-15,0,0,44,0,0,37
77.07,1544433003,780.33,51.494387,7.415546,151.96,0.00,0.00,347.22,0,-98,-16,0,0,44,0,0,38
78.07,1544433004,780.33,51.494387,7.415546,151.98,0.00,0.00,347.22,0,-98,-15,0,0,44,0,0,37
78.07,1544433004,780.33,51.494387,7.415546,151.98,0.00,0.00,347.22,0,-98,-16,0,0,44,0,0,38
79.07,1544433005,780.33,51.494387,7.415546,152.00,0.00,0.00,347.22,0,-98,-13,0,0,42,0,0,38
79.07,1544433005,780.33,51.494387,7.415546,152.00,0.00,0.00,347.22,0,-98,-14,0,0,42,0,0,37
79.07,1544433005,780.33,51.494387,7.415546,152.00,0.00,0.00,347.22,0,-103,-19,0,0,42,0,0,275
80.07,1544433006,780.33,51.494387,7.415546,152.02,0.00,0.00,347.22,0,-98,-13,0,0,42,0,0,38
80.07,1544433006,780.33,51.494387,7.415546,152.02,0.00,0.00,347.22,0,-98,-14,0,0,42,0,0,37
80.07,1544433006,780.33,51.494387,7.415546,152.02,0.00,0.00,347.22,0,-103,-19,0,0,42,0,0,275
81.07,1544433007,780.33,51.494387,7.415546,152.04,0.00,0.00,347.22,0,-97,-13,0,0,43,0,0,38
81.07,1544433007,780.33,51.494387,7.415546,152.04,0.00,0.00,347.22,0,-98,-16,0,0,43,0,0,37
81.07,1544433007,780.33,51.494387,7.415546,152.04,0.00,0.00,347.22,0,-103,-19,0,0,42,0,0,275
82.07,1544433008,780.33,51.494387,7.415546,152.07,0.00,0.00,347.22,0,-97,-13,0,0,43,0,0,38
82.07,1544433008,780.33,51.494387,7.415546,152.07,0.00,0.00,347.22,0,-98,-16,0,0,43,0,0,37
82.07,1544433008,780.33,51.494387,7.415546,152.07,0.00,0.00,347.22,0,-103,-19,0,0,42,0,0,275
83.07,1544433009,780.33,51.494387,7.415546,152.09,0.00,0.00,347.22,0,-99,-15,0,0,42,0,0,37
83.07,1544433009,780.33,51.494387,7.415546,152.09,0.00,0.00,347.22,0,-99,-15,0,0,43,0,0,34
83.07,1544433009,780.33,51.494387,7.415546,152.09,0.00,0.00,347.22,0,-111,-17,0,0,32,0,0,367
83.07,1544433009,780.33,51.494387,7.415546,152.09,0.00,0.00,347.22,0,-113,-19,0,0,32,0,0,62
83.07,1544433009,780.33,51.494387,7.415546,152.09,0.00,0.00,347.22,0,-113,-18,0,0,32,0,0,16
84.07,1544433010,780.33,51.494387,7.415546,152.12,0.00,0.00,347.22,0,-99,-15,0,0,42,0,0,37
84.07,1544433010,780.33,51.494387,7.415546,152.12,0.00,0.00,347.22,0,-99,-15,0,0,43,0,0,34
84.07,1544433010,780.33,51.494387,7.415546,152.12,0.00,0.00,347.22,0,-111,-17,0,0,32,0,0,367
84.07,1544433010,780.33,51.494387,7.415546,152.12,0.00,0.00,347.22,0,-113,-19,0,0,32,0,0,62
84.07,1544433010,780.33,51.494387,7.415546,152.12,0.00,0.00,347.22,0,-113,-18,0,0,32,0,0,16
85.08,1544433011,780.33,51.494387,7.415546,152.15,0.00,0.00,347.22,0,-98,-14,0,0,41,0,0,37
85.08,1544433011,780.33,51.494387,7.415546,152.15,0.00,0.00,347.22,0,-100,-16,0,0,42,0,0,34
85.08,1544433011,780.33,51.494387,7.415546,152.15,0.00,0.00,347.22,0,-103,-20,0,0,42,0,0,197
85.08,1544433011,780.33,51.494387,7.415546,152.15,0.00,0.00,347.22,0,-112,-19,0,0,31,0,0,62
85.08,1544433011,780.33,51.494387,7.415546,152.15,0.00,0.00,347.22,0,-113,-17,0,0,32,0,0,367
85.08,1544433011,780.33,51.494387,7.415546,152.15,0.00,0.00,347.22,0,-113,-19,0,0,32,0,0,16
86.07,1544433012,780.33,51.494387,7.415546,152.18,0.00,0.00,347.22,0,-98,-14,0,0,41,0,0,37
86.07,1544433012,780.33,51.494387,7.415546,152.18,0.00,0.00,347.22,0,-100,-16,0,0,42,0,0,34
86.07,1544433012,780.33,51.494387,7.415546,152.18,0.00,0.00,347.22,0,-103,-20,0,0,42,0,0,197
86.08,1544433012,780.33,51.494387,7.415546,152.18,0.00,0.00,347.22,0,-112,-19,0,0,31,0,0,62
86.08,1544433012,780.33,51.494387,7.415546,152.18,0.00,0.00,347.22,0,-113,-17,0,0,32,0,0,367
86.08,1544433012,780.33,51.494387,7.415546,152.18,0.00,0.00,347.22,0,-113,-19,0,0,32,0,0,16
87.07,1544433013,780.33,51.494387,7.415546,152.21,0.00,0.00,347.22,0,-99,-13,0,0,40,0,0,37
87.07,1544433013,780.33,51.494387,7.415546,152.21,0.00,0.00,347.22,0,-100,-14,0,0,39,0,0,34
87.07,1544433013,780.33,51.494387,7.415546,152.21,0.00,0.00,347.22,0,-104,-17,0,0,38,0,0,275
88.07,1544433014,780.33,51.494387,7.415546,152.23,0.00,0.00,347.22,0,-99,-13,0,0,40,0,0,37
88.07,1544433014,780.33,51.494387,7.415546,152.23,0.00,0.00,347.22,0,-100,-14,0,0,39,0,0,34
88.07,1544433014,780.33,51.494387,7.415546,152.23,0.00,0.00,347.22,0,-104,-17,0,0,38,0,0,275
89.07,1544433015,780.33,51.494387,7.415546,152.26,0.00,0.00,347.22,0,-99,-14,0,0,41,0,0,37
89.07,1544433015,780.33,51.494387,7.415546,152.26,0.00,0.00,347.22,0,-100,-14,0,0,41,0,0,34
89.07,1544433015,780.33,51.494387,7.415546,152.26,0.00,0.00,347.22,0,-104,-18,0,0,41,0,0,275
90.07,1544433016,780.33,51.494387,7.415546,152.29,0.00,0.00,347.22,0,-99,-14,0,0,41,0,0,37
90.07,1544433016,780.33,51.494387,7.415546,152.29,0.00,0.00,347.22,0,-100,-14,0,0,41,0,0,34
90.07,1544433016,780.33,51.494387,7.415546,152.29,0.00,0.00,347.22,0,-104,-18,0,0,41,0,0,275
91.08,1544433017,780.33,51.494387,7.415546,152.31,0.00,0.00,347.22,0,-99,-15,0,0,42,0,0,34
91.08,1544433017,780.33,51.494387,7.415546,152.31,0.00,0.00,347.22,0,-99,-15,0,0,42,0,0,37
91.08,1544433017,780.33,51.494387,7.415546,152.31,0.00,0.00,347.22,0,-103,-19,0,0,42,0,0,275
92.07,1544433018,780.33,51.494387,7.415546,152.34,0.00,0.00,347.22,0,-99,-15,0,0,42,0,0,34
92.07,1544433018,780.33,51.494387,7.415546,152.34,0.00,0.00,347.22,0,-99,-15,0,0,42,0,0,37
92.07,1544433018,780.33,51.494387,7.415546,152.34,0.00,0.00,347.22,0,-103,-19,0,0,42,0,0,275
93.09,1544433019,780.33,51.494387,7.415546,152.37,0.00,0.00,347.22,0,-99,-14,0,0,40,0,0,37
93.09,1544433019,780.33,51.494387,7.415546,152.37,0.00,0.00,347.22,0,-99,-13,0,0,40,0,0,34
93.09,1544433019,780.33,51.494387,7.415546,152.37,0.00,0.00,347.22,0,-104,-18,0,0,40,0,0,275
93.09,1544433019,780.33,51.494387,7.415546,152.37,0.00,0.00,347.22,0,-114,-16,0,0,30,0,0,367
93.09,1544433019,780.33,51.494387,7.415546,152.37,0.00,0.00,347.22,0,-114,-18,0,0,29,0,0,62
93.09,1544433019,780.33,51.494387,7.415546,152.37,0.00,0.00,347.22,0,-115,-18,0,0,29,0,0,16
94.07,1544433020,780.33,51.494387,7.415546,152.39,0.00,0.00,347.22,0,-99,-14,0,0,40,0,0,37
94.07,1544433020,780.33,51.494387,7.415546,152.39,0.00,0.00,347.22,0,-99,-13,0,0,40,0,0,34
94.07,1544433020,780.33,51.494387,7.415546,152.39,0.00,0.00,347.22,0,-104,-18,0,0,40,0,0,275
94.07,1544433020,780.33,51.494387,7.415546,152.39,0.00,0.00,347.22,0,-114,-16,0,0,30,0,0,367
94.08,1544433020,780.33,51.494387,7.415546,152.39,0.00,0.00,347.22,0,-114,-18,0,0,29,0,0,62
94.08,1544433020,780.33,51.494387,7.415546,152.39,0.00,0.00,347.22,0,-115,-18,0,0,29,0,0,16
95.07,1544433021,780.33,51.494387,7.415546,152.42,0.00,0.00,347.22,0,-99,-14,0,0,40,0,0,37
95.07,1544433021,780.33,51.494387,7.415546,152.42,0.00,0.00,347.22,0,-99,-13,0,0,40,0,0,34
95.07,1544433021,780.33,51.494387,7.415546,152.42,0.00,0.00,347.22,0,-104,-18,0,0,40,0,0,275
95.07,1544433021,780.33,51.494387,7.415546,152.42,0.00,0.00,347.22,0,-114,-16,0,0,30,0,0,367
95.07,1544433021,780.33,51.494387,7.415546,152.42,0.00,0.00,347.22,0,-114,-18,0,0,29,0,0,62
95.07,1544433021,780.33,51.494387,7.415546,152.42,0.00,0.00,347.22,0,-115,-18,0,0,29,0,0,16
96.07,1544433022,780.33,51.494387,7.415546,152.45,0.00,0.00,347.22,0,-98,-13,0,0,41,0,0,37
96.07,1544433022,780.33,51.494387,7.415546,152.45,0.00,0.00,347.22,0,-101,-16,0,0,42,0,0,34
96.07,1544433022,780.33,51.494387,7.415546,152.45,0.00,0.00,347.22,0,-104,-19,0,0,41,0,0,197
96.07,1544433022,780.33,51.494387,7.415546,152.45,0.00,0.00,347.22,0,-111,-15,0,0,31,0,0,367
96.07,1544433022,780.33,51.494387,7.415546,152.45,0.00,0.00,347.22,0,-113,-18,0,0,30,0,0,62
96.07,1544433022,780.33,51.494387,7.415546,152.45,0.00,0.00,347.22,0,-114,-19,0,0,30,0,0,264
97.07,1544433023,780.33,51.494387,7.415546,152.48,0.00,0.00,347.22,0,-98,-13,0,0,41,0,0,37
97.07,1544433023,780.33,51.494387,7.415546,152.48,0.00,0.00,347.22,0,-101,-16,0,0,42,0,0,34
97.07,1544433023,780.33,51.494387,7.415546,152.48,0.00,0.00,347.22,0,-104,-19,0,0,41,0,0,197
97.08,1544433023,780.33,51.494387,7.415546,152.48,0.00,0.00,347.22,0,-111,-15,0,0,31,0,0,367
97.08,1544433023,780.33,51.494387,7.415546,152.48,0.00,0.00,347.22,0,-113,-18,0,0,30,0,0,62
97.08,1544433023,780.33,51.494387,7.415546,152.48,0.00,0.00,347.22,0,-114,-19,0,0,30,0,0,264
98.07,1544433024,780.33,51.494387,7.415546,152.51,0.00,0.00,347.22,0,-98,-15,0,0,43,0,0,37
98.07,1544433024,780.33,51.494387,7.415546,152.51,0.00,0.00,347.22,0,-98,-15,0,0,42,0,0,34
98.07,1544433024,780.33,51.494387,7.415546,152.51,0.00,0.00,347.22,0,-103,-20,0,0,43,0,0,275
99.07,1544433025,780.33,51.494387,7.415546,152.54,0.00,0.00,347.22,0,-98,-15,0,0,43,0,0,37
99.07,1544433025,780.33,51.494387,7.415546,152.54,0.00,0.00,347.22,0,-98,-15,0,0,42,0,0,34
99.07,1544433025,780.33,51.494387,7.415546,152.54,0.00,0.00,347.22,0,-103,-20,0,0,43,0,0,275
100.07,1544433026,780.33,51.494387,7.415546,152.57,0.00,0.00,347.22,0,-99,-14,0,0,41,0,0,34
100.07,1544433026,780.33,51.494387,7.415546,152.57,0.00,0.00,347.22,0,-100,-14,0,0,41,0,0,37
100.07,1544433026,780.33,51.494387,7.415546,152.57,0.00,0.00,347.22,0,-103,-18,0,0,41,0,0,275
101.07,1544433027,780.33,51.494387,7.415546,152.60,0.00,0.00,347.22,0,-99,-14,0,0,41,0,0,34
101.07,1544433027,780.33,51.494387,7.415546,152.60,0.00,0.00,347.22,0,-100,-14,0,0,41,0,0,37
101.07,1544433027,780.33,51.494387,7.415546,152.60,0.00,0.00,347.22,0,-103,-18,0,0,41,0,0,275
102.07,1544433028,780.33,51.494387,7.415546,152.62,0.00,0.00,347.22,0,-99,-15,0,0,41,0,0,34
102.07,1544433028,780.33,51.494387,7.415546,152.62,0.00,0.00,347.22,0,-99,-14,0,0,41,0,0,37
102.07,1544433028,780.33,51.494387,7.415546,152.62,0.00,0.00,347.22,0,-104,-18,0,0,41,0,0,275
103.07,1544433029,780.33,51.494416,7.415538,152.90,0.00,0.00,353.44,0,-99,-15,0,0,41,0,0,34
103.07,1544433029,780.33,51.494416,7.415538,152.90,0.00,0.00,353.44,0,-99,-14,0,0,41,0,0,37
103.07,1544433029,780.33,51.494416,7.415538,152.90,0.00,0.00,353.44,0,-104,-18,0,0,41,0,0,275
104.07,1544433030,780.33,51.494434,7.415530,153.14,0.00,0.00,348.09,0,-94,-11,0,0,43,0,0,34
104.07,1544433030,780.33,51.494434,7.415530,153.14,0.00,0.00,348.09,0,-98,-15,0,0,43,0,0,37
104.07,1544433030,780.33,51.494434,7.415530,153.14,0.00,0.00,348.09,0,-111,-17,0,0,32,0,0,62
104.07,1544433030,780.33,51.494434,7.415530,153.14,0.00,0.00,348.09,0,-112,-16,0,0,32,0,0,367
104.07,1544433030,780.33,51.494434,7.415530,153.14,0.00,0.00,348.09,0,-114,-20,0,0,32,0,0,339
105.07,1544433031,780.33,51.494451,7.415522,153.36,1.04,0.00,351.59,0,-94,-11,0,0,43,0,0,34
105.07,1544433031,780.33,51.494451,7.415522,153.36,1.04,0.00,351.59,0,-98,-15,0,0,43,0,0,37
105.07,1544433031,780.33,51.494451,7.415522,153.36,1.04,0.00,351.59,0,-111,-17,0,0,32,0,0,62
105.07,1544433031,780.33,51.494451,7.415522,153.36,1.04,0.00,351.59,0,-112,-16,0,0,32,0,0,367
105.07,1544433031,780.33,51.494451,7.415522,153.36,1.04,0.00,351.59,0,-114,-20,0,0,32,0,0,339
106.07,1544433032,781.37,51.494478,7.415506,153.54,1.62,0.00,347.98,0,-98,-14,0,0,42,0,0,34
106.07,1544433032,781.37,51.494478,7.415506,153.54,1.62,0.00,347.98,0,-99,-15,0,0,42,0,0,37
107.07,1544433033,782.99,51.494505,7.415489,153.71,2.06,0.00,346.20,0,-98,-14,0,0,42,0,0,34
107.07,1544433033,782.99,51.494505,7.415489,153.71,2.06,0.00,346.20,0,-99,-15,0,0,42,0,0,37
108.07,1544433034,785.06,51.494533,7.415471,153.86,2.34,0.00,344.68,0,-98,-15,0,0,43,0,0,34
108.07,1544433034,785.06,51.494533,7.415471,153.86,2.34,0.00,344.68,0,-99,-15,0,0,42,0,0,37
108.07,1544433034,785.06,51.494533,7.415471,153.86,2.34,0.00,344.68,0,-103,-20,0,0,42,0,0,197
109.07,1544433035,787.40,51.494548,7.415460,154.02,2.27,0.00,347.16,0,-98,-15,0,0,43,0,0,34
109.07,1544433035,787.40,51.494548,7.415460,154.02,2.27,0.00,347.16,0,-99,-15,0,0,42,0,0,37
109.07,1544433035,787.40,51.494548,7.415460,154.02,2.27,0.00,347.16,0,-103,-20,0,0,42,0,0,197
110.06,1544433036,789.66,51.494545,7.415461,154.16,1.40,0.00,353.53,0,-99,-15,0,0,44,0,0,37
110.06,1544433036,789.66,51.494545,7.415461,154.16,1.40,0.00,353.53,0,-100,-18,0,0,44,0,0,34
111.07,1544433037,791.07,51.494541,7.415463,154.31,0.83,0.00,353.53,0,-99,-15,0,0,44,0,0,37
111.07,1544433037,791.07,51.494541,7.415463,154.31,0.83,0.00,353.53,0,-100,-18,0,0,44,0,0,34
112.07,1544433038,791.90,51.494529,7.415467,154.32,0.48,0.00,353.53,0,-95,-13,0,0,43,0,0,37
112.07,1544433038,791.90,51.494529,7.415467,154.32,0.48,0.00,353.53,0,-99,-17,0,0,44,0,0,34
112.07,1544433038,791.90,51.494529,7.415467,154.32,0.48,0.00,353.53,0,0,0,0,0,63,0,0,303
113.07,1544433039,792.38,51.494516,7.415474,154.34,0.00,0.00,353.53,0,-95,-13,0,0,43,0,0,37
113.07,1544433039,792.38,51.494516,7.415474,154.34,0.00,0.00,353.53,0,-99,-17,0,0,44,0,0,34
113.07,1544433039,792.38,51.494516,7.415474,154.34,0.00,0.00,353.53,0,0,0,0,0,63,0,0,303
114.07,1544433040,792.38,51.494509,7.415481,154.36,0.00,0.00,353.53,0,-96,-13,0,0,42,0,0,37
114.07,1544433040,792.38,51.494509,7.415481,154.36,0.00,0.00,353.53,0,-99,-16,0,0,43,0,0,34
114.07,1544433040,792.38,51.494509,7.415481,154.36,0.00,0.00,353.53,0,0,0,0,0,63,0,0,303
115.07,1544433041,792.38,51.494500,7.415485,154.58,0.00,0.00,217.19,0,-96,-13,0,0,42,0,0,37
115.07,1544433041,792.38,51.494500,7.415485,154.58,0.00,0.00,217.19,0,-99,-16,0,0,43,0,0,34
115.07,1544433041,792.38,51.494500,7.415485,154.58,0.00,0.00,217.19,0,0,0,0,0,63,0,0,303
116.08,1544433042,792.38,51.494496,7.415486,154.83,0.00,0.00,217.19,0,-96,-13,0,0,43,0,0,37
116.08,1544433042,792.38,51.494496,7.415486,154.83,0.00,0.00,217.19,0,-98,-16,0,0,43,0,0,34
116.08,1544433042,792.38,51.494496,7.415486,154.83,0.00,0.00,217.19,0,0,0,0,0,63,0,0,303
116.08,1544433042,792.38,51.494496,7.415486,154.83,0.00,0.00,217.19,0,0,0,0,0,63,0,0,245
117.07,1544433043,792.38,51.494496,7.415490,154.86,0.00,0.00,217.19,0,-96,-13,0,0,43,0,0,37
117.07,1544433043,792.38,51.494496,7.415490,154.86,0.00,0.00,217.19,0,-98,-16,0,0,43,0,0,34
117.07,1544433043,792.38,51.494496,7.415490,154.86,0.00,0.00,217.19,0,0,0,0,0,63,0,0,303
117.07,1544433043,792.38,51.494496,7.415490,154.86,0.00,0.00,217.19,0,0,0,0,0,63,0,0,245
118.07,1544433044,792.38,51.494500,7.415488,155.00,0.00,0.00,342.61,0,-96,-13,0,0,43,0,0,37
118.07,1544433044,792.38,51.494500,7.415488,155.00,0.00,0.00,342.61,0,-98,-16,0,0,43,0,0,34
118.07,1544433044,792.38,51.494500,7.415488,155.00,0.00,0.00,342.61,0,0,0,0,0,63,0,0,303
118.07,1544433044,792.38,51.494500,7.415488,155.00,0.00,0.00,342.61,0,0,0,0,0,63,0,0,245
119.07,1544433045,792.38,51.494504,7.415488,155.17,0.00,0.00,355.07,0,-99,-15,0,0,42,0,0,38
119.07,1544433045,792.38,51.494504,7.415488,155.17,0.00,0.00,355.07,0,-101,-17,0,0,42,0,0,34
119.07,1544433045,792.38,51.494504,7.415488,155.17,0.00,0.00,355.07,0,-101,-18,0,0,42,0,0,65
119.07,1544433045,792.38,51.494504,7.415488,155.17,0.00,0.00,355.07,0,-111,-17,0,0,31,0,0,16
119.07,1544433045,792.38,51.494504,7.415488,155.17,0.00,0.00,355.07,0,-113,-17,0,0,30,0,0,367
119.07,1544433045,792.38,51.494504,7.415488,155.17,0.00,0.00,355.07,0,-115,-18,0,0,30,0,0,62
120.07,1544433046,792.38,51.494515,7.415459,155.26,1.16,0.00,300.24,0,-99,-15,0,0,42,0,0,38
120.07,1544433046,792.38,51.494515,7.415459,155.26,1.16,0.00,300.24,0,-101,-17,0,0,42,0,0,34
120.07,1544433046,792.38,51.494515,7.415459,155.26,1.16,0.00,300.24,0,-101,-18,0,0,42,0,0,65
120.08,1544433046,792.38,51.494515,7.415459,155.26,1.16,0.00,300.24,0,-111,-17,0,0,31,0,0,16
120.08,1544433046,792.38,51.494515,7.415459,155.26,1.16,0.00,300.24,0,-113,-17,0,0,30,0,0,367
120.08,1544433046,792.38,51.494515,7.415459,155.26,1.16,0.00,300.24,0,-115,-18,0,0,30,0,0,62
121.07,1544433047,793.54,51.494520,7.415386,156.20,2.65,0.00,269.00,0,-96,-15,0,0,45,0,0,38
121.07,1544433047,793.54,51.494520,7.415386,156.20,2.65,0.00,269.00,0,-98,-17,0,0,45,0,0,34
121.07,1544433047,793.54,51.494520,7.415386,156.20,2.65,0.00,269.00,0,-100,-20,0,0,45,0,0,65
121.07,1544433047,793.55,51.494520,7.415386,156.20,2.65,0.00,269.00,0,-110,-15,0,0,31,0,0,16
121.07,1544433047,793.55,51.494520,7.415386,156.20,2.65,0.00,269.00,0,-111,-15,0,0,31,0,0,367
121.07,1544433047,793.55,51.494520,7.415386,156.20,2.65,0.00,269.00,0,-111,-16,0,0,30,0,0,17
122.07,1544433048,796.20,51.494513,7.415255,156.91,4.07,0.00,256.37,0,-96,-15,0,0,45,0,0,38
122.07,1544433048,796.20,51.494513,7.415255,156.91,4.07,0.00,256.37,0,-98,-17,0,0,45,0,0,34
122.07,1544433048,796.20,51.494513,7.415255,156.91,4.07,0.00,256.37,0,-100,-20,0,0,45,0,0,65
122.07,1544433048,796.20,51.494513,7.415255,156.91,4.07,0.00,256.37,0,-110,-15,0,0,31,0,0,16
122.08,1544433048,796.21,51.494513,7.415255,156.91,4.07,0.00,256.37,0,-111,-15,0,0,31,0,0,367
122.08,1544433048,796.21,51.494513,7.415255,156.91,4.07,0.00,256.37,0,-111,-16,0,0,30,0,0,17
123.07,1544433049,800.26,51.494514,7.415153,157.62,5.01,0.00,267.07,0,-97,-14,0,0,43,0,0,38
123.07,1544433049,800.26,51.494514,7.415153,157.62,5.01,0.00,267.07,0,-99,-15,0,0,43,0,0,34
123.07,1544433049,800.26,51.494514,7.415153,157.62,5.01,0.00,267.07,0,-102,-19,0,0,43,0,0,65
124.07,1544433050,805.27,51.494510,7.415027,157.94,6.09,0.00,268.00,0,-97,-14,0,0,43,0,0,38
124.07,1544433050,805.28,51.494510,7.415027,157.94,6.09,0.00,268.00,0,-99,-15,0,0,43,0,0,34
124.07,1544433050,805.28,51.494510,7.415027,157.94,6.09,0.00,268.00,0,-102,-19,0,0,43,0,0,65
125.07,1544433051,811.37,51.494492,7.414882,157.91,7.27,0.00,258.71,0,-103,-20,0,0,43,0,0,37
125.07,1544433051,811.38,51.494492,7.414882,157.91,7.27,0.00,258.71,0,-103,-20,0,0,43,0,0,38
125.07,1544433051,811.38,51.494492,7.414882,157.91,7.27,0.00,258.71,0,-112,-17,0,0,30,0,0,306
125.07,1544433051,811.38,51.494492,7.414882,157.91,7.27,0.00,258.71,0,-113,-16,0,0,30,0,0,450
125.07,1544433051,811.39,51.494492,7.414882,157.91,7.27,0.00,258.71,0,-114,-17,0,0,30,0,0,62
126.07,1544433052,818.64,51.494470,7.414704,157.77,11.53,0.00,257.75,0,-103,-20,0,0,43,0,0,37
126.07,1544433052,818.65,51.494470,7.414704,157.77,11.53,0.00,257.75,0,-103,-20,0,0,43,0,0,38
126.07,1544433052,818.66,51.494470,7.414704,157.77,11.53,0.00,257.75,0,-112,-17,0,0,30,0,0,306
126.07,1544433052,818.67,51.494470,7.414704,157.77,11.53,0.00,257.75,0,-113,-16,0,0,30,0,0,450
126.07,1544433052,818.67,51.494470,7.414704,157.77,11.53,0.00,257.75,0,-114,-17,0,0,30,0,0,62
127.07,1544433053,830.17,51.494450,7.414537,157.59,11.94,0.00,258.25,0,-102,-19,0,0,42,0,0,275
127.07,1544433053,830.18,51.494450,7.414537,157.59,11.94,0.00,258.25,0,-103,-19,0,0,42,0,0,38
128.07,1544433054,842.10,51.494423,7.414365,157.58,11.88,0.00,258.61,0,-102,-19,0,0,42,0,0,275
128.07,1544433054,842.11,51.494423,7.414365,157.58,11.88,0.00,258.61,0,-103,-19,0,0,42,0,0,38
129.07,1544433055,853.98,51.494396,7.414187,157.85,12.10,0.00,258.71,0,-97,-16,0,0,45,0,0,275
129.07,1544433055,853.98,51.494396,7.414187,157.85,12.10,0.00,258.71,0,-100,-19,0,0,45,0,0,38
130.07,1544433056,866.07,51.494370,7.414013,158.02,12.35,0.00,258.47,0,-97,-16,0,0,45,0,0,275
130.07,1544433056,866.07,51.494370,7.414013,158.02,12.35,0.00,258.47,0,-100,-19,0,0,45,0,0,38
131.07,1544433057,878.42,51.494342,7.413825,158.50,12.48,0.00,258.06,0,-100,-17,0,0,42,0,0,38
131.07,1544433057,878.43,51.494342,7.413825,158.50,12.48,0.00,258.06,0,-102,-18,0,0,42,0,0,65
131.07,1544433057,878.44,51.494342,7.413825,158.50,12.48,0.00,258.06,0,-103,-19,0,0,42,0,0,275
132.07,1544433058,890.90,51.494315,7.413639,158.84,12.08,0.00,257.71,0,-100,-17,0,0,42,0,0,38
132.07,1544433058,890.91,51.494315,7.413639,158.84,12.08,0.00,257.71,0,-102,-18,0,0,42,0,0,65
132.07,1544433058,890.92,51.494315,7.413639,158.84,12.08,0.00,257.71,0,-103,-19,0,0,42,0,0,275
133.07,1544433059,902.97,51.494290,7.413463,159.20,11.91,0.00,257.20,0,-98,-14,0,0,42,0,0,38
133.07,1544433059,902.99,51.494290,7.413463,159.20,11.91,0.00,257.20,0,-99,-14,0,0,42,0,0,65
133.07,1544433059,903.00,51.494290,7.413463,159.20,11.91,0.00,257.20,0,-101,-18,0,0,42,0,0,37
134.07,1544433060,914.90,51.494265,7.413303,159.58,12.13,0.00,257.24,0,-98,-14,0,0,42,0,0,38
134.07,1544433060,914.90,51.494265,7.413303,159.58,12.13,0.00,257.24,0,-99,-14,0,0,42,0,0,65
134.07,1544433060,914.91,51.494265,7.413303,159.58,12.13,0.00,257.24,0,-101,-18,0,0,42,0,0,37
135.07,1544433061,927.01,51.494239,7.413134,159.63,12.36,0.00,257.57,0,-96,-14,0,0,44,0,0,38
135.07,1544433061,927.01,51.494239,7.413134,159.63,12.36,0.00,257.57,0,-99,-17,0,0,44,0,0,65
135.07,1544433061,927.02,51.494239,7.413134,159.63,12.36,0.00,257.57,0,-100,-18,0,0,44,0,0,37
135.07,1544433061,927.02,51.494239,7.413134,159.63,12.36,0.00,257.57,0,-112,-15,0,0,29,0,0,450
135.07,1544433061,927.02,51.494239,7.413134,159.63,12.36,0.00,257.57,0,-114,-17,0,0,30,0,0,367
135.07,1544433061,927.03,51.494239,7.413134,159.63,12.36,0.00,257.57,0,-115,-18,0,0,30,0,0,17
136.07,1544433062,939.42,51.494214,7.412970,159.63,12.47,0.00,258.14,0,-96,-14,0,0,44,0,0,38
136.07,1544433062,939.43,51.494214,7.412970,159.63,12.47,0.00,258.14,0,-99,-17,0,0,44,0,0,65
136.07,1544433062,939.44,51.494214,7.412970,159.63,12.47,0.00,258.14,0,-100,-18,0,0,44,0,0,37
136.07,1544433062,939.46,51.494214,7.412970,159.63,12.47,0.00,258.14,0,-112,-15,0,0,29,0,0,450
136.07,1544433062,939.46,51.494214,7.412970,159.63,12.47,0.00,258.14,0,-114,-17,0,0,30,0,0,367
136.08,1544433062,939.47,51.494214,7.412970,159.63,12.47,0.00,258.14,0,-115,-18,0,0,30,0,0,17
139.08,1544433065,977.63,51.494148,7.412447,158.79,12.96,0.00,257.54,0,-97,-16,0,0,45,0,0,65
139.08,1544433065,977.64,51.494148,7.412447,158.79,12.96,0.00,257.54,0,-99,-17,0,0,45,0,0,34
139.08,1544433065,977.64,51.494148,7.412447,158.79,12.96,0.00,257.54,0,-101,-20,0,0,45,0,0,37
139.08,1544433065,977.65,51.494148,7.412447,158.79,12.96,0.00,257.54,0,-108,-14,0,0,32,0,0,450
139.08,1544433065,977.66,51.494148,7.412447,158.79,12.96,0.00,257.54,0,-113,-19,0,0,32,0,0,367
140.07,1544433066,990.50,51.494125,7.412249,159.20,12.73,0.00,257.72,0,-97,-16,0,0,45,0,0,65
140.07,1544433066,990.52,51.494125,7.412249,159.20,12.73,0.00,257.72,0,-99,-17,0,0,45,0,0,34
140.07,1544433066,990.53,51.494125,7.412249,159.20,12.73,0.00,257.72,0,-101,-20,0,0,45,0,0,37
140.07,1544433066,990.53,51.494125,7.412249,159.20,12.73,0.00,257.72,0,-108,-14,0,0,32,0,0,450
140.08,1544433066,990.57,51.494125,7.412249,159.20,12.73,0.00,257.72,0,-113,-19,0,0,32,0,0,367
141.07,1544433067,1003.24,51.494102,7.412069,159.48,12.85,0.00,257.35,0,-97,-16,0,0,45,0,0,65
141.07,1544433067,1003.24,51.494102,7.412069,159.48,12.85,0.00,257.35,0,-99,-17,0,0,45,0,0,34
141.07,1544433067,1003.25,51.494102,7.412069,159.48,12.85,0.00,257.35,0,-101,-20,0,0,45,0,0,37
141.07,1544433067,1003.26,51.494102,7.412069,159.48,12.85,0.00,257.35,0,-108,-14,0,0,32,0,0,450
141.08,1544433067,1003.28,51.494102,7.412069,159.48,12.85,0.00,257.35,0,-113,-19,0,0,32,0,0,367
142.07,1544433068,1016.05,51.494083,7.411880,159.90,13.41,0.00,257.81,0,-96,-18,0,0,47,0,0,34
142.07,1544433068,1016.06,51.494083,7.411880,159.90,13.41,0.00,257.81,0,-97,-20,0,0,48,0,0,37
142.07,1544433068,1016.06,51.494083,7.411880,159.90,13.41,0.00,257.81,0,-98,-20,0,0,48,0,0,65
143.07,1544433069,1029.46,51.494060,7.411695,160.28,13.28,0.00,257.83,0,-96,-18,0,0,47,0,0,34
143.07,1544433069,1029.48,51.494060,7.411695,160.28,13.28,0.00,257.83,0,-97,-20,0,0,48,0,0,37
143.07,1544433069,1029.48,51.494060,7.411695,160.28,13.28,0.00,257.83,0,-98,-20,0,0,48,0,0,65
144.07,1544433070,1042.73,51.494035,7.411484,160.99,13.52,0.00,258.40,0,-94,-15,0,0,46,0,0,34
144.07,1544433070,1042.73,51.494035,7.411484,160.99,13.52,0.00,258.40,0,-98,-17,0,0,46,0,0,65
145.07,1544433071,1056.26,51.494009,7.411299,161.42,13.68,0.00,257.68,0,-94,-15,0,0,46,0,0,34
145.07,1544433071,1056.28,51.494009,7.411299,161.42,13.68,0.00,257.68,0,-98,-17,0,0,46,0,0,65
146.07,1544433072,1069.94,51.493982,7.411106,161.92,13.61,0.00,258.14,0,-95,-15,0,0,45,0,0,34
146.07,1544433072,1069.96,51.493982,7.411106,161.92,13.61,0.00,258.14,0,-98,-17,0,0,45,0,0,65
147.07,1544433073,1083.56,51.493954,7.410922,162.21,13.61,0.00,257.59,0,-95,-15,0,0,45,0,0,34
147.07,1544433073,1083.57,51.493954,7.410922,162.21,13.61,0.00,257.59,0,-98,-17,0,0,45,0,0,65
148.07,1544433074,1097.20,51.493925,7.410724,162.58,13.60,0.00,256.94,0,-97,-18,0,0,47,0,0,34
148.07,1544433074,1097.21,51.493925,7.410724,162.58,13.60,0.00,256.94,0,-97,-18,0,0,47,0,0,65
148.07,1544433074,1097.22,51.493925,7.410724,162.58,13.60,0.00,256.94,0,-99,-20,0,0,47,0,0,37
148.07,1544433074,1097.24,51.493925,7.410724,162.58,13.60,0.00,256.94,0,-101,-10,0,0,36,0,0,450
149.07,1544433075,1110.79,51.493896,7.410522,163.25,13.70,0.00,257.89,0,-97,-18,0,0,47,0,0,34
149.07,1544433075,1110.79,51.493896,7.410522,163.25,13.70,0.00,257.89,0,-97,-18,0,0,47,0,0,65
149.07,1544433075,1110.81,51.493896,7.410522,163.25,13.70,0.00,257.89,0,-99,-20,0,0,47,0,0,37
149.07,1544433075,1110.82,51.493896,7.410522,163.25,13.70,0.00,257.89,0,-101,-10,0,0,36,0,0,450
150.07,1544433076,1124.44,51.493869,7.410328,163.62,13.46,0.00,258.04,0,-94,-15,0,0,48,0,0,34
150.07,1544433076,1124.44,51.493869,7.410328,163.62,13.46,0.00,258.04,0,-98,-19,0,0,48,0,0,65
151.07,1544433077,1137.92,51.493844,7.410131,164.04,13.70,0.00,257.79,0,-94,-15,0,0,48,0,0,34
151.07,1544433077,1137.95,51.493844,7.410131,164.04,13.70,0.00,257.79,0,-98,-19,0,0,48,0,0,65
152.07,1544433078,1151.62,51.493820,7.409939,164.21,13.85,0.00,257.87,0,-93,-14,0,0,46,0,0,34
152.07,1544433078,1151.63,51.493820,7.409939,164.21,13.85,0.00,257.87,0,-96,-17,0,0,46,0,0,65
153.07,1544433079,1165.46,51.493794,7.409747,164.13,14.07,0.00,257.99,0,-93,-14,0,0,46,0,0,34
153.07,1544433079,1165.48,51.493794,7.409747,164.13,14.07,0.00,257.99,0,-96,-17,0,0,46,0,0,65
154.07,1544433080,1179.56,51.493769,7.409544,164.28,13.81,0.00,257.90,0,-95,-18,0,0,49,0,0,38
154.07,1544433080,1179.56,51.493769,7.409544,164.28,13.81,0.00,257.90,0,-96,-18,0,0,49,0,0,65
154.07,1544433080,1179.57,51.493769,7.409544,164.28,13.81,0.00,257.90,0,-100,-10,0,0,37,0,0,450
154.07,1544433080,1179.58,51.493769,7.409544,164.28,13.81,0.00,257.90,0,-104,-16,0,0,39,0,0,76
155.07,1544433081,1193.37,51.493743,7.409358,164.36,13.53,0.00,257.93,0,-95,-18,0,0,49,0,0,38
155.07,1544433081,1193.38,51.493743,7.409358,164.36,13.53,0.00,257.93,0,-96,-18,0,0,49,0,0,65
155.07,1544433081,1193.38,51.493743,7.409358,164.36,13.53,0.00,257.93,0,-100,-10,0,0,37,0,0,450
155.07,1544433081,1193.39,51.493743,7.409358,164.36,13.53,0.00,257.93,0,-104,-16,0,0,39,0,0,76
156.09,1544433082,1207.12,51.493718,7.409173,164.40,13.67,0.00,257.64,0,-97,-17,0,0,47,0,0,38
156.09,1544433082,1207.14,51.493718,7.409173,164.40,13.67,0.00,257.64,0,-97,-18,0,0,47,0,0,65
156.09,1544433082,1207.14,51.493718,7.409173,164.40,13.67,0.00,257.64,0,-98,-13,0,0,41,0,0,450
156.09,1544433082,1207.16,51.493718,7.409173,164.40,13.67,0.00,257.64,0,-104,-20,0,0,42,0,0,76
157.07,1544433083,1220.55,51.493692,7.408978,164.80,13.66,0.00,257.68,0,-97,-17,0,0,47,0,0,38
157.07,1544433083,1220.57,51.493692,7.408978,164.80,13.66,0.00,257.68,0,-97,-18,0,0,47,0,0,65
157.07,1544433083,1220.57,51.493692,7.408978,164.80,13.66,0.00,257.68,0,-98,-13,0,0,41,0,0,450
157.07,1544433083,1220.58,51.493692,7.408978,164.80,13.66,0.00,257.68,0,-104,-20,0,0,42,0,0,76
158.07,1544433084,1234.24,51.493666,7.408774,165.39,13.50,0.00,258.22,0,-93,-12,0,0,45,0,0,38
158.07,1544433084,1234.25,51.493666,7.408774,165.39,13.50,0.00,258.22,0,-97,-16,0,0,45,0,0,65
158.07,1544433084,1234.27,51.493666,7.408774,165.39,13.50,0.00,258.22,0,-99,-11,0,0,38,0,0,450
158.07,1544433084,1234.27,51.493666,7.408774,165.39,13.50,0.00,258.22,0,-106,-19,0,0,39,0,0,76
159.07,1544433085,1247.72,51.493640,7.408583,165.81,13.61,0.00,258.20,0,-93,-12,0,0,45,0,0,38
159.07,1544433085,1247.73,51.493640,7.408583,165.81,13.61,0.00,258.20,0,-97,-16,0,0,45,0,0,65
159.07,1544433085,1247.75,51.493640,7.408583,165.81,13.61,0.00,258.20,0,-99,-11,0,0,38,0,0,450
159.07,1544433085,1247.75,51.493640,7.408583,165.81,13.61,0.00,258.20,0,-106,-19,0,0,39,0,0,76
160.08,1544433086,1261.44,51.493614,7.408400,165.97,13.62,0.00,258.00,0,-95,-14,0,0,45,0,0,38
160.08,1544433086,1261.45,51.493614,7.408400,165.97,13.62,0.00,258.00,0,-98,-17,0,0,45,0,0,65
160.08,1544433086,1261.46,51.493614,7.408400,165.97,13.62,0.00,258.00,0,-92,-12,0,0,46,0,0,450
161.07,1544433087,1274.92,51.493589,7.408203,165.85,14.06,0.00,258.14,0,-95,-14,0,0,45,0,0,38
161.07,1544433087,1274.94,51.493589,7.408203,165.85,14.06,0.00,258.14,0,-98,-17,0,0,45,0,0,65
161.07,1544433087,1274.94,51.493589,7.408203,165.85,14.06,0.00,258.14,0,-92,-12,0,0,46,0,0,450
162.07,1544433088,1288.99,51.493563,7.408001,166.16,14.34,0.00,257.79,0,-95,-14,0,0,45,0,0,38
162.07,1544433088,1289.01,51.493563,7.408001,166.16,14.34,0.00,257.79,0,-98,-17,0,0,45,0,0,65
162.07,1544433088,1289.02,51.493563,7.408001,166.16,14.34,0.00,257.79,0,-92,-12,0,0,46,0,0,450
163.07,1544433089,1303.33,51.493538,7.407812,166.79,14.13,0.00,258.10,0,-96,-14,0,0,44,0,0,38
163.07,1544433089,1303.35,51.493538,7.407812,166.79,14.13,0.00,258.10,0,-97,-15,0,0,44,0,0,65
163.07,1544433089,1303.36,51.493538,7.407812,166.79,14.13,0.00,258.10,0,-91,-11,0,0,47,0,0,450
164.07,1544433090,1317.46,51.493511,7.407613,167.05,13.91,0.00,259.04,0,-96,-14,0,0,44,0,0,38
164.07,1544433090,1317.46,51.493511,7.407613,167.05,13.91,0.00,259.04,0,-97,-15,0,0,44,0,0,65
164.07,1544433090,1317.47,51.493511,7.407613,167.05,13.91,0.00,259.04,0,-91,-11,0,0,47,0,0,450
165.07,1544433091,1331.37,51.493484,7.407420,166.97,13.66,0.00,259.01,0,-97,-14,0,0,43,0,0,65
165.07,1544433091,1331.37,51.493484,7.407420,166.97,13.66,0.00,259.01,0,-100,-17,0,0,43,0,0,38
165.07,1544433091,1331.38,51.493484,7.407420,166.97,13.66,0.00,259.01,0,-91,-10,0,0,46,0,0,450
166.07,1544433092,1345.01,51.493457,7.407216,166.99,13.53,0.00,258.05,0,-97,-14,0,0,43,0,0,65
166.07,1544433092,1345.03,51.493457,7.407216,166.99,13.53,0.00,258.05,0,-100,-17,0,0,43,0,0,38
166.07,1544433092,1345.04,51.493457,7.407216,166.99,13.53,0.00,258.05,0,-91,-10,0,0,46,0,0,450
167.07,1544433093,1358.56,51.493432,7.407035,167.00,13.21,0.00,257.87,0,-98,-14,0,0,43,0,0,65
167.07,1544433093,1358.57,51.493432,7.407035,167.00,13.21,0.00,257.87,0,-98,-14,0,0,43,0,0,38
167.07,1544433093,1358.59,51.493432,7.407035,167.00,13.21,0.00,257.87,0,-89,-7,0,0,46,0,0,450
167.07,1544433093,1358.59,51.493432,7.407035,167.00,13.21,0.00,257.87,0,-225,-225,0,0,63,0,0,149
167.07,1544433093,1358.60,51.493432,7.407035,167.00,13.21,0.00,257.87,0,-225,-225,0,0,63,0,0,382
167.07,1544433093,1358.61,51.493432,7.407035,167.00,13.21,0.00,257.87,0,-225,-225,0,0,63,0,0,130
168.07,1544433094,1371.81,51.493408,7.406847,166.92,13.30,0.00,257.54,0,-98,-14,0,0,43,0,0,65
168.07,1544433094,1371.81,51.493408,7.406847,166.92,13.30,0.00,257.54,0,-98,-14,0,0,43,0,0,38
168.07,1544433094,1371.82,51.493408,7.406847,166.92,13.30,0.00,257.54,0,-89,-7,0,0,46,0,0,450
168.07,1544433094,1371.83,51.493408,7.406847,166.92,13.30,0.00,257.54,0,-225,-225,0,0,63,0,0,149
168.08,1544433094,1371.85,51.493408,7.406847,166.92,13.30,0.00,257.54,0,-225,-225,0,0,63,0,0,382
168.08,1544433094,1371.85,51.493408,7.406847,166.92,13.30,0.00,257.54,0,-225,-225,0,0,63,0,0,130
169.07,1544433095,1385.11,51.493384,7.406656,166.99,13.53,0.00,257.84,0,-97,-15,0,0,45,0,0,38
169.07,1544433095,1385.12,51.493384,7.406656,166.99,13.53,0.00,257.84,0,-99,-17,0,0,45,0,0,65
169.07,1544433095,1385.12,51.493384,7.406656,166.99,13.53,0.00,257.84,0,-100,-19,0,0,45,0,0,35
169.07,1544433095,1385.14,51.493384,7.406656,166.99,13.53,0.00,257.84,0,-84,-11,0,0,53,0,0,450
169.08,1544433095,1385.15,51.493384,7.406656,166.99,13.53,0.00,257.84,0,-225,-225,0,0,63,0,0,149
169.08,1544433095,1385.15,51.493384,7.406656,166.99,13.53,0.00,257.84,0,-225,-225,0,0,63,0,0,382
169.08,1544433095,1385.16,51.493384,7.406656,166.99,13.53,0.00,257.84,0,-225,-225,0,0,63,0,0,130
170.07,1544433096,1398.61,51.493358,7.406465,166.74,13.78,0.00,257.68,0,-97,-15,0,0,45,0,0,38
170.07,1544433096,1398.62,51.493358,7.406465,166.74,13.78,0.00,257.68,0,-99,-17,0,0,45,0,0,65
170.07,1544433096,1398.62,51.493358,7.406465,166.74,13.78,0.00,257.68,0,-100,-19,0,0,45,0,0,35
170.07,1544433096,1398.62,51.493358,7.406465,166.74,13.78,0.00,257.68,0,-84,-11,0,0,53,0,0,450
170.07,1544433096,1398.63,51.493358,7.406465,166.74,13.78,0.00,257.68,0,-225,-225,0,0,63,0,0,149
170.07,1544433096,1398.63,51.493358,7.406465,166.74,13.78,0.00,257.68,0,-225,-225,0,0,63,0,0,382
170.07,1544433096,1398.63,51.493358,7.406465,166.74,13.78,0.00,257.68,0,-225,-225,0,0,63,0,0,130
171.07,1544433097,1412.38,51.493332,7.406275,166.36,13.62,0.00,257.91,0,-97,-18,0,0,47,0,0,38
171.07,1544433097,1412.39,51.493332,7.406275,166.36,13.62,0.00,257.91,0,-98,-19,0,0,47,0,0,35
171.07,1544433097,1412.40,51.493332,7.406275,166.36,13.62,0.00,257.91,0,-88,-12,0,0,49,0,0,450
172.07,1544433098,1426.01,51.493305,7.406075,166.34,13.46,0.00,257.74,0,-97,-18,0,0,47,0,0,38
172.07,1544433098,1426.02,51.493305,7.406075,166.34,13.46,0.00,257.74,0,-98,-19,0,0,47,0,0,35
172.07,1544433098,1426.04,51.493305,7.406075,166.34,13.46,0.00,257.74,0,-88,-12,0,0,49,0,0,450
173.06,1544433099,1439.40,51.493279,7.405883,166.38,13.62,0.00,257.96,0,-94,-19,0,0,50,0,0,35
173.07,1544433099,1439.41,51.493279,7.405883,166.38,13.62,0.00,257.96,0,-86,-11,0,0,51,0,0,450
174.07,1544433100,1453.03,51.493253,7.405688,166.54,14.09,0.00,257.95,0,-94,-19,0,0,50,0,0,35
174.07,1544433100,1453.03,51.493253,7.405688,166.54,14.09,0.00,257.95,0,-86,-11,0,0,51,0,0,450
175.07,1544433101,1467.18,51.493227,7.405483,166.95,14.44,0.00,257.93,0,-100,-18,0,0,44,0,0,52
175.07,1544433101,1467.19,51.493227,7.405483,166.95,14.44,0.00,257.93,0,-101,-20,0,0,43,0,0,65
175.07,1544433101,1467.19,51.493227,7.405483,166.95,14.44,0.00,257.93,0,-92,-9,0,0,43,0,0,450
176.07,1544433102,1481.61,51.493200,7.405278,167.27,14.92,0.00,257.89,0,-100,-18,0,0,44,0,0,52
176.07,1544433102,1481.63,51.493200,7.405278,167.27,14.92,0.00,257.89,0,-101,-20,0,0,43,0,0,65
176.07,1544433102,1481.64,51.493200,7.405278,167.27,14.92,0.00,257.89,0,-92,-9,0,0,43,0,0,450
177.07,1544433103,1496.57,51.493173,7.405073,167.40,14.87,0.00,257.87,0,-103,-17,0,0,40,0,0,38
177.07,1544433103,1496.58,51.493173,7.405073,167.40,14.87,0.00,257.87,0,-104,-18,0,0,40,0,0,65
177.07,1544433103,1496.60,51.493173,7.405073,167.40,14.87,0.00,257.87,0,-105,-20,0,0,40,0,0,35
177.07,1544433103,1496.60,51.493173,7.405073,167.40,14.87,0.00,257.87,0,-93,-9,0,0,42,0,0,450
177.07,1544433103,1496.61,51.493173,7.405073,167.40,14.87,0.00,257.87,0,-98,-11,0,0,41,0,0,313
178.07,1544433104,1511.42,51.493147,7.404868,167.27,14.45,0.00,257.95,0,-103,-17,0,0,40,0,0,38
178.07,1544433104,1511.44,51.493147,7.404868,167.27,14.45,0.00,257.95,0,-104,-18,0,0,40,0,0,65
178.07,1544433104,1511.44,51.493147,7.404868,167.27,14.45,0.00,257.95,0,-105,-20,0,0,40,0,0,35
178.07,1544433104,1511.45,51.493147,7.404868,167.27,14.45,0.00,257.95,0,-93,-9,0,0,42,0,0,450
178.07,1544433104,1511.47,51.493147,7.404868,167.27,14.45,0.00,257.95,0,-98,-11,0,0,41,0,0,313
179.07,1544433105,1525.88,51.493121,7.404665,167.05,14.33,0.00,258.08,0,-104,-17,0,0,39,0,0,38
179.07,1544433105,1525.89,51.493121,7.404665,167.05,14.33,0.00,258.08,0,-105,-18,0,0,39,0,0,65
179.07,1544433105,1525.90,51.493121,7.404665,167.05,14.33,0.00,258.08,0,-105,-19,0,0,38,0,0,35
179.07,1544433105,1525.90,51.493121,7.404665,167.05,14.33,0.00,258.08,0,-88,-10,0,0,48,0,0,450
180.07,1544433106,1540.23,51.493096,7.404464,166.64,14.55,0.00,258.11,0,-104,-17,0,0,39,0,0,38
180.07,1544433106,1540.23,51.493096,7.404464,166.64,14.55,0.00,258.11,0,-105,-18,0,0,39,0,0,65
180.07,1544433106,1540.24,51.493096,7.404464,166.64,14.55,0.00,258.11,0,-105,-19,0,0,38,0,0,35
180.07,1544433106,1540.25,51.493096,7.404464,166.64,14.55,0.00,258.11,0,-88,-10,0,0,48,0,0,450
181.08,1544433107,1554.89,51.493071,7.404263,166.18,14.33,0.00,258.06,0,-104,-17,0,0,39,0,0,38
181.08,1544433107,1554.91,51.493071,7.404263,166.18,14.33,0.00,258.06,0,-105,-18,0,0,39,0,0,35
181.08,1544433107,1554.92,51.493071,7.404263,166.18,14.33,0.00,258.06,0,-106,-19,0,0,39,0,0,436
181.08,1544433107,1554.92,51.493071,7.404263,166.18,14.33,0.00,258.06,0,-91,-12,0,0,47,0,0,450
182.07,1544433108,1569.06,51.493045,7.404060,165.80,14.20,0.00,258.79,0,-104,-17,0,0,39,0,0,38
182.07,1544433108,1569.07,51.493045,7.404060,165.80,14.20,0.00,258.79,0,-105,-18,0,0,39,0,0,35
182.07,1544433108,1569.09,51.493045,7.404060,165.80,14.20,0.00,258.79,0,-106,-19,0,0,39,0,0,436
182.07,1544433108,1569.09,51.493045,7.404060,165.80,14.20,0.00,258.79,0,-91,-12,0,0,47,0,0,450
183.07,1544433109,1583.29,51.493024,7.403862,165.53,14.01,0.00,259.41,0,-104,-17,0,0,39,0,0,38
183.07,1544433109,1583.30,51.493024,7.403862,165.53,14.01,0.00,259.41,0,-105,-18,0,0,39,0,0,35
183.07,1544433109,1583.31,51.493024,7.403862,165.53,14.01,0.00,259.41,0,-106,-19,0,0,39,0,0,436
183.07,1544433109,1583.31,51.493024,7.403862,165.53,14.01,0.00,259.41,0,-91,-12,0,0,47,0,0,450
184.07,1544433110,1597.30,51.493005,7.403659,165.42,13.41,0.00,261.45,0,-103,-16,0,0,39,0,0,398
184.07,1544433110,1597.32,51.493005,7.403659,165.42,13.41,0.00,261.45,0,-103,-16,0,0,39,0,0,35
184.07,1544433110,1597.33,51.493005,7.403659,165.42,13.41,0.00,261.45,0,-105,-19,0,0,39,0,0,27
184.07,1544433110,1597.34,51.493005,7.403659,165.42,13.41,0.00,261.45,0,-93,-11,0,0,44,0,0,450
184.08,1544433110,1597.36,51.493005,7.403659,165.42,13.41,0.00,261.45,0,0,0,0,0,63,0,0,130
185.07,1544433111,1610.69,51.492996,7.403472,165.41,13.23,0.00,263.79,0,-103,-16,0,0,39,0,0,398
185.07,1544433111,1610.70,51.492996,7.403472,165.41,13.23,0.00,263.79,0,-103,-16,0,0,39,0,0,35
185.07,1544433111,1610.70,51.492996,7.403472,165.41,13.23,0.00,263.79,0,-105,-19,0,0,39,0,0,27
185.07,1544433111,1610.71,51.492996,7.403472,165.41,13.23,0.00,263.79,0,-93,-11,0,0,44,0,0,450
185.07,1544433111,1610.73,51.492996,7.403472,165.41,13.23,0.00,263.79,0,0,0,0,0,63,0,0,130
186.07,1544433112,1623.93,51.492990,7.403285,165.30,13.47,0.00,265.10,0,-98,-14,0,0,42,0,0,35
186.07,1544433112,1623.93,51.492990,7.403285,165.30,13.47,0.00,265.10,0,-102,-18,0,0,42,0,0,398
186.07,1544433112,1623.95,51.492990,7.403285,165.30,13.47,0.00,265.10,0,-104,-20,0,0,41,0,0,38
186.07,1544433112,1623.96,51.492990,7.403285,165.30,13.47,0.00,265.10,0,-93,-10,0,0,44,0,0,450
186.07,1544433112,1623.96,51.492990,7.403285,165.30,13.47,0.00,265.10,0,0,0,0,0,63,0,0,130
187.07,1544433113,1637.40,51.492982,7.403088,165.20,13.05,0.00,265.54,0,-98,-14,0,0,42,0,0,35
187.07,1544433113,1637.41,51.492982,7.403088,165.20,13.05,0.00,265.54,0,-102,-18,0,0,42,0,0,398
187.07,1544433113,1637.43,51.492982,7.403088,165.20,13.05,0.00,265.54,0,-104,-20,0,0,41,0,0,38
187.07,1544433113,1637.43,51.492982,7.403088,165.20,13.05,0.00,265.54,0,-93,-10,0,0,44,0,0,450
187.07,1544433113,1637.44,51.492982,7.403088,165.20,13.05,0.00,265.54,0,0,0,0,0,63,0,0,130
188.07,1544433114,1650.45,51.492977,7.402901,165.47,12.05,0.00,266.41,0,-99,-15,0,0,42,0,0,35
188.07,1544433114,1650.46,51.492977,7.402901,165.47,12.05,0.00,266.41,0,-99,-15,0,0,43,0,0,398
188.07,1544433114,1650.46,51.492977,7.402901,165.47,12.05,0.00,266.41,0,-92,-9,0,0,43,0,0,450
188.07,1544433114,1650.47,51.492977,7.402901,165.47,12.05,0.00,266.41,0,0,0,0,0,63,0,0,130
189.07,1544433115,1662.50,51.492977,7.402740,165.77,10.44,0.00,267.73,0,-99,-15,0,0,42,0,0,35
189.07,1544433115,1662.51,51.492977,7.402740,165.77,10.44,0.00,267.73,0,-99,-15,0,0,43,0,0,398
189.07,1544433115,1662.51,51.492977,7.402740,165.77,10.44,0.00,267.73,0,-92,-9,0,0,43,0,0,450
189.07,1544433115,1662.52,51.492977,7.402740,165.77,10.44,0.00,267.73,0,0,0,0,0,63,0,0,130
190.07,1544433116,1672.89,51.492978,7.402608,165.73,9.36,0.00,268.98,0,-101,-18,0,0,42,0,0,38
190.07,1544433116,1672.89,51.492978,7.402608,165.73,9.36,0.00,268.98,0,-102,-19,0,0,42,0,0,398
191.07,1544433117,1682.32,51.492980,7.402481,165.39,8.61,0.00,269.94,0,-101,-18,0,0,42,0,0,38
191.08,1544433117,1682.33,51.492980,7.402481,165.39,8.61,0.00,269.94,0,-102,-19,0,0,42,0,0,398
192.06,1544433118,1690.85,51.492984,7.402367,164.73,7.90,0.00,270.42,0,-92,-16,0,0,50,0,0,34
192.06,1544433118,1690.85,51.492984,7.402367,164.73,7.90,0.00,270.42,0,-91,-8,0,0,44,0,0,450
193.07,1544433119,1698.79,51.492989,7.402268,163.89,6.65,0.00,271.01,0,-92,-16,0,0,50,0,0,34
193.07,1544433119,1698.80,51.492989,7.402268,163.89,6.65,0.00,271.01,0,-91,-8,0,0,44,0,0,450
194.07,1544433120,1705.41,51.492991,7.402191,163.13,4.92,0.00,270.68,0,-92,-16,0,0,51,0,0,34
195.06,1544433121,1710.32,51.492994,7.402127,163.08,3.05,0.00,269.99,0,-92,-16,0,0,51,0,0,34
196.07,1544433122,1713.39,51.492998,7.402092,163.05,1.11,0.00,271.85,0,-96,-16,0,0,46,0,0,34
197.06,1544433123,1714.49,51.492998,7.402092,163.05,0.00,0.00,271.85,0,-96,-16,0,0,46,0,0,34
200.07,1544433126,1714.49,51.492998,7.402092,163.04,0.00,0.00,271.85,0,-96,-18,0,0,49,0,0,34
201.06,1544433127,1714.49,51.492998,7.402092,163.03,0.00,0.00,271.85,0,-96,-18,0,0,49,0,0,34
202.07,1544433128,1714.49,51.492998,7.402092,163.01,0.00,0.00,271.85,0,-97,-20,0,0,48,0,0,34
202.07,1544433128,1714.49,51.492998,7.402092,163.01,0.00,0.00,271.85,0,-91,-11,0,0,45,0,0,450
203.06,1544433129,1714.49,51.492998,7.402092,162.99,0.00,0.00,271.85,0,-97,-20,0,0,48,0,0,34
203.07,1544433129,1714.49,51.492998,7.402092,162.99,0.00,0.00,271.85,0,-91,-11,0,0,45,0,0,450
204.06,1544433130,1714.49,51.492998,7.402092,162.96,0.00,0.00,271.85,0,-97,-20,0,0,48,0,0,34
204.07,1544433130,1714.49,51.492998,7.402092,162.96,0.00,0.00,271.85,0,-91,-11,0,0,45,0,0,450
211.06,1544433137,1714.49,51.492998,7.402092,162.61,0.00,0.00,271.85,0,-91,-8,0,0,43,0,0,450
212.07,1544433138,1714.49,51.492998,7.402092,162.58,0.00,0.00,271.85,0,-91,-8,0,0,43,0,0,450
215.07,1544433141,1714.49,51.492998,7.402092,162.52,0.00,0.00,271.85,0,-97,-17,0,0,48,0,0,34
216.07,1544433142,1714.49,51.492998,7.402092,162.51,0.00,0.00,271.85,0,-97,-17,0,0,48,0,0,34
217.07,1544433143,1714.49,51.492998,7.402092,162.50,0.00,0.00,271.85,0,-97,-18,0,0,47,0,0,34
218.07,1544433144,1714.49,51.492998,7.402092,162.50,0.00,0.00,271.85,0,-97,-18,0,0,47,0,0,34
219.07,1544433145,1714.49,51.492998,7.402092,162.50,0.00,0.00,271.85,0,-97,-19,0,0,48,0,0,34
220.07,1544433146,1714.49,51.492998,7.402092,162.51,0.00,0.00,271.85,0,-97,-19,0,0,48,0,0,34
221.07,1544433147,1714.49,51.492998,7.402092,162.54,0.00,0.00,283.89,0,-94,-17,0,0,49,0,0,34
221.07,1544433147,1714.49,51.492998,7.402092,162.54,0.00,0.00,283.89,0,-91,-10,0,0,46,0,0,450
222.07,1544433148,1714.49,51.493011,7.401990,162.56,0.00,0.00,281.04,0,-94,-17,0,0,49,0,0,34
222.07,1544433148,1714.49,51.493011,7.401990,162.56,0.00,0.00,281.04,0,-91,-10,0,0,46,0,0,450
223.08,1544433149,1714.50,51.493014,7.401938,162.61,3.82,0.00,277.44,0,-95,-19,0,0,50,0,0,34
224.07,1544433150,1718.29,51.493006,7.401878,162.97,4.20,0.00,258.74,0,-95,-19,0,0,50,0,0,34
225.07,1544433151,1722.49,51.492988,7.401833,163.01,3.94,0.00,239.38,0,-95,-19,0,0,50,0,0,34
226.07,1544433152,1726.44,51.492961,7.401802,163.04,3.55,0.00,218.65,0,-94,-18,0,0,49,0,0,34
226.07,1544433152,1726.44,51.492961,7.401802,163.04,3.55,0.00,218.65,0,-95,-17,0,0,50,0,0,38
227.07,1544433153,1729.98,51.492937,7.401788,163.07,3.86,0.00,198.38,0,-94,-18,0,0,49,0,0,34
227.07,1544433153,1729.98,51.492937,7.401788,163.07,3.86,0.00,198.38,0,-95,-17,0,0,50,0,0,38
228.07,1544433154,1733.86,51.492896,7.401784,162.90,5.58,0.00,180.07,0,-96,-18,0,0,47,0,0,34
229.06,1544433155,1739.40,51.492834,7.401779,162.87,7.05,0.00,181.10,0,-96,-18,0,0,47,0,0,34
230.07,1544433156,1746.50,51.492770,7.401775,162.38,8.49,0.00,181.58,0,-98,-16,0,0,43,0,0,38
230.07,1544433156,1746.51,51.492770,7.401775,162.38,8.49,0.00,181.58,0,-101,-18,0,0,43,0,0,34
230.07,1544433156,1746.52,51.492770,7.401775,162.38,8.49,0.00,181.58,0,-101,-18,0,0,43,0,0,436
231.07,1544433157,1754.98,51.492674,7.401774,161.90,9.41,0.00,180.85,0,-98,-16,0,0,43,0,0,38
231.07,1544433157,1754.99,51.492674,7.401774,161.90,9.41,0.00,180.85,0,-101,-18,0,0,43,0,0,34
231.07,1544433157,1755.00,51.492674,7.401774,161.90,9.41,0.00,180.85,0,-101,-18,0,0,43,0,0,436
232.09,1544433158,1764.62,51.492575,7.401767,162.03,10.40,0.00,180.72,0,-101,-16,0,0,41,0,0,34
232.09,1544433158,1764.62,51.492575,7.401767,162.03,10.40,0.00,180.72,0,-102,-18,0,0,41,0,0,38
232.10,1544433158,1764.63,51.492575,7.401767,162.03,10.40,0.00,180.72,0,-103,-18,0,0,41,0,0,436
232.10,1544433158,1764.63,51.492575,7.401767,162.03,10.40,0.00,180.72,0,-90,-9,0,0,46,0,0,450
233.07,1544433159,1774.77,51.492480,7.401762,162.28,11.38,0.00,180.24,0,-101,-16,0,0,41,0,0,34
233.07,1544433159,1774.77,51.492480,7.401762,162.28,11.38,0.00,180.24,0,-102,-18,0,0,41,0,0,38
233.07,1544433159,1774.79,51.492480,7.401762,162.28,11.38,0.00,180.24,0,-103,-18,0,0,41,0,0,436
233.07,1544433159,1774.80,51.492480,7.401762,162.28,11.38,0.00,180.24,0,-90,-9,0,0,46,0,0,450
234.07,1544433160,1786.14,51.492373,7.401757,162.49,11.98,0.00,180.34,0,-103,-18,0,0,40,0,0,38
234.07,1544433160,1786.15,51.492373,7.401757,162.49,11.98,0.00,180.34,0,-103,-17,0,0,40,0,0,34
234.07,1544433160,1786.16,51.492373,7.401757,162.49,11.98,0.00,180.34,0,-103,-18,0,0,40,0,0,16
235.07,1544433161,1798.12,51.492267,7.401753,162.65,12.57,0.00,180.38,0,-103,-18,0,0,40,0,0,38
235.07,1544433161,1798.12,51.492267,7.401753,162.65,12.57,0.00,180.38,0,-103,-17,0,0,40,0,0,34
235.07,1544433161,1798.14,51.492267,7.401753,162.65,12.57,0.00,180.38,0,-103,-18,0,0,40,0,0,16
236.07,1544433162,1810.70,51.492153,7.401745,163.07,12.14,0.00,181.31,0,-103,-17,0,0,41,0,0,38
236.07,1544433162,1810.72,51.492153,7.401745,163.07,12.14,0.00,181.31,0,-104,-18,0,0,41,0,0,316
236.07,1544433162,1810.72,51.492153,7.401745,163.07,12.14,0.00,181.31,0,-104,-19,0,0,40,0,0,34
237.07,1544433163,1822.83,51.492041,7.401739,163.42,12.21,0.00,181.23,0,-103,-17,0,0,41,0,0,38
237.07,1544433163,1822.84,51.492041,7.401739,163.42,12.21,0.00,181.23,0,-104,-18,0,0,41,0,0,316
237.07,1544433163,1822.85,51.492041,7.401739,163.42,12.21,0.00,181.23,0,-104,-19,0,0,40,0,0,34
238.07,1544433164,1835.05,51.491931,7.401735,163.81,12.28,0.00,180.95,0,-102,-15,0,0,39,0,0,38
238.07,1544433164,1835.06,51.491931,7.401735,163.81,12.28,0.00,180.95,0,-105,-18,0,0,39,0,0,436
238.07,1544433164,1835.07,51.491931,7.401735,163.81,12.28,0.00,180.95,0,-105,-18,0,0,39,0,0,316
239.07,1544433165,1847.31,51.491818,7.401728,164.31,11.86,0.00,180.82,0,-102,-15,0,0,39,0,0,38
239.07,1544433165,1847.33,51.491818,7.401728,164.31,11.86,0.00,180.82,0,-105,-18,0,0,39,0,0,436
239.07,1544433165,1847.33,51.491818,7.401728,164.31,11.86,0.00,180.82,0,-105,-18,0,0,39,0,0,316
240.07,1544433166,1859.18,51.491710,7.401721,164.90,11.62,0.00,180.89,0,-105,-15,0,0,37,0,0,38
240.07,1544433166,1859.18,51.491710,7.401721,164.90,11.62,0.00,180.89,0,-107,-19,0,0,37,0,0,436
240.07,1544433166,1859.19,51.491710,7.401721,164.90,11.62,0.00,180.89,0,-108,-19,0,0,37,0,0,316
241.07,1544433167,1870.81,51.491609,7.401718,165.46,11.93,0.00,180.68,0,-105,-15,0,0,37,0,0,38
241.07,1544433167,1870.82,51.491609,7.401718,165.46,11.93,0.00,180.68,0,-107,-19,0,0,37,0,0,436
241.07,1544433167,1870.82,51.491609,7.401718,165.46,11.93,0.00,180.68,0,-108,-19,0,0,37,0,0,316
242.07,1544433168,1882.74,51.491503,7.401714,165.88,11.80,0.00,181.03,0,-104,-14,0,0,36,0,0,38
242.07,1544433168,1882.75,51.491503,7.401714,165.88,11.80,0.00,181.03,0,-108,-18,0,0,35,0,0,34
242.07,1544433168,1882.76,51.491503,7.401714,165.88,11.80,0.00,181.03,0,-109,-19,0,0,36,0,0,316
242.07,1544433168,1882.77,51.491503,7.401714,165.88,11.80,0.00,181.03,0,-90,-11,0,0,48,0,0,450
243.07,1544433169,1894.54,51.491398,7.401711,166.17,11.63,0.00,180.94,0,-104,-14,0,0,36,0,0,38
243.07,1544433169,1894.55,51.491398,7.401711,166.17,11.63,0.00,180.94,0,-108,-18,0,0,35,0,0,34
243.07,1544433169,1894.56,51.491398,7.401711,166.17,11.63,0.00,180.94,0,-109,-19,0,0,36,0,0,316
243.07,1544433169,1894.57,51.491398,7.401711,166.17,11.63,0.00,180.94,0,-90,-11,0,0,48,0,0,450
244.08,1544433170,1906.28,51.491296,7.401710,166.50,11.67,0.00,181.23,0,-102,-15,0,0,38,0,0,38
244.08,1544433170,1906.29,51.491296,7.401710,166.50,11.67,0.00,181.23,0,-103,-16,0,0,38,0,0,34
244.08,1544433170,1906.29,51.491296,7.401710,166.50,11.67,0.00,181.23,0,-105,-19,0,0,39,0,0,316
245.07,1544433171,1917.82,51.491188,7.401711,166.69,11.13,0.00,180.59,0,-102,-15,0,0,38,0,0,38
245.07,1544433171,1917.83,51.491188,7.401711,166.69,11.13,0.00,180.59,0,-103,-16,0,0,38,0,0,34
245.07,1544433171,1917.84,51.491188,7.401711,166.69,11.13,0.00,180.59,0,-105,-19,0,0,39,0,0,316
246.07,1544433172,1928.95,51.491088,7.401716,167.10,10.88,0.00,179.75,0,-102,-15,0,0,38,0,0,38
246.07,1544433172,1928.95,51.491088,7.401716,167.10,10.88,0.00,179.75,0,-103,-16,0,0,38,0,0,34
246.07,1544433172,1928.96,51.491088,7.401716,167.10,10.88,0.00,179.75,0,-105,-19,0,0,39,0,0,316
247.07,1544433173,1939.84,51.490991,7.401720,167.86,11.11,0.00,178.92,0,-102,-15,0,0,39,0,0,38
247.07,1544433173,1939.85,51.490991,7.401720,167.86,11.11,0.00,178.92,0,-103,-16,0,0,39,0,0,34
247.07,1544433173,1939.87,51.490991,7.401720,167.86,11.11,0.00,178.92,0,-106,-19,0,0,39,0,0,316
248.07,1544433174,1950.97,51.490895,7.401724,168.31,11.18,0.00,178.22,0,-102,-15,0,0,39,0,0,38
248.07,1544433174,1950.98,51.490895,7.401724,168.31,11.18,0.00,178.22,0,-103,-16,0,0,39,0,0,34
248.07,1544433174,1950.99,51.490895,7.401724,168.31,11.18,0.00,178.22,0,-106,-19,0,0,39,0,0,316
249.07,1544433175,1962.15,51.490790,7.401731,168.99,11.33,0.00,178.76,0,-105,-14,0,0,36,0,0,38
249.07,1544433175,1962.16,51.490790,7.401731,168.99,11.33,0.00,178.76,0,-107,-17,0,0,36,0,0,34
249.07,1544433175,1962.16,51.490790,7.401731,168.99,11.33,0.00,178.76,0,-109,-19,0,0,35,0,0,316
250.07,1544433176,1973.46,51.490679,7.401735,169.51,11.29,0.00,179.43,0,-105,-14,0,0,36,0,0,38
250.07,1544433176,1973.47,51.490679,7.401735,169.51,11.29,0.00,179.43,0,-107,-17,0,0,36,0,0,34
250.07,1544433176,1973.48,51.490679,7.401735,169.51,11.29,0.00,179.43,0,-109,-19,0,0,35,0,0,316
251.07,1544433177,1984.74,51.490584,7.401735,169.85,11.26,0.00,179.61,0,-107,-17,0,0,35,0,0,38
251.07,1544433177,1984.74,51.490584,7.401735,169.85,11.26,0.00,179.61,0,-109,-18,0,0,35,0,0,52
251.07,1544433177,1984.75,51.490584,7.401735,169.85,11.26,0.00,179.61,0,-110,-18,0,0,34,0,0,316
252.07,1544433178,1996.01,51.490485,7.401737,170.06,11.44,0.00,179.24,0,-107,-17,0,0,35,0,0,38
252.07,1544433178,1996.02,51.490485,7.401737,170.06,11.44,0.00,179.24,0,-109,-18,0,0,35,0,0,52
252.07,1544433178,1996.03,51.490485,7.401737,170.06,11.44,0.00,179.24,0,-110,-18,0,0,34,0,0,316
253.07,1544433179,2007.45,51.490394,7.401739,170.04,11.24,0.00,179.61,0,-108,-17,0,0,34,0,0,38
253.07,1544433179,2007.47,51.490394,7.401739,170.04,11.24,0.00,179.61,0,-110,-19,0,0,35,0,0,52
253.07,1544433179,2007.48,51.490394,7.401739,170.04,11.24,0.00,179.61,0,-111,-20,0,0,34,0,0,34
253.07,1544433179,2007.48,51.490394,7.401739,170.04,11.24,0.00,179.61,0,0,0,0,0,63,0,0,130
254.07,1544433180,2018.69,51.490298,7.401737,169.90,11.35,0.00,180.58,0,-108,-17,0,0,34,0,0,38
254.07,1544433180,2018.70,51.490298,7.401737,169.90,11.35,0.00,180.58,0,-110,-19,0,0,35,0,0,52
254.07,1544433180,2018.72,51.490298,7.401737,169.90,11.35,0.00,180.58,0,-111,-20,0,0,34,0,0,34
254.07,1544433180,2018.73,51.490298,7.401737,169.90,11.35,0.00,180.58,0,0,0,0,0,63,0,0,130
255.07,1544433181,2030.05,51.490188,7.401730,170.07,11.47,0.00,180.89,0,-107,-16,0,0,35,0,0,38
255.07,1544433181,2030.06,51.490188,7.401730,170.07,11.47,0.00,180.89,0,-109,-18,0,0,35,0,0,52
255.07,1544433181,2030.07,51.490188,7.401730,170.07,11.47,0.00,180.89,0,-109,-18,0,0,34,0,0,197
255.07,1544433181,2030.07,51.490188,7.401730,170.07,11.47,0.00,180.89,0,0,0,0,0,63,0,0,130
256.07,1544433182,2041.53,51.490083,7.401726,170.42,11.52,0.00,180.06,0,-107,-16,0,0,35,0,0,38
256.07,1544433182,2041.53,51.490083,7.401726,170.42,11.52,0.00,180.06,0,-109,-18,0,0,35,0,0,52
256.07,1544433182,2041.54,51.490083,7.401726,170.42,11.52,0.00,180.06,0,-109,-18,0,0,34,0,0,197
256.07,1544433182,2041.56,51.490083,7.401726,170.42,11.52,0.00,180.06,0,0,0,0,0,63,0,0,130
257.07,1544433183,2053.02,51.489992,7.401727,170.33,10.65,0.00,179.10,0,-105,-14,0,0,34,0,0,52
257.07,1544433183,2053.03,51.489992,7.401727,170.33,10.65,0.00,179.10,0,-107,-16,0,0,34,0,0,316
257.07,1544433183,2053.03,51.489992,7.401727,170.33,10.65,0.00,179.10,0,-108,-17,0,0,34,0,0,38
257.07,1544433183,2053.04,51.489992,7.401727,170.33,10.65,0.00,179.10,0,0,0,0,0,63,0,0,130
257.07,1544433183,2053.04,51.489992,7.401727,170.33,10.65,0.00,179.10,0,-225,-225,0,0,63,0,0,149
258.07,1544433184,2063.68,51.489904,7.401732,170.33,9.72,0.00,179.82,0,-105,-14,0,0,34,0,0,52
258.07,1544433184,2063.69,51.489904,7.401732,170.33,9.72,0.00,179.82,0,-107,-16,0,0,34,0,0,316
258.07,1544433184,2063.70,51.489904,7.401732,170.33,9.72,0.00,179.82,0,-108,-17,0,0,34,0,0,38
258.07,1544433184,2063.71,51.489904,7.401732,170.33,9.72,0.00,179.82,0,0,0,0,0,63,0,0,130
258.07,1544433184,2063.71,51.489904,7.401732,170.33,9.72,0.00,179.82,0,-225,-225,0,0,63,0,0,149
259.07,1544433185,2073.40,51.489823,7.401737,170.65,8.50,0.00,179.77,0,-105,-16,0,0,37,0,0,38
259.07,1544433185,2073.41,51.489823,7.401737,170.65,8.50,0.00,179.77,0,-106,-17,0,0,37,0,0,316
259.07,1544433185,2073.42,51.489823,7.401737,170.65,8.50,0.00,179.77,0,-108,-18,0,0,36,0,0,34
259.07,1544433185,2073.42,51.489823,7.401737,170.65,8.50,0.00,179.77,0,0,0,0,0,63,0,0,130
259.07,1544433185,2073.43,51.489823,7.401737,170.65,8.50,0.00,179.77,0,-225,-225,0,0,63,0,0,149
260.07,1544433186,2081.90,51.489756,7.401736,170.79,6.43,0.00,180.74,0,-105,-16,0,0,37,0,0,38
260.07,1544433186,2081.90,51.489756,7.401736,170.79,6.43,0.00,180.74,0,-106,-17,0,0,37,0,0,316
260.07,1544433186,2081.91,51.489756,7.401736,170.79,6.43,0.00,180.74,0,-108,-18,0,0,36,0,0,34
260.07,1544433186,2081.91,51.489756,7.401736,170.79,6.43,0.00,180.74,0,0,0,0,0,63,0,0,130
260.07,1544433186,2081.92,51.489756,7.401736,170.79,6.43,0.00,180.74,0,-225,-225,0,0,63,0,0,149
261.07,1544433187,2088.32,51.489704,7.401733,170.84,4.04,0.00,180.62,0,-101,-16,0,0,41,0,0,316
261.07,1544433187,2088.33,51.489704,7.401733,170.84,4.04,0.00,180.62,0,-105,-19,0,0,40,0,0,52
261.07,1544433187,2088.33,51.489704,7.401733,170.84,4.04,0.00,180.62,0,-89,-10,0,0,48,0,0,451
261.07,1544433187,2088.33,51.489704,7.401733,170.84,4.04,0.00,180.62,0,-90,-11,0,0,48,0,0,450
262.07,1544433188,2092.37,51.489671,7.401733,170.84,2.66,0.00,180.22,0,-101,-16,0,0,41,0,0,316
262.07,1544433188,2092.37,51.489671,7.401733,170.84,2.66,0.00,180.22,0,-105,-19,0,0,40,0,0,52
262.07,1544433188,2092.37,51.489671,7.401733,170.84,2.66,0.00,180.22,0,-89,-10,0,0,48,0,0,451
262.07,1544433188,2092.37,51.489671,7.401733,170.84,2.66,0.00,180.22,0,-90,-11,0,0,48,0,0,450
263.07,1544433189,2095.02,51.489646,7.401732,170.82,2.08,0.00,181.62,0,-104,-17,0,0,37,0,0,316
263.07,1544433189,2095.02,51.489646,7.401732,170.82,2.08,0.00,181.62,0,-106,-18,0,0,37,0,0,52
263.07,1544433189,2095.02,51.489646,7.401732,170.82,2.08,0.00,181.62,0,-106,-18,0,0,37,0,0,35
264.07,1544433190,2097.11,51.489621,7.401729,170.86,4.27,0.00,182.39,0,-104,-17,0,0,37,0,0,316
264.07,1544433190,2097.11,51.489621,7.401729,170.86,4.27,0.00,182.39,0,-106,-18,0,0,37,0,0,52
264.07,1544433190,2097.12,51.489621,7.401729,170.86,4.27,0.00,182.39,0,-106,-18,0,0,37,0,0,35
265.08,1544433191,2101.44,51.489574,7.401725,170.91,5.92,0.00,181.76,0,-103,-16,0,0,39,0,0,316
265.08,1544433191,2101.45,51.489574,7.401725,170.91,5.92,0.00,181.76,0,-104,-16,0,0,39,0,0,52
265.08,1544433191,2101.45,51.489574,7.401725,170.91,5.92,0.00,181.76,0,-105,-18,0,0,38,0,0,436
265.09,1544433191,2101.46,51.489574,7.401725,170.91,5.92,0.00,181.76,0,0,0,0,0,63,0,0,149
265.09,1544433191,2101.46,51.489574,7.401725,170.91,5.92,0.00,181.76,0,0,0,0,0,63,0,0,130
266.07,1544433192,2107.29,51.489525,7.401722,170.84,6.21,0.00,181.73,0,-103,-16,0,0,39,0,0,316
266.07,1544433192,2107.30,51.489525,7.401722,170.84,6.21,0.00,181.73,0,-104,-16,0,0,39,0,0,52
266.07,1544433192,2107.30,51.489525,7.401722,170.84,6.21,0.00,181.73,0,-105,-18,0,0,38,0,0,436
266.07,1544433192,2107.31,51.489525,7.401722,170.84,6.21,0.00,181.73,0,0,0,0,0,63,0,0,149
266.07,1544433192,2107.31,51.489525,7.401722,170.84,6.21,0.00,181.73,0,0,0,0,0,63,0,0,130
267.07,1544433193,2113.50,51.489477,7.401754,170.66,5.87,0.00,154.03,0,-103,-16,0,0,39,0,0,316
267.07,1544433193,2113.51,51.489477,7.401754,170.66,5.87,0.00,154.03,0,-104,-16,0,0,39,0,0,52
267.07,1544433193,2113.51,51.489477,7.401754,170.66,5.87,0.00,154.03,0,-105,-18,0,0,38,0,0,436
267.07,1544433193,2113.51,51.489477,7.401754,170.66,5.87,0.00,154.03,0,0,0,0,0,63,0,0,149
267.07,1544433193,2113.52,51.489477,7.401754,170.66,5.87,0.00,154.03,0,0,0,0,0,63,0,0,130
268.07,1544433194,2119.38,51.489439,7.401834,170.97,6.81,0.00,118.53,0,-102,-16,0,0,40,0,0,27
268.07,1544433194,2119.38,51.489439,7.401834,170.97,6.81,0.00,118.53,0,-103,-16,0,0,40,0,0,398
268.07,1544433194,2119.39,51.489439,7.401834,170.97,6.81,0.00,118.53,0,-104,-17,0,0,39,0,0,316
268.07,1544433194,2119.40,51.489439,7.401834,170.97,6.81,0.00,118.53,0,0,0,0,0,63,0,0,149
268.07,1544433194,2119.40,51.489439,7.401834,170.97,6.81,0.00,118.53,0,0,0,0,0,63,0,0,130
269.07,1544433195,2126.19,51.489425,7.401929,171.33,7.76,0.00,97.33,0,-102,-16,0,0,40,0,0,27
269.07,1544433195,2126.19,51.489425,7.401929,171.33,7.76,0.00,97.33,0,-103,-16,0,0,40,0,0,398
269.07,1544433195,2126.20,51.489425,7.401929,171.33,7.76,0.00,97.33,0,-104,-17,0,0,39,0,0,316
269.07,1544433195,2126.21,51.489425,7.401929,171.33,7.76,0.00,97.33,0,0,0,0,0,63,0,0,149
269.07,1544433195,2126.21,51.489425,7.401929,171.33,7.76,0.00,97.33,0,0,0,0,0,63,0,0,130
270.07,1544433196,2133.94,51.489417,7.402026,171.39,8.23,0.00,96.12,0,-105,-15,0,0,37,0,0,316
270.07,1544433196,2133.95,51.489417,7.402026,171.39,8.23,0.00,96.12,0,-106,-17,0,0,37,0,0,35
270.07,1544433196,2133.96,51.489417,7.402026,171.39,8.23,0.00,96.12,0,-106,-18,0,0,37,0,0,52
270.07,1544433196,2133.96,51.489417,7.402026,171.39,8.23,0.00,96.12,0,0,0,0,0,63,0,0,149
270.07,1544433196,2133.96,51.489417,7.402026,171.39,8.23,0.00,96.12,0,0,0,0,0,63,0,0,130
271.07,1544433197,2142.18,51.489410,7.402164,171.63,9.34,0.00,94.21,0,-105,-15,0,0,37,0,0,316
271.07,1544433197,2142.19,51.489410,7.402164,171.63,9.34,0.00,94.21,0,-106,-17,0,0,37,0,0,35
271.07,1544433197,2142.20,51.489410,7.402164,171.63,9.34,0.00,94.21,0,-106,-18,0,0,37,0,0,52
271.07,1544433197,2142.20,51.489410,7.402164,171.63,9.34,0.00,94.21,0,0,0,0,0,63,0,0,149
271.07,1544433197,2142.21,51.489410,7.402164,171.63,9.34,0.00,94.21,0,0,0,0,0,63,0,0,130
272.07,1544433198,2151.52,51.489401,7.402317,172.20,10.13,0.00,93.27,0,-104,-16,0,0,38,0,0,34
272.07,1544433198,2151.53,51.489401,7.402317,172.20,10.13,0.00,93.27,0,-104,-17,0,0,38,0,0,52
272.07,1544433198,2151.54,51.489401,7.402317,172.20,10.13,0.00,93.27,0,-105,-18,0,0,38,0,0,35
272.07,1544433198,2151.55,51.489401,7.402317,172.20,10.13,0.00,93.27,0,0,0,0,0,63,0,0,149
272.07,1544433198,2151.55,51.489401,7.402317,172.20,10.13,0.00,93.27,0,-225,-225,0,0,63,0,0,130
273.07,1544433199,2161.66,51.489398,7.402472,172.79,10.77,0.00,92.63,0,-104,-16,0,0,38,0,0,34
273.07,1544433199,2161.67,51.489398,7.402472,172.79,10.77,0.00,92.63,0,-104,-17,0,0,38,0,0,52
273.07,1544433199,2161.68,51.489398,7.402472,172.79,10.77,0.00,92.63,0,-105,-18,0,0,38,0,0,35
273.07,1544433199,2161.69,51.489398,7.402472,172.79,10.77,0.00,92.63,0,0,0,0,0,63,0,0,149
273.07,1544433199,2161.69,51.489398,7.402472,172.79,10.77,0.00,92.63,0,-225,-225,0,0,63,0,0,130
274.07,1544433200,2172.42,51.489394,7.402634,173.35,11.38,0.00,92.22,0,-101,-14,0,0,39,0,0,52
274.07,1544433200,2172.43,51.489394,7.402634,173.35,11.38,0.00,92.22,0,-102,-15,0,0,38,0,0,27
274.07,1544433200,2172.44,51.489394,7.402634,173.35,11.38,0.00,92.22,0,-107,-19,0,0,38,0,0,316
274.07,1544433200,2172.44,51.489394,7.402634,173.35,11.38,0.00,92.22,0,0,0,0,0,63,0,0,149
275.07,1544433201,2183.78,51.489389,7.402796,173.82,11.78,0.00,91.88,0,-101,-14,0,0,39,0,0,52
275.07,1544433201,2183.80,51.489389,7.402796,173.82,11.78,0.00,91.88,0,-102,-15,0,0,38,0,0,27
275.07,1544433201,2183.81,51.489389,7.402796,173.82,11.78,0.00,91.88,0,-107,-19,0,0,38,0,0,316
275.07,1544433201,2183.81,51.489389,7.402796,173.82,11.78,0.00,91.88,0,0,0,0,0,63,0,0,149
276.07,1544433202,2195.58,51.489388,7.402966,174.13,12.08,0.00,90.95,0,-104,-16,0,0,38,0,0,27
276.07,1544433202,2195.59,51.489388,7.402966,174.13,12.08,0.00,90.95,0,-106,-18,0,0,38,0,0,52
276.07,1544433202,2195.60,51.489388,7.402966,174.13,12.08,0.00,90.95,0,0,0,0,0,63,0,0,149
277.07,1544433203,2207.66,51.489387,7.403145,174.29,12.50,0.00,90.93,0,-104,-16,0,0,38,0,0,27
277.07,1544433203,2207.67,51.489387,7.403145,174.29,12.50,0.00,90.93,0,-106,-18,0,0,38,0,0,52
277.07,1544433203,2207.68,51.489387,7.403145,174.29,12.50,0.00,90.93,0,0,0,0,0,63,0,0,149
278.07,1544433204,2220.15,51.489386,7.403326,174.30,12.59,0.00,90.20,0,-104,-16,0,0,38,0,0,27
278.07,1544433204,2220.15,51.489386,7.403326,174.30,12.59,0.00,90.20,0,-106,-18,0,0,38,0,0,34
278.07,1544433204,2220.17,51.489386,7.403326,174.30,12.59,0.00,90.20,0,-106,-19,0,0,39,0,0,52
278.07,1544433204,2220.18,51.489386,7.403326,174.30,12.59,0.00,90.20,0,0,0,0,0,63,0,0,149
279.07,1544433205,2232.74,51.489384,7.403502,174.48,12.63,0.00,90.88,0,-104,-16,0,0,38,0,0,27
279.07,1544433205,2232.75,51.489384,7.403502,174.48,12.63,0.00,90.88,0,-106,-18,0,0,38,0,0,34
279.07,1544433205,2232.75,51.489384,7.403502,174.48,12.63,0.00,90.88,0,-106,-19,0,0,39,0,0,52
279.07,1544433205,2232.76,51.489384,7.403502,174.48,12.63,0.00,90.88,0,0,0,0,0,63,0,0,149
280.07,1544433206,2245.39,51.489383,7.403682,174.79,12.45,0.00,91.09,0,-102,-16,0,0,39,0,0,34
280.07,1544433206,2245.39,51.489383,7.403682,174.79,12.45,0.00,91.09,0,-103,-17,0,0,39,0,0,27
280.07,1544433206,2245.40,51.489383,7.403682,174.79,12.45,0.00,91.09,0,-105,-18,0,0,39,0,0,398
280.07,1544433206,2245.42,51.489383,7.403682,174.79,12.45,0.00,91.09,0,0,0,0,0,63,0,0,149
281.07,1544433207,2257.83,51.489381,7.403862,175.06,12.15,0.00,90.91,0,-102,-16,0,0,39,0,0,34
281.07,1544433207,2257.84,51.489381,7.403862,175.06,12.15,0.00,90.91,0,-103,-17,0,0,39,0,0,27
281.07,1544433207,2257.85,51.489381,7.403862,175.06,12.15,0.00,90.91,0,-105,-18,0,0,39,0,0,398
281.07,1544433207,2257.85,51.489381,7.403862,175.06,12.15,0.00,90.91,0,0,0,0,0,63,0,0,149
282.07,1544433208,2269.97,51.489380,7.404037,175.46,11.95,0.00,90.72,0,-103,-16,0,0,38,0,0,27
282.07,1544433208,2269.97,51.489380,7.404037,175.46,11.95,0.00,90.72,0,-106,-19,0,0,38,0,0,52
282.07,1544433208,2269.98,51.489380,7.404037,175.46,11.95,0.00,90.72,0,-107,-19,0,0,38,0,0,316
282.07,1544433208,2269.99,51.489380,7.404037,175.46,11.95,0.00,90.72,0,0,0,0,0,63,0,0,149
283.07,1544433209,2281.93,51.489379,7.404211,175.80,11.92,0.00,90.24,0,-103,-16,0,0,38,0,0,27
283.07,1544433209,2281.94,51.489379,7.404211,175.80,11.92,0.00,90.24,0,-106,-19,0,0,38,0,0,52
283.07,1544433209,2281.94,51.489379,7.404211,175.80,11.92,0.00,90.24,0,-107,-19,0,0,38,0,0,316
283.07,1544433209,2281.94,51.489379,7.404211,175.80,11.92,0.00,90.24,0,0,0,0,0,63,0,0,149
284.07,1544433210,2293.83,51.489382,7.404375,176.03,11.80,0.00,89.38,0,-105,-16,0,0,36,0,0,52
284.07,1544433210,2293.84,51.489382,7.404375,176.03,11.80,0.00,89.38,0,-106,-17,0,0,36,0,0,27
284.07,1544433210,2293.86,51.489382,7.404375,176.03,11.80,0.00,89.38,0,-108,-19,0,0,37,0,0,55
284.07,1544433210,2293.87,51.489382,7.404375,176.03,11.80,0.00,89.38,0,0,0,0,0,63,0,0,149
285.07,1544433211,2305.63,51.489384,7.404542,176.44,11.67,0.00,89.45,0,-105,-16,0,0,36,0,0,52
285.07,1544433211,2305.64,51.489384,7.404542,176.44,11.67,0.00,89.45,0,-106,-17,0,0,36,0,0,27
285.07,1544433211,2305.64,51.489384,7.404542,176.44,11.67,0.00,89.45,0,-108,-19,0,0,37,0,0,55
285.07,1544433211,2305.65,51.489384,7.404542,176.44,11.67,0.00,89.45,0,0,0,0,0,63,0,0,149
286.08,1544433212,2317.41,51.489383,7.404709,176.85,11.61,0.00,90.85,0,-102,-16,0,0,39,0,0,52
286.08,1544433212,2317.42,51.489383,7.404709,176.85,11.61,0.00,90.85,0,-104,-16,0,0,39,0,0,316
286.08,1544433212,2317.43,51.489383,7.404709,176.85,11.61,0.00,90.85,0,-107,-20,0,0,39,0,0,27
286.08,1544433212,2317.43,51.489383,7.404709,176.85,11.61,0.00,90.85,0,0,0,0,0,63,0,0,149
287.07,1544433213,2328.91,51.489381,7.404875,177.12,11.58,0.00,91.47,0,-102,-16,0,0,39,0,0,52
287.07,1544433213,2328.92,51.489381,7.404875,177.12,11.58,0.00,91.47,0,-104,-16,0,0,39,0,0,316
287.07,1544433213,2328.92,51.489381,7.404875,177.12,11.58,0.00,91.47,0,-107,-20,0,0,39,0,0,27
287.07,1544433213,2328.93,51.489381,7.404875,177.12,11.58,0.00,91.47,0,0,0,0,0,63,0,0,149
288.07,1544433214,2340.45,51.489380,7.405033,177.38,11.44,0.00,91.14,0,-102,-16,0,0,39,0,0,52
288.07,1544433214,2340.45,51.489380,7.405033,177.38,11.44,0.00,91.14,0,-104,-16,0,0,39,0,0,316
288.07,1544433214,2340.45,51.489380,7.405033,177.38,11.44,0.00,91.14,0,-107,-20,0,0,39,0,0,27
288.07,1544433214,2340.46,51.489380,7.405033,177.38,11.44,0.00,91.14,0,0,0,0,0,63,0,0,149
289.07,1544433215,2351.95,51.489381,7.405198,177.63,11.18,0.00,89.79,0,-99,-15,0,0,42,0,0,52
289.07,1544433215,2351.96,51.489381,7.405198,177.63,11.18,0.00,89.79,0,-100,-16,0,0,42,0,0,316
289.07,1544433215,2351.97,51.489381,7.405198,177.63,11.18,0.00,89.79,0,-103,-19,0,0,43,0,0,436
289.07,1544433215,2351.97,51.489381,7.405198,177.63,11.18,0.00,89.79,0,0,0,0,0,63,0,0,149
290.07,1544433216,2363.11,51.489385,7.405356,177.87,11.00,0.00,88.22,0,-99,-15,0,0,42,0,0,52
290.07,1544433216,2363.13,51.489385,7.405356,177.87,11.00,0.00,88.22,0,-100,-16,0,0,42,0,0,316
290.07,1544433216,2363.13,51.489385,7.405356,177.87,11.00,0.00,88.22,0,-103,-19,0,0,43,0,0,436
290.07,1544433216,2363.14,51.489385,7.405356,177.87,11.00,0.00,88.22,0,0,0,0,0,63,0,0,149
291.07,1544433217,2374.11,51.489393,7.405515,178.13,11.18,0.00,86.68,0,-96,-13,0,0,43,0,0,52
291.07,1544433217,2374.12,51.489393,7.405515,178.13,11.18,0.00,86.68,0,-101,-18,0,0,43,0,0,316
291.07,1544433217,2374.13,51.489393,7.405515,178.13,11.18,0.00,86.68,0,0,0,0,0,63,0,0,149
292.07,1544433218,2385.29,51.489401,7.405680,178.40,11.32,0.00,87.54,0,-96,-13,0,0,43,0,0,52
292.07,1544433218,2385.30,51.489401,7.405680,178.40,11.32,0.00,87.54,0,-101,-18,0,0,43,0,0,316
292.07,1544433218,2385.30,51.489401,7.405680,178.40,11.32,0.00,87.54,0,0,0,0,0,63,0,0,149
293.07,1544433219,2396.62,51.489411,7.405859,178.74,11.49,0.00,85.74,0,-95,-13,0,0,45,0,0,52
293.07,1544433219,2396.62,51.489411,7.405859,178.74,11.49,0.00,85.74,0,-101,-18,0,0,44,0,0,270
293.07,1544433219,2396.63,51.489411,7.405859,178.74,11.49,0.00,85.74,0,0,0,0,0,63,0,0,149
294.07,1544433220,2408.10,51.489429,7.406034,179.47,11.56,0.00,82.16,0,-95,-13,0,0,45,0,0,52
294.07,1544433220,2408.11,51.489429,7.406034,179.47,11.56,0.00,82.16,0,-101,-18,0,0,44,0,0,270
294.07,1544433220,2408.12,51.489429,7.406034,179.47,11.56,0.00,82.16,0,0,0,0,0,63,0,0,149
