time_s,timestamp_ms,distance_m,latitude,longitude,altitude,velocity_mps,acceleration_mpss,direction,isRegistered,rsrp_dbm,rsrq_db,rssnr_db,cqi,ss,ta,ci,pci
0.08,1544433270,0.00,51.490270,7.411942,162.25,11.49,0.00,78.42,1,-112,-9,4,11,12,71,13067274,289
1.08,1544433271,11.56,51.490292,7.412093,162.10,11.50,0.01,78.00,1,-119,-12,1,7,12,71,13067274,289
2.09,1544433272,23.10,51.490316,7.412252,162.22,11.82,0.32,78.76,1,-119,-12,1,7,12,71,13067274,289
3.08,1544433273,34.85,51.490335,7.412411,162.10,12.53,0.72,78.72,1,-114,-13,-3,8,13,71,13067274,289
4.08,1544433274,47.36,51.490364,7.412602,162.04,12.77,0.25,78.17,1,-114,-13,-3,8,13,71,13067274,289
5.08,1544433275,60.17,51.490387,7.412763,161.64,12.82,0.05,79.12,1,-111,-8,-4,6,20,24,13392904,347
6.08,1544433276,73.00,51.490410,7.412941,161.14,12.76,-0.06,78.36,1,-111,-8,-4,6,20,24,13392904,347
7.08,1544433277,85.76,51.490432,7.413124,160.34,12.75,-0.01,78.32,1,-116,-11,-6,6,12,63,13067274,289
8.08,1544433278,98.50,51.490457,7.413309,159.79,12.78,0.02,78.88,1,-116,-11,-6,6,12,63,13067274,289
9.08,1544433279,111.28,51.490481,7.413489,159.09,12.99,0.21,78.57,1,-117,-11,1,7,15,63,13067274,289
10.08,1544433280,124.27,51.490504,7.413672,158.39,13.23,0.24,78.96,1,-117,-11,1,7,15,63,13067274,289
11.09,1544433281,137.62,51.490527,7.413842,157.89,13.11,-0.11,78.45,1,-119,-14,-6,7,11,63,13067274,289
12.09,1544433282,150.75,51.490556,7.414033,157.36,13.10,-0.01,77.64,1,-119,-14,-6,7,11,63,13067274,289
13.08,1544433283,163.73,51.490581,7.414212,157.22,13.00,-0.10,77.73,1,-119,-14,-6,7,11,63,13067274,289
14.08,1544433284,176.68,51.490604,7.414396,157.61,13.25,0.25,78.04,1,-110,-14,-6,5,28,15,14264834,207
15.08,1544433285,189.94,51.490624,7.414571,157.88,12.92,-0.32,78.39,1,-110,-14,-6,5,28,15,14264834,207
16.08,1544433286,202.89,51.490645,7.414763,157.59,12.99,0.06,79.31,1,-111,-14,-3,6,22,15,14264834,207
17.08,1544433287,215.88,51.490663,7.414944,157.35,12.81,-0.18,80.19,1,-111,-14,-3,6,22,15,14264834,207
18.09,1544433288,228.80,51.490679,7.415132,156.75,12.78,-0.03,81.25,1,-116,-19,-9,3,21,15,14264834,207
19.09,1544433289,241.58,51.490690,7.415310,155.92,12.64,-0.13,82.22,1,-116,-19,-9,3,21,15,14264834,207
20.08,1544433290,254.07,51.490700,7.415500,155.32,12.35,-0.30,83.76,1,-118,-22,-14,1,24,15,14264834,207
21.08,1544433291,266.42,51.490704,7.415687,155.05,12.15,-0.20,85.60,1,-118,-22,-14,1,24,15,14264834,207
22.09,1544433292,278.64,51.490706,7.415850,154.42,11.78,-0.37,87.91,1,-113,-17,-6,4,24,19,13532675,385
23.08,1544433293,290.40,51.490699,7.416028,153.92,11.25,-0.53,90.18,1,-113,-17,-6,4,24,19,13532675,385
24.09,1544433294,301.67,51.490687,7.416198,153.39,10.23,-1.02,92.76,1,-112,-17,-7,4,24,19,13532675,385
25.09,1544433295,311.91,51.490673,7.416308,152.81,8.58,-1.65,94.63,1,-112,-17,-7,4,24,19,13532675,385
26.08,1544433296,320.47,51.490661,7.416420,152.22,6.97,-1.61,97.59,1,-112,-12,-6,8,6,17,12806666,385
27.08,1544433297,327.41,51.490648,7.416525,151.78,6.25,-0.73,99.05,1,-112,-12,-6,8,6,17,12806666,385
28.08,1544433298,333.67,51.490636,7.416597,151.65,5.21,-1.03,100.30,1,-113,-13,0,6,18,17,12806666,385
29.08,1544433299,338.88,51.490625,7.416661,151.66,3.96,-1.25,100.61,1,-113,-13,0,6,18,17,12806666,385
30.08,1544433300,342.84,51.490616,7.416701,151.68,3.02,-0.94,101.50,1,-113,-13,-2,7,16,17,12806666,385
31.08,1544433301,345.85,51.490608,7.416759,151.70,2.46,-0.56,98.70,1,-113,-13,-2,7,16,17,12806666,385
32.08,1544433302,348.32,51.490602,7.416792,151.72,1.54,-0.93,100.16,1,-110,-9,5,10,17,17,12806666,385
33.08,1544433303,349.86,51.490598,7.416804,151.73,0.83,-0.71,100.16,1,-110,-9,5,10,17,17,12806666,385
34.08,1544433304,350.68,51.490598,7.416804,151.73,0.00,-0.83,100.16,1,-110,-9,5,10,17,17,12806666,385
35.08,1544433305,350.68,51.490598,7.416804,151.73,0.00,0.00,100.16,1,-110,-10,3,10,17,17,12806666,385
36.08,1544433306,350.68,51.490598,7.416804,151.72,0.00,0.00,100.16,1,-110,-10,3,10,17,17,12806666,385
37.08,1544433307,350.68,51.490598,7.416804,151.72,0.00,0.00,100.16,1,-112,-10,3,10,18,17,12806666,385
38.08,1544433308,350.68,51.490598,7.416804,151.72,0.00,0.00,100.16,1,-112,-10,3,10,18,17,12806666,385
39.08,1544433309,350.68,51.490598,7.416804,151.72,0.00,0.00,100.16,1,-111,-10,3,9,18,17,12806666,385
40.08,1544433310,350.68,51.490598,7.416804,151.72,0.00,0.00,100.16,1,-111,-10,3,9,18,17,12806666,385
41.08,1544433311,350.68,51.490598,7.416804,151.72,0.00,0.00,100.16,1,-114,-12,1,8,19,17,12806666,385
42.08,1544433312,350.68,51.490598,7.416804,151.73,0.00,0.00,100.16,1,-114,-12,1,8,19,17,12806666,385
43.09,1544433313,350.68,51.490598,7.416804,151.73,0.00,0.00,100.16,1,-106,-7,0,6,25,20,13392904,347
44.09,1544433314,350.68,51.490598,7.416804,151.73,0.00,0.00,100.16,1,-106,-7,0,6,25,20,13392904,347
45.08,1544433315,350.68,51.490598,7.416804,151.73,0.00,0.00,100.16,1,-106,-7,5,11,18,20,13392904,347
46.08,1544433316,350.68,51.490598,7.416804,151.73,0.00,0.00,100.16,1,-106,-7,5,11,18,20,13392904,347
47.08,1544433317,350.68,51.490598,7.416804,151.73,0.00,0.00,100.16,1,-104,-8,11,14,20,20,13392904,347
48.08,1544433318,350.68,51.490598,7.416804,151.74,0.00,0.00,100.16,1,-104,-8,11,14,20,20,13392904,347
49.08,1544433319,350.68,51.490598,7.416804,151.74,0.00,0.00,100.16,1,-105,-6,11,9,20,20,13392904,347
50.08,1544433320,350.68,51.490598,7.416804,151.74,0.00,0.00,100.16,1,-105,-6,11,9,20,20,13392904,347
51.09,1544433321,350.68,51.490598,7.416804,151.75,0.00,0.00,100.16,1,-106,-6,14,15,19,20,13392904,347
52.08,1544433322,350.68,51.490598,7.416804,151.75,0.00,0.00,100.16,1,-106,-6,14,15,19,20,13392904,347
53.08,1544433323,350.68,51.490598,7.416804,151.75,0.00,0.00,100.16,1,-107,-9,8,9,22,20,13392904,347
54.08,1544433324,350.68,51.490598,7.416804,151.75,0.00,0.00,100.16,1,-107,-9,8,9,22,20,13392904,347
55.09,1544433325,350.68,51.490598,7.416804,151.75,0.00,0.00,102.91,1,-106,-10,7,9,20,20,13392904,347
56.08,1544433326,350.68,51.490584,7.416878,151.76,0.00,0.00,103.16,1,-106,-10,7,9,20,20,13392904,347
57.08,1544433327,350.68,51.490576,7.416932,151.77,3.78,0.00,102.59,1,-106,-10,7,9,20,20,13392904,347
58.08,1544433328,354.47,51.490571,7.416980,151.77,3.96,0.18,101.43,1,-109,-8,4,7,17,20,13392904,347
59.08,1544433329,358.42,51.490564,7.417055,151.74,4.57,0.61,98.00,1,-109,-8,4,7,17,20,13392904,347
60.08,1544433330,363.00,51.490574,7.417124,152.13,4.39,-0.19,70.31,1,-111,-8,2,8,14,20,13392904,347
61.08,1544433331,367.39,51.490596,7.417175,152.14,4.12,-0.26,49.60,1,-111,-8,2,8,14,20,13392904,347
62.08,1544433332,371.49,51.490632,7.417205,152.19,5.02,0.91,23.58,1,-108,-7,2,6,18,17,12806666,385
63.08,1544433333,376.52,51.490682,7.417207,152.25,6.13,1.10,0.02,1,-108,-7,2,6,18,17,12806666,385
64.08,1544433334,382.63,51.490749,7.417199,152.93,7.88,1.75,356.66,1,-113,-11,3,6,14,17,12806666,385
65.08,1544433335,390.53,51.490824,7.417185,153.49,8.50,0.62,354.64,1,-113,-11,3,6,14,17,12806666,385
66.08,1544433336,399.04,51.490901,7.417163,154.02,9.16,0.66,352.95,1,-114,-14,2,6,18,17,12806666,385
67.08,1544433337,408.21,51.490986,7.417135,154.32,8.97,-0.19,351.53,1,-114,-14,2,6,18,17,12806666,385
68.08,1544433338,417.17,51.491069,7.417107,154.39,9.18,0.21,350.83,1,-115,-11,1,8,13,17,12806666,385
69.08,1544433339,426.35,51.491153,7.417077,154.46,9.16,-0.02,350.39,1,-115,-11,1,8,13,17,12806666,385
70.08,1544433340,435.50,51.491222,7.417046,154.56,9.22,0.06,348.84,1,-112,-9,2,9,16,17,12806666,385
71.08,1544433341,444.74,51.491298,7.417016,154.27,9.56,0.34,349.01,1,-112,-9,2,9,16,17,12806666,385
72.09,1544433342,454.38,51.491385,7.416985,153.86,10.31,0.74,348.85,1,-111,-13,3,8,20,17,12806666,385
73.08,1544433343,464.60,51.491473,7.416956,153.43,9.66,-0.65,349.39,1,-111,-13,3,8,20,17,12806666,385
74.08,1544433344,474.27,51.491558,7.416926,153.14,9.59,-0.07,348.85,1,-109,-9,3,9,16,17,12806666,385
75.08,1544433345,483.86,51.491637,7.416896,152.68,9.68,0.09,347.20,1,-109,-9,3,9,16,17,12806666,385
76.09,1544433346,493.64,51.491723,7.416851,152.72,10.22,0.53,344.87,1,-110,-9,3,7,16,17,12806666,385
77.08,1544433347,503.77,51.491818,7.416789,153.24,10.32,0.11,342.35,1,-110,-9,3,7,16,17,12806666,385
78.09,1544433348,514.12,51.491903,7.416726,153.95,10.36,0.04,339.59,1,-110,-9,3,7,16,17,12806666,385
79.08,1544433349,524.46,51.491982,7.416665,154.45,10.17,-0.19,336.76,1,-110,-9,2,9,16,17,12806666,385
80.08,1544433350,534.63,51.492065,7.416593,154.93,10.64,0.47,334.66,1,-110,-9,2,9,16,17,12806666,385
81.08,1544433351,545.25,51.492153,7.416514,155.10,11.36,0.72,333.33,1,-108,-9,7,9,20,17,12806666,385
82.08,1544433352,556.58,51.492249,7.416433,155.55,12.16,0.80,332.61,1,-108,-9,7,9,20,17,12806666,385
83.08,1544433353,568.75,51.492347,7.416352,156.03,12.42,0.26,333.76,1,-105,-13,7,10,25,17,12806666,385
84.08,1544433354,581.16,51.492447,7.416281,156.47,12.22,-0.20,336.12,1,-105,-13,7,10,25,17,12806666,385
85.08,1544433355,593.39,51.492545,7.416220,156.80,12.12,-0.09,339.27,1,-98,-6,13,12,25,17,12806666,385
86.08,1544433356,605.52,51.492650,7.416166,156.83,12.44,0.31,342.06,1,-98,-6,13,12,25,17,12806666,385
87.08,1544433357,617.97,51.492769,7.416112,156.79,12.53,0.09,343.85,1,-107,-6,12,15,19,17,12806666,385
88.08,1544433358,630.49,51.492888,7.416061,156.61,12.69,0.16,345.36,1,-107,-6,12,15,19,17,12806666,385
89.08,1544433359,643.17,51.492997,7.416023,156.91,13.08,0.38,347.04,1,-111,-7,11,15,14,17,12806666,385
90.08,1544433360,656.26,51.493113,7.415980,156.88,12.85,-0.23,346.97,1,-111,-7,11,15,14,17,12806666,385
91.08,1544433361,669.08,51.493228,7.415935,156.37,12.76,-0.09,347.56,1,-105,-7,13,14,18,17,12806666,385
92.08,1544433362,681.84,51.493349,7.415894,155.52,12.57,-0.18,348.34,1,-105,-7,13,14,18,17,12806666,385
93.08,1544433363,694.40,51.493456,7.415860,154.74,11.80,-0.78,348.99,1,-104,-11,11,9,26,17,12806666,385
94.08,1544433364,706.23,51.493568,7.415825,153.94,12.37,0.56,348.38,1,-104,-11,11,9,26,17,12806666,385
95.08,1544433365,718.60,51.493684,7.415788,153.31,12.22,-0.15,348.10,1,-103,-7,13,11,21,17,12806666,385
96.08,1544433366,730.82,51.493787,7.415755,152.80,11.43,-0.79,348.93,1,-103,-7,13,11,21,17,12806666,385
97.09,1544433367,742.34,51.493886,7.415725,152.48,10.71,-0.71,348.91,1,-99,-6,18,11,25,17,12806666,385
98.08,1544433368,752.97,51.493975,7.415691,152.23,9.84,-0.88,346.41,1,-99,-6,18,11,25,17,12806666,385
99.08,1544433369,762.81,51.494062,7.415651,152.31,9.33,-0.51,344.37,1,-99,-6,18,11,25,17,12806666,385
100.08,1544433370,772.13,51.494132,7.415612,152.53,8.05,-1.28,345.27,1,-94,-6,13,12,30,17,12806666,385
101.08,1544433371,780.16,51.494212,7.415579,152.86,6.97,-1.08,346.28,1,-94,-6,13,12,30,17,12806666,385
102.08,1544433372,787.13,51.494262,7.415559,153.08,5.64,-1.33,346.75,1,-90,-6,18,15,33,17,12806666,385
103.08,1544433373,792.77,51.494300,7.415545,153.10,4.58,-1.05,347.27,1,-90,-6,18,15,33,17,12806666,385
104.08,1544433374,797.36,51.494335,7.415531,153.12,3.41,-1.17,347.73,1,-95,-6,18,12,28,17,12806666,385
105.08,1544433375,800.77,51.494357,7.415522,153.14,1.71,-1.70,346.94,1,-95,-6,18,12,28,17,12806666,385
106.08,1544433376,802.48,51.494357,7.415522,153.15,0.00,-1.71,346.94,1,-94,-6,18,12,31,17,12806666,385
107.08,1544433377,802.48,51.494357,7.415522,153.16,0.00,0.00,346.94,1,-94,-6,18,12,31,17,12806666,385
108.08,1544433378,802.48,51.494357,7.415522,153.16,0.00,0.00,346.94,1,-93,-6,19,12,32,17,12806666,385
109.08,1544433379,802.48,51.494357,7.415522,153.17,0.00,0.00,346.94,1,-93,-6,19,12,32,17,12806666,385
110.08,1544433380,802.48,51.494357,7.415522,153.19,0.00,0.00,346.94,1,-92,-6,16,15,31,17,12806666,385
111.08,1544433381,802.48,51.494357,7.415522,153.22,0.00,0.00,346.94,1,-92,-6,16,15,31,17,12806666,385
112.08,1544433382,802.48,51.494357,7.415522,153.27,0.00,0.00,346.94,1,-92,-9,17,12,36,17,12806666,385
113.08,1544433383,802.48,51.494357,7.415522,153.31,0.00,0.00,346.94,1,-92,-9,17,12,36,17,12806666,385
114.08,1544433384,802.48,51.494357,7.415522,153.36,0.00,0.00,346.94,1,-93,-6,14,13,30,17,12806666,385
115.08,1544433385,802.48,51.494357,7.415522,153.41,0.00,0.00,346.94,1,-93,-6,14,13,30,17,12806666,385
116.08,1544433386,802.48,51.494357,7.415522,153.46,0.00,0.00,346.94,1,-92,-6,23,15,31,17,12806666,385
117.08,1544433387,802.48,51.494357,7.415522,153.52,0.00,0.00,346.94,1,-92,-6,23,15,31,17,12806666,385
118.09,1544433388,802.48,51.494357,7.415522,153.58,0.00,0.00,346.94,1,-92,-6,24,15,33,17,12806666,385
119.08,1544433389,802.48,51.494357,7.415522,153.64,0.00,0.00,346.94,1,-92,-6,24,15,33,17,12806666,385
120.08,1544433390,802.48,51.494357,7.415522,153.70,0.00,0.00,346.94,1,-92,-6,24,15,33,17,12806666,385
121.08,1544433391,802.48,51.494357,7.415522,153.77,0.00,0.00,346.94,1,-92,-6,22,15,32,17,12806666,385
122.08,1544433392,802.48,51.494357,7.415522,153.85,0.00,0.00,346.94,1,-92,-6,22,15,32,17,12806666,385
123.08,1544433393,802.48,51.494357,7.415522,154.54,0.00,0.00,346.94,1,-93,-11,18,11,37,17,12806666,385
124.08,1544433394,802.48,51.494357,7.415522,155.11,0.00,0.00,346.94,1,-93,-11,18,11,37,17,12806666,385
125.08,1544433395,802.48,51.494357,7.415522,155.66,0.00,0.00,348.35,1,-96,-6,19,15,28,17,12806666,385
126.08,1544433396,802.48,51.494357,7.415522,156.17,0.00,0.00,350.05,1,-96,-6,19,15,28,17,12806666,385
127.08,1544433397,802.48,51.494433,7.415452,156.62,3.26,0.00,346.57,1,-94,-6,21,15,28,17,12806666,385
128.08,1544433398,805.75,51.494446,7.415445,157.00,1.84,-1.42,350.05,1,-94,-6,21,15,28,17,12806666,385
129.08,1544433399,807.58,51.494474,7.415433,157.20,0.71,-1.13,350.05,1,-95,-6,19,15,29,17,12806666,385
130.08,1544433400,808.29,51.494474,7.415433,157.21,0.00,-0.71,350.05,1,-95,-6,19,15,29,17,12806666,385
131.08,1544433401,808.29,51.494474,7.415433,157.36,0.00,0.00,350.05,1,-94,-5,22,15,30,17,12806666,385
132.08,1544433402,808.29,51.494474,7.415433,157.45,0.00,0.00,350.05,1,-94,-5,22,15,30,17,12806666,385
133.08,1544433403,808.29,51.494474,7.415433,157.54,0.00,0.00,314.79,1,-97,-12,22,11,32,17,12806666,385
134.08,1544433404,808.29,51.494511,7.415329,158.34,0.00,0.00,279.33,1,-97,-12,22,11,32,17,12806666,385
135.08,1544433405,808.29,51.494505,7.415224,158.82,7.17,0.00,257.56,1,-94,-6,21,11,31,17,12806666,385
136.08,1544433406,815.47,51.494491,7.415137,159.18,7.90,0.73,256.94,1,-94,-6,21,11,31,17,12806666,385
137.08,1544433407,823.37,51.494473,7.414997,159.04,9.43,1.53,258.48,1,-99,-7,11,15,25,17,12806666,385
138.08,1544433408,832.80,51.494454,7.414871,159.37,10.47,1.03,257.85,1,-99,-7,11,15,25,17,12806666,385
139.09,1544433409,843.35,51.494437,7.414752,159.54,11.06,0.59,257.76,1,-99,-6,12,9,26,17,12806666,385
140.08,1544433410,854.32,51.494416,7.414588,159.34,11.75,0.69,258.52,1,-99,-6,12,9,26,17,12806666,385
141.08,1544433411,866.03,51.494394,7.414404,159.28,12.13,0.38,258.08,1,-99,-6,12,9,26,17,12806666,385
142.08,1544433412,878.18,51.494371,7.414225,159.14,12.35,0.23,257.62,1,-104,-7,11,15,19,17,12806666,385
143.08,1544433413,890.53,51.494347,7.414039,158.45,12.23,-0.12,257.17,1,-104,-7,11,15,19,17,12806666,385
144.08,1544433414,902.75,51.494325,7.413872,158.02,12.05,-0.18,256.66,1,-105,-10,10,8,24,17,12806666,385
145.08,1544433415,914.86,51.494302,7.413710,158.04,11.95,-0.10,257.29,1,-105,-10,10,8,24,17,12806666,385
146.08,1544433416,926.76,51.494276,7.413532,158.39,12.59,0.64,257.22,1,-103,-7,9,9,21,17,12806666,385
147.08,1544433417,939.38,51.494253,7.413361,158.73,12.81,0.21,257.72,1,-103,-7,9,9,21,17,12806666,385
148.08,1544433418,952.19,51.494232,7.413177,158.96,12.79,-0.01,258.28,1,-103,-7,16,8,23,17,12806666,385
149.08,1544433419,964.98,51.494208,7.412998,159.66,13.15,0.35,257.94,1,-103,-7,16,8,23,17,12806666,385
150.08,1544433420,978.13,51.494182,7.412815,160.25,13.08,-0.07,257.13,1,-101,-7,16,10,23,17,12806666,385
151.08,1544433421,991.22,51.494159,7.412630,160.49,12.93,-0.14,257.21,1,-101,-7,16,10,23,17,12806666,385
152.08,1544433422,1004.15,51.494138,7.412456,161.10,12.93,-0.01,257.80,1,-106,-8,8,9,21,17,12806666,385
153.08,1544433423,1017.08,51.494112,7.412256,161.66,12.86,-0.07,258.20,1,-106,-8,8,9,21,17,12806666,385
154.08,1544433424,1029.93,51.494090,7.412065,162.34,13.10,0.24,257.86,1,-104,-8,8,9,22,17,12806666,385
155.08,1544433425,1043.01,51.494067,7.411884,163.12,13.23,0.13,257.28,1,-104,-8,8,9,22,17,12806666,385
156.08,1544433426,1056.25,51.494042,7.411694,163.81,13.24,0.01,257.49,1,-105,-9,13,15,23,17,12806666,385
157.08,1544433427,1069.49,51.494016,7.411498,164.51,13.75,0.51,257.82,1,-105,-9,13,15,23,17,12806666,385
158.08,1544433428,1083.23,51.493990,7.411306,165.19,13.81,0.06,257.89,1,-101,-8,16,10,24,17,12806666,385
159.08,1544433429,1097.06,51.493963,7.411099,165.45,13.62,-0.19,257.38,1,-101,-8,16,10,24,17,12806666,385
160.09,1544433430,1110.77,51.493938,7.410898,165.72,13.46,-0.16,257.72,1,-103,-9,16,10,22,17,12806666,385
161.08,1544433431,1124.13,51.493910,7.410688,166.15,13.37,-0.09,257.53,1,-103,-9,16,10,22,17,12806666,385
162.08,1544433432,1137.48,51.493886,7.410506,166.34,13.61,0.24,258.09,1,-103,-9,16,10,22,17,12806666,385
163.08,1544433433,1151.08,51.493861,7.410330,166.35,13.66,0.05,257.35,1,-103,-10,14,9,23,17,12806666,385
164.08,1544433434,1164.76,51.493837,7.410153,166.41,13.71,0.05,257.73,1,-103,-10,14,9,23,17,12806666,385
165.08,1544433435,1178.48,51.493809,7.409953,166.64,13.78,0.07,257.81,1,-105,-8,16,15,23,17,12806666,385
166.08,1544433436,1192.27,51.493786,7.409760,166.33,13.57,-0.21,257.84,1,-105,-8,16,15,23,17,12806666,385
167.08,1544433437,1205.83,51.493763,7.409567,166.04,13.48,-0.09,257.91,1,-104,-9,13,11,19,17,12806666,385
168.08,1544433438,1219.30,51.493738,7.409383,165.74,13.63,0.14,257.61,1,-104,-9,13,11,19,17,12806666,385
169.08,1544433439,1232.94,51.493711,7.409181,166.04,13.72,0.09,257.86,1,-105,-9,11,15,20,17,12806666,385
170.08,1544433440,1246.66,51.493686,7.408991,166.25,13.46,-0.26,257.65,1,-105,-9,11,15,20,17,12806666,385
171.08,1544433441,1260.08,51.493660,7.408801,166.53,13.31,-0.15,257.10,1,-101,-7,29,15,24,17,12806666,385
172.08,1544433442,1273.40,51.493633,7.408611,166.73,13.61,0.31,257.83,1,-101,-7,29,15,24,17,12806666,385
173.08,1544433443,1287.01,51.493606,7.408419,166.95,13.69,0.08,258.23,1,-105,-10,19,9,21,17,12806666,385
174.08,1544433444,1300.70,51.493579,7.408220,167.25,13.86,0.17,258.44,1,-105,-10,19,9,21,17,12806666,385
175.08,1544433445,1314.60,51.493555,7.408019,167.42,14.13,0.27,258.68,1,-103,-6,14,10,21,17,12806666,385
176.08,1544433446,1328.74,51.493534,7.407823,167.63,14.50,0.37,258.62,1,-103,-6,14,10,21,17,12806666,385
177.08,1544433447,1343.24,51.493510,7.407610,168.29,14.91,0.41,258.23,1,-100,-6,14,10,23,17,12806666,385
178.08,1544433448,1358.13,51.493481,7.407388,169.36,14.96,0.04,257.99,1,-100,-6,14,10,23,17,12806666,385
179.08,1544433449,1373.09,51.493451,7.407185,170.27,14.78,-0.17,257.41,1,-100,-7,19,11,24,17,12806666,385
180.08,1544433450,1387.89,51.493419,7.406980,171.17,14.44,-0.34,257.95,1,-100,-7,19,11,24,17,12806666,385
181.08,1544433451,1402.37,51.493391,7.406772,171.65,14.42,-0.02,258.43,1,-99,-6,33,10,25,17,12806666,385
182.08,1544433452,1416.71,51.493360,7.406564,171.64,14.62,0.21,259.26,1,-99,-6,33,10,25,17,12806666,385
183.08,1544433453,1431.29,51.493332,7.406366,171.08,14.90,0.27,258.73,1,-99,-6,33,10,25,17,12806666,385
184.08,1544433454,1446.20,51.493306,7.406166,170.18,15.06,0.16,258.33,1,-99,-10,22,9,28,17,12806666,385
185.08,1544433455,1461.32,51.493282,7.405958,169.77,14.88,-0.17,258.00,1,-99,-10,22,9,28,17,12806666,385
186.08,1544433456,1476.16,51.493257,7.405747,169.57,14.86,-0.02,258.12,1,-102,-7,15,10,23,17,12806666,385
187.08,1544433457,1491.08,51.493232,7.405538,169.47,14.86,-0.01,258.14,1,-102,-7,15,10,23,17,12806666,385
188.08,1544433458,1505.91,51.493206,7.405325,169.39,14.89,0.03,257.86,1,-102,-7,10,10,22,17,12806666,385
189.08,1544433459,1520.80,51.493180,7.405114,169.32,14.91,0.02,257.90,1,-102,-7,10,10,22,17,12806666,385
190.08,1544433460,1535.64,51.493153,7.404905,169.17,14.96,0.05,257.61,1,-107,-7,5,11,18,17,12806666,385
191.08,1544433461,1550.71,51.493127,7.404700,168.96,14.54,-0.41,258.23,1,-107,-7,5,11,18,17,12806666,385
192.08,1544433462,1565.20,51.493101,7.404494,168.70,14.44,-0.10,258.03,1,-105,-11,15,9,18,17,12806666,385
193.08,1544433463,1579.64,51.493075,7.404294,168.44,14.07,-0.38,258.71,1,-105,-11,15,9,18,17,12806666,385
194.08,1544433464,1593.69,51.493049,7.404097,168.17,13.82,-0.25,258.65,1,-106,-8,7,8,18,17,12806666,385
195.08,1544433465,1607.57,51.493023,7.403902,167.70,13.55,-0.27,259.03,1,-106,-8,7,8,18,17,12806666,385
196.08,1544433466,1621.12,51.493001,7.403701,167.23,13.28,-0.27,260.03,1,-107,-8,6,8,16,17,12806666,385
197.08,1544433467,1634.39,51.492984,7.403506,167.10,13.43,0.15,261.71,1,-107,-8,6,8,16,17,12806666,385
198.08,1544433468,1647.82,51.492973,7.403310,167.12,13.37,-0.06,263.56,1,-108,-8,7,8,17,17,12806666,385
199.08,1544433469,1661.21,51.492966,7.403117,167.31,13.14,-0.24,265.11,1,-108,-8,7,8,17,17,12806666,385
200.08,1544433470,1674.32,51.492962,7.402929,167.63,12.37,-0.77,266.61,1,-109,-7,-1,15,16,17,12806666,385
201.08,1544433471,1686.70,51.492959,7.402756,167.66,11.29,-1.08,267.76,1,-109,-7,-1,15,16,17,12806666,385
202.08,1544433472,1697.95,51.492959,7.402603,167.78,10.25,-1.04,268.81,1,-110,-11,6,11,18,17,12806666,385
203.08,1544433473,1708.21,51.492960,7.402458,168.16,9.42,-0.84,269.63,1,-110,-11,6,11,18,17,12806666,385
204.09,1544433474,1717.69,51.492965,7.402363,167.51,8.37,-1.04,270.27,1,-107,-9,5,15,19,17,12806666,385
205.08,1544433475,1726.03,51.492969,7.402266,166.45,7.02,-1.36,270.91,1,-107,-9,5,15,19,17,12806666,385
206.08,1544433476,1733.05,51.492977,7.402177,165.65,5.27,-1.75,271.28,1,-107,-9,5,15,19,17,12806666,385
207.08,1544433477,1738.31,51.492982,7.402096,165.61,3.05,-2.22,270.30,1,-106,-8,7,7,20,17,12806666,385
208.08,1544433478,1741.37,51.492987,7.402070,165.57,1.17,-1.88,270.30,1,-106,-8,7,7,20,17,12806666,385
209.08,1544433479,1742.54,51.492987,7.402070,165.56,0.00,-1.17,270.30,1,-108,-8,8,8,18,17,12806666,385
210.08,1544433480,1742.54,51.492987,7.402070,165.56,0.00,0.00,270.30,1,-108,-8,8,8,18,17,12806666,385
211.08,1544433481,1742.54,51.492987,7.402070,165.56,0.00,0.00,270.30,1,-107,-7,13,15,16,17,12806666,385
212.08,1544433482,1742.54,51.492987,7.402070,165.56,0.00,0.00,270.30,1,-107,-7,13,15,16,17,12806666,385
213.08,1544433483,1742.54,51.492987,7.402070,165.56,0.00,0.00,270.30,1,-106,-10,10,4,21,17,12806666,385
214.08,1544433484,1742.54,51.492987,7.402070,165.56,0.00,0.00,270.30,1,-106,-10,10,4,21,17,12806666,385
215.08,1544433485,1742.54,51.492987,7.402070,165.61,0.00,0.00,275.56,1,-106,-9,6,9,20,17,12806666,385
216.08,1544433486,1742.54,51.492989,7.402012,165.67,0.00,0.00,274.30,1,-106,-9,6,9,20,17,12806666,385
217.08,1544433487,1742.54,51.492992,7.401941,166.03,6.10,0.00,273.27,1,-106,-6,10,10,17,17,12806666,385
218.08,1544433488,1748.63,51.492976,7.401843,166.30,5.66,-0.44,252.83,1,-106,-6,10,10,17,17,12806666,385
219.08,1544433489,1754.29,51.492931,7.401798,166.48,5.83,0.16,205.85,1,-105,-8,2,15,22,17,12806666,385
220.08,1544433490,1760.11,51.492877,7.401758,166.67,7.03,1.21,202.15,1,-105,-8,2,15,22,17,12806666,385
221.08,1544433491,1767.17,51.492794,7.401745,166.96,8.12,1.08,183.96,1,-111,-9,11,12,14,17,12806666,385
222.08,1544433492,1775.24,51.492728,7.401738,166.93,8.95,0.83,183.53,1,-111,-9,11,12,14,17,12806666,385
223.08,1544433493,1784.20,51.492637,7.401733,167.56,9.69,0.74,182.66,1,-111,-10,8,8,16,17,12806666,385
224.08,1544433494,1793.90,51.492534,7.401730,168.52,10.87,1.17,182.27,1,-111,-10,8,8,16,17,12806666,385
225.08,1544433495,1804.76,51.492436,7.401726,169.67,11.32,0.45,181.62,1,-113,-13,6,7,19,17,12806666,385
226.08,1544433496,1816.07,51.492336,7.401720,169.99,12.23,0.91,181.16,1,-113,-13,6,7,19,17,12806666,385
227.09,1544433497,1828.45,51.492233,7.401716,169.99,12.27,0.04,180.78,1,-107,-7,11,10,18,17,12806666,385
228.08,1544433498,1840.61,51.492119,7.401713,170.07,12.13,-0.14,180.76,1,-107,-7,11,10,18,17,12806666,385
229.08,1544433499,1852.75,51.492013,7.401711,169.94,12.21,0.08,180.67,1,-107,-7,11,10,18,17,12806666,385
230.08,1544433500,1864.95,51.491907,7.401709,169.63,12.52,0.30,180.77,1,-111,-8,9,12,14,17,12806666,385
231.08,1544433501,1877.49,51.491788,7.401704,169.77,12.51,-0.00,180.84,1,-111,-8,9,12,14,17,12806666,385
232.08,1544433502,1889.96,51.491669,7.401700,170.32,12.60,0.08,180.82,1,-113,-8,9,14,14,17,12806666,385
233.08,1544433503,1902.55,51.491546,7.401698,171.22,12.53,-0.07,181.14,1,-113,-8,9,14,14,17,12806666,385
234.08,1544433504,1915.07,51.491437,7.401696,172.08,12.47,-0.05,181.14,1,-110,-12,8,9,20,17,12806666,385
235.08,1544433505,1927.58,51.491317,7.401697,172.55,12.54,0.07,180.48,1,-110,-12,8,9,20,17,12806666,385
236.08,1544433506,1940.17,51.491221,7.401696,172.68,12.75,0.21,181.06,1,-105,-7,13,10,20,17,12806666,385
237.08,1544433507,1952.87,51.491116,7.401695,172.24,12.83,0.08,180.19,1,-105,-7,13,10,20,17,12806666,385
238.08,1544433508,1965.67,51.490992,7.401695,171.92,12.82,-0.01,180.93,1,-109,-8,10,15,17,17,12806666,385
239.08,1544433509,1978.53,51.490876,7.401695,171.79,12.81,-0.01,181.09,1,-109,-8,10,15,17,17,12806666,385
240.08,1544433510,1991.33,51.490756,7.401689,172.47,12.60,-0.21,181.40,1,-111,-7,8,15,14,17,12806666,385
241.08,1544433511,2003.96,51.490643,7.401685,173.32,12.59,-0.01,180.90,1,-111,-7,8,15,14,17,12806666,385
242.08,1544433512,2016.49,51.490531,7.401685,173.81,12.64,0.05,180.16,1,-109,-11,7,9,18,17,12806666,385
243.08,1544433513,2029.16,51.490414,7.401683,174.37,12.66,0.03,180.00,1,-109,-11,7,9,18,17,12806666,385
244.08,1544433514,2041.83,51.490304,7.401681,174.61,12.12,-0.54,179.71,1,-110,-9,6,12,17,17,12806666,385
245.08,1544433515,2053.94,51.490197,7.401685,174.79,11.68,-0.44,179.30,1,-110,-9,6,12,17,17,12806666,385
246.08,1544433516,2065.62,51.490089,7.401689,174.97,11.36,-0.32,179.28,1,-108,-8,7,15,17,17,12806666,385
247.08,1544433517,2076.98,51.489999,7.401691,175.05,10.60,-0.77,178.75,1,-108,-8,7,15,17,17,12806666,385
248.09,1544433518,2087.69,51.489912,7.401700,175.55,9.48,-1.11,177.89,1,-109,-8,9,13,17,17,12806666,385
249.08,1544433519,2097.08,51.489831,7.401707,176.09,9.30,-0.18,178.23,1,-109,-8,9,13,17,17,12806666,385
250.08,1544433520,2106.38,51.489744,7.401712,176.77,8.56,-0.74,179.17,1,-109,-8,9,13,17,17,12806666,385
251.08,1544433521,2114.91,51.489677,7.401715,177.45,6.60,-1.96,179.63,1,-106,-8,6,15,20,17,12806666,385
252.08,1544433522,2121.53,51.489625,7.401715,177.96,4.25,-2.35,180.03,1,-106,-8,6,15,20,17,12806666,385
253.08,1544433523,2125.77,51.489602,7.401713,178.01,1.32,-2.94,180.68,1,-109,-11,6,13,21,17,12806666,385
254.08,1544433524,2127.09,51.489602,7.401713,178.01,0.00,-1.32,180.68,1,-109,-11,6,13,21,17,12806666,385
255.08,1544433525,2127.09,51.489602,7.401713,178.01,0.00,0.00,180.68,1,-112,-14,3,9,21,17,12806666,385
256.08,1544433526,2127.09,51.489602,7.401713,177.99,0.00,0.00,180.68,1,-112,-14,3,9,21,17,12806666,385
257.08,1544433527,2127.09,51.489602,7.401713,177.98,0.00,0.00,180.68,1,-111,-8,4,6,16,17,12806666,385
258.08,1544433528,2127.09,51.489602,7.401713,177.96,0.00,0.00,180.68,1,-111,-8,4,6,16,17,12806666,385
259.08,1544433529,2127.09,51.489602,7.401713,177.95,0.00,0.00,180.68,1,-110,-8,5,6,17,17,12806666,385
260.08,1544433530,2127.09,51.489602,7.401713,177.95,0.00,0.00,180.68,1,-110,-8,5,6,17,17,12806666,385
261.08,1544433531,2127.09,51.489602,7.401713,177.94,0.00,0.00,180.68,1,-110,-9,5,6,17,17,12806666,385
262.08,1544433532,2127.09,51.489602,7.401713,177.95,0.00,0.00,180.68,1,-110,-9,5,6,17,17,12806666,385
263.08,1544433533,2127.09,51.489602,7.401713,177.96,0.00,0.00,180.68,1,-111,-13,5,6,21,17,12806666,385
264.08,1544433534,2127.09,51.489602,7.401713,177.97,0.00,0.00,180.68,1,-111,-13,5,6,21,17,12806666,385
265.08,1544433535,2127.09,51.489602,7.401713,177.99,0.00,0.00,180.68,1,-111,-11,5,6,17,17,12806666,385
266.08,1544433536,2127.09,51.489602,7.401713,178.01,0.00,0.00,180.68,1,-111,-11,5,6,17,17,12806666,385
267.08,1544433537,2127.09,51.489602,7.401713,178.03,0.00,0.00,180.68,1,-110,-8,6,11,16,17,12806666,385
268.08,1544433538,2127.09,51.489602,7.401713,178.30,0.00,0.00,180.68,1,-110,-8,6,11,16,17,12806666,385
269.09,1544433539,2127.09,51.489602,7.401713,178.56,0.00,0.00,182.39,1,-110,-8,6,7,17,17,12806666,385
270.08,1544433540,2127.09,51.489531,7.401702,178.82,0.00,0.00,181.66,1,-110,-8,6,7,17,17,12806666,385
271.08,1544433541,2127.09,51.489503,7.401698,179.06,2.99,0.00,181.85,1,-110,-8,6,7,17,17,12806666,385
272.08,1544433542,2130.08,51.489479,7.401696,179.33,2.51,-0.48,181.43,1,-107,-8,10,15,19,17,12806666,385
273.08,1544433543,2132.59,51.489453,7.401694,179.62,2.01,-0.50,180.78,1,-107,-8,10,15,19,17,12806666,385
274.08,1544433544,2134.60,51.489440,7.401692,179.88,1.43,-0.57,179.65,1,-106,-9,4,7,21,17,12806666,385
275.08,1544433545,2136.03,51.489443,7.401693,180.09,1.04,-0.39,179.65,1,-106,-9,4,7,21,17,12806666,385
276.08,1544433546,2137.08,51.489439,7.401691,180.28,0.56,-0.48,179.65,1,-105,-9,5,11,22,17,12806666,385
277.08,1544433547,2137.64,51.489439,7.401691,180.42,0.00,-0.56,179.65,1,-105,-9,5,11,22,17,12806666,385
278.08,1544433548,2137.64,51.489439,7.401691,180.53,0.00,0.00,152.97,1,-107,-9,7,11,20,17,12806666,385
279.08,1544433549,2137.64,51.489439,7.401691,181.25,0.00,0.00,125.95,1,-107,-9,7,11,20,17,12806666,385
280.08,1544433550,2137.64,51.489396,7.401818,181.77,5.31,0.00,92.86,1,-111,-9,6,7,16,17,12806666,385
281.08,1544433551,2142.95,51.489395,7.401911,181.57,6.71,1.40,90.81,1,-111,-9,6,7,16,17,12806666,385
282.08,1544433552,2149.64,51.489390,7.402047,181.08,8.75,2.05,89.88,1,-109,-9,4,7,18,17,12806666,385
283.08,1544433553,2158.43,51.489389,7.402184,180.35,9.93,1.18,89.75,1,-109,-9,4,7,18,17,12806666,385
284.08,1544433554,2168.36,51.489391,7.402315,179.39,10.77,0.84,89.59,1,-110,-10,3,8,18,17,12806666,385
285.08,1544433555,2179.13,51.489391,7.402465,178.25,11.21,0.43,90.39,1,-110,-10,3,8,18,17,12806666,385
286.08,1544433556,2190.29,51.489386,7.402643,177.18,11.73,0.52,91.21,1,-106,-7,7,8,20,17,12806666,385
287.08,1544433557,2202.07,51.489384,7.402803,176.13,11.64,-0.09,91.26,1,-106,-7,7,8,20,17,12806666,385
288.08,1544433558,2213.69,51.489381,7.402968,175.21,11.39,-0.24,90.99,1,-113,-9,5,9,14,17,12806666,385
289.08,1544433559,2225.10,51.489378,7.403131,174.42,11.75,0.35,91.02,1,-113,-9,5,9,14,17,12806666,385
290.09,1544433560,2236.93,51.489375,7.403301,173.79,11.66,-0.09,91.01,1,-110,-9,5,7,16,17,12806666,385
291.08,1544433561,2248.49,51.489371,7.403482,173.41,11.69,0.04,90.76,1,-110,-9,5,7,16,17,12806666,385
292.08,1544433562,2260.21,51.489369,7.403648,173.12,11.90,0.21,90.38,1,-110,-9,5,7,16,17,12806666,385
293.08,1544433563,2272.06,51.489366,7.403817,172.93,12.48,0.58,90.48,1,-110,-11,3,7,18,17,12806666,385
294.08,1544433564,2284.58,51.489367,7.404006,172.89,12.89,0.40,89.91,1,-110,-11,3,7,18,17,12806666,385
295.08,1544433565,2297.48,51.489367,7.404200,172.94,13.07,0.18,89.28,1,-115,-11,4,8,16,17,12806666,385
296.08,1544433566,2310.55,51.489370,7.404389,173.11,12.70,-0.37,88.78,1,-115,-11,4,8,16,17,12806666,385
297.08,1544433567,2323.24,51.489375,7.404575,173.51,12.47,-0.23,89.13,1,-108,-9,5,7,18,17,12806666,385
298.08,1544433568,2335.71,51.489377,7.404759,173.89,12.49,0.02,90.24,1,-108,-9,5,7,18,17,12806666,385
299.08,1544433569,2348.21,51.489376,7.404942,174.23,12.49,-0.01,91.04,1,-107,-10,2,6,16,71,13067274,289
300.08,1544433570,2360.70,51.489375,7.405116,174.53,12.15,-0.33,90.66,1,-107,-10,2,6,16,71,13067274,289
301.08,1544433571,2372.86,51.489377,7.405292,174.68,12.00,-0.15,89.13,1,-105,-11,1,8,19,71,13067274,289
302.08,1544433572,2384.84,51.489381,7.405482,174.91,12.37,0.37,87.50,1,-105,-11,1,8,19,71,13067274,289
303.08,1544433573,2397.19,51.489391,7.405638,175.07,12.03,-0.34,85.51,1,-97,-7,5,10,22,71,13067274,289
304.08,1544433574,2409.24,51.489404,7.405784,175.87,11.23,-0.79,84.29,1,-97,-7,5,10,22,71,13067274,289
305.08,1544433575,2420.47,51.489420,7.405949,176.78,11.35,0.12,84.93,1,-98,-8,6,15,22,71,13067274,289
306.08,1544433576,2431.82,51.489440,7.406127,177.82,11.89,0.54,82.16,1,-98,-8,6,15,22,71,13067274,289
307.08,1544433577,2443.71,51.489468,7.406332,178.00,12.50,0.61,80.08,1,-99,-8,6,11,22,71,13067274,289
308.08,1544433578,2456.22,51.489493,7.406500,178.47,12.96,0.46,78.97,1,-99,-8,6,11,22,71,13067274,289
309.08,1544433579,2469.16,51.489521,7.406694,178.54,13.09,0.14,78.53,1,-94,-8,6,15,20,71,13067274,289
310.08,1544433580,2482.25,51.489554,7.406892,178.21,13.19,0.10,77.58,1,-94,-8,6,15,20,71,13067274,289
311.08,1544433581,2495.48,51.489586,7.407079,178.09,13.02,-0.17,77.92,1,-102,-8,6,12,21,71,13067274,289
312.08,1544433582,2508.49,51.489613,7.407266,178.22,13.06,0.03,78.72,1,-102,-8,6,12,21,71,13067274,289
313.08,1544433583,2521.55,51.489639,7.407446,178.19,13.09,0.04,78.33,1,-102,-8,6,12,21,71,13067274,289
314.08,1544433584,2534.59,51.489666,7.407631,178.55,12.96,-0.13,78.78,1,-103,-8,6,9,22,71,13067274,289
315.08,1544433585,2547.59,51.489691,7.407811,178.79,13.02,0.06,79.48,1,-103,-8,6,9,22,71,13067274,289
316.08,1544433586,2560.61,51.489713,7.407992,178.58,13.19,0.17,80.24,1,-104,-8,8,10,21,71,13067274,289
317.08,1544433587,2573.80,51.489734,7.408163,177.84,12.90,-0.28,79.11,1,-104,-8,8,10,21,71,13067274,289
318.08,1544433588,2586.71,51.489755,7.408340,177.11,13.21,0.31,78.18,1,-104,-8,4,6,22,71,13067274,289
319.08,1544433589,2599.93,51.489783,7.408531,176.34,13.50,0.29,77.78,1,-104,-8,4,6,22,71,13067274,289
320.08,1544433590,2613.45,51.489810,7.408726,175.41,13.50,-0.01,77.58,1,-103,-9,4,8,21,71,13067274,289
321.08,1544433591,2626.95,51.489836,7.408912,174.38,13.52,0.02,77.64,1,-103,-9,4,8,21,71,13067274,289
322.08,1544433592,2640.42,51.489863,7.409102,173.23,13.55,0.03,77.82,1,-107,-9,4,7,18,71,13067274,289
323.08,1544433593,2653.98,51.489888,7.409284,171.97,13.58,0.03,77.44,1,-107,-9,4,7,18,71,13067274,289
324.08,1544433594,2667.54,51.489914,7.409480,170.90,13.54,-0.04,77.76,1,-104,-12,1,9,24,71,13067274,289
325.08,1544433595,2681.12,51.489941,7.409668,169.85,13.25,-0.29,78.65,1,-104,-12,1,9,24,71,13067274,289
326.08,1544433596,2694.36,51.489966,7.409850,169.08,13.22,-0.03,78.56,1,-107,-11,2,11,21,71,13067274,289
327.08,1544433597,2707.60,51.489989,7.410043,168.51,13.00,-0.22,79.40,1,-107,-11,2,11,21,71,13067274,289
328.08,1544433598,2720.61,51.490009,7.410246,167.97,12.79,-0.21,78.85,1,-107,-10,-1,8,19,71,13067274,289
329.08,1544433599,2733.39,51.490030,7.410420,167.50,12.70,-0.09,78.31,1,-107,-10,-1,8,19,71,13067274,289
330.08,1544433600,2746.08,51.490053,7.410595,166.97,12.60,-0.10,77.59,1,-108,-8,9,9,17,71,13067274,289
331.08,1544433601,2758.63,51.490077,7.410766,166.27,12.51,-0.08,77.12,1,-108,-8,9,9,17,71,13067274,289
332.08,1544433602,2771.21,51.490105,7.410942,165.31,12.46,-0.06,76.78,1,-105,-11,6,10,15,71,13067274,289
333.08,1544433603,2783.60,51.490130,7.411104,164.58,12.35,-0.11,77.15,1,-105,-11,6,10,15,71,13067274,289
334.08,1544433604,2795.99,51.490155,7.411275,164.06,12.15,-0.19,78.09,1,-105,-11,6,10,15,71,13067274,289
335.08,1544433605,2808.16,51.490178,7.411448,163.55,12.19,0.04,78.43,1,-111,-9,4,8,14,71,13067274,289
