time_s,timestamp_ms,distance_m,latitude,longitude,altitude,velocity_mps,acceleration_mpss,direction,isRegistered,rsrp_dbm,rsrq_db,rssnr_db,cqi,ss,ta,ci,pci
13.08,1544518159,166.38,51.490484,7.413743,159.52,13.54,0.00,78.45,0,-96,-9,0,0,45,0,0,167
14.09,1544518160,179.99,51.490509,7.413940,159.94,13.44,0.00,78.66,0,-96,-9,0,0,45,0,0,167
19.09,1544518165,246.69,51.490626,7.414898,159.23,13.51,0.00,80.09,0,-93,-7,0,0,45,0,0,167
20.09,1544518166,260.26,51.490646,7.415095,159.03,13.49,0.00,80.96,0,-93,-7,0,0,45,0,0,167
78.09,1544518224,518.97,51.491576,7.416920,152.73,8.81,0.00,346.39,0,-99,-9,0,0,42,0,0,222
78.09,1544518224,518.97,51.491576,7.416920,152.73,8.81,0.00,346.39,0,-99,-8,0,0,38,0,0,45
79.08,1544518225,527.74,51.491652,7.416884,152.54,8.65,0.00,345.15,0,-99,-9,0,0,42,0,0,222
79.08,1544518225,527.74,51.491652,7.416884,152.54,8.65,0.00,345.15,0,-99,-8,0,0,38,0,0,45
80.08,1544518226,536.40,51.491732,7.416845,152.22,8.59,0.00,343.49,0,-99,-9,0,0,42,0,0,222
80.08,1544518226,536.40,51.491732,7.416845,152.22,8.59,0.00,343.49,0,-97,-9,0,0,41,0,0,45
81.08,1544518227,544.99,51.491801,7.416806,152.03,8.46,0.00,341.67,0,-99,-9,0,0,42,0,0,222
81.09,1544518227,545.00,51.491801,7.416806,152.03,8.46,0.00,341.67,0,-97,-9,0,0,41,0,0,45
99.09,1544518245,703.89,51.493183,7.416007,160.59,9.57,0.00,349.62,0,-100,-9,0,0,42,0,0,222
99.09,1544518245,703.89,51.493183,7.416007,160.59,9.57,0.00,349.62,0,-101,-12,0,0,43,0,0,165
99.09,1544518245,703.90,51.493183,7.416007,160.59,9.57,0.00,349.62,0,-99,-11,0,0,41,0,0,292
99.09,1544518245,703.91,51.493183,7.416007,160.59,9.57,0.00,349.62,0,-99,-9,0,0,39,0,0,45
100.09,1544518246,713.49,51.493249,7.415973,159.71,9.18,0.00,349.10,0,-100,-9,0,0,42,0,0,222
100.09,1544518246,713.50,51.493249,7.415973,159.71,9.18,0.00,349.10,0,-101,-12,0,0,43,0,0,165
100.09,1544518246,713.51,51.493249,7.415973,159.71,9.18,0.00,349.10,0,-99,-11,0,0,41,0,0,292
100.09,1544518246,713.52,51.493249,7.415973,159.71,9.18,0.00,349.10,0,-99,-9,0,0,39,0,0,45
101.09,1544518247,722.65,51.493316,7.415938,159.06,8.93,0.00,348.75,0,-103,-13,0,0,41,0,0,165
101.09,1544518247,722.66,51.493316,7.415938,159.06,8.93,0.00,348.75,0,-99,-10,0,0,39,0,0,292
101.09,1544518247,722.67,51.493316,7.415938,159.06,8.93,0.00,348.75,0,-103,-11,0,0,36,0,0,45
102.09,1544518248,731.56,51.493394,7.415904,158.77,8.57,0.00,348.24,0,-103,-13,0,0,41,0,0,165
102.09,1544518248,731.56,51.493394,7.415904,158.77,8.57,0.00,348.24,0,-99,-10,0,0,39,0,0,292
102.09,1544518248,731.57,51.493394,7.415904,158.77,8.57,0.00,348.24,0,-103,-11,0,0,36,0,0,45
103.09,1544518249,740.15,51.493478,7.415869,158.73,8.48,0.00,347.89,0,-102,-12,0,0,42,0,0,165
103.09,1544518249,740.15,51.493478,7.415869,158.73,8.48,0.00,347.89,0,-103,-12,0,0,41,0,0,418
103.09,1544518249,740.16,51.493478,7.415869,158.73,8.48,0.00,347.89,0,-100,-10,0,0,38,0,0,349
103.09,1544518249,740.17,51.493478,7.415869,158.73,8.48,0.00,347.89,0,-100,-12,0,0,40,0,0,292
104.09,1544518250,748.63,51.493563,7.415837,159.00,8.60,0.00,347.96,0,-102,-12,0,0,42,0,0,165
104.09,1544518250,748.63,51.493563,7.415837,159.00,8.60,0.00,347.96,0,-103,-12,0,0,41,0,0,418
104.09,1544518250,748.63,51.493563,7.415837,159.00,8.60,0.00,347.96,0,-100,-10,0,0,38,0,0,349
104.09,1544518250,748.64,51.493563,7.415837,159.00,8.60,0.00,347.96,0,-100,-12,0,0,40,0,0,292
105.09,1544518251,757.21,51.493650,7.415806,159.45,8.91,0.00,347.89,0,-102,-11,0,0,40,0,0,165
105.09,1544518251,757.22,51.493650,7.415806,159.45,8.91,0.00,347.89,0,-101,-10,0,0,38,0,0,292
106.09,1544518252,766.13,51.493736,7.415770,159.70,8.80,0.00,348.04,0,-102,-11,0,0,40,0,0,165
106.09,1544518252,766.13,51.493736,7.415770,159.70,8.80,0.00,348.04,0,-101,-10,0,0,38,0,0,292
107.09,1544518253,774.92,51.493808,7.415740,160.42,8.75,0.00,347.55,0,-95,-10,0,0,46,0,0,165
107.09,1544518253,774.93,51.493808,7.415740,160.42,8.75,0.00,347.55,0,-94,-10,0,0,45,0,0,292
108.08,1544518254,783.62,51.493885,7.415710,160.87,8.97,0.00,347.81,0,-95,-10,0,0,46,0,0,165
108.08,1544518254,783.62,51.493885,7.415710,160.87,8.97,0.00,347.81,0,-94,-10,0,0,45,0,0,292
109.10,1544518255,792.74,51.493970,7.415671,161.12,9.50,0.00,345.36,0,-95,-11,0,0,48,0,0,165
109.10,1544518255,792.75,51.493970,7.415671,161.12,9.50,0.00,345.36,0,-93,-10,0,0,45,0,0,292
110.09,1544518256,802.18,51.494058,7.415631,161.32,10.53,0.00,344.45,0,-95,-11,0,0,48,0,0,165
110.09,1544518256,802.19,51.494058,7.415631,161.32,10.53,0.00,344.45,0,-93,-10,0,0,45,0,0,292
111.09,1544518257,812.66,51.494141,7.415593,161.13,10.79,0.00,344.81,0,-95,-11,0,0,48,0,0,165
111.09,1544518257,812.66,51.494141,7.415593,161.13,10.79,0.00,344.81,0,-93,-10,0,0,45,0,0,292
112.08,1544518258,823.42,51.494235,7.415553,160.88,10.89,0.00,345.69,0,-94,-12,0,0,47,0,0,292
113.09,1544518259,834.34,51.494342,7.415508,160.33,10.00,0.00,346.14,0,-94,-12,0,0,47,0,0,292
114.09,1544518260,844.36,51.494429,7.415479,159.55,8.18,0.00,347.20,0,-94,-11,0,0,49,0,0,418
114.09,1544518260,844.37,51.494429,7.415479,159.55,8.18,0.00,347.20,0,-96,-13,0,0,49,0,0,165
114.09,1544518260,844.38,51.494429,7.415479,159.55,8.18,0.00,347.20,0,-93,-10,0,0,46,0,0,349
114.09,1544518260,844.39,51.494429,7.415479,159.55,8.18,0.00,347.20,0,-94,-12,0,0,47,0,0,292
115.09,1544518261,852.52,51.494498,7.415458,159.15,6.73,0.00,344.72,0,-94,-11,0,0,49,0,0,418
115.09,1544518261,852.52,51.494498,7.415458,159.15,6.73,0.00,344.72,0,-96,-13,0,0,49,0,0,165
115.09,1544518261,852.53,51.494498,7.415458,159.15,6.73,0.00,344.72,0,-93,-10,0,0,46,0,0,349
115.09,1544518261,852.54,51.494498,7.415458,159.15,6.73,0.00,344.72,0,-94,-12,0,0,47,0,0,292
116.09,1544518262,859.27,51.494516,7.415416,158.20,5.97,0.00,308.90,0,-93,-11,0,0,49,0,0,165
116.09,1544518262,859.27,51.494516,7.415416,158.20,5.97,0.00,308.90,0,-89,-9,0,0,49,0,0,292
116.09,1544518262,859.28,51.494516,7.415416,158.20,5.97,0.00,308.90,0,-96,-14,0,0,47,0,0,349
117.09,1544518263,865.23,51.494526,7.415305,157.95,7.46,0.00,275.23,0,-93,-11,0,0,49,0,0,165
117.09,1544518263,865.24,51.494526,7.415305,157.95,7.46,0.00,275.23,0,-89,-9,0,0,49,0,0,292
117.09,1544518263,865.25,51.494526,7.415305,157.95,7.46,0.00,275.23,0,-96,-14,0,0,47,0,0,349
118.09,1544518264,872.70,51.494525,7.415198,158.59,8.48,0.00,271.66,0,-91,-9,0,0,50,0,0,165
118.09,1544518264,872.71,51.494525,7.415198,158.59,8.48,0.00,271.66,0,-95,-12,0,0,49,0,0,418
118.09,1544518264,872.71,51.494525,7.415198,158.59,8.48,0.00,271.66,0,-90,-8,0,0,47,0,0,292
118.09,1544518264,872.71,51.494525,7.415198,158.59,8.48,0.00,271.66,0,-94,-11,0,0,46,0,0,349
119.09,1544518265,881.17,51.494521,7.415087,158.71,8.67,0.00,268.49,0,-91,-9,0,0,50,0,0,165
119.09,1544518265,881.18,51.494521,7.415087,158.71,8.67,0.00,268.49,0,-95,-12,0,0,49,0,0,418
119.09,1544518265,881.19,51.494521,7.415087,158.71,8.67,0.00,268.49,0,-90,-8,0,0,47,0,0,292
119.09,1544518265,881.20,51.494521,7.415087,158.71,8.67,0.00,268.49,0,-94,-11,0,0,46,0,0,349
120.09,1544518266,889.87,51.494509,7.414925,158.59,10.50,0.00,265.56,0,-94,-9,0,0,47,0,0,165
120.09,1544518266,889.88,51.494509,7.414925,158.59,10.50,0.00,265.56,0,-93,-8,0,0,44,0,0,292
121.09,1544518267,900.34,51.494493,7.414764,159.00,11.49,0.00,262.95,0,-94,-9,0,0,47,0,0,165
121.09,1544518267,900.36,51.494493,7.414764,159.00,11.49,0.00,262.95,0,-93,-8,0,0,44,0,0,292
122.09,1544518268,911.84,51.494471,7.414582,159.13,12.08,0.00,261.23,0,-92,-8,0,0,48,0,0,165
122.09,1544518268,911.84,51.494471,7.414582,159.13,12.08,0.00,261.23,0,-94,-8,0,0,42,0,0,292
123.09,1544518269,923.92,51.494439,7.414413,159.71,12.48,0.00,260.20,0,-92,-8,0,0,48,0,0,165
123.09,1544518269,923.93,51.494439,7.414413,159.71,12.48,0.00,260.20,0,-94,-8,0,0,42,0,0,292
124.09,1544518270,936.37,51.494409,7.414225,160.07,13.53,0.00,259.18,0,-98,-13,0,0,47,0,0,167
124.09,1544518270,936.38,51.494409,7.414225,160.07,13.53,0.00,259.18,0,-99,-13,0,0,42,0,0,291
125.09,1544518271,949.90,51.494379,7.414035,159.96,13.37,0.00,258.45,0,-98,-13,0,0,47,0,0,167
125.09,1544518271,949.91,51.494379,7.414035,159.96,13.37,0.00,258.45,0,-99,-13,0,0,42,0,0,291
128.09,1544518274,989.72,51.494300,7.413495,161.03,13.02,0.00,258.08,0,-89,-11,0,0,51,0,0,291
129.09,1544518275,1002.74,51.494271,7.413308,161.40,12.62,0.00,258.51,0,-89,-11,0,0,51,0,0,291
147.09,1544518293,1242.23,51.493823,7.409870,167.03,13.55,0.00,258.25,0,-87,-12,0,0,54,0,0,293
148.09,1544518294,1255.78,51.493798,7.409687,167.09,13.93,0.00,257.98,0,-87,-12,0,0,54,0,0,293
149.09,1544518295,1269.71,51.493768,7.409494,167.43,14.16,0.00,258.11,0,-84,-10,0,0,57,0,0,166
149.09,1544518295,1269.72,51.493768,7.409494,167.43,14.16,0.00,258.11,0,-84,-10,0,0,55,0,0,293
150.09,1544518296,1283.95,51.493742,7.409286,167.53,14.09,0.00,257.61,0,-84,-10,0,0,57,0,0,166
150.09,1544518296,1283.97,51.493742,7.409286,167.53,14.09,0.00,257.61,0,-84,-10,0,0,55,0,0,293
154.09,1544518300,1341.37,51.493629,7.408470,168.75,14.94,0.00,258.17,0,-80,-10,0,0,62,0,0,166
154.09,1544518300,1341.38,51.493629,7.408470,168.75,14.94,0.00,258.17,0,-80,-8,0,0,56,0,0,293
155.09,1544518301,1356.32,51.493600,7.408266,168.86,15.17,0.00,258.13,0,-80,-10,0,0,62,0,0,166
155.09,1544518301,1356.33,51.493600,7.408266,168.86,15.17,0.00,258.13,0,-80,-8,0,0,56,0,0,293
156.09,1544518302,1371.47,51.493572,7.408048,169.02,15.26,0.00,258.26,0,-83,-10,0,0,56,0,0,292
157.09,1544518303,1386.71,51.493544,7.407839,169.40,15.43,0.00,258.62,0,-83,-10,0,0,56,0,0,292
158.08,1544518304,1402.12,51.493516,7.407623,169.79,15.16,0.00,258.28,0,-87,-10,0,0,52,0,0,292
159.09,1544518305,1417.30,51.493492,7.407410,169.60,14.70,0.00,258.17,0,-87,-10,0,0,52,0,0,292
162.09,1544518308,1461.13,51.493410,7.406798,169.70,14.29,0.00,258.09,0,-87,-13,0,0,55,0,0,292
163.08,1544518309,1475.27,51.493381,7.406596,169.98,14.32,0.00,258.53,0,-87,-13,0,0,55,0,0,292
164.09,1544518310,1489.65,51.493351,7.406393,170.08,13.99,0.00,258.21,0,-91,-13,0,0,52,0,0,292
165.09,1544518311,1503.63,51.493323,7.406195,170.01,13.90,0.00,258.13,0,-91,-13,0,0,52,0,0,292
172.09,1544518318,1602.73,51.493140,7.404813,171.43,14.79,0.00,257.94,0,-93,-7,0,0,43,0,0,468
173.09,1544518319,1617.43,51.493113,7.404605,171.32,14.47,0.00,258.02,0,-93,-7,0,0,43,0,0,468
174.08,1544518320,1631.85,51.493089,7.404412,170.90,14.39,0.00,257.89,0,-93,-7,0,0,43,0,0,468
175.09,1544518321,1646.29,51.493063,7.404210,170.49,14.31,0.00,257.99,0,-96,-9,0,0,45,0,0,94
175.09,1544518321,1646.31,51.493063,7.404210,170.49,14.31,0.00,257.99,0,-94,-7,0,0,42,0,0,468
176.09,1544518322,1660.59,51.493038,7.404012,170.04,14.30,0.00,258.58,0,-96,-9,0,0,45,0,0,94
176.09,1544518322,1660.60,51.493038,7.404012,170.04,14.30,0.00,258.58,0,-94,-7,0,0,42,0,0,468
177.08,1544518323,1674.85,51.493014,7.403800,169.75,14.53,0.00,259.28,0,-97,-9,0,0,44,0,0,94
177.08,1544518323,1674.86,51.493014,7.403800,169.75,14.53,0.00,259.28,0,-95,-7,0,0,41,0,0,468
178.09,1544518324,1689.41,51.492996,7.403591,169.75,14.21,0.00,261.64,0,-97,-9,0,0,44,0,0,94
178.09,1544518324,1689.41,51.492996,7.403591,169.75,14.21,0.00,261.64,0,-95,-7,0,0,41,0,0,468
179.09,1544518325,1703.64,51.492985,7.403382,170.02,13.92,0.00,264.28,0,-90,-7,0,0,49,0,0,94
179.09,1544518325,1703.64,51.492985,7.403382,170.02,13.92,0.00,264.28,0,-89,-6,0,0,46,0,0,468
180.09,1544518326,1717.61,51.492980,7.403203,169.79,13.43,0.00,265.84,0,-90,-7,0,0,49,0,0,94
180.09,1544518326,1717.61,51.492980,7.403203,169.79,13.43,0.00,265.84,0,-89,-6,0,0,46,0,0,468
181.09,1544518327,1731.00,51.492974,7.403017,169.55,12.47,0.00,266.44,0,-94,-7,0,0,45,0,0,94
181.09,1544518327,1731.02,51.492974,7.403017,169.55,12.47,0.00,266.44,0,-93,-7,0,0,42,0,0,468
182.09,1544518328,1743.49,51.492972,7.402853,168.96,11.48,0.00,266.95,0,-94,-7,0,0,45,0,0,94
182.09,1544518328,1743.49,51.492972,7.402853,168.96,11.48,0.00,266.95,0,-93,-7,0,0,42,0,0,468
183.09,1544518329,1754.95,51.492970,7.402701,168.26,10.19,0.00,267.54,0,-92,-8,0,0,48,0,0,94
183.09,1544518329,1754.96,51.492970,7.402701,168.26,10.19,0.00,267.54,0,-90,-6,0,0,45,0,0,468
183.09,1544518329,1754.98,51.492970,7.402701,168.26,10.19,0.00,267.54,0,-97,-10,0,0,42,0,0,246
184.09,1544518330,1765.15,51.492969,7.402564,167.55,8.89,0.00,268.29,0,-92,-8,0,0,48,0,0,94
184.09,1544518330,1765.15,51.492969,7.402564,167.55,8.89,0.00,268.29,0,-90,-6,0,0,45,0,0,468
184.09,1544518330,1765.16,51.492969,7.402564,167.55,8.89,0.00,268.29,0,-97,-10,0,0,42,0,0,246
187.09,1544518333,1788.43,51.492976,7.402237,165.08,5.97,0.00,270.69,0,-97,-7,0,0,41,0,0,166
188.09,1544518334,1794.40,51.492979,7.402162,164.21,5.55,0.00,271.66,0,-97,-7,0,0,41,0,0,166
191.08,1544518337,1810.34,51.492993,7.401945,162.89,6.26,0.00,270.39,0,-93,-11,0,0,50,0,0,166
192.08,1544518338,1816.59,51.492959,7.401859,162.75,6.95,0.00,230.31,0,-93,-11,0,0,50,0,0,166
193.09,1544518339,1823.60,51.492905,7.401797,163.19,6.96,0.00,206.52,0,-97,-10,0,0,46,0,0,166
194.08,1544518340,1830.50,51.492846,7.401783,163.46,8.36,0.00,184.53,0,-97,-10,0,0,46,0,0,166
195.09,1544518341,1838.90,51.492772,7.401776,164.09,9.14,0.00,183.03,0,-97,-10,0,0,46,0,0,166
294.09,1544518440,2363.87,51.489376,7.404306,179.68,15.01,0.00,90.88,0,-78,-9,0,0,62,0,0,95
294.09,1544518440,2363.89,51.489376,7.404306,179.68,15.01,0.00,90.88,0,-82,-8,0,0,57,0,0,426
295.09,1544518441,2378.86,51.489375,7.404517,179.68,14.90,0.00,91.10,0,-78,-9,0,0,62,0,0,95
295.09,1544518441,2378.87,51.489375,7.404517,179.68,14.90,0.00,91.10,0,-82,-8,0,0,57,0,0,426
