time_s,timestamp_ms,distance_m,latitude,longitude,altitude,velocity_mps,acceleration_mpss,direction,isRegistered,rsrp_dbm,rsrq_db,rssnr_db,cqi,ss,ta,ci,pci
0.02,1544519015,0.00,51.490146,7.411267,166.32,12.10,0.00,78.10,1,-112,-9,8,7,17,71,13067274,289
1.02,1544519016,12.16,51.490171,7.411441,166.04,12.13,0.03,77.71,1,-112,-9,8,7,17,71,13067274,289
2.03,1544519017,24.39,51.490196,7.411607,165.99,11.87,-0.25,78.22,1,-114,-9,5,7,13,71,13067274,289
3.02,1544519018,36.14,51.490221,7.411765,165.78,11.96,0.09,78.41,1,-114,-9,5,7,13,71,13067274,289
4.02,1544519019,48.10,51.490246,7.411927,165.57,12.11,0.15,78.59,1,-114,-9,5,7,13,71,13067274,289
5.02,1544519020,60.19,51.490272,7.412098,165.28,12.51,0.40,78.14,1,-115,-11,4,8,12,71,13067274,289
6.02,1544519021,72.72,51.490297,7.412282,165.28,13.18,0.67,78.53,1,-115,-11,4,8,12,71,13067274,289
7.02,1544519022,85.88,51.490323,7.412465,165.00,13.53,0.35,78.30,1,-112,-10,10,8,16,71,13067274,289
8.02,1544519023,99.43,51.490356,7.412678,164.94,13.85,0.31,78.60,1,-112,-10,10,8,16,71,13067274,289
9.02,1544519024,113.31,51.490388,7.412878,164.91,14.06,0.21,78.18,1,-113,-10,0,7,14,71,13067274,289
10.02,1544519025,127.36,51.490419,7.413094,165.26,13.98,-0.08,78.24,1,-113,-10,0,7,14,71,13067274,289
11.02,1544519026,141.33,51.490444,7.413281,165.38,13.86,-0.12,78.10,1,-115,-10,4,7,14,71,13067274,289
12.02,1544519027,155.20,51.490468,7.413471,165.13,13.70,-0.16,78.38,1,-115,-10,4,7,14,71,13067274,289
13.02,1544519028,168.88,51.490493,7.413661,164.66,13.67,-0.03,78.87,1,-117,-13,0,7,16,71,13067274,289
14.02,1544519029,182.54,51.490518,7.413852,163.98,13.51,-0.16,78.43,1,-117,-13,0,7,16,71,13067274,289
15.02,1544519030,196.09,51.490544,7.414054,163.02,13.54,0.03,77.97,1,-120,-14,-4,5,12,71,13067274,289
16.02,1544519031,209.63,51.490569,7.414245,162.41,13.49,-0.05,77.83,1,-120,-14,-4,5,12,71,13067274,289
17.02,1544519032,223.10,51.490590,7.414427,161.91,13.62,0.13,78.46,nan,nan,nan,nan,nan,nan,nan,nan,nan
18.02,1544519033,236.71,51.490612,7.414621,161.38,13.85,0.23,79.15,nan,nan,nan,nan,nan,nan,nan,nan,nan
19.02,1544519034,250.56,51.490633,7.414800,160.66,13.68,-0.17,79.69,nan,nan,nan,nan,nan,nan,nan,nan,nan
20.02,1544519035,264.24,51.490656,7.415004,159.78,13.36,-0.32,80.59,nan,nan,nan,nan,nan,nan,nan,nan,nan
21.02,1544519036,277.60,51.490673,7.415188,159.02,13.06,-0.30,81.68,nan,nan,nan,nan,nan,nan,nan,nan,nan
22.02,1544519037,290.66,51.490685,7.415367,158.40,12.69,-0.37,82.79,nan,nan,nan,nan,nan,nan,nan,nan,nan
23.03,1544519038,303.49,51.490695,7.415548,158.08,12.32,-0.37,83.90,nan,nan,nan,nan,nan,nan,nan,nan,nan
24.02,1544519039,315.63,51.490700,7.415731,157.90,11.73,-0.60,85.57,nan,nan,nan,nan,nan,nan,nan,nan,nan
25.02,1544519040,327.42,51.490699,7.415884,157.62,10.27,-1.46,87.60,nan,nan,nan,nan,nan,nan,nan,nan,nan
26.02,1544519041,337.68,51.490693,7.416017,157.07,9.21,-1.06,89.95,nan,nan,nan,nan,nan,nan,nan,nan,nan
27.02,1544519042,346.87,51.490684,7.416128,156.53,7.15,-2.05,91.95,nan,nan,nan,nan,nan,nan,nan,nan,nan
28.02,1544519043,354.06,51.490675,7.416238,155.95,5.55,-1.59,94.02,1,-112,-18,-8,3,25,19,13532675,385
29.02,1544519044,359.61,51.490667,7.416309,155.90,4.13,-1.43,96.73,1,-112,-18,-8,3,25,19,13532675,385
30.02,1544519045,363.72,51.490656,7.416356,155.88,2.74,-1.39,99.54,1,-112,-11,2,9,15,17,12806666,385
31.02,1544519046,366.46,51.490652,7.416382,155.88,0.40,-2.34,99.54,1,-112,-11,2,9,15,17,12806666,385
32.02,1544519047,366.86,51.490652,7.416382,155.87,0.00,-0.40,99.54,1,-114,-14,0,2,30,17,12806666,385
33.02,1544519048,366.86,51.490652,7.416382,155.87,0.00,0.00,99.54,1,-114,-14,0,2,30,17,12806666,385
34.02,1544519049,366.86,51.490652,7.416382,155.86,0.00,0.00,99.54,1,-114,-11,-4,8,13,17,12806666,385
35.02,1544519050,366.86,51.490652,7.416382,155.84,0.00,0.00,99.54,1,-114,-11,-4,8,13,17,12806666,385
36.02,1544519051,366.86,51.490652,7.416382,155.83,0.00,0.00,99.54,1,-115,-10,1,8,13,17,12806666,385
37.02,1544519052,366.86,51.490652,7.416382,155.81,0.00,0.00,99.54,1,-115,-10,1,8,13,17,12806666,385
38.02,1544519053,366.86,51.490652,7.416382,155.78,0.00,0.00,99.54,1,-115,-12,-6,6,15,22,13392904,347
39.02,1544519054,366.86,51.490652,7.416382,155.76,0.00,0.00,99.54,1,-115,-12,-6,6,15,22,13392904,347
40.02,1544519055,366.86,51.490652,7.416382,155.73,0.00,0.00,99.54,1,-116,-15,-4,5,17,22,13392904,347
41.02,1544519056,366.86,51.490652,7.416382,155.71,0.00,0.00,99.54,1,-116,-15,-4,5,17,22,13392904,347
42.02,1544519057,366.86,51.490652,7.416382,155.56,0.00,0.00,99.54,1,-115,-12,-2,6,15,22,13392904,347
43.02,1544519058,366.86,51.490652,7.416382,155.43,0.00,0.00,98.48,1,-115,-12,-2,6,15,22,13392904,347
44.03,1544519059,366.86,51.490623,7.416564,154.56,0.00,0.00,101.09,1,-110,-9,-1,6,17,16,12806666,385
45.02,1544519060,366.86,51.490610,7.416658,153.83,4.88,0.00,100.12,1,-110,-9,-1,6,17,16,12806666,385
46.02,1544519061,371.74,51.490596,7.416744,153.29,5.44,0.56,101.75,1,-110,-9,-1,6,17,16,12806666,385
47.02,1544519062,377.19,51.490581,7.416835,153.27,5.82,0.37,102.77,1,-111,-11,1,9,16,16,12806666,385
48.02,1544519063,383.01,51.490568,7.416938,153.32,6.11,0.29,103.72,1,-111,-11,1,9,16,16,12806666,385
49.02,1544519064,389.10,51.490555,7.416999,153.40,6.28,0.18,102.80,1,-111,-11,1,5,16,16,12806666,385
50.02,1544519065,395.40,51.490544,7.417083,153.52,5.99,-0.29,100.69,1,-111,-11,1,5,16,16,12806666,385
51.02,1544519066,401.38,51.490554,7.417150,154.05,5.85,-0.14,71.16,1,-109,-10,1,10,14,16,12806666,385
52.02,1544519067,407.23,51.490591,7.417208,154.48,6.05,0.20,41.36,1,-109,-10,1,10,14,16,12806666,385
53.02,1544519068,413.27,51.490653,7.417246,154.80,7.10,1.05,14.94,1,-113,-10,3,9,14,16,12806666,385
54.02,1544519069,420.39,51.490724,7.417227,155.16,8.03,0.92,353.46,1,-113,-10,3,9,14,16,12806666,385
55.02,1544519070,428.41,51.490797,7.417207,155.28,8.62,0.59,352.53,1,-112,-10,2,9,16,16,12806666,385
56.02,1544519071,437.02,51.490875,7.417182,155.12,8.66,0.04,351.77,1,-112,-10,2,9,16,16,12806666,385
57.02,1544519072,445.68,51.490964,7.417155,155.29,8.88,0.22,350.80,1,-115,-12,1,7,16,16,12806666,385
58.02,1544519073,454.56,51.491050,7.417121,155.40,9.25,0.37,349.86,1,-115,-12,1,7,16,16,12806666,385
59.02,1544519074,463.82,51.491139,7.417085,155.31,9.96,0.71,349.35,1,-113,-14,-2,8,20,16,12806666,385
60.03,1544519075,473.86,51.491223,7.417052,155.16,9.39,-0.57,349.02,1,-113,-14,-2,8,20,16,12806666,385
61.02,1544519076,483.17,51.491306,7.417019,154.99,9.09,-0.30,348.64,1,-110,-12,0,7,20,16,12806666,385
62.02,1544519077,492.27,51.491389,7.416988,154.94,9.28,0.19,348.28,1,-110,-12,0,7,20,16,12806666,385
63.02,1544519078,501.55,51.491460,7.416959,154.88,9.41,0.12,347.86,1,-112,-15,-5,6,25,16,12806666,385
64.02,1544519079,510.98,51.491546,7.416927,154.64,9.60,0.19,347.32,1,-112,-15,-5,6,25,16,12806666,385
65.03,1544519080,520.63,51.491639,7.416888,154.66,10.14,0.54,346.23,1,-109,-14,-5,6,24,16,12806666,385
66.02,1544519081,530.71,51.491724,7.416844,154.80,9.80,-0.34,344.39,1,-109,-14,-5,6,24,16,12806666,385
67.02,1544519082,540.50,51.491807,7.416793,155.06,9.47,-0.33,342.18,1,-109,-14,-5,6,24,16,12806666,385
68.02,1544519083,549.97,51.491890,7.416740,155.42,9.45,-0.02,339.69,1,-110,-14,-3,7,22,16,12806666,385
69.02,1544519084,559.41,51.491943,7.416694,155.99,8.89,-0.56,336.63,1,-110,-14,-3,7,22,16,12806666,385
70.02,1544519085,568.27,51.492012,7.416631,156.55,9.10,0.22,333.94,1,-107,-14,1,6,27,16,12806666,385
71.02,1544519086,577.41,51.492078,7.416571,156.84,8.32,-0.78,332.27,1,-107,-14,1,6,27,16,12806666,385
72.02,1544519087,585.69,51.492152,7.416501,156.16,9.09,0.78,330.77,1,-104,-13,3,7,29,16,12806666,385
73.02,1544519088,594.82,51.492219,7.416438,155.84,8.30,-0.79,330.74,1,-104,-13,3,7,29,16,12806666,385
74.02,1544519089,603.11,51.492293,7.416373,155.74,9.43,1.13,331.89,1,-104,-13,2,10,25,16,12806666,385
75.02,1544519090,612.54,51.492376,7.416311,155.43,9.23,-0.19,333.34,1,-104,-13,2,10,25,16,12806666,385
76.02,1544519091,621.74,51.492464,7.416248,155.38,9.25,0.02,335.73,1,-103,-13,2,11,29,16,12806666,385
77.02,1544519092,631.00,51.492548,7.416192,155.86,9.63,0.38,338.05,1,-103,-13,2,11,29,16,12806666,385
78.02,1544519093,640.66,51.492628,7.416148,156.43,9.14,-0.49,340.90,1,-105,-9,7,11,21,16,12806666,385
79.02,1544519094,649.80,51.492714,7.416113,157.09,9.66,0.52,344.17,1,-105,-9,7,11,21,16,12806666,385
80.02,1544519095,659.46,51.492795,7.416089,157.75,9.87,0.21,346.42,1,-107,-13,6,10,23,16,12806666,385
81.02,1544519096,669.32,51.492872,7.416065,158.01,9.93,0.06,347.59,1,-107,-13,6,10,23,16,12806666,385
82.02,1544519097,679.22,51.492958,7.416037,158.42,10.51,0.59,347.66,1,-108,-10,9,6,21,16,12806666,385
83.02,1544519098,689.74,51.493047,7.416005,157.57,9.73,-0.78,345.87,1,-108,-10,9,6,21,16,12806666,385
84.02,1544519099,699.50,51.493129,7.415975,157.63,8.84,-0.89,346.57,1,-104,-13,1,5,30,16,12806666,385
85.02,1544519100,708.33,51.493211,7.415943,157.83,9.00,0.16,347.25,1,-104,-13,1,5,30,16,12806666,385
86.03,1544519101,717.41,51.493287,7.415912,157.94,9.03,0.03,348.24,1,-103,-13,-7,5,29,16,12806666,385
87.02,1544519102,726.36,51.493365,7.415885,158.28,9.83,0.81,348.86,1,-103,-13,-7,5,29,16,12806666,385
88.02,1544519103,736.19,51.493457,7.415856,158.61,10.54,0.71,348.38,1,-103,-13,-7,5,29,16,12806666,385
89.02,1544519104,746.74,51.493569,7.415823,158.95,10.59,0.05,348.37,1,-101,-12,-7,5,28,16,12806666,385
90.02,1544519105,757.32,51.493656,7.415800,159.12,10.19,-0.39,348.22,1,-101,-12,-7,5,28,16,12806666,385
91.02,1544519106,767.52,51.493740,7.415774,159.44,10.36,0.17,348.78,1,-103,-12,-5,7,28,16,12806666,385
92.02,1544519107,777.85,51.493830,7.415745,159.56,10.70,0.34,348.29,1,-103,-12,-5,7,28,16,12806666,385
93.02,1544519108,788.55,51.493930,7.415706,159.36,11.05,0.35,347.13,1,-101,-12,7,8,29,16,12806666,385
94.02,1544519109,799.63,51.494028,7.415667,159.02,11.46,0.41,345.70,1,-101,-12,7,8,29,16,12806666,385
95.02,1544519110,811.07,51.494123,7.415630,158.70,10.57,-0.89,345.41,1,-91,-5,20,12,32,16,12806666,385
96.02,1544519111,821.65,51.494217,7.415595,158.01,7.59,-2.98,347.42,1,-91,-5,20,12,32,16,12806666,385
97.02,1544519112,829.23,51.494276,7.415577,157.31,6.04,-1.55,347.16,1,-94,-7,18,10,29,16,12806666,385
98.02,1544519113,835.27,51.494330,7.415552,157.18,4.79,-1.25,347.08,1,-94,-7,18,10,29,16,12806666,385
99.02,1544519114,840.06,51.494367,7.415546,157.16,2.87,-1.92,347.51,1,-92,-6,19,12,32,16,12806666,385
100.02,1544519115,842.93,51.494367,7.415546,157.16,0.00,-2.87,347.51,1,-92,-6,19,12,32,16,12806666,385
101.02,1544519116,842.93,51.494367,7.415546,157.16,0.00,0.00,347.51,1,-93,-7,13,1,28,16,12806666,385
102.02,1544519117,842.93,51.494367,7.415546,157.17,0.00,0.00,347.51,1,-93,-7,13,1,28,16,12806666,385
103.02,1544519118,842.93,51.494367,7.415546,157.17,0.00,0.00,347.51,1,-95,-9,11,12,30,16,12806666,385
104.02,1544519119,842.93,51.494367,7.415546,157.18,0.00,0.00,347.51,1,-95,-9,11,12,30,16,12806666,385
105.02,1544519120,842.93,51.494367,7.415546,157.18,0.00,0.00,347.51,1,-94,-9,16,11,32,16,12806666,385
106.02,1544519121,842.93,51.494367,7.415546,157.19,0.00,0.00,347.51,1,-94,-9,16,11,32,16,12806666,385
107.03,1544519122,842.93,51.494367,7.415546,157.20,0.00,0.00,347.51,1,-93,-7,10,1,27,16,12806666,385
108.02,1544519123,842.93,51.494367,7.415546,157.20,0.00,0.00,347.51,1,-93,-7,10,1,27,16,12806666,385
109.02,1544519124,842.93,51.494367,7.415546,157.21,0.00,0.00,347.51,1,-93,-7,10,1,27,16,12806666,385
110.02,1544519125,842.93,51.494367,7.415546,157.22,0.00,0.00,347.51,1,-94,-9,11,11,30,16,12806666,385
111.02,1544519126,842.93,51.494367,7.415546,157.22,0.00,0.00,347.51,1,-94,-9,11,11,30,16,12806666,385
112.02,1544519127,842.93,51.494367,7.415546,157.22,0.00,0.00,347.51,1,-94,-6,13,15,28,16,12806666,385
113.02,1544519128,842.93,51.494367,7.415546,157.23,0.00,0.00,347.51,1,-94,-6,13,15,28,16,12806666,385
114.02,1544519129,842.93,51.494367,7.415546,157.23,0.00,0.00,347.51,1,-94,-7,11,1,28,16,12806666,385
115.02,1544519130,842.93,51.494367,7.415546,157.22,0.00,0.00,347.51,1,-94,-7,11,1,28,16,12806666,385
116.02,1544519131,842.93,51.494367,7.415546,157.22,0.00,0.00,347.51,1,-95,-8,11,13,32,16,12806666,385
117.02,1544519132,842.93,51.494367,7.415546,157.22,0.00,0.00,347.51,1,-95,-8,11,13,32,16,12806666,385
118.02,1544519133,842.93,51.494367,7.415546,157.22,0.00,0.00,347.51,1,-94,-7,21,1,28,16,12806666,385
119.02,1544519134,842.93,51.494367,7.415546,157.22,0.00,0.00,347.51,1,-94,-7,21,1,28,16,12806666,385
120.02,1544519135,842.93,51.494367,7.415546,157.22,0.00,0.00,347.51,1,-94,-11,13,1,33,16,12806666,385
121.02,1544519136,842.93,51.494367,7.415546,157.22,0.00,0.00,347.51,1,-94,-11,13,1,33,16,12806666,385
122.02,1544519137,842.93,51.494367,7.415546,157.23,0.00,0.00,347.51,1,-94,-12,14,11,34,16,12806666,385
123.02,1544519138,842.93,51.494367,7.415546,157.23,0.00,0.00,347.51,1,-94,-12,14,11,34,16,12806666,385
124.02,1544519139,842.93,51.494367,7.415546,157.23,0.00,0.00,347.51,1,-94,-12,15,12,33,16,12806666,385
125.02,1544519140,842.93,51.494367,7.415546,157.24,0.00,0.00,347.51,1,-94,-12,15,12,33,16,12806666,385
126.02,1544519141,842.93,51.494367,7.415546,157.24,0.00,0.00,347.51,1,-94,-8,18,14,32,16,12806666,385
127.02,1544519142,842.93,51.494367,7.415546,157.24,0.00,0.00,347.51,1,-94,-8,18,14,32,16,12806666,385
128.03,1544519143,842.93,51.494367,7.415546,157.25,0.00,0.00,347.51,1,-91,-6,14,1,31,16,12806666,385
129.02,1544519144,842.93,51.494367,7.415546,157.27,0.00,0.00,347.51,1,-91,-6,14,1,31,16,12806666,385
130.02,1544519145,842.93,51.494411,7.415536,157.29,0.00,0.00,349.69,1,-91,-6,14,1,31,16,12806666,385
131.02,1544519146,842.93,51.494449,7.415526,157.28,0.00,0.00,349.20,1,-93,-7,23,13,32,16,12806666,385
132.02,1544519147,842.93,51.494524,7.415498,157.20,5.05,0.00,347.37,1,-93,-7,23,13,32,16,12806666,385
133.02,1544519148,847.99,51.494555,7.415465,157.07,4.46,-0.59,329.91,1,-93,-6,12,12,29,16,12806666,385
134.02,1544519149,852.46,51.494558,7.415425,157.04,4.05,-0.41,299.48,1,-93,-6,12,12,29,16,12806666,385
135.02,1544519150,856.51,51.494558,7.415344,157.25,4.37,0.32,268.11,1,-95,-7,16,1,27,16,12806666,385
136.02,1544519151,860.87,51.494554,7.415249,157.35,6.53,2.16,264.75,1,-95,-7,16,1,27,16,12806666,385
137.02,1544519152,867.41,51.494549,7.415142,157.42,7.33,0.80,263.93,1,-92,-7,14,1,34,16,12806666,385
138.02,1544519153,874.75,51.494533,7.415006,157.04,9.71,2.37,261.80,1,-92,-7,14,1,34,16,12806666,385
139.02,1544519154,884.44,51.494515,7.414878,156.46,10.90,1.19,260.50,1,-99,-7,14,15,26,16,12806666,385
140.02,1544519155,895.36,51.494489,7.414707,156.12,11.23,0.33,259.88,1,-99,-7,14,15,26,16,12806666,385
141.02,1544519156,906.59,51.494466,7.414535,155.36,11.95,0.72,259.64,1,-103,-7,16,7,22,16,12806666,385
142.02,1544519157,918.50,51.494439,7.414371,154.67,12.92,0.97,258.81,1,-103,-7,16,7,22,16,12806666,385
143.02,1544519158,931.44,51.494410,7.414188,153.93,13.60,0.68,258.59,1,-105,-9,11,7,20,16,12806666,385
144.02,1544519159,945.05,51.494387,7.414009,153.31,13.10,-0.49,258.33,1,-105,-9,11,7,20,16,12806666,385
145.02,1544519160,958.14,51.494360,7.413817,153.34,13.01,-0.09,257.81,1,-106,-8,14,8,19,16,12806666,385
146.02,1544519161,971.17,51.494329,7.413628,153.71,12.88,-0.13,257.07,1,-106,-8,14,8,19,16,12806666,385
147.02,1544519162,984.04,51.494298,7.413444,154.48,11.96,-0.92,257.83,1,-103,-9,7,8,21,16,12806666,385
148.02,1544519163,996.00,51.494273,7.413261,155.27,12.75,0.78,258.35,1,-103,-9,7,8,21,16,12806666,385
149.03,1544519164,1008.86,51.494246,7.413083,155.77,12.78,0.04,257.90,1,-101,-9,11,11,26,16,12806666,385
150.02,1544519165,1021.54,51.494222,7.412906,156.18,13.42,0.64,257.59,1,-101,-9,11,11,26,16,12806666,385
151.02,1544519166,1034.93,51.494195,7.412725,156.50,13.60,0.19,258.18,1,-101,-9,11,11,26,16,12806666,385
152.02,1544519167,1048.53,51.494171,7.412523,157.12,14.01,0.40,258.28,1,-102,-9,8,8,23,16,12806666,385
153.02,1544519168,1062.52,51.494145,7.412325,157.40,14.43,0.43,257.41,1,-102,-9,8,8,23,16,12806666,385
154.02,1544519169,1077.01,51.494119,7.412105,158.21,14.58,0.15,257.98,1,-106,-11,8,8,22,16,12806666,385
155.02,1544519170,1091.59,51.494090,7.411896,158.81,14.63,0.04,257.76,1,-106,-11,8,8,22,16,12806666,385
156.02,1544519171,1106.20,51.494066,7.411683,159.77,14.39,-0.23,258.45,1,-105,-9,13,13,21,16,12806666,385
157.02,1544519172,1120.59,51.494037,7.411472,160.47,14.21,-0.18,258.31,1,-105,-9,13,13,21,16,12806666,385
158.02,1544519173,1134.82,51.494010,7.411275,160.81,14.28,0.07,257.36,1,-101,-8,10,1,26,16,12806666,385
159.02,1544519174,1149.10,51.493982,7.411072,161.49,14.44,0.16,257.96,1,-101,-8,10,1,26,16,12806666,385
160.02,1544519175,1163.55,51.493955,7.410864,162.04,14.31,-0.13,257.82,1,-104,-8,15,10,23,16,12806666,385
161.02,1544519176,1177.86,51.493924,7.410649,162.76,14.59,0.28,257.83,1,-104,-8,15,10,23,16,12806666,385
162.02,1544519177,1192.40,51.493893,7.410443,163.55,14.71,0.13,257.70,1,-105,-7,14,1,22,16,12806666,385
163.02,1544519178,1207.16,51.493864,7.410237,164.17,14.73,0.01,257.74,1,-105,-7,14,1,22,16,12806666,385
164.02,1544519179,1221.89,51.493834,7.410036,164.62,14.77,0.04,257.95,1,-106,-9,12,10,21,16,12806666,385
165.02,1544519180,1236.66,51.493802,7.409827,165.13,14.88,0.11,257.62,1,-106,-9,12,10,21,16,12806666,385
166.02,1544519181,1251.54,51.493773,7.409618,165.22,15.00,0.12,257.98,1,-105,-8,11,11,21,16,12806666,385
167.02,1544519182,1266.54,51.493747,7.409400,165.68,14.77,-0.23,258.70,1,-105,-8,11,11,21,16,12806666,385
168.02,1544519183,1281.30,51.493719,7.409201,165.87,14.77,-0.00,258.34,1,-105,-8,11,6,21,16,12806666,385
169.02,1544519184,1296.08,51.493692,7.408989,165.91,14.88,0.11,257.86,1,-105,-8,11,6,21,16,12806666,385
170.03,1544519185,1311.05,51.493663,7.408784,165.81,14.94,0.06,258.14,1,-105,-8,12,10,22,16,12806666,385
171.02,1544519186,1325.83,51.493634,7.408568,165.58,15.02,0.08,258.36,1,-105,-8,12,10,22,16,12806666,385
172.02,1544519187,1340.87,51.493604,7.408355,165.64,14.83,-0.19,257.71,1,-105,-8,12,10,22,16,12806666,385
173.02,1544519188,1355.69,51.493576,7.408142,165.76,15.16,0.34,257.84,1,-104,-12,12,9,26,16,12806666,385
174.02,1544519189,1370.88,51.493550,7.407942,165.89,15.23,0.07,258.31,1,-104,-12,12,9,26,16,12806666,385
175.02,1544519190,1386.13,51.493524,7.407726,165.91,15.42,0.19,258.38,1,-103,-8,14,1,24,16,12806666,385
176.02,1544519191,1401.54,51.493496,7.407507,165.73,15.42,-0.00,258.02,1,-103,-8,14,1,24,16,12806666,385
177.02,1544519192,1416.96,51.493468,7.407298,165.16,15.43,0.01,258.05,1,-101,-8,14,1,26,16,12806666,385
178.02,1544519193,1432.40,51.493441,7.407076,164.88,15.11,-0.32,257.93,1,-101,-8,14,1,26,16,12806666,385
179.02,1544519194,1447.51,51.493414,7.406860,164.89,14.85,-0.26,258.40,1,-100,-8,16,12,26,16,12806666,385
180.02,1544519195,1462.34,51.493386,7.406649,165.22,14.86,0.01,258.19,1,-100,-8,16,12,26,16,12806666,385
181.02,1544519196,1477.17,51.493358,7.406450,165.44,14.21,-0.65,258.15,1,-101,-7,13,11,24,16,12806666,385
182.02,1544519197,1491.37,51.493332,7.406258,165.27,13.84,-0.37,258.04,1,-101,-7,13,11,24,16,12806666,385
183.02,1544519198,1505.22,51.493307,7.406066,164.97,13.64,-0.20,257.85,1,-102,-12,11,10,28,16,12806666,385
184.02,1544519199,1518.88,51.493282,7.405873,164.68,14.01,0.37,257.99,1,-102,-12,11,10,28,16,12806666,385
185.02,1544519200,1532.89,51.493257,7.405681,164.58,14.45,0.44,258.14,1,-102,-7,11,11,23,16,12806666,385
186.02,1544519201,1547.35,51.493227,7.405467,164.62,14.82,0.37,257.81,1,-102,-7,11,11,23,16,12806666,385
187.02,1544519202,1562.17,51.493199,7.405265,164.52,15.06,0.24,257.92,1,-103,-11,13,7,27,16,12806666,385
188.02,1544519203,1577.21,51.493172,7.405059,164.14,15.15,0.09,258.16,1,-103,-11,13,7,27,16,12806666,385
189.02,1544519204,1592.36,51.493147,7.404856,163.60,14.98,-0.17,257.89,1,-106,-10,10,11,20,16,12806666,385
190.02,1544519205,1607.34,51.493121,7.404652,162.75,14.93,-0.05,258.15,1,-106,-10,10,11,20,16,12806666,385
191.03,1544519206,1622.42,51.493095,7.404444,161.90,14.61,-0.31,258.06,1,-107,-9,5,15,21,16,12806666,385
192.02,1544519207,1636.86,51.493067,7.404236,161.19,14.32,-0.29,258.02,1,-107,-9,5,15,21,16,12806666,385
193.02,1544519208,1651.24,51.493040,7.404033,160.67,14.05,-0.27,258.38,1,-107,-9,5,15,21,16,12806666,385
194.02,1544519209,1665.28,51.493017,7.403832,160.38,13.97,-0.08,259.58,1,-106,-13,1,12,24,16,12806666,385
195.02,1544519210,1679.27,51.492999,7.403629,160.42,13.20,-0.77,262.12,1,-106,-13,1,12,24,16,12806666,385
196.02,1544519211,1692.48,51.492990,7.403445,160.55,12.04,-1.16,264.98,1,-105,-9,4,15,19,16,12806666,385
197.02,1544519212,1704.53,51.492989,7.403289,160.68,11.01,-1.04,266.89,1,-105,-9,4,15,19,16,12806666,385
198.02,1544519213,1715.52,51.492989,7.403144,160.39,10.20,-0.81,268.13,1,-106,-8,4,14,19,16,12806666,385
199.02,1544519214,1725.71,51.492989,7.402999,160.11,9.52,-0.67,268.84,1,-106,-8,4,14,19,16,12806666,385
200.02,1544519215,1735.22,51.492996,7.402865,160.29,9.13,-0.40,269.66,1,-107,-9,7,8,20,16,12806666,385
201.02,1544519216,1744.36,51.493002,7.402743,160.60,8.41,-0.72,270.16,1,-107,-9,7,8,20,16,12806666,385
202.02,1544519217,1752.74,51.493003,7.402612,160.96,7.72,-0.69,268.83,1,-108,-8,4,8,18,16,12806666,385
203.02,1544519218,1760.47,51.493000,7.402500,161.36,6.78,-0.93,267.01,1,-108,-8,4,8,18,16,12806666,385
204.02,1544519219,1767.25,51.492997,7.402401,161.50,6.64,-0.14,266.50,1,-108,-13,4,8,22,16,12806666,385
205.02,1544519220,1773.89,51.492995,7.402296,161.87,6.43,-0.21,267.16,1,-108,-13,4,8,22,16,12806666,385
206.02,1544519221,1780.34,51.492994,7.402206,162.08,5.80,-0.63,268.12,1,-106,-10,7,15,22,16,12806666,385
207.02,1544519222,1786.13,51.492994,7.402145,161.75,4.81,-0.98,268.72,1,-106,-10,7,15,22,16,12806666,385
208.02,1544519223,1790.94,51.492995,7.402072,161.60,4.19,-0.62,269.63,1,-107,-10,12,15,23,16,12806666,385
209.02,1544519224,1795.14,51.492999,7.402035,161.60,3.31,-0.88,270.55,1,-107,-10,12,15,23,16,12806666,385
210.02,1544519225,1798.45,51.493001,7.401978,161.63,3.77,0.46,271.29,1,-106,-8,10,15,21,16,12806666,385
211.02,1544519226,1802.21,51.493005,7.401936,161.43,5.08,1.31,270.77,1,-106,-8,10,15,21,16,12806666,385
212.02,1544519227,1807.32,51.492991,7.401873,161.12,5.59,0.51,248.54,1,-105,-13,8,9,26,16,12806666,385
213.02,1544519228,1812.87,51.492942,7.401813,161.13,5.58,-0.02,213.32,1,-105,-13,8,9,26,16,12806666,385
214.02,1544519229,1818.45,51.492890,7.401773,160.99,5.09,-0.49,198.42,1,-105,-13,8,9,26,16,12806666,385
215.02,1544519230,1823.55,51.492829,7.401753,161.06,5.42,0.34,185.17,1,-110,-14,2,5,21,16,12806666,385
216.02,1544519231,1828.98,51.492776,7.401747,161.21,6.58,1.15,185.52,1,-110,-14,2,5,21,16,12806666,385
217.02,1544519232,1835.55,51.492730,7.401750,161.16,6.82,0.25,185.07,1,-106,-8,5,9,18,16,12806666,385
218.02,1544519233,1842.37,51.492659,7.401751,161.65,6.51,-0.31,183.89,1,-106,-8,5,9,18,16,12806666,385
219.02,1544519234,1848.89,51.492594,7.401758,162.21,6.05,-0.46,182.62,1,-109,-9,4,11,13,16,12806666,385
220.02,1544519235,1854.94,51.492536,7.401767,162.61,6.09,0.04,181.97,1,-109,-9,4,11,13,16,12806666,385
221.02,1544519236,1861.03,51.492473,7.401768,163.29,6.71,0.62,182.73,1,-112,-9,2,6,13,16,12806666,385
222.02,1544519237,1867.74,51.492412,7.401769,163.61,7.59,0.87,181.96,1,-112,-9,2,6,13,16,12806666,385
223.02,1544519238,1875.31,51.492346,7.401773,163.77,7.43,-0.16,181.28,1,-112,-13,-5,7,19,16,12806666,385
224.02,1544519239,1882.73,51.492277,7.401773,164.15,7.13,-0.30,180.85,1,-112,-13,-5,7,19,16,12806666,385
225.02,1544519240,1889.90,51.492217,7.401777,164.41,7.47,0.34,180.85,1,-108,-13,1,9,25,16,12806666,385
226.02,1544519241,1897.37,51.492155,7.401780,164.34,8.14,0.66,181.47,1,-108,-13,1,9,25,16,12806666,385
227.02,1544519242,1905.51,51.492075,7.401779,164.46,8.87,0.74,181.03,1,-113,-11,0,7,15,16,12806666,385
228.02,1544519243,1914.39,51.491991,7.401776,164.66,9.53,0.66,180.39,1,-113,-11,0,7,15,16,12806666,385
229.02,1544519244,1923.91,51.491903,7.401775,164.82,10.29,0.75,180.37,1,-110,-9,1,6,14,16,12806666,385
230.02,1544519245,1934.20,51.491812,7.401777,164.87,9.79,-0.50,180.18,1,-110,-9,1,6,14,16,12806666,385
231.02,1544519246,1943.99,51.491720,7.401775,165.23,9.62,-0.18,180.25,1,-113,-10,2,8,17,16,12806666,385
232.02,1544519247,1953.62,51.491626,7.401770,165.82,9.73,0.11,180.85,1,-113,-10,2,8,17,16,12806666,385
233.02,1544519248,1963.36,51.491544,7.401770,166.23,9.51,-0.22,180.99,1,-111,-14,3,9,21,16,12806666,385
234.02,1544519249,1972.81,51.491466,7.401772,166.17,9.76,0.25,180.97,1,-111,-14,3,9,21,16,12806666,385
235.02,1544519250,1982.60,51.491373,7.401763,166.52,10.21,0.45,181.96,1,-111,-14,3,9,21,16,12806666,385
236.02,1544519251,1992.79,51.491279,7.401758,166.60,10.89,0.68,181.28,1,-107,-8,5,5,21,16,12806666,385
237.02,1544519252,2003.69,51.491182,7.401752,166.58,11.41,0.52,180.97,1,-107,-8,5,5,21,16,12806666,385
238.02,1544519253,2015.12,51.491079,7.401751,166.54,11.57,0.16,180.59,1,-107,-9,4,11,20,16,12806666,385
239.02,1544519254,2026.64,51.490978,7.401750,166.60,11.05,-0.53,179.60,1,-107,-9,4,11,20,16,12806666,385
240.02,1544519255,2037.72,51.490881,7.401748,166.51,11.31,0.26,179.95,1,-108,-9,6,11,18,16,12806666,385
241.02,1544519256,2049.04,51.490778,7.401748,166.53,11.38,0.07,180.12,1,-108,-9,6,11,18,16,12806666,385
242.02,1544519257,2060.42,51.490673,7.401743,166.87,10.98,-0.40,180.56,1,-111,-8,7,11,15,16,12806666,385
243.02,1544519258,2071.40,51.490577,7.401743,166.99,10.59,-0.39,180.31,1,-111,-8,7,11,15,16,12806666,385
244.02,1544519259,2081.98,51.490490,7.401745,166.91,10.60,0.01,180.59,1,-110,-10,7,10,20,16,12806666,385
245.02,1544519260,2092.57,51.490392,7.401746,167.08,10.52,-0.08,180.95,1,-110,-10,7,10,20,16,12806666,385
246.02,1544519261,2103.12,51.490295,7.401745,167.31,10.10,-0.42,180.52,1,-110,-13,7,6,21,16,12806666,385
247.02,1544519262,2113.23,51.490208,7.401745,167.55,9.57,-0.53,181.01,1,-110,-13,7,6,21,16,12806666,385
248.02,1544519263,2122.78,51.490116,7.401747,168.11,9.26,-0.31,180.52,1,-109,-10,7,12,21,16,12806666,385
249.02,1544519264,2132.05,51.490026,7.401750,168.57,9.28,0.01,179.84,1,-109,-10,7,12,21,16,12806666,385
250.02,1544519265,2141.32,51.489944,7.401755,169.10,9.23,-0.05,178.90,1,-109,-9,5,12,18,16,12806666,385
251.02,1544519266,2150.55,51.489865,7.401758,169.32,9.30,0.07,178.76,1,-109,-9,5,12,18,16,12806666,385
252.02,1544519267,2159.85,51.489788,7.401760,169.36,8.50,-0.80,179.54,1,-107,-9,7,14,18,16,12806666,385
253.02,1544519268,2168.36,51.489707,7.401758,170.01,7.93,-0.58,179.57,1,-107,-9,7,14,18,16,12806666,385
254.02,1544519269,2176.26,51.489649,7.401759,170.28,6.87,-1.06,180.27,1,-111,-11,3,8,21,16,12806666,385
255.02,1544519270,2183.12,51.489572,7.401758,170.94,7.34,0.47,180.65,1,-111,-11,3,8,21,16,12806666,385
256.03,1544519271,2190.55,51.489500,7.401757,171.60,7.84,0.49,178.23,1,-110,-11,2,11,22,16,12806666,385
257.02,1544519272,2198.34,51.489439,7.401794,172.22,7.99,0.16,156.27,1,-110,-11,2,11,22,16,12806666,385
258.02,1544519273,2206.33,51.489403,7.401882,172.87,9.14,1.15,121.17,1,-110,-11,2,11,22,16,12806666,385
259.02,1544519274,2215.49,51.489396,7.402029,173.16,9.98,0.84,94.65,1,-111,-11,3,8,21,16,12806666,385
260.02,1544519275,2225.45,51.489391,7.402202,173.17,11.29,1.31,94.03,1,-111,-11,3,8,21,16,12806666,385
261.02,1544519276,2236.75,51.489385,7.402362,173.29,11.90,0.61,93.11,1,-111,-10,3,10,18,16,12806666,385
262.02,1544519277,2248.66,51.489377,7.402553,173.50,12.90,1.00,92.70,1,-111,-10,3,10,18,16,12806666,385
263.02,1544519278,2261.54,51.489373,7.402741,173.67,13.24,0.34,92.09,1,-109,-10,5,11,20,16,12806666,385
264.02,1544519279,2274.77,51.489369,7.402927,173.68,13.77,0.53,91.71,1,-109,-10,5,11,20,16,12806666,385
265.02,1544519280,2288.56,51.489367,7.403131,173.61,13.74,-0.03,91.24,1,-112,-11,2,7,15,16,12806666,385
266.02,1544519281,2302.31,51.489369,7.403319,173.54,13.42,-0.32,90.40,1,-112,-11,2,7,15,16,12806666,385
267.02,1544519282,2315.74,51.489369,7.403517,173.47,13.62,0.20,91.29,1,-111,-10,2,7,18,16,12806666,385
268.02,1544519283,2329.34,51.489371,7.403714,173.62,13.52,-0.09,90.39,1,-111,-10,2,7,18,16,12806666,385
269.02,1544519284,2342.85,51.489371,7.403908,173.98,13.45,-0.07,90.89,1,-110,-13,0,12,21,16,12806666,385
270.02,1544519285,2356.31,51.489370,7.404091,174.47,13.20,-0.25,91.08,1,-110,-13,0,12,21,16,12806666,385
271.02,1544519286,2369.52,51.489370,7.404277,174.98,12.74,-0.46,91.32,1,-115,-11,2,7,14,16,12806666,385
272.02,1544519287,2382.27,51.489369,7.404469,175.46,12.60,-0.15,90.90,1,-115,-11,2,7,14,16,12806666,385
273.02,1544519288,2394.86,51.489369,7.404656,175.92,12.80,0.20,90.30,1,-110,-8,4,11,18,71,13067274,385
274.02,1544519289,2407.66,51.489369,7.404842,176.28,12.71,-0.08,90.02,1,-110,-8,4,11,18,71,13067274,385
275.02,1544519290,2420.35,51.489369,7.405023,176.61,12.45,-0.26,90.01,1,-112,-11,0,9,18,71,13067274,289
276.02,1544519291,2432.79,51.489370,7.405193,176.94,12.06,-0.38,89.52,1,-112,-11,0,9,18,71,13067274,289
277.02,1544519292,2444.92,51.489375,7.405375,177.21,12.43,0.36,87.87,1,-103,-12,6,15,30,71,13067274,289
278.02,1544519293,2457.27,51.489385,7.405563,177.41,12.84,0.41,86.12,1,-103,-12,6,15,30,71,13067274,289
279.02,1544519294,2470.15,51.489400,7.405760,177.62,12.58,-0.25,84.09,1,-103,-12,6,15,30,71,13067274,289
280.02,1544519295,2482.72,51.489420,7.405938,177.81,11.90,-0.68,82.16,1,-98,-8,12,11,30,71,13067274,289
281.02,1544519296,2494.62,51.489445,7.406117,177.91,12.16,0.25,80.35,1,-98,-8,12,11,30,71,13067274,289
282.02,1544519297,2506.80,51.489473,7.406317,178.19,12.33,0.17,79.20,1,-99,-8,12,10,25,71,13067274,289
283.02,1544519298,2519.11,51.489498,7.406495,178.61,12.46,0.13,78.23,1,-99,-8,12,10,25,71,13067274,289
284.02,1544519299,2531.59,51.489527,7.406658,178.86,12.36,-0.10,77.14,1,-100,-8,11,10,25,71,13067274,289
285.02,1544519300,2543.94,51.489557,7.406833,179.16,12.46,0.10,77.57,1,-100,-8,11,10,25,71,13067274,289
286.02,1544519301,2556.39,51.489579,7.406998,179.14,12.28,-0.18,78.96,1,-98,-8,13,12,27,71,13067274,289
287.02,1544519302,2568.67,51.489601,7.407166,178.94,12.21,-0.08,79.64,1,-98,-8,13,12,27,71,13067274,289
288.02,1544519303,2580.86,51.489624,7.407332,178.47,12.47,0.27,79.73,1,-97,-7,7,7,30,71,13067274,289
289.02,1544519304,2593.34,51.489652,7.407539,178.26,12.49,0.02,79.26,1,-97,-7,7,7,30,71,13067274,289
290.02,1544519305,2605.82,51.489681,7.407740,178.15,12.60,0.11,78.70,1,-100,-9,13,11,26,71,13067274,289
291.02,1544519306,2618.43,51.489704,7.407913,178.08,12.57,-0.03,78.61,1,-100,-9,13,11,26,71,13067274,289
292.02,1544519307,2630.98,51.489728,7.408090,178.16,12.62,0.04,78.58,1,-104,-9,3,15,26,71,13067274,289
293.02,1544519308,2643.65,51.489750,7.408257,178.01,12.71,0.09,77.90,1,-104,-9,3,15,26,71,13067274,289
294.02,1544519309,2656.31,51.489774,7.408432,177.55,12.91,0.20,77.37,1,-107,-13,6,8,26,71,13067274,289
295.02,1544519310,2669.24,51.489799,7.408618,177.26,13.38,0.47,77.11,1,-107,-13,6,8,26,71,13067274,289
296.02,1544519311,2682.62,51.489825,7.408802,176.87,13.68,0.31,77.25,1,-105,-12,7,8,25,71,13067274,289
297.02,1544519312,2696.31,51.489852,7.408993,176.30,13.71,0.02,77.15,1,-105,-12,7,8,25,71,13067274,289
298.03,1544519313,2710.14,51.489878,7.409180,175.62,13.74,0.03,77.79,1,-105,-11,-4,11,22,71,13067274,289
299.02,1544519314,2723.74,51.489906,7.409370,174.44,13.65,-0.09,78.09,1,-105,-11,-4,11,22,71,13067274,289
300.02,1544519315,2737.40,51.489932,7.409561,173.15,13.60,-0.05,78.04,1,-105,-11,-4,11,22,71,13067274,289
301.02,1544519316,2751.02,51.489958,7.409748,172.01,13.46,-0.14,78.65,1,-105,-10,3,9,25,71,13067274,289
302.02,1544519317,2764.44,51.489983,7.409937,170.99,13.44,-0.02,78.44,1,-105,-10,3,9,25,71,13067274,289
303.02,1544519318,2777.88,51.490008,7.410123,170.23,13.33,-0.11,78.45,1,-106,-13,6,11,26,71,13067274,289
304.02,1544519319,2791.25,51.490030,7.410313,169.59,13.04,-0.29,79.21,1,-106,-13,6,11,26,71,13067274,289
305.02,1544519320,2804.27,51.490053,7.410495,168.94,13.08,0.04,78.45,1,-105,-9,13,11,21,71,13067274,289
306.02,1544519321,2817.34,51.490078,7.410676,168.38,13.14,0.07,77.61,1,-105,-9,13,11,21,71,13067274,289
