time_s,timestamp_ms,distance_m,latitude,longitude,altitude,velocity_mps,acceleration_mpss,direction,isRegistered,rsrp_dbm,rsrq_db,rssnr_db,cqi,ss,ta,ci,pci
0.01,1544518677,0.00,51.490220,7.412249,167.15,0.00,0.00,76.55,1,-109,-17,-11,2,27,17,13532163,200
1.01,1544518678,0.00,51.490220,7.412249,166.64,0.00,0.00,78.29,1,-109,-17,-11,2,27,17,13532163,200
2.02,1544518679,0.00,51.490322,7.412504,166.41,9.14,0.00,77.18,1,-110,-17,-9,2,27,17,13532163,200
3.01,1544518680,9.13,51.490343,7.412655,165.79,10.16,1.03,78.34,1,-110,-17,-9,2,27,17,13532163,200
4.02,1544518681,19.31,51.490369,7.412825,165.42,11.09,0.92,78.83,1,-110,-17,-5,2,27,17,13532163,200
5.02,1544518682,30.40,51.490401,7.412994,165.42,12.32,1.23,77.83,1,-110,-17,-5,2,27,17,13532163,200
6.01,1544518683,42.69,51.490435,7.413184,165.56,12.99,0.67,77.21,1,-109,-14,-5,2,26,17,13532163,200
7.01,1544518684,55.67,51.490461,7.413350,165.34,12.80,-0.19,77.96,1,-109,-14,-5,2,26,17,13532163,200
8.01,1544518685,68.49,51.490486,7.413515,164.69,12.75,-0.06,78.27,1,-110,-14,-9,2,25,17,13532163,200
9.02,1544518686,81.25,51.490512,7.413701,163.77,12.77,0.02,78.45,1,-110,-14,-9,2,25,17,13532163,200
10.01,1544518687,93.97,51.490535,7.413868,162.78,12.94,0.17,78.54,1,-112,-15,-5,4,23,17,13532163,200
11.01,1544518688,106.92,51.490697,7.413516,161.75,13.25,0.31,78.37,1,-112,-15,-5,4,23,17,13532163,200
12.02,1544518689,120.33,51.490585,7.414250,160.76,13.67,0.41,78.22,1,-112,-17,-6,4,25,17,14264846,200
13.02,1544518690,133.89,51.490609,7.414444,160.21,13.72,0.05,78.80,1,-112,-17,-6,4,25,17,14264846,200
14.02,1544518691,147.61,51.490634,7.414652,159.64,13.61,-0.11,79.19,1,-112,-17,-6,4,25,17,14264846,200
15.01,1544518692,161.14,51.490651,7.414832,159.13,13.08,-0.53,80.25,1,-118,-11,-2,6,12,17,13176323,125
16.01,1544518693,174.27,51.490670,7.415017,158.24,12.88,-0.19,80.81,1,-118,-11,-2,6,12,17,13176323,125
17.01,1544518694,187.13,51.490687,7.415202,157.35,12.70,-0.19,81.30,1,-114,-19,-10,2,25,24,13159682,137
18.01,1544518695,199.81,51.490698,7.415377,157.10,12.58,-0.12,82.31,1,-114,-19,-10,2,25,24,13159682,137
19.02,1544518696,212.50,51.490709,7.415561,156.72,12.76,0.18,83.96,1,-110,-16,-8,4,26,19,13532675,385
20.02,1544518697,225.25,51.490711,7.415750,156.50,12.66,-0.10,86.35,1,-110,-16,-8,4,26,19,13532675,385
21.02,1544518698,237.87,51.490704,7.415916,156.28,12.40,-0.27,88.79,1,-111,-12,-7,7,6,21,13392904,347
22.01,1544518699,250.26,51.490691,7.416074,156.14,12.49,0.09,91.33,1,-111,-12,-7,7,6,21,13392904,347
23.01,1544518700,262.73,51.490677,7.416250,156.16,12.35,-0.14,93.73,1,-114,-12,-3,7,16,21,13392904,347
24.01,1544518701,275.09,51.490662,7.416437,156.18,11.73,-0.62,94.82,1,-114,-12,-3,7,16,21,13392904,347
25.01,1544518702,286.83,51.490644,7.416593,156.14,9.56,-2.17,97.75,1,-114,-11,-1,7,15,21,13392904,347
26.02,1544518703,296.40,51.490628,7.416714,156.06,7.32,-2.23,98.81,1,-114,-11,-1,7,15,21,13392904,347
27.01,1544518704,303.71,51.490616,7.416791,155.92,5.96,-1.36,99.71,1,-111,-10,1,5,19,21,13392904,347
28.02,1544518705,309.69,51.490603,7.416869,155.90,3.64,-2.31,99.88,1,-111,-10,1,5,19,21,13392904,347
29.01,1544518706,313.32,51.490597,7.416893,155.90,0.85,-2.80,99.88,1,-109,-11,3,10,22,21,13392904,347
30.01,1544518707,314.17,51.490597,7.416893,155.90,0.00,-0.85,99.88,1,-109,-11,3,10,22,21,13392904,347
31.01,1544518708,314.17,51.491267,7.417537,155.91,0.00,0.00,99.88,1,-109,-12,4,6,22,21,13392904,347
32.01,1544518709,314.17,51.490597,7.416893,155.91,0.00,0.00,99.88,1,-109,-12,4,6,22,21,13392904,347
33.02,1544518710,314.17,51.490597,7.416893,155.91,0.00,0.00,99.88,1,-109,-11,5,9,20,21,13392904,347
34.01,1544518711,314.17,51.490597,7.416893,155.92,0.00,0.00,99.88,1,-109,-11,5,9,20,21,13392904,347
35.02,1544518712,314.17,51.490597,7.416893,155.92,0.00,0.00,99.88,1,-109,-11,5,9,20,21,13392904,347
36.02,1544518713,314.17,51.490597,7.416893,155.93,0.00,0.00,99.88,1,-110,-9,5,6,17,21,13392904,347
37.01,1544518714,314.17,51.490597,7.416893,155.93,0.00,0.00,99.88,1,-110,-9,5,6,17,21,13392904,347
38.02,1544518715,314.17,51.490597,7.416893,155.94,0.00,0.00,99.88,1,-111,-10,4,6,17,21,13392904,347
39.02,1544518716,314.17,51.490597,7.416893,155.94,0.00,0.00,99.88,1,-111,-10,4,6,17,21,13392904,347
40.02,1544518717,314.17,51.490597,7.416893,155.95,0.00,0.00,99.88,1,-111,-10,5,7,17,21,13392904,347
41.02,1544518718,314.17,51.490597,7.416893,155.95,0.00,0.00,99.88,1,-111,-10,5,7,17,21,13392904,347
42.01,1544518719,314.17,51.490597,7.416893,155.96,0.00,0.00,99.88,1,-112,-10,6,7,18,21,13392904,347
43.02,1544518720,314.17,51.490597,7.416893,155.96,0.00,0.00,99.88,1,-112,-10,6,7,18,21,13392904,347
44.01,1544518721,314.17,51.490597,7.416893,155.96,0.00,0.00,99.88,1,-112,-12,5,9,20,21,13392904,347
45.02,1544518722,314.17,51.490597,7.416893,155.96,0.00,0.00,99.88,1,-112,-12,5,9,20,21,13392904,347
46.02,1544518723,314.17,51.490597,7.416893,155.96,0.00,0.00,99.88,1,-110,-9,5,5,20,21,13392904,347
47.01,1544518724,314.17,51.490597,7.416893,155.95,0.00,0.00,99.88,1,-110,-9,5,5,20,21,13392904,347
48.01,1544518725,314.17,51.490597,7.416893,155.95,0.00,0.00,99.88,1,-111,-8,8,9,16,21,13392904,347
49.01,1544518726,314.17,51.490597,7.416893,155.94,0.00,0.00,99.88,1,-111,-8,8,9,16,21,13392904,347
50.05,1544518727,314.17,51.490597,7.416893,155.94,0.00,0.00,99.88,1,-110,-10,8,9,20,21,13392904,347
51.02,1544518728,314.17,51.491272,7.417411,155.93,0.00,0.00,99.88,1,-110,-10,8,9,20,21,13392904,347
52.01,1544518729,314.17,51.490597,7.416893,155.92,0.00,0.00,99.88,1,-112,-11,4,5,20,21,13392904,347
53.02,1544518730,314.17,51.490597,7.416893,155.91,0.00,0.00,99.88,1,-112,-11,4,5,20,21,13392904,347
54.02,1544518731,314.17,51.490597,7.416893,155.91,0.00,0.00,99.88,1,-110,-10,5,6,19,21,13392904,347
55.02,1544518732,314.17,51.490597,7.416893,155.90,0.00,0.00,99.88,1,-110,-10,5,6,19,21,13392904,347
56.02,1544518733,314.17,51.490597,7.416893,155.90,0.00,0.00,99.88,1,-110,-10,5,6,19,21,13392904,347
57.02,1544518734,314.17,51.490597,7.416893,155.89,0.00,0.00,99.88,1,-110,-10,3,10,18,21,13392904,347
58.02,1544518735,314.17,51.490597,7.416893,155.89,0.00,0.00,99.88,1,-110,-10,3,10,18,21,13392904,347
59.01,1544518736,314.17,51.490597,7.416893,155.88,0.00,0.00,99.88,1,-110,-9,5,6,16,21,13392904,347
60.02,1544518737,314.17,51.490597,7.416893,155.87,0.00,0.00,99.88,1,-110,-9,5,6,16,21,13392904,347
61.01,1544518738,314.17,51.490597,7.416893,155.87,0.00,0.00,99.88,1,-110,-8,7,7,17,21,13392904,347
62.02,1544518739,314.17,51.490597,7.416893,155.86,0.00,0.00,99.88,1,-110,-8,7,7,17,21,13392904,347
63.01,1544518740,314.17,51.490597,7.416893,155.85,0.00,0.00,99.88,1,-110,-10,5,6,18,21,13392904,347
64.02,1544518741,314.17,51.490597,7.416893,155.85,0.00,0.00,99.88,1,-110,-10,5,6,18,21,13392904,347
65.02,1544518742,314.17,51.490597,7.416893,155.84,0.00,0.00,99.88,1,-112,-10,4,9,17,21,13392904,347
66.02,1544518743,314.17,51.490597,7.416893,155.83,0.00,0.00,99.88,1,-112,-10,4,9,17,21,13392904,347
67.02,1544518744,314.17,51.490597,7.416893,155.83,0.00,0.00,99.88,1,-111,-10,3,6,17,21,13392904,347
68.02,1544518745,314.17,51.490597,7.416893,155.82,0.00,0.00,99.88,1,-111,-10,3,6,17,21,13392904,347
69.02,1544518746,314.17,51.490597,7.416893,155.81,0.00,0.00,99.88,1,-111,-12,3,9,21,21,13392904,347
70.01,1544518747,314.17,51.490597,7.416893,155.81,0.00,0.00,99.88,1,-111,-12,3,9,21,21,13392904,347
71.01,1544518748,314.17,51.491317,7.417758,155.80,0.00,0.00,99.88,1,-111,-9,4,7,16,21,13392904,347
72.02,1544518749,314.17,51.490597,7.416893,155.80,0.00,0.00,99.88,1,-111,-9,4,7,16,21,13392904,347
73.02,1544518750,314.17,51.490597,7.416893,155.79,0.00,0.00,99.88,1,-111,-11,4,6,18,21,13392904,347
74.02,1544518751,314.17,51.490597,7.416893,155.79,0.00,0.00,99.88,1,-111,-11,4,6,18,21,13392904,347
75.02,1544518752,314.17,51.490597,7.416893,155.78,0.00,0.00,99.88,1,-108,-9,3,5,17,21,13392904,347
76.02,1544518753,314.17,51.490597,7.416893,155.78,0.00,0.00,99.88,1,-108,-9,3,5,17,21,13392904,347
77.03,1544518754,314.17,51.490597,7.416893,155.77,0.00,0.00,99.88,1,-110,-9,2,6,17,21,13392904,347
78.02,1544518755,314.17,51.490597,7.416893,155.71,0.00,0.00,101.86,1,-110,-9,2,6,17,21,13392904,347
79.02,1544518756,314.17,51.490597,7.416893,155.69,0.00,0.00,100.71,1,-110,-9,2,6,17,21,13392904,347
80.01,1544518757,314.17,51.490575,7.417053,155.33,5.89,0.00,96.63,1,-106,-9,2,6,16,17,12806666,347
81.02,1544518758,320.06,51.490603,7.417117,155.14,6.54,0.65,53.92,1,-106,-9,2,6,16,17,12806666,347
82.01,1544518759,326.59,51.490660,7.417167,154.98,7.06,0.52,25.16,1,-115,-12,1,7,17,17,12806666,385
83.01,1544518760,333.64,51.490724,7.417172,154.84,8.06,1.00,1.29,1,-115,-12,1,7,17,17,12806666,385
84.01,1544518761,341.71,51.490800,7.417162,154.88,8.98,0.92,357.41,1,-113,-13,0,7,18,17,12806666,385
85.01,1544518762,350.68,51.490889,7.417146,155.07,9.51,0.53,354.78,1,-113,-13,0,7,18,17,12806666,385
86.01,1544518763,360.19,51.490990,7.417116,155.18,11.85,2.35,352.68,1,-114,-14,-1,7,19,17,12806666,385
87.02,1544518764,372.07,51.491093,7.417083,155.26,12.13,0.27,351.28,1,-114,-14,-1,7,19,17,12806666,385
88.01,1544518765,384.17,51.491202,7.417047,155.53,11.76,-0.36,350.55,1,-111,-12,1,8,22,17,12806666,385
89.01,1544518766,395.94,51.491308,7.417005,155.43,11.68,-0.08,349.86,1,-111,-12,1,8,22,17,12806666,385
90.01,1544518767,407.63,51.491416,7.416970,155.70,12.09,0.41,349.32,1,-111,-12,-2,8,20,17,12806666,385
91.02,1544518768,419.74,51.491521,7.417236,153.30,11.60,-0.49,349.70,1,-111,-12,-2,8,20,17,12806666,385
92.01,1544518769,431.32,51.491618,7.416903,156.50,12.10,0.51,348.49,1,-108,-15,0,10,25,17,12806666,385
93.02,1544518770,443.44,51.491721,7.416855,157.12,12.01,-0.10,346.36,1,-108,-15,0,10,25,17,12806666,385
94.01,1544518771,455.41,51.491805,7.416810,157.44,11.56,-0.45,343.87,1,-111,-15,0,7,24,17,12806666,385
95.01,1544518772,467.00,51.491908,7.416742,157.75,12.02,0.46,340.55,1,-111,-15,0,7,24,17,12806666,385
96.01,1544518773,479.01,51.492019,7.416658,158.08,12.46,0.43,337.22,1,-105,-12,-3,7,25,17,12806666,385
97.01,1544518774,491.45,51.492123,7.416575,158.11,12.08,-0.38,335.42,1,-105,-12,-3,7,25,17,12806666,385
98.02,1544518775,503.64,51.492225,7.416493,158.15,12.29,0.22,334.00,1,-105,-11,2,5,26,17,12806666,385
99.01,1544518776,515.83,51.492324,7.416411,157.97,12.86,0.57,333.53,1,-105,-11,2,5,26,17,12806666,385
100.02,1544518777,528.71,51.492431,7.416323,158.14,12.06,-0.79,334.98,1,-105,-11,2,5,26,17,12806666,385
101.01,1544518778,540.70,51.492539,7.416248,158.34,12.44,0.38,337.33,1,-102,-9,12,9,25,17,12806666,385
102.01,1544518779,553.19,51.492617,7.416204,159.02,12.03,-0.41,340.14,1,-102,-9,12,9,25,17,12806666,385
103.01,1544518780,565.20,51.492703,7.416163,159.45,11.61,-0.42,343.27,1,-107,-9,8,9,18,17,12806666,385
104.01,1544518781,576.82,51.492823,7.416120,160.36,12.70,1.09,347.04,1,-107,-9,8,9,18,17,12806666,385
105.01,1544518782,589.51,51.492944,7.416085,161.55,12.66,-0.04,349.01,1,-111,-11,10,8,19,17,12806666,385
106.01,1544518783,602.18,51.493057,7.416050,161.91,11.79,-0.87,347.94,1,-111,-11,10,8,19,17,12806666,385
107.01,1544518784,613.97,51.493161,7.416018,161.26,11.78,-0.01,348.27,1,-108,-8,15,9,18,17,12806666,385
108.01,1544518785,625.75,51.493270,7.415980,160.36,12.49,0.72,347.87,1,-108,-8,15,9,18,17,12806666,385
109.01,1544518786,638.26,51.493380,7.415941,159.96,12.85,0.35,348.14,1,-106,-8,10,8,19,17,12806666,385
110.02,1544518787,651.18,51.493494,7.415894,160.12,13.52,0.67,347.84,1,-106,-8,10,8,19,17,12806666,385
111.01,1544518788,664.58,51.493561,7.415874,160.17,13.14,-0.38,348.23,1,-106,-9,12,7,22,17,12806666,385
112.01,1544518789,677.73,51.493736,7.415798,159.97,13.31,0.17,348.06,1,-106,-9,12,7,22,17,12806666,385
113.01,1544518790,690.99,51.493860,7.415754,159.68,12.79,-0.52,347.38,1,-102,-11,14,11,29,17,12806666,385
114.01,1544518791,703.79,51.493976,7.415706,159.37,12.45,-0.34,346.26,1,-102,-11,14,11,29,17,12806666,385
115.01,1544518792,716.28,51.494081,7.415658,158.59,13.44,0.98,344.66,1,-96,-6,17,13,27,17,12806666,385
116.01,1544518793,729.71,51.494187,7.415612,157.76,12.35,-1.09,345.17,1,-96,-6,17,13,27,17,12806666,385
117.01,1544518794,742.05,51.494296,7.415569,157.00,11.91,-0.44,345.84,1,-94,-6,20,15,30,17,12806666,385
118.01,1544518795,753.96,51.494398,7.415534,156.62,9.92,-1.99,346.43,1,-94,-6,20,15,30,17,12806666,385
119.02,1544518796,763.97,51.494491,7.415497,156.88,7.06,-2.84,347.25,1,-92,-6,19,14,32,17,12806666,385
120.01,1544518797,770.97,51.494564,7.415469,157.52,5.58,-1.49,343.96,1,-92,-6,19,14,32,17,12806666,385
121.01,1544518798,776.54,51.494570,7.415413,157.95,6.53,0.95,315.82,1,-92,-6,19,14,32,17,12806666,385
122.01,1544518799,783.07,51.494569,7.415298,158.38,7.92,1.40,266.29,1,-95,-8,19,13,30,17,12806666,385
123.01,1544518800,791.01,51.494565,7.415160,158.16,8.71,0.79,262.80,1,-95,-8,19,13,30,17,12806666,385
124.01,1544518801,799.73,51.494546,7.415009,158.64,10.96,2.24,261.95,1,-100,-10,17,9,29,17,12806666,385
125.01,1544518802,810.67,51.494521,7.414853,159.06,11.63,0.67,260.39,1,-100,-10,17,9,29,17,12806666,385
126.01,1544518803,822.30,51.494496,7.414693,159.52,11.27,-0.36,259.51,1,-101,-7,8,15,24,17,12806666,385
127.01,1544518804,833.58,51.494466,7.414551,159.62,11.60,0.34,258.60,1,-101,-7,8,15,24,17,12806666,385
128.01,1544518805,845.18,51.494438,7.414389,159.80,11.13,-0.47,257.74,1,-105,-8,8,8,22,17,12806666,385
129.01,1544518806,856.30,51.494408,7.414214,159.80,10.84,-0.29,257.39,1,-105,-8,8,8,22,17,12806666,385
130.01,1544518807,867.13,51.494381,7.414049,160.23,9.79,-1.05,257.63,1,-107,-9,14,15,19,17,12806666,385
131.01,1544518808,876.91,51.493236,7.413001,160.56,9.29,-0.50,258.04,1,-107,-9,14,15,19,17,12806666,385
132.01,1544518809,886.26,51.494330,7.413768,161.29,8.77,-0.52,258.02,1,-105,-9,9,8,20,17,12806666,385
133.01,1544518810,895.01,51.494316,7.413672,161.40,6.64,-2.14,257.27,1,-105,-9,9,8,20,17,12806666,385
134.01,1544518811,901.65,51.494304,7.413601,161.20,4.81,-1.83,258.12,1,-102,-7,10,9,23,17,12806666,385
135.01,1544518812,906.47,51.494303,7.413571,161.14,1.98,-2.83,258.28,1,-102,-7,10,9,23,17,12806666,385
136.01,1544518813,908.45,51.494297,7.413555,161.07,0.64,-1.35,258.28,1,-100,-10,-4,15,27,17,12806666,385
137.01,1544518814,909.09,51.494297,7.413542,160.98,0.47,-0.16,258.28,1,-100,-10,-4,15,27,17,12806666,385
138.01,1544518815,909.56,51.494297,7.413542,160.98,0.00,-0.47,258.28,1,-102,-7,-3,14,22,17,12806666,385
139.01,1544518816,909.56,51.494297,7.413542,160.97,0.00,0.00,258.28,1,-102,-7,-3,14,22,17,12806666,385
140.03,1544518817,909.56,51.494297,7.413542,160.96,0.00,0.00,258.28,1,-102,-7,-5,15,22,17,12806666,385
141.01,1544518818,909.56,51.494297,7.413542,160.95,0.00,0.00,258.28,1,-102,-7,-5,15,22,17,12806666,385
142.01,1544518819,909.56,51.494297,7.413542,160.94,0.00,0.00,258.28,1,-102,-7,-5,15,22,17,12806666,385
143.01,1544518820,909.56,51.494297,7.413542,160.93,0.00,0.00,258.28,1,-101,-12,1,9,27,17,12806666,385
144.01,1544518821,909.56,51.494297,7.413542,160.84,0.00,0.00,272.63,1,-101,-12,1,9,27,17,12806666,385
145.01,1544518822,909.56,51.494297,7.413542,160.78,0.00,0.00,268.79,1,-103,-8,6,9,22,17,12806666,385
146.01,1544518823,909.56,51.494295,7.413425,160.73,3.67,0.00,268.74,1,-103,-8,6,9,22,17,12806666,385
147.01,1544518824,913.23,51.494292,7.413361,160.27,5.18,1.51,267.57,1,-104,-7,6,9,22,17,12806666,385
148.01,1544518825,918.41,51.494283,7.413265,159.84,6.60,1.42,264.91,1,-104,-7,6,9,22,17,12806666,385
149.01,1544518826,925.01,51.494277,7.413162,159.46,7.15,0.55,263.08,1,-101,-9,16,10,25,17,12806666,385
150.02,1544518827,932.20,51.494266,7.413048,158.93,7.04,-0.11,261.04,1,-101,-9,16,10,25,17,12806666,385
151.01,1544518828,939.19,51.494377,7.412682,158.53,7.34,0.30,260.31,1,-100,-8,14,15,25,17,12806666,385
152.01,1544518829,946.52,51.494236,7.412829,158.30,7.78,0.44,261.16,1,-100,-8,14,15,25,17,12806666,385
153.01,1544518830,954.32,51.494222,7.412690,158.23,9.13,1.34,260.29,1,-102,-13,9,8,26,17,12806666,385
154.01,1544518831,963.44,51.494207,7.412545,158.28,9.65,0.52,260.81,1,-102,-13,9,8,26,17,12806666,385
155.01,1544518832,973.10,51.494188,7.412390,158.64,10.70,1.05,259.21,1,-107,-9,3,14,19,17,12806666,385
156.01,1544518833,983.80,51.494168,7.412250,159.09,10.70,0.00,258.55,1,-107,-9,3,14,19,17,12806666,385
157.01,1544518834,994.50,51.494148,7.412097,159.45,11.01,0.31,259.36,1,-105,-11,10,15,28,17,12806666,385
158.01,1544518835,1005.50,51.494126,7.411950,159.43,11.29,0.29,259.04,1,-105,-11,10,15,28,17,12806666,385
159.01,1544518836,1016.79,51.494105,7.411809,159.04,10.95,-0.35,258.47,1,-103,-12,12,11,28,17,12806666,385
160.01,1544518837,1027.73,51.494080,7.411645,159.20,10.68,-0.27,258.12,1,-103,-12,12,11,28,17,12806666,385
161.02,1544518838,1038.47,51.494058,7.411486,159.46,11.66,0.97,257.30,1,-100,-8,32,11,25,17,12806666,385
162.01,1544518839,1050.04,51.494030,7.411309,159.88,11.51,-0.15,256.96,1,-100,-8,32,11,25,17,12806666,385
163.01,1544518840,1061.58,51.494005,7.411142,160.70,10.59,-0.91,256.16,1,-100,-8,32,11,25,17,12806666,385
164.01,1544518841,1072.19,51.493979,7.410987,161.55,10.50,-0.09,255.78,1,-98,-13,15,8,27,17,12806666,385
165.01,1544518842,1082.69,51.493959,7.410862,162.09,8.56,-1.94,256.43,1,-98,-13,15,8,27,17,12806666,385
166.01,1544518843,1091.25,51.493939,7.410740,163.06,6.94,-1.63,255.87,1,-99,-8,12,15,24,17,12806666,385
167.01,1544518844,1098.18,51.493922,7.410646,163.85,6.15,-0.79,255.32,1,-99,-8,12,15,24,17,12806666,385
168.01,1544518845,1104.34,51.493906,7.410547,164.42,6.34,0.19,256.17,1,-103,-7,14,15,21,17,12806666,385
169.01,1544518846,1110.68,51.493891,7.410452,164.79,7.05,0.71,256.58,1,-103,-7,14,15,21,17,12806666,385
170.01,1544518847,1117.73,51.493879,7.410341,165.15,8.74,1.69,258.09,1,-105,-9,9,15,23,17,12806666,385
171.01,1544518848,1126.44,51.493854,7.410473,165.22,10.79,2.05,258.00,1,-105,-9,9,15,23,17,12806666,385
172.01,1544518849,1137.25,51.493840,7.410027,165.15,11.80,1.01,257.98,1,-105,-9,23,12,20,17,12806666,385
173.01,1544518850,1149.06,51.493823,7.409862,165.19,12.07,0.27,257.49,1,-105,-9,23,12,20,17,12806666,385
174.01,1544518851,1161.14,51.493801,7.409705,165.41,11.85,-0.22,257.01,1,-105,-7,14,10,21,17,12806666,385
175.01,1544518852,1172.99,51.493776,7.409535,165.43,11.50,-0.35,257.58,1,-105,-7,14,10,21,17,12806666,385
176.01,1544518853,1184.48,51.493756,7.409377,165.27,11.51,0.01,258.24,1,-106,-9,12,15,22,17,12806666,385
177.01,1544518854,1196.00,51.493738,7.409217,165.25,11.74,0.23,258.21,1,-106,-9,12,15,22,17,12806666,385
178.01,1544518855,1207.74,51.493721,7.409055,165.31,11.27,-0.47,257.29,1,-106,-9,9,15,21,17,12806666,385
179.01,1544518856,1219.00,51.493696,7.408877,165.94,10.97,-0.30,257.54,1,-106,-9,9,15,21,17,12806666,385
180.01,1544518857,1229.97,51.493675,7.408716,166.30,11.26,0.29,257.42,1,-105,-8,10,15,22,17,12806666,385
181.01,1544518858,1241.21,51.493652,7.408559,166.52,12.12,0.87,257.94,1,-105,-8,10,15,22,17,12806666,385
182.02,1544518859,1253.45,51.493626,7.408403,166.68,11.95,-0.17,256.82,1,-104,-10,12,10,25,17,12806666,385
183.01,1544518860,1265.31,51.493599,7.408245,166.68,12.04,0.10,256.13,1,-104,-10,12,10,25,17,12806666,385
184.01,1544518861,1277.36,51.493570,7.408068,166.64,12.72,0.68,256.05,1,-104,-10,12,10,25,17,12806666,385
185.01,1544518862,1290.08,51.493541,7.407898,166.24,13.34,0.62,256.93,1,-102,-8,16,10,24,17,12806666,385
186.01,1544518863,1303.40,51.493511,7.407705,166.01,13.77,0.44,257.52,1,-102,-8,16,10,24,17,12806666,385
187.01,1544518864,1317.19,51.493486,7.407499,165.95,14.48,0.70,259.31,1,-102,-9,12,11,26,17,12806666,385
188.01,1544518865,1331.67,51.493459,7.407286,165.98,14.01,-0.47,260.05,1,-102,-9,12,11,26,17,12806666,385
189.01,1544518866,1345.67,51.493434,7.407091,165.99,13.55,-0.45,260.13,1,-100,-8,17,11,26,17,12806666,385
190.02,1544518867,1359.31,51.493409,7.406902,165.95,13.02,-0.53,259.42,1,-100,-8,17,11,26,17,12806666,385
191.01,1544518868,1372.20,51.493518,7.406803,169.10,12.88,-0.14,258.99,1,-101,-8,16,11,24,17,12806666,385
192.01,1544518869,1385.13,51.493362,7.406536,165.69,13.12,0.24,258.61,1,-101,-8,16,11,24,17,12806666,385
193.01,1544518870,1398.25,51.493332,7.406350,165.58,13.25,0.14,257.90,1,-103,-8,13,10,23,17,12806666,385
194.01,1544518871,1411.50,51.493303,7.406156,165.84,13.22,-0.03,257.97,1,-103,-8,13,10,23,17,12806666,385
195.01,1544518872,1424.70,51.493277,7.405978,165.76,13.34,0.12,257.94,1,-101,-8,14,10,25,17,12806666,385
196.01,1544518873,1438.04,51.493250,7.405798,165.54,13.40,0.06,257.68,1,-101,-8,14,10,25,17,12806666,385
197.01,1544518874,1451.44,51.493223,7.405608,165.25,13.55,0.15,258.10,1,-103,-9,13,15,23,17,12806666,385
198.01,1544518875,1465.01,51.493197,7.405416,165.00,13.96,0.41,258.01,1,-103,-9,13,15,23,17,12806666,385
199.01,1544518876,1478.97,51.493168,7.405209,165.01,14.03,0.07,258.11,1,-106,-8,11,12,21,17,12806666,385
200.01,1544518877,1493.00,51.493141,7.405011,165.08,13.98,-0.06,258.10,1,-106,-8,11,12,21,17,12806666,385
201.01,1544518878,1506.94,51.493114,7.404814,165.20,13.85,-0.13,257.96,1,-106,-10,6,15,21,17,12806666,385
202.01,1544518879,1520.82,51.493087,7.404616,165.48,13.74,-0.10,258.16,1,-106,-10,6,15,21,17,12806666,385
203.02,1544518880,1534.67,51.493062,7.404430,165.52,13.39,-0.35,258.31,1,-106,-10,7,8,22,17,12806666,385
204.01,1544518881,1548.00,51.493038,7.404242,165.47,13.44,0.05,258.68,1,-106,-10,7,8,22,17,12806666,385
205.01,1544518882,1561.43,51.493015,7.404051,165.49,13.36,-0.08,259.07,1,-106,-10,7,8,22,17,12806666,385
206.01,1544518883,1574.77,51.492994,7.403863,165.61,13.10,-0.26,259.86,1,-108,-8,6,8,18,17,12806666,385
207.01,1544518884,1587.87,51.492977,7.403670,165.86,13.00,-0.10,261.19,1,-108,-8,6,8,18,17,12806666,385
208.01,1544518885,1600.87,51.492966,7.403477,165.93,13.25,0.25,263.75,1,-107,-8,-3,15,18,17,12806666,385
209.01,1544518886,1614.12,51.492963,7.403306,165.94,12.45,-0.80,265.69,1,-107,-8,-3,15,18,17,12806666,385
210.01,1544518887,1626.58,51.492963,7.403133,165.72,12.08,-0.38,267.34,1,-108,-9,-3,15,20,17,12806666,385
211.01,1544518888,1638.61,51.493045,7.403409,164.20,11.78,-0.29,268.83,1,-108,-9,-3,15,20,17,12806666,385
212.01,1544518889,1650.45,51.492971,7.402786,165.53,11.30,-0.48,270.00,1,-108,-9,-4,6,20,17,12806666,385
213.01,1544518890,1661.74,51.492976,7.402642,165.27,9.66,-1.64,270.25,1,-108,-9,-4,6,20,17,12806666,385
214.01,1544518891,1671.41,51.492980,7.402518,164.91,7.90,-1.76,270.55,1,-109,-8,3,14,17,17,12806666,385
215.01,1544518892,1679.31,51.492981,7.402406,164.75,7.65,-0.25,268.98,1,-109,-8,3,14,17,17,12806666,385
216.01,1544518893,1686.96,51.492982,7.402324,165.02,5.05,-2.60,266.56,1,-107,-9,7,15,20,17,12806666,385
217.02,1544518894,1692.03,51.492983,7.402261,165.10,3.48,-1.56,266.52,1,-107,-9,7,15,20,17,12806666,385
218.01,1544518895,1695.49,51.492985,7.402212,165.16,1.81,-1.68,265.80,1,-109,-8,8,14,18,17,12806666,385
219.01,1544518896,1697.30,51.492989,7.402205,165.18,0.69,-1.12,265.80,1,-109,-8,8,14,18,17,12806666,385
220.01,1544518897,1697.99,51.492993,7.402195,165.19,1.23,0.55,265.80,1,-106,-8,13,10,21,17,12806666,385
221.01,1544518898,1699.23,51.492995,7.402164,165.21,2.16,0.92,274.43,1,-106,-8,13,10,21,17,12806666,385
222.01,1544518899,1701.39,51.492997,7.402137,165.23,2.24,0.08,274.01,1,-108,-8,12,9,20,17,12806666,385
223.01,1544518900,1703.63,51.492999,7.402100,165.24,2.83,0.59,273.59,1,-108,-8,12,9,20,17,12806666,385
224.02,1544518901,1706.48,51.493002,7.402045,165.16,5.33,2.48,273.16,1,-107,-8,10,15,20,17,12806666,385
225.01,1544518902,1711.77,51.493002,7.401967,165.30,5.37,0.04,272.76,1,-107,-8,10,15,20,17,12806666,385
226.01,1544518903,1717.14,51.493001,7.401885,165.62,5.07,-0.29,271.88,1,-107,-8,10,15,20,17,12806666,385
227.01,1544518904,1722.21,51.492990,7.401817,166.24,6.22,1.15,253.60,1,-106,-8,9,15,20,17,12806666,385
228.01,1544518905,1728.43,51.492957,7.401780,166.64,5.95,-0.27,213.66,1,-106,-8,9,15,20,17,12806666,385
229.01,1544518906,1734.37,51.492905,7.401767,166.65,6.30,0.35,188.62,1,-110,-11,8,15,20,17,12806666,385
230.01,1544518907,1740.69,51.492822,7.401752,166.40,8.31,2.00,186.70,1,-110,-11,8,15,20,17,12806666,385
231.01,1544518908,1748.99,51.492514,7.401838,165.69,9.38,1.07,185.66,1,-107,-9,-1,15,18,17,12806666,385
232.01,1544518909,1758.37,51.492654,7.401742,164.98,10.84,1.46,183.42,1,-107,-9,-1,15,18,17,12806666,385
233.01,1544518910,1769.21,51.492549,7.401740,163.67,10.61,-0.23,182.17,1,-109,-13,5,8,20,17,12806666,385
234.01,1544518911,1779.82,51.492462,7.401741,162.96,10.34,-0.27,181.79,1,-109,-13,5,8,20,17,12806666,385
235.01,1544518912,1790.18,51.492366,7.401738,162.95,10.58,0.24,181.44,1,-113,-11,2,12,16,17,12806666,385
236.01,1544518913,1800.75,51.492267,7.401738,162.70,10.74,0.16,181.21,1,-113,-11,2,12,16,17,12806666,385
237.01,1544518914,1811.49,51.492173,7.401744,162.43,10.06,-0.68,181.08,1,-108,-8,4,15,17,17,12806666,385
238.01,1544518915,1821.54,51.492085,7.401750,162.17,9.64,-0.42,181.25,1,-108,-8,4,15,17,17,12806666,385
239.01,1544518916,1831.18,51.491990,7.401748,162.62,9.61,-0.03,180.95,1,-110,-12,4,6,21,17,12806666,385
240.01,1544518917,1840.79,51.491885,7.401742,163.78,10.24,0.62,181.05,1,-110,-12,4,6,21,17,12806666,385
241.01,1544518918,1851.01,51.491791,7.401740,164.74,10.10,-0.13,180.88,1,-112,-13,6,8,18,17,12806666,385
242.01,1544518919,1861.11,51.491705,7.401740,165.43,9.80,-0.30,180.26,1,-112,-13,6,8,18,17,12806666,385
243.01,1544518920,1870.90,51.491619,7.401740,166.06,9.35,-0.45,180.54,1,-111,-9,5,15,16,17,12806666,385
244.01,1544518921,1880.29,51.491543,7.401741,166.30,8.97,-0.38,180.83,1,-111,-9,5,15,16,17,12806666,385
245.02,1544518922,1889.34,51.491461,7.401736,167.07,8.39,-0.58,181.44,1,-107,-9,6,13,20,17,12806666,385
246.01,1544518923,1897.64,51.491377,7.401727,168.32,7.62,-0.77,181.42,1,-107,-9,6,13,20,17,12806666,385
247.01,1544518924,1905.27,51.491309,7.401724,169.15,7.49,-0.13,181.01,1,-107,-9,6,13,20,17,12806666,385
248.01,1544518925,1912.77,51.491241,7.401724,169.59,8.32,0.83,180.38,1,-105,-8,4,14,19,17,12806666,385
249.01,1544518926,1921.09,51.491169,7.401728,169.44,9.70,1.38,181.35,1,-105,-8,4,14,19,17,12806666,385
250.02,1544518927,1930.83,51.491090,7.401730,169.08,9.45,-0.25,180.98,1,-108,-9,8,15,19,17,12806666,385
251.01,1544518928,1940.25,51.491003,7.401727,169.13,8.77,-0.68,180.25,1,-108,-9,8,15,19,17,12806666,385
252.01,1544518929,1949.01,51.490839,7.401605,172.50,8.45,-0.32,179.60,1,-110,-10,8,9,19,17,12806666,385
253.01,1544518930,1957.45,51.490852,7.401735,169.24,8.56,0.12,179.52,1,-110,-10,8,9,19,17,12806666,385
254.02,1544518931,1966.05,51.490775,7.401737,169.10,9.27,0.70,179.43,1,-111,-11,7,8,17,17,12806666,385
255.01,1544518932,1975.30,51.490691,7.401741,168.79,9.82,0.56,179.47,1,-111,-11,7,8,17,17,12806666,385
256.02,1544518933,1985.15,51.490608,7.401745,168.37,9.69,-0.13,180.05,1,-110,-9,7,8,16,17,12806666,385
257.01,1544518934,1994.82,51.490526,7.401750,168.06,9.06,-0.63,179.49,1,-110,-9,7,8,16,17,12806666,385
258.01,1544518935,2003.89,51.490436,7.401750,168.15,9.62,0.57,178.76,1,-110,-9,7,7,18,17,12806666,385
259.01,1544518936,2013.50,51.490338,7.401747,168.70,9.82,0.19,179.09,1,-110,-9,7,7,18,17,12806666,385
260.01,1544518937,2023.33,51.490240,7.401743,169.87,9.76,-0.05,179.89,1,-107,-9,5,15,20,17,12806666,385
261.01,1544518938,2033.09,51.490146,7.401745,170.65,10.67,0.90,179.06,1,-107,-9,5,15,20,17,12806666,385
262.02,1544518939,2043.77,51.490035,7.401750,171.71,11.58,0.92,178.48,1,-107,-9,7,9,21,17,12806666,385
263.01,1544518940,2055.35,51.489936,7.401758,172.35,11.31,-0.27,178.93,1,-107,-9,7,9,21,17,12806666,385
264.01,1544518941,2066.66,51.489843,7.401761,172.79,10.34,-0.97,179.65,1,-110,-10,7,8,19,17,12806666,385
265.01,1544518942,2076.99,51.489765,7.401760,172.82,9.17,-1.17,180.08,1,-110,-10,7,8,19,17,12806666,385
266.02,1544518943,2086.24,51.489683,7.401753,173.49,7.53,-1.63,180.57,1,-109,-8,5,8,19,17,12806666,385
267.01,1544518944,2093.71,51.489628,7.401754,173.69,4.58,-2.97,180.19,1,-109,-8,5,8,19,17,12806666,385
268.01,1544518945,2098.28,51.489609,7.401754,173.67,2.56,-2.02,180.93,1,-109,-8,5,8,19,17,12806666,385
269.01,1544518946,2100.85,51.489609,7.401754,173.66,0.00,-2.56,180.93,1,-110,-10,5,13,17,17,12806666,385
270.02,1544518947,2100.85,51.489609,7.401754,173.66,0.00,0.00,180.93,1,-110,-10,5,13,17,17,12806666,385
271.02,1544518948,2100.85,51.489457,7.401789,173.65,0.00,0.00,180.93,1,-111,-10,4,13,20,17,12806666,385
272.01,1544518949,2100.85,51.489609,7.401754,173.64,0.00,0.00,180.93,1,-111,-10,4,13,20,17,12806666,385
273.01,1544518950,2100.85,51.489609,7.401754,173.63,0.00,0.00,180.93,1,-111,-13,3,7,21,17,12806666,385
274.01,1544518951,2100.85,51.489609,7.401754,173.62,0.00,0.00,180.93,1,-111,-13,3,7,21,17,12806666,385
275.01,1544518952,2100.85,51.489609,7.401754,173.61,0.00,0.00,180.93,1,-111,-13,3,7,21,17,12806666,385
276.01,1544518953,2100.85,51.489609,7.401754,173.60,0.00,0.00,180.93,1,-111,-13,3,7,21,17,12806666,385
277.01,1544518954,2100.85,51.489609,7.401754,173.58,0.00,0.00,180.93,1,-111,-10,4,7,19,17,12806666,385
278.01,1544518955,2100.85,51.489609,7.401754,173.57,0.00,0.00,180.93,1,-111,-10,4,7,19,17,12806666,385
279.01,1544518956,2100.85,51.489609,7.401754,173.55,0.00,0.00,180.93,1,-111,-10,5,7,19,17,12806666,385
280.02,1544518957,2100.85,51.489609,7.401754,173.54,0.00,0.00,180.93,1,-111,-10,5,7,19,17,12806666,385
281.01,1544518958,2100.85,51.489609,7.401754,173.53,0.00,0.00,180.93,1,-111,-9,5,6,17,17,12806666,385
282.01,1544518959,2100.85,51.489609,7.401754,173.53,0.00,0.00,180.93,1,-111,-9,5,6,17,17,12806666,385
283.01,1544518960,2100.85,51.489609,7.401754,173.40,0.00,0.00,180.93,1,-112,-12,4,6,19,17,12806666,385
284.01,1544518961,2100.85,51.489609,7.401754,171.88,0.00,0.00,184.25,1,-112,-12,4,6,19,17,12806666,385
285.01,1544518962,2100.85,51.489528,7.401754,170.57,0.00,0.00,181.47,1,-106,-10,6,12,19,17,12806666,385
286.01,1544518963,2100.85,51.489452,7.401824,170.98,6.85,0.00,138.77,1,-106,-10,6,12,19,17,12806666,385
287.02,1544518964,2107.75,51.489418,7.401912,171.20,7.94,1.08,112.55,1,-107,-9,4,15,19,17,12806666,385
288.01,1544518965,2115.63,51.489405,7.402027,171.86,8.97,1.04,93.94,1,-107,-9,4,15,19,17,12806666,385
289.01,1544518966,2124.60,51.489396,7.402164,172.30,10.09,1.11,94.47,1,-107,-9,4,15,19,17,12806666,385
290.01,1544518967,2134.71,51.489385,7.402321,172.70,11.47,1.38,93.02,1,-111,-11,2,7,18,17,12806666,385
291.01,1544518968,2146.19,51.489453,7.402462,173.19,12.45,0.98,92.09,1,-111,-11,2,7,18,17,12806666,385
292.01,1544518969,2158.59,51.489370,7.402673,173.57,13.30,0.85,91.37,1,-106,-8,13,8,20,17,12806666,385
293.01,1544518970,2171.93,51.489367,7.402873,173.89,13.87,0.57,90.54,1,-106,-8,13,8,20,17,12806666,385
294.01,1544518971,2185.76,51.489367,7.403096,173.98,14.10,0.23,90.47,1,-112,-11,6,7,16,17,12806666,385
295.01,1544518972,2199.87,51.489365,7.403301,174.23,14.64,0.54,90.47,1,-112,-11,6,7,16,17,12806666,385
296.01,1544518973,2214.56,51.489364,7.403506,174.52,14.61,-0.04,90.43,1,-110,-13,2,6,20,17,12806666,385
297.01,1544518974,2229.17,51.489363,7.403711,174.64,14.46,-0.15,90.11,1,-110,-13,2,6,20,17,12806666,385
298.01,1544518975,2243.63,51.489361,7.403920,174.65,14.47,0.01,90.47,1,-111,-10,2,6,16,17,12806666,385
299.01,1544518976,2258.10,51.489360,7.404120,174.47,14.53,0.06,91.22,1,-111,-10,2,6,16,17,12806666,385
300.01,1544518977,2272.62,51.489359,7.404328,174.25,14.70,0.17,91.38,1,-110,-8,3,11,16,17,12806666,385
301.02,1544518978,2287.35,51.489358,7.404548,173.91,14.92,0.22,90.52,1,-110,-8,3,11,16,17,12806666,385
302.02,1544518979,2302.29,51.489356,7.404752,173.84,14.71,-0.21,90.44,1,-110,-12,-1,6,22,71,13067274,289
303.02,1544518980,2316.98,51.489355,7.404966,173.74,14.29,-0.42,89.93,1,-110,-12,-1,6,22,71,13067274,289
304.02,1544518981,2331.32,51.489359,7.405174,173.50,13.85,-0.44,89.05,1,-107,-11,2,11,27,71,13067274,289
305.01,1544518982,2345.06,51.489366,7.405388,173.35,13.48,-0.37,87.79,1,-107,-11,2,11,27,71,13067274,289
306.01,1544518983,2358.54,51.489375,7.405583,173.66,13.41,-0.07,86.18,1,-102,-12,8,15,32,71,13067274,289
307.01,1544518984,2372.00,51.489386,7.405745,174.26,13.08,-0.33,84.92,1,-102,-12,8,15,32,71,13067274,289
308.02,1544518985,2385.16,51.489401,7.405921,174.97,12.55,-0.53,83.52,1,-99,-8,13,10,26,71,13067274,289
309.01,1544518986,2397.62,51.489427,7.406142,175.45,12.36,-0.19,81.08,1,-99,-8,13,10,26,71,13067274,289
310.01,1544518987,2409.98,51.489453,7.406338,176.16,12.08,-0.28,79.94,1,-99,-8,13,10,26,71,13067274,289
311.01,1544518988,2422.06,51.489534,7.406752,177.37,12.00,-0.08,79.27,1,-100,-8,12,10,23,71,13067274,289
312.02,1544518989,2434.08,51.489509,7.406725,178.59,11.74,-0.26,77.18,1,-100,-8,12,10,23,71,13067274,289
313.01,1544518990,2445.79,51.489536,7.406882,179.27,11.95,0.21,78.02,1,-99,-8,11,11,27,71,13067274,289
314.01,1544518991,2457.71,51.489557,7.407043,179.49,12.33,0.38,79.18,1,-99,-8,11,11,27,71,13067274,289
315.01,1544518992,2470.05,51.489578,7.407202,179.53,12.46,0.12,80.16,1,-97,-10,10,15,34,71,13067274,289
316.01,1544518993,2482.55,51.489598,7.407361,179.37,12.50,0.04,79.58,1,-97,-10,10,15,34,71,13067274,289
317.01,1544518994,2495.02,51.489621,7.407535,179.06,12.71,0.21,79.09,1,-96,-8,10,14,29,71,13067274,289
318.01,1544518995,2507.75,51.489651,7.407732,179.08,13.43,0.72,78.51,1,-96,-8,10,14,29,71,13067274,289
319.01,1544518996,2521.17,51.489677,7.407919,178.72,14.12,0.69,78.64,1,-101,-8,14,12,26,71,13067274,289
320.01,1544518997,2535.27,51.489707,7.408117,178.50,13.98,-0.14,79.11,1,-101,-8,14,12,26,71,13067274,289
321.03,1544518998,2549.45,51.489731,7.408293,177.72,12.97,-1.00,78.51,1,-105,-9,7,11,22,71,13067274,289
322.01,1544518999,2562.24,51.489757,7.408467,176.92,12.38,-0.60,77.24,1,-105,-9,7,11,22,71,13067274,289
323.01,1544519000,2574.61,51.489787,7.408635,175.81,12.68,0.30,75.79,1,-110,-13,3,8,22,71,13067274,289
324.02,1544519001,2587.36,51.489819,7.408791,174.65,12.81,0.13,75.40,1,-110,-13,3,8,22,71,13067274,289
325.01,1544519002,2600.12,51.489854,7.408982,173.67,12.96,0.16,76.39,1,-108,-15,0,8,25,71,13067274,289
326.01,1544519003,2613.10,51.489882,7.409157,172.76,13.06,0.10,77.64,1,-108,-15,0,8,25,71,13067274,289
327.02,1544519004,2626.19,51.489905,7.409336,171.85,11.81,-1.25,79.28,1,-107,-12,0,7,25,71,13067274,289
328.01,1544519005,2637.99,51.489927,7.409524,170.75,13.39,1.58,79.77,1,-107,-12,0,7,25,71,13067274,289
329.02,1544519006,2651.50,51.489950,7.409723,169.80,13.16,-0.23,79.59,1,-104,-12,3,8,27,71,13067274,289
330.02,1544519007,2664.59,51.489971,7.409910,169.04,12.64,-0.52,79.86,1,-104,-12,3,8,27,71,13067274,289
331.02,1544519008,2677.19,51.489938,7.410043,168.44,12.70,0.06,79.34,1,-104,-12,3,8,27,71,13067274,289
332.02,1544519009,2689.93,51.490012,7.410273,168.14,12.55,-0.15,79.05,1,-107,-11,8,10,22,71,13067274,289
333.01,1544519010,2702.41,51.490034,7.410440,167.82,12.26,-0.29,78.11,1,-107,-11,8,10,22,71,13067274,289
334.01,1544519011,2714.63,51.490055,7.410600,167.56,12.11,-0.15,78.11,1,-108,-12,7,9,22,71,13067274,289
335.01,1544519012,2726.78,51.490078,7.410773,167.24,12.15,0.04,78.22,1,-108,-12,7,9,22,71,13067274,289
336.01,1544519013,2738.92,51.490100,7.410934,166.87,12.00,-0.15,77.56,1,-113,-10,7,10,13,71,13067274,289
337.01,1544519014,2750.86,51.490124,7.411103,166.53,11.91,-0.09,78.17,1,-113,-10,7,10,13,71,13067274,289
