time_s,timestamp_ms,distance_m,latitude,longitude,altitude,velocity_mps,acceleration_mpss,direction,isRegistered,rsrp_dbm,rsrq_db,rssnr_db,cqi,ss,ta,ci,pci
0.02,1544433600,0.01,51.490201,7.411443,165.91,12.19,0.00,79.50,0,-104,-19,0,0,41,0,0,274
0.03,1544433600,0.02,51.490201,7.411443,165.91,12.19,0.00,79.50,0,-104,-20,0,0,41,0,0,52
0.03,1544433600,0.02,51.490201,7.411443,165.91,12.19,0.00,79.50,0,-105,-20,0,0,41,0,0,65
1.03,1544433601,12.29,51.490226,7.411628,166.05,12.04,0.00,79.17,0,-103,-15,0,0,37,0,0,52
1.03,1544433601,12.29,51.490226,7.411628,166.05,12.04,0.00,79.17,0,-101,-13,0,0,39,0,0,452
1.03,1544433601,12.30,51.490226,7.411628,166.05,12.04,0.00,79.17,0,-104,-17,0,0,39,0,0,450
1.03,1544433601,12.31,51.490226,7.411628,166.05,12.04,0.00,79.17,0,-105,-19,0,0,40,0,0,62
2.03,1544433602,24.35,51.490251,7.411821,166.26,12.31,0.00,78.81,0,-103,-15,0,0,37,0,0,52
2.03,1544433602,24.36,51.490251,7.411821,166.26,12.31,0.00,78.81,0,-101,-13,0,0,39,0,0,452
2.04,1544433602,24.38,51.490251,7.411821,166.26,12.31,0.00,78.81,0,-104,-17,0,0,39,0,0,450
2.04,1544433602,24.39,51.490251,7.411821,166.26,12.31,0.00,78.81,0,-105,-19,0,0,40,0,0,62
5.03,1544433605,60.89,51.490320,7.412336,166.67,12.80,0.00,78.85,0,-100,-13,0,0,39,0,0,385
5.03,1544433605,60.89,51.490320,7.412336,166.67,12.80,0.00,78.85,0,-104,-17,0,0,39,0,0,52
5.03,1544433605,60.90,51.490320,7.412336,166.67,12.80,0.00,78.85,0,-105,-19,0,0,40,0,0,386
6.03,1544433606,73.68,51.490348,7.412536,166.84,13.19,0.00,78.49,0,-100,-13,0,0,39,0,0,385
6.03,1544433606,73.68,51.490348,7.412536,166.84,13.19,0.00,78.49,0,-104,-17,0,0,39,0,0,52
6.03,1544433606,73.69,51.490348,7.412536,166.84,13.19,0.00,78.49,0,-105,-19,0,0,40,0,0,386
7.03,1544433607,86.84,51.490373,7.412706,167.01,13.50,0.00,79.08,0,-104,-18,0,0,40,0,0,52
7.03,1544433607,86.85,51.490373,7.412706,167.01,13.50,0.00,79.08,0,-105,-16,0,0,39,0,0,375
8.03,1544433608,100.35,51.490402,7.412909,166.98,13.37,0.00,78.45,0,-104,-18,0,0,40,0,0,52
8.03,1544433608,100.36,51.490402,7.412909,166.98,13.37,0.00,78.45,0,-105,-16,0,0,39,0,0,375
9.04,1544433609,113.85,51.490427,7.413098,166.76,13.44,0.00,77.94,0,-104,-14,0,0,37,0,0,52
9.04,1544433609,113.87,51.490427,7.413098,166.76,13.44,0.00,77.94,0,-105,-15,0,0,36,0,0,275
9.04,1544433609,113.87,51.490427,7.413098,166.76,13.44,0.00,77.94,0,-107,-19,0,0,37,0,0,56
9.04,1544433609,113.88,51.490427,7.413098,166.76,13.44,0.00,77.94,0,-100,-12,0,0,39,0,0,452
9.04,1544433609,113.89,51.490427,7.413098,166.76,13.44,0.00,77.94,0,-103,-17,0,0,39,0,0,450
10.03,1544433610,127.19,51.490454,7.413305,166.59,13.59,0.00,78.52,0,-104,-14,0,0,37,0,0,52
10.03,1544433610,127.19,51.490454,7.413305,166.59,13.59,0.00,78.52,0,-105,-15,0,0,36,0,0,275
10.03,1544433610,127.20,51.490454,7.413305,166.59,13.59,0.00,78.52,0,-107,-19,0,0,37,0,0,56
10.03,1544433610,127.21,51.490454,7.413305,166.59,13.59,0.00,78.52,0,-100,-12,0,0,39,0,0,452
10.03,1544433610,127.21,51.490454,7.413305,166.59,13.59,0.00,78.52,0,-103,-17,0,0,39,0,0,450
11.03,1544433611,140.76,51.490475,7.413484,166.28,13.54,0.00,78.20,0,-104,-14,0,0,37,0,0,52
11.03,1544433611,140.78,51.490475,7.413484,166.28,13.54,0.00,78.20,0,-105,-15,0,0,36,0,0,275
11.03,1544433611,140.79,51.490475,7.413484,166.28,13.54,0.00,78.20,0,-107,-19,0,0,37,0,0,56
11.03,1544433611,140.79,51.490475,7.413484,166.28,13.54,0.00,78.20,0,-100,-12,0,0,39,0,0,452
11.03,1544433611,140.80,51.490475,7.413484,166.28,13.54,0.00,78.20,0,-103,-17,0,0,39,0,0,450
12.03,1544433612,154.29,51.490495,7.413664,166.04,13.53,0.00,78.78,0,-104,-15,0,0,37,0,0,275
12.03,1544433612,154.30,51.490495,7.413664,166.04,13.53,0.00,78.78,0,-105,-16,0,0,38,0,0,52
12.03,1544433612,154.30,51.490495,7.413664,166.04,13.53,0.00,78.78,0,-107,-19,0,0,38,0,0,65
13.03,1544433613,167.82,51.490517,7.413855,165.49,13.52,0.00,78.72,0,-104,-15,0,0,37,0,0,275
13.03,1544433613,167.83,51.490517,7.413855,165.49,13.52,0.00,78.72,0,-105,-16,0,0,38,0,0,52
13.03,1544433613,167.83,51.490517,7.413855,165.49,13.52,0.00,78.72,0,-107,-19,0,0,38,0,0,65
14.03,1544433614,181.36,51.490538,7.414030,164.90,13.50,0.00,78.54,0,-104,-16,0,0,38,0,0,65
14.03,1544433614,181.37,51.490538,7.414030,164.90,13.50,0.00,78.54,0,-104,-14,0,0,37,0,0,275
14.03,1544433614,181.37,51.490538,7.414030,164.90,13.50,0.00,78.54,0,-106,-17,0,0,37,0,0,52
15.03,1544433615,194.84,51.490561,7.414225,164.14,13.58,0.00,78.31,0,-104,-16,0,0,38,0,0,65
15.03,1544433615,194.85,51.490561,7.414225,164.14,13.58,0.00,78.31,0,-104,-14,0,0,37,0,0,275
15.03,1544433615,194.87,51.490561,7.414225,164.14,13.58,0.00,78.31,0,-106,-17,0,0,37,0,0,52
16.03,1544433616,208.46,51.490582,7.414413,163.61,13.63,0.00,78.90,0,-100,-15,0,0,40,0,0,52
16.03,1544433616,208.48,51.490582,7.414413,163.61,13.63,0.00,78.90,0,-102,-15,0,0,40,0,0,65
16.03,1544433616,208.48,51.490582,7.414413,163.61,13.63,0.00,78.90,0,-102,-17,0,0,41,0,0,34
16.04,1544433616,208.49,51.490582,7.414413,163.61,13.63,0.00,78.90,0,-103,-11,0,0,35,0,0,452
16.04,1544433616,208.50,51.490582,7.414413,163.61,13.63,0.00,78.90,0,-108,-18,0,0,35,0,0,62
16.04,1544433616,208.50,51.490582,7.414413,163.61,13.63,0.00,78.90,0,-109,-17,0,0,35,0,0,450
17.03,1544433617,222.09,51.490606,7.414607,163.32,13.47,0.00,79.14,0,-100,-15,0,0,40,0,0,52
17.03,1544433617,222.10,51.490606,7.414607,163.32,13.47,0.00,79.14,0,-102,-15,0,0,40,0,0,65
17.04,1544433617,222.12,51.490606,7.414607,163.32,13.47,0.00,79.14,0,-102,-17,0,0,41,0,0,34
17.04,1544433617,222.12,51.490606,7.414607,163.32,13.47,0.00,79.14,0,-103,-11,0,0,35,0,0,452
17.04,1544433617,222.13,51.490606,7.414607,163.32,13.47,0.00,79.14,0,-108,-18,0,0,35,0,0,62
17.04,1544433617,222.14,51.490606,7.414607,163.32,13.47,0.00,79.14,0,-109,-17,0,0,35,0,0,450
18.03,1544433618,235.51,51.490626,7.414795,162.62,13.35,0.00,79.79,0,-100,-14,0,0,39,0,0,65
18.03,1544433618,235.52,51.490626,7.414795,162.62,13.35,0.00,79.79,0,-102,-17,0,0,40,0,0,52
18.03,1544433618,235.52,51.490626,7.414795,162.62,13.35,0.00,79.79,0,-104,-17,0,0,39,0,0,34
19.03,1544433619,248.87,51.490648,7.414987,161.83,13.18,0.00,80.40,0,-100,-14,0,0,39,0,0,65
19.03,1544433619,248.88,51.490648,7.414987,161.83,13.18,0.00,80.40,0,-102,-17,0,0,40,0,0,52
19.03,1544433619,248.89,51.490648,7.414987,161.83,13.18,0.00,80.40,0,-104,-17,0,0,39,0,0,34
20.03,1544433620,262.04,51.490663,7.415166,161.17,12.98,0.00,81.65,0,-102,-20,0,0,44,0,0,205
20.03,1544433620,262.04,51.490663,7.415166,161.17,12.98,0.00,81.65,0,-102,-16,0,0,40,0,0,38
21.03,1544433621,275.01,51.490677,7.415352,160.35,12.77,0.00,82.96,0,-102,-20,0,0,44,0,0,205
21.03,1544433621,275.02,51.490677,7.415352,160.35,12.77,0.00,82.96,0,-102,-16,0,0,40,0,0,38
26.03,1544433626,336.24,51.490677,7.416226,157.17,11.44,0.00,93.20,0,-100,-11,0,0,38,0,0,62
27.03,1544433627,347.66,51.490660,7.416371,156.76,10.18,0.00,95.66,0,-100,-11,0,0,38,0,0,62
30.04,1544433630,374.24,51.490604,7.416781,156.21,6.81,0.00,102.94,0,-94,-13,0,0,44,0,0,274
31.03,1544433631,381.01,51.490587,7.416870,155.89,5.79,0.00,102.21,0,-94,-13,0,0,44,0,0,274
32.03,1544433632,386.77,51.490578,7.416920,155.86,3.62,0.00,101.64,0,-94,-13,0,0,44,0,0,274
37.03,1544433637,391.89,51.490572,7.416945,155.84,0.00,0.00,101.55,0,-102,-11,0,0,35,0,0,62
37.03,1544433637,391.89,51.490572,7.416945,155.84,0.00,0.00,101.55,0,-107,-16,0,0,35,0,0,339
38.03,1544433638,391.89,51.490572,7.416945,155.83,0.00,0.00,101.55,0,-102,-11,0,0,35,0,0,62
38.03,1544433638,391.89,51.490572,7.416945,155.83,0.00,0.00,101.55,0,-107,-16,0,0,35,0,0,339
47.03,1544433647,391.89,51.490572,7.416945,155.83,0.00,0.00,101.55,0,-103,-12,0,0,36,0,0,62
47.03,1544433647,391.89,51.490572,7.416945,155.83,0.00,0.00,101.55,0,-108,-17,0,0,35,0,0,339
48.03,1544433648,391.89,51.490572,7.416945,155.84,0.00,0.00,101.55,0,-103,-12,0,0,36,0,0,62
48.03,1544433648,391.89,51.490572,7.416945,155.84,0.00,0.00,101.55,0,-108,-17,0,0,35,0,0,339
58.03,1544433658,391.89,51.490572,7.416945,155.95,0.00,0.00,101.55,0,-101,-11,0,0,37,0,0,62
58.03,1544433658,391.89,51.490572,7.416945,155.95,0.00,0.00,101.55,0,-108,-15,0,0,35,0,0,339
59.03,1544433659,391.89,51.490572,7.416945,155.97,0.00,0.00,101.55,0,-101,-11,0,0,37,0,0,62
59.03,1544433659,391.89,51.490572,7.416945,155.97,0.00,0.00,101.55,0,-108,-15,0,0,35,0,0,339
60.03,1544433660,391.89,51.490572,7.416945,155.97,0.00,0.00,101.55,0,-102,-11,0,0,36,0,0,62
60.03,1544433660,391.89,51.490572,7.416945,155.97,0.00,0.00,101.55,0,-108,-16,0,0,36,0,0,452
60.03,1544433660,391.89,51.490572,7.416945,155.97,0.00,0.00,101.55,0,-108,-16,0,0,36,0,0,339
61.03,1544433661,391.89,51.490572,7.416945,155.98,0.00,0.00,101.55,0,-102,-11,0,0,36,0,0,62
61.03,1544433661,391.89,51.490572,7.416945,155.98,0.00,0.00,101.55,0,-108,-16,0,0,36,0,0,452
61.04,1544433661,391.89,51.490572,7.416945,155.98,0.00,0.00,101.55,0,-108,-16,0,0,36,0,0,339
68.03,1544433668,399.16,51.490635,7.417183,157.93,7.04,0.00,31.85,0,-99,-9,0,0,37,0,0,62
69.03,1544433669,406.18,51.490699,7.417197,158.23,7.97,0.00,6.29,0,-99,-9,0,0,37,0,0,62
79.03,1544433679,512.59,51.491638,7.416900,159.67,11.16,0.00,345.97,0,-97,-16,0,0,45,0,0,197
79.03,1544433679,512.60,51.491638,7.416900,159.67,11.16,0.00,345.97,0,-101,-10,0,0,36,0,0,62
79.03,1544433679,512.60,51.491638,7.416900,159.67,11.16,0.00,345.97,0,-109,-16,0,0,35,0,0,339
80.03,1544433680,523.74,51.491728,7.416853,159.97,10.70,0.00,344.04,0,-97,-16,0,0,45,0,0,197
80.03,1544433680,523.75,51.491728,7.416853,159.97,10.70,0.00,344.04,0,-101,-10,0,0,36,0,0,62
80.03,1544433680,523.76,51.491728,7.416853,159.97,10.70,0.00,344.04,0,-109,-16,0,0,35,0,0,339
83.03,1544433683,555.58,51.492014,7.416667,159.82,11.06,0.00,336.25,0,-95,-12,0,0,44,0,0,65
83.03,1544433683,555.59,51.492014,7.416667,159.82,11.06,0.00,336.25,0,-98,-16,0,0,44,0,0,385
84.03,1544433684,566.67,51.492101,7.416582,160.15,11.95,0.00,333.09,0,-95,-12,0,0,44,0,0,65
84.03,1544433684,566.68,51.492101,7.416582,160.15,11.95,0.00,333.09,0,-98,-16,0,0,44,0,0,385
85.03,1544433685,578.63,51.492179,7.416505,159.72,11.73,0.00,331.66,0,-96,-16,0,0,46,0,0,275
85.03,1544433685,578.63,51.492179,7.416505,159.72,11.73,0.00,331.66,0,-97,-17,0,0,46,0,0,278
85.03,1544433685,578.64,51.492179,7.416505,159.72,11.73,0.00,331.66,0,-100,-19,0,0,46,0,0,385
85.03,1544433685,578.65,51.492179,7.416505,159.72,11.73,0.00,331.66,0,-102,-13,0,0,37,0,0,62
86.03,1544433686,590.35,51.492262,7.416427,159.37,11.85,0.00,331.26,0,-96,-16,0,0,46,0,0,275
86.03,1544433686,590.36,51.492262,7.416427,159.37,11.85,0.00,331.26,0,-97,-17,0,0,46,0,0,278
86.03,1544433686,590.36,51.492262,7.416427,159.37,11.85,0.00,331.26,0,-100,-19,0,0,46,0,0,385
86.03,1544433686,590.37,51.492262,7.416427,159.37,11.85,0.00,331.26,0,-102,-13,0,0,37,0,0,62
87.03,1544433687,602.23,51.492349,7.416349,158.65,12.37,0.00,332.52,0,-97,-15,0,0,43,0,0,275
87.03,1544433687,602.24,51.492349,7.416349,158.65,12.37,0.00,332.52,0,-101,-19,0,0,44,0,0,52
87.03,1544433687,602.25,51.492349,7.416349,158.65,12.37,0.00,332.52,0,-101,-19,0,0,43,0,0,211
87.04,1544433687,602.27,51.492349,7.416349,158.65,12.37,0.00,332.52,0,-102,-12,0,0,35,0,0,62
87.04,1544433687,602.27,51.492349,7.416349,158.65,12.37,0.00,332.52,0,-105,-13,0,0,35,0,0,306
87.04,1544433687,602.28,51.492349,7.416349,158.65,12.37,0.00,332.52,0,-108,-16,0,0,34,0,0,339
88.03,1544433688,614.60,51.492456,7.416269,157.81,12.67,0.00,335.18,0,-97,-15,0,0,43,0,0,275
88.03,1544433688,614.60,51.492456,7.416269,157.81,12.67,0.00,335.18,0,-101,-19,0,0,44,0,0,52
88.03,1544433688,614.61,51.492456,7.416269,157.81,12.67,0.00,335.18,0,-101,-19,0,0,43,0,0,211
88.03,1544433688,614.62,51.492456,7.416269,157.81,12.67,0.00,335.18,0,-102,-12,0,0,35,0,0,62
88.03,1544433688,614.62,51.492456,7.416269,157.81,12.67,0.00,335.18,0,-105,-13,0,0,35,0,0,306
88.04,1544433688,614.64,51.492456,7.416269,157.81,12.67,0.00,335.18,0,-108,-16,0,0,34,0,0,339
91.03,1544433691,651.65,51.492764,7.416141,155.76,11.01,0.00,354.30,0,-100,-9,0,0,35,0,0,62
91.03,1544433691,651.66,51.492764,7.416141,155.76,11.01,0.00,354.30,0,-107,-12,0,0,32,0,0,146
92.03,1544433692,662.66,51.492866,7.416116,155.58,11.18,0.00,352.38,0,-100,-9,0,0,35,0,0,62
92.03,1544433692,662.67,51.492866,7.416116,155.58,11.18,0.00,352.38,0,-107,-12,0,0,32,0,0,146
96.03,1544433696,709.07,51.493302,7.415987,155.68,12.66,0.00,350.49,0,-102,-13,0,0,37,0,0,34
96.03,1544433696,709.08,51.493302,7.415987,155.68,12.66,0.00,350.49,0,-105,-19,0,0,40,0,0,197
96.03,1544433696,709.10,51.493302,7.415987,155.68,12.66,0.00,350.49,0,-105,-17,0,0,37,0,0,37
97.03,1544433697,721.75,51.493421,7.415939,155.92,13.04,0.00,349.94,0,-102,-13,0,0,37,0,0,34
97.03,1544433697,721.76,51.493421,7.415939,155.92,13.04,0.00,349.94,0,-105,-19,0,0,40,0,0,197
97.03,1544433697,721.76,51.493421,7.415939,155.92,13.04,0.00,349.94,0,-105,-17,0,0,37,0,0,37
98.03,1544433698,734.80,51.493536,7.415898,156.17,13.00,0.00,349.38,0,-100,-13,0,0,38,0,0,34
98.03,1544433698,734.80,51.493536,7.415898,156.17,13.00,0.00,349.38,0,-106,-20,0,0,40,0,0,37
98.03,1544433698,734.81,51.493536,7.415898,156.17,13.00,0.00,349.38,0,-106,-19,0,0,39,0,0,38
99.03,1544433699,747.78,51.493648,7.415856,156.76,12.62,0.00,348.47,0,-100,-13,0,0,38,0,0,34
99.03,1544433699,747.79,51.493648,7.415856,156.76,12.62,0.00,348.47,0,-106,-20,0,0,40,0,0,37
99.03,1544433699,747.79,51.493648,7.415856,156.76,12.62,0.00,348.47,0,-106,-19,0,0,39,0,0,38
100.03,1544433700,760.40,51.493758,7.415813,157.43,12.52,0.00,348.08,0,-100,-13,0,0,39,0,0,34
100.03,1544433700,760.41,51.493758,7.415813,157.43,12.52,0.00,348.08,0,-104,-19,0,0,41,0,0,37
100.03,1544433700,760.41,51.493758,7.415813,157.43,12.52,0.00,348.08,0,-105,-17,0,0,38,0,0,38
101.03,1544433701,772.92,51.493875,7.415767,157.68,12.39,0.00,347.41,0,-100,-13,0,0,39,0,0,34
101.03,1544433701,772.93,51.493875,7.415767,157.68,12.39,0.00,347.41,0,-104,-19,0,0,41,0,0,37
101.03,1544433701,772.95,51.493875,7.415767,157.68,12.39,0.00,347.41,0,-105,-17,0,0,38,0,0,38
102.03,1544433702,785.33,51.493983,7.415717,157.85,12.19,0.00,345.47,0,-102,-18,0,0,42,0,0,38
102.03,1544433702,785.35,51.493983,7.415717,157.85,12.19,0.00,345.47,0,-103,-19,0,0,42,0,0,37
102.03,1544433702,785.36,51.493983,7.415717,157.85,12.19,0.00,345.47,0,-111,-15,0,0,30,0,0,62
102.03,1544433702,785.36,51.493983,7.415717,157.85,12.19,0.00,345.47,0,-114,-18,0,0,30,0,0,375
102.04,1544433702,785.37,51.493983,7.415717,157.85,12.19,0.00,345.47,0,-114,-16,0,0,29,0,0,367
103.03,1544433703,797.53,51.494091,7.415668,157.86,11.88,0.00,345.27,0,-102,-18,0,0,42,0,0,38
103.03,1544433703,797.54,51.494091,7.415668,157.86,11.88,0.00,345.27,0,-103,-19,0,0,42,0,0,37
103.03,1544433703,797.54,51.494091,7.415668,157.86,11.88,0.00,345.27,0,-111,-15,0,0,30,0,0,62
103.04,1544433703,797.56,51.494091,7.415668,157.86,11.88,0.00,345.27,0,-114,-18,0,0,30,0,0,375
103.04,1544433703,797.57,51.494091,7.415668,157.86,11.88,0.00,345.27,0,-114,-16,0,0,29,0,0,367
104.03,1544433704,809.40,51.494191,7.415623,158.05,10.61,0.00,346.10,0,-103,-16,0,0,39,0,0,37
104.03,1544433704,809.41,51.494191,7.415623,158.05,10.61,0.00,346.10,0,-103,-17,0,0,39,0,0,38
104.03,1544433704,809.42,51.494191,7.415623,158.05,10.61,0.00,346.10,0,-105,-20,0,0,40,0,0,275
104.04,1544433704,809.43,51.494191,7.415623,158.05,10.61,0.00,346.10,0,-114,-14,0,0,26,0,0,62
104.04,1544433704,809.44,51.494191,7.415623,158.05,10.61,0.00,346.10,0,-116,-16,0,0,26,0,0,16
104.04,1544433704,809.44,51.494191,7.415623,158.05,10.61,0.00,346.10,0,-117,-16,0,0,26,0,0,306
105.03,1544433705,820.02,51.494287,7.415577,157.93,8.91,0.00,346.45,0,-103,-16,0,0,39,0,0,37
105.03,1544433705,820.03,51.494287,7.415577,157.93,8.91,0.00,346.45,0,-103,-17,0,0,39,0,0,38
105.04,1544433705,820.04,51.494287,7.415577,157.93,8.91,0.00,346.45,0,-105,-20,0,0,40,0,0,275
105.04,1544433705,820.04,51.494287,7.415577,157.93,8.91,0.00,346.45,0,-114,-14,0,0,26,0,0,62
105.04,1544433705,820.05,51.494287,7.415577,157.93,8.91,0.00,346.45,0,-116,-16,0,0,26,0,0,16
105.04,1544433705,820.06,51.494287,7.415577,157.93,8.91,0.00,346.45,0,-117,-16,0,0,26,0,0,306
106.03,1544433706,828.86,51.494363,7.415542,158.04,8.14,0.00,346.44,0,-100,-17,0,0,44,0,0,38
106.03,1544433706,828.87,51.494363,7.415542,158.04,8.14,0.00,346.44,0,-100,-18,0,0,44,0,0,37
107.03,1544433707,837.04,51.494428,7.415511,158.29,7.11,0.00,345.66,0,-100,-17,0,0,44,0,0,38
107.03,1544433707,837.05,51.494428,7.415511,158.29,7.11,0.00,345.66,0,-100,-18,0,0,44,0,0,37
108.03,1544433708,844.16,51.494480,7.415459,158.49,6.58,0.00,327.47,0,-96,-16,0,0,46,0,0,37
108.03,1544433708,844.17,51.494480,7.415459,158.49,6.58,0.00,327.47,0,-97,-17,0,0,45,0,0,38
109.03,1544433709,850.73,51.494522,7.415367,158.64,6.72,0.00,301.88,0,-96,-16,0,0,46,0,0,37
109.03,1544433709,850.74,51.494522,7.415367,158.64,6.72,0.00,301.88,0,-97,-17,0,0,45,0,0,38
110.03,1544433710,857.47,51.494537,7.415267,158.50,8.10,0.00,276.66,0,-96,-16,0,0,46,0,0,38
110.03,1544433710,857.48,51.494537,7.415267,158.50,8.10,0.00,276.66,0,-97,-17,0,0,46,0,0,37
110.03,1544433710,857.49,51.494537,7.415267,158.50,8.10,0.00,276.66,0,0,0,0,0,63,0,0,303
111.04,1544433711,865.63,51.494523,7.415185,157.99,8.82,0.00,255.91,0,-96,-16,0,0,46,0,0,38
111.04,1544433711,865.63,51.494523,7.415185,157.99,8.82,0.00,255.91,0,-97,-17,0,0,46,0,0,37
111.04,1544433711,865.64,51.494523,7.415185,157.99,8.82,0.00,255.91,0,0,0,0,0,63,0,0,303
112.03,1544433712,874.39,51.494504,7.415034,157.78,9.90,0.00,258.03,0,-99,-18,0,0,44,0,0,37
112.03,1544433712,874.40,51.494504,7.415034,157.78,9.90,0.00,258.03,0,-99,-18,0,0,44,0,0,38
112.03,1544433712,874.40,51.494504,7.415034,157.78,9.90,0.00,258.03,0,-102,-20,0,0,44,0,0,65
112.03,1544433712,874.41,51.494504,7.415034,157.78,9.90,0.00,258.03,0,0,0,0,0,63,0,0,303
113.03,1544433713,884.30,51.494481,7.414879,157.77,11.34,0.00,258.37,0,-99,-18,0,0,44,0,0,37
113.03,1544433713,884.31,51.494481,7.414879,157.77,11.34,0.00,258.37,0,-99,-18,0,0,44,0,0,38
113.03,1544433713,884.31,51.494481,7.414879,157.77,11.34,0.00,258.37,0,-102,-20,0,0,44,0,0,65
113.03,1544433713,884.33,51.494481,7.414879,157.77,11.34,0.00,258.37,0,0,0,0,0,63,0,0,303
114.04,1544433714,895.69,51.494463,7.414714,157.68,12.29,0.00,258.38,0,-103,-20,0,0,42,0,0,38
115.03,1544433715,907.89,51.494438,7.414538,157.15,13.12,0.00,258.21,0,-103,-20,0,0,42,0,0,38
116.03,1544433716,921.01,51.494413,7.414352,156.37,13.55,0.00,258.07,0,-103,-20,0,0,42,0,0,38
117.03,1544433717,934.62,51.494386,7.414156,155.75,13.69,0.00,257.29,0,-101,-20,0,0,44,0,0,275
117.03,1544433717,934.63,51.494386,7.414156,155.75,13.69,0.00,257.29,0,-101,-19,0,0,43,0,0,65
117.03,1544433717,934.63,51.494386,7.414156,155.75,13.69,0.00,257.29,0,-102,-20,0,0,44,0,0,38
118.03,1544433718,948.29,51.494360,7.413972,155.01,13.59,0.00,257.78,0,-101,-20,0,0,44,0,0,275
118.03,1544433718,948.31,51.494360,7.413972,155.01,13.59,0.00,257.78,0,-101,-19,0,0,43,0,0,65
118.03,1544433718,948.32,51.494360,7.413972,155.01,13.59,0.00,257.78,0,-102,-20,0,0,44,0,0,38
119.03,1544433719,961.89,51.494332,7.413767,154.53,13.70,0.00,257.56,0,-100,-17,0,0,43,0,0,275
119.03,1544433719,961.90,51.494332,7.413767,154.53,13.70,0.00,257.56,0,-101,-17,0,0,42,0,0,38
119.03,1544433719,961.91,51.494332,7.413767,154.53,13.70,0.00,257.56,0,-103,-19,0,0,42,0,0,65
120.03,1544433720,975.59,51.494306,7.413564,154.55,13.38,0.00,257.42,0,-100,-17,0,0,43,0,0,275
120.03,1544433720,975.59,51.494306,7.413564,154.55,13.38,0.00,257.42,0,-101,-17,0,0,42,0,0,38
120.03,1544433720,975.60,51.494306,7.413564,154.55,13.38,0.00,257.42,0,-103,-19,0,0,42,0,0,65
121.03,1544433721,988.95,51.494283,7.413368,154.96,13.31,0.00,258.19,0,-99,-17,0,0,44,0,0,38
121.03,1544433721,988.95,51.494283,7.413368,154.96,13.31,0.00,258.19,0,-101,-19,0,0,44,0,0,65
122.03,1544433722,1002.26,51.494260,7.413178,155.36,13.58,0.00,258.12,0,-99,-17,0,0,44,0,0,38
122.03,1544433722,1002.28,51.494260,7.413178,155.36,13.58,0.00,258.12,0,-101,-19,0,0,44,0,0,65
123.03,1544433723,1015.89,51.494237,7.412994,155.88,13.77,0.00,258.16,0,-94,-14,0,0,45,0,0,38
123.03,1544433723,1015.89,51.494237,7.412994,155.88,13.77,0.00,258.16,0,-98,-18,0,0,46,0,0,37
123.03,1544433723,1015.90,51.494237,7.412994,155.88,13.77,0.00,258.16,0,-99,-19,0,0,45,0,0,65
123.04,1544433723,1015.92,51.494237,7.412994,155.88,13.77,0.00,258.16,0,-114,-16,0,0,29,0,0,450
123.04,1544433723,1015.92,51.494237,7.412994,155.88,13.77,0.00,258.16,0,-114,-17,0,0,29,0,0,367
123.04,1544433723,1015.93,51.494237,7.412994,155.88,13.77,0.00,258.16,0,-115,-18,0,0,29,0,0,17
124.03,1544433724,1029.67,51.494215,7.412806,156.35,14.16,0.00,257.65,0,-94,-14,0,0,45,0,0,38
124.04,1544433724,1029.69,51.494215,7.412806,156.35,14.16,0.00,257.65,0,-98,-18,0,0,46,0,0,37
124.04,1544433724,1029.69,51.494215,7.412806,156.35,14.16,0.00,257.65,0,-99,-19,0,0,45,0,0,65
124.04,1544433724,1029.70,51.494215,7.412806,156.35,14.16,0.00,257.65,0,-114,-16,0,0,29,0,0,450
124.04,1544433724,1029.71,51.494215,7.412806,156.35,14.16,0.00,257.65,0,-114,-17,0,0,29,0,0,367
124.04,1544433724,1029.71,51.494215,7.412806,156.35,14.16,0.00,257.65,0,-115,-18,0,0,29,0,0,17
125.03,1544433725,1043.79,51.494191,7.412609,156.85,14.21,0.00,257.95,0,-94,-13,0,0,46,0,0,38
125.03,1544433725,1043.80,51.494191,7.412609,156.85,14.21,0.00,257.95,0,-99,-17,0,0,46,0,0,65
125.03,1544433725,1043.82,51.494191,7.412609,156.85,14.21,0.00,257.95,0,-100,-20,0,0,45,0,0,37
126.03,1544433726,1058.01,51.494165,7.412409,157.31,14.17,0.00,257.99,0,-94,-13,0,0,46,0,0,38
126.03,1544433726,1058.01,51.494165,7.412409,157.31,14.17,0.00,257.99,0,-99,-17,0,0,46,0,0,65
126.03,1544433726,1058.03,51.494165,7.412409,157.31,14.17,0.00,257.99,0,-100,-20,0,0,45,0,0,37
127.03,1544433727,1072.20,51.494143,7.412223,158.05,14.15,0.00,258.24,0,-97,-15,0,0,44,0,0,65
127.03,1544433727,1072.21,51.494143,7.412223,158.05,14.15,0.00,258.24,0,-97,-16,0,0,44,0,0,38
127.04,1544433727,1072.22,51.494143,7.412223,158.05,14.15,0.00,258.24,0,-101,-20,0,0,44,0,0,37
127.04,1544433727,1072.22,51.494143,7.412223,158.05,14.15,0.00,258.24,0,0,0,0,0,63,0,0,382
127.04,1544433727,1072.24,51.494143,7.412223,158.05,14.15,0.00,258.24,0,0,0,0,0,63,0,0,303
128.03,1544433728,1086.35,51.494121,7.412032,158.82,14.17,0.00,258.09,0,-97,-15,0,0,44,0,0,65
128.03,1544433728,1086.36,51.494121,7.412032,158.82,14.17,0.00,258.09,0,-97,-16,0,0,44,0,0,38
128.03,1544433728,1086.36,51.494121,7.412032,158.82,14.17,0.00,258.09,0,-101,-20,0,0,44,0,0,37
128.04,1544433728,1086.38,51.494121,7.412032,158.82,14.17,0.00,258.09,0,0,0,0,0,63,0,0,382
128.04,1544433728,1086.39,51.494121,7.412032,158.82,14.17,0.00,258.09,0,0,0,0,0,63,0,0,303
129.03,1544433729,1100.48,51.494093,7.411829,159.27,14.11,0.00,258.53,0,-96,-17,0,0,47,0,0,38
129.03,1544433729,1100.50,51.494093,7.411829,159.27,14.11,0.00,258.53,0,-97,-18,0,0,47,0,0,65
129.03,1544433729,1100.51,51.494093,7.411829,159.27,14.11,0.00,258.53,0,0,0,0,0,63,0,0,382
130.03,1544433730,1114.61,51.494064,7.411618,159.62,14.12,0.00,258.44,0,-96,-17,0,0,47,0,0,38
130.03,1544433730,1114.62,51.494064,7.411618,159.62,14.12,0.00,258.44,0,-97,-18,0,0,47,0,0,65
130.03,1544433730,1114.62,51.494064,7.411618,159.62,14.12,0.00,258.44,0,0,0,0,0,63,0,0,382
131.03,1544433731,1128.72,51.494034,7.411412,160.00,14.07,0.00,257.96,0,-96,-16,0,0,46,0,0,38
131.03,1544433731,1128.72,51.494034,7.411412,160.00,14.07,0.00,257.96,0,-98,-18,0,0,46,0,0,65
131.03,1544433731,1128.74,51.494034,7.411412,160.00,14.07,0.00,257.96,0,-99,-10,0,0,39,0,0,450
132.03,1544433732,1142.79,51.494006,7.411211,160.47,14.04,0.00,258.31,0,-96,-16,0,0,46,0,0,38
132.03,1544433732,1142.80,51.494006,7.411211,160.47,14.04,0.00,258.31,0,-98,-18,0,0,46,0,0,65
132.03,1544433732,1142.82,51.494006,7.411211,160.47,14.04,0.00,258.31,0,-99,-10,0,0,39,0,0,450
133.03,1544433733,1156.84,51.493977,7.411009,160.84,14.08,0.00,258.13,0,-95,-17,0,0,48,0,0,38
133.03,1544433733,1156.86,51.493977,7.411009,160.84,14.08,0.00,258.13,0,-98,-20,0,0,48,0,0,65
133.03,1544433733,1156.87,51.493977,7.411009,160.84,14.08,0.00,258.13,0,-102,-10,0,0,35,0,0,450
133.03,1544433733,1156.87,51.493977,7.411009,160.84,14.08,0.00,258.13,0,-109,-15,0,0,34,0,0,17
134.04,1544433734,1170.96,51.493947,7.410805,161.13,14.05,0.00,258.26,0,-95,-17,0,0,48,0,0,38
134.04,1544433734,1170.98,51.493947,7.410805,161.13,14.05,0.00,258.26,0,-98,-20,0,0,48,0,0,65
134.04,1544433734,1170.98,51.493947,7.410805,161.13,14.05,0.00,258.26,0,-102,-10,0,0,35,0,0,450
134.04,1544433734,1170.99,51.493947,7.410805,161.13,14.05,0.00,258.26,0,-109,-15,0,0,34,0,0,17
135.04,1544433735,1185.09,51.493917,7.410602,161.33,13.84,0.00,258.78,0,-93,-13,0,0,47,0,0,38
135.04,1544433735,1185.10,51.493917,7.410602,161.33,13.84,0.00,258.78,0,-97,-19,0,0,48,0,0,37
135.04,1544433735,1185.12,51.493917,7.410602,161.33,13.84,0.00,258.78,0,-98,-19,0,0,47,0,0,65
136.04,1544433736,1198.86,51.493891,7.410407,161.58,13.87,0.00,258.17,0,-93,-13,0,0,47,0,0,38
136.04,1544433736,1198.86,51.493891,7.410407,161.58,13.87,0.00,258.17,0,-97,-19,0,0,48,0,0,37
136.04,1544433736,1198.88,51.493891,7.410407,161.58,13.87,0.00,258.17,0,-98,-19,0,0,47,0,0,65
137.03,1544433737,1212.68,51.493862,7.410208,161.78,14.04,0.00,258.23,0,-93,-13,0,0,47,0,0,38
137.03,1544433737,1212.68,51.493862,7.410208,161.78,14.04,0.00,258.23,0,-97,-19,0,0,48,0,0,37
137.03,1544433737,1212.69,51.493862,7.410208,161.78,14.04,0.00,258.23,0,-98,-19,0,0,47,0,0,65
138.03,1544433738,1226.70,51.493837,7.410017,161.94,14.01,0.00,258.11,0,-96,-16,0,0,45,0,0,38
138.03,1544433738,1226.71,51.493837,7.410017,161.94,14.01,0.00,258.11,0,-100,-19,0,0,45,0,0,65
139.03,1544433739,1240.73,51.493813,7.409832,162.25,13.89,0.00,257.87,0,-96,-16,0,0,45,0,0,38
139.03,1544433739,1240.74,51.493813,7.409832,162.25,13.89,0.00,257.87,0,-100,-19,0,0,45,0,0,65
140.03,1544433740,1254.61,51.493784,7.409628,162.51,14.03,0.00,258.15,0,-97,-17,0,0,46,0,0,65
140.03,1544433740,1254.63,51.493784,7.409628,162.51,14.03,0.00,258.15,0,-99,-19,0,0,46,0,0,38
141.05,1544433741,1268.84,51.493756,7.409430,162.77,13.98,0.00,257.72,0,-97,-17,0,0,46,0,0,65
141.05,1544433741,1268.86,51.493756,7.409430,162.77,13.98,0.00,257.72,0,-99,-19,0,0,46,0,0,38
142.03,1544433742,1282.61,51.493729,7.409231,162.85,13.87,0.00,258.08,0,-96,-18,0,0,49,0,0,38
142.03,1544433742,1282.62,51.493729,7.409231,162.85,13.87,0.00,258.08,0,-97,-19,0,0,49,0,0,65
142.03,1544433742,1282.64,51.493729,7.409231,162.85,13.87,0.00,258.08,0,-101,-12,0,0,37,0,0,450
142.03,1544433742,1282.64,51.493729,7.409231,162.85,13.87,0.00,258.08,0,-105,-17,0,0,38,0,0,76
143.03,1544433743,1296.51,51.493701,7.409024,162.80,13.87,0.00,258.15,0,-96,-18,0,0,49,0,0,38
143.03,1544433743,1296.52,51.493701,7.409024,162.80,13.87,0.00,258.15,0,-97,-19,0,0,49,0,0,65
143.03,1544433743,1296.54,51.493701,7.409024,162.80,13.87,0.00,258.15,0,-101,-12,0,0,37,0,0,450
143.03,1544433743,1296.54,51.493701,7.409024,162.80,13.87,0.00,258.15,0,-105,-17,0,0,38,0,0,76
144.03,1544433744,1310.38,51.493674,7.408819,162.76,14.09,0.00,258.29,0,-96,-14,0,0,44,0,0,38
144.03,1544433744,1310.39,51.493674,7.408819,162.76,14.09,0.00,258.29,0,-99,-17,0,0,44,0,0,65
144.03,1544433744,1310.40,51.493674,7.408819,162.76,14.09,0.00,258.29,0,-100,-9,0,0,35,0,0,450
144.03,1544433744,1310.40,51.493674,7.408819,162.76,14.09,0.00,258.29,0,-105,-14,0,0,34,0,0,76
145.03,1544433745,1324.47,51.493648,7.408624,162.75,14.38,0.00,258.13,0,-96,-14,0,0,44,0,0,38
145.03,1544433745,1324.47,51.493648,7.408624,162.75,14.38,0.00,258.13,0,-99,-17,0,0,44,0,0,65
145.03,1544433745,1324.49,51.493648,7.408624,162.75,14.38,0.00,258.13,0,-100,-9,0,0,35,0,0,450
145.03,1544433745,1324.50,51.493648,7.408624,162.75,14.38,0.00,258.13,0,-105,-14,0,0,34,0,0,76
146.03,1544433746,1338.83,51.493619,7.408424,163.00,14.75,0.00,258.11,0,-95,-15,0,0,47,0,0,38
146.03,1544433746,1338.85,51.493619,7.408424,163.00,14.75,0.00,258.11,0,-98,-19,0,0,47,0,0,65
146.03,1544433746,1338.86,51.493619,7.408424,163.00,14.75,0.00,258.11,0,-96,-10,0,0,40,0,0,450
147.03,1544433747,1353.58,51.493588,7.408210,163.20,14.75,0.00,258.07,0,-95,-15,0,0,47,0,0,38
147.03,1544433747,1353.60,51.493588,7.408210,163.20,14.75,0.00,258.07,0,-98,-19,0,0,47,0,0,65
147.03,1544433747,1353.61,51.493588,7.408210,163.20,14.75,0.00,258.07,0,-96,-10,0,0,40,0,0,450
148.03,1544433748,1368.35,51.493561,7.408004,163.40,14.43,0.00,258.36,0,-97,-15,0,0,43,0,0,38
148.03,1544433748,1368.35,51.493561,7.408004,163.40,14.43,0.00,258.36,0,-100,-17,0,0,43,0,0,65
148.03,1544433748,1368.36,51.493561,7.408004,163.40,14.43,0.00,258.36,0,-92,-8,0,0,43,0,0,450
149.03,1544433749,1382.80,51.493533,7.407805,163.89,14.03,0.00,258.05,0,-97,-15,0,0,43,0,0,38
149.03,1544433749,1382.81,51.493533,7.407805,163.89,14.03,0.00,258.05,0,-100,-17,0,0,43,0,0,65
149.04,1544433749,1382.84,51.493533,7.407805,163.89,14.03,0.00,258.05,0,-92,-8,0,0,43,0,0,450
150.04,1544433750,1396.96,51.493508,7.407612,164.27,13.90,0.00,257.89,0,-99,-16,0,0,43,0,0,38
150.04,1544433750,1396.96,51.493508,7.407612,164.27,13.90,0.00,257.89,0,-100,-17,0,0,43,0,0,65
150.04,1544433750,1396.98,51.493508,7.407612,164.27,13.90,0.00,257.89,0,-92,-8,0,0,43,0,0,450
150.05,1544433750,1396.99,51.493508,7.407612,164.27,13.90,0.00,257.89,0,0,0,0,0,63,0,0,149
150.05,1544433750,1396.99,51.493508,7.407612,164.27,13.90,0.00,257.89,0,0,0,0,0,63,0,0,382
150.05,1544433750,1397.00,51.493508,7.407612,164.27,13.90,0.00,257.89,0,-225,-225,0,0,63,0,0,130
151.03,1544433751,1410.73,51.493484,7.407422,164.54,14.00,0.00,258.38,0,-99,-16,0,0,43,0,0,38
151.03,1544433751,1410.74,51.493484,7.407422,164.54,14.00,0.00,258.38,0,-100,-17,0,0,43,0,0,65
151.03,1544433751,1410.74,51.493484,7.407422,164.54,14.00,0.00,258.38,0,-92,-8,0,0,43,0,0,450
151.04,1544433751,1410.76,51.493484,7.407422,164.54,14.00,0.00,258.38,0,0,0,0,0,63,0,0,149
151.04,1544433751,1410.77,51.493484,7.407422,164.54,14.00,0.00,258.38,0,0,0,0,0,63,0,0,382
151.04,1544433751,1410.77,51.493484,7.407422,164.54,14.00,0.00,258.38,0,-225,-225,0,0,63,0,0,130
152.03,1544433752,1424.73,51.493458,7.407212,164.79,14.32,0.00,258.24,0,-98,-17,0,0,45,0,0,38
152.03,1544433752,1424.74,51.493458,7.407212,164.79,14.32,0.00,258.24,0,-99,-17,0,0,45,0,0,65
152.04,1544433752,1424.75,51.493458,7.407212,164.79,14.32,0.00,258.24,0,-88,-10,0,0,49,0,0,450
152.04,1544433752,1424.77,51.493458,7.407212,164.79,14.32,0.00,258.24,0,0,0,0,0,63,0,0,149
152.04,1544433752,1424.77,51.493458,7.407212,164.79,14.32,0.00,258.24,0,0,0,0,0,63,0,0,382
153.03,1544433753,1439.04,51.493430,7.407015,165.19,14.29,0.00,257.95,0,-98,-17,0,0,45,0,0,38
153.03,1544433753,1439.06,51.493430,7.407015,165.19,14.29,0.00,257.95,0,-99,-17,0,0,45,0,0,65
153.04,1544433753,1439.07,51.493430,7.407015,165.19,14.29,0.00,257.95,0,-88,-10,0,0,49,0,0,450
153.04,1544433753,1439.09,51.493430,7.407015,165.19,14.29,0.00,257.95,0,0,0,0,0,63,0,0,149
153.04,1544433753,1439.09,51.493430,7.407015,165.19,14.29,0.00,257.95,0,0,0,0,0,63,0,0,382
154.03,1544433754,1453.32,51.493405,7.406818,165.95,13.42,0.00,257.23,0,-97,-16,0,0,45,0,0,38
154.03,1544433754,1453.33,51.493405,7.406818,165.95,13.42,0.00,257.23,0,-100,-20,0,0,45,0,0,65
154.03,1544433754,1453.35,51.493405,7.406818,165.95,13.42,0.00,257.23,0,-88,-7,0,0,47,0,0,450
154.03,1544433754,1453.35,51.493405,7.406818,165.95,13.42,0.00,257.23,0,-225,-225,0,0,63,0,0,130
154.04,1544433754,1453.36,51.493405,7.406818,165.95,13.42,0.00,257.23,0,0,0,0,0,63,0,0,149
154.04,1544433754,1453.37,51.493405,7.406818,165.95,13.42,0.00,257.23,0,0,0,0,0,63,0,0,382
155.03,1544433755,1466.75,51.493378,7.406609,166.95,13.81,0.00,257.85,0,-97,-16,0,0,45,0,0,38
155.03,1544433755,1466.77,51.493378,7.406609,166.95,13.81,0.00,257.85,0,-100,-20,0,0,45,0,0,65
155.03,1544433755,1466.77,51.493378,7.406609,166.95,13.81,0.00,257.85,0,-88,-7,0,0,47,0,0,450
155.04,1544433755,1466.78,51.493378,7.406609,166.95,13.81,0.00,257.85,0,-225,-225,0,0,63,0,0,130
155.04,1544433755,1466.79,51.493378,7.406609,166.95,13.81,0.00,257.85,0,0,0,0,0,63,0,0,149
155.04,1544433755,1466.79,51.493378,7.406609,166.95,13.81,0.00,257.85,0,0,0,0,0,63,0,0,382
156.04,1544433756,1480.67,51.493350,7.406405,167.84,14.09,0.00,258.15,0,-99,-18,0,0,45,0,0,38
156.04,1544433756,1480.69,51.493350,7.406405,167.84,14.09,0.00,258.15,0,-89,-11,0,0,49,0,0,450
156.04,1544433756,1480.69,51.493350,7.406405,167.84,14.09,0.00,258.15,0,-225,-225,0,0,63,0,0,130
156.04,1544433756,1480.70,51.493350,7.406405,167.84,14.09,0.00,258.15,0,0,0,0,0,63,0,0,382
156.04,1544433756,1480.71,51.493350,7.406405,167.84,14.09,0.00,258.15,0,0,0,0,0,63,0,0,149
157.03,1544433757,1494.63,51.493323,7.406204,168.48,14.37,0.00,257.93,0,-99,-18,0,0,45,0,0,38
157.03,1544433757,1494.63,51.493323,7.406204,168.48,14.37,0.00,257.93,0,-89,-11,0,0,49,0,0,450
157.03,1544433757,1494.65,51.493323,7.406204,168.48,14.37,0.00,257.93,0,-225,-225,0,0,63,0,0,130
157.03,1544433757,1494.66,51.493323,7.406204,168.48,14.37,0.00,257.93,0,0,0,0,0,63,0,0,382
157.03,1544433757,1494.66,51.493323,7.406204,168.48,14.37,0.00,257.93,0,0,0,0,0,63,0,0,149
158.03,1544433758,1509.00,51.493295,7.405998,168.96,14.34,0.00,257.74,0,-99,-18,0,0,45,0,0,38
158.03,1544433758,1509.02,51.493295,7.405998,168.96,14.34,0.00,257.74,0,-89,-11,0,0,49,0,0,450
158.03,1544433758,1509.03,51.493295,7.405998,168.96,14.34,0.00,257.74,0,-225,-225,0,0,63,0,0,130
158.03,1544433758,1509.03,51.493295,7.405998,168.96,14.34,0.00,257.74,0,0,0,0,0,63,0,0,382
158.04,1544433758,1509.05,51.493295,7.405998,168.96,14.34,0.00,257.74,0,0,0,0,0,63,0,0,149
159.03,1544433759,1523.32,51.493267,7.405793,169.24,14.38,0.00,257.91,0,-99,-20,0,0,47,0,0,35
159.03,1544433759,1523.33,51.493267,7.405793,169.24,14.38,0.00,257.91,0,-84,-12,0,0,53,0,0,450
160.03,1544433760,1537.70,51.493239,7.405592,169.32,14.47,0.00,257.78,0,-99,-20,0,0,47,0,0,35
160.03,1544433760,1537.71,51.493239,7.405592,169.32,14.47,0.00,257.78,0,-84,-12,0,0,53,0,0,450
161.03,1544433761,1552.19,51.493216,7.405402,169.28,14.51,0.00,257.93,0,-96,-17,0,0,47,0,0,35
161.03,1544433761,1552.19,51.493216,7.405402,169.28,14.51,0.00,257.93,0,-91,-12,0,0,48,0,0,450
162.04,1544433762,1566.79,51.493193,7.405205,169.06,14.65,0.00,257.93,0,-96,-17,0,0,47,0,0,35
162.04,1544433762,1566.80,51.493193,7.405205,169.06,14.65,0.00,257.93,0,-91,-12,0,0,48,0,0,450
163.03,1544433763,1581.35,51.493169,7.405005,168.67,14.46,0.00,258.12,0,-105,-20,0,0,41,0,0,38
163.03,1544433763,1581.37,51.493169,7.405005,168.67,14.46,0.00,258.12,0,-105,-20,0,0,40,0,0,65
163.03,1544433763,1581.37,51.493169,7.405005,168.67,14.46,0.00,258.12,0,-94,-11,0,0,45,0,0,450
163.03,1544433763,1581.38,51.493169,7.405005,168.67,14.46,0.00,258.12,0,-97,-13,0,0,45,0,0,313
164.03,1544433764,1595.79,51.493145,7.404808,168.31,14.19,0.00,258.19,0,-105,-20,0,0,41,0,0,38
164.03,1544433764,1595.81,51.493145,7.404808,168.31,14.19,0.00,258.19,0,-105,-20,0,0,40,0,0,65
164.03,1544433764,1595.81,51.493145,7.404808,168.31,14.19,0.00,258.19,0,-94,-11,0,0,45,0,0,450
164.03,1544433764,1595.82,51.493145,7.404808,168.31,14.19,0.00,258.19,0,-97,-13,0,0,45,0,0,313
165.03,1544433765,1609.98,51.493119,7.404608,168.04,14.00,0.00,257.53,0,-105,-19,0,0,40,0,0,38
165.03,1544433765,1610.00,51.493119,7.404608,168.04,14.00,0.00,257.53,0,-105,-19,0,0,40,0,0,35
165.03,1544433765,1610.00,51.493119,7.404608,168.04,14.00,0.00,257.53,0,-88,-11,0,0,50,0,0,450
166.03,1544433766,1623.98,51.493093,7.404409,167.79,13.89,0.00,257.99,0,-105,-19,0,0,40,0,0,38
166.03,1544433766,1623.99,51.493093,7.404409,167.79,13.89,0.00,257.99,0,-105,-19,0,0,40,0,0,35
166.03,1544433766,1624.01,51.493093,7.404409,167.79,13.89,0.00,257.99,0,-88,-11,0,0,50,0,0,450
167.03,1544433767,1637.88,51.493067,7.404210,167.64,13.79,0.00,257.96,0,-104,-19,0,0,40,0,0,436
167.03,1544433767,1637.90,51.493067,7.404210,167.64,13.79,0.00,257.96,0,-105,-19,0,0,40,0,0,38
167.03,1544433767,1637.91,51.493067,7.404210,167.64,13.79,0.00,257.96,0,-106,-20,0,0,40,0,0,35
167.03,1544433767,1637.91,51.493067,7.404210,167.64,13.79,0.00,257.96,0,-90,-12,0,0,48,0,0,450
168.03,1544433768,1651.68,51.493040,7.404013,167.43,13.55,0.00,258.55,0,-104,-19,0,0,40,0,0,436
168.03,1544433768,1651.68,51.493040,7.404013,167.43,13.55,0.00,258.55,0,-105,-19,0,0,40,0,0,38
168.03,1544433768,1651.70,51.493040,7.404013,167.43,13.55,0.00,258.55,0,-106,-20,0,0,40,0,0,35
168.03,1544433768,1651.71,51.493040,7.404013,167.43,13.55,0.00,258.55,0,-90,-12,0,0,48,0,0,450
169.03,1544433769,1665.22,51.493020,7.403826,167.17,13.36,0.00,259.73,0,-105,-18,0,0,38,0,0,35
169.03,1544433769,1665.23,51.493020,7.403826,167.17,13.36,0.00,259.73,0,-105,-19,0,0,39,0,0,436
169.03,1544433769,1665.25,51.493020,7.403826,167.17,13.36,0.00,259.73,0,-106,-19,0,0,39,0,0,38
169.03,1544433769,1665.26,51.493020,7.403826,167.17,13.36,0.00,259.73,0,-92,-10,0,0,45,0,0,450
169.03,1544433769,1665.26,51.493020,7.403826,167.17,13.36,0.00,259.73,0,0,0,0,0,63,0,0,130
170.03,1544433770,1678.59,51.493004,7.403639,166.85,13.36,0.00,261.48,0,-105,-18,0,0,38,0,0,35
170.03,1544433770,1678.59,51.493004,7.403639,166.85,13.36,0.00,261.48,0,-105,-19,0,0,39,0,0,436
170.03,1544433770,1678.61,51.493004,7.403639,166.85,13.36,0.00,261.48,0,-106,-19,0,0,39,0,0,38
170.03,1544433770,1678.62,51.493004,7.403639,166.85,13.36,0.00,261.48,0,-92,-10,0,0,45,0,0,450
170.04,1544433770,1678.63,51.493004,7.403639,166.85,13.36,0.00,261.48,0,0,0,0,0,63,0,0,130
171.03,1544433771,1691.95,51.492991,7.403441,166.51,13.60,0.00,263.03,0,-98,-15,0,0,43,0,0,35
171.03,1544433771,1691.97,51.492991,7.403441,166.51,13.60,0.00,263.03,0,-100,-18,0,0,44,0,0,398
171.03,1544433771,1691.98,51.492991,7.403441,166.51,13.60,0.00,263.03,0,-93,-10,0,0,44,0,0,450
171.03,1544433771,1691.98,51.492991,7.403441,166.51,13.60,0.00,263.03,0,0,0,0,0,63,0,0,130
172.03,1544433772,1705.54,51.492981,7.403251,166.08,14.03,0.00,264.60,0,-98,-15,0,0,43,0,0,35
172.03,1544433772,1705.54,51.492981,7.403251,166.08,14.03,0.00,264.60,0,-100,-18,0,0,44,0,0,398
172.03,1544433772,1705.55,51.492981,7.403251,166.08,14.03,0.00,264.60,0,-93,-10,0,0,44,0,0,450
172.03,1544433772,1705.56,51.492981,7.403251,166.08,14.03,0.00,264.60,0,0,0,0,0,63,0,0,130
173.03,1544433773,1719.59,51.492976,7.403045,165.63,14.26,0.00,266.03,0,-100,-13,0,0,40,0,0,35
173.03,1544433773,1719.60,51.492976,7.403045,165.63,14.26,0.00,266.03,0,-100,-14,0,0,40,0,0,398
173.03,1544433773,1719.61,51.492976,7.403045,165.63,14.26,0.00,266.03,0,-105,-19,0,0,40,0,0,38
173.03,1544433773,1719.61,51.492976,7.403045,165.63,14.26,0.00,266.03,0,-92,-8,0,0,42,0,0,450
173.04,1544433773,1719.63,51.492976,7.403045,165.63,14.26,0.00,266.03,0,0,0,0,0,63,0,0,130
174.03,1544433774,1733.86,51.492973,7.402834,165.33,14.26,0.00,267.20,0,-100,-13,0,0,40,0,0,35
174.03,1544433774,1733.86,51.492973,7.402834,165.33,14.26,0.00,267.20,0,-100,-14,0,0,40,0,0,398
174.03,1544433774,1733.87,51.492973,7.402834,165.33,14.26,0.00,267.20,0,-105,-19,0,0,40,0,0,38
174.04,1544433774,1733.88,51.492973,7.402834,165.33,14.26,0.00,267.20,0,-92,-8,0,0,42,0,0,450
174.04,1544433774,1733.88,51.492973,7.402834,165.33,14.26,0.00,267.20,0,0,0,0,0,63,0,0,130
175.03,1544433775,1748.07,51.492972,7.402629,165.35,13.74,0.00,268.39,0,-103,-18,0,0,42,0,0,398
175.03,1544433775,1748.08,51.492972,7.402629,165.35,13.74,0.00,268.39,0,-103,-20,0,0,43,0,0,38
176.03,1544433776,1761.84,51.492975,7.402437,165.54,12.40,0.00,269.45,0,-103,-18,0,0,42,0,0,398
176.03,1544433776,1761.84,51.492975,7.402437,165.54,12.40,0.00,269.45,0,-103,-20,0,0,43,0,0,38
177.03,1544433777,1774.23,51.492979,7.402298,165.24,9.23,0.00,269.95,0,-97,-17,0,0,46,0,0,34
177.03,1544433777,1774.24,51.492979,7.402298,165.24,9.23,0.00,269.95,0,-99,-20,0,0,47,0,0,38
177.03,1544433777,1774.25,51.492979,7.402298,165.24,9.23,0.00,269.95,0,-91,-8,0,0,44,0,0,450
178.03,1544433778,1783.46,51.492983,7.402189,164.86,5.67,0.00,270.06,0,-97,-17,0,0,46,0,0,34
178.03,1544433778,1783.46,51.492983,7.402189,164.86,5.67,0.00,270.06,0,-99,-20,0,0,47,0,0,38
178.03,1544433778,1783.47,51.492983,7.402189,164.86,5.67,0.00,270.06,0,-91,-8,0,0,44,0,0,450
179.04,1544433779,1789.16,51.492990,7.402099,164.83,3.29,0.00,270.69,0,-96,-18,0,0,48,0,0,34
180.03,1544433780,1792.41,51.492994,7.402072,164.80,1.45,0.00,270.29,0,-96,-18,0,0,48,0,0,34
181.03,1544433781,1793.86,51.492994,7.402072,164.79,0.00,0.00,270.29,0,-96,-18,0,0,48,0,0,34
182.03,1544433782,1793.86,51.492994,7.402072,164.79,0.00,0.00,270.29,0,-96,-19,0,0,50,0,0,34
182.03,1544433782,1793.86,51.492994,7.402072,164.79,0.00,0.00,270.29,0,-96,-19,0,0,50,0,0,38
183.03,1544433783,1793.86,51.492994,7.402072,164.79,0.00,0.00,270.29,0,-96,-19,0,0,50,0,0,34
183.03,1544433783,1793.86,51.492994,7.402072,164.79,0.00,0.00,270.29,0,-96,-19,0,0,50,0,0,38
186.03,1544433786,1793.86,51.492994,7.402072,164.79,0.00,0.00,270.29,0,-95,-19,0,0,51,0,0,34
187.03,1544433787,1793.86,51.492994,7.402072,164.79,0.00,0.00,270.29,0,-95,-19,0,0,51,0,0,34
188.03,1544433788,1793.86,51.492994,7.402072,164.80,0.00,0.00,270.29,0,-94,-19,0,0,51,0,0,34
188.03,1544433788,1793.86,51.492994,7.402072,164.80,0.00,0.00,270.29,0,-93,-7,0,0,40,0,0,450
189.03,1544433789,1793.86,51.492994,7.402072,164.81,0.00,0.00,270.29,0,-94,-19,0,0,51,0,0,34
189.03,1544433789,1793.86,51.492994,7.402072,164.81,0.00,0.00,270.29,0,-93,-7,0,0,40,0,0,450
190.03,1544433790,1793.86,51.492994,7.402072,164.82,0.00,0.00,270.29,0,-96,-19,0,0,50,0,0,34
191.03,1544433791,1793.86,51.492994,7.402072,164.83,0.00,0.00,270.29,0,-96,-19,0,0,50,0,0,34
192.04,1544433792,1793.86,51.492994,7.402072,164.85,0.00,0.00,270.29,0,-94,-20,0,0,51,0,0,34
193.03,1544433793,1793.86,51.492994,7.402072,164.86,0.00,0.00,270.29,0,-94,-20,0,0,51,0,0,34
194.03,1544433794,1793.86,51.492994,7.402072,164.87,0.00,0.00,270.29,0,-96,-19,0,0,50,0,0,34
195.03,1544433795,1793.86,51.492994,7.402072,164.88,0.00,0.00,270.29,0,-96,-19,0,0,50,0,0,34
196.03,1544433796,1793.86,51.492994,7.402072,164.89,0.00,0.00,270.29,0,-92,-11,0,0,44,0,0,450
197.03,1544433797,1793.86,51.492994,7.402072,164.90,0.00,0.00,270.29,0,-92,-11,0,0,44,0,0,450
203.03,1544433803,1793.86,51.492994,7.402072,165.01,0.00,0.00,270.29,0,-96,-18,0,0,49,0,0,34
204.03,1544433804,1793.86,51.492994,7.402072,165.02,0.00,0.00,270.29,0,-96,-18,0,0,49,0,0,34
205.03,1544433805,1793.86,51.492994,7.402072,165.04,0.00,0.00,270.29,0,-97,-19,0,0,49,0,0,34
206.03,1544433806,1793.86,51.492994,7.402072,165.05,0.00,0.00,270.29,0,-97,-19,0,0,49,0,0,34
207.03,1544433807,1793.86,51.492994,7.402072,165.15,0.00,0.00,270.29,0,-95,-19,0,0,50,0,0,34
207.03,1544433807,1793.86,51.492994,7.402072,165.15,0.00,0.00,270.29,0,-93,-7,0,0,41,0,0,450
207.03,1544433807,1793.86,51.492994,7.402072,165.15,0.00,0.00,270.29,0,-100,-18,0,0,43,0,0,23
208.03,1544433808,1793.86,51.492994,7.402072,165.22,0.00,0.00,267.92,0,-95,-19,0,0,50,0,0,34
208.03,1544433808,1793.86,51.492994,7.402072,165.22,0.00,0.00,267.92,0,-93,-7,0,0,41,0,0,450
208.03,1544433808,1793.86,51.492994,7.402072,165.22,0.00,0.00,267.92,0,-100,-18,0,0,43,0,0,23
209.03,1544433809,1793.86,51.493002,7.401954,165.62,0.00,0.00,268.49,0,-97,-17,0,0,46,0,0,34
210.03,1544433810,1793.87,51.492987,7.401853,166.26,5.40,0.00,252.56,0,-97,-17,0,0,46,0,0,34
211.03,1544433811,1799.27,51.492956,7.401795,166.88,5.44,0.00,226.13,0,-95,-18,0,0,49,0,0,38
211.03,1544433811,1799.27,51.492956,7.401795,166.88,5.44,0.00,226.13,0,-96,-18,0,0,49,0,0,34
212.03,1544433812,1804.72,51.492903,7.401770,167.35,7.55,0.00,195.98,0,-95,-18,0,0,49,0,0,38
212.03,1544433812,1804.73,51.492903,7.401770,167.35,7.55,0.00,195.98,0,-96,-18,0,0,49,0,0,34
213.03,1544433813,1812.26,51.492841,7.401764,167.48,7.90,0.00,183.35,0,-97,-18,0,0,47,0,0,34
213.03,1544433813,1812.27,51.492841,7.401764,167.48,7.90,0.00,183.35,0,-97,-20,0,0,48,0,0,436
214.03,1544433814,1820.14,51.492768,7.401758,167.41,8.52,0.00,182.50,0,-97,-18,0,0,47,0,0,34
214.03,1544433814,1820.15,51.492768,7.401758,167.41,8.52,0.00,182.50,0,-97,-20,0,0,48,0,0,436
215.03,1544433815,1828.68,51.492698,7.401755,167.58,9.52,0.00,181.99,0,-98,-17,0,0,44,0,0,34
215.03,1544433815,1828.69,51.492698,7.401755,167.58,9.52,0.00,181.99,0,-100,-18,0,0,45,0,0,38
215.03,1544433815,1828.70,51.492698,7.401755,167.58,9.52,0.00,181.99,0,-101,-19,0,0,45,0,0,316
216.03,1544433816,1838.21,51.492608,7.401748,167.68,10.92,0.00,181.58,0,-98,-17,0,0,44,0,0,34
216.03,1544433816,1838.22,51.492608,7.401748,167.68,10.92,0.00,181.58,0,-100,-18,0,0,45,0,0,38
216.03,1544433816,1838.23,51.492608,7.401748,167.68,10.92,0.00,181.58,0,-101,-19,0,0,45,0,0,316
217.03,1544433817,1849.12,51.492508,7.401742,167.64,12.01,0.00,181.19,0,-100,-17,0,0,44,0,0,34
217.03,1544433817,1849.14,51.492508,7.401742,167.64,12.01,0.00,181.19,0,-100,-18,0,0,44,0,0,38
217.03,1544433817,1849.14,51.492508,7.401742,167.64,12.01,0.00,181.19,0,-90,-7,0,0,44,0,0,450
218.03,1544433818,1861.15,51.492390,7.401742,167.83,12.95,0.00,180.19,0,-100,-17,0,0,44,0,0,34
218.03,1544433818,1861.16,51.492390,7.401742,167.83,12.95,0.00,180.19,0,-100,-18,0,0,44,0,0,38
218.03,1544433818,1861.17,51.492390,7.401742,167.83,12.95,0.00,180.19,0,-90,-7,0,0,44,0,0,450
219.03,1544433819,1874.09,51.492274,7.401744,167.99,13.09,0.00,180.51,0,-101,-18,0,0,42,0,0,34
219.03,1544433819,1874.10,51.492274,7.401744,167.99,13.09,0.00,180.51,0,-102,-19,0,0,42,0,0,38
220.03,1544433820,1887.18,51.492162,7.401746,168.17,12.42,0.00,179.69,0,-101,-18,0,0,42,0,0,34
220.03,1544433820,1887.19,51.492162,7.401746,168.17,12.42,0.00,179.69,0,-102,-19,0,0,42,0,0,38
221.04,1544433821,1899.71,51.492054,7.401749,168.20,12.36,0.00,179.53,0,-103,-17,0,0,39,0,0,38
221.04,1544433821,1899.72,51.492054,7.401749,168.20,12.36,0.00,179.53,0,-104,-19,0,0,40,0,0,436
221.04,1544433821,1899.74,51.492054,7.401749,168.20,12.36,0.00,179.53,0,-106,-20,0,0,39,0,0,34
222.03,1544433822,1911.96,51.491937,7.401748,168.48,12.81,0.00,180.47,0,-103,-17,0,0,39,0,0,38
222.03,1544433822,1911.96,51.491937,7.401748,168.48,12.81,0.00,180.47,0,-104,-19,0,0,40,0,0,436
222.03,1544433822,1911.98,51.491937,7.401748,168.48,12.81,0.00,180.47,0,-106,-20,0,0,39,0,0,34
223.03,1544433823,1924.77,51.491823,7.401746,168.61,13.16,0.00,180.41,0,-103,-17,0,0,39,0,0,38
223.03,1544433823,1924.79,51.491823,7.401746,168.61,13.16,0.00,180.41,0,-104,-19,0,0,40,0,0,436
223.03,1544433823,1924.80,51.491823,7.401746,168.61,13.16,0.00,180.41,0,-106,-20,0,0,39,0,0,34
224.03,1544433824,1937.91,51.491699,7.401738,168.94,13.85,0.00,181.05,0,-104,-16,0,0,38,0,0,38
224.03,1544433824,1937.93,51.491699,7.401738,168.94,13.85,0.00,181.05,0,-107,-19,0,0,38,0,0,316
225.03,1544433825,1951.76,51.491568,7.401730,169.61,14.10,0.00,180.92,0,-104,-16,0,0,38,0,0,38
225.03,1544433825,1951.78,51.491568,7.401730,169.61,14.10,0.00,180.92,0,-107,-19,0,0,38,0,0,316
226.03,1544433826,1965.88,51.491438,7.401727,170.43,14.05,0.00,180.76,0,-106,-17,0,0,37,0,0,38
226.03,1544433826,1965.88,51.491438,7.401727,170.43,14.05,0.00,180.76,0,-106,-18,0,0,37,0,0,34
226.03,1544433826,1965.89,51.491438,7.401727,170.43,14.05,0.00,180.76,0,-90,-8,0,0,45,0,0,450
227.03,1544433827,1979.93,51.491316,7.401719,171.14,14.12,0.00,181.29,0,-106,-17,0,0,37,0,0,38
227.03,1544433827,1979.94,51.491316,7.401719,171.14,14.12,0.00,181.29,0,-106,-18,0,0,37,0,0,34
227.03,1544433827,1979.96,51.491316,7.401719,171.14,14.12,0.00,181.29,0,-90,-8,0,0,45,0,0,450
228.03,1544433828,1994.07,51.491190,7.401715,171.71,14.28,0.00,180.46,0,-102,-16,0,0,40,0,0,38
228.03,1544433828,1994.08,51.491190,7.401715,171.71,14.28,0.00,180.46,0,-104,-19,0,0,40,0,0,34
228.03,1544433828,1994.08,51.491190,7.401715,171.71,14.28,0.00,180.46,0,-87,-9,0,0,48,0,0,450
228.03,1544433828,1994.10,51.491190,7.401715,171.71,14.28,0.00,180.46,0,0,0,0,0,63,0,0,130
229.03,1544433829,2008.35,51.491050,7.401715,172.22,14.56,0.00,180.14,0,-102,-16,0,0,40,0,0,38
229.03,1544433829,2008.35,51.491050,7.401715,172.22,14.56,0.00,180.14,0,-104,-19,0,0,40,0,0,34
229.03,1544433829,2008.36,51.491050,7.401715,172.22,14.56,0.00,180.14,0,-87,-9,0,0,48,0,0,450
229.03,1544433829,2008.38,51.491050,7.401715,172.22,14.56,0.00,180.14,0,0,0,0,0,63,0,0,130
230.03,1544433830,2022.90,51.490914,7.401715,172.36,14.71,0.00,180.30,0,-102,-16,0,0,40,0,0,38
230.03,1544433830,2022.91,51.490914,7.401715,172.36,14.71,0.00,180.30,0,-105,-19,0,0,40,0,0,34
230.03,1544433830,2022.93,51.490914,7.401715,172.36,14.71,0.00,180.30,0,0,0,0,0,63,0,0,130
231.03,1544433831,2037.62,51.490777,7.401715,172.68,14.58,0.00,180.80,0,-102,-16,0,0,40,0,0,38
231.03,1544433831,2037.62,51.490777,7.401715,172.68,14.58,0.00,180.80,0,-105,-19,0,0,40,0,0,34
231.03,1544433831,2037.64,51.490777,7.401715,172.68,14.58,0.00,180.80,0,0,0,0,0,63,0,0,130
232.03,1544433832,2052.17,51.490649,7.401716,173.23,14.46,0.00,180.49,0,-106,-17,0,0,36,0,0,38
232.03,1544433832,2052.19,51.490649,7.401716,173.23,14.46,0.00,180.49,0,-109,-19,0,0,35,0,0,34
232.03,1544433832,2052.20,51.490649,7.401716,173.23,14.46,0.00,180.49,0,0,0,0,0,63,0,0,130
233.03,1544433833,2066.66,51.490515,7.401716,174.21,14.70,0.00,179.73,0,-106,-17,0,0,36,0,0,38
233.03,1544433833,2066.68,51.490515,7.401716,174.21,14.70,0.00,179.73,0,-109,-19,0,0,35,0,0,34
233.03,1544433833,2066.68,51.490515,7.401716,174.21,14.70,0.00,179.73,0,0,0,0,0,63,0,0,130
234.03,1544433834,2081.34,51.490382,7.401717,175.31,14.29,0.00,179.81,0,-103,-16,0,0,38,0,0,52
234.03,1544433834,2081.36,51.490382,7.401717,175.31,14.29,0.00,179.81,0,-107,-19,0,0,38,0,0,38
234.03,1544433834,2081.37,51.490382,7.401717,175.31,14.29,0.00,179.81,0,0,0,0,0,63,0,0,130
234.03,1544433834,2081.37,51.490382,7.401717,175.31,14.29,0.00,179.81,0,-225,-225,0,0,63,0,0,149
235.03,1544433835,2095.65,51.490260,7.401713,176.20,13.80,0.00,179.52,0,-103,-16,0,0,38,0,0,52
235.03,1544433835,2095.65,51.490260,7.401713,176.20,13.80,0.00,179.52,0,-107,-19,0,0,38,0,0,38
235.03,1544433835,2095.67,51.490260,7.401713,176.20,13.80,0.00,179.52,0,0,0,0,0,63,0,0,130
235.03,1544433835,2095.68,51.490260,7.401713,176.20,13.80,0.00,179.52,0,-225,-225,0,0,63,0,0,149
236.03,1544433836,2109.46,51.490140,7.401712,177.19,13.21,0.00,178.91,0,-106,-18,0,0,37,0,0,38
236.03,1544433836,2109.47,51.490140,7.401712,177.19,13.21,0.00,178.91,0,-107,-18,0,0,37,0,0,35
236.03,1544433836,2109.47,51.490140,7.401712,177.19,13.21,0.00,178.91,0,-108,-18,0,0,37,0,0,52
236.03,1544433836,2109.48,51.490140,7.401712,177.19,13.21,0.00,178.91,0,-90,-10,0,0,47,0,0,450
236.04,1544433836,2109.49,51.490140,7.401712,177.19,13.21,0.00,178.91,0,-93,-13,0,0,47,0,0,451
237.03,1544433837,2122.65,51.490022,7.401715,177.97,12.37,0.00,179.65,0,-106,-18,0,0,37,0,0,38
237.03,1544433837,2122.66,51.490022,7.401715,177.97,12.37,0.00,179.65,0,-107,-18,0,0,37,0,0,35
237.03,1544433837,2122.66,51.490022,7.401715,177.97,12.37,0.00,179.65,0,-108,-18,0,0,37,0,0,52
237.03,1544433837,2122.67,51.490022,7.401715,177.97,12.37,0.00,179.65,0,-90,-10,0,0,47,0,0,450
237.03,1544433837,2122.68,51.490022,7.401715,177.97,12.37,0.00,179.65,0,-93,-13,0,0,47,0,0,451
314.35,1544433915,2824.94,51.490102,7.410881,170.53,13.14,0.00,76.72,0,-104,-18,0,0,39,0,0,274
314.35,1544433915,2824.96,51.490102,7.410881,170.53,13.14,0.00,76.72,0,-96,-12,0,0,44,0,0,452
314.35,1544433915,2824.96,51.490102,7.410881,170.53,13.14,0.00,76.72,0,-96,-13,0,0,44,0,0,450
315.35,1544433916,2838.08,51.490130,7.411077,169.95,13.05,0.00,76.00,0,-104,-18,0,0,39,0,0,274
315.35,1544433916,2838.09,51.490130,7.411077,169.95,13.05,0.00,76.00,0,-96,-12,0,0,44,0,0,452
315.35,1544433916,2838.09,51.490130,7.411077,169.95,13.05,0.00,76.00,0,-96,-13,0,0,44,0,0,450
316.34,1544433917,2851.12,51.490160,7.411271,169.28,12.72,0.00,76.91,0,-104,-16,0,0,38,0,0,274
316.35,1544433917,2851.13,51.490160,7.411271,169.28,12.72,0.00,76.91,0,-96,-14,0,0,43,0,0,450
316.35,1544433917,2851.15,51.490160,7.411271,169.28,12.72,0.00,76.91,0,-96,-12,0,0,43,0,0,452
317.35,1544433918,2863.85,51.490190,7.411457,168.80,12.65,0.00,77.65,0,-104,-16,0,0,38,0,0,274
317.35,1544433918,2863.86,51.490190,7.411457,168.80,12.65,0.00,77.65,0,-96,-14,0,0,43,0,0,450
317.35,1544433918,2863.86,51.490190,7.411457,168.80,12.65,0.00,77.65,0,-96,-12,0,0,43,0,0,452
