time_s,timestamp_ms,distance_m,latitude,longitude,altitude,velocity_mps,acceleration_mpss,direction,isRegistered,rsrp_dbm,rsrq_db,rssnr_db,cqi,ss,ta,ci,pci
0.03,1544517552,0.00,51.490347,7.412299,163.11,0.00,0.00,66.14,1,-92,-7,23,8,46,7,26385408,95
1.04,1544517553,0.00,51.490390,7.412429,163.45,7.71,0.00,79.39,1,-92,-7,23,8,46,7,26385408,95
2.04,1544517554,7.71,51.490384,7.412541,162.08,8.33,0.62,80.21,1,-94,-10,14,8,44,7,26385408,95
3.04,1544517555,16.03,51.490386,7.412675,161.59,8.56,0.24,78.04,1,-94,-10,14,8,44,7,26385408,95
4.04,1544517556,24.60,51.490418,7.412842,161.99,9.75,1.19,78.21,1,-87,-6,28,11,50,7,26385408,95
5.04,1544517557,34.34,51.490436,7.413012,162.63,10.90,1.15,76.92,1,-87,-6,28,11,50,7,26385408,95
6.04,1544517558,45.26,51.490446,7.413181,163.03,11.39,0.48,77.95,1,-90,-5,27,11,46,7,26385408,95
7.04,1544517559,56.64,51.490463,7.413376,162.96,11.70,0.31,78.47,1,-90,-5,27,11,46,7,26385408,95
8.04,1544517560,68.34,51.490485,7.413555,162.91,11.80,0.10,78.92,1,-86,-6,35,10,51,7,26385408,95
9.04,1544517561,80.14,51.490502,7.413706,162.89,11.90,0.10,79.03,1,-86,-6,35,10,51,7,26385408,95
10.04,1544517562,92.04,51.490521,7.413899,162.38,11.99,0.09,79.63,1,-87,-7,25,13,48,7,26385408,95
11.14,1544517563,105.29,51.490540,7.414073,162.13,10.86,-1.02,78.67,1,-87,-7,25,13,48,7,26385408,95
12.14,1544517564,116.07,51.490554,7.414211,162.13,10.04,-0.83,78.15,1,-88,-7,18,9,49,7,26385408,95
13.14,1544517565,126.15,51.490568,7.414323,162.44,8.08,-1.95,78.51,1,-88,-7,18,9,49,7,26385408,95
14.14,1544517566,134.20,51.490577,7.414408,162.76,6.91,-1.17,79.46,1,-85,-6,15,11,50,7,26385408,95
15.14,1544517567,141.12,51.490584,7.414498,163.04,5.35,-1.57,79.13,1,-85,-6,15,11,50,7,26385408,95
16.14,1544517568,146.48,51.490589,7.414563,163.07,3.93,-1.41,78.82,1,-87,-11,12,14,56,7,26385408,95
17.14,1544517569,150.41,51.490594,7.414622,163.10,3.10,-0.84,79.36,1,-87,-11,12,14,56,7,26385408,95
18.14,1544517570,153.50,51.490600,7.414667,163.15,3.09,-0.01,80.60,1,-86,-5,13,15,50,7,26385408,95
19.14,1544517571,156.59,51.490607,7.414733,163.20,3.59,0.51,80.26,1,-86,-5,13,15,50,7,26385408,95
20.15,1544517572,160.21,51.490613,7.414800,163.23,3.73,0.13,79.24,1,-85,-6,2,10,52,7,26385408,95
21.13,1544517573,163.89,51.490620,7.414857,163.22,4.65,0.94,79.65,1,-85,-6,2,10,52,7,26385408,95
22.14,1544517574,168.55,51.490630,7.414942,162.79,5.31,0.66,80.16,1,-85,-6,2,10,52,7,26385408,95
23.14,1544517575,173.86,51.490639,7.415017,162.29,5.67,0.36,80.99,1,-87,-6,13,15,49,7,26385408,95
24.14,1544517576,179.53,51.490649,7.415084,161.74,6.02,0.35,81.76,1,-87,-6,13,15,49,7,26385408,95
25.14,1544517577,185.56,51.490658,7.415167,161.04,5.40,-0.62,82.32,1,-86,-9,13,8,53,7,26385408,95
26.14,1544517578,190.96,51.490666,7.415253,160.36,5.11,-0.29,83.01,1,-86,-9,13,8,53,7,26385408,95
27.14,1544517579,196.09,51.490669,7.415307,160.30,3.88,-1.23,83.53,1,-81,-5,7,6,56,2,29391105,167
28.14,1544517580,199.96,51.490670,7.415348,160.23,2.26,-1.62,83.88,1,-81,-5,7,6,56,2,29391105,167
29.14,1544517581,202.23,51.490670,7.415364,160.17,2.00,-0.26,84.24,1,-82,-8,11,9,57,2,29391105,167
30.14,1544517582,204.23,51.490670,7.415399,160.16,3.06,1.06,85.20,1,-82,-8,11,9,57,2,29391105,167
31.14,1544517583,207.30,51.490671,7.415462,159.97,5.58,2.51,85.70,1,-84,-7,11,11,54,2,29391105,167
32.14,1544517584,212.84,51.490672,7.415554,159.68,7.48,1.91,86.50,1,-84,-7,11,11,54,2,29391105,167
33.14,1544517585,220.31,51.490674,7.415674,159.34,8.89,1.41,87.64,1,-82,-9,13,11,58,2,29391105,167
34.14,1544517586,229.27,51.490675,7.415815,159.17,10.03,1.13,88.89,1,-82,-9,13,11,58,2,29391105,167
35.13,1544517587,239.21,51.490674,7.415988,158.84,10.90,0.88,90.53,1,-79,-5,18,12,54,2,29391105,167
36.14,1544517588,250.15,51.490667,7.416147,158.70,11.05,0.14,92.42,1,-79,-5,18,12,54,2,29391105,167
37.13,1544517589,261.16,51.490658,7.416312,158.37,10.66,-0.39,93.87,1,-84,-5,22,10,51,2,29391105,167
38.14,1544517590,271.84,51.490645,7.416446,157.88,8.99,-1.67,96.17,1,-84,-5,22,10,51,2,29391105,167
39.14,1544517591,280.84,51.490628,7.416575,157.60,7.87,-1.12,97.22,1,-83,-5,28,11,53,2,29391105,167
40.14,1544517592,288.71,51.490613,7.416682,157.32,5.69,-2.17,99.65,1,-83,-5,28,11,53,2,29391105,167
41.15,1544517594,294.46,51.490601,7.416733,157.80,4.15,-1.53,102.61,1,-83,-6,22,11,54,2,29391105,167
42.14,1544517594,298.55,51.490588,7.416806,157.85,3.43,-0.73,103.07,1,-83,-6,22,11,54,2,29391105,167
43.13,1544517595,301.98,51.490580,7.416856,157.92,1.96,-1.47,102.28,1,-83,-6,22,11,54,2,29391105,167
44.14,1544517596,303.95,51.490573,7.416875,157.95,0.85,-1.11,102.28,1,-82,-6,20,12,53,2,29391105,167
45.14,1544517597,304.80,51.490573,7.416875,157.95,0.00,-0.85,102.28,1,-82,-6,20,12,53,2,29391105,167
46.14,1544517598,304.80,51.490573,7.416875,157.94,0.00,0.00,102.28,1,-83,-8,22,12,55,2,29391105,167
47.14,1544517599,304.80,51.490573,7.416875,157.94,0.00,0.00,102.28,1,-83,-8,22,12,55,2,29391105,167
48.14,1544517600,304.80,51.490573,7.416875,157.94,0.00,0.00,102.28,1,-83,-5,25,15,52,2,29391105,167
49.14,1544517601,304.80,51.490573,7.416875,157.93,0.00,0.00,102.28,1,-83,-5,25,15,52,2,29391105,167
50.14,1544517602,304.80,51.490573,7.416875,157.93,0.00,0.00,102.28,1,-79,-5,22,11,57,2,29391105,167
51.13,1544517603,304.80,51.490573,7.416875,157.93,0.00,0.00,102.28,1,-79,-5,22,11,57,2,29391105,167
52.14,1544517604,304.80,51.490573,7.416875,157.93,0.00,0.00,102.28,1,-78,-5,27,13,58,2,29391105,167
53.14,1544517605,304.80,51.490573,7.416875,157.93,0.00,0.00,102.28,1,-78,-5,27,13,58,2,29391105,167
54.14,1544517606,304.80,51.490573,7.416875,157.93,0.00,0.00,102.28,1,-82,-5,25,13,54,2,29391105,167
55.14,1544517607,304.80,51.490573,7.416875,157.93,0.00,0.00,102.28,1,-82,-5,25,13,54,2,29391105,167
56.14,1544517608,304.80,51.490573,7.416875,157.92,0.00,0.00,102.28,1,-81,-6,27,12,56,2,29391105,167
57.14,1544517609,304.80,51.490573,7.416875,157.89,0.00,0.00,102.28,1,-81,-6,27,12,56,2,29391105,167
58.14,1544517610,304.80,51.490573,7.416875,157.81,0.00,0.00,102.23,1,-77,-4,26,12,60,2,29391105,167
59.14,1544517611,304.80,51.490573,7.416875,157.72,0.00,0.00,102.76,1,-77,-4,26,12,60,2,29391105,167
60.14,1544517612,304.80,51.490547,7.417010,157.65,3.71,0.00,101.81,1,-77,-6,27,12,62,2,29391105,167
61.14,1544517613,308.50,51.490547,7.417080,156.73,4.55,0.84,88.90,1,-77,-6,27,12,62,2,29391105,167
62.14,1544517614,313.09,51.490567,7.417152,156.02,4.91,0.36,63.78,1,-83,-8,22,12,57,2,29391105,167
63.14,1544517615,317.97,51.490587,7.417206,155.40,5.04,0.13,60.82,1,-83,-8,22,12,57,2,29391105,167
64.14,1544517616,323.01,51.490630,7.417228,154.37,5.32,0.27,18.06,1,-83,-8,22,12,57,2,29391105,167
65.14,1544517617,328.32,51.490683,7.417224,153.62,6.41,1.09,2.96,1,-86,-7,13,11,50,2,29391105,167
66.14,1544517618,334.74,51.490745,7.417193,153.22,8.39,1.98,349.29,1,-86,-7,13,11,50,2,29391105,167
67.14,1544517619,343.13,51.490838,7.417161,152.99,10.46,2.07,349.95,1,-94,-6,13,8,42,2,29391105,167
68.14,1544517620,353.59,51.490939,7.417129,152.93,10.91,0.46,349.45,1,-94,-6,13,8,42,2,29391105,167
69.14,1544517621,364.52,51.491048,7.417094,153.04,10.83,-0.09,348.82,1,-96,-7,12,8,40,2,29391105,167
70.14,1544517622,375.34,51.491150,7.417061,153.15,10.10,-0.73,348.42,1,-96,-7,12,8,40,2,29391105,167
71.14,1544517623,385.43,51.491242,7.417030,153.35,9.69,-0.41,348.97,1,-90,-5,15,15,47,2,29391105,167
72.14,1544517624,395.13,51.491327,7.417002,153.50,9.23,-0.46,349.11,1,-90,-5,15,15,47,2,29391105,167
73.14,1544517625,404.34,51.491400,7.416981,153.72,8.89,-0.34,348.78,1,-92,-6,11,11,45,2,29391105,167
74.14,1544517626,413.22,51.491482,7.416953,153.82,8.95,0.06,348.10,1,-92,-6,11,11,45,2,29391105,167
75.14,1544517627,422.18,51.491559,7.416921,153.97,9.85,0.90,347.45,1,-94,-7,8,11,43,2,29391105,167
76.14,1544517628,432.04,51.491649,7.416885,154.16,10.66,0.82,345.88,1,-94,-7,8,11,43,2,29391105,167
77.14,1544517629,442.70,51.491747,7.416839,154.16,11.50,0.84,344.06,1,-91,-7,10,13,43,2,29391105,167
78.14,1544517630,454.20,51.491841,7.416783,154.16,12.32,0.82,342.05,1,-91,-7,10,13,43,2,29391105,167
79.14,1544517631,466.50,51.491937,7.416715,154.05,12.68,0.36,339.53,1,-86,-5,17,11,50,2,29391105,167
80.14,1544517632,479.17,51.492029,7.416638,154.47,12.72,0.04,337.12,1,-86,-5,17,11,50,2,29391105,167
81.14,1544517633,491.92,51.492132,7.416544,153.90,12.51,-0.21,335.01,1,-84,-6,16,10,52,2,29391105,167
82.14,1544517634,504.38,51.492239,7.416451,154.00,12.58,0.06,333.60,1,-84,-6,16,10,52,2,29391105,167
83.14,1544517635,517.05,51.492344,7.416362,154.36,12.47,-0.10,334.51,1,-89,-7,10,11,48,2,29391105,167
84.14,1544517636,529.47,51.492450,7.416282,154.86,12.39,-0.08,336.18,1,-89,-7,10,11,48,2,29391105,167
85.14,1544517637,541.86,51.492564,7.416208,155.45,12.17,-0.22,338.37,1,-89,-7,10,11,48,2,29391105,167
86.14,1544517638,554.02,51.492664,7.416155,156.01,12.08,-0.09,341.26,1,-97,-7,10,8,40,2,29391105,167
87.14,1544517639,566.09,51.492787,7.416106,156.65,12.37,0.29,344.55,1,-97,-7,10,8,40,2,29391105,167
88.14,1544517640,578.46,51.492884,7.416074,156.94,12.47,0.11,347.23,1,-96,-7,12,12,42,2,29391105,167
89.14,1544517641,590.92,51.492982,7.416044,157.54,12.69,0.22,348.71,1,-96,-7,12,12,42,2,29391105,167
90.14,1544517642,603.63,51.493087,7.416010,157.09,11.24,-1.45,347.94,1,-99,-8,10,10,41,2,29391105,167
91.14,1544517643,614.84,51.493195,7.415968,157.21,12.44,1.20,347.49,1,-99,-8,10,10,41,2,29391105,167
92.14,1544517644,627.29,51.493313,7.415924,157.47,13.43,0.99,347.45,1,-98,-10,8,7,42,2,29391105,167
93.14,1544517645,640.79,51.493421,7.415883,157.28,13.58,0.15,348.34,1,-98,-10,8,7,42,2,29391105,167
94.14,1544517646,654.34,51.493547,7.415836,157.04,13.55,-0.03,348.41,1,-97,-9,9,8,40,2,29391105,167
95.14,1544517647,667.90,51.493658,7.415799,156.61,13.47,-0.08,349.05,1,-97,-9,9,8,40,2,29391105,167
96.14,1544517648,681.35,51.493781,7.415758,156.21,13.16,-0.31,348.73,1,-96,-8,13,15,42,2,29391105,167
97.14,1544517649,694.51,51.493899,7.415717,155.69,13.02,-0.14,348.21,1,-96,-8,13,15,42,2,29391105,167
98.14,1544517650,707.52,51.494007,7.415677,155.68,12.92,-0.10,347.52,1,-91,-8,14,13,48,2,29391105,167
99.14,1544517651,720.45,51.494119,7.415634,155.55,12.22,-0.70,346.56,1,-91,-8,14,13,48,2,29391105,167
100.14,1544517652,732.66,51.494224,7.415589,155.39,11.80,-0.42,346.17,1,-90,-8,15,10,49,2,29391105,167
101.14,1544517653,744.51,51.494329,7.415547,155.04,10.66,-1.13,346.70,1,-90,-8,15,10,49,2,29391105,167
102.14,1544517654,755.15,51.494400,7.415518,155.01,9.35,-1.31,347.13,1,-91,-9,7,13,49,2,29391105,167
103.14,1544517655,764.48,51.494476,7.415487,154.89,6.80,-2.55,346.34,1,-91,-9,7,13,49,2,29391105,167
104.14,1544517656,771.32,51.494520,7.415437,155.21,5.87,-0.93,318.86,1,-89,-9,9,15,49,2,29391105,167
105.14,1544517657,777.16,51.494550,7.415358,155.74,6.59,0.72,295.95,1,-89,-9,9,15,49,2,29391105,167
106.14,1544517658,783.75,51.494548,7.415243,155.68,6.94,0.35,268.18,1,-89,-9,9,15,49,2,29391105,167
107.14,1544517659,790.71,51.494538,7.415114,155.46,8.72,1.77,264.87,1,-97,-12,7,9,44,2,29391105,167
108.14,1544517660,799.42,51.494524,7.414959,154.93,9.99,1.28,263.62,1,-97,-12,7,9,44,2,29391105,167
109.14,1544517661,809.41,51.494511,7.414807,154.55,10.15,0.16,262.09,1,-92,-9,7,12,47,2,29391105,167
110.14,1544517662,819.56,51.494491,7.414644,154.09,11.56,1.40,260.86,1,-92,-9,7,12,47,2,29391105,167
111.14,1544517663,831.11,51.494475,7.414476,154.04,12.23,0.67,260.09,1,-96,-11,8,7,45,2,29391105,167
112.14,1544517664,843.32,51.494449,7.414285,153.87,12.75,0.52,259.17,1,-96,-11,8,7,45,2,29391105,167
113.14,1544517665,856.10,51.494424,7.414084,153.78,13.75,1.00,258.23,1,-90,-10,12,10,50,3,29391104,165
114.13,1544517666,869.78,51.494396,7.413875,153.87,13.99,0.24,258.59,1,-90,-10,12,10,50,3,29391104,165
115.14,1544517667,883.81,51.494366,7.413679,154.37,13.52,-0.47,257.97,1,-87,-6,16,11,50,3,29391104,165
116.14,1544517668,897.32,51.494337,7.413504,154.49,12.56,-0.96,257.83,1,-87,-6,16,11,50,3,29391104,165
117.14,1544517669,909.89,51.494305,7.413319,155.07,12.57,0.01,258.20,1,-85,-7,13,11,55,3,29391104,165
118.14,1544517670,922.46,51.494275,7.413137,155.40,12.92,0.35,257.99,1,-85,-7,13,11,55,3,29391104,165
119.14,1544517671,935.39,51.494245,7.412962,156.47,13.18,0.25,257.34,1,-85,-6,11,10,53,3,29391104,165
120.14,1544517672,948.55,51.494215,7.412769,157.23,13.56,0.39,257.99,1,-85,-6,11,10,53,3,29391104,165
121.13,1544517673,962.07,51.494191,7.412592,157.86,13.85,0.29,257.41,1,-84,-7,21,12,54,3,29391104,165
122.14,1544517674,975.93,51.494162,7.412400,157.90,13.77,-0.08,257.96,1,-84,-7,21,12,54,3,29391104,165
123.14,1544517675,989.76,51.494135,7.412214,158.39,13.62,-0.14,257.95,1,-77,-5,22,11,58,3,29391104,165
124.14,1544517676,1003.38,51.494109,7.412020,159.11,13.75,0.12,257.68,1,-77,-5,22,11,58,3,29391104,165
125.15,1544517677,1017.22,51.494084,7.411836,160.28,13.79,0.04,257.83,1,-79,-5,20,12,56,3,29391104,165
126.14,1544517678,1030.91,51.494053,7.411625,161.49,13.88,0.09,258.23,1,-79,-5,20,12,56,3,29391104,165
127.14,1544517679,1044.78,51.494023,7.411421,162.38,13.87,-0.01,257.67,1,-79,-5,20,12,56,3,29391104,165
128.14,1544517680,1058.66,51.493995,7.411226,163.00,13.76,-0.11,257.42,1,-80,-5,18,15,56,3,29391104,165
129.14,1544517681,1072.42,51.493965,7.411030,163.50,13.82,0.06,258.03,1,-80,-5,18,15,56,3,29391104,165
130.14,1544517682,1086.22,51.493935,7.410825,163.85,14.13,0.31,258.36,1,-80,-6,15,13,58,3,29391104,165
131.14,1544517683,1100.38,51.493904,7.410631,163.98,14.00,-0.13,258.35,1,-80,-6,15,13,58,3,29391104,165
132.14,1544517684,1114.39,51.493875,7.410451,164.44,13.36,-0.64,258.73,1,-77,-6,32,15,59,3,29391104,165
133.14,1544517685,1127.70,51.493845,7.410246,164.27,13.52,0.16,258.65,1,-77,-6,32,15,59,3,29391104,165
134.14,1544517686,1141.22,51.493815,7.410041,163.99,13.70,0.18,258.13,1,-85,-8,15,12,53,3,29391104,165
135.14,1544517687,1154.94,51.493790,7.409859,163.88,13.85,0.15,257.95,1,-85,-8,15,12,53,3,29391104,165
136.14,1544517688,1168.81,51.493760,7.409661,163.93,14.13,0.28,257.87,1,-87,-8,6,11,53,3,29391104,165
137.14,1544517689,1182.95,51.493731,7.409464,164.28,14.30,0.17,257.78,1,-87,-8,6,11,53,3,29391104,165
138.14,1544517690,1197.25,51.493701,7.409261,164.59,14.47,0.17,258.17,1,-72,-6,14,11,63,3,29391104,165
139.13,1544517691,1211.65,51.493675,7.409063,164.67,14.54,0.07,258.57,1,-72,-6,14,11,63,3,29391104,165
140.14,1544517692,1226.26,51.493648,7.408862,164.97,14.14,-0.40,258.22,1,-85,-10,12,10,56,3,29391104,165
141.15,1544517694,1240.51,51.493620,7.408672,165.28,13.76,-0.38,258.23,1,-85,-10,12,10,56,3,29391104,165
142.14,1544517694,1254.21,51.493594,7.408484,165.41,13.50,-0.26,258.12,1,-81,-8,11,15,60,3,29391104,165
143.14,1544517695,1267.70,51.493571,7.408298,165.73,13.27,-0.23,257.90,1,-81,-8,11,15,60,3,29391104,165
144.14,1544517696,1280.94,51.493545,7.408107,165.95,13.32,0.05,257.64,1,-82,-9,8,6,57,3,29391106,166
145.14,1544517697,1294.27,51.493517,7.407919,166.24,13.74,0.42,258.39,1,-82,-9,8,6,57,3,29391106,166
146.15,1544517699,1308.12,51.493490,7.407714,166.60,13.91,0.17,257.86,1,-85,-7,14,11,53,3,29391106,166
147.14,1544517699,1321.90,51.493459,7.407507,166.64,13.72,-0.19,257.83,1,-85,-7,14,11,53,3,29391106,166
148.14,1544517700,1335.63,51.493432,7.407312,166.63,13.73,0.00,257.82,1,-85,-7,14,11,53,3,29391106,166
149.14,1544517701,1349.33,51.493406,7.407119,166.45,14.15,0.43,257.74,1,-84,-6,12,14,52,3,29391106,166
150.14,1544517702,1363.48,51.493381,7.406929,166.12,14.07,-0.08,258.03,1,-84,-6,12,14,52,3,29391106,166
151.14,1544517703,1377.58,51.493354,7.406721,165.62,14.08,0.01,258.16,1,-81,-6,16,11,56,3,29391106,166
152.14,1544517704,1391.68,51.493331,7.406536,165.58,14.38,0.30,257.99,1,-81,-6,16,11,56,3,29391106,166
153.14,1544517705,1406.07,51.493305,7.406329,165.52,14.34,-0.04,257.95,1,-86,-9,17,8,52,3,29391106,166
154.13,1544517706,1420.32,51.493279,7.406127,165.13,13.92,-0.43,257.51,1,-86,-9,17,8,52,3,29391106,166
155.14,1544517707,1434.29,51.493258,7.405949,165.25,13.45,-0.47,257.72,1,-91,-7,13,8,47,3,29391106,166
156.14,1544517708,1447.75,51.493234,7.405754,165.33,13.69,0.24,258.33,1,-91,-7,13,8,47,3,29391106,166
157.14,1544517709,1461.43,51.493208,7.405563,165.12,14.02,0.33,258.51,1,-92,-7,11,12,46,3,29391106,166
158.14,1544517710,1475.44,51.493183,7.405361,164.95,14.07,0.05,258.47,1,-92,-7,11,12,46,3,29391106,166
159.14,1544517711,1489.52,51.493160,7.405175,164.77,13.71,-0.36,258.59,1,-90,-8,14,11,49,3,29391106,166
160.14,1544517712,1503.23,51.493142,7.405007,164.55,13.41,-0.30,257.87,1,-90,-8,14,11,49,3,29391106,166
161.14,1544517713,1516.64,51.493119,7.404811,164.30,13.01,-0.40,257.98,1,-90,-7,23,9,48,3,29391106,166
162.14,1544517714,1529.66,51.493101,7.404642,164.73,12.76,-0.25,257.96,1,-90,-7,23,9,48,3,29391106,166
163.14,1544517715,1542.42,51.493079,7.404460,165.28,12.96,0.19,258.07,1,-92,-8,8,6,46,3,29391106,166
164.14,1544517716,1555.39,51.493057,7.404278,165.83,13.01,0.05,258.29,1,-92,-8,8,6,46,3,29391106,166
165.14,1544517717,1568.40,51.493037,7.404099,166.31,12.70,-0.31,258.60,1,-92,-7,12,10,46,3,29391106,166
166.14,1544517718,1581.09,51.493017,7.403916,166.71,12.76,0.05,258.97,1,-92,-7,12,10,46,3,29391106,166
167.15,1544517720,1593.98,51.493002,7.403727,166.97,12.75,-0.00,260.50,1,-91,-8,4,7,49,3,29391106,166
168.14,1544517720,1606.61,51.492990,7.403524,167.19,12.62,-0.14,263.16,1,-91,-8,4,7,49,3,29391106,166
169.14,1544517721,1619.23,51.492984,7.403338,167.68,12.70,0.09,264.98,1,-91,-8,4,7,49,3,29391106,166
170.14,1544517722,1631.93,51.492979,7.403162,167.58,13.00,0.29,265.80,1,-91,-8,13,8,48,3,29391106,166
171.14,1544517723,1644.94,51.492977,7.402982,167.32,12.54,-0.46,266.58,1,-91,-8,13,8,48,3,29391106,166
172.14,1544517724,1657.47,51.492975,7.402814,166.95,11.24,-1.30,267.34,1,-95,-7,11,8,42,3,29391106,166
173.14,1544517725,1668.74,51.492973,7.402658,166.83,9.68,-1.56,268.07,1,-95,-7,11,8,42,3,29391106,166
174.14,1544517726,1678.40,51.492973,7.402537,166.63,8.64,-1.04,268.94,1,-90,-8,5,6,44,5,26385410,94
175.14,1544517727,1687.02,51.492975,7.402409,166.47,7.96,-0.68,269.58,1,-90,-8,5,6,44,5,26385410,94
176.14,1544517728,1694.98,51.492975,7.402297,166.43,7.08,-0.88,270.18,1,-91,-7,11,11,47,5,26385410,94
177.14,1544517729,1702.06,51.492977,7.402201,166.49,6.08,-1.00,270.71,1,-91,-7,11,11,47,5,26385410,94
178.14,1544517730,1708.14,51.492979,7.402107,166.42,4.41,-1.67,269.90,1,-92,-7,13,8,46,5,26385410,94
179.14,1544517731,1712.55,51.492982,7.402082,166.39,1.61,-2.80,270.91,1,-92,-7,13,8,46,5,26385410,94
180.14,1544517732,1714.16,51.492982,7.402082,166.39,0.00,-1.61,270.91,1,-91,-7,24,6,47,5,26385410,94
181.14,1544517733,1714.16,51.492982,7.402082,166.38,0.00,0.00,270.91,1,-91,-7,24,6,47,5,26385410,94
182.14,1544517734,1714.16,51.492982,7.402082,166.37,0.00,0.00,270.91,1,-92,-7,11,8,47,5,26385410,94
183.14,1544517735,1714.16,51.492982,7.402082,166.35,0.00,0.00,270.91,1,-92,-7,11,8,47,5,26385410,94
184.14,1544517736,1714.16,51.492982,7.402082,166.34,0.00,0.00,270.91,1,-92,-8,28,6,48,5,26385410,94
185.14,1544517737,1714.16,51.492982,7.402082,166.33,0.00,0.00,270.91,1,-92,-8,28,6,48,5,26385410,94
186.14,1544517738,1714.16,51.492982,7.402082,166.31,0.00,0.00,270.91,1,-91,-7,24,8,48,5,26385410,94
187.14,1544517739,1714.16,51.492982,7.402082,166.30,0.00,0.00,270.91,1,-91,-7,24,8,48,5,26385410,94
188.15,1544517741,1714.16,51.492982,7.402082,166.29,0.00,0.00,270.91,1,-92,-7,24,6,46,5,26385410,94
189.14,1544517741,1714.16,51.492982,7.402082,166.28,0.00,0.00,270.91,1,-92,-7,24,6,46,5,26385410,94
190.14,1544517742,1714.16,51.492982,7.402082,166.28,0.00,0.00,270.91,1,-92,-7,24,6,46,5,26385410,94
191.14,1544517743,1714.16,51.492982,7.402082,166.28,0.00,0.00,270.91,1,-93,-9,21,8,47,5,26385410,94
192.14,1544517744,1714.16,51.492982,7.402082,166.28,0.00,0.00,270.91,1,-93,-9,21,8,47,5,26385410,94
193.14,1544517745,1714.16,51.492982,7.402082,166.28,0.00,0.00,270.91,1,-92,-8,11,7,47,5,26385410,94
194.14,1544517746,1714.16,51.492982,7.402082,166.29,0.00,0.00,270.91,1,-92,-8,11,7,47,5,26385410,94
195.14,1544517747,1714.16,51.492982,7.402082,166.29,0.00,0.00,270.91,1,-92,-7,24,6,45,5,26385410,94
196.14,1544517748,1714.16,51.492982,7.402082,166.30,0.00,0.00,270.91,1,-92,-7,24,6,45,5,26385410,94
197.14,1544517749,1714.16,51.492982,7.402082,166.31,0.00,0.00,270.91,1,-92,-7,11,7,46,5,26385410,94
198.14,1544517750,1714.16,51.492982,7.402082,166.33,0.00,0.00,270.91,1,-92,-7,11,7,46,5,26385410,94
199.14,1544517751,1714.16,51.492982,7.402082,166.34,0.00,0.00,270.91,1,-91,-8,21,6,48,5,26385410,94
200.14,1544517752,1714.16,51.492982,7.402082,166.35,0.00,0.00,270.91,1,-91,-8,21,6,48,5,26385410,94
201.14,1544517753,1714.16,51.492982,7.402082,166.37,0.00,0.00,270.91,1,-91,-8,23,7,48,5,26385410,94
202.14,1544517754,1714.16,51.492982,7.402082,166.38,0.00,0.00,270.91,1,-91,-8,23,7,48,5,26385410,94
203.14,1544517755,1714.16,51.492982,7.402082,166.39,0.00,0.00,270.91,1,-92,-7,25,7,46,5,26385410,94
204.14,1544517756,1714.16,51.492982,7.402082,166.41,0.00,0.00,270.91,1,-92,-7,25,7,46,5,26385410,94
205.14,1544517757,1714.16,51.492982,7.402082,166.42,0.00,0.00,270.91,1,-91,-8,21,7,48,5,26385410,94
206.14,1544517758,1714.16,51.492982,7.402082,166.54,0.00,0.00,270.91,1,-91,-8,21,7,48,5,26385410,94
207.14,1544517759,1714.16,51.492981,7.402046,166.63,0.00,0.00,268.02,1,-92,-7,24,7,47,5,26385410,94
208.14,1544517760,1714.16,51.492981,7.401972,167.02,0.00,0.00,269.96,1,-92,-7,24,7,47,5,26385410,94
209.15,1544517761,1714.16,51.492972,7.401892,167.26,0.97,0.00,258.41,1,-92,-7,25,7,46,5,26385410,94
210.14,1544517762,1715.13,51.492934,7.401848,167.26,1.65,0.69,216.19,1,-92,-7,25,7,46,5,26385410,94
211.14,1544517763,1716.78,51.492873,7.401812,167.38,2.27,0.61,196.27,1,-92,-7,25,7,46,5,26385410,94
212.14,1544517764,1719.04,51.492794,7.401791,167.45,2.89,0.62,186.39,1,-91,-7,10,7,48,5,26385410,94
213.14,1544517765,1721.93,51.492708,7.401785,167.30,10.41,7.52,181.58,1,-91,-7,10,7,48,5,26385410,94
214.14,1544517766,1732.35,51.492607,7.401773,167.83,11.19,0.78,181.17,1,-90,-6,32,10,48,5,26385410,94
215.14,1544517767,1743.55,51.492485,7.401761,168.54,12.17,0.98,180.76,1,-90,-6,32,10,48,5,26385410,94
216.14,1544517768,1755.71,51.492374,7.401756,169.30,12.62,0.46,180.22,1,-87,-7,29,11,52,5,26385410,94
217.14,1544517769,1768.35,51.492262,7.401753,170.00,13.04,0.42,180.38,1,-87,-7,29,11,52,5,26385410,94
218.14,1544517770,1781.39,51.492143,7.401749,170.35,13.27,0.23,180.30,1,-88,-7,26,11,50,5,26385410,94
219.14,1544517771,1794.65,51.492022,7.401745,170.61,13.19,-0.08,180.65,1,-88,-7,26,11,50,5,26385410,94
220.14,1544517772,1807.84,51.491903,7.401743,170.33,13.32,0.12,180.94,1,-86,-10,23,12,55,5,26385410,94
221.14,1544517773,1821.16,51.491780,7.401741,170.18,13.51,0.19,180.43,1,-86,-10,23,12,55,5,26385410,94
222.14,1544517774,1834.70,51.491655,7.401739,170.33,13.37,-0.14,180.73,1,-84,-9,22,14,55,5,26385410,94
223.14,1544517775,1848.01,51.491523,7.401735,170.76,13.61,0.25,181.18,1,-84,-9,22,14,55,5,26385410,94
224.14,1544517776,1861.63,51.491402,7.401731,171.22,13.60,-0.01,181.10,1,-87,-10,31,11,54,5,26385410,94
225.14,1544517777,1875.27,51.491273,7.401722,172.23,13.50,-0.10,181.22,1,-87,-10,31,11,54,5,26385410,94
226.14,1544517778,1888.77,51.491159,7.401716,172.87,13.43,-0.08,180.56,1,-84,-6,28,11,53,5,26385410,94
227.14,1544517779,1902.20,51.491044,7.401713,172.97,13.51,0.08,181.08,1,-84,-6,28,11,53,5,26385410,94
228.14,1544517780,1915.70,51.490924,7.401714,173.07,13.71,0.20,180.15,1,-81,-7,35,14,58,5,26385410,94
229.14,1544517781,1929.41,51.490805,7.401717,173.10,13.79,0.08,180.73,1,-81,-7,35,14,58,5,26385410,94
230.15,1544517783,1943.37,51.490672,7.401716,173.80,13.72,-0.07,180.47,1,-81,-6,36,15,57,5,26385410,94
231.13,1544517783,1956.88,51.490547,7.401715,174.20,13.70,-0.02,180.44,1,-81,-6,36,15,57,5,26385410,94
232.14,1544517784,1970.60,51.490424,7.401713,174.86,13.18,-0.52,181.12,1,-81,-6,36,15,57,5,26385410,94
233.14,1544517785,1983.78,51.490305,7.401707,175.89,12.40,-0.78,181.37,1,-82,-7,23,14,57,5,26385410,94
234.14,1544517786,1996.20,51.490199,7.401704,176.57,11.95,-0.44,181.10,1,-82,-7,23,14,57,5,26385410,94
235.14,1544517787,2008.17,51.490082,7.401698,177.11,11.44,-0.51,180.60,1,-82,-6,29,15,56,5,26385410,94
236.14,1544517788,2019.61,51.489990,7.401697,177.57,10.84,-0.60,179.57,1,-82,-6,29,15,56,5,26385410,94
237.14,1544517789,2030.43,51.489923,7.401699,177.76,8.89,-1.95,178.88,1,-79,-6,33,15,58,5,26385410,94
238.14,1544517790,2039.32,51.489838,7.401699,178.67,5.89,-3.00,179.89,1,-79,-6,33,15,58,5,26385410,94
239.14,1544517791,2045.22,51.489797,7.401701,178.79,3.64,-2.24,180.51,1,-77,-7,26,15,61,5,26385410,94
240.14,1544517792,2048.86,51.489777,7.401703,178.91,2.59,-1.05,179.93,1,-77,-7,26,15,61,5,26385410,94
241.14,1544517793,2051.45,51.489754,7.401702,179.01,2.12,-0.47,181.83,1,-75,-6,35,15,62,5,26385410,94
242.14,1544517794,2053.57,51.489744,7.401702,179.11,1.12,-1.00,181.41,1,-75,-6,35,15,62,5,26385410,94
243.14,1544517795,2054.70,51.489733,7.401706,179.17,1.53,0.41,179.60,1,-74,-6,30,15,62,5,26385410,94
244.14,1544517796,2056.23,51.489714,7.401712,179.22,2.09,0.56,179.94,1,-74,-6,30,15,62,5,26385410,94
245.14,1544517797,2058.32,51.489687,7.401716,179.27,3.66,1.57,180.95,1,-71,-6,26,15,63,5,26385410,94
246.14,1544517798,2061.97,51.489644,7.401719,179.56,4.96,1.30,180.57,1,-71,-6,26,15,63,5,26385410,94
247.14,1544517799,2066.93,51.489601,7.401718,180.02,4.81,-0.14,180.37,1,-67,-5,36,15,63,5,26385410,94
248.14,1544517800,2071.74,51.489554,7.401718,180.47,4.80,-0.02,181.56,1,-67,-5,36,15,63,5,26385410,94
249.14,1544517801,2076.54,51.489493,7.401715,180.90,5.70,0.90,182.12,1,-70,-6,35,15,63,5,26385410,94
250.14,1544517802,2082.24,51.489440,7.401748,181.14,6.28,0.59,156.90,1,-70,-6,35,15,63,5,26385410,94
251.14,1544517803,2088.53,51.489392,7.401811,181.04,6.50,0.22,139.08,1,-65,-6,24,15,63,5,26385410,94
252.14,1544517804,2095.00,51.489383,7.401924,180.89,7.87,1.37,93.62,1,-65,-6,24,15,63,5,26385410,94
253.14,1544517805,2102.94,51.489378,7.402054,180.74,8.85,0.98,92.77,1,-70,-6,30,13,63,5,26385410,94
254.14,1544517806,2111.74,51.489378,7.402209,180.18,10.73,1.90,92.17,1,-70,-6,30,13,63,5,26385410,94
255.14,1544517807,2122.46,51.489378,7.402373,179.76,11.37,0.64,91.77,1,-70,-6,30,13,63,5,26385410,94
256.14,1544517808,2133.83,51.489375,7.402530,179.98,11.05,-0.32,91.51,1,-69,-5,27,12,63,5,26385410,94
257.14,1544517809,2144.89,51.489374,7.402693,180.62,11.33,0.28,91.28,1,-69,-5,27,12,63,5,26385410,94
258.14,1544517810,2156.22,51.489377,7.402846,180.94,11.98,0.65,91.15,1,-72,-5,34,12,63,5,26385410,94
259.14,1544517811,2168.22,51.489377,7.403033,181.00,12.45,0.47,90.98,1,-72,-5,34,12,63,5,26385410,94
260.14,1544517812,2180.65,51.489376,7.403237,180.62,12.26,-0.19,90.97,1,-72,-6,37,13,63,5,26385410,94
261.14,1544517813,2192.91,51.489376,7.403427,180.01,12.11,-0.14,91.08,1,-72,-6,37,13,63,5,26385410,94
262.14,1544517814,2205.02,51.489373,7.403623,179.55,12.25,0.14,90.28,1,-70,-8,33,12,63,5,26385410,94
263.14,1544517815,2217.27,51.489371,7.403800,179.08,12.43,0.18,90.20,1,-70,-8,33,12,63,5,26385410,94
264.14,1544517816,2229.72,51.489374,7.403939,178.47,12.14,-0.29,90.75,1,-77,-8,24,12,62,5,26385410,94
265.14,1544517817,2241.87,51.489373,7.404111,177.89,12.10,-0.05,91.20,1,-77,-8,24,12,62,5,26385410,94
266.14,1544517818,2253.97,51.489374,7.404271,177.33,12.29,0.19,90.53,1,-75,-7,18,12,63,5,26385410,94
267.14,1544517819,2266.24,51.489372,7.404462,177.11,12.41,0.13,91.13,1,-75,-7,18,12,63,5,26385410,94
268.14,1544517820,2278.67,51.489372,7.404635,177.18,12.51,0.10,91.05,1,-77,-10,18,14,63,5,26385410,94
269.14,1544517821,2291.18,51.489370,7.404822,177.51,12.18,-0.34,91.41,1,-77,-10,18,14,63,5,26385410,94
270.14,1544517822,2303.33,51.489370,7.404989,177.85,11.90,-0.28,90.54,1,-71,-6,19,12,63,1,26385408,95
271.14,1544517823,2315.21,51.489373,7.405152,178.16,11.62,-0.28,89.67,1,-71,-6,19,12,63,1,26385408,95
272.15,1544517825,2326.98,51.489376,7.405340,178.55,11.73,0.11,88.73,1,-70,-7,14,11,63,1,26385408,95
273.14,1544517825,2338.55,51.489382,7.405503,178.76,11.23,-0.50,87.05,1,-70,-7,14,11,63,1,26385408,95
274.14,1544517826,2349.88,51.489393,7.405669,179.11,10.89,-0.35,85.40,1,-73,-7,22,12,63,1,26385408,95
275.14,1544517827,2360.71,51.489406,7.405816,179.21,10.85,-0.03,83.70,1,-73,-7,22,12,63,1,26385408,95
276.14,1544517828,2371.55,51.489422,7.405956,179.23,9.91,-0.94,81.36,1,-73,-7,22,12,63,1,26385408,95
277.14,1544517829,2381.49,51.489441,7.406075,179.63,9.53,-0.39,80.07,1,-75,-7,13,11,61,1,26385408,95
278.14,1544517830,2391.00,51.489460,7.406202,179.70,8.97,-0.56,78.69,1,-75,-7,13,11,61,1,26385408,95
279.14,1544517831,2399.96,51.489475,7.406325,179.75,8.48,-0.49,78.00,1,-74,-6,17,12,63,1,26385408,95
280.14,1544517832,2408.45,51.489498,7.406456,179.88,8.67,0.19,77.15,1,-74,-6,17,12,63,1,26385408,95
281.14,1544517833,2417.10,51.489526,7.406600,180.21,9.11,0.44,76.62,1,-74,-6,27,12,63,1,26385408,95
282.14,1544517834,2426.21,51.489541,7.406703,180.25,8.65,-0.46,76.84,1,-74,-6,27,12,63,1,26385408,95
283.14,1544517835,2434.87,51.489560,7.406828,180.17,8.64,-0.01,77.46,1,-76,-6,17,12,60,1,26385408,95
284.14,1544517836,2443.53,51.489579,7.406950,180.33,9.75,1.11,77.72,1,-76,-6,17,12,60,1,26385408,95
285.14,1544517837,2453.28,51.489602,7.407111,180.37,10.00,0.26,77.71,1,-77,-7,14,9,61,1,26385408,95
286.14,1544517838,2463.26,51.489626,7.407266,180.52,10.12,0.12,76.89,1,-77,-7,14,9,61,1,26385408,95
287.14,1544517839,2473.38,51.489650,7.407419,180.65,10.13,0.01,76.50,1,-75,-6,14,10,62,1,26385408,95
288.16,1544517841,2483.78,51.489670,7.407554,180.57,10.13,0.01,76.22,1,-75,-6,14,10,62,1,26385408,95
289.14,1544517841,2493.65,51.489689,7.407672,180.46,10.15,0.02,76.21,1,-76,-8,10,11,62,1,26385408,95
290.14,1544517842,2503.79,51.489710,7.407813,180.18,9.64,-0.51,77.29,1,-76,-8,10,11,62,1,26385408,95
291.14,1544517843,2513.43,51.489723,7.407946,179.64,10.49,0.85,80.56,1,-77,-6,9,10,60,1,26385408,95
292.14,1544517844,2523.91,51.489734,7.408079,179.17,9.59,-0.91,82.21,1,-77,-6,9,10,60,1,26385408,95
293.14,1544517845,2533.50,51.489745,7.408206,178.74,10.09,0.50,82.72,1,-80,-7,10,11,58,1,26385408,95
294.14,1544517846,2543.58,51.489759,7.408353,178.17,9.57,-0.52,80.35,1,-80,-7,10,11,58,1,26385408,95
295.15,1544517847,2553.24,51.489775,7.408485,177.73,9.43,-0.13,78.83,1,-79,-7,27,12,58,1,26385408,95
296.14,1544517848,2562.60,51.489796,7.408624,177.31,9.39,-0.05,77.82,1,-79,-7,27,12,58,1,26385408,95
297.14,1544517849,2571.99,51.489817,7.408767,176.88,9.34,-0.05,76.83,1,-79,-7,27,12,58,1,26385408,95
298.14,1544517850,2581.32,51.489838,7.408912,176.68,9.54,0.20,77.40,1,-75,-6,7,12,57,1,26385408,95
299.14,1544517851,2590.87,51.489857,7.409050,176.20,10.46,0.92,77.85,1,-75,-6,7,12,57,1,26385408,95
300.14,1544517852,2601.33,51.489880,7.409233,175.91,11.68,1.22,77.85,1,-74,-6,18,11,62,1,26385408,95
301.14,1544517853,2613.02,51.489901,7.409388,175.49,12.11,0.43,77.48,1,-74,-6,18,11,62,1,26385408,95
302.14,1544517854,2625.14,51.489923,7.409553,174.81,12.53,0.42,77.31,1,-73,-5,12,12,63,1,26385408,95
303.14,1544517855,2637.68,51.489948,7.409760,174.70,12.83,0.30,77.99,1,-73,-5,12,12,63,1,26385408,95
304.14,1544517856,2650.49,51.489969,7.409921,174.25,12.91,0.09,78.46,1,-79,-6,11,10,57,1,26385408,95
305.14,1544517857,2663.41,51.489990,7.410078,173.54,12.84,-0.07,78.85,1,-79,-6,11,10,57,1,26385408,95
306.14,1544517858,2676.24,51.490011,7.410257,173.08,12.76,-0.08,78.97,1,-79,-6,13,12,57,1,26385408,95
307.14,1544517859,2689.02,51.490031,7.410432,172.02,12.49,-0.28,79.68,1,-79,-6,13,12,57,1,26385408,95
308.14,1544517860,2701.50,51.490055,7.410612,170.65,12.57,0.08,78.91,1,-81,-7,10,10,58,1,26385408,95
309.14,1544517861,2714.07,51.490075,7.410773,169.60,12.46,-0.11,78.44,1,-81,-7,10,10,58,1,26385408,95
310.14,1544517862,2726.51,51.490096,7.410938,168.65,13.07,0.62,78.57,1,-86,-7,8,12,50,1,26385408,95
311.14,1544517863,2739.61,51.490123,7.411131,167.33,13.22,0.15,78.17,1,-86,-7,8,12,50,1,26385408,95
312.14,1544517864,2752.78,51.490149,7.411310,165.96,12.53,-0.69,78.08,1,-91,-8,6,10,47,1,26385408,95
