time_s,timestamp_ms,distance_m,latitude,longitude,altitude,velocity_mps,acceleration_mpss,direction,isRegistered,rsrp_dbm,rsrq_db,rssnr_db,cqi,ss,ta,ci,pci
0.05,1544432927,0.00,51.490350,7.412391,168.50,3.35,0.00,77.76,1,-91,-6,12,11,45,7,26385408,95
1.06,1544432928,3.37,51.490378,7.412549,167.87,3.81,0.45,77.48,1,-91,-6,12,11,45,7,26385408,95
2.07,1544432929,7.22,51.490396,7.412672,166.91,9.01,5.15,76.10,1,-88,-6,18,15,47,7,26385408,95
3.06,1544432930,16.13,51.490422,7.412827,165.84,10.84,1.84,77.15,1,-88,-6,18,15,47,7,26385408,95
4.06,1544432931,26.97,51.490445,7.413001,164.72,11.14,0.30,77.67,1,-88,-6,18,15,47,7,26385408,95
5.05,1544432932,38.10,51.490462,7.413147,163.09,11.22,0.08,78.63,1,-86,-6,20,12,49,7,26385408,95
6.05,1544432933,49.32,51.490479,7.413309,161.57,11.44,0.22,79.16,1,-86,-6,20,12,49,7,26385408,95
7.05,1544432934,60.76,51.490496,7.413469,160.25,11.75,0.31,78.54,1,-88,-7,19,15,49,7,26385408,95
8.05,1544432935,72.51,51.490516,7.413633,159.36,11.86,0.11,79.12,1,-88,-7,19,15,49,7,26385408,95
9.06,1544432936,84.38,51.490535,7.413797,158.29,11.80,-0.06,79.20,1,-85,-5,22,10,50,7,26385408,95
10.07,1544432937,96.30,51.490553,7.413966,157.63,11.83,0.03,79.35,1,-85,-5,22,10,50,7,26385408,95
11.05,1544432938,107.98,51.490572,7.414134,157.05,11.97,0.14,78.44,1,-83,-5,18,10,51,7,26385408,95
12.05,1544432939,119.95,51.490592,7.414306,156.39,12.21,0.24,77.59,1,-83,-5,18,10,51,7,26385408,95
13.05,1544432940,132.19,51.490617,7.414484,155.72,12.37,0.16,78.51,1,-82,-5,15,11,53,7,26385408,95
14.05,1544432941,144.56,51.490640,7.414654,155.35,12.31,-0.06,77.76,1,-82,-5,15,11,53,7,26385408,95
15.05,1544432942,156.87,51.490663,7.414847,154.38,12.27,-0.04,78.72,1,-85,-5,14,13,48,7,26385408,95
16.05,1544432943,169.15,51.490676,7.415014,153.98,12.04,-0.23,80.01,1,-85,-5,14,13,48,7,26385408,95
17.06,1544432944,181.20,51.490686,7.415189,153.70,12.04,-0.00,81.22,1,-85,-5,3,11,50,7,26385408,95
18.06,1544432945,193.23,51.490697,7.415366,153.36,11.89,-0.14,82.39,1,-85,-5,3,11,50,7,26385408,95
19.06,1544432946,205.13,51.490707,7.415533,152.78,11.77,-0.12,83.01,1,-84,-6,11,13,52,4,29391105,167
20.06,1544432947,216.95,51.490714,7.415693,152.47,11.45,-0.32,85.25,1,-84,-6,11,13,52,4,29391105,167
21.06,1544432948,228.35,51.490717,7.415835,152.53,11.17,-0.28,87.24,1,-82,-5,25,15,55,4,29391105,167
22.05,1544432949,239.49,51.490715,7.416002,152.41,10.76,-0.42,89.45,1,-82,-5,25,15,55,4,29391105,167
23.06,1544432950,250.35,51.490707,7.416162,151.94,9.74,-1.01,91.73,1,-85,-9,21,10,53,4,29391105,167
24.06,1544432951,260.02,51.490696,7.416298,152.05,8.44,-1.31,94.28,1,-85,-9,21,10,53,4,29391105,167
25.06,1544432952,268.45,51.490684,7.416405,152.12,8.08,-0.35,96.64,1,-85,-9,21,10,53,4,29391105,167
26.05,1544432953,276.53,51.490672,7.416519,152.28,7.93,-0.15,98.21,1,-85,-6,24,15,50,4,29391105,167
27.06,1544432954,284.47,51.490656,7.416640,152.43,7.93,-0.00,100.10,1,-85,-6,24,15,50,4,29391105,167
28.06,1544432955,292.40,51.490638,7.416779,152.46,7.89,-0.04,101.98,1,-82,-6,21,15,54,4,29391105,167
29.05,1544432956,300.28,51.490621,7.416890,152.91,7.92,0.03,102.66,1,-82,-6,21,15,54,4,29391105,167
30.06,1544432957,308.23,51.490603,7.416990,153.29,8.15,0.24,101.39,1,-74,-5,29,15,62,4,29391105,167
31.06,1544432958,316.37,51.490607,7.417089,153.80,6.30,-1.85,79.18,1,-74,-5,29,15,62,4,29391105,167
32.05,1544432959,322.64,51.490634,7.417138,154.23,6.44,0.14,48.55,1,-86,-6,25,12,49,4,29391105,167
33.06,1544432960,329.11,51.490668,7.417176,154.64,6.19,-0.25,27.05,1,-86,-6,25,12,49,4,29391105,167
34.05,1544432961,335.29,51.490718,7.417184,155.25,7.09,0.90,358.71,1,-92,-6,14,12,44,4,29391105,167
35.05,1544432962,342.38,51.490778,7.417185,155.78,7.53,0.44,355.99,1,-92,-6,14,12,44,4,29391105,167
36.05,1544432963,349.91,51.490848,7.417173,155.86,8.28,0.75,353.89,1,-95,-6,16,9,41,4,29391105,167
37.05,1544432964,358.19,51.490919,7.417156,155.54,8.51,0.23,352.51,1,-95,-6,16,9,41,4,29391105,167
38.06,1544432965,366.71,51.490998,7.417128,155.63,8.45,-0.06,351.08,1,-94,-9,9,9,45,4,29391105,167
39.06,1544432966,375.16,51.491090,7.417095,155.82,8.99,0.55,349.81,1,-94,-9,9,9,45,4,29391105,167
40.06,1544432967,384.18,51.491189,7.417066,155.51,9.42,0.43,349.15,1,-92,-6,13,12,44,4,29391105,167
41.05,1544432968,393.55,51.491290,7.417033,155.44,10.33,0.91,348.74,1,-92,-6,13,12,44,4,29391105,167
42.06,1544432969,403.89,51.491393,7.417001,155.64,10.20,-0.13,348.20,1,-95,-8,11,11,40,4,29391105,167
43.06,1544432970,414.09,51.491480,7.416969,155.75,10.28,0.08,347.59,1,-95,-8,11,11,40,4,29391105,167
44.07,1544432971,424.47,51.491574,7.416931,156.04,10.31,0.03,347.10,1,-95,-9,7,11,41,4,29391105,167
45.06,1544432972,434.69,51.491659,7.416893,155.99,10.06,-0.25,345.88,1,-95,-9,7,11,41,4,29391105,167
46.06,1544432973,444.77,51.491752,7.416850,155.89,10.11,0.05,344.34,1,-95,-9,7,11,41,4,29391105,167
47.06,1544432974,454.88,51.491839,7.416804,155.87,9.77,-0.34,342.45,1,-94,-8,8,11,43,4,29391105,167
48.06,1544432975,464.64,51.491915,7.416753,155.96,9.79,0.02,339.76,1,-94,-8,8,11,43,4,29391105,167
49.05,1544432976,474.41,51.491993,7.416693,155.85,10.23,0.45,337.53,1,-90,-6,16,9,45,4,29391105,167
50.06,1544432977,484.69,51.492077,7.416627,155.58,10.61,0.38,335.05,1,-90,-6,16,9,45,4,29391105,167
51.06,1544432978,495.30,51.492164,7.416548,155.23,10.99,0.38,333.42,1,-87,-7,15,10,50,4,29391105,167
52.05,1544432979,506.24,51.492254,7.416462,155.04,11.42,0.43,332.27,1,-87,-7,15,10,50,4,29391105,167
53.05,1544432980,517.65,51.492329,7.416384,154.77,11.81,0.38,332.75,1,-90,-8,13,13,48,4,29391105,167
54.05,1544432981,529.47,51.492432,7.416291,154.58,12.32,0.51,334.04,1,-90,-8,13,13,48,4,29391105,167
55.05,1544432982,541.78,51.492531,7.416222,154.41,12.33,0.01,336.68,1,-92,-7,9,8,44,4,29391105,167
56.06,1544432983,554.14,51.492636,7.416161,153.90,12.35,0.02,339.72,1,-92,-7,9,8,44,4,29391105,167
57.06,1544432984,566.49,51.492765,7.416101,153.41,11.74,-0.62,342.14,1,-98,-7,11,15,39,4,29391105,167
58.05,1544432985,578.21,51.492868,7.416057,153.57,12.71,0.98,344.70,1,-98,-7,11,15,39,4,29391105,167
59.05,1544432986,590.92,51.492955,7.416021,153.50,12.22,-0.50,343.73,1,-101,-10,13,15,40,4,29391105,167
60.06,1544432987,603.20,51.493064,7.415978,154.05,11.84,-0.37,344.97,1,-101,-10,13,15,40,4,29391105,167
61.06,1544432988,615.06,51.493185,7.415933,154.09,12.14,0.29,346.10,1,-96,-9,8,13,41,4,29391105,167
62.06,1544432989,627.18,51.493294,7.415896,153.53,12.02,-0.11,346.66,1,-96,-9,8,13,41,4,29391105,167
63.06,1544432990,639.22,51.493395,7.415865,153.56,11.86,-0.16,347.11,1,-95,-8,6,11,41,4,29391105,167
64.06,1544432991,651.01,51.493484,7.415836,153.05,11.69,-0.17,348.09,1,-95,-8,6,11,41,4,29391105,167
65.06,1544432992,662.70,51.493601,7.415806,152.82,11.80,0.11,348.44,1,-95,-9,5,15,42,4,29391105,167
66.05,1544432993,674.49,51.493715,7.415771,152.68,11.88,0.08,347.54,1,-95,-9,5,15,42,4,29391105,167
67.07,1544432994,686.50,51.493823,7.415739,152.81,12.07,0.20,348.23,1,-91,-11,8,8,48,4,29391105,167
68.06,1544432995,698.47,51.493935,7.415703,153.43,11.79,-0.28,347.31,1,-91,-11,8,8,48,4,29391105,167
69.06,1544432996,710.24,51.494046,7.415661,153.57,11.91,0.12,345.27,1,-91,-11,8,8,48,4,29391105,167
70.06,1544432997,722.22,51.494143,7.415623,153.22,9.75,-2.15,345.36,1,-93,-8,7,10,45,4,29391105,167
71.06,1544432998,731.94,51.494219,7.415591,153.14,7.37,-2.39,346.08,1,-93,-8,7,10,45,4,29391105,167
72.05,1544432999,739.27,51.494277,7.415570,153.01,6.17,-1.20,346.49,1,-94,-8,16,15,44,4,29391105,167
73.06,1544433000,745.47,51.494334,7.415548,153.12,5.36,-0.81,346.91,1,-94,-8,16,15,44,4,29391105,167
74.06,1544433001,750.83,51.494380,7.415527,153.19,3.58,-1.78,347.67,1,-91,-8,10,14,45,4,29391105,167
75.06,1544433002,754.42,51.494423,7.415518,153.27,1.20,-2.38,346.05,1,-91,-8,10,14,45,4,29391105,167
76.06,1544433003,755.62,51.494432,7.415501,153.47,0.29,-0.91,346.05,1,-98,-11,6,9,44,4,29391105,167
77.06,1544433004,755.91,51.494432,7.415501,153.50,0.00,-0.29,346.05,1,-98,-11,6,9,44,4,29391105,167
78.06,1544433005,755.91,51.494432,7.415501,153.54,0.00,0.00,346.05,1,-98,-12,7,7,45,4,29391105,167
79.06,1544433006,755.91,51.494432,7.415501,153.58,0.00,0.00,346.05,1,-98,-12,7,7,45,4,29391105,167
80.06,1544433007,755.91,51.494432,7.415501,153.62,0.00,0.00,346.05,1,-94,-11,0,9,49,4,29391105,167
81.06,1544433008,755.91,51.494432,7.415501,153.67,0.00,0.00,346.05,1,-94,-11,0,9,49,4,29391105,167
82.05,1544433009,755.91,51.494432,7.415501,153.71,0.00,0.00,346.05,1,-95,-11,4,5,47,4,29391105,167
83.06,1544433010,755.91,51.494432,7.415501,153.75,0.00,0.00,346.05,1,-95,-11,4,5,47,4,29391105,167
84.06,1544433011,755.91,51.494432,7.415501,153.80,0.00,0.00,346.05,1,-98,-11,1,6,44,4,29391105,167
85.06,1544433012,755.91,51.494432,7.415501,153.85,0.00,0.00,346.05,1,-98,-11,1,6,44,4,29391105,167
86.06,1544433013,755.91,51.494432,7.415501,153.90,0.00,0.00,346.05,1,-95,-11,5,7,48,4,29391105,167
87.06,1544433014,755.91,51.494432,7.415501,153.96,0.00,0.00,346.05,1,-95,-11,5,7,48,4,29391105,167
88.06,1544433015,755.91,51.494432,7.415501,154.02,0.00,0.00,346.05,1,-94,-11,-2,6,48,4,29391105,167
89.06,1544433016,755.91,51.494432,7.415501,154.08,0.00,0.00,346.05,1,-94,-11,-2,6,48,4,29391105,167
90.07,1544433017,755.91,51.494432,7.415501,154.13,0.00,0.00,346.05,1,-94,-11,8,9,49,4,29391105,167
91.06,1544433018,755.91,51.494432,7.415501,154.18,0.00,0.00,346.05,1,-94,-11,8,9,49,4,29391105,167
92.06,1544433019,755.91,51.494432,7.415501,154.21,0.00,0.00,346.05,1,-94,-11,8,9,49,4,29391105,167
93.06,1544433020,755.91,51.494432,7.415501,154.25,0.00,0.00,346.05,1,-94,-11,3,9,47,4,29391105,167
94.06,1544433021,755.91,51.494432,7.415501,154.29,0.00,0.00,346.05,1,-94,-11,3,9,47,4,29391105,167
95.06,1544433022,755.91,51.494432,7.415501,154.33,0.00,0.00,346.05,1,-94,-13,6,5,49,4,29391105,167
96.06,1544433023,755.91,51.494432,7.415501,154.38,0.00,0.00,346.05,1,-94,-13,6,5,49,4,29391105,167
97.06,1544433024,755.91,51.494432,7.415501,154.42,0.00,0.00,346.05,1,-98,-11,19,9,45,4,29391105,167
98.06,1544433025,755.91,51.494432,7.415501,154.47,0.00,0.00,346.05,1,-98,-11,19,9,45,4,29391105,167
99.06,1544433026,755.91,51.494432,7.415501,154.52,0.00,0.00,346.05,1,-94,-10,2,7,48,4,29391105,167
100.06,1544433027,755.91,51.494432,7.415501,154.57,0.00,0.00,346.05,1,-94,-10,2,7,48,4,29391105,167
101.06,1544433028,755.91,51.494432,7.415501,154.62,0.00,0.00,346.05,1,-94,-10,11,8,49,4,29391105,167
102.05,1544433029,755.91,51.494436,7.415500,155.05,0.00,0.00,350.14,1,-94,-10,11,8,49,4,29391105,167
103.05,1544433030,755.91,51.494421,7.415502,155.37,0.00,0.00,344.16,1,-92,-10,10,6,49,4,29391105,167
104.05,1544433031,755.91,51.494429,7.415493,155.63,0.65,0.00,348.62,1,-92,-10,10,6,49,4,29391105,167
105.06,1544433032,756.56,51.494443,7.415485,155.86,1.03,0.38,355.63,1,-92,-12,9,8,50,4,29391105,167
106.06,1544433033,757.60,51.494467,7.415463,156.06,1.47,0.43,340.33,1,-92,-12,9,8,50,4,29391105,167
107.06,1544433034,759.06,51.494486,7.415449,156.22,1.75,0.28,335.87,1,-90,-7,12,12,48,4,29391105,167
108.06,1544433035,760.81,51.494512,7.415436,156.30,1.72,-0.03,348.18,1,-90,-7,12,12,48,4,29391105,167
109.05,1544433036,762.52,51.494519,7.415434,156.31,0.97,-0.75,348.18,1,-92,-9,24,10,48,4,29391105,167
110.06,1544433037,763.50,51.494519,7.415436,156.33,0.54,-0.42,348.18,1,-92,-9,24,10,48,4,29391105,167
111.07,1544433038,764.04,51.494525,7.415437,156.36,0.00,-0.54,348.18,1,-88,-8,10,6,50,4,29391104,165
112.06,1544433039,764.04,51.494533,7.415443,156.55,0.00,0.00,348.18,1,-88,-8,10,6,50,4,29391104,165
113.05,1544433040,764.04,51.494541,7.415452,156.70,0.00,0.00,348.18,1,-88,-8,10,6,50,4,29391104,165
114.06,1544433041,764.04,51.494545,7.415448,156.82,0.00,0.00,254.70,1,-88,-9,7,11,52,4,29391104,165
115.06,1544433042,764.04,51.494551,7.415450,156.66,0.00,0.00,259.25,1,-88,-9,7,11,52,4,29391104,165
116.06,1544433043,764.04,51.494556,7.415457,156.62,0.00,0.00,259.25,1,-88,-8,7,8,51,4,29391104,165
117.06,1544433044,764.04,51.494560,7.415457,156.19,0.00,0.00,351.72,1,-88,-8,7,8,51,4,29391104,165
118.06,1544433045,764.04,51.494561,7.415457,155.84,0.00,0.00,339.96,1,-89,-8,10,5,51,4,29391104,165
119.06,1544433046,764.04,51.494558,7.415459,155.61,1.17,0.00,295.51,1,-89,-8,10,5,51,4,29391104,165
120.06,1544433047,765.22,51.494556,7.415402,154.38,2.56,1.38,267.43,1,-93,-10,10,9,48,4,29391104,165
121.06,1544433048,767.77,51.494541,7.415287,153.70,3.99,1.43,253.51,1,-93,-10,10,9,48,4,29391104,165
122.05,1544433049,771.74,51.494530,7.415141,154.01,5.22,1.24,261.71,1,-91,-9,6,6,47,4,29391104,165
123.05,1544433050,776.96,51.494519,7.415018,154.31,6.25,1.03,261.54,1,-91,-9,6,6,47,4,29391104,165
124.05,1544433051,783.21,51.494499,7.414864,154.95,10.87,4.62,257.53,1,-93,-10,5,8,45,4,29391104,165
125.06,1544433052,794.11,51.494474,7.414703,155.91,11.39,0.51,258.33,1,-93,-10,5,8,45,4,29391104,165
126.06,1544433053,805.51,51.494450,7.414520,156.80,12.01,0.62,259.31,1,-96,-8,8,5,41,4,29391104,165
127.06,1544433054,817.51,51.494427,7.414357,157.28,11.87,-0.14,258.46,1,-96,-8,8,5,41,4,29391104,165
128.06,1544433055,829.37,51.494401,7.414183,157.93,11.80,-0.07,259.11,1,-91,-8,16,7,48,4,29391104,165
129.06,1544433056,841.18,51.494373,7.413993,158.98,12.28,0.47,258.86,1,-91,-8,16,7,48,4,29391104,165
130.06,1544433057,853.49,51.494345,7.413809,160.43,12.40,0.13,258.47,1,-87,-7,22,12,52,4,29391104,165
131.05,1544433058,865.84,51.494310,7.413617,162.27,12.18,-0.22,257.76,1,-87,-7,22,12,52,4,29391104,165
132.06,1544433059,878.11,51.494279,7.413445,164.32,12.13,-0.05,257.67,1,-86,-9,12,9,52,4,29391104,165
133.05,1544433060,890.13,51.494253,7.413293,165.89,12.26,0.13,258.16,1,-86,-9,12,9,52,4,29391104,165
134.05,1544433061,902.40,51.494229,7.413134,166.89,12.25,-0.01,257.74,1,-86,-9,12,9,52,4,29391104,165
135.06,1544433062,914.68,51.494203,7.412959,167.26,12.51,0.26,258.25,1,-83,-9,13,10,57,4,29391104,165
136.06,1544433063,927.19,51.494177,7.412779,167.53,12.67,0.16,258.70,1,-83,-9,13,10,57,4,29391104,165
137.05,1544433064,939.84,51.494154,7.412613,167.26,12.69,0.02,258.18,1,-88,-7,12,14,50,4,29391104,165
138.06,1544433065,952.54,51.494128,7.412429,167.10,12.80,0.11,258.36,1,-88,-7,12,14,50,4,29391104,165
139.05,1544433066,965.33,51.494105,7.412249,167.18,12.82,0.02,257.97,1,-78,-6,15,15,57,4,29391104,165
140.06,1544433067,978.22,51.494081,7.412069,167.39,13.13,0.31,258.20,1,-78,-6,15,15,57,4,29391104,165
141.05,1544433068,991.27,51.494056,7.411884,167.65,13.46,0.33,258.66,1,-83,-7,17,15,54,4,29391104,165
142.05,1544433069,1004.71,51.494031,7.411700,167.71,13.31,-0.16,257.79,1,-83,-7,17,15,54,4,29391104,165
143.05,1544433070,1018.03,51.494005,7.411504,167.80,13.63,0.32,257.97,1,-79,-7,21,14,56,4,29391104,165
144.05,1544433071,1031.66,51.493978,7.411310,168.01,13.67,0.04,257.50,1,-79,-7,21,14,56,4,29391104,165
145.06,1544433072,1045.36,51.493952,7.411116,168.41,13.66,-0.01,257.81,1,-83,-6,21,14,53,4,29391104,165
146.05,1544433073,1059.01,51.493926,7.410919,168.54,13.73,0.07,257.97,1,-83,-6,21,14,53,4,29391104,165
147.05,1544433074,1072.73,51.493900,7.410726,168.82,13.65,-0.08,257.65,1,-79,-7,21,13,58,4,29391104,165
148.05,1544433075,1086.39,51.493873,7.410528,169.37,13.78,0.12,258.30,1,-79,-7,21,13,58,4,29391104,165
149.05,1544433076,1100.16,51.493846,7.410343,169.73,13.58,-0.19,258.38,1,-84,-7,13,14,54,4,29391104,165
150.06,1544433077,1113.81,51.493817,7.410149,170.34,13.66,0.08,258.54,1,-84,-7,13,14,54,4,29391104,165
151.06,1544433078,1127.46,51.493790,7.409952,170.91,13.94,0.28,258.16,1,-85,-9,8,13,54,4,29391104,165
152.05,1544433079,1141.31,51.493762,7.409756,171.04,14.05,0.11,257.63,1,-85,-9,8,13,54,4,29391104,165
153.06,1544433080,1155.54,51.493734,7.409554,171.20,13.86,-0.19,257.95,1,-86,-9,10,11,52,4,29391104,165
154.06,1544433081,1169.28,51.493708,7.409358,171.42,13.57,-0.29,258.55,1,-86,-9,10,11,52,4,29391104,165
155.06,1544433082,1182.86,51.493681,7.409159,171.88,13.78,0.21,258.33,1,-86,-9,10,11,52,4,29391104,165
156.06,1544433083,1196.64,51.493654,7.408965,172.35,13.68,-0.10,258.20,1,-84,-8,13,12,55,4,29391104,165
157.06,1544433084,1210.31,51.493628,7.408774,172.72,13.60,-0.07,258.20,1,-84,-8,13,12,55,4,29391104,165
158.05,1544433085,1223.88,51.493602,7.408580,173.31,13.66,0.06,257.93,1,-85,-7,11,6,53,3,29391106,166
159.06,1544433086,1237.56,51.493575,7.408386,173.69,13.91,0.25,257.71,1,-85,-7,11,6,53,3,29391106,166
160.06,1544433087,1251.54,51.493548,7.408189,174.14,14.09,0.18,258.26,1,-83,-7,7,9,55,3,29391106,166
161.06,1544433088,1265.61,51.493519,7.407978,174.85,14.34,0.25,258.40,1,-83,-7,7,9,55,3,29391106,166
162.06,1544433089,1279.95,51.493492,7.407778,175.51,14.18,-0.16,258.36,1,-84,-8,7,10,55,3,29391106,166
163.05,1544433090,1294.04,51.493465,7.407579,175.90,13.79,-0.39,258.39,1,-84,-8,7,10,55,3,29391106,166
164.05,1544433091,1307.82,51.493440,7.407390,176.09,13.56,-0.23,258.09,1,-83,-8,11,8,53,3,29391106,166
165.06,1544433092,1321.44,51.493415,7.407206,175.68,13.54,-0.03,258.56,1,-83,-8,11,8,53,3,29391106,166
166.05,1544433093,1334.95,51.493389,7.407016,175.31,13.22,-0.32,258.42,1,-87,-7,15,12,49,3,29391106,166
167.05,1544433094,1348.17,51.493366,7.406838,174.78,13.18,-0.04,258.53,1,-87,-7,15,12,49,3,29391106,166
168.06,1544433095,1361.37,51.493343,7.406652,174.64,13.42,0.24,258.33,1,-87,-7,11,9,52,3,29391106,166
169.06,1544433096,1374.78,51.493321,7.406468,174.01,13.76,0.34,258.29,1,-87,-7,11,9,52,3,29391106,166
170.06,1544433097,1388.60,51.493300,7.406279,173.57,13.61,-0.15,257.85,1,-90,-8,9,12,49,3,29391106,166
171.06,1544433098,1402.17,51.493281,7.406095,173.12,13.44,-0.17,258.00,1,-90,-8,9,12,49,3,29391106,166
172.05,1544433099,1415.54,51.493258,7.405901,173.01,13.63,0.19,258.05,1,-88,-8,10,8,49,3,29391106,166
173.05,1544433100,1429.20,51.493233,7.405701,172.74,14.13,0.50,257.63,1,-88,-8,10,8,49,3,29391106,166
174.06,1544433101,1443.40,51.493209,7.405502,172.62,14.41,0.28,258.23,1,-90,-8,9,6,47,3,29391106,166
175.06,1544433102,1457.77,51.493184,7.405290,172.39,14.79,0.38,258.86,1,-90,-8,9,6,47,3,29391106,166
176.05,1544433103,1472.53,51.493162,7.405088,172.09,14.85,0.06,258.09,1,-90,-8,9,6,47,3,29391106,166
177.05,1544433104,1487.39,51.493137,7.404885,171.77,14.53,-0.32,257.75,1,-92,-7,8,7,46,3,29391106,166
178.05,1544433105,1501.92,51.493112,7.404684,171.50,14.35,-0.18,257.87,1,-92,-7,8,7,46,3,29391106,166
179.06,1544433106,1516.30,51.493086,7.404477,171.25,14.51,0.15,257.90,1,-91,-7,9,7,46,3,29391106,166
180.06,1544433107,1530.81,51.493061,7.404271,171.03,14.34,-0.16,257.98,1,-91,-7,9,7,46,3,29391106,166
181.06,1544433108,1545.18,51.493035,7.404066,170.76,14.16,-0.19,258.24,1,-92,-7,10,8,45,3,29391106,166
182.05,1544433109,1559.25,51.493011,7.403862,170.64,13.96,-0.20,258.70,1,-92,-7,10,8,45,3,29391106,166
183.06,1544433110,1573.30,51.492998,7.403668,170.39,13.37,-0.58,261.18,1,-91,-8,11,10,46,3,29391106,166
184.06,1544433111,1586.67,51.492988,7.403463,170.04,13.26,-0.11,263.42,1,-91,-8,11,10,46,3,29391106,166
185.06,1544433112,1599.95,51.492982,7.403272,169.55,13.23,-0.04,264.69,1,-91,-7,9,11,46,3,29391106,166
186.06,1544433113,1613.13,51.492981,7.403102,168.76,13.13,-0.10,265.42,1,-91,-7,9,11,46,3,29391106,166
187.06,1544433114,1626.26,51.492980,7.402907,168.14,11.99,-1.14,266.31,1,-94,-7,10,8,42,3,29391106,166
188.06,1544433115,1638.24,51.492979,7.402741,167.88,10.40,-1.58,268.07,1,-94,-7,10,8,42,3,29391106,166
189.06,1544433116,1648.64,51.492985,7.402614,167.30,9.20,-1.21,269.50,1,-98,-7,5,6,39,7,26385410,94
190.06,1544433117,1657.87,51.492990,7.402486,166.52,8.58,-0.61,270.34,1,-98,-7,5,6,39,7,26385410,94
191.05,1544433118,1666.41,51.492996,7.402366,165.57,7.85,-0.74,270.72,1,-91,-9,10,7,49,7,26385410,94
192.05,1544433119,1674.25,51.493000,7.402262,164.62,6.64,-1.21,271.15,1,-91,-9,10,7,49,7,26385410,94
193.05,1544433120,1680.89,51.493003,7.402182,163.74,4.74,-1.91,272.09,1,-91,-7,13,8,47,7,26385410,94
194.05,1544433121,1685.63,51.493007,7.402125,163.68,3.09,-1.64,271.68,1,-91,-7,13,8,47,7,26385410,94
195.06,1544433122,1688.73,51.493009,7.402097,163.63,1.28,-1.80,268.19,1,-93,-7,12,10,45,7,26385410,94
196.06,1544433123,1690.01,51.493009,7.402097,163.63,0.00,-1.28,268.19,1,-93,-7,12,10,45,7,26385410,94
197.06,1544433124,1690.01,51.493009,7.402097,163.62,0.00,0.00,268.19,1,-92,-7,10,9,46,7,26385410,94
198.06,1544433125,1690.01,51.493009,7.402097,163.62,0.00,0.00,268.19,1,-92,-7,10,9,46,7,26385410,94
199.06,1544433126,1690.01,51.493009,7.402097,163.61,0.00,0.00,268.19,1,-92,-7,10,9,46,7,26385410,94
200.06,1544433127,1690.01,51.493009,7.402097,163.60,0.00,0.00,268.19,1,-92,-7,13,8,46,7,26385410,94
201.06,1544433128,1690.01,51.493009,7.402097,163.59,0.00,0.00,268.19,1,-92,-7,13,8,46,7,26385410,94
202.06,1544433129,1690.01,51.493009,7.402097,163.58,0.00,0.00,268.19,1,-92,-6,10,8,45,7,26385410,94
203.06,1544433130,1690.01,51.493009,7.402097,163.57,0.00,0.00,268.19,1,-92,-6,10,8,45,7,26385410,94
204.06,1544433131,1690.01,51.493009,7.402097,163.55,0.00,0.00,268.19,1,-93,-7,12,6,45,7,26385410,94
205.06,1544433132,1690.01,51.493009,7.402097,163.54,0.00,0.00,268.19,1,-93,-7,12,6,45,7,26385410,94
206.06,1544433133,1690.01,51.493009,7.402097,163.52,0.00,0.00,268.19,1,-92,-7,10,7,47,7,26385410,94
207.06,1544433134,1690.01,51.493009,7.402097,163.50,0.00,0.00,268.19,1,-92,-7,10,7,47,7,26385410,94
208.06,1544433135,1690.01,51.493009,7.402097,163.48,0.00,0.00,268.19,1,-92,-6,13,7,45,7,26385410,94
209.06,1544433136,1690.01,51.493009,7.402097,163.46,0.00,0.00,268.19,1,-92,-6,13,7,45,7,26385410,94
210.06,1544433137,1690.01,51.493009,7.402097,163.44,0.00,0.00,268.19,1,-92,-7,12,8,46,7,26385410,94
211.05,1544433138,1690.01,51.493009,7.402097,163.42,0.00,0.00,268.19,1,-92,-7,12,8,46,7,26385410,94
212.05,1544433139,1690.01,51.493009,7.402097,163.41,0.00,0.00,268.19,1,-93,-8,16,7,46,7,26385410,94
213.05,1544433140,1690.01,51.493009,7.402097,163.39,0.00,0.00,268.19,1,-93,-8,16,7,46,7,26385410,94
214.05,1544433141,1690.01,51.493009,7.402097,163.38,0.00,0.00,268.19,1,-93,-9,7,5,47,7,26385410,94
215.06,1544433142,1690.01,51.493009,7.402097,163.36,0.00,0.00,268.19,1,-93,-9,7,5,47,7,26385410,94
216.06,1544433143,1690.01,51.493009,7.402097,163.34,0.00,0.00,268.19,1,-94,-7,4,9,44,7,26385410,94
217.06,1544433144,1690.01,51.493009,7.402097,163.33,0.00,0.00,268.19,1,-94,-7,4,9,44,7,26385410,94
218.06,1544433145,1690.01,51.493009,7.402097,163.31,0.00,0.00,268.19,1,-93,-8,13,6,46,7,26385410,94
219.06,1544433146,1690.01,51.493009,7.402097,163.15,0.00,0.00,268.19,1,-93,-8,13,6,46,7,26385410,94
220.06,1544433147,1690.01,51.493009,7.402097,162.99,0.00,0.00,274.43,1,-93,-8,13,6,46,7,26385410,94
221.06,1544433148,1690.01,51.493010,7.402000,162.84,0.00,0.00,273.89,1,-92,-7,7,6,46,7,26385410,94
222.06,1544433149,1690.01,51.493010,7.401946,162.69,3.86,0.00,273.16,1,-92,-7,7,6,46,7,26385410,94
223.06,1544433150,1693.88,51.493003,7.401878,161.23,4.24,0.37,258.54,1,-92,-7,12,7,46,7,26385410,94
224.06,1544433151,1698.12,51.492975,7.401804,160.32,4.83,0.59,236.86,1,-92,-7,12,7,46,7,26385410,94
225.06,1544433152,1702.95,51.492941,7.401756,160.29,3.41,-1.42,213.47,1,-92,-9,6,8,48,7,26385410,94
226.06,1544433153,1706.36,51.492908,7.401735,160.31,3.92,0.51,198.52,1,-92,-9,6,8,48,7,26385410,94
227.05,1544433154,1710.28,51.492886,7.401738,160.90,5.35,1.43,184.53,1,-92,-7,12,9,47,7,26385410,94
228.05,1544433155,1715.63,51.492824,7.401733,161.72,7.15,1.80,183.93,1,-92,-7,12,9,47,7,26385410,94
229.05,1544433156,1722.78,51.492762,7.401739,162.35,8.68,1.52,183.20,1,-90,-7,16,10,49,7,26385410,94
230.06,1544433157,1731.51,51.492675,7.401744,163.13,9.32,0.64,182.70,1,-90,-7,16,10,49,7,26385410,94
231.06,1544433158,1740.78,51.492583,7.401745,163.98,10.29,0.98,182.01,1,-86,-6,18,11,51,7,26385410,94
232.06,1544433159,1751.08,51.492471,7.401742,165.07,11.35,1.06,181.45,1,-86,-6,18,11,51,7,26385410,94
233.05,1544433160,1762.39,51.492365,7.401743,165.90,11.89,0.54,180.81,1,-89,-7,18,11,48,7,26385410,94
234.05,1544433161,1774.30,51.492261,7.401751,166.22,12.34,0.45,180.48,1,-89,-7,18,11,48,7,26385410,94
235.06,1544433162,1786.67,51.492146,7.401752,166.51,12.25,-0.10,181.25,1,-88,-7,18,8,51,7,26385410,94
236.06,1544433163,1798.91,51.492038,7.401753,166.82,12.15,-0.10,180.94,1,-88,-7,18,8,51,7,26385410,94
237.05,1544433164,1811.05,51.491940,7.401755,166.81,12.27,0.12,181.10,1,-88,-7,16,9,50,7,26385410,94
238.06,1544433165,1823.33,51.491830,7.401755,167.02,11.91,-0.36,180.73,1,-88,-7,16,9,50,7,26385410,94
239.06,1544433166,1835.31,51.491719,7.401755,167.47,11.75,-0.15,181.08,1,-87,-6,19,9,48,7,26385410,94
240.06,1544433167,1847.04,51.491604,7.401756,168.34,12.00,0.24,181.66,1,-87,-6,19,9,48,7,26385410,94
241.06,1544433168,1858.99,51.491500,7.401755,168.92,11.86,-0.14,180.80,1,-87,-6,19,9,48,7,26385410,94
242.06,1544433169,1870.85,51.491391,7.401756,169.41,11.60,-0.26,180.43,1,-87,-6,19,11,49,7,26385410,94
243.06,1544433170,1882.45,51.491284,7.401755,169.69,11.65,0.04,181.35,1,-87,-6,19,11,49,7,26385410,94
244.05,1544433171,1894.09,51.491192,7.401755,169.52,11.01,-0.63,180.95,1,-84,-6,20,12,52,7,26385410,94
245.05,1544433172,1905.10,51.491089,7.401758,169.20,10.81,-0.20,180.50,1,-84,-6,20,12,52,7,26385410,94
246.06,1544433173,1915.92,51.490983,7.401760,169.50,11.11,0.30,179.02,1,-80,-6,22,12,57,7,26385410,94
247.05,1544433174,1927.02,51.490888,7.401766,169.78,11.26,0.15,178.43,1,-80,-6,22,12,57,7,26385410,94
248.06,1544433175,1938.30,51.490774,7.401769,170.63,11.42,0.15,179.01,1,-83,-6,25,15,54,7,26385410,94
249.05,1544433176,1949.70,51.490658,7.401771,171.97,11.36,-0.06,179.58,1,-83,-6,25,15,54,7,26385410,94
250.06,1544433177,1961.11,51.490563,7.401776,172.94,11.28,-0.08,179.66,1,-82,-6,25,15,55,7,26385410,94
251.06,1544433178,1972.36,51.490460,7.401780,173.89,11.44,0.16,179.98,1,-82,-6,25,15,55,7,26385410,94
252.05,1544433179,1983.76,51.490363,7.401782,174.72,11.20,-0.23,180.34,1,-83,-7,21,10,53,7,26385410,94
253.06,1544433180,1995.00,51.490265,7.401780,175.41,11.39,0.19,181.38,1,-83,-7,21,10,53,7,26385410,94
254.05,1544433181,2006.38,51.490161,7.401776,175.91,11.56,0.17,181.48,1,-82,-7,18,9,56,7,26385410,94
255.05,1544433182,2017.94,51.490067,7.401776,176.38,11.22,-0.34,180.89,1,-82,-7,18,9,56,7,26385410,94
256.05,1544433183,2029.16,51.489950,7.401774,177.41,10.76,-0.46,180.44,1,-78,-5,24,12,58,7,26385410,94
257.05,1544433184,2039.92,51.489842,7.401775,179.08,9.80,-0.96,179.59,1,-78,-5,24,12,58,7,26385410,94
258.06,1544433185,2049.73,51.489765,7.401776,180.26,8.55,-1.25,180.02,1,-77,-6,22,15,59,7,26385410,94
259.05,1544433186,2058.27,51.489708,7.401778,180.66,6.72,-1.83,180.81,1,-77,-6,22,15,59,7,26385410,94
260.07,1544433187,2065.06,51.489672,7.401780,180.69,3.99,-2.70,181.55,1,-71,-6,25,15,63,7,26385410,94
261.06,1544433188,2069.01,51.489647,7.401779,180.70,2.77,-1.23,180.79,1,-71,-6,25,15,63,7,26385410,94
262.05,1544433189,2071.77,51.489626,7.401777,180.72,2.43,-0.34,180.66,1,-71,-6,25,15,63,7,26385410,94
263.06,1544433190,2074.21,51.489593,7.401779,180.31,4.17,1.73,179.65,1,-70,-6,26,15,63,7,26385410,94
264.05,1544433191,2078.38,51.489546,7.401781,180.06,5.61,1.44,180.00,1,-70,-6,26,15,63,7,26385410,94
265.05,1544433192,2083.99,51.489486,7.401782,180.48,6.23,0.62,180.47,1,-68,-6,28,15,63,7,26385410,94
266.06,1544433193,2090.22,51.489438,7.401805,180.95,5.64,-0.59,161.25,1,-68,-6,28,15,63,7,26385410,94
267.06,1544433194,2095.85,51.489403,7.401867,181.14,6.06,0.43,124.16,1,-66,-5,27,10,63,7,26385410,94
268.05,1544433195,2101.91,51.489397,7.401951,180.90,7.52,1.46,98.09,1,-66,-5,27,10,63,7,26385410,94
269.05,1544433196,2109.43,51.489392,7.402070,180.67,8.66,1.14,95.29,1,-67,-5,20,13,63,7,26385410,94
270.06,1544433197,2118.13,51.489393,7.402219,180.34,9.40,0.74,93.50,1,-67,-5,20,13,63,7,26385410,94
271.05,1544433198,2127.49,51.489400,7.402349,180.02,10.16,0.76,93.08,1,-68,-6,29,15,63,7,26385410,94
272.06,1544433199,2137.68,51.489405,7.402484,179.78,10.44,0.28,92.33,1,-68,-6,29,15,63,7,26385410,94
273.05,1544433200,2148.09,51.489411,7.402631,179.60,11.21,0.77,91.84,1,-76,-7,27,15,61,7,26385410,94
274.06,1544433201,2159.31,51.489413,7.402801,179.38,11.72,0.51,91.22,1,-76,-7,27,15,61,7,26385410,94
275.06,1544433202,2171.03,51.489415,7.402983,179.20,12.25,0.54,91.38,1,-71,-5,24,15,63,7,26385410,94
276.06,1544433203,2183.28,51.489416,7.403173,179.15,12.45,0.20,90.61,1,-71,-5,24,15,63,7,26385410,94
277.05,1544433204,2195.72,51.489416,7.403346,179.00,12.72,0.27,90.77,1,-69,-6,22,15,63,7,26385410,94
278.06,1544433205,2208.45,51.489416,7.403532,179.08,12.63,-0.09,90.71,1,-69,-6,22,15,63,7,26385410,94
279.06,1544433206,2221.08,51.489414,7.403727,179.47,12.52,-0.11,90.88,1,-70,-6,19,15,63,7,26385410,94
280.06,1544433207,2233.66,51.489415,7.403903,180.07,12.13,-0.39,90.32,1,-70,-6,19,15,63,7,26385410,94
281.06,1544433208,2245.85,51.489417,7.404053,180.25,12.01,-0.12,90.78,1,-76,-7,22,12,63,7,26385410,94
282.05,1544433209,2257.74,51.489419,7.404229,180.46,11.92,-0.09,90.20,1,-76,-7,22,12,63,7,26385410,94
283.06,1544433210,2269.69,51.489421,7.404395,180.59,11.88,-0.03,89.41,1,-76,-7,22,12,63,7,26385410,94
284.06,1544433211,2281.57,51.489422,7.404561,180.53,11.63,-0.26,90.31,1,-76,-9,5,10,63,7,26385410,94
285.06,1544433212,2293.20,51.489423,7.404729,180.56,11.50,-0.14,91.17,1,-76,-9,5,10,63,7,26385410,94
286.05,1544433213,2304.67,51.489422,7.404891,180.70,11.54,0.05,91.63,1,-76,-8,8,15,63,1,26385408,95
287.06,1544433214,2316.22,51.489419,7.405059,180.80,11.45,-0.09,91.22,1,-76,-8,8,15,63,1,26385408,95
288.06,1544433215,2327.68,51.489418,7.405226,180.77,11.22,-0.23,90.02,1,-75,-7,13,15,63,1,26385408,95
289.05,1544433216,2338.88,51.489421,7.405381,180.63,11.11,-0.11,88.48,1,-75,-7,13,15,63,1,26385408,95
290.06,1544433217,2350.05,51.489427,7.405539,180.64,11.29,0.18,86.90,1,-73,-7,17,9,63,1,26385408,95
291.06,1544433218,2361.33,51.489436,7.405694,180.44,11.43,0.13,84.90,1,-73,-7,17,9,63,1,26385408,95
292.05,1544433219,2372.68,51.489447,7.405854,180.06,11.29,-0.13,83.74,1,-75,-7,13,9,61,1,26385408,95
293.06,1544433220,2384.03,51.489462,7.406021,179.82,11.12,-0.17,82.22,1,-75,-7,13,9,61,1,26385408,95
294.06,1544433221,2395.15,51.489483,7.406180,179.39,11.26,0.14,80.51,1,-76,-6,28,15,61,1,26385408,95
295.05,1544433222,2406.38,51.489507,7.406343,178.87,11.20,-0.06,79.03,1,-76,-6,28,15,61,1,26385408,95
296.05,1544433223,2417.58,51.489533,7.406509,178.81,11.45,0.25,78.17,1,-76,-6,25,15,60,1,26385408,95
297.06,1544433224,2429.04,51.489557,7.406660,178.76,11.52,0.07,78.43,1,-76,-6,25,15,60,1,26385408,95
298.05,1544433225,2440.55,51.489583,7.406817,178.86,11.24,-0.28,78.34,1,-75,-5,22,15,62,1,26385408,95
299.06,1544433226,2451.80,51.489605,7.406960,178.78,9.89,-1.35,78.10,1,-75,-5,22,15,62,1,26385408,95
300.06,1544433227,2461.73,51.489625,7.407082,178.59,8.82,-1.07,78.03,1,-72,-6,21,15,63,1,26385408,95
301.06,1544433228,2470.51,51.489647,7.407216,178.55,8.51,-0.31,77.67,1,-72,-6,21,15,63,1,26385408,95
302.06,1544433229,2479.07,51.489666,7.407328,178.63,8.12,-0.39,77.52,1,-77,-6,21,14,62,1,26385408,95
303.05,1544433230,2487.12,51.489682,7.407423,178.44,5.82,-2.32,77.34,1,-77,-6,21,14,62,1,26385408,95
304.06,1544433231,2492.96,51.489692,7.407490,178.43,2.95,-2.86,77.86,1,-77,-6,21,14,62,1,26385408,95
305.05,1544433232,2495.91,51.489695,7.407518,178.39,1.45,-1.51,76.86,1,-79,-6,14,10,56,1,26385408,95
306.05,1544433233,2497.36,51.489703,7.407550,178.40,1.32,-0.12,76.01,1,-79,-6,14,10,56,1,26385408,95
307.05,1544433234,2498.68,51.489706,7.407556,178.38,1.62,0.30,76.01,1,-79,-5,22,10,57,1,26385408,95
308.05,1544433235,2500.30,51.489711,7.407574,178.39,2.55,0.93,72.13,1,-79,-5,22,10,57,1,26385408,95
309.05,1544433236,2502.86,51.489727,7.407632,178.88,4.43,1.88,73.33,1,-78,-6,18,15,59,1,26385408,95
310.06,1544433237,2507.31,51.489742,7.407717,179.12,6.84,2.40,75.24,1,-78,-6,18,15,59,1,26385408,95
311.06,1544433238,2514.16,51.489762,7.407832,179.36,8.14,1.30,76.05,1,-79,-6,14,11,58,1,26385408,95
312.05,1544433239,2522.24,51.489775,7.407947,179.45,8.43,0.30,78.31,1,-79,-6,14,11,58,1,26385408,95
313.06,1544433240,2530.68,51.489784,7.408071,179.57,7.74,-0.69,81.38,1,-78,-7,19,11,59,1,26385408,95
314.06,1544433241,2538.42,51.489791,7.408200,179.50,8.42,0.68,80.54,1,-78,-7,19,11,59,1,26385408,95
315.06,1544433242,2546.84,51.489803,7.408327,179.36,9.05,0.63,79.92,1,-80,-6,20,14,56,1,26385408,95
316.05,1544433243,2555.88,51.489816,7.408463,179.16,9.36,0.31,79.45,1,-80,-6,20,14,56,1,26385408,95
317.05,1544433244,2565.24,51.489830,7.408611,178.93,9.96,0.61,79.06,1,-80,-5,33,12,56,1,26385408,95
318.05,1544433245,2575.20,51.489845,7.408759,178.70,10.09,0.13,78.50,1,-80,-5,33,12,56,1,26385408,95
319.05,1544433246,2585.29,51.489861,7.408905,178.24,10.33,0.24,77.92,1,-79,-5,21,12,57,1,26385408,95
320.06,1544433247,2595.68,51.489877,7.409047,177.91,10.37,0.04,77.59,1,-79,-5,21,12,57,1,26385408,95
321.06,1544433248,2606.02,51.489897,7.409183,177.13,10.15,-0.22,77.24,1,-77,-6,14,11,59,1,26385408,95
322.05,1544433249,2616.14,51.489918,7.409315,176.49,10.01,-0.14,75.81,1,-77,-6,14,11,59,1,26385408,95
323.06,1544433250,2626.25,51.489945,7.409454,175.95,9.81,-0.20,74.42,1,-81,-6,26,10,56,1,26385408,95
324.05,1544433251,2635.96,51.489974,7.409604,175.51,10.39,0.59,75.45,1,-81,-6,26,10,56,1,26385408,95
325.05,1544433252,2646.35,51.489996,7.409750,174.90,10.86,0.47,77.28,1,-81,-6,26,10,56,1,26385408,95
326.06,1544433253,2657.23,51.490011,7.409913,174.27,11.41,0.55,78.58,1,-80,-5,17,10,55,1,26385408,95
327.06,1544433254,2668.64,51.490026,7.410087,173.25,11.83,0.42,79.35,1,-80,-5,17,10,55,1,26385408,95
328.06,1544433255,2680.47,51.490038,7.410268,172.55,12.07,0.23,79.75,1,-81,-6,21,10,54,1,26385408,95
329.05,1544433256,2692.53,51.490052,7.410435,171.85,12.45,0.38,79.39,1,-81,-6,21,10,54,1,26385408,95
330.06,1544433257,2705.02,51.490073,7.410612,170.97,12.41,-0.03,78.85,1,-82,-6,23,10,55,1,26385408,95
331.05,1544433258,2717.39,51.490092,7.410756,169.75,12.44,0.02,77.83,1,-82,-6,23,10,55,1,26385408,95
332.05,1544433259,2729.81,51.490114,7.410913,168.69,12.81,0.37,77.16,1,-85,-8,18,15,54,1,26385408,95
333.05,1544433260,2742.62,51.490141,7.411103,167.73,12.59,-0.22,76.51,1,-85,-8,18,15,54,1,26385408,95
334.05,1544433261,2755.22,51.490171,7.411283,166.83,11.85,-0.73,77.40,1,-86,-8,10,15,51,1,26385408,95
335.06,1544433262,2767.10,51.490195,7.411453,166.46,11.84,-0.01,77.97,1,-86,-8,10,15,51,1,26385408,95
336.06,1544433263,2778.93,51.490217,7.411613,165.98,11.68,-0.16,78.29,1,-87,-6,15,15,48,1,26385408,95
337.06,1544433264,2790.61,51.490239,7.411768,165.56,11.61,-0.07,78.34,1,-87,-6,15,15,48,1,26385408,95
338.05,1544433265,2802.18,51.490262,7.411929,165.18,11.67,0.06,77.72,1,-92,-6,10,15,45,1,26385408,95
