time_s,timestamp_ms,distance_m,latitude,longitude,altitude,velocity_mps,acceleration_mpss,direction,isRegistered,rsrp_dbm,rsrq_db,rssnr_db,cqi,ss,ta,ci,pci
0.01,1544535958,0.01,51.490375,7.412366,161.46,3.82,0.00,66.22,0,-100,-18,0,0,44,0,0,146
0.01,1544535958,0.01,51.490375,7.412366,161.46,3.82,0.00,66.22,0,-100,-19,0,0,44,0,0,266
0.01,1544535958,0.02,51.490375,7.412366,161.46,3.82,0.00,66.22,0,-100,-19,0,0,44,0,0,264
1.00,1544535959,3.81,51.490393,7.412491,161.40,4.12,0.00,78.59,0,-103,-16,0,0,38,0,0,450
1.00,1544535959,3.81,51.490393,7.412491,161.40,4.12,0.00,78.59,0,-105,-16,0,0,36,0,0,306
2.00,1544535960,7.94,51.490410,7.412619,161.24,4.53,0.00,79.31,0,-103,-16,0,0,38,0,0,450
2.00,1544535960,7.94,51.490410,7.412619,161.24,4.53,0.00,79.31,0,-105,-16,0,0,36,0,0,306
3.00,1544535961,12.47,51.490434,7.412775,160.29,9.84,0.00,79.12,0,-99,-16,0,0,43,0,0,450
4.00,1544535962,22.32,51.490462,7.412930,159.28,10.26,0.00,78.97,0,-99,-16,0,0,43,0,0,450
5.00,1544535963,32.57,51.490490,7.413089,158.74,10.65,0.00,78.50,0,-100,-13,0,0,39,0,0,450
6.00,1544535964,43.23,51.490516,7.413262,158.38,11.08,0.00,78.99,0,-100,-13,0,0,39,0,0,450
7.01,1544535965,54.40,51.490536,7.413419,158.06,11.08,0.00,79.55,0,-104,-17,0,0,40,0,0,450
8.00,1544535966,65.39,51.490551,7.413566,158.12,11.45,0.00,79.50,0,-104,-17,0,0,40,0,0,450
9.00,1544535967,76.84,51.490568,7.413731,157.52,12.14,0.00,79.02,0,-104,-17,0,0,40,0,0,450
10.00,1544535968,88.99,51.490584,7.413898,157.19,12.42,0.00,78.59,0,-105,-18,0,0,39,0,0,450
11.00,1544535969,101.41,51.490601,7.414072,156.83,12.19,0.00,79.13,0,-105,-18,0,0,39,0,0,450
12.00,1544535970,113.60,51.490617,7.414255,156.49,12.42,0.00,78.25,0,-107,-19,0,0,38,0,0,450
12.00,1544535970,113.61,51.490617,7.414255,156.49,12.42,0.00,78.25,0,-107,-20,0,0,38,0,0,62
13.00,1544535971,126.03,51.490635,7.414441,155.78,12.49,0.00,78.19,0,-107,-19,0,0,38,0,0,450
13.00,1544535971,126.04,51.490635,7.414441,155.78,12.49,0.00,78.19,0,-107,-20,0,0,38,0,0,62
14.00,1544535972,138.52,51.490655,7.414626,155.06,12.54,0.00,79.02,0,-105,-19,0,0,40,0,0,62
14.00,1544535972,138.52,51.490655,7.414626,155.06,12.54,0.00,79.02,0,-105,-19,0,0,40,0,0,450
15.00,1544535973,151.04,51.490673,7.414804,154.04,12.22,0.00,79.47,0,-105,-19,0,0,40,0,0,62
15.00,1544535973,151.05,51.490673,7.414804,154.04,12.22,0.00,79.47,0,-105,-19,0,0,40,0,0,450
16.00,1544535974,163.27,51.490690,7.414980,152.82,12.27,0.00,80.05,0,-102,-16,0,0,40,0,0,62
16.00,1544535974,163.28,51.490690,7.414980,152.82,12.27,0.00,80.05,0,-105,-19,0,0,40,0,0,450
17.00,1544535975,175.55,51.490705,7.415162,151.71,12.18,0.00,81.20,0,-102,-16,0,0,40,0,0,62
17.00,1544535975,175.56,51.490705,7.415162,151.71,12.18,0.00,81.20,0,-105,-19,0,0,40,0,0,450
18.00,1544535976,187.72,51.490712,7.415316,151.02,12.13,0.00,82.47,0,-99,-15,0,0,42,0,0,62
19.00,1544535977,199.86,51.490716,7.415484,150.56,12.14,0.00,83.84,0,-99,-15,0,0,42,0,0,62
20.00,1544535978,212.02,51.490720,7.415680,150.43,11.98,0.00,85.52,0,-99,-14,0,0,41,0,0,62
20.00,1544535978,212.02,51.490720,7.415680,150.43,11.98,0.00,85.52,0,0,0,0,0,63,0,0,357
20.00,1544535978,212.03,51.490720,7.415680,150.43,11.98,0.00,85.52,0,-225,-225,0,0,63,0,0,240
21.00,1544535979,224.01,51.490720,7.415865,150.09,12.08,0.00,87.61,0,-99,-14,0,0,41,0,0,62
21.01,1544535979,224.02,51.490720,7.415865,150.09,12.08,0.00,87.61,0,0,0,0,0,63,0,0,357
21.01,1544535979,224.03,51.490720,7.415865,150.09,12.08,0.00,87.61,0,-225,-225,0,0,63,0,0,240
22.00,1544535980,236.08,51.490715,7.416057,149.77,12.21,0.00,89.68,0,-104,-18,0,0,40,0,0,452
22.00,1544535980,236.08,51.490715,7.416057,149.77,12.21,0.00,89.68,0,-93,-10,0,0,46,0,0,275
23.00,1544535981,248.22,51.490705,7.416235,149.02,12.16,0.00,92.26,0,-104,-18,0,0,40,0,0,452
23.00,1544535981,248.22,51.490705,7.416235,149.02,12.16,0.00,92.26,0,-93,-10,0,0,46,0,0,275
24.00,1544535982,260.43,51.490687,7.416394,147.55,11.31,0.00,94.55,0,-90,-10,0,0,49,0,0,275
25.00,1544535983,271.73,51.490668,7.416525,146.59,9.38,0.00,97.51,0,-90,-10,0,0,49,0,0,275
26.00,1544535984,281.12,51.490654,7.416609,146.55,7.64,0.00,99.68,0,-92,-12,0,0,49,0,0,275
26.00,1544535984,281.13,51.490654,7.416609,146.55,7.64,0.00,99.68,0,-99,-19,0,0,50,0,0,274
27.02,1544535985,288.87,51.490641,7.416696,146.59,6.55,0.00,101.85,0,-92,-12,0,0,49,0,0,275
27.02,1544535985,288.88,51.490641,7.416696,146.59,6.55,0.00,101.85,0,-99,-19,0,0,50,0,0,274
28.01,1544535986,295.35,51.490630,7.416775,147.18,5.19,0.00,103.02,0,-88,-12,0,0,53,0,0,275
29.00,1544535987,300.50,51.490620,7.416827,147.23,3.75,0.00,103.62,0,-88,-12,0,0,53,0,0,275
30.00,1544535988,304.25,51.490611,7.416878,147.32,2.80,0.00,104.44,0,-88,-12,0,0,53,0,0,275
31.02,1544535989,307.09,51.490604,7.416903,147.39,1.69,0.00,105.28,0,-90,-12,0,0,51,0,0,275
31.02,1544535989,307.09,51.490604,7.416903,147.39,1.69,0.00,105.28,0,-96,-18,0,0,51,0,0,274
32.00,1544535990,308.76,51.490600,7.416908,147.44,0.41,0.00,105.28,0,-90,-12,0,0,51,0,0,275
32.00,1544535990,308.76,51.490600,7.416908,147.44,0.41,0.00,105.28,0,-96,-18,0,0,51,0,0,274
33.00,1544535991,309.17,51.490600,7.416908,147.44,0.00,0.00,105.28,0,-90,-9,0,0,48,0,0,275
33.00,1544535991,309.17,51.490600,7.416908,147.44,0.00,0.00,105.28,0,-96,-16,0,0,48,0,0,274
34.00,1544535992,309.17,51.490600,7.416908,147.44,0.00,0.00,105.28,0,-90,-9,0,0,48,0,0,275
34.00,1544535992,309.17,51.490600,7.416908,147.44,0.00,0.00,105.28,0,-96,-16,0,0,48,0,0,274
35.00,1544535993,309.17,51.490600,7.416908,147.44,0.00,0.00,105.28,0,-91,-12,0,0,50,0,0,275
35.01,1544535993,309.17,51.490600,7.416908,147.44,0.00,0.00,105.28,0,-97,-18,0,0,50,0,0,274
36.00,1544535994,309.17,51.490600,7.416908,147.45,0.00,0.00,105.28,0,-91,-12,0,0,50,0,0,275
36.00,1544535994,309.17,51.490600,7.416908,147.45,0.00,0.00,105.28,0,-97,-18,0,0,50,0,0,274
37.00,1544535995,309.17,51.490600,7.416908,147.45,0.00,0.00,105.28,0,-102,-19,0,0,43,0,0,339
37.00,1544535995,309.17,51.490600,7.416908,147.45,0.00,0.00,105.28,0,-89,-11,0,0,51,0,0,275
38.00,1544535996,309.17,51.490600,7.416908,147.46,0.00,0.00,105.28,0,-102,-19,0,0,43,0,0,339
38.01,1544535996,309.17,51.490600,7.416908,147.46,0.00,0.00,105.28,0,-89,-11,0,0,51,0,0,275
39.00,1544535997,309.17,51.490600,7.416908,147.46,0.00,0.00,105.28,0,-103,-20,0,0,42,0,0,339
39.00,1544535997,309.17,51.490600,7.416908,147.46,0.00,0.00,105.28,0,-90,-9,0,0,48,0,0,275
40.00,1544535998,309.17,51.490600,7.416908,147.47,0.00,0.00,105.28,0,-103,-20,0,0,42,0,0,339
40.00,1544535998,309.17,51.490600,7.416908,147.47,0.00,0.00,105.28,0,-90,-9,0,0,48,0,0,275
41.00,1544535999,309.17,51.490600,7.416908,147.47,0.00,0.00,105.28,0,-90,-12,0,0,51,0,0,275
42.00,1544536000,309.17,51.490600,7.416908,147.48,0.00,0.00,105.28,0,-90,-12,0,0,51,0,0,275
43.00,1544536001,309.17,51.490600,7.416908,147.49,0.00,0.00,105.28,0,-90,-9,0,0,49,0,0,275
44.00,1544536002,309.17,51.490600,7.416908,147.50,0.00,0.00,105.28,0,-90,-9,0,0,49,0,0,275
45.00,1544536003,309.17,51.490600,7.416908,147.51,0.00,0.00,105.28,0,-89,-9,0,0,49,0,0,275
46.00,1544536004,309.17,51.490600,7.416908,147.53,0.00,0.00,105.28,0,-89,-9,0,0,49,0,0,275
47.00,1544536005,309.17,51.490600,7.416908,147.54,0.00,0.00,105.28,0,-89,-10,0,0,50,0,0,275
48.00,1544536006,309.17,51.490600,7.416908,147.55,0.00,0.00,105.28,0,-89,-10,0,0,50,0,0,275
49.02,1544536007,309.17,51.490600,7.416908,147.56,0.00,0.00,105.28,0,-103,-20,0,0,42,0,0,339
49.02,1544536007,309.17,51.490600,7.416908,147.56,0.00,0.00,105.28,0,-90,-8,0,0,48,0,0,275
50.01,1544536008,309.17,51.490600,7.416908,147.57,0.00,0.00,105.28,0,-103,-20,0,0,42,0,0,339
50.01,1544536008,309.17,51.490600,7.416908,147.57,0.00,0.00,105.28,0,-90,-8,0,0,48,0,0,275
51.00,1544536009,309.17,51.490600,7.416908,147.59,0.00,0.00,105.28,0,-103,-20,0,0,42,0,0,339
51.00,1544536009,309.17,51.490600,7.416908,147.59,0.00,0.00,105.28,0,-90,-8,0,0,48,0,0,275
52.00,1544536010,309.17,51.490600,7.416908,147.60,0.00,0.00,105.28,0,-104,-20,0,0,41,0,0,339
52.00,1544536010,309.17,51.490600,7.416908,147.60,0.00,0.00,105.28,0,-90,-12,0,0,51,0,0,275
53.00,1544536011,309.17,51.490600,7.416908,147.62,0.00,0.00,105.28,0,-104,-20,0,0,41,0,0,339
53.00,1544536011,309.17,51.490600,7.416908,147.62,0.00,0.00,105.28,0,-90,-12,0,0,51,0,0,275
54.00,1544536012,309.17,51.490600,7.416908,147.63,0.00,0.00,105.28,0,-104,-20,0,0,42,0,0,339
54.00,1544536012,309.17,51.490600,7.416908,147.63,0.00,0.00,105.28,0,-90,-9,0,0,48,0,0,275
55.00,1544536013,309.17,51.490600,7.416908,147.65,0.00,0.00,105.28,0,-104,-20,0,0,42,0,0,339
55.00,1544536013,309.17,51.490600,7.416908,147.65,0.00,0.00,105.28,0,-90,-9,0,0,48,0,0,275
56.00,1544536014,309.17,51.490600,7.416908,147.67,0.00,0.00,105.28,0,-90,-10,0,0,49,0,0,275
57.00,1544536015,309.17,51.490600,7.416908,147.68,0.00,0.00,105.28,0,-90,-10,0,0,49,0,0,275
58.00,1544536016,309.17,51.490598,7.416906,147.70,0.00,0.00,105.28,0,-91,-13,0,0,51,0,0,275
58.00,1544536016,309.17,51.490598,7.416906,147.70,0.00,0.00,105.28,0,-96,-19,0,0,51,0,0,274
59.00,1544536017,309.17,51.490596,7.416904,147.71,0.00,0.00,105.28,0,-91,-13,0,0,51,0,0,275
59.00,1544536017,309.17,51.490596,7.416904,147.71,0.00,0.00,105.28,0,-96,-19,0,0,51,0,0,274
60.00,1544536018,309.17,51.490595,7.416898,147.74,0.00,0.00,310.57,0,-103,-20,0,0,43,0,0,339
60.01,1544536018,309.17,51.490595,7.416898,147.74,0.00,0.00,310.57,0,-91,-12,0,0,50,0,0,275
60.01,1544536018,309.17,51.490595,7.416898,147.74,0.00,0.00,310.57,0,-97,-19,0,0,50,0,0,274
61.00,1544536019,309.17,51.490593,7.416895,147.80,0.00,0.00,310.57,0,-103,-20,0,0,43,0,0,339
61.00,1544536019,309.17,51.490593,7.416895,147.80,0.00,0.00,310.57,0,-91,-12,0,0,50,0,0,275
61.01,1544536019,309.17,51.490593,7.416895,147.80,0.00,0.00,310.57,0,-97,-19,0,0,50,0,0,274
62.00,1544536020,309.17,51.490588,7.416884,147.94,0.00,0.00,254.61,0,-103,-20,0,0,43,0,0,339
62.00,1544536020,309.17,51.490588,7.416884,147.94,0.00,0.00,254.61,0,-90,-13,0,0,51,0,0,275
62.00,1544536020,309.17,51.490588,7.416884,147.94,0.00,0.00,254.61,0,-97,-19,0,0,51,0,0,274
63.00,1544536021,309.17,51.490586,7.416883,148.08,0.00,0.00,254.61,0,-103,-20,0,0,43,0,0,339
63.01,1544536021,309.17,51.490586,7.416883,148.08,0.00,0.00,254.61,0,-90,-13,0,0,51,0,0,275
63.01,1544536021,309.17,51.490586,7.416883,148.08,0.00,0.00,254.61,0,-97,-19,0,0,51,0,0,274
64.00,1544536022,309.17,51.490585,7.416888,148.22,0.00,0.00,254.61,0,-90,-12,0,0,50,0,0,275
64.00,1544536022,309.17,51.490585,7.416888,148.22,0.00,0.00,254.61,0,-97,-19,0,0,50,0,0,274
65.00,1544536023,309.17,51.490582,7.416913,148.34,0.00,0.00,98.28,0,-90,-12,0,0,50,0,0,275
65.00,1544536023,309.17,51.490582,7.416913,148.34,0.00,0.00,98.28,0,-97,-19,0,0,50,0,0,274
66.00,1544536024,309.17,51.490575,7.416974,149.57,0.00,0.00,100.86,0,-88,-11,0,0,52,0,0,275
67.00,1544536025,309.18,51.490557,7.417058,150.32,2.76,0.00,110.80,0,-88,-11,0,0,52,0,0,275
68.00,1544536026,311.94,51.490502,7.417164,150.73,4.65,0.00,136.64,0,-93,-12,0,0,48,0,0,275
68.00,1544536026,311.94,51.490502,7.417164,150.73,4.65,0.00,136.64,0,-99,-18,0,0,48,0,0,274
69.00,1544536027,316.59,51.490425,7.417214,151.17,6.14,0.00,163.10,0,-93,-12,0,0,48,0,0,275
69.00,1544536027,316.60,51.490425,7.417214,151.17,6.14,0.00,163.10,0,-99,-18,0,0,48,0,0,274
70.01,1544536028,322.79,51.490341,7.417251,151.59,9.33,0.00,168.57,0,-94,-13,0,0,48,0,0,275
70.01,1544536028,322.80,51.490341,7.417251,151.59,9.33,0.00,168.57,0,-99,-18,0,0,48,0,0,274
71.00,1544536029,332.06,51.490252,7.417285,151.43,10.46,0.00,168.55,0,-94,-13,0,0,48,0,0,275
71.00,1544536029,332.06,51.490252,7.417285,151.43,10.46,0.00,168.55,0,-99,-18,0,0,48,0,0,274
72.00,1544536030,342.52,51.490154,7.417324,151.51,11.36,0.00,168.21,0,-94,-13,0,0,48,0,0,275
72.00,1544536030,342.52,51.490154,7.417324,151.51,11.36,0.00,168.21,0,-99,-18,0,0,48,0,0,274
73.00,1544536031,353.88,51.490048,7.417366,151.73,12.10,0.00,167.67,0,-103,-19,0,0,42,0,0,61
73.00,1544536031,353.89,51.490048,7.417366,151.73,12.10,0.00,167.67,0,-90,-12,0,0,50,0,0,275
73.00,1544536031,353.89,51.490048,7.417366,151.73,12.10,0.00,167.67,0,-95,-16,0,0,50,0,0,274
74.00,1544536032,365.99,51.489949,7.417411,152.07,12.60,0.00,166.33,0,-103,-19,0,0,42,0,0,61
74.00,1544536032,365.99,51.489949,7.417411,152.07,12.60,0.00,166.33,0,-90,-12,0,0,50,0,0,275
74.01,1544536032,366.01,51.489949,7.417411,152.07,12.60,0.00,166.33,0,-95,-16,0,0,50,0,0,274
75.00,1544536033,378.57,51.489848,7.417456,152.33,12.45,0.00,165.98,0,-100,-16,0,0,42,0,0,61
75.00,1544536033,378.59,51.489848,7.417456,152.33,12.45,0.00,165.98,0,-91,-12,0,0,50,0,0,275
75.00,1544536033,378.60,51.489848,7.417456,152.33,12.45,0.00,165.98,0,-94,-16,0,0,50,0,0,274
76.00,1544536034,391.03,51.489743,7.417503,152.48,12.45,0.00,166.41,0,-100,-16,0,0,42,0,0,61
76.00,1544536034,391.05,51.489743,7.417503,152.48,12.45,0.00,166.41,0,-91,-12,0,0,50,0,0,275
76.01,1544536034,391.06,51.489743,7.417503,152.48,12.45,0.00,166.41,0,-94,-16,0,0,50,0,0,274
77.00,1544536035,403.48,51.489631,7.417548,152.40,12.60,0.00,167.03,0,-99,-17,0,0,45,0,0,61
77.00,1544536035,403.48,51.489631,7.417548,152.40,12.60,0.00,167.03,0,-89,-12,0,0,52,0,0,275
77.00,1544536035,403.50,51.489631,7.417548,152.40,12.60,0.00,167.03,0,-91,-15,0,0,52,0,0,274
78.00,1544536036,416.07,51.489516,7.417588,152.48,12.71,0.00,167.41,0,-99,-17,0,0,45,0,0,61
78.00,1544536036,416.09,51.489516,7.417588,152.48,12.71,0.00,167.41,0,-89,-12,0,0,52,0,0,275
78.00,1544536036,416.10,51.489516,7.417588,152.48,12.71,0.00,167.41,0,-91,-15,0,0,52,0,0,274
79.00,1544536037,428.80,51.489400,7.417629,152.36,12.73,0.00,168.06,0,-96,-15,0,0,45,0,0,61
79.00,1544536037,428.81,51.489400,7.417629,152.36,12.73,0.00,168.06,0,-90,-13,0,0,52,0,0,275
79.01,1544536037,428.82,51.489400,7.417629,152.36,12.73,0.00,168.06,0,-91,-14,0,0,52,0,0,274
80.00,1544536038,441.53,51.489281,7.417670,152.35,12.88,0.00,168.50,0,-96,-15,0,0,45,0,0,61
80.00,1544536038,441.54,51.489281,7.417670,152.35,12.88,0.00,168.50,0,-90,-13,0,0,52,0,0,275
80.00,1544536038,441.54,51.489281,7.417670,152.35,12.88,0.00,168.50,0,-91,-14,0,0,52,0,0,274
81.00,1544536039,454.41,51.489168,7.417713,152.97,13.20,0.00,169.25,0,-99,-15,0,0,42,0,0,61
81.00,1544536039,454.43,51.489168,7.417713,152.97,13.20,0.00,169.25,0,-91,-13,0,0,50,0,0,274
81.00,1544536039,454.43,51.489168,7.417713,152.97,13.20,0.00,169.25,0,-92,-13,0,0,50,0,0,275
82.00,1544536040,467.60,51.489048,7.417747,153.74,13.48,0.00,170.81,0,-99,-15,0,0,42,0,0,61
82.00,1544536040,467.60,51.489048,7.417747,153.74,13.48,0.00,170.81,0,-91,-13,0,0,50,0,0,274
82.00,1544536040,467.61,51.489048,7.417747,153.74,13.48,0.00,170.81,0,-92,-13,0,0,50,0,0,275
83.00,1544536041,481.10,51.488922,7.417772,154.37,13.49,0.00,172.64,0,-99,-14,0,0,41,0,0,61
83.01,1544536041,481.12,51.488922,7.417772,154.37,13.49,0.00,172.64,0,-103,-19,0,0,41,0,0,146
83.01,1544536041,481.12,51.488922,7.417772,154.37,13.49,0.00,172.64,0,-104,-19,0,0,41,0,0,339
83.01,1544536041,481.13,51.488922,7.417772,154.37,13.49,0.00,172.64,0,-92,-12,0,0,49,0,0,274
83.01,1544536041,481.14,51.488922,7.417772,154.37,13.49,0.00,172.64,0,-94,-14,0,0,49,0,0,275
84.01,1544536042,494.61,51.488796,7.417788,154.85,13.42,0.00,174.57,0,-99,-14,0,0,41,0,0,61
84.01,1544536042,494.61,51.488796,7.417788,154.85,13.42,0.00,174.57,0,-103,-19,0,0,41,0,0,146
84.01,1544536042,494.62,51.488796,7.417788,154.85,13.42,0.00,174.57,0,-104,-19,0,0,41,0,0,339
84.01,1544536042,494.64,51.488796,7.417788,154.85,13.42,0.00,174.57,0,-92,-12,0,0,49,0,0,274
84.01,1544536042,494.64,51.488796,7.417788,154.85,13.42,0.00,174.57,0,-94,-14,0,0,49,0,0,275
85.00,1544536043,508.01,51.488673,7.417795,155.38,13.59,0.00,176.84,0,-98,-14,0,0,42,0,0,61
85.00,1544536043,508.02,51.488673,7.417795,155.38,13.59,0.00,176.84,0,-102,-18,0,0,42,0,0,339
85.01,1544536043,508.03,51.488673,7.417795,155.38,13.59,0.00,176.84,0,-104,-20,0,0,41,0,0,146
85.01,1544536043,508.05,51.488673,7.417795,155.38,13.59,0.00,176.84,0,-93,-10,0,0,47,0,0,274
85.01,1544536043,508.05,51.488673,7.417795,155.38,13.59,0.00,176.84,0,-96,-14,0,0,47,0,0,275
86.00,1544536044,521.61,51.488554,7.417792,155.45,13.70,0.00,179.17,0,-98,-14,0,0,42,0,0,61
86.00,1544536044,521.61,51.488554,7.417792,155.45,13.70,0.00,179.17,0,-102,-18,0,0,42,0,0,339
86.01,1544536044,521.63,51.488554,7.417792,155.45,13.70,0.00,179.17,0,-104,-20,0,0,41,0,0,146
86.01,1544536044,521.64,51.488554,7.417792,155.45,13.70,0.00,179.17,0,-93,-10,0,0,47,0,0,274
86.01,1544536044,521.64,51.488554,7.417792,155.45,13.70,0.00,179.17,0,-96,-14,0,0,47,0,0,275
87.00,1544536045,535.30,51.488432,7.417786,155.22,13.79,0.00,180.50,0,-101,-14,0,0,38,0,0,61
87.00,1544536045,535.31,51.488432,7.417786,155.22,13.79,0.00,180.50,0,-104,-17,0,0,39,0,0,339
87.00,1544536045,535.31,51.488432,7.417786,155.22,13.79,0.00,180.50,0,-104,-17,0,0,38,0,0,146
87.01,1544536045,535.33,51.488432,7.417786,155.22,13.79,0.00,180.50,0,-95,-11,0,0,45,0,0,274
87.01,1544536045,535.34,51.488432,7.417786,155.22,13.79,0.00,180.50,0,-99,-15,0,0,45,0,0,275
88.01,1544536046,549.12,51.488307,7.417781,154.89,14.00,0.00,181.29,0,-101,-14,0,0,38,0,0,61
88.01,1544536046,549.13,51.488307,7.417781,154.89,14.00,0.00,181.29,0,-104,-17,0,0,39,0,0,339
88.01,1544536046,549.13,51.488307,7.417781,154.89,14.00,0.00,181.29,0,-104,-17,0,0,38,0,0,146
88.01,1544536046,549.15,51.488307,7.417781,154.89,14.00,0.00,181.29,0,-95,-11,0,0,45,0,0,274
88.01,1544536046,549.16,51.488307,7.417781,154.89,14.00,0.00,181.29,0,-99,-15,0,0,45,0,0,275
89.00,1544536047,563.09,51.488183,7.417775,154.56,14.15,0.00,181.98,0,-102,-19,0,0,43,0,0,146
89.00,1544536047,563.11,51.488183,7.417775,154.56,14.15,0.00,181.98,0,-102,-19,0,0,42,0,0,339
89.01,1544536047,563.12,51.488183,7.417775,154.56,14.15,0.00,181.98,0,-94,-11,0,0,46,0,0,274
90.00,1544536048,577.25,51.488059,7.417766,154.47,14.34,0.00,181.50,0,-102,-19,0,0,43,0,0,146
90.00,1544536048,577.26,51.488059,7.417766,154.47,14.34,0.00,181.50,0,-102,-19,0,0,42,0,0,339
90.01,1544536048,577.27,51.488059,7.417766,154.47,14.34,0.00,181.50,0,-94,-11,0,0,46,0,0,274
91.01,1544536049,591.71,51.487937,7.417760,154.26,14.36,0.00,180.05,0,-102,-18,0,0,42,0,0,146
91.01,1544536049,591.73,51.487937,7.417760,154.26,14.36,0.00,180.05,0,-102,-19,0,0,42,0,0,62
91.01,1544536049,591.74,51.487937,7.417760,154.26,14.36,0.00,180.05,0,-103,-20,0,0,43,0,0,27
91.02,1544536049,591.76,51.487937,7.417760,154.26,14.36,0.00,180.05,0,-94,-11,0,0,46,0,0,274
92.06,1544536050,606.70,51.487811,7.417763,154.03,14.10,0.00,178.22,0,-102,-18,0,0,42,0,0,146
92.06,1544536050,606.70,51.487811,7.417763,154.03,14.10,0.00,178.22,0,-102,-19,0,0,42,0,0,62
92.06,1544536050,606.70,51.487811,7.417763,154.03,14.10,0.00,178.22,0,-103,-20,0,0,43,0,0,27
92.06,1544536050,606.72,51.487811,7.417763,154.03,14.10,0.00,178.22,0,-94,-11,0,0,46,0,0,274
93.00,1544536051,620.06,51.487684,7.417776,153.44,13.99,0.00,175.55,0,-102,-18,0,0,42,0,0,146
93.00,1544536051,620.07,51.487684,7.417776,153.44,13.99,0.00,175.55,0,-102,-19,0,0,42,0,0,62
93.00,1544536051,620.07,51.487684,7.417776,153.44,13.99,0.00,175.55,0,-103,-20,0,0,43,0,0,27
93.01,1544536051,620.09,51.487684,7.417776,153.44,13.99,0.00,175.55,0,-94,-11,0,0,46,0,0,274
94.01,1544536052,634.08,51.487565,7.417803,153.06,13.88,0.00,171.60,0,-103,-17,0,0,40,0,0,146
94.01,1544536052,634.08,51.487565,7.417803,153.06,13.88,0.00,171.60,0,-104,-18,0,0,40,0,0,266
94.01,1544536052,634.09,51.487565,7.417803,153.06,13.88,0.00,171.60,0,-104,-19,0,0,40,0,0,339
94.01,1544536052,634.11,51.487565,7.417803,153.06,13.88,0.00,171.60,0,-95,-11,0,0,45,0,0,274
94.01,1544536052,634.11,51.487565,7.417803,153.06,13.88,0.00,171.60,0,-101,-16,0,0,44,0,0,51
95.01,1544536053,647.96,51.487456,7.417883,152.68,13.81,0.00,154.54,0,-103,-17,0,0,40,0,0,146
95.01,1544536053,647.97,51.487456,7.417883,152.68,13.81,0.00,154.54,0,-104,-18,0,0,40,0,0,266
95.01,1544536053,647.98,51.487456,7.417883,152.68,13.81,0.00,154.54,0,-104,-19,0,0,40,0,0,339
95.01,1544536053,647.98,51.487456,7.417883,152.68,13.81,0.00,154.54,0,-95,-11,0,0,45,0,0,274
95.01,1544536053,648.00,51.487456,7.417883,152.68,13.81,0.00,154.54,0,-101,-16,0,0,44,0,0,51
96.00,1544536054,661.75,51.487348,7.417969,152.04,13.50,0.00,153.15,0,-101,-15,0,0,40,0,0,146
96.01,1544536054,661.77,51.487348,7.417969,152.04,13.50,0.00,153.15,0,-104,-18,0,0,39,0,0,266
96.01,1544536054,661.78,51.487348,7.417969,152.04,13.50,0.00,153.15,0,-104,-18,0,0,40,0,0,339
96.01,1544536054,661.78,51.487348,7.417969,152.04,13.50,0.00,153.15,0,-99,-13,0,0,43,0,0,274
96.01,1544536054,661.79,51.487348,7.417969,152.04,13.50,0.00,153.15,0,-102,-16,0,0,43,0,0,51
97.00,1544536055,675.25,51.487243,7.418075,151.10,13.79,0.00,149.11,0,-101,-15,0,0,40,0,0,146
97.01,1544536055,675.27,51.487243,7.418075,151.10,13.79,0.00,149.11,0,-104,-18,0,0,39,0,0,266
97.01,1544536055,675.28,51.487243,7.418075,151.10,13.79,0.00,149.11,0,-104,-18,0,0,40,0,0,339
97.01,1544536055,675.31,51.487243,7.418075,151.10,13.79,0.00,149.11,0,-99,-13,0,0,43,0,0,274
97.01,1544536055,675.32,51.487243,7.418075,151.10,13.79,0.00,149.11,0,-102,-16,0,0,43,0,0,51
98.01,1544536056,689.07,51.487156,7.418216,150.18,13.74,0.00,134.41,0,-104,-15,0,0,36,0,0,146
98.01,1544536056,689.09,51.487156,7.418216,150.18,13.74,0.00,134.41,0,-106,-17,0,0,36,0,0,266
98.01,1544536056,689.10,51.487156,7.418216,150.18,13.74,0.00,134.41,0,-106,-17,0,0,36,0,0,339
98.01,1544536056,689.11,51.487156,7.418216,150.18,13.74,0.00,134.41,0,-100,-12,0,0,41,0,0,274
98.01,1544536056,689.11,51.487156,7.418216,150.18,13.74,0.00,134.41,0,-106,-17,0,0,40,0,0,51
98.01,1544536056,689.13,51.487156,7.418216,150.18,13.74,0.00,134.41,0,0,0,0,0,63,0,0,357
98.01,1544536056,689.14,51.487156,7.418216,150.18,13.74,0.00,134.41,0,-225,-225,0,0,63,0,0,166
99.01,1544536057,702.83,51.487071,7.418360,149.05,13.85,0.00,134.93,0,-104,-15,0,0,36,0,0,146
99.01,1544536057,702.84,51.487071,7.418360,149.05,13.85,0.00,134.93,0,-106,-17,0,0,36,0,0,266
99.01,1544536057,702.85,51.487071,7.418360,149.05,13.85,0.00,134.93,0,-106,-17,0,0,36,0,0,339
99.01,1544536057,702.85,51.487071,7.418360,149.05,13.85,0.00,134.93,0,-100,-12,0,0,41,0,0,274
99.01,1544536057,702.87,51.487071,7.418360,149.05,13.85,0.00,134.93,0,-106,-17,0,0,40,0,0,51
99.01,1544536057,702.88,51.487071,7.418360,149.05,13.85,0.00,134.93,0,0,0,0,0,63,0,0,357
99.01,1544536057,702.90,51.487071,7.418360,149.05,13.85,0.00,134.93,0,-225,-225,0,0,63,0,0,166
100.01,1544536058,716.66,51.486980,7.418490,147.46,13.62,0.00,136.78,0,-104,-16,0,0,38,0,0,146
100.01,1544536058,716.66,51.486980,7.418490,147.46,13.62,0.00,136.78,0,-106,-19,0,0,38,0,0,339
100.01,1544536058,716.68,51.486980,7.418490,147.46,13.62,0.00,136.78,0,-107,-19,0,0,38,0,0,266
100.01,1544536058,716.69,51.486980,7.418490,147.46,13.62,0.00,136.78,0,-101,-11,0,0,38,0,0,274
100.01,1544536058,716.70,51.486980,7.418490,147.46,13.62,0.00,136.78,0,0,0,0,0,63,0,0,357
100.01,1544536058,716.70,51.486980,7.418490,147.46,13.62,0.00,136.78,0,-225,-225,0,0,63,0,0,166
101.01,1544536059,730.27,51.486886,7.418606,145.51,13.11,0.00,140.71,0,-104,-16,0,0,38,0,0,146
101.01,1544536059,730.29,51.486886,7.418606,145.51,13.11,0.00,140.71,0,-106,-19,0,0,38,0,0,339
101.01,1544536059,730.30,51.486886,7.418606,145.51,13.11,0.00,140.71,0,-107,-19,0,0,38,0,0,266
101.01,1544536059,730.30,51.486886,7.418606,145.51,13.11,0.00,140.71,0,-101,-11,0,0,38,0,0,274
101.01,1544536059,730.39,51.486886,7.418606,145.51,13.11,0.00,140.71,0,0,0,0,0,63,0,0,357
101.02,1544536059,730.44,51.486886,7.418606,145.51,13.11,0.00,140.71,0,-225,-225,0,0,63,0,0,166
102.00,1544536060,743.36,51.486772,7.418681,143.33,13.05,0.00,159.14,0,-100,-15,0,0,41,0,0,146
102.01,1544536060,743.38,51.486772,7.418681,143.33,13.05,0.00,159.14,0,-106,-20,0,0,41,0,0,339
102.01,1544536060,743.38,51.486772,7.418681,143.33,13.05,0.00,159.14,0,-106,-20,0,0,40,0,0,266
102.01,1544536060,743.39,51.486772,7.418681,143.33,13.05,0.00,159.14,0,-101,-10,0,0,37,0,0,274
103.01,1544536061,756.44,51.486662,7.418739,141.86,13.04,0.00,162.43,0,-100,-15,0,0,41,0,0,146
103.01,1544536061,756.45,51.486662,7.418739,141.86,13.04,0.00,162.43,0,-106,-20,0,0,41,0,0,339
103.01,1544536061,756.45,51.486662,7.418739,141.86,13.04,0.00,162.43,0,-106,-20,0,0,40,0,0,266
103.01,1544536061,756.47,51.486662,7.418739,141.86,13.04,0.00,162.43,0,-101,-10,0,0,37,0,0,274
104.01,1544536062,769.48,51.486545,7.418749,140.74,12.60,0.00,179.05,0,-101,-15,0,0,40,0,0,146
104.01,1544536062,769.49,51.486545,7.418749,140.74,12.60,0.00,179.05,0,-106,-20,0,0,40,0,0,339
104.01,1544536062,769.49,51.486545,7.418749,140.74,12.60,0.00,179.05,0,-99,-9,0,0,38,0,0,274
105.00,1544536063,782.05,51.486433,7.418745,139.56,12.39,0.00,181.69,0,-101,-15,0,0,40,0,0,146
105.01,1544536063,782.06,51.486433,7.418745,139.56,12.39,0.00,181.69,0,-106,-20,0,0,40,0,0,339
105.01,1544536063,782.06,51.486433,7.418745,139.56,12.39,0.00,181.69,0,-99,-9,0,0,38,0,0,274
106.01,1544536064,794.47,51.486329,7.418703,139.07,11.72,0.00,194.67,0,-98,-15,0,0,43,0,0,146
106.01,1544536064,794.48,51.486329,7.418703,139.07,11.72,0.00,194.67,0,-98,-9,0,0,39,0,0,274
107.00,1544536065,806.14,51.486230,7.418663,139.06,11.11,0.00,195.06,0,-98,-15,0,0,43,0,0,146
107.00,1544536065,806.15,51.486230,7.418663,139.06,11.11,0.00,195.06,0,-98,-9,0,0,39,0,0,274
108.02,1544536066,817.42,51.486135,7.418621,139.31,11.22,0.00,194.52,0,-95,-10,0,0,42,0,0,146
108.02,1544536066,817.42,51.486135,7.418621,139.31,11.22,0.00,194.52,0,-95,-8,0,0,42,0,0,274
109.00,1544536067,828.48,51.486041,7.418583,140.60,11.07,0.00,193.45,0,-95,-10,0,0,42,0,0,146
109.00,1544536067,828.49,51.486041,7.418583,140.60,11.07,0.00,193.45,0,-95,-8,0,0,42,0,0,274
110.00,1544536068,839.55,51.485939,7.418551,141.62,10.61,0.00,192.23,0,-94,-12,0,0,44,0,0,146
110.00,1544536068,839.55,51.485939,7.418551,141.62,10.61,0.00,192.23,0,-94,-8,0,0,43,0,0,274
111.00,1544536069,850.11,51.485847,7.418532,142.44,9.82,0.00,188.38,0,-94,-12,0,0,44,0,0,146
111.00,1544536069,850.11,51.485847,7.418532,142.44,9.82,0.00,188.38,0,-94,-8,0,0,43,0,0,274
112.00,1544536070,859.97,51.485757,7.418544,143.34,9.60,0.00,175.24,0,-99,-11,0,0,39,0,0,146
112.00,1544536070,859.98,51.485757,7.418544,143.34,9.60,0.00,175.24,0,-96,-9,0,0,41,0,0,274
113.00,1544536071,869.57,51.485668,7.418561,143.80,9.82,0.00,173.05,0,-99,-11,0,0,39,0,0,146
113.00,1544536071,869.57,51.485668,7.418561,143.80,9.82,0.00,173.05,0,-96,-9,0,0,41,0,0,274
114.00,1544536072,879.40,51.485582,7.418591,144.36,10.07,0.00,169.63,0,-102,-15,0,0,39,0,0,146
114.00,1544536072,879.41,51.485582,7.418591,144.36,10.07,0.00,169.63,0,-106,-18,0,0,39,0,0,339
114.01,1544536072,879.42,51.485582,7.418591,144.36,10.07,0.00,169.63,0,-107,-19,0,0,38,0,0,306
114.01,1544536072,879.42,51.485582,7.418591,144.36,10.07,0.00,169.63,0,-97,-10,0,0,41,0,0,274
115.01,1544536073,889.49,51.485494,7.418634,145.16,10.07,0.00,165.75,0,-102,-15,0,0,39,0,0,146
115.01,1544536073,889.50,51.485494,7.418634,145.16,10.07,0.00,165.75,0,-106,-18,0,0,39,0,0,339
115.01,1544536073,889.50,51.485494,7.418634,145.16,10.07,0.00,165.75,0,-107,-19,0,0,38,0,0,306
115.01,1544536073,889.51,51.485494,7.418634,145.16,10.07,0.00,165.75,0,-97,-10,0,0,41,0,0,274
116.01,1544536074,899.62,51.485403,7.418691,145.73,10.20,0.00,161.99,0,-100,-15,0,0,40,0,0,146
116.01,1544536074,899.63,51.485403,7.418691,145.73,10.20,0.00,161.99,0,-102,-16,0,0,40,0,0,339
116.01,1544536074,899.64,51.485403,7.418691,145.73,10.20,0.00,161.99,0,-96,-10,0,0,42,0,0,274
117.00,1544536075,909.73,51.485308,7.418756,146.34,10.35,0.00,159.09,0,-100,-15,0,0,40,0,0,146
117.00,1544536075,909.74,51.485308,7.418756,146.34,10.35,0.00,159.09,0,-102,-16,0,0,40,0,0,339
117.00,1544536075,909.75,51.485308,7.418756,146.34,10.35,0.00,159.09,0,-96,-10,0,0,42,0,0,274
118.00,1544536076,920.08,51.485217,7.418824,146.73,10.69,0.00,157.19,0,-100,-15,0,0,40,0,0,146
118.00,1544536076,920.09,51.485217,7.418824,146.73,10.69,0.00,157.19,0,-102,-16,0,0,40,0,0,339
118.00,1544536076,920.10,51.485217,7.418824,146.73,10.69,0.00,157.19,0,-96,-10,0,0,42,0,0,274
119.01,1544536077,930.80,51.485122,7.418892,147.19,10.47,0.00,157.83,0,-102,-14,0,0,38,0,0,146
119.01,1544536077,930.81,51.485122,7.418892,147.19,10.47,0.00,157.83,0,-104,-17,0,0,38,0,0,339
119.01,1544536077,930.81,51.485122,7.418892,147.19,10.47,0.00,157.83,0,-98,-10,0,0,41,0,0,274
120.00,1544536078,941.24,51.485033,7.418943,147.81,10.27,0.00,160.79,0,-102,-14,0,0,38,0,0,146
120.00,1544536078,941.25,51.485033,7.418943,147.81,10.27,0.00,160.79,0,-104,-17,0,0,38,0,0,339
120.00,1544536078,941.26,51.485033,7.418943,147.81,10.27,0.00,160.79,0,-98,-10,0,0,41,0,0,274
121.01,1544536079,951.55,51.484946,7.418962,148.52,10.42,0.00,174.74,0,-105,-17,0,0,37,0,0,146
121.01,1544536079,951.56,51.484946,7.418962,148.52,10.42,0.00,174.74,0,-106,-18,0,0,37,0,0,339
121.01,1544536079,951.56,51.484946,7.418962,148.52,10.42,0.00,174.74,0,-100,-11,0,0,40,0,0,274
121.01,1544536079,951.57,51.484946,7.418962,148.52,10.42,0.00,174.74,0,-103,-14,0,0,40,0,0,137
121.01,1544536079,951.58,51.484946,7.418962,148.52,10.42,0.00,174.74,0,0,0,0,0,63,0,0,357
121.01,1544536079,951.58,51.484946,7.418962,148.52,10.42,0.00,174.74,0,0,0,0,0,63,0,0,448
122.01,1544536080,961.97,51.484858,7.418976,149.21,11.46,0.00,176.23,0,-105,-17,0,0,37,0,0,146
122.01,1544536080,961.98,51.484858,7.418976,149.21,11.46,0.00,176.23,0,-106,-18,0,0,37,0,0,339
122.01,1544536080,961.98,51.484858,7.418976,149.21,11.46,0.00,176.23,0,-100,-11,0,0,40,0,0,274
122.01,1544536080,961.99,51.484858,7.418976,149.21,11.46,0.00,176.23,0,-103,-14,0,0,40,0,0,137
122.01,1544536080,962.00,51.484858,7.418976,149.21,11.46,0.00,176.23,0,0,0,0,0,63,0,0,357
122.01,1544536080,962.02,51.484858,7.418976,149.21,11.46,0.00,176.23,0,0,0,0,0,63,0,0,448
123.01,1544536081,973.43,51.484758,7.418987,149.35,11.63,0.00,178.70,0,-106,-15,0,0,34,0,0,339
123.01,1544536081,973.44,51.484758,7.418987,149.35,11.63,0.00,178.70,0,-107,-16,0,0,34,0,0,146
123.01,1544536081,973.45,51.484758,7.418987,149.35,11.63,0.00,178.70,0,-108,-17,0,0,34,0,0,306
123.01,1544536081,973.45,51.484758,7.418987,149.35,11.63,0.00,178.70,0,-101,-12,0,0,39,0,0,274
123.01,1544536081,973.46,51.484758,7.418987,149.35,11.63,0.00,178.70,0,-107,-17,0,0,38,0,0,137
123.01,1544536081,973.47,51.484758,7.418987,149.35,11.63,0.00,178.70,0,0,0,0,0,63,0,0,357
123.01,1544536081,973.47,51.484758,7.418987,149.35,11.63,0.00,178.70,0,-225,-225,0,0,63,0,0,166
124.01,1544536082,985.06,51.484665,7.418988,149.98,11.64,0.00,180.93,0,-106,-15,0,0,34,0,0,339
124.01,1544536082,985.07,51.484665,7.418988,149.98,11.64,0.00,180.93,0,-107,-16,0,0,34,0,0,146
124.01,1544536082,985.08,51.484665,7.418988,149.98,11.64,0.00,180.93,0,-108,-17,0,0,34,0,0,306
124.01,1544536082,985.10,51.484665,7.418988,149.98,11.64,0.00,180.93,0,-101,-12,0,0,39,0,0,274
124.01,1544536082,985.11,51.484665,7.418988,149.98,11.64,0.00,180.93,0,-107,-17,0,0,38,0,0,137
124.01,1544536082,985.11,51.484665,7.418988,149.98,11.64,0.00,180.93,0,0,0,0,0,63,0,0,357
124.01,1544536082,985.12,51.484665,7.418988,149.98,11.64,0.00,180.93,0,-225,-225,0,0,63,0,0,166
125.01,1544536083,996.70,51.484567,7.418945,149.78,11.76,0.00,196.50,0,-105,-17,0,0,37,0,0,266
125.01,1544536083,996.70,51.484567,7.418945,149.78,11.76,0.00,196.50,0,-106,-18,0,0,37,0,0,339
125.01,1544536083,996.72,51.484567,7.418945,149.78,11.76,0.00,196.50,0,-106,-18,0,0,37,0,0,146
125.01,1544536083,996.73,51.484567,7.418945,149.78,11.76,0.00,196.50,0,-102,-14,0,0,42,0,0,274
125.01,1544536083,996.74,51.484567,7.418945,149.78,11.76,0.00,196.50,0,-106,-19,0,0,41,0,0,137
125.01,1544536083,996.74,51.484567,7.418945,149.78,11.76,0.00,196.50,0,-225,-225,0,0,63,0,0,357
126.00,1544536084,1008.40,51.484464,7.418891,149.58,12.47,0.00,198.27,0,-105,-17,0,0,37,0,0,266
126.00,1544536084,1008.41,51.484464,7.418891,149.58,12.47,0.00,198.27,0,-106,-18,0,0,37,0,0,339
126.00,1544536084,1008.41,51.484464,7.418891,149.58,12.47,0.00,198.27,0,-106,-18,0,0,37,0,0,146
126.00,1544536084,1008.42,51.484464,7.418891,149.58,12.47,0.00,198.27,0,-102,-14,0,0,42,0,0,274
126.00,1544536084,1008.42,51.484464,7.418891,149.58,12.47,0.00,198.27,0,-106,-19,0,0,41,0,0,137
126.00,1544536084,1008.42,51.484464,7.418891,149.58,12.47,0.00,198.27,0,-225,-225,0,0,63,0,0,357
127.01,1544536085,1020.94,51.484353,7.418820,149.16,12.98,0.00,201.32,0,-106,-18,0,0,37,0,0,146
127.01,1544536085,1020.94,51.484353,7.418820,149.16,12.98,0.00,201.32,0,-106,-17,0,0,37,0,0,266
127.01,1544536085,1020.95,51.484353,7.418820,149.16,12.98,0.00,201.32,0,-107,-18,0,0,37,0,0,458
127.01,1544536085,1020.97,51.484353,7.418820,149.16,12.98,0.00,201.32,0,-101,-19,0,0,47,0,0,274
127.01,1544536085,1020.98,51.484353,7.418820,149.16,12.98,0.00,201.32,0,-102,-20,0,0,46,0,0,137
127.01,1544536085,1020.98,51.484353,7.418820,149.16,12.98,0.00,201.32,0,-225,-225,0,0,63,0,0,166
127.01,1544536085,1020.99,51.484353,7.418820,149.16,12.98,0.00,201.32,0,-225,-225,0,0,63,0,0,305
128.01,1544536086,1033.92,51.484244,7.418738,148.46,13.33,0.00,204.29,0,-106,-18,0,0,37,0,0,146
128.01,1544536086,1033.92,51.484244,7.418738,148.46,13.33,0.00,204.29,0,-106,-17,0,0,37,0,0,266
128.01,1544536086,1033.93,51.484244,7.418738,148.46,13.33,0.00,204.29,0,-107,-18,0,0,37,0,0,458
128.01,1544536086,1033.94,51.484244,7.418738,148.46,13.33,0.00,204.29,0,-101,-19,0,0,47,0,0,274
128.01,1544536086,1033.96,51.484244,7.418738,148.46,13.33,0.00,204.29,0,-102,-20,0,0,46,0,0,137
128.01,1544536086,1033.96,51.484244,7.418738,148.46,13.33,0.00,204.29,0,-225,-225,0,0,63,0,0,166
128.01,1544536086,1033.97,51.484244,7.418738,148.46,13.33,0.00,204.29,0,-225,-225,0,0,63,0,0,305
129.01,1544536087,1047.23,51.484142,7.418646,147.42,13.26,0.00,207.21,0,-104,-15,0,0,37,0,0,146
129.01,1544536087,1047.23,51.484142,7.418646,147.42,13.26,0.00,207.21,0,-106,-17,0,0,37,0,0,306
129.01,1544536087,1047.25,51.484142,7.418646,147.42,13.26,0.00,207.21,0,-106,-18,0,0,37,0,0,266
129.01,1544536087,1047.26,51.484142,7.418646,147.42,13.26,0.00,207.21,0,-102,-15,0,0,42,0,0,385
129.01,1544536087,1047.26,51.484142,7.418646,147.42,13.26,0.00,207.21,0,-103,-16,0,0,42,0,0,386
129.01,1544536087,1047.27,51.484142,7.418646,147.42,13.26,0.00,207.21,0,-225,-225,0,0,63,0,0,166
130.00,1544536088,1060.48,51.484043,7.418543,146.66,13.37,0.00,209.44,0,-104,-15,0,0,37,0,0,146
130.01,1544536088,1060.49,51.484043,7.418543,146.66,13.37,0.00,209.44,0,-106,-17,0,0,37,0,0,306
130.01,1544536088,1060.49,51.484043,7.418543,146.66,13.37,0.00,209.44,0,-106,-18,0,0,37,0,0,266
130.01,1544536088,1060.51,51.484043,7.418543,146.66,13.37,0.00,209.44,0,-102,-15,0,0,42,0,0,385
130.01,1544536088,1060.52,51.484043,7.418543,146.66,13.37,0.00,209.44,0,-103,-16,0,0,42,0,0,386
130.01,1544536088,1060.52,51.484043,7.418543,146.66,13.37,0.00,209.44,0,-225,-225,0,0,63,0,0,166
131.01,1544536089,1073.88,51.483945,7.418438,145.76,13.24,0.00,210.83,0,-103,-17,0,0,39,0,0,146
131.01,1544536089,1073.89,51.483945,7.418438,145.76,13.24,0.00,210.83,0,-104,-17,0,0,39,0,0,306
131.01,1544536089,1073.90,51.483945,7.418438,145.76,13.24,0.00,210.83,0,-106,-19,0,0,38,0,0,266
131.01,1544536089,1073.90,51.483945,7.418438,145.76,13.24,0.00,210.83,0,-105,-17,0,0,40,0,0,385
131.01,1544536089,1073.92,51.483945,7.418438,145.76,13.24,0.00,210.83,0,-106,-18,0,0,40,0,0,386
131.01,1544536089,1073.93,51.483945,7.418438,145.76,13.24,0.00,210.83,0,-225,-225,0,0,63,0,0,128
131.01,1544536089,1073.93,51.483945,7.418438,145.76,13.24,0.00,210.83,0,-225,-225,0,0,63,0,0,166
132.00,1544536090,1087.09,51.483848,7.418334,145.16,13.10,0.00,211.77,0,-103,-17,0,0,39,0,0,146
132.01,1544536090,1087.11,51.483848,7.418334,145.16,13.10,0.00,211.77,0,-104,-17,0,0,39,0,0,306
132.01,1544536090,1087.12,51.483848,7.418334,145.16,13.10,0.00,211.77,0,-106,-19,0,0,38,0,0,266
132.01,1544536090,1087.12,51.483848,7.418334,145.16,13.10,0.00,211.77,0,-105,-17,0,0,40,0,0,385
132.01,1544536090,1087.13,51.483848,7.418334,145.16,13.10,0.00,211.77,0,-106,-18,0,0,40,0,0,386
132.01,1544536090,1087.15,51.483848,7.418334,145.16,13.10,0.00,211.77,0,-225,-225,0,0,63,0,0,128
132.01,1544536090,1087.15,51.483848,7.418334,145.16,13.10,0.00,211.77,0,-225,-225,0,0,63,0,0,166
258.84,1544536217,2187.43,51.482574,7.428253,126.96,0.00,0.00,89.95,0,-103,-15,0,0,38,0,0,306
258.84,1544536217,2187.43,51.482574,7.428253,126.96,0.00,0.00,89.95,0,-103,-15,0,0,38,0,0,146
258.85,1544536217,2187.43,51.482574,7.428253,126.96,0.00,0.00,89.95,0,-104,-16,0,0,38,0,0,339
258.85,1544536217,2187.43,51.482574,7.428253,126.96,0.00,0.00,89.95,0,-102,-16,0,0,42,0,0,386
258.85,1544536217,2187.43,51.482574,7.428253,126.96,0.00,0.00,89.95,0,-103,-17,0,0,42,0,0,385
258.85,1544536217,2187.43,51.482574,7.428253,126.96,0.00,0.00,89.95,0,-225,-225,0,0,63,0,0,166
258.85,1544536217,2187.43,51.482574,7.428253,126.96,0.00,0.00,89.95,0,-225,-225,0,0,63,0,0,128
259.52,1544536217,2187.43,51.482574,7.428253,126.99,0.00,0.00,89.95,0,-103,-15,0,0,38,0,0,306
259.52,1544536217,2187.43,51.482574,7.428253,126.99,0.00,0.00,89.95,0,-103,-15,0,0,38,0,0,146
259.52,1544536217,2187.43,51.482574,7.428253,126.99,0.00,0.00,89.95,0,-104,-16,0,0,38,0,0,339
259.52,1544536217,2187.43,51.482574,7.428253,126.99,0.00,0.00,89.95,0,-102,-16,0,0,42,0,0,386
259.52,1544536217,2187.43,51.482574,7.428253,126.99,0.00,0.00,89.95,0,-103,-17,0,0,42,0,0,385
259.52,1544536217,2187.43,51.482574,7.428253,126.99,0.00,0.00,89.95,0,-225,-225,0,0,63,0,0,166
259.52,1544536217,2187.43,51.482574,7.428253,126.99,0.00,0.00,89.95,0,-225,-225,0,0,63,0,0,128
260.51,1544536218,2187.43,51.482574,7.428253,127.02,0.00,0.00,89.95,0,-87,-10,0,0,49,0,0,339
261.51,1544536219,2187.43,51.482574,7.428253,127.06,0.00,0.00,89.95,0,-87,-10,0,0,49,0,0,339
262.51,1544536220,2187.43,51.482574,7.428253,127.09,0.00,0.00,89.95,0,-87,-10,0,0,49,0,0,339
263.51,1544536221,2187.43,51.482574,7.428253,127.13,0.00,0.00,89.95,0,-87,-10,0,0,49,0,0,339
264.51,1544536222,2187.43,51.482574,7.428253,127.17,0.00,0.00,89.95,0,-88,-11,0,0,50,0,0,339
265.51,1544536223,2187.43,51.482574,7.428253,127.20,0.00,0.00,89.95,0,-88,-11,0,0,50,0,0,339
266.52,1544536224,2187.43,51.482574,7.428253,127.24,0.00,0.00,89.95,0,-87,-13,0,0,52,0,0,339
267.51,1544536225,2187.43,51.482574,7.428253,127.28,0.00,0.00,89.95,0,-87,-13,0,0,52,0,0,339
268.51,1544536226,2187.43,51.482574,7.428253,127.32,0.00,0.00,89.95,0,-87,-13,0,0,52,0,0,339
269.51,1544536227,2187.43,51.482574,7.428253,127.36,0.00,0.00,89.95,0,-87,-13,0,0,52,0,0,339
270.51,1544536228,2187.43,51.482574,7.428253,127.39,0.00,0.00,89.95,0,-87,-13,0,0,52,0,0,339
271.51,1544536229,2187.43,51.482574,7.428253,127.43,0.00,0.00,89.95,0,-87,-13,0,0,51,0,0,339
271.52,1544536229,2187.43,51.482574,7.428253,127.43,0.00,0.00,89.95,0,-92,-15,0,0,48,0,0,146
272.51,1544536230,2187.43,51.482574,7.428253,127.47,0.00,0.00,89.95,0,-87,-13,0,0,51,0,0,339
272.52,1544536230,2187.43,51.482574,7.428253,127.47,0.00,0.00,89.95,0,-92,-15,0,0,48,0,0,146
273.51,1544536231,2187.43,51.482574,7.428253,127.52,0.00,0.00,89.95,0,-87,-13,0,0,52,0,0,339
274.51,1544536232,2187.43,51.482574,7.428253,127.56,0.00,0.00,89.95,0,-87,-13,0,0,52,0,0,339
275.51,1544536233,2187.43,51.482574,7.428253,127.59,0.00,0.00,89.95,0,-88,-12,0,0,50,0,0,339
275.52,1544536233,2187.43,51.482574,7.428253,127.59,0.00,0.00,89.95,0,-92,-16,0,0,50,0,0,146
276.51,1544536234,2187.43,51.482574,7.428253,127.63,0.00,0.00,89.95,0,-88,-12,0,0,50,0,0,339
276.51,1544536234,2187.43,51.482574,7.428253,127.63,0.00,0.00,89.95,0,-92,-16,0,0,50,0,0,146
277.51,1544536235,2187.43,51.482574,7.428253,127.67,0.00,0.00,89.95,0,-88,-13,0,0,50,0,0,339
277.52,1544536235,2187.43,51.482574,7.428253,127.67,0.00,0.00,89.95,0,-93,-17,0,0,50,0,0,146
278.51,1544536236,2187.43,51.482574,7.428253,127.71,0.00,0.00,89.95,0,-88,-13,0,0,50,0,0,339
278.52,1544536236,2187.43,51.482574,7.428253,127.71,0.00,0.00,89.95,0,-93,-17,0,0,50,0,0,146
279.51,1544536237,2187.43,51.482574,7.428253,127.75,0.00,0.00,89.95,0,-88,-13,0,0,51,0,0,339
280.51,1544536238,2187.43,51.482574,7.428253,127.79,0.00,0.00,89.95,0,-88,-13,0,0,51,0,0,339
281.51,1544536239,2187.43,51.482574,7.428253,127.83,0.00,0.00,89.95,0,-88,-11,0,0,48,0,0,339
282.51,1544536240,2187.43,51.482574,7.428253,127.87,0.00,0.00,89.95,0,-88,-11,0,0,48,0,0,339
283.51,1544536241,2187.43,51.482574,7.428253,127.90,0.00,0.00,89.95,0,-88,-13,0,0,52,0,0,339
283.51,1544536241,2187.43,51.482574,7.428253,127.90,0.00,0.00,89.95,0,-92,-15,0,0,52,0,0,146
284.51,1544536242,2187.43,51.482574,7.428253,127.94,0.00,0.00,89.95,0,-88,-13,0,0,52,0,0,339
284.52,1544536242,2187.43,51.482574,7.428253,127.94,0.00,0.00,89.95,0,-92,-15,0,0,52,0,0,146
285.51,1544536243,2187.43,51.482574,7.428253,127.98,0.00,0.00,89.95,0,-87,-11,0,0,50,0,0,339
286.51,1544536244,2187.43,51.482574,7.428253,128.02,0.00,0.00,89.95,0,-87,-11,0,0,50,0,0,339
287.52,1544536245,2187.43,51.482574,7.428253,128.05,0.00,0.00,89.95,0,-87,-12,0,0,51,0,0,339
287.52,1544536245,2187.43,51.482574,7.428253,128.05,0.00,0.00,89.95,0,-92,-16,0,0,53,0,0,146
288.51,1544536246,2187.43,51.482574,7.428253,128.09,0.00,0.00,89.95,0,-87,-12,0,0,51,0,0,339
288.51,1544536246,2187.43,51.482574,7.428253,128.09,0.00,0.00,89.95,0,-92,-16,0,0,53,0,0,146
289.51,1544536247,2187.43,51.482574,7.428253,128.12,0.00,0.00,89.95,0,-87,-12,0,0,51,0,0,339
289.52,1544536247,2187.43,51.482574,7.428253,128.12,0.00,0.00,89.95,0,-92,-16,0,0,53,0,0,146
290.51,1544536248,2187.43,51.482574,7.428253,128.16,0.00,0.00,89.95,0,-87,-12,0,0,51,0,0,339
291.51,1544536249,2187.43,51.482574,7.428253,128.53,0.00,0.00,90.44,0,-87,-12,0,0,51,0,0,339
306.51,1544536264,2327.37,51.482433,7.430534,138.12,8.80,0.00,97.39,0,-99,-14,0,0,42,0,0,146
306.52,1544536264,2327.38,51.482433,7.430534,138.12,8.80,0.00,97.39,0,-99,-14,0,0,41,0,0,27
306.52,1544536264,2327.39,51.482433,7.430534,138.12,8.80,0.00,97.39,0,-101,-16,0,0,42,0,0,339
307.51,1544536265,2336.16,51.482421,7.430659,138.78,6.92,0.00,96.88,0,-99,-14,0,0,42,0,0,146
307.52,1544536265,2336.17,51.482421,7.430659,138.78,6.92,0.00,96.88,0,-99,-14,0,0,41,0,0,27
307.52,1544536265,2336.17,51.482421,7.430659,138.78,6.92,0.00,96.88,0,-101,-16,0,0,42,0,0,339
308.53,1544536266,2343.16,51.482414,7.430738,139.35,5.33,0.00,96.85,0,-97,-12,0,0,41,0,0,27
308.53,1544536266,2343.16,51.482414,7.430738,139.35,5.33,0.00,96.85,0,-101,-16,0,0,41,0,0,146
309.51,1544536267,2348.42,51.482408,7.430807,139.39,4.11,0.00,95.22,0,-97,-12,0,0,41,0,0,27
309.52,1544536267,2348.42,51.482408,7.430807,139.39,4.11,0.00,95.22,0,-101,-16,0,0,41,0,0,146
310.51,1544536268,2352.52,51.482401,7.430876,139.44,3.74,0.00,96.01,0,-97,-12,0,0,41,0,0,27
310.51,1544536268,2352.53,51.482401,7.430876,139.44,3.74,0.00,96.01,0,-101,-16,0,0,41,0,0,146
311.51,1544536269,2356.27,51.482396,7.430932,139.50,3.20,0.00,96.20,0,-100,-14,0,0,40,0,0,146
311.52,1544536269,2356.27,51.482396,7.430932,139.50,3.20,0.00,96.20,0,-101,-14,0,0,39,0,0,27
311.52,1544536269,2356.28,51.482396,7.430932,139.50,3.20,0.00,96.20,0,-101,-16,0,0,40,0,0,339
312.51,1544536270,2359.47,51.482392,7.430977,139.57,3.89,0.00,95.79,0,-100,-14,0,0,40,0,0,146
312.51,1544536270,2359.47,51.482392,7.430977,139.57,3.89,0.00,95.79,0,-101,-14,0,0,39,0,0,27
312.52,1544536270,2359.48,51.482392,7.430977,139.57,3.89,0.00,95.79,0,-101,-16,0,0,40,0,0,339
313.51,1544536271,2363.36,51.482385,7.431055,140.21,5.83,0.00,96.29,0,-98,-17,0,0,45,0,0,146
314.51,1544536272,2369.17,51.482378,7.431149,140.82,7.34,0.00,96.99,0,-98,-17,0,0,45,0,0,146
317.51,1544536275,2392.54,51.482356,7.431450,141.03,7.55,0.00,97.88,0,-94,-16,0,0,48,0,0,457
317.52,1544536275,2392.55,51.482356,7.431450,141.03,7.55,0.00,97.88,0,-96,-19,0,0,48,0,0,146
318.51,1544536276,2400.09,51.482347,7.431571,141.27,8.17,0.00,97.39,0,-94,-16,0,0,48,0,0,457
318.52,1544536276,2400.10,51.482347,7.431571,141.27,8.17,0.00,97.39,0,-96,-19,0,0,48,0,0,146
319.51,1544536277,2408.27,51.482337,7.431694,141.60,8.53,0.00,97.61,0,-96,-14,0,0,44,0,0,339
319.52,1544536277,2408.28,51.482337,7.431694,141.60,8.53,0.00,97.61,0,-97,-15,0,0,43,0,0,457
319.52,1544536277,2408.29,51.482337,7.431694,141.60,8.53,0.00,97.61,0,-99,-17,0,0,44,0,0,146
320.51,1544536278,2416.80,51.482327,7.431819,141.97,8.51,0.00,97.06,0,-96,-14,0,0,44,0,0,339
320.52,1544536278,2416.81,51.482327,7.431819,141.97,8.51,0.00,97.06,0,-97,-15,0,0,43,0,0,457
320.52,1544536278,2416.82,51.482327,7.431819,141.97,8.51,0.00,97.06,0,-99,-17,0,0,44,0,0,146
321.51,1544536279,2425.31,51.482318,7.431935,142.19,8.24,0.00,96.81,0,-92,-15,0,0,51,0,0,339
322.51,1544536280,2433.54,51.482312,7.432042,142.38,7.80,0.00,96.30,0,-92,-15,0,0,51,0,0,339
323.51,1544536281,2441.34,51.482305,7.432159,142.29,8.52,0.00,96.50,0,-80,-10,0,0,56,0,0,339
324.51,1544536282,2449.84,51.482296,7.432290,142.13,9.10,0.00,95.94,0,-80,-10,0,0,56,0,0,339
325.51,1544536283,2458.93,51.482287,7.432436,142.22,9.41,0.00,96.15,0,-88,-11,0,0,49,0,0,146
325.51,1544536283,2458.93,51.482287,7.432436,142.22,9.41,0.00,96.15,0,-92,-15,0,0,49,0,0,457
326.51,1544536284,2468.35,51.482278,7.432578,142.26,10.27,0.00,96.42,0,-88,-11,0,0,49,0,0,146
326.51,1544536284,2468.35,51.482278,7.432578,142.26,10.27,0.00,96.42,0,-92,-15,0,0,49,0,0,457
418.51,1544536376,2987.55,51.481757,7.440322,147.68,12.51,0.00,95.91,0,-80,-12,0,0,58,0,0,264
419.51,1544536377,3000.09,51.481741,7.440528,147.73,12.31,0.00,96.32,0,-80,-12,0,0,58,0,0,264
420.51,1544536378,3012.33,51.481726,7.440719,147.65,12.10,0.00,96.02,0,-75,-12,0,0,63,0,0,264
421.51,1544536379,3024.48,51.481713,7.440888,147.76,11.76,0.00,96.53,0,-75,-12,0,0,63,0,0,264
422.52,1544536380,3036.31,51.481702,7.441045,148.20,11.34,0.00,97.23,0,-74,-11,0,0,63,0,0,264
423.51,1544536381,3047.60,51.481684,7.441218,148.38,11.47,0.00,99.32,0,-74,-11,0,0,63,0,0,264
426.51,1544536384,3082.38,51.481574,7.441648,149.40,12.25,0.00,122.34,0,-69,-15,0,0,63,0,0,265
427.51,1544536385,3094.66,51.481506,7.441792,150.26,12.97,0.00,124.81,0,-69,-15,0,0,63,0,0,265
428.52,1544536386,3107.68,51.481424,7.441950,151.25,13.90,0.00,127.24,0,-79,-15,0,0,63,0,0,266
429.51,1544536387,3121.50,51.481331,7.442113,151.86,14.59,0.00,129.96,0,-79,-15,0,0,63,0,0,266
441.51,1544536399,3277.12,51.480169,7.443267,151.55,12.48,0.00,155.76,0,-76,-9,0,0,59,0,0,375
442.51,1544536400,3289.61,51.480066,7.443353,151.20,13.47,0.00,154.39,0,-76,-9,0,0,59,0,0,375
527.52,1544536485,3954.49,51.474844,7.448093,163.18,6.81,0.00,142.92,0,-85,-11,0,0,53,0,0,265
528.51,1544536486,3961.24,51.474793,7.448160,163.58,7.29,0.00,141.95,0,-85,-11,0,0,53,0,0,265
529.51,1544536487,3968.53,51.474736,7.448237,163.99,8.14,0.00,141.42,0,-84,-14,0,0,56,0,0,265
530.51,1544536488,3976.67,51.474674,7.448317,164.63,8.38,0.00,141.39,0,-84,-14,0,0,56,0,0,265
531.51,1544536489,3985.05,51.474612,7.448398,165.25,8.72,0.00,141.21,0,-83,-13,0,0,57,0,0,265
532.51,1544536490,3993.77,51.474553,7.448477,165.63,8.45,0.00,140.95,0,-83,-13,0,0,57,0,0,265
533.51,1544536491,4002.23,51.474499,7.448553,165.91,8.13,0.00,140.79,0,-85,-13,0,0,55,0,0,265
534.51,1544536492,4010.36,51.474444,7.448631,166.07,8.73,0.00,140.27,0,-85,-13,0,0,55,0,0,265
548.51,1544536506,4152.62,51.473517,7.450092,165.47,12.11,0.00,130.19,0,-76,-8,0,0,57,0,0,376
548.52,1544536506,4152.64,51.473517,7.450092,165.47,12.11,0.00,130.19,0,-69,-11,0,0,63,0,0,377
549.51,1544536507,4164.72,51.473453,7.450223,165.50,11.77,0.00,128.75,0,-76,-8,0,0,57,0,0,376
549.51,1544536507,4164.73,51.473453,7.450223,165.50,11.77,0.00,128.75,0,-69,-11,0,0,63,0,0,377
550.51,1544536508,4176.49,51.473392,7.450358,165.54,11.21,0.00,127.31,0,-64,-15,0,0,63,0,0,375
551.51,1544536509,4187.70,51.473339,7.450476,165.40,10.58,0.00,126.11,0,-64,-15,0,0,63,0,0,375
552.52,1544536510,4198.32,51.473279,7.450616,165.01,10.52,0.00,125.23,0,-73,-15,0,0,63,0,0,375
553.51,1544536511,4208.77,51.473225,7.450744,164.25,11.51,0.00,124.06,0,-73,-15,0,0,63,0,0,375
586.51,1544536544,4678.24,51.471774,7.457033,154.97,11.97,0.00,114.99,0,-89,-11,0,0,50,0,0,111
587.51,1544536545,4690.19,51.471725,7.457182,154.73,11.88,0.00,115.66,0,-89,-11,0,0,50,0,0,111
590.51,1544536548,4725.40,51.471577,7.457645,155.57,11.39,0.00,118.15,0,-89,-8,0,0,46,0,0,306
590.52,1544536548,4725.42,51.471577,7.457645,155.57,11.39,0.00,118.15,0,-92,-12,0,0,46,0,0,111
591.51,1544536549,4736.72,51.471530,7.457785,155.68,11.11,0.00,118.32,0,-89,-8,0,0,46,0,0,306
591.51,1544536549,4736.72,51.471530,7.457785,155.68,11.11,0.00,118.32,0,-92,-12,0,0,46,0,0,111
592.51,1544536550,4747.90,51.471481,7.457928,155.55,11.28,0.00,117.75,0,-94,-12,0,0,43,0,0,111
592.52,1544536550,4747.91,51.471481,7.457928,155.55,11.28,0.00,117.75,0,-98,-15,0,0,43,0,0,306
593.51,1544536551,4759.19,51.471436,7.458067,155.33,11.29,0.00,117.09,0,-94,-12,0,0,43,0,0,111
593.52,1544536551,4759.20,51.471436,7.458067,155.33,11.29,0.00,117.09,0,-98,-15,0,0,43,0,0,306
594.52,1544536552,4770.49,51.471394,7.458202,155.14,9.92,0.00,116.66,0,-94,-13,0,0,45,0,0,306
595.51,1544536553,4780.38,51.471354,7.458322,154.77,8.79,0.00,116.29,0,-94,-13,0,0,45,0,0,306
615.51,1544536573,4847.24,51.471126,7.459121,154.42,0.00,0.00,115.79,0,-94,-18,0,0,50,0,0,111
616.51,1544536574,4847.24,51.471126,7.459121,154.42,0.00,0.00,115.79,0,-94,-18,0,0,50,0,0,111
636.51,1544536594,4847.24,51.471126,7.459121,154.44,0.00,0.00,115.79,0,-96,-17,0,0,47,0,0,111
637.51,1544536595,4847.24,51.471126,7.459121,154.44,0.00,0.00,115.79,0,-96,-17,0,0,47,0,0,111
638.52,1544536596,4847.24,51.471126,7.459121,154.44,0.00,0.00,115.79,0,-94,-17,0,0,48,0,0,111
639.51,1544536597,4847.24,51.471126,7.459121,154.45,0.00,0.00,115.79,0,-94,-17,0,0,48,0,0,111
640.51,1544536598,4847.24,51.471126,7.459121,154.45,0.00,0.00,115.79,0,-94,-18,0,0,50,0,0,111
641.51,1544536599,4847.24,51.471126,7.459121,154.46,0.00,0.00,115.79,0,-94,-18,0,0,50,0,0,111
642.52,1544536600,4847.24,51.471126,7.459121,154.46,0.00,0.00,115.79,0,-94,-15,0,0,49,0,0,111
643.52,1544536601,4847.24,51.471126,7.459121,154.47,0.00,0.00,115.79,0,-94,-15,0,0,49,0,0,111
647.52,1544536605,4847.24,51.471096,7.459207,154.10,0.00,0.00,116.38,0,-95,-15,0,0,46,0,0,111
648.52,1544536606,4847.26,51.471078,7.459261,154.00,5.03,0.00,116.74,0,-95,-15,0,0,46,0,0,111
659.51,1544536617,4944.54,51.470679,7.460618,155.77,15.97,0.00,113.13,0,-90,-12,0,0,49,0,0,111
660.51,1544536618,4960.52,51.470622,7.460834,155.01,16.08,0.00,113.76,0,-90,-12,0,0,49,0,0,111
672.51,1544536630,5157.25,51.469889,7.463430,154.93,18.03,0.00,115.03,0,-96,-11,0,0,42,0,0,143
673.51,1544536631,5175.27,51.469824,7.463667,155.00,18.05,0.00,114.20,0,-96,-11,0,0,42,0,0,143
674.51,1544536632,5193.33,51.469761,7.463917,154.87,18.16,0.00,112.74,0,-97,-11,0,0,39,0,0,111
674.51,1544536632,5193.33,51.469761,7.463917,154.87,18.16,0.00,112.74,0,-100,-14,0,0,40,0,0,143
675.51,1544536633,5211.48,51.469703,7.464163,154.40,18.33,0.00,111.25,0,-97,-11,0,0,39,0,0,111
675.52,1544536633,5211.50,51.469703,7.464163,154.40,18.33,0.00,111.25,0,-100,-14,0,0,40,0,0,143
676.52,1544536634,5229.86,51.469651,7.464411,153.90,18.59,0.00,109.77,0,-99,-12,0,0,40,0,0,111
676.52,1544536634,5229.87,51.469651,7.464411,153.90,18.59,0.00,109.77,0,-99,-12,0,0,40,0,0,143
677.51,1544536635,5248.41,51.469603,7.464656,153.20,18.85,0.00,108.40,0,-99,-12,0,0,40,0,0,111
677.52,1544536635,5248.43,51.469603,7.464656,153.20,18.85,0.00,108.40,0,-99,-12,0,0,40,0,0,143
678.52,1544536636,5267.31,51.469558,7.464921,152.80,19.10,0.00,106.58,0,-96,-11,0,0,42,0,0,111
679.51,1544536637,5286.33,51.469518,7.465199,152.81,19.49,0.00,104.49,0,-96,-11,0,0,42,0,0,111
680.51,1544536638,5305.84,51.469486,7.465482,152.94,19.76,0.00,102.37,0,-96,-13,0,0,43,0,0,111
681.51,1544536639,5325.62,51.469459,7.465776,153.12,20.00,0.00,100.30,0,-96,-13,0,0,43,0,0,111
682.52,1544536640,5345.64,51.469450,7.466067,153.15,20.35,0.00,94.98,0,-102,-16,0,0,40,0,0,289
682.52,1544536640,5345.66,51.469450,7.466067,153.15,20.35,0.00,94.98,0,-103,-18,0,0,41,0,0,111
682.52,1544536640,5345.68,51.469450,7.466067,153.15,20.35,0.00,94.98,0,-104,-19,0,0,41,0,0,429
683.52,1544536641,5366.01,51.469451,7.466356,153.05,20.27,0.00,91.49,0,-102,-16,0,0,40,0,0,289
683.52,1544536641,5366.03,51.469451,7.466356,153.05,20.27,0.00,91.49,0,-103,-18,0,0,41,0,0,111
683.52,1544536641,5366.03,51.469451,7.466356,153.05,20.27,0.00,91.49,0,-104,-19,0,0,41,0,0,429
684.52,1544536642,5386.28,51.469455,7.466654,153.09,20.70,0.00,90.41,0,-100,-14,0,0,40,0,0,111
684.52,1544536642,5386.30,51.469455,7.466654,153.09,20.70,0.00,90.41,0,-101,-15,0,0,39,0,0,143
684.52,1544536642,5386.33,51.469455,7.466654,153.09,20.70,0.00,90.41,0,-102,-16,0,0,39,0,0,289
685.52,1544536643,5406.98,51.469466,7.466956,153.12,21.06,0.00,87.55,0,-100,-14,0,0,40,0,0,111
685.52,1544536643,5407.00,51.469466,7.466956,153.12,21.06,0.00,87.55,0,-101,-15,0,0,39,0,0,143
685.52,1544536643,5407.04,51.469466,7.466956,153.12,21.06,0.00,87.55,0,-102,-16,0,0,39,0,0,289
686.52,1544536644,5428.21,51.469480,7.467264,152.62,21.38,0.00,85.57,0,-99,-12,0,0,38,0,0,111
686.53,1544536644,5428.23,51.469480,7.467264,152.62,21.38,0.00,85.57,0,-100,-12,0,0,38,0,0,143
687.52,1544536645,5449.41,51.469498,7.467561,152.06,20.99,0.00,84.39,0,-99,-12,0,0,38,0,0,111
687.52,1544536645,5449.41,51.469498,7.467561,152.06,20.99,0.00,84.39,0,-100,-12,0,0,38,0,0,143
688.51,1544536646,5470.36,51.469519,7.467859,151.61,20.92,0.00,83.37,0,-99,-12,0,0,38,0,0,111
688.52,1544536646,5470.38,51.469519,7.467859,151.61,20.92,0.00,83.37,0,-100,-12,0,0,38,0,0,143
689.52,1544536647,5491.31,51.469545,7.468157,151.21,21.21,0.00,81.80,0,-95,-12,0,0,44,0,0,143
690.51,1544536648,5512.50,51.469573,7.468453,150.65,21.23,0.00,81.08,0,-95,-12,0,0,44,0,0,143
693.51,1544536651,5576.11,51.469679,7.469372,149.74,21.48,0.00,80.53,0,-101,-18,0,0,43,0,0,289
693.51,1544536651,5576.13,51.469679,7.469372,149.74,21.48,0.00,80.53,0,-102,-18,0,0,42,0,0,143
694.51,1544536652,5597.65,51.469717,7.469669,149.80,21.45,0.00,80.28,0,-101,-18,0,0,43,0,0,289
694.52,1544536652,5597.67,51.469717,7.469669,149.80,21.45,0.00,80.28,0,-102,-18,0,0,42,0,0,143
699.51,1544536657,5699.94,51.469853,7.471109,150.28,19.41,0.00,85.56,0,-100,-13,0,0,39,0,0,111
700.51,1544536658,5719.37,51.469860,7.471372,151.25,19.21,0.00,88.94,0,-100,-13,0,0,39,0,0,111
701.52,1544536659,5738.60,51.469864,7.471646,151.41,19.48,0.00,89.32,0,-101,-12,0,0,36,0,0,111
702.52,1544536660,5758.08,51.469864,7.471935,151.75,19.90,0.00,90.50,0,-101,-12,0,0,36,0,0,111
703.52,1544536661,5778.01,51.469862,7.472202,152.70,19.14,0.00,91.71,0,-104,-18,0,0,40,0,0,289
703.52,1544536661,5778.03,51.469862,7.472202,152.70,19.14,0.00,91.71,0,-104,-19,0,0,41,0,0,111
703.52,1544536661,5778.03,51.469862,7.472202,152.70,19.14,0.00,91.71,0,-104,-17,0,0,42,0,0,143
704.52,1544536662,5797.16,51.469854,7.472471,153.71,18.22,0.00,92.80,0,-104,-18,0,0,40,0,0,289
704.52,1544536662,5797.17,51.469854,7.472471,153.71,18.22,0.00,92.80,0,-104,-19,0,0,41,0,0,111
704.52,1544536662,5797.19,51.469854,7.472471,153.71,18.22,0.00,92.80,0,-104,-17,0,0,42,0,0,143
705.51,1544536663,5815.32,51.469843,7.472732,154.69,17.95,0.00,93.99,0,-96,-14,0,0,44,0,0,289
706.51,1544536664,5833.27,51.469828,7.472993,155.64,17.99,0.00,95.18,0,-96,-14,0,0,44,0,0,289
710.52,1544536668,5904.97,51.469743,7.474023,158.76,17.87,0.00,97.66,0,-99,-15,0,0,42,0,0,376
710.52,1544536668,5904.99,51.469743,7.474023,158.76,17.87,0.00,97.66,0,-99,-17,0,0,43,0,0,112
710.52,1544536668,5905.01,51.469743,7.474023,158.76,17.87,0.00,97.66,0,-100,-18,0,0,44,0,0,111
711.52,1544536669,5922.86,51.469714,7.474285,159.87,17.88,0.00,98.49,0,-99,-15,0,0,42,0,0,376
711.52,1544536669,5922.86,51.469714,7.474285,159.87,17.88,0.00,98.49,0,-99,-17,0,0,43,0,0,112
711.52,1544536669,5922.88,51.469714,7.474285,159.87,17.88,0.00,98.49,0,-100,-18,0,0,44,0,0,111
712.52,1544536670,5940.72,51.469685,7.474540,160.63,17.36,0.00,98.43,0,-98,-14,0,0,41,0,0,112
712.52,1544536670,5940.74,51.469685,7.474540,160.63,17.36,0.00,98.43,0,-99,-13,0,0,40,0,0,376
712.52,1544536670,5940.76,51.469685,7.474540,160.63,17.36,0.00,98.43,0,-99,-14,0,0,41,0,0,111
713.52,1544536671,5958.08,51.469657,7.474786,161.50,16.82,0.00,97.84,0,-98,-14,0,0,41,0,0,112
713.52,1544536671,5958.10,51.469657,7.474786,161.50,16.82,0.00,97.84,0,-99,-13,0,0,40,0,0,376
713.52,1544536671,5958.11,51.469657,7.474786,161.50,16.82,0.00,97.84,0,-99,-14,0,0,41,0,0,111
714.52,1544536672,5974.90,51.469633,7.475029,162.07,16.20,0.00,97.29,0,-99,-17,0,0,44,0,0,112
714.52,1544536672,5974.92,51.469633,7.475029,162.07,16.20,0.00,97.29,0,-99,-18,0,0,44,0,0,111
714.52,1544536672,5974.93,51.469633,7.475029,162.07,16.20,0.00,97.29,0,-99,-17,0,0,44,0,0,376
715.52,1544536673,5991.12,51.469611,7.475254,162.64,15.65,0.00,96.67,0,-99,-17,0,0,44,0,0,112
715.52,1544536673,5991.13,51.469611,7.475254,162.64,15.65,0.00,96.67,0,-99,-18,0,0,44,0,0,111
715.52,1544536673,5991.13,51.469611,7.475254,162.64,15.65,0.00,96.67,0,-99,-17,0,0,44,0,0,376
716.52,1544536674,6006.75,51.469593,7.475473,163.11,15.17,0.00,95.55,0,-100,-17,0,0,42,0,0,376
716.52,1544536674,6006.77,51.469593,7.475473,163.11,15.17,0.00,95.55,0,-100,-18,0,0,43,0,0,143
716.52,1544536674,6006.78,51.469593,7.475473,163.11,15.17,0.00,95.55,0,-101,-18,0,0,43,0,0,112
717.52,1544536675,6021.93,51.469579,7.475684,163.40,14.80,0.00,94.30,0,-100,-17,0,0,42,0,0,376
717.52,1544536675,6021.93,51.469579,7.475684,163.40,14.80,0.00,94.30,0,-100,-18,0,0,43,0,0,143
717.52,1544536675,6021.94,51.469579,7.475684,163.40,14.80,0.00,94.30,0,-101,-18,0,0,43,0,0,112
718.51,1544536676,6036.71,51.469566,7.475894,163.73,14.72,0.00,93.79,0,-98,-16,0,0,43,0,0,143
718.51,1544536676,6036.71,51.469566,7.475894,163.73,14.72,0.00,93.79,0,-102,-19,0,0,43,0,0,111
719.51,1544536677,6051.43,51.469559,7.476091,163.85,14.40,0.00,92.52,0,-98,-16,0,0,43,0,0,143
719.52,1544536677,6051.44,51.469559,7.476091,163.85,14.40,0.00,92.52,0,-102,-19,0,0,43,0,0,111
730.52,1544536688,6187.31,51.469669,7.477998,162.51,7.78,0.00,77.43,0,-95,-12,0,0,44,0,0,143
731.51,1544536689,6195.03,51.469685,7.478092,162.50,6.47,0.00,76.73,0,-95,-12,0,0,44,0,0,143
732.52,1544536690,6201.53,51.469698,7.478185,162.35,5.79,0.00,79.04,0,-95,-12,0,0,44,0,0,143
735.51,1544536693,6215.95,51.469741,7.478392,162.53,3.54,0.00,74.87,0,-96,-18,0,0,49,0,0,143
735.51,1544536693,6215.95,51.469741,7.478392,162.53,3.54,0.00,74.87,0,-96,-19,0,0,49,0,0,141
736.52,1544536694,6219.49,51.469753,7.478458,162.68,2.96,0.00,71.79,0,-96,-18,0,0,49,0,0,143
736.52,1544536694,6219.49,51.469753,7.478458,162.68,2.96,0.00,71.79,0,-96,-19,0,0,49,0,0,141
737.51,1544536695,6222.45,51.469761,7.478497,162.87,1.11,0.00,69.35,0,-94,-18,0,0,49,0,0,141
737.52,1544536695,6222.45,51.469761,7.478497,162.87,1.11,0.00,69.35,0,-95,-18,0,0,49,0,0,143
738.52,1544536696,6223.56,51.469761,7.478497,162.89,0.00,0.00,69.35,0,-94,-18,0,0,49,0,0,141
738.52,1544536696,6223.56,51.469761,7.478497,162.89,0.00,0.00,69.35,0,-95,-18,0,0,49,0,0,143
739.51,1544536697,6223.56,51.469761,7.478497,162.91,0.00,0.00,69.35,0,-94,-16,0,0,47,0,0,141
739.51,1544536697,6223.56,51.469761,7.478497,162.91,0.00,0.00,69.35,0,-95,-16,0,0,47,0,0,143
740.51,1544536698,6223.56,51.469761,7.478497,162.93,0.00,0.00,69.35,0,-94,-16,0,0,47,0,0,141
740.52,1544536698,6223.56,51.469761,7.478497,162.93,0.00,0.00,69.35,0,-95,-16,0,0,47,0,0,143
741.51,1544536699,6223.56,51.469761,7.478497,162.95,0.00,0.00,69.35,0,-94,-17,0,0,47,0,0,143
741.52,1544536699,6223.56,51.469761,7.478497,162.95,0.00,0.00,69.35,0,-95,-17,0,0,47,0,0,141
742.52,1544536700,6223.56,51.469761,7.478497,162.97,0.00,0.00,69.35,0,-94,-17,0,0,47,0,0,143
742.52,1544536700,6223.56,51.469761,7.478497,162.97,0.00,0.00,69.35,0,-95,-17,0,0,47,0,0,141
743.51,1544536701,6223.56,51.469761,7.478497,163.00,0.00,0.00,69.35,0,-94,-17,0,0,48,0,0,143
743.52,1544536701,6223.56,51.469761,7.478497,163.00,0.00,0.00,69.35,0,-95,-17,0,0,48,0,0,141
744.52,1544536702,6223.56,51.469761,7.478497,163.03,0.00,0.00,69.35,0,-94,-17,0,0,48,0,0,143
744.52,1544536702,6223.56,51.469761,7.478497,163.03,0.00,0.00,69.35,0,-95,-17,0,0,48,0,0,141
745.52,1544536703,6223.56,51.469761,7.478497,163.07,0.00,0.00,69.35,0,-94,-16,0,0,47,0,0,143
745.52,1544536703,6223.56,51.469761,7.478497,163.07,0.00,0.00,69.35,0,-95,-16,0,0,47,0,0,141
746.52,1544536704,6223.56,51.469761,7.478497,163.11,0.00,0.00,69.35,0,-94,-16,0,0,47,0,0,143
746.52,1544536704,6223.56,51.469761,7.478497,163.11,0.00,0.00,69.35,0,-95,-16,0,0,47,0,0,141
747.52,1544536705,6223.56,51.469761,7.478497,163.15,0.00,0.00,69.35,0,-94,-16,0,0,48,0,0,143
747.52,1544536705,6223.56,51.469761,7.478497,163.15,0.00,0.00,69.35,0,-95,-18,0,0,48,0,0,141
748.52,1544536706,6223.56,51.469761,7.478497,163.20,0.00,0.00,69.35,0,-94,-16,0,0,48,0,0,143
748.52,1544536706,6223.56,51.469761,7.478497,163.20,0.00,0.00,69.35,0,-95,-18,0,0,48,0,0,141
749.52,1544536707,6223.56,51.469761,7.478497,163.24,0.00,0.00,69.35,0,-94,-15,0,0,47,0,0,143
749.52,1544536707,6223.56,51.469761,7.478497,163.24,0.00,0.00,69.35,0,-95,-16,0,0,47,0,0,141
750.52,1544536708,6223.56,51.469761,7.478497,163.29,0.00,0.00,69.35,0,-94,-15,0,0,47,0,0,143
750.52,1544536708,6223.56,51.469761,7.478497,163.29,0.00,0.00,69.35,0,-95,-16,0,0,47,0,0,141
751.52,1544536709,6223.56,51.469761,7.478497,163.33,0.00,0.00,69.35,0,-94,-13,0,0,46,0,0,143
751.53,1544536709,6223.56,51.469761,7.478497,163.33,0.00,0.00,69.35,0,-95,-16,0,0,46,0,0,141
752.52,1544536710,6223.56,51.469761,7.478497,163.38,0.00,0.00,69.35,0,-94,-13,0,0,46,0,0,143
752.52,1544536710,6223.56,51.469761,7.478497,163.38,0.00,0.00,69.35,0,-95,-16,0,0,46,0,0,141
753.52,1544536711,6223.56,51.469761,7.478497,163.43,0.00,0.00,69.35,0,-94,-13,0,0,46,0,0,143
753.52,1544536711,6223.56,51.469761,7.478497,163.43,0.00,0.00,69.35,0,-95,-16,0,0,46,0,0,141
754.51,1544536712,6223.56,51.469761,7.478497,163.47,0.00,0.00,69.35,0,-94,-14,0,0,47,0,0,143
754.52,1544536712,6223.56,51.469761,7.478497,163.47,0.00,0.00,69.35,0,-94,-15,0,0,47,0,0,141
755.52,1544536713,6223.56,51.469761,7.478497,163.52,0.00,0.00,69.35,0,-94,-14,0,0,47,0,0,143
755.52,1544536713,6223.56,51.469761,7.478497,163.52,0.00,0.00,69.35,0,-94,-15,0,0,47,0,0,141
756.52,1544536714,6223.56,51.469761,7.478497,163.56,0.00,0.00,69.35,0,-94,-15,0,0,46,0,0,141
756.52,1544536714,6223.56,51.469761,7.478497,163.56,0.00,0.00,69.35,0,-95,-16,0,0,46,0,0,143
757.52,1544536715,6223.56,51.469761,7.478497,163.59,0.00,0.00,69.35,0,-94,-15,0,0,46,0,0,141
757.52,1544536715,6223.56,51.469761,7.478497,163.59,0.00,0.00,69.35,0,-95,-16,0,0,46,0,0,143
758.51,1544536716,6223.56,51.469761,7.478497,163.61,0.00,0.00,69.35,0,-94,-14,0,0,47,0,0,143
758.52,1544536716,6223.56,51.469761,7.478497,163.61,0.00,0.00,69.35,0,-94,-16,0,0,47,0,0,141
759.52,1544536717,6223.56,51.469761,7.478497,163.63,0.00,0.00,69.35,0,-94,-14,0,0,47,0,0,143
759.52,1544536717,6223.56,51.469761,7.478497,163.63,0.00,0.00,69.35,0,-94,-16,0,0,47,0,0,141
760.51,1544536718,6223.56,51.469761,7.478497,163.65,0.00,0.00,69.35,0,-94,-16,0,0,47,0,0,143
760.51,1544536718,6223.56,51.469761,7.478497,163.65,0.00,0.00,69.35,0,-94,-16,0,0,47,0,0,141
761.52,1544536719,6223.56,51.469761,7.478497,163.67,0.00,0.00,69.35,0,-94,-16,0,0,47,0,0,143
761.52,1544536719,6223.56,51.469761,7.478497,163.67,0.00,0.00,69.35,0,-94,-16,0,0,47,0,0,141
762.52,1544536720,6223.56,51.469761,7.478497,163.80,0.00,0.00,69.35,0,-95,-18,0,0,49,0,0,143
762.52,1544536720,6223.56,51.469761,7.478497,163.80,0.00,0.00,69.35,0,-96,-19,0,0,49,0,0,141
763.51,1544536721,6223.56,51.469761,7.478497,163.97,0.00,0.00,72.20,0,-95,-18,0,0,49,0,0,143
763.51,1544536721,6223.56,51.469761,7.478497,163.97,0.00,0.00,72.20,0,-96,-19,0,0,49,0,0,141
764.52,1544536722,6223.56,51.469793,7.478683,165.87,0.00,0.00,72.77,0,-94,-17,0,0,49,0,0,141
764.52,1544536722,6223.56,51.469793,7.478683,165.87,0.00,0.00,72.77,0,-95,-18,0,0,49,0,0,143
765.52,1544536723,6223.58,51.469812,7.478782,167.08,7.77,0.00,73.69,0,-94,-17,0,0,49,0,0,141
765.52,1544536723,6223.59,51.469812,7.478782,167.08,7.77,0.00,73.69,0,-95,-18,0,0,49,0,0,143
766.51,1544536724,6231.34,51.469831,7.478872,168.01,7.41,0.00,73.79,0,-96,-19,0,0,49,0,0,143
766.52,1544536724,6231.35,51.469831,7.478872,168.01,7.41,0.00,73.79,0,-96,-19,0,0,49,0,0,141
767.52,1544536725,6238.76,51.469849,7.478949,169.16,8.04,0.00,71.60,0,-96,-19,0,0,49,0,0,143
767.52,1544536725,6238.76,51.469849,7.478949,169.16,8.04,0.00,71.60,0,-96,-19,0,0,49,0,0,141
779.52,1544536737,6371.35,51.470227,7.480775,173.36,13.41,0.00,71.59,0,-85,-14,0,0,54,0,0,141
779.52,1544536737,6371.35,51.470227,7.480775,173.36,13.41,0.00,71.59,0,-87,-16,0,0,54,0,0,143
780.52,1544536738,6384.74,51.470266,7.480955,173.16,13.17,0.00,72.33,0,-85,-14,0,0,54,0,0,141
780.52,1544536738,6384.75,51.470266,7.480955,173.16,13.17,0.00,72.33,0,-87,-16,0,0,54,0,0,143
795.52,1544536753,6545.88,51.469319,7.482127,165.49,13.78,0.00,165.01,0,-93,-10,0,0,44,0,0,141
796.51,1544536754,6559.56,51.469192,7.482177,165.72,14.06,0.00,165.75,0,-93,-10,0,0,44,0,0,141
797.51,1544536755,6573.62,51.469066,7.482217,166.11,14.08,0.00,167.55,0,-93,-10,0,0,44,0,0,141
798.51,1544536756,6587.70,51.468956,7.482251,166.68,12.51,0.00,166.76,0,-92,-11,0,0,45,0,0,141
799.51,1544536757,6600.20,51.468830,7.482290,167.02,13.27,0.00,167.44,0,-92,-11,0,0,45,0,0,141
800.51,1544536758,6613.49,51.468709,7.482333,167.26,12.94,0.00,166.71,0,-94,-12,0,0,44,0,0,141
801.51,1544536759,6626.40,51.468596,7.482380,167.80,13.45,0.00,165.92,0,-94,-12,0,0,44,0,0,141
821.52,1544536779,6911.94,51.466095,7.482420,165.27,14.20,0.00,196.01,0,-94,-14,0,0,47,0,0,141
821.52,1544536779,6911.94,51.466095,7.482420,165.27,14.20,0.00,196.01,0,-97,-18,0,0,46,0,0,143
822.52,1544536780,6926.13,51.465950,7.482309,163.67,14.20,0.00,194.29,0,-94,-14,0,0,47,0,0,141
822.52,1544536780,6926.14,51.465950,7.482309,163.67,14.20,0.00,194.29,0,-97,-18,0,0,46,0,0,143
823.52,1544536781,6940.37,51.465797,7.482248,162.54,17.53,0.00,192.97,0,-107,-19,0,0,37,0,0,143
824.51,1544536782,6957.79,51.465656,7.482166,162.31,16.21,0.00,198.18,0,-107,-19,0,0,37,0,0,143
827.51,1544536785,7003.16,51.465299,7.481828,161.36,13.70,0.00,204.73,0,-97,-11,0,0,40,0,0,141
828.51,1544536786,7016.85,51.465195,7.481720,161.30,13.73,0.00,203.79,0,-97,-11,0,0,40,0,0,141
829.51,1544536787,7030.59,51.465096,7.481633,161.00,13.27,0.00,202.54,0,-96,-10,0,0,40,0,0,143
829.52,1544536787,7030.61,51.465096,7.481633,161.00,13.27,0.00,202.54,0,-97,-10,0,0,40,0,0,141
830.51,1544536788,7043.85,51.464979,7.481560,161.60,13.64,0.00,201.43,0,-96,-10,0,0,40,0,0,143
830.51,1544536788,7043.87,51.464979,7.481560,161.60,13.64,0.00,201.43,0,-97,-10,0,0,40,0,0,141
831.51,1544536789,7057.51,51.464854,7.481492,162.39,14.55,0.00,200.42,0,-96,-10,0,0,40,0,0,143
831.52,1544536789,7057.53,51.464854,7.481492,162.39,14.55,0.00,200.42,0,-97,-10,0,0,40,0,0,141
832.51,1544536790,7072.07,51.464737,7.481428,163.51,15.36,0.00,199.88,0,-96,-10,0,0,40,0,0,143
832.52,1544536790,7072.08,51.464737,7.481428,163.51,15.36,0.00,199.88,0,-97,-10,0,0,40,0,0,141
833.52,1544536791,7087.46,51.464610,7.481362,164.85,15.48,0.00,199.25,0,-97,-12,0,0,43,0,0,141
833.52,1544536791,7087.46,51.464610,7.481362,164.85,15.48,0.00,199.25,0,-97,-13,0,0,43,0,0,143
834.51,1544536792,7102.91,51.464483,7.481294,166.03,14.86,0.00,198.73,0,-97,-12,0,0,43,0,0,141
834.52,1544536792,7102.93,51.464483,7.481294,166.03,14.86,0.00,198.73,0,-97,-13,0,0,43,0,0,143
835.51,1544536793,7117.67,51.464359,7.481235,167.21,14.43,0.00,197.92,0,-97,-13,0,0,43,0,0,143
835.51,1544536793,7117.68,51.464359,7.481235,167.21,14.43,0.00,197.92,0,-97,-12,0,0,43,0,0,141
836.51,1544536794,7132.20,51.464243,7.481179,168.08,13.78,0.00,197.82,0,-97,-13,0,0,43,0,0,143
836.52,1544536794,7132.21,51.464243,7.481179,168.08,13.78,0.00,197.82,0,-97,-12,0,0,43,0,0,141
837.52,1544536795,7146.09,51.464129,7.481123,168.98,13.36,0.00,197.16,0,-95,-10,0,0,41,0,0,143
837.52,1544536795,7146.10,51.464129,7.481123,168.98,13.36,0.00,197.16,0,-97,-12,0,0,41,0,0,141
838.51,1544536796,7159.34,51.464015,7.481073,169.78,13.40,0.00,196.36,0,-95,-10,0,0,41,0,0,143
838.52,1544536796,7159.35,51.464015,7.481073,169.78,13.40,0.00,196.36,0,-97,-12,0,0,41,0,0,141
839.51,1544536797,7172.67,51.463901,7.481022,170.38,13.05,0.00,196.98,0,-95,-10,0,0,41,0,0,143
839.51,1544536797,7172.69,51.463901,7.481022,170.38,13.05,0.00,196.98,0,-97,-12,0,0,41,0,0,141
840.52,1544536798,7185.82,51.463789,7.480969,170.74,13.71,0.00,196.60,0,-93,-13,0,0,46,0,0,143
840.52,1544536798,7185.83,51.463789,7.480969,170.74,13.71,0.00,196.60,0,-95,-15,0,0,46,0,0,141
841.51,1544536799,7199.50,51.463676,7.480916,171.22,14.09,0.00,196.09,0,-93,-13,0,0,46,0,0,143
841.52,1544536799,7199.51,51.463676,7.480916,171.22,14.09,0.00,196.09,0,-95,-15,0,0,46,0,0,141
842.52,1544536800,7213.60,51.463560,7.480864,171.61,13.73,0.00,195.76,0,-95,-11,0,0,42,0,0,143
842.52,1544536800,7213.61,51.463560,7.480864,171.61,13.73,0.00,195.76,0,-99,-16,0,0,42,0,0,141
843.52,1544536801,7227.33,51.463444,7.480810,171.90,13.07,0.00,196.35,0,-95,-11,0,0,42,0,0,143
843.52,1544536801,7227.34,51.463444,7.480810,171.90,13.07,0.00,196.35,0,-99,-16,0,0,42,0,0,141
844.52,1544536802,7240.40,51.463319,7.480749,171.70,12.89,0.00,196.52,0,-93,-14,0,0,47,0,0,143
844.52,1544536802,7240.40,51.463319,7.480749,171.70,12.89,0.00,196.52,0,-98,-19,0,0,47,0,0,141
845.52,1544536803,7253.30,51.463194,7.480686,171.16,12.72,0.00,196.05,0,-93,-14,0,0,47,0,0,143
845.52,1544536803,7253.32,51.463194,7.480686,171.16,12.72,0.00,196.05,0,-98,-19,0,0,47,0,0,141
846.51,1544536804,7265.98,51.463094,7.480642,171.01,11.98,0.00,196.43,0,-93,-14,0,0,48,0,0,143
847.51,1544536805,7277.97,51.462991,7.480595,170.82,12.02,0.00,196.62,0,-93,-14,0,0,48,0,0,143
848.51,1544536806,7289.98,51.462893,7.480551,170.63,11.36,0.00,195.72,0,-88,-7,0,0,45,0,0,143
849.51,1544536807,7301.33,51.462799,7.480514,170.58,10.39,0.00,194.89,0,-88,-7,0,0,45,0,0,143
850.51,1544536808,7311.72,51.462707,7.480477,170.19,9.44,0.00,194.83,0,-82,-7,0,0,49,0,0,143
851.51,1544536809,7321.17,51.462627,7.480444,169.55,8.44,0.00,194.18,0,-82,-7,0,0,49,0,0,143
852.51,1544536810,7329.62,51.462567,7.480416,169.36,7.49,0.00,193.59,0,-89,-7,0,0,44,0,0,143
853.51,1544536811,7337.10,51.462504,7.480387,168.96,6.72,0.00,194.25,0,-89,-7,0,0,44,0,0,143
854.52,1544536812,7343.83,51.462453,7.480366,168.74,5.11,0.00,194.89,0,-89,-7,0,0,44,0,0,143
855.51,1544536813,7348.93,51.462423,7.480350,168.79,3.67,0.00,194.37,0,-89,-7,0,0,44,0,0,143
856.51,1544536814,7352.61,51.462403,7.480341,168.86,1.75,0.00,193.90,0,-97,-11,0,0,39,0,0,289
857.51,1544536815,7354.36,51.462396,7.480336,168.97,1.07,0.00,193.90,0,-97,-11,0,0,39,0,0,289
858.52,1544536816,7355.43,51.462396,7.480336,168.98,0.00,0.00,193.90,0,-96,-11,0,0,41,0,0,289
859.52,1544536817,7355.43,51.462396,7.480336,168.99,0.00,0.00,193.90,0,-96,-11,0,0,41,0,0,289
860.51,1544536818,7355.43,51.462396,7.480336,169.01,0.00,0.00,193.90,0,-96,-11,0,0,41,0,0,289
861.51,1544536819,7355.43,51.462396,7.480336,169.04,0.00,0.00,193.90,0,-96,-17,0,0,47,0,0,289
862.51,1544536820,7355.43,51.462396,7.480336,169.26,0.00,0.00,193.90,0,-96,-17,0,0,47,0,0,289
863.51,1544536821,7355.43,51.462396,7.480336,169.45,0.00,0.00,193.90,0,-94,-10,0,0,42,0,0,289
864.52,1544536822,7355.43,51.462396,7.480336,169.61,0.00,0.00,194.59,0,-94,-10,0,0,42,0,0,289
865.51,1544536823,7355.43,51.462337,7.480319,169.75,0.00,0.00,195.47,0,-97,-17,0,0,47,0,0,289
866.51,1544536824,7355.44,51.462315,7.480306,169.88,2.78,0.00,195.12,0,-97,-17,0,0,47,0,0,289
869.51,1544536827,7363.16,51.462245,7.480264,170.21,2.00,0.00,195.36,0,-96,-10,0,0,40,0,0,289
870.51,1544536828,7365.15,51.462225,7.480253,170.30,1.61,0.00,195.02,0,-96,-10,0,0,40,0,0,289
871.51,1544536829,7366.76,51.462206,7.480241,170.41,1.05,0.00,195.30,0,-96,-13,0,0,43,0,0,289
872.52,1544536830,7367.81,51.462194,7.480234,170.55,0.72,0.00,195.30,0,-96,-13,0,0,43,0,0,289
882.52,1544536840,7368.53,51.462194,7.480234,170.70,0.00,0.00,195.30,0,-97,-19,0,0,47,0,0,289
883.51,1544536841,7368.53,51.462194,7.480234,170.71,0.00,0.00,195.30,0,-97,-19,0,0,47,0,0,289
888.51,1544536846,7368.53,51.462194,7.480234,170.86,0.00,0.00,195.30,0,-98,-13,0,0,41,0,0,289
889.51,1544536847,7368.53,51.462194,7.480234,170.97,0.00,0.00,195.46,0,-98,-13,0,0,41,0,0,289
890.51,1544536848,7368.53,51.462194,7.480234,171.93,0.00,0.00,166.94,0,-98,-13,0,0,40,0,0,289
891.51,1544536849,7368.54,51.462080,7.480274,172.32,5.45,0.00,140.30,0,-98,-13,0,0,40,0,0,289
898.51,1544536856,7425.15,51.462044,7.481093,172.99,11.03,0.00,90.54,0,-97,-18,0,0,46,0,0,289
898.51,1544536856,7425.16,51.462044,7.481093,172.99,11.03,0.00,90.54,0,-98,-18,0,0,46,0,0,141
899.51,1544536857,7436.15,51.462043,7.481256,172.63,11.62,0.00,90.44,0,-97,-18,0,0,46,0,0,289
899.51,1544536857,7436.16,51.462043,7.481256,172.63,11.62,0.00,90.44,0,-98,-18,0,0,46,0,0,141
900.52,1544536858,7447.92,51.462042,7.481424,172.29,11.39,0.00,91.28,0,-100,-18,0,0,45,0,0,141
901.51,1544536859,7459.21,51.462038,7.481584,172.29,11.29,0.00,91.86,0,-100,-18,0,0,45,0,0,141
902.51,1544536860,7470.51,51.462037,7.481751,172.50,11.53,0.00,91.87,0,-100,-18,0,0,45,0,0,141
903.51,1544536861,7482.04,51.462034,7.481915,172.54,11.74,0.00,91.64,0,-100,-18,0,0,44,0,0,141
904.51,1544536862,7493.77,51.462031,7.482086,172.72,12.04,0.00,91.28,0,-100,-18,0,0,44,0,0,141
905.51,1544536863,7505.81,51.462031,7.482278,173.02,12.66,0.00,90.50,0,-97,-16,0,0,45,0,0,141
905.51,1544536863,7505.82,51.462031,7.482278,173.02,12.66,0.00,90.50,0,-100,-20,0,0,45,0,0,289
906.52,1544536864,7518.50,51.462031,7.482478,173.64,13.22,0.00,90.60,0,-97,-16,0,0,45,0,0,141
906.52,1544536864,7518.50,51.462031,7.482478,173.64,13.22,0.00,90.60,0,-100,-20,0,0,45,0,0,289
907.52,1544536865,7531.71,51.462032,7.482670,174.06,13.25,0.00,90.89,0,-97,-15,0,0,43,0,0,141
907.52,1544536865,7531.73,51.462032,7.482670,174.06,13.25,0.00,90.89,0,-99,-16,0,0,43,0,0,289
908.51,1544536866,7544.95,51.462033,7.482877,174.42,13.28,0.00,90.73,0,-97,-15,0,0,43,0,0,141
908.52,1544536866,7544.96,51.462033,7.482877,174.42,13.28,0.00,90.73,0,-99,-16,0,0,43,0,0,289
909.52,1544536867,7558.24,51.462034,7.483056,174.88,12.58,0.00,91.09,0,-96,-13,0,0,43,0,0,289
909.52,1544536867,7558.25,51.462034,7.483056,174.88,12.58,0.00,91.09,0,-100,-17,0,0,43,0,0,141
910.51,1544536868,7570.80,51.462035,7.483237,175.28,11.95,0.00,90.66,0,-96,-13,0,0,43,0,0,289
910.52,1544536868,7570.81,51.462035,7.483237,175.28,11.95,0.00,90.66,0,-100,-17,0,0,43,0,0,141
911.52,1544536869,7582.78,51.462038,7.483401,175.59,12.11,0.00,88.58,0,-98,-15,0,0,43,0,0,141
911.52,1544536869,7582.78,51.462038,7.483401,175.59,12.11,0.00,88.58,0,-99,-17,0,0,43,0,0,289
911.52,1544536869,7582.80,51.462038,7.483401,175.59,12.11,0.00,88.58,0,-101,-20,0,0,43,0,0,376
911.52,1544536869,7582.81,51.462038,7.483401,175.59,12.11,0.00,88.58,0,-225,-225,0,0,63,0,0,432
911.52,1544536869,7582.82,51.462038,7.483401,175.59,12.11,0.00,88.58,0,0,0,0,0,63,0,0,277
911.52,1544536869,7582.82,51.462038,7.483401,175.59,12.11,0.00,88.58,0,0,0,0,0,63,0,0,467
912.54,1544536870,7595.15,51.462039,7.483593,176.85,11.64,0.00,88.36,0,-98,-15,0,0,43,0,0,141
912.54,1544536870,7595.16,51.462039,7.483593,176.85,11.64,0.00,88.36,0,-99,-17,0,0,43,0,0,289
912.54,1544536870,7595.16,51.462039,7.483593,176.85,11.64,0.00,88.36,0,-101,-20,0,0,43,0,0,376
912.54,1544536870,7595.16,51.462039,7.483593,176.85,11.64,0.00,88.36,0,-225,-225,0,0,63,0,0,432
912.54,1544536870,7595.17,51.462039,7.483593,176.85,11.64,0.00,88.36,0,0,0,0,0,63,0,0,277
912.54,1544536870,7595.17,51.462039,7.483593,176.85,11.64,0.00,88.36,0,0,0,0,0,63,0,0,467
934.51,1544536892,7859.68,51.459989,7.484488,187.77,15.57,0.00,186.24,0,-85,-13,0,0,55,0,0,143
935.51,1544536893,7875.26,51.459855,7.484453,187.75,14.52,0.00,186.99,0,-85,-13,0,0,55,0,0,143
936.52,1544536894,7889.81,51.459724,7.484412,187.41,14.39,0.00,187.78,0,-77,-8,0,0,57,0,0,143
936.52,1544536894,7889.81,51.459724,7.484412,187.41,14.39,0.00,187.78,0,-83,-15,0,0,57,0,0,142
937.51,1544536895,7904.19,51.459592,7.484371,187.12,14.66,0.00,188.57,0,-77,-8,0,0,57,0,0,143
937.52,1544536895,7904.20,51.459592,7.484371,187.12,14.66,0.00,188.57,0,-83,-15,0,0,57,0,0,142
938.51,1544536896,7918.83,51.459458,7.484325,186.93,15.15,0.00,189.28,0,-71,-8,0,0,63,0,0,143
939.51,1544536897,7933.99,51.459327,7.484281,186.96,14.89,0.00,189.75,0,-71,-8,0,0,63,0,0,143
940.51,1544536898,7948.87,51.459195,7.484236,186.88,14.92,0.00,190.09,0,-72,-9,0,0,63,0,0,143
941.51,1544536899,7963.73,51.459065,7.484187,186.56,15.10,0.00,190.56,0,-72,-9,0,0,63,0,0,143
945.51,1544536903,8021.28,51.458581,7.484011,188.80,12.30,0.00,192.08,0,-75,-14,0,0,63,0,0,142
946.52,1544536904,8033.59,51.458484,7.483977,189.33,10.29,0.00,191.96,0,-75,-14,0,0,63,0,0,142
947.52,1544536905,8043.88,51.458400,7.483948,190.12,9.29,0.00,192.58,0,-78,-14,0,0,62,0,0,142
948.51,1544536906,8053.15,51.458322,7.483918,191.13,9.15,0.00,193.08,0,-78,-14,0,0,62,0,0,142
949.51,1544536907,8062.28,51.458239,7.483886,192.50,10.10,0.00,192.71,0,-74,-9,0,0,61,0,0,142
950.51,1544536908,8072.39,51.458140,7.483850,193.70,11.48,0.00,192.26,0,-74,-9,0,0,61,0,0,142
951.51,1544536909,8083.89,51.458030,7.483815,194.60,12.44,0.00,191.82,0,-78,-10,0,0,58,0,0,142
952.51,1544536910,8096.34,51.457918,7.483780,195.68,12.81,0.00,191.21,0,-78,-10,0,0,58,0,0,142
953.52,1544536911,8109.18,51.457801,7.483744,197.33,14.18,0.00,191.24,0,-81,-11,0,0,57,0,0,142
953.52,1544536911,8109.19,51.457801,7.483744,197.33,14.18,0.00,191.24,0,-86,-14,0,0,56,0,0,289
954.51,1544536912,8123.34,51.457669,7.483703,198.84,15.00,0.00,191.54,0,-81,-11,0,0,57,0,0,142
954.52,1544536912,8123.36,51.457669,7.483703,198.84,15.00,0.00,191.54,0,-86,-14,0,0,56,0,0,289
955.52,1544536913,8138.36,51.457537,7.483664,200.26,15.24,0.00,192.31,0,-79,-10,0,0,56,0,0,142
956.51,1544536914,8153.57,51.457402,7.483622,201.30,15.21,0.00,192.08,0,-79,-10,0,0,56,0,0,142
957.51,1544536915,8168.80,51.457264,7.483580,202.11,15.24,0.00,191.86,0,-84,-10,0,0,51,0,0,142
957.51,1544536915,8168.80,51.457264,7.483580,202.11,15.24,0.00,191.86,0,-84,-10,0,0,52,0,0,289
958.51,1544536916,8184.03,51.457125,7.483538,202.57,15.55,0.00,191.50,0,-84,-10,0,0,51,0,0,142
958.51,1544536916,8184.04,51.457125,7.483538,202.57,15.55,0.00,191.50,0,-84,-10,0,0,52,0,0,289
959.51,1544536917,8199.51,51.456989,7.483495,203.67,15.98,0.00,191.11,0,-86,-9,0,0,48,0,0,289
959.51,1544536917,8199.53,51.456989,7.483495,203.67,15.98,0.00,191.11,0,-92,-15,0,0,49,0,0,143
960.51,1544536918,8215.57,51.456837,7.483454,203.94,16.38,0.00,190.65,0,-86,-9,0,0,48,0,0,289
960.52,1544536918,8215.59,51.456837,7.483454,203.94,16.38,0.00,190.65,0,-92,-15,0,0,49,0,0,143
961.51,1544536919,8231.95,51.456689,7.483415,204.06,16.54,0.00,190.23,0,-88,-8,0,0,46,0,0,289
962.51,1544536920,8248.48,51.456538,7.483381,204.33,17.20,0.00,189.10,0,-88,-8,0,0,46,0,0,289
963.52,1544536921,8265.81,51.456388,7.483346,204.46,17.03,0.00,188.40,0,-93,-11,0,0,47,0,0,289
964.51,1544536922,8282.64,51.456236,7.483319,204.81,17.03,0.00,187.48,0,-93,-11,0,0,47,0,0,289
965.51,1544536923,8299.68,51.456081,7.483298,205.51,17.19,0.00,186.32,0,-93,-11,0,0,47,0,0,289
966.51,1544536924,8316.89,51.455937,7.483284,206.73,17.31,0.00,184.74,0,-94,-18,0,0,51,0,0,289
967.51,1544536925,8334.19,51.455774,7.483274,207.84,17.35,0.00,183.28,0,-94,-18,0,0,51,0,0,289
993.51,1544536951,8757.35,51.452625,7.486413,226.71,15.62,0.00,137.84,0,-105,-16,0,0,37,0,0,429
994.51,1544536952,8772.90,51.452519,7.486548,227.71,15.77,0.00,140.47,0,-105,-16,0,0,37,0,0,429
995.51,1544536953,8788.75,51.452408,7.486679,228.59,15.79,0.00,142.27,0,-108,-16,0,0,34,0,0,429
995.52,1544536953,8788.77,51.452408,7.486679,228.59,15.79,0.00,142.27,0,-111,-20,0,0,34,0,0,465
996.51,1544536954,8804.54,51.452288,7.486817,229.48,16.02,0.00,144.10,0,-108,-16,0,0,34,0,0,429
996.52,1544536954,8804.56,51.452288,7.486817,229.48,16.02,0.00,144.10,0,-111,-20,0,0,34,0,0,465
997.52,1544536955,8820.62,51.452165,7.486942,230.51,15.52,0.00,146.70,0,-109,-15,0,0,31,0,0,429
997.52,1544536955,8820.63,51.452165,7.486942,230.51,15.52,0.00,146.70,0,-111,-17,0,0,31,0,0,465
997.52,1544536955,8820.63,51.452165,7.486942,230.51,15.52,0.00,146.70,0,-113,-19,0,0,30,0,0,290
998.52,1544536956,8836.11,51.452043,7.487055,231.28,16.16,0.00,148.67,0,-109,-15,0,0,31,0,0,429
998.52,1544536956,8836.13,51.452043,7.487055,231.28,16.16,0.00,148.67,0,-111,-17,0,0,31,0,0,465
998.52,1544536956,8836.13,51.452043,7.487055,231.28,16.16,0.00,148.67,0,-113,-19,0,0,30,0,0,290
999.51,1544536957,8852.23,51.451916,7.487168,232.11,15.95,0.00,150.56,0,-111,-16,0,0,30,0,0,429
1000.51,1544536958,8868.19,51.451790,7.487266,232.96,16.11,0.00,152.65,0,-111,-16,0,0,30,0,0,429
1001.52,1544536959,8884.33,51.451661,7.487362,233.40,16.21,0.00,154.56,0,-108,-16,0,0,33,0,0,429
1001.52,1544536959,8884.35,51.451661,7.487362,233.40,16.21,0.00,154.56,0,-109,-15,0,0,32,0,0,290
1001.52,1544536959,8884.36,51.451661,7.487362,233.40,16.21,0.00,154.56,0,-111,-18,0,0,33,0,0,289
1002.52,1544536960,8900.54,51.451517,7.487461,234.01,16.67,0.00,156.35,0,-108,-16,0,0,33,0,0,429
1002.52,1544536960,8900.56,51.451517,7.487461,234.01,16.67,0.00,156.35,0,-109,-15,0,0,32,0,0,290
1002.52,1544536960,8900.57,51.451517,7.487461,234.01,16.67,0.00,156.35,0,-111,-18,0,0,33,0,0,289
1003.51,1544536961,8917.19,51.451383,7.487548,234.58,15.84,0.00,157.59,0,-108,-15,0,0,32,0,0,429
1003.52,1544536961,8917.21,51.451383,7.487548,234.58,15.84,0.00,157.59,0,-111,-18,0,0,32,0,0,289
1003.52,1544536961,8917.21,51.451383,7.487548,234.58,15.84,0.00,157.59,0,-111,-17,0,0,32,0,0,290
1004.52,1544536962,8933.05,51.451254,7.487631,235.16,15.30,0.00,158.13,0,-108,-15,0,0,32,0,0,429
1004.52,1544536962,8933.06,51.451254,7.487631,235.16,15.30,0.00,158.13,0,-111,-18,0,0,32,0,0,289
1004.52,1544536962,8933.06,51.451254,7.487631,235.16,15.30,0.00,158.13,0,-111,-17,0,0,32,0,0,290
