time_s,timestamp_ms,distance_m,latitude,longitude,altitude,velocity_mps,acceleration_mpss,direction,isRegistered,rsrp_dbm,rsrq_db,rssnr_db,cqi,ss,ta,ci,pci
0.00,1544619857,0.00,51.490364,7.412628,163.07,10.78,0.00,76.54,1,-95,-10,3,7,37,6,13828122,452
1.01,1544619858,10.81,51.490386,7.412798,162.31,11.44,0.66,77.96,1,-95,-10,3,7,37,6,13828122,452
2.01,1544619859,22.34,51.490407,7.412977,161.70,12.24,0.80,78.75,1,-94,-9,18,8,38,6,13828122,452
3.01,1544619860,34.48,51.490425,7.413151,161.57,13.38,1.15,77.61,1,-94,-9,18,8,38,6,13828122,452
4.01,1544619861,47.86,51.490441,7.413327,161.46,12.91,-0.47,77.99,1,-94,-9,18,8,38,6,13828122,452
5.01,1544619862,60.78,51.490464,7.413533,160.87,12.88,-0.03,78.47,1,-93,-9,1,7,40,6,13828122,452
6.00,1544619863,73.63,51.490483,7.413702,160.37,12.95,0.07,79.10,1,-93,-9,1,7,40,6,13828122,452
7.01,1544619864,86.62,51.490508,7.413893,159.67,13.02,0.06,78.19,1,-100,-12,-1,6,37,6,13828122,452
8.01,1544619865,99.64,51.490531,7.414064,158.72,13.14,0.13,78.64,1,-100,-12,-1,6,37,6,13828122,452
9.01,1544619866,112.77,51.490564,7.414276,157.81,13.48,0.33,78.08,1,-100,-10,0,6,36,6,13828122,452
10.01,1544619867,126.25,51.490597,7.414481,157.38,13.36,-0.12,78.90,1,-100,-10,0,6,36,6,13828122,452
11.01,1544619868,139.63,51.490613,7.414641,156.66,13.20,-0.16,79.63,1,-100,-15,-2,5,38,6,13828122,452
12.01,1544619869,152.87,51.490638,7.414848,156.03,13.01,-0.18,79.71,1,-100,-15,-2,5,38,6,13828122,452
13.01,1544619870,165.82,51.490663,7.415050,155.77,13.05,0.04,80.20,1,-103,-15,-6,4,37,6,13828122,452
14.01,1544619871,178.89,51.490683,7.415236,156.25,12.86,-0.20,80.79,1,-103,-15,-6,4,37,6,13828122,452
15.02,1544619872,191.90,51.490702,7.415415,156.99,12.54,-0.31,81.72,1,-99,-14,-8,6,39,8,13416987,62
16.03,1544619873,204.52,51.490716,7.415596,157.84,12.33,-0.20,83.34,1,-99,-14,-8,6,39,8,13416987,62
17.01,1544619874,216.64,51.490725,7.415772,158.29,12.27,-0.06,85.30,1,-97,-13,-1,7,42,8,13416987,62
18.02,1544619875,229.05,51.490728,7.415952,158.19,12.23,-0.04,87.89,1,-97,-13,-1,7,42,8,13416987,62
19.01,1544619876,241.14,51.490721,7.416128,158.12,12.19,-0.04,90.20,1,-99,-13,-2,7,40,8,13416987,62
20.01,1544619877,253.34,51.490710,7.416295,157.58,12.03,-0.16,92.58,1,-99,-13,-2,7,40,8,13416987,62
21.01,1544619878,265.37,51.490696,7.416438,156.59,11.33,-0.71,95.27,1,-97,-12,3,5,41,8,13416987,62
22.01,1544619879,276.70,51.490674,7.416598,155.66,9.52,-1.81,98.10,1,-97,-12,3,5,41,8,13416987,62
23.02,1544619880,286.29,51.490651,7.416732,155.01,8.56,-0.95,100.93,1,-96,-12,2,8,42,8,13416987,62
24.01,1544619881,294.78,51.490636,7.416808,154.75,6.61,-1.96,101.54,1,-96,-12,2,8,42,8,13416987,62
25.01,1544619882,301.40,51.490618,7.416899,154.66,5.33,-1.28,103.46,1,-96,-12,2,8,42,8,13416987,62
26.02,1544619883,306.78,51.490602,7.416954,154.67,3.05,-2.25,104.09,1,-96,-13,2,9,42,8,13416987,62
27.01,1544619884,309.81,51.490596,7.416968,154.71,1.06,-2.02,104.09,1,-96,-13,2,9,42,8,13416987,62
28.01,1544619885,310.86,51.490596,7.416968,154.71,0.00,-1.06,104.09,1,-93,-9,2,5,40,8,13416987,62
29.01,1544619886,310.86,51.490596,7.416968,154.70,0.00,0.00,104.09,1,-93,-9,2,5,40,8,13416987,62
30.01,1544619887,310.86,51.490596,7.416968,154.69,0.00,0.00,104.09,1,-95,-11,3,6,41,8,13416987,62
31.01,1544619888,310.86,51.490596,7.416968,154.67,0.00,0.00,104.09,1,-95,-11,3,6,41,8,13416987,62
32.01,1544619889,310.86,51.490596,7.416968,154.66,0.00,0.00,104.09,1,-95,-11,4,6,42,8,13416987,62
33.01,1544619890,310.86,51.490596,7.416968,154.64,0.00,0.00,104.09,1,-95,-11,4,6,42,8,13416987,62
34.01,1544619891,310.86,51.490596,7.416968,154.63,0.00,0.00,104.09,1,-96,-12,3,6,42,8,13416987,62
35.01,1544619892,310.86,51.490596,7.416968,154.61,0.00,0.00,104.09,1,-96,-12,3,6,42,8,13416987,62
36.01,1544619893,310.86,51.490596,7.416968,154.59,0.00,0.00,104.09,1,-95,-11,3,6,41,8,13416987,62
37.01,1544619894,310.86,51.490596,7.416968,154.58,0.00,0.00,104.09,1,-95,-11,3,6,41,8,13416987,62
38.01,1544619895,310.86,51.490596,7.416968,154.56,0.00,0.00,104.09,1,-95,-9,4,6,40,8,13416987,62
39.01,1544619896,310.86,51.490596,7.416968,154.55,0.00,0.00,104.09,1,-95,-9,4,6,40,8,13416987,62
40.01,1544619897,310.86,51.490596,7.416968,154.53,0.00,0.00,104.09,1,-95,-9,4,9,39,8,13416987,62
41.01,1544619898,310.86,51.490596,7.416968,154.52,0.00,0.00,104.09,1,-95,-9,4,9,39,8,13416987,62
42.01,1544619899,310.86,51.490596,7.416968,154.51,0.00,0.00,104.09,1,-95,-11,4,9,41,8,13416987,62
43.00,1544619900,310.86,51.490596,7.416968,154.50,0.00,0.00,104.09,1,-95,-11,4,9,41,8,13416987,62
44.01,1544619901,310.86,51.490596,7.416968,154.49,0.00,0.00,104.09,1,-95,-11,3,8,42,8,13416987,62
45.01,1544619902,310.86,51.490596,7.416968,154.48,0.00,0.00,104.09,1,-95,-11,3,8,42,8,13416987,62
46.00,1544619903,310.86,51.490596,7.416968,154.47,0.00,0.00,104.09,1,-95,-11,3,8,42,8,13416987,62
47.01,1544619904,310.86,51.490596,7.416968,154.46,0.00,0.00,104.09,1,-95,-12,2,7,43,8,13416987,62
48.01,1544619905,310.86,51.490596,7.416968,154.45,0.00,0.00,104.09,1,-95,-12,2,7,43,8,13416987,62
49.01,1544619906,310.86,51.490596,7.416968,154.44,0.00,0.00,104.09,1,-95,-12,2,8,43,8,13416987,62
50.01,1544619907,310.86,51.490596,7.416968,154.43,0.00,0.00,104.09,1,-95,-12,2,8,43,8,13416987,62
51.01,1544619908,310.86,51.490596,7.416968,154.35,0.00,0.00,94.43,1,-94,-12,2,5,43,8,13416987,62
52.01,1544619909,310.86,51.490596,7.416968,153.76,0.00,0.00,97.50,1,-94,-12,2,5,43,8,13416987,62
53.11,1544619910,310.86,51.490563,7.417113,153.10,5.93,0.00,112.44,1,-96,-12,2,9,41,8,13416987,62
54.11,1544619911,316.80,51.490512,7.417176,152.64,7.24,1.30,140.39,1,-96,-12,2,9,41,8,13416987,62
55.11,1544619912,324.04,51.490433,7.417235,152.04,8.18,0.94,158.39,1,-98,-13,2,7,40,8,13416987,62
56.11,1544619913,332.21,51.490344,7.417281,151.64,10.04,1.86,160.68,1,-98,-13,2,7,40,8,13416987,62
57.11,1544619914,342.27,51.490248,7.417320,151.53,11.56,1.51,163.34,1,-96,-13,1,7,41,8,13416987,62
58.11,1544619915,353.82,51.490132,7.417364,151.05,12.71,1.16,164.66,1,-96,-13,1,7,41,8,13416987,62
59.11,1544619916,366.53,51.490007,7.417419,150.61,13.86,1.15,164.25,1,-96,-13,1,5,42,8,13416987,62
60.11,1544619917,380.39,51.489883,7.417470,150.29,14.23,0.37,163.82,1,-96,-13,1,5,42,8,13416987,62
61.11,1544619918,394.62,51.489757,7.417524,149.84,14.50,0.26,164.30,1,-95,-13,1,7,43,8,13416987,62
62.11,1544619919,409.13,51.489626,7.417580,149.53,14.61,0.12,165.51,1,-95,-13,1,7,43,8,13416987,62
63.11,1544619920,423.74,51.489492,7.417632,149.34,14.53,-0.08,166.48,1,-94,-13,0,7,43,8,13416987,62
64.12,1544619921,438.36,51.489363,7.417681,149.49,14.45,-0.07,167.17,1,-94,-13,0,7,43,8,13416987,62
65.12,1544619922,452.84,51.489232,7.417724,149.48,14.76,0.30,167.99,1,-96,-14,-1,7,44,8,13416987,62
66.11,1544619923,467.46,51.489104,7.417758,149.64,14.98,0.22,169.47,1,-96,-14,-1,7,44,8,13416987,62
67.11,1544619924,482.45,51.488972,7.417784,149.84,15.03,0.06,171.48,1,-96,-14,-1,7,44,8,13416987,62
68.11,1544619925,497.49,51.488832,7.417801,150.03,15.10,0.07,173.68,1,-98,-14,-3,5,41,8,13416987,62
69.11,1544619926,512.59,51.488700,7.417802,150.19,15.29,0.19,176.00,1,-98,-14,-3,5,41,8,13416987,62
70.11,1544619927,527.88,51.488557,7.417792,150.17,15.55,0.25,178.02,1,-101,-16,-6,4,41,8,13416987,62
71.11,1544619928,543.43,51.488418,7.417780,150.04,15.67,0.13,179.61,1,-101,-16,-6,4,41,8,13416987,62
72.11,1544619929,559.10,51.488278,7.417767,149.74,15.63,-0.04,180.87,1,-99,-14,-10,4,41,6,13416986,61
73.11,1544619930,574.72,51.488137,7.417752,149.40,15.68,0.04,181.24,1,-99,-14,-10,4,41,6,13416986,61
74.11,1544619931,590.43,51.487996,7.417742,148.89,15.96,0.28,180.41,1,-99,-14,-4,6,40,6,13416986,61
75.11,1544619932,606.39,51.487849,7.417742,148.10,15.98,0.02,179.71,1,-99,-14,-4,6,40,6,13416986,61
76.11,1544619933,622.35,51.487704,7.417751,147.13,15.59,-0.38,177.29,1,-100,-15,-4,6,40,6,13416986,61
77.11,1544619934,637.96,51.487573,7.417773,146.73,15.29,-0.30,174.08,1,-100,-15,-4,6,40,6,13416986,61
78.11,1544619935,653.24,51.487446,7.417861,145.97,14.91,-0.39,156.47,1,-103,-18,-6,3,41,6,13416986,61
79.11,1544619936,668.13,51.487332,7.417945,144.96,14.43,-0.47,155.22,1,-103,-18,-6,3,41,6,13416986,61
80.12,1544619937,682.65,51.487229,7.418084,143.88,15.07,0.63,140.51,1,-104,-17,-7,4,38,6,13416986,61
81.11,1544619938,697.66,51.487131,7.418222,143.05,15.12,0.05,138.45,1,-104,-17,-7,4,38,6,13416986,61
82.11,1544619939,712.80,51.487040,7.418361,142.58,14.52,-0.60,137.14,1,-102,-17,-7,4,40,6,13416986,61
83.11,1544619940,727.32,51.486947,7.418500,142.11,14.05,-0.47,138.46,1,-102,-17,-7,4,40,6,13416986,61
84.11,1544619941,741.36,51.486855,7.418618,141.78,13.48,-0.58,142.51,1,-102,-16,-5,4,41,6,13416986,61
85.11,1544619942,754.82,51.486747,7.418686,141.80,12.52,-0.96,161.57,1,-102,-16,-5,4,41,6,13416986,61
86.12,1544619943,767.46,51.486621,7.418751,141.83,12.43,-0.08,164.09,1,-102,-15,-6,5,38,6,13416986,61
87.11,1544619944,779.78,51.486509,7.418770,141.62,11.49,-0.96,177.08,1,-102,-15,-6,5,38,6,13416986,61
88.11,1544619945,791.27,51.486404,7.418772,141.00,11.05,-0.43,180.32,1,-102,-15,-6,5,38,6,13416986,61
89.11,1544619946,802.32,51.486310,7.418754,140.64,10.48,-0.57,184.12,1,-102,-14,-1,7,37,6,13416986,61
90.11,1544619947,812.76,51.486220,7.418708,140.03,10.01,-0.47,196.77,1,-102,-14,-1,7,37,6,13416986,61
91.11,1544619948,822.79,51.486137,7.418663,139.54,9.77,-0.24,196.75,1,-99,-13,-1,8,38,6,13416986,61
92.11,1544619949,832.55,51.486055,7.418622,139.28,9.64,-0.13,195.61,1,-99,-13,-1,8,38,6,13416986,61
93.11,1544619950,842.20,51.485970,7.418586,139.17,9.42,-0.22,194.41,1,-98,-15,-1,5,43,6,13416986,61
94.11,1544619951,851.62,51.485883,7.418557,139.30,9.24,-0.18,191.58,1,-98,-15,-1,5,43,6,13416986,61
95.11,1544619952,860.86,51.485794,7.418559,139.41,9.18,-0.06,178.06,1,-101,-13,-3,6,37,6,13416986,61
96.11,1544619953,870.03,51.485707,7.418566,140.07,9.08,-0.10,177.57,1,-101,-13,-3,6,37,6,13416986,61
97.11,1544619954,879.12,51.485628,7.418575,140.97,8.62,-0.46,176.37,1,-104,-15,-3,5,36,6,13416986,61
98.11,1544619955,887.73,51.485548,7.418618,142.32,9.94,1.33,163.20,1,-104,-15,-3,5,36,6,13416986,61
99.11,1544619956,897.69,51.485466,7.418667,143.75,10.09,0.14,161.41,1,-101,-15,-5,4,38,6,13416986,61
100.11,1544619957,907.77,51.485378,7.418730,145.42,10.67,0.58,158.61,1,-101,-15,-5,4,38,6,13416986,61
101.11,1544619958,918.48,51.485295,7.418794,147.05,10.93,0.26,156.68,1,-105,-17,-8,4,38,6,13416986,61
102.11,1544619959,929.40,51.485208,7.418861,147.94,11.87,0.94,157.48,1,-105,-17,-8,4,38,6,13416986,61
103.11,1544619960,941.27,51.485110,7.418928,148.62,11.66,-0.21,159.29,1,-106,-18,-8,4,36,6,13416986,61
104.11,1544619961,952.93,51.485010,7.418960,149.50,11.25,-0.41,172.42,1,-106,-18,-8,4,36,6,13416986,61
105.11,1544619962,964.21,51.484910,7.418981,150.19,11.53,0.27,173.78,1,-102,-12,-6,5,35,6,13416986,61
106.11,1544619963,975.71,51.484786,7.418995,149.90,11.91,0.39,176.29,1,-102,-12,-6,5,35,6,13416986,61
107.13,1544619964,987.79,51.484665,7.418994,149.05,12.17,0.25,179.88,1,-106,-18,-7,4,36,6,13416986,61
108.11,1544619965,999.81,51.484559,7.418957,148.09,12.45,0.28,192.65,1,-106,-18,-7,4,36,6,13416986,61
109.11,1544619966,1012.26,51.484441,7.418902,147.27,13.09,0.64,195.51,1,-106,-18,-7,4,36,6,13416986,61
110.11,1544619967,1025.33,51.484337,7.418833,146.54,13.35,0.26,199.61,1,-107,-17,-8,4,35,6,13416986,61
111.11,1544619968,1038.69,51.484229,7.418748,146.05,13.64,0.28,203.06,1,-107,-17,-8,4,35,6,13416986,61
112.11,1544619969,1052.34,51.484118,7.418649,145.65,14.03,0.39,205.85,1,-108,-18,-8,4,35,6,13416986,61
113.11,1544619970,1066.37,51.483997,7.418535,144.94,14.04,0.01,208.26,1,-108,-18,-8,4,35,6,13416986,61
114.11,1544619971,1080.40,51.483892,7.418422,144.15,14.17,0.14,209.96,1,-106,-18,-10,3,36,6,13416986,61
115.11,1544619972,1094.56,51.483788,7.418304,143.29,14.16,-0.01,211.31,1,-106,-18,-10,3,36,6,13416986,61
116.11,1544619973,1108.65,51.483680,7.418184,142.67,14.15,-0.02,212.24,1,-107,-19,-11,3,36,43,12897049,306
117.14,1544619974,1123.25,51.483571,7.418058,142.11,14.17,0.02,212.67,1,-107,-19,-11,3,36,43,12897049,306
118.11,1544619975,1137.02,51.483465,7.417940,141.72,14.11,-0.05,213.51,1,-107,-18,-10,4,35,43,12897049,306
119.11,1544619976,1151.12,51.483347,7.417810,142.17,14.16,0.04,213.03,1,-107,-18,-10,4,35,43,12897049,306
120.11,1544619977,1165.25,51.483244,7.417696,143.00,14.15,-0.00,212.12,1,-98,-10,-11,6,36,17,13427483,146
121.11,1544619978,1179.43,51.483141,7.417595,143.32,14.11,-0.04,210.68,1,-98,-10,-11,6,36,17,13427483,146
122.11,1544619979,1193.52,51.483037,7.417504,143.41,14.13,0.02,208.72,1,-99,-12,0,6,39,17,13427483,146
123.11,1544619980,1207.65,51.482929,7.417419,143.28,14.18,0.05,206.75,1,-99,-12,0,6,39,17,13427483,146
124.11,1544619981,1221.85,51.482810,7.417336,142.92,14.33,0.15,205.12,1,-100,-11,0,7,35,17,13427483,146
125.11,1544619982,1236.11,51.482697,7.417257,143.30,13.99,-0.34,203.83,1,-100,-11,0,7,35,17,13427483,146
126.11,1544619983,1250.16,51.482592,7.417190,143.90,13.03,-0.96,202.70,1,-99,-13,0,7,38,17,13427483,146
127.11,1544619984,1263.19,51.482493,7.417129,144.37,12.41,-0.61,202.02,1,-99,-13,0,7,38,17,13427483,146
128.12,1544619985,1275.69,51.482395,7.417072,144.86,11.80,-0.60,201.37,1,-99,-12,1,6,38,17,13427483,146
129.11,1544619986,1287.42,51.482298,7.417017,145.42,11.00,-0.80,200.31,1,-99,-12,1,6,38,17,13427483,146
130.11,1544619987,1298.43,51.482210,7.416970,145.81,10.45,-0.56,198.91,1,-99,-12,1,6,38,17,13427483,146
131.11,1544619988,1308.85,51.482124,7.416925,146.09,9.07,-1.38,198.36,1,-98,-14,0,6,40,17,13427483,146
132.11,1544619989,1317.93,51.482055,7.416887,146.51,7.69,-1.38,198.94,1,-98,-14,0,6,40,17,13427483,146
133.11,1544619990,1325.61,51.481990,7.416855,146.77,7.18,-0.51,199.41,1,-99,-11,0,7,38,17,13427483,146
134.11,1544619991,1332.76,51.481933,7.416826,146.86,5.86,-1.32,200.33,1,-99,-11,0,7,38,17,13427483,146
135.11,1544619992,1338.66,51.481887,7.416803,146.98,4.63,-1.23,199.47,1,-96,-11,-2,6,40,17,13427483,146
136.11,1544619993,1343.29,51.481852,7.416784,146.99,3.52,-1.11,199.90,1,-96,-11,-2,6,40,17,13427483,146
137.11,1544619994,1346.80,51.481825,7.416772,146.99,2.62,-0.90,200.81,1,-97,-15,-4,5,44,17,13427483,146
138.11,1544619995,1349.42,51.481804,7.416762,146.99,1.85,-0.76,201.79,1,-97,-15,-4,5,44,17,13427483,146
139.11,1544619996,1351.27,51.481800,7.416759,146.98,0.75,-1.10,201.79,1,-100,-15,-3,6,40,17,13427483,146
140.11,1544619997,1352.03,51.481800,7.416759,146.98,0.00,-0.75,201.79,1,-100,-15,-3,6,40,17,13427483,146
141.11,1544619998,1352.03,51.481800,7.416759,146.98,0.00,0.00,201.79,1,-100,-15,-4,6,41,17,13427483,146
142.11,1544619999,1352.03,51.481800,7.416759,146.99,0.00,0.00,201.79,1,-100,-15,-4,6,41,17,13427483,146
143.11,1544620000,1352.03,51.481800,7.416759,147.00,0.00,0.00,201.79,1,-98,-16,-5,5,43,17,13427483,146
144.11,1544620001,1352.03,51.481800,7.416759,147.00,0.00,0.00,201.79,1,-98,-16,-5,5,43,17,13427483,146
145.11,1544620002,1352.03,51.481800,7.416759,147.01,0.00,0.00,201.79,1,-98,-14,-5,6,42,17,13427483,146
146.11,1544620003,1352.03,51.481800,7.416759,147.01,0.00,0.00,201.79,1,-98,-14,-5,6,42,17,13427483,146
147.11,1544620004,1352.03,51.481800,7.416759,147.02,0.00,0.00,201.79,1,-98,-14,-5,5,42,17,13427483,146
148.11,1544620005,1352.03,51.481800,7.416759,147.03,0.00,0.00,201.79,1,-98,-14,-5,5,42,17,13427483,146
149.12,1544620006,1352.03,51.481800,7.416759,147.04,0.00,0.00,201.79,1,-99,-16,-8,4,43,17,13427483,146
150.11,1544620007,1352.03,51.481800,7.416759,147.05,0.00,0.00,201.79,1,-99,-16,-8,4,43,17,13427483,146
151.11,1544620008,1352.03,51.481800,7.416759,147.05,0.00,0.00,201.79,1,-99,-16,-8,4,43,17,13427483,146
152.11,1544620009,1352.03,51.481800,7.416759,147.06,0.00,0.00,201.79,1,-101,-16,-6,5,40,17,13427483,146
153.11,1544620010,1352.03,51.481800,7.416759,147.06,0.00,0.00,201.79,1,-101,-16,-6,5,40,17,13427483,146
154.11,1544620011,1352.03,51.481800,7.416759,147.07,0.00,0.00,201.79,1,-99,-16,-6,5,43,17,13427483,146
155.11,1544620012,1352.03,51.481800,7.416759,147.07,0.00,0.00,201.79,1,-99,-16,-6,5,43,17,13427483,146
156.11,1544620013,1352.03,51.481800,7.416759,147.08,0.00,0.00,201.79,1,-101,-16,-5,5,41,17,13427483,146
157.11,1544620014,1352.03,51.481800,7.416759,147.09,0.00,0.00,201.79,1,-101,-16,-5,5,41,17,13427483,146
158.11,1544620015,1352.03,51.481800,7.416759,147.09,0.00,0.00,201.79,1,-101,-16,-5,5,41,17,13427483,146
159.11,1544620016,1352.03,51.481800,7.416759,147.10,0.00,0.00,201.79,1,-101,-16,-5,5,41,17,13427483,146
160.11,1544620017,1352.03,51.481800,7.416759,147.10,0.00,0.00,201.79,1,-102,-16,-6,5,39,10,13884185,146
161.11,1544620018,1352.03,51.481800,7.416759,147.11,0.00,0.00,201.79,1,-102,-16,-6,5,39,10,13884185,146
162.11,1544620019,1352.03,51.481800,7.416759,147.11,0.00,0.00,201.79,1,-98,-13,-4,6,40,10,13884185,27
163.11,1544620020,1352.03,51.481800,7.416759,147.12,0.00,0.00,201.79,1,-98,-13,-4,6,40,10,13884185,27
164.11,1544620021,1352.03,51.481800,7.416760,147.12,0.00,0.00,201.79,1,-99,-14,-4,5,40,10,13884185,27
165.11,1544620022,1352.03,51.481802,7.416754,147.22,0.00,0.00,218.04,1,-99,-14,-4,5,40,10,13884185,27
166.11,1544620023,1352.03,51.481802,7.416747,147.35,0.00,0.00,229.18,1,-96,-11,-3,6,41,10,13884185,27
167.11,1544620024,1352.03,51.481796,7.416739,147.48,1.20,0.00,201.71,1,-96,-11,-3,6,41,10,13884185,27
168.11,1544620025,1353.22,51.481750,7.416712,147.57,2.45,1.25,200.19,1,-95,-14,-2,6,45,10,13884185,27
169.11,1544620026,1355.67,51.481702,7.416686,148.36,3.74,1.30,200.67,1,-95,-14,-2,6,45,10,13884185,27
170.11,1544620027,1359.42,51.481646,7.416652,149.49,4.77,1.02,200.91,1,-94,-14,-6,2,46,13,13495579,134
171.11,1544620028,1364.17,51.481590,7.416623,150.52,5.29,0.52,198.08,1,-94,-14,-6,2,46,13,13495579,134
172.11,1544620029,1369.46,51.481535,7.416640,151.10,5.56,0.27,163.86,1,-94,-14,-6,2,46,13,13495579,134
173.11,1544620030,1375.02,51.481488,7.416697,151.33,5.77,0.21,135.92,1,-89,-11,-4,5,45,9,13884185,27
174.11,1544620031,1380.78,51.481461,7.416777,151.49,5.90,0.13,112.54,1,-89,-11,-4,5,45,9,13884185,27
175.11,1544620032,1386.69,51.481448,7.416876,151.77,6.03,0.13,97.93,1,-86,-9,3,7,49,9,13884185,27
176.11,1544620033,1392.70,51.481448,7.416998,152.10,6.23,0.20,88.29,1,-86,-9,3,7,49,9,13884185,27
177.11,1544620034,1398.93,51.481456,7.417120,152.05,9.77,3.54,84.26,1,-89,-10,3,6,45,9,13884185,27
178.11,1544620035,1408.70,51.481464,7.417267,152.05,10.69,0.93,83.28,1,-89,-10,3,6,45,9,13884185,27
179.11,1544620036,1419.40,51.481478,7.417440,151.85,11.42,0.72,82.66,1,-88,-12,5,5,50,9,13884185,27
180.11,1544620037,1430.84,51.481495,7.417627,151.30,13.08,1.66,83.12,1,-88,-12,5,5,50,9,13884185,27
181.11,1544620038,1443.88,51.481511,7.417814,151.07,13.11,0.02,83.55,1,-89,-13,1,6,48,9,13884185,27
182.11,1544620039,1456.97,51.481523,7.418010,150.94,13.57,0.47,84.10,1,-89,-13,1,6,48,9,13884185,27
183.11,1544620040,1470.57,51.481534,7.418190,150.94,13.84,0.27,84.74,1,-86,-8,5,10,47,9,13884185,27
184.11,1544620041,1484.41,51.481545,7.418404,150.88,14.44,0.60,85.70,1,-86,-8,5,10,47,9,13884185,27
185.11,1544620042,1498.90,51.481555,7.418603,150.90,14.66,0.21,85.79,1,-93,-14,0,5,46,9,13884185,27
186.11,1544620043,1513.54,51.481569,7.418815,150.99,14.80,0.14,85.11,1,-93,-14,0,5,46,9,13884185,27
187.11,1544620044,1528.34,51.481581,7.419036,150.81,14.85,0.05,84.78,1,-94,-15,-4,5,45,9,13884185,27
188.11,1544620045,1543.16,51.481594,7.419261,150.48,15.00,0.16,85.27,1,-94,-15,-4,5,45,9,13884185,27
189.12,1544620046,1558.28,51.481608,7.419499,149.90,15.23,0.22,86.04,1,-88,-10,-4,6,46,11,13495579,134
190.11,1544620047,1573.39,51.481622,7.419727,149.27,15.42,0.20,85.50,1,-88,-10,-4,6,46,11,13495579,134
191.12,1544620048,1588.89,51.481631,7.419955,148.52,15.43,0.01,85.64,1,-92,-13,-4,6,45,11,13495579,134
192.11,1544620049,1604.28,51.481641,7.420172,147.91,15.10,-0.33,85.35,1,-92,-13,-4,6,45,11,13495579,134
193.12,1544620050,1619.46,51.481654,7.420389,147.17,14.81,-0.29,85.76,1,-99,-18,-7,3,44,11,13495579,134
194.11,1544620051,1634.15,51.481667,7.420608,146.47,14.56,-0.25,84.88,1,-99,-18,-7,3,44,11,13495579,134
195.11,1544620052,1648.72,51.481682,7.420819,145.72,14.52,-0.04,84.41,1,-99,-18,-7,3,44,11,13495579,134
196.11,1544620053,1663.27,51.481696,7.421023,144.10,14.73,0.21,83.62,1,-101,-19,-10,4,44,11,13495577,134
197.11,1544620054,1677.92,51.481713,7.421228,142.68,14.94,0.21,82.70,1,-101,-19,-10,4,44,11,13495577,134
198.11,1544620055,1692.88,51.481732,7.421441,141.21,14.87,-0.07,82.11,1,-87,-12,-2,6,51,11,13495577,135
199.11,1544620056,1707.74,51.481753,7.421657,139.88,14.97,0.10,81.37,1,-87,-12,-2,6,51,11,13495577,135
200.11,1544620057,1722.72,51.481773,7.421864,138.55,15.15,0.18,80.52,1,-95,-9,1,8,40,11,13495577,135
201.11,1544620058,1737.86,51.481796,7.422078,136.88,14.90,-0.25,80.58,1,-95,-9,1,8,40,11,13495577,135
202.11,1544620059,1752.80,51.481819,7.422284,135.41,14.34,-0.56,81.07,1,-106,-17,-3,4,36,11,13495577,135
203.11,1544620060,1767.15,51.481843,7.422498,134.08,15.05,0.71,80.38,1,-106,-17,-3,4,36,11,13495577,135
204.11,1544620061,1782.21,51.481871,7.422713,132.66,14.98,-0.07,80.15,1,-97,-16,-3,2,46,15,13884161,51
205.11,1544620062,1797.17,51.481898,7.422922,131.70,14.93,-0.05,79.59,1,-97,-16,-3,2,46,15,13884161,51
206.11,1544620063,1812.14,51.481931,7.423122,130.82,14.58,-0.35,77.61,1,-99,-17,-5,6,44,15,13884161,51
207.11,1544620064,1826.71,51.481962,7.423298,130.02,12.84,-1.74,77.52,1,-99,-17,-5,6,44,15,13884161,51
208.11,1544620065,1839.57,51.481999,7.423491,129.08,13.07,0.23,76.69,1,-95,-13,-2,6,43,16,13884417,385
209.12,1544620066,1852.69,51.482037,7.423682,128.29,13.37,0.30,77.12,1,-95,-13,-2,6,43,16,13884417,385
210.11,1544620067,1865.94,51.482075,7.423883,127.89,13.38,0.00,77.53,1,-94,-10,2,6,41,16,13884417,385
211.11,1544620068,1879.33,51.482105,7.424070,127.62,12.68,-0.70,77.85,1,-94,-10,2,6,41,16,13884417,385
212.11,1544620069,1892.01,51.482131,7.424246,126.97,12.36,-0.31,77.51,1,-92,-11,3,9,44,16,13884417,385
213.11,1544620070,1904.40,51.482152,7.424399,126.16,12.27,-0.09,78.22,1,-92,-11,3,9,44,16,13884417,385
214.11,1544620071,1916.64,51.482179,7.424584,125.46,12.20,-0.07,77.70,1,-92,-10,5,11,44,16,13884417,385
215.11,1544620072,1928.85,51.482202,7.424755,124.70,11.78,-0.42,78.22,1,-92,-10,5,11,44,16,13884417,385
216.11,1544620073,1940.65,51.482224,7.424912,124.12,11.34,-0.44,77.34,1,-96,-14,2,6,42,16,13884417,385
217.11,1544620074,1952.00,51.482249,7.425071,123.68,11.21,-0.13,77.92,1,-96,-14,2,6,42,16,13884417,385
218.12,1544620075,1963.29,51.482272,7.425227,123.31,11.21,0.00,77.71,1,-98,-12,-1,7,38,16,13884417,385
219.11,1544620076,1974.41,51.482294,7.425387,123.37,11.16,-0.05,78.24,1,-98,-12,-1,7,38,16,13884417,385
220.11,1544620077,1985.56,51.482316,7.425550,123.97,11.50,0.34,78.76,1,-98,-12,-1,7,38,16,13884417,385
221.11,1544620078,1997.07,51.482337,7.425728,124.37,11.30,-0.21,78.27,1,-95,-13,0,5,43,16,13884417,385
222.11,1544620079,2008.38,51.482357,7.425865,125.56,10.89,-0.41,78.00,1,-95,-13,0,5,43,16,13884417,385
223.11,1544620080,2019.26,51.482378,7.426024,126.46,10.75,-0.14,78.92,1,-97,-14,-2,5,40,16,13884417,385
224.11,1544620081,2030.02,51.482398,7.426166,127.34,10.51,-0.24,77.76,1,-97,-14,-2,5,40,16,13884417,385
225.11,1544620082,2040.55,51.482416,7.426300,128.50,10.10,-0.41,76.64,1,-94,-11,-2,7,42,16,13884417,385
226.11,1544620083,2050.63,51.482439,7.426467,129.39,10.36,0.26,75.57,1,-94,-11,-2,7,42,16,13884417,385
227.11,1544620084,2060.99,51.482463,7.426609,130.72,10.49,0.13,73.96,1,-96,-15,-2,5,44,16,13884417,385
228.11,1544620085,2071.48,51.482488,7.426759,132.13,10.52,0.03,74.74,1,-96,-15,-2,5,44,16,13884417,385
229.11,1544620086,2082.01,51.482511,7.426914,133.28,10.60,0.08,76.06,1,-92,-14,-2,6,48,16,13884417,385
230.11,1544620087,2092.61,51.482533,7.427076,134.16,10.57,-0.03,77.81,1,-92,-14,-2,6,48,16,13884417,385
231.11,1544620088,2103.19,51.482550,7.427233,134.81,11.53,0.95,79.10,1,-92,-13,0,6,46,16,13884417,385
232.11,1544620089,2114.69,51.482568,7.427416,135.05,11.66,0.13,79.85,1,-92,-13,0,6,46,16,13884417,385
233.11,1544620090,2126.35,51.482587,7.427608,135.15,11.86,0.20,80.58,1,-98,-16,2,6,43,16,13884417,385
234.11,1544620091,2138.22,51.482601,7.427795,135.44,12.49,0.63,81.89,1,-98,-16,2,6,43,16,13884417,385
235.11,1544620092,2150.70,51.482618,7.427983,135.81,12.57,0.08,83.11,1,-92,-13,1,7,46,16,13884417,385
236.11,1544620093,2163.27,51.482627,7.428159,136.28,12.70,0.13,84.80,1,-92,-13,1,7,46,16,13884417,385
237.11,1544620094,2175.98,51.482630,7.428329,136.86,12.54,-0.15,87.74,1,-91,-13,0,7,46,16,13884417,385
238.11,1544620095,2188.52,51.482625,7.428525,137.41,13.14,0.59,90.06,1,-91,-13,0,7,46,16,13884417,385
239.12,1544620096,2201.75,51.482614,7.428702,137.95,13.36,0.21,91.40,1,-95,-14,0,7,43,16,13884417,385
240.11,1544620097,2215.00,51.482603,7.428912,138.09,14.01,0.66,92.94,1,-95,-14,0,7,43,16,13884417,385
241.15,1544620098,2229.57,51.482587,7.429102,138.38,14.50,0.48,94.10,1,-95,-13,-1,6,44,16,13884417,385
242.11,1544620099,2243.48,51.482573,7.429311,138.20,14.21,-0.30,94.69,1,-95,-13,-1,6,44,16,13884417,385
243.11,1544620100,2257.68,51.482553,7.429520,137.98,14.19,-0.02,95.20,1,-95,-13,-1,6,44,16,13884417,385
244.11,1544620101,2271.88,51.482535,7.429724,138.21,14.16,-0.03,95.92,1,-100,-15,-3,3,40,16,13495553,385
245.11,1544620102,2286.03,51.482518,7.429919,138.30,13.98,-0.17,96.00,1,-100,-15,-3,3,40,16,13495553,385
246.11,1544620103,2300.01,51.482502,7.430109,138.48,13.63,-0.36,95.84,1,-92,-8,-1,4,39,16,13495553,136
247.11,1544620104,2313.64,51.482484,7.430308,138.69,13.20,-0.43,96.58,1,-92,-8,-1,4,39,16,13495553,136
248.11,1544620105,2326.86,51.482467,7.430499,139.22,12.71,-0.49,96.55,1,-95,-10,-1,6,39,22,13884161,51
249.11,1544620106,2339.55,51.482451,7.430666,139.32,12.14,-0.57,97.48,1,-95,-10,-1,6,39,22,13884161,51
250.11,1544620107,2351.70,51.482436,7.430825,139.51,11.52,-0.62,97.92,1,-97,-14,0,6,40,22,13884161,51
251.11,1544620108,2363.21,51.482420,7.430977,139.74,10.16,-1.37,97.49,1,-97,-14,0,6,40,22,13884161,51
252.11,1544620109,2373.38,51.482406,7.431115,139.80,8.65,-1.51,97.14,1,-98,-16,-3,5,43,22,13884161,51
253.11,1544620110,2382.02,51.482393,7.431236,139.59,6.59,-2.06,97.71,1,-98,-16,-3,5,43,22,13884161,51
254.11,1544620111,2388.61,51.482386,7.431300,139.55,2.96,-3.63,98.57,1,-97,-16,-5,5,45,22,13884161,51
255.11,1544620112,2391.57,51.482386,7.431318,139.52,0.75,-2.20,98.57,1,-97,-16,-5,5,45,22,13884161,51
256.11,1544620113,2392.33,51.482386,7.431318,139.52,0.00,-0.75,98.57,1,-91,-12,-2,5,47,12,13884417,385
257.11,1544620114,2392.33,51.482386,7.431318,139.53,0.00,0.00,98.57,1,-91,-12,-2,5,47,12,13884417,385
258.11,1544620115,2392.33,51.482386,7.431318,139.53,0.00,0.00,98.57,1,-92,-13,0,7,47,12,13884417,385
259.11,1544620116,2392.33,51.482386,7.431318,139.53,0.00,0.00,98.57,1,-92,-13,0,7,47,12,13884417,385
260.11,1544620117,2392.33,51.482386,7.431318,139.53,0.00,0.00,98.57,1,-93,-12,1,5,44,12,13884417,385
261.11,1544620118,2392.33,51.482386,7.431318,139.54,0.00,0.00,98.57,1,-93,-12,1,5,44,12,13884417,385
262.12,1544620119,2392.33,51.482386,7.431318,139.54,0.00,0.00,98.57,1,-94,-10,2,6,42,12,13884417,385
263.11,1544620120,2392.33,51.482386,7.431318,139.55,0.00,0.00,98.57,1,-94,-10,2,6,42,12,13884417,385
264.13,1544620121,2392.33,51.482386,7.431318,139.56,0.00,0.00,98.57,1,-94,-12,2,7,44,12,13884417,385
265.11,1544620122,2392.33,51.482386,7.431318,139.56,0.00,0.00,98.57,1,-94,-12,2,7,44,12,13884417,385
266.11,1544620123,2392.33,51.482386,7.431318,139.57,0.00,0.00,98.57,1,-94,-12,2,7,44,12,13884417,385
267.11,1544620124,2392.33,51.482386,7.431318,139.57,0.00,0.00,98.57,1,-94,-13,1,5,45,12,13884417,385
268.11,1544620125,2392.33,51.482386,7.431318,139.57,0.00,0.00,98.57,1,-94,-13,1,5,45,12,13884417,385
269.11,1544620126,2392.33,51.482386,7.431318,139.57,0.00,0.00,98.57,1,-94,-12,1,7,44,12,13884417,385
270.11,1544620127,2392.33,51.482386,7.431318,139.56,0.00,0.00,98.57,1,-94,-12,1,7,44,12,13884417,385
271.11,1544620128,2392.33,51.482386,7.431318,139.56,0.00,0.00,98.57,1,-93,-12,-1,6,45,12,13884417,385
272.11,1544620129,2392.33,51.482386,7.431318,139.55,0.00,0.00,98.57,1,-93,-12,-1,6,45,12,13884417,385
273.11,1544620130,2392.33,51.482386,7.431318,139.55,0.00,0.00,98.57,1,-92,-12,1,5,45,12,13884417,385
274.11,1544620131,2392.33,51.482386,7.431318,139.54,0.00,0.00,98.57,1,-92,-12,1,5,45,12,13884417,385
275.11,1544620132,2392.33,51.482386,7.431318,139.53,0.00,0.00,98.57,1,-93,-12,1,6,45,12,13884417,385
276.11,1544620133,2392.33,51.482386,7.431318,139.53,0.00,0.00,98.57,1,-93,-12,1,6,45,12,13884417,385
277.11,1544620134,2392.33,51.482386,7.431318,139.52,0.00,0.00,98.57,1,-92,-12,3,6,46,12,13884417,385
278.11,1544620135,2392.33,51.482386,7.431318,139.52,0.00,0.00,98.57,1,-92,-12,3,6,46,12,13884417,385
279.11,1544620136,2392.33,51.482386,7.431318,139.53,0.00,0.00,98.57,1,-92,-12,4,6,46,12,13884417,385
280.11,1544620137,2392.33,51.482386,7.431318,139.53,0.00,0.00,98.57,1,-92,-12,4,6,46,12,13884417,385
281.11,1544620138,2392.33,51.482386,7.431318,139.54,0.00,0.00,98.57,1,-93,-12,4,6,46,12,13884417,385
282.11,1544620139,2392.33,51.482386,7.431318,139.55,0.00,0.00,98.57,1,-93,-12,4,6,46,12,13884417,385
283.11,1544620140,2392.33,51.482386,7.431318,139.56,0.00,0.00,98.57,1,-93,-12,4,8,46,12,13884417,385
284.11,1544620141,2392.33,51.482386,7.431318,139.66,0.00,0.00,98.57,1,-93,-12,4,8,46,12,13884417,385
285.11,1544620142,2392.33,51.482386,7.431318,139.75,0.00,0.00,86.34,1,-86,-11,3,7,51,12,13884417,385
286.11,1544620143,2392.33,51.482386,7.431318,140.61,0.00,0.00,90.20,1,-86,-11,3,7,51,12,13884417,385
287.11,1544620144,2392.33,51.482382,7.431520,141.12,7.89,0.00,92.65,1,-86,-11,3,7,51,12,13884417,385
288.11,1544620145,2400.23,51.482377,7.431641,141.42,8.36,0.47,93.87,1,-83,-7,11,8,50,12,13884417,385
289.11,1544620146,2408.57,51.482371,7.431764,141.55,9.35,0.99,94.73,1,-83,-7,11,8,50,12,13884417,385
290.11,1544620147,2417.92,51.482362,7.431911,141.23,10.23,0.88,94.89,1,-90,-12,4,5,47,12,13884417,385
291.11,1544620148,2428.14,51.482350,7.432075,140.77,11.09,0.86,95.71,1,-90,-12,4,5,47,12,13884417,385
292.11,1544620149,2439.29,51.482333,7.432247,140.49,11.25,0.16,96.10,1,-92,-12,3,6,45,12,13884417,385
293.11,1544620150,2450.47,51.482321,7.432420,140.57,11.78,0.54,94.86,1,-92,-12,3,6,45,12,13884417,385
294.11,1544620151,2462.25,51.482306,7.432602,140.68,12.77,0.99,95.87,1,-84,-9,10,7,50,12,13884417,385
295.11,1544620152,2475.01,51.482291,7.432796,140.78,13.23,0.45,96.82,1,-84,-9,10,7,50,12,13884417,385
296.11,1544620153,2488.23,51.482275,7.432988,140.75,13.81,0.58,96.91,1,-86,-10,12,9,50,12,13884417,385
297.11,1544620154,2502.03,51.482257,7.433183,140.83,14.19,0.39,96.61,1,-86,-10,12,9,50,12,13884417,385
298.11,1544620155,2516.26,51.482238,7.433367,140.78,14.10,-0.09,96.25,1,-90,-10,9,7,45,12,13884417,385
299.11,1544620156,2530.37,51.482223,7.433554,140.67,13.87,-0.24,97.04,1,-90,-10,9,7,45,12,13884417,385
300.11,1544620157,2544.25,51.482206,7.433757,140.34,13.71,-0.15,96.10,1,-91,-12,6,6,47,12,13884417,385
301.11,1544620158,2557.96,51.482193,7.433948,140.41,13.91,0.20,97.05,1,-91,-12,6,6,47,12,13884417,385
302.11,1544620159,2571.84,51.482179,7.434142,140.24,13.62,-0.30,97.29,1,-88,-12,6,11,49,12,13884417,385
303.11,1544620160,2585.47,51.482164,7.434336,140.02,13.20,-0.41,96.62,1,-88,-12,6,11,49,12,13884417,385
304.11,1544620161,2598.67,51.482149,7.434527,139.81,12.96,-0.24,96.10,1,-90,-12,6,7,48,12,13884417,385
305.11,1544620162,2611.65,51.482140,7.434703,139.82,12.36,-0.60,95.57,1,-90,-12,6,7,48,12,13884417,385
306.11,1544620163,2624.05,51.482129,7.434883,139.55,11.94,-0.42,96.06,1,-91,-13,1,6,48,12,13884417,385
307.11,1544620164,2635.95,51.482117,7.435049,139.72,11.68,-0.26,97.17,1,-91,-13,1,6,48,12,13884417,385
308.12,1544620165,2647.73,51.482104,7.435208,139.91,10.96,-0.71,97.87,1,-89,-12,3,9,48,12,13884417,385
309.11,1544620166,2658.58,51.482094,7.435365,140.02,9.72,-1.25,96.17,1,-89,-12,3,9,48,12,13884417,385
310.11,1544620167,2668.31,51.482084,7.435509,140.78,9.67,-0.05,95.16,1,-89,-12,3,9,48,12,13884417,385
311.11,1544620168,2677.99,51.482076,7.435663,141.03,9.91,0.24,94.50,1,-88,-12,3,9,50,12,13884417,385
312.11,1544620169,2687.89,51.482067,7.435836,141.28,10.55,0.64,94.94,1,-88,-12,3,9,50,12,13884417,385
313.11,1544620170,2698.46,51.482053,7.436016,141.51,12.35,1.80,97.09,1,-92,-13,4,7,47,12,13884417,385
314.11,1544620171,2710.79,51.482040,7.436162,141.99,11.67,-0.69,96.42,1,-92,-13,4,7,47,12,13884417,385
315.11,1544620172,2722.44,51.482022,7.436342,142.50,11.75,0.09,96.42,1,-87,-11,6,11,49,12,13884417,385
316.11,1544620173,2734.21,51.482012,7.436483,143.16,11.06,-0.70,95.30,1,-87,-11,6,11,49,12,13884417,385
317.11,1544620174,2745.26,51.482004,7.436637,143.78,11.17,0.12,94.59,1,-89,-8,9,10,45,12,13884417,385
318.11,1544620175,2756.43,51.481996,7.436793,144.52,11.51,0.34,96.02,1,-89,-8,9,10,45,12,13884417,385
319.11,1544620176,2767.94,51.481987,7.436951,145.14,10.73,-0.79,95.58,1,-84,-7,13,8,48,12,13884417,385
320.11,1544620177,2778.66,51.481979,7.437104,145.62,11.04,0.31,95.91,1,-84,-7,13,8,48,12,13884417,385
321.13,1544620178,2789.95,51.481968,7.437257,146.03,10.12,-0.89,95.57,1,-95,-12,4,7,41,12,13884417,385
322.11,1544620179,2799.86,51.481959,7.437401,146.29,9.57,-0.56,96.74,1,-95,-12,4,7,41,12,13884417,385
323.11,1544620180,2809.43,51.481946,7.437534,146.53,9.03,-0.54,98.03,1,-93,-13,1,5,46,12,13884417,385
324.11,1544620181,2818.48,51.481934,7.437684,146.79,9.14,0.11,96.69,1,-93,-13,1,5,46,12,13884417,385
325.11,1544620182,2827.61,51.481924,7.437808,146.87,7.68,-1.46,96.42,1,-94,-13,1,6,44,12,13884417,385
326.11,1544620183,2835.30,51.481918,7.437893,146.79,5.54,-2.14,96.40,1,-94,-13,1,6,44,12,13884417,385
327.11,1544620184,2840.85,51.481909,7.437969,146.25,4.46,-1.08,96.91,1,-90,-11,7,7,47,12,13884417,385
328.11,1544620185,2845.29,51.481903,7.438038,146.22,3.61,-0.85,98.85,1,-90,-11,7,7,47,12,13884417,385
329.11,1544620186,2848.90,51.481898,7.438084,146.14,3.50,-0.11,96.14,1,-90,-9,5,8,43,12,13884417,385
330.11,1544620187,2852.38,51.481891,7.438146,146.13,2.95,-0.55,97.37,1,-90,-9,5,8,43,12,13884417,385
331.12,1544620188,2855.37,51.481883,7.438204,146.11,2.38,-0.57,96.77,1,-89,-8,7,7,45,12,13884417,385
332.11,1544620189,2857.73,51.481867,7.438256,146.08,1.91,-0.47,118.10,1,-89,-8,7,7,45,12,13884417,385
333.11,1544620190,2859.64,51.481867,7.438293,146.02,1.78,-0.14,70.55,1,-89,-8,7,7,45,12,13884417,385
334.11,1544620191,2861.42,51.481873,7.438322,145.98,1.22,-0.56,71.47,1,-91,-11,3,5,45,12,13884417,385
335.11,1544620192,2862.64,51.481870,7.438339,145.95,1.10,-0.13,101.84,1,-91,-11,3,5,45,12,13884417,385
336.11,1544620193,2863.73,51.481870,7.438339,145.94,0.00,-1.09,101.84,1,-89,-10,4,6,47,12,13884417,385
337.11,1544620194,2863.73,51.481875,7.438350,145.92,0.59,0.00,101.84,1,-89,-10,4,6,47,12,13884417,385
338.11,1544620195,2864.32,51.481874,7.438372,145.93,2.17,1.58,90.15,1,-87,-9,6,10,50,12,13884417,385
339.11,1544620196,2866.49,51.481875,7.438422,146.21,4.25,2.08,92.05,1,-87,-9,6,10,50,12,13884417,385
340.11,1544620197,2870.74,51.481872,7.438466,146.26,3.72,-0.53,93.70,1,-86,-8,13,10,46,12,13884417,385
341.11,1544620198,2874.45,51.481869,7.438527,146.91,4.55,0.83,92.61,1,-86,-8,13,10,46,12,13884417,385
342.11,1544620199,2879.02,51.481867,7.438593,147.39,4.37,-0.18,93.48,1,-88,-9,14,10,46,12,13884417,385
343.11,1544620200,2883.39,51.481859,7.438671,147.83,5.80,1.43,95.77,1,-88,-9,14,10,46,12,13884417,385
344.11,1544620201,2889.19,51.481850,7.438780,148.07,6.87,1.07,95.38,1,-88,-9,10,8,47,12,13884417,385
345.11,1544620202,2896.07,51.481842,7.438878,148.33,8.12,1.25,96.04,1,-88,-9,10,8,47,12,13884417,385
346.11,1544620203,2904.19,51.481829,7.439010,148.37,8.63,0.51,95.62,1,-77,-8,15,12,56,12,13884417,385
347.11,1544620204,2912.82,51.481818,7.439136,148.68,9.60,0.97,95.47,1,-77,-8,15,12,56,12,13884417,385
348.11,1544620205,2922.42,51.481806,7.439290,149.04,10.39,0.79,94.51,1,-84,-8,17,10,49,12,13884417,385
349.11,1544620206,2932.81,51.481797,7.439440,149.49,10.97,0.58,94.31,1,-84,-8,17,10,49,12,13884417,385
350.11,1544620207,2943.79,51.481789,7.439596,150.09,11.11,0.14,94.48,1,-87,-9,16,9,46,12,13884417,385
351.11,1544620208,2954.89,51.481781,7.439756,150.65,11.64,0.53,93.74,1,-87,-9,16,9,46,12,13884417,385
352.12,1544620209,2966.60,51.481775,7.439929,151.11,12.36,0.72,94.28,1,-86,-10,13,8,49,12,13884417,385
353.11,1544620210,2978.89,51.481766,7.440107,151.25,13.13,0.78,94.92,1,-86,-10,13,8,49,12,13884417,385
354.11,1544620211,2992.01,51.481758,7.440286,151.41,12.66,-0.47,94.34,1,-86,-10,13,8,49,12,13884417,385
355.11,1544620212,3004.68,51.481749,7.440472,151.68,12.87,0.21,94.86,1,-89,-8,13,8,45,12,13884417,385
356.11,1544620213,3017.56,51.481738,7.440661,151.82,12.50,-0.37,95.28,1,-89,-8,13,8,45,12,13884417,385
357.11,1544620214,3030.04,51.481725,7.440852,151.84,12.39,-0.11,95.66,1,-86,-8,11,15,47,12,13884417,385
358.11,1544620215,3042.43,51.481710,7.441032,151.93,12.47,0.08,96.77,1,-86,-8,11,15,47,12,13884417,385
359.11,1544620216,3054.92,51.481688,7.441214,151.98,12.52,0.05,99.77,1,-90,-10,13,8,44,12,13884417,385
360.23,1544620217,3069.00,51.481656,7.441398,152.04,12.16,-0.32,103.78,1,-90,-10,13,8,44,12,13884417,385
361.21,1544620218,3080.84,51.481592,7.441564,151.89,12.74,0.60,121.19,1,-84,-10,11,7,51,12,13884417,385
362.21,1544620219,3093.57,51.481522,7.441728,151.77,13.27,0.53,122.90,1,-84,-10,11,7,51,12,13884417,385
363.21,1544620220,3106.86,51.481449,7.441882,152.00,13.73,0.46,125.53,1,-88,-11,8,7,49,12,13884417,385
364.21,1544620221,3120.55,51.481369,7.442035,152.28,13.95,0.22,128.83,1,-88,-11,8,7,49,12,13884417,385
365.21,1544620222,3134.53,51.481281,7.442188,152.42,13.84,-0.11,131.85,1,-90,-10,5,5,46,12,13884417,385
366.21,1544620223,3148.38,51.481188,7.442332,152.48,13.87,0.03,134.71,1,-90,-10,5,5,46,12,13884417,385
367.21,1544620224,3162.25,51.481098,7.442469,152.58,13.55,-0.32,134.14,1,-91,-15,1,5,49,12,13884417,385
368.21,1544620225,3175.81,51.481009,7.442610,153.12,13.08,-0.46,133.69,1,-91,-15,1,5,49,12,13884417,385
369.21,1544620226,3188.88,51.480927,7.442737,153.57,12.61,-0.47,133.07,1,-85,-9,-3,6,49,13,12896769,375
370.25,1544620227,3202.07,51.480847,7.442870,154.01,12.30,-0.30,132.40,1,-85,-9,-3,6,49,13,12896769,375
371.21,1544620228,3213.81,51.480773,7.442989,154.63,11.56,-0.78,133.65,1,-81,-10,6,9,54,13,12896769,375
372.21,1544620229,3225.36,51.480688,7.443076,155.33,10.77,-0.79,146.92,1,-81,-10,6,9,54,13,12896769,375
373.20,1544620230,3236.10,51.480600,7.443133,155.83,10.56,-0.21,159.57,1,-80,-9,9,8,56,13,12896769,375
374.21,1544620231,3246.67,51.480503,7.443148,156.40,11.02,0.46,174.14,1,-80,-9,9,8,56,13,12896769,375
375.20,1544620232,3257.68,51.480401,7.443165,157.24,10.46,-0.57,174.86,1,-75,-7,8,11,58,13,12896769,375
376.21,1544620233,3268.17,51.480303,7.443183,157.98,10.57,0.12,173.04,1,-75,-7,8,11,58,13,12896769,375
377.21,1544620234,3278.73,51.480213,7.443238,158.40,10.88,0.30,160.06,1,-79,-10,12,11,57,13,12896769,375
378.21,1544620235,3289.62,51.480113,7.443302,158.71,11.55,0.67,157.59,1,-79,-10,12,11,57,13,12896769,375
379.21,1544620236,3301.25,51.480010,7.443375,158.75,11.88,0.33,155.50,1,-73,-12,30,9,63,13,12896769,375
380.21,1544620237,3313.03,51.479913,7.443454,158.52,12.64,0.76,154.26,1,-73,-12,30,9,63,13,12896769,375
381.21,1544620238,3325.68,51.479803,7.443541,158.38,13.24,0.60,153.34,1,-73,-12,30,9,63,13,12896769,375
382.20,1544620239,3338.89,51.479705,7.443631,158.26,13.43,0.18,152.66,1,-73,-7,12,11,60,13,12896769,375
383.21,1544620240,3352.33,51.479599,7.443728,158.54,13.67,0.25,151.74,1,-73,-7,12,11,60,13,12896769,375
384.21,1544620241,3366.03,51.479496,7.443820,158.74,13.99,0.31,152.00,1,-74,-8,15,13,60,13,12896769,375
385.21,1544620242,3380.00,51.479391,7.443919,158.93,14.21,0.22,151.56,1,-74,-8,15,13,60,13,12896769,375
386.21,1544620243,3394.22,51.479280,7.444019,159.19,14.69,0.48,151.24,1,-71,-12,17,15,63,13,12896769,375
387.21,1544620244,3408.90,51.479165,7.444127,159.82,15.06,0.37,151.80,1,-71,-12,17,15,63,13,12896769,375
388.21,1544620245,3423.97,51.479050,7.444235,160.34,15.22,0.16,151.50,1,-70,-7,28,15,63,13,12896769,375
389.21,1544620246,3439.20,51.478934,7.444342,160.67,14.93,-0.29,151.72,1,-70,-7,28,15,63,13,12896769,375
390.21,1544620247,3454.16,51.478819,7.444447,160.77,14.76,-0.17,151.50,1,-69,-8,34,1,63,13,12896769,375
391.21,1544620248,3468.88,51.478703,7.444553,161.10,14.89,0.13,151.55,1,-69,-8,34,1,63,13,12896769,375
392.20,1544620249,3483.74,51.478581,7.444663,161.27,15.03,0.13,151.51,1,-68,-7,24,15,63,13,12896769,375
393.20,1544620250,3498.77,51.478466,7.444764,161.44,14.80,-0.23,151.37,1,-68,-7,24,15,63,13,12896769,375
394.21,1544620251,3513.59,51.478350,7.444866,161.55,14.93,0.13,151.74,1,-68,-11,20,15,63,13,12896769,375
395.20,1544620252,3528.51,51.478224,7.444973,161.27,15.08,0.15,151.57,1,-68,-11,20,15,63,13,12896769,375
396.20,1544620253,3543.59,51.478102,7.445077,161.06,14.97,-0.12,151.77,1,-67,-10,20,14,63,13,12896769,375
397.21,1544620254,3558.59,51.477991,7.445174,161.20,14.81,-0.16,151.48,1,-67,-10,20,14,63,13,12896769,375
398.21,1544620255,3573.39,51.477879,7.445272,161.36,14.84,0.03,151.29,1,-67,-8,22,14,63,13,12896769,375
399.21,1544620256,3588.25,51.477758,7.445377,161.44,14.91,0.07,151.33,1,-67,-8,22,14,63,13,12896769,375
400.21,1544620257,3603.27,51.477636,7.445481,161.48,14.96,0.05,151.52,1,-65,-10,31,14,63,13,12896769,375
401.21,1544620258,3618.15,51.477517,7.445585,161.57,15.19,0.23,151.12,1,-65,-10,31,14,63,13,12896769,375
402.20,1544620259,3633.26,51.477394,7.445689,161.49,15.33,0.14,151.18,1,-65,-10,31,14,63,13,12896769,375
403.21,1544620260,3648.64,51.477271,7.445795,161.33,15.47,0.13,151.42,1,-64,-11,23,10,63,13,12896769,375
404.21,1544620261,3664.09,51.477148,7.445901,161.17,15.39,-0.08,151.69,1,-64,-11,23,10,63,13,12896769,375
405.21,1544620262,3679.48,51.477028,7.446006,161.20,15.19,-0.19,152.08,1,-61,-8,20,14,63,13,12896769,375
406.21,1544620263,3694.67,51.476905,7.446111,160.87,15.13,-0.07,151.83,1,-61,-8,20,14,63,13,12896769,375
407.21,1544620264,3709.80,51.476781,7.446216,160.25,15.17,0.05,151.85,1,-60,-9,29,15,63,13,12896769,375
408.21,1544620265,3724.97,51.476666,7.446315,159.99,15.04,-0.13,152.19,1,-60,-9,29,15,63,13,12896769,375
409.21,1544620266,3740.03,51.476542,7.446420,159.41,14.88,-0.16,152.05,1,-58,-8,29,15,63,13,12896769,375
410.21,1544620267,3754.90,51.476427,7.446518,159.00,14.59,-0.29,152.13,1,-58,-8,29,15,63,13,12896769,375
411.21,1544620268,3769.52,51.476319,7.446611,158.88,14.18,-0.41,151.99,1,-58,-11,26,13,63,13,12896769,375
412.21,1544620269,3783.69,51.476204,7.446708,158.68,14.02,-0.16,152.10,1,-58,-11,26,13,63,13,12896769,375
413.20,1544620270,3797.66,51.476093,7.446805,158.23,14.00,-0.03,151.83,1,-58,-11,22,13,63,13,12896769,375
414.21,1544620271,3811.70,51.475985,7.446898,158.03,13.64,-0.35,151.71,1,-58,-11,22,13,63,13,12896769,375
415.21,1544620272,3825.33,51.475880,7.446986,158.06,13.42,-0.22,151.52,1,-59,-7,22,10,63,13,12896769,375
416.21,1544620273,3838.76,51.475780,7.447072,158.36,13.02,-0.40,150.90,1,-59,-7,22,10,63,13,12896769,375
417.21,1544620274,3851.78,51.475681,7.447159,158.91,13.03,0.01,150.82,1,-59,-6,23,13,63,13,12896769,375
418.21,1544620275,3864.80,51.475583,7.447254,159.44,12.65,-0.38,149.88,1,-59,-6,23,13,63,13,12896769,375
419.21,1544620276,3877.45,51.475484,7.447345,159.84,12.31,-0.34,148.93,1,-62,-6,22,1,63,13,12896769,375
420.21,1544620277,3889.77,51.475391,7.447438,160.13,11.82,-0.50,148.04,1,-62,-6,22,1,63,13,12896769,375
421.21,1544620278,3901.66,51.475306,7.447524,160.27,11.35,-0.46,147.53,1,-66,-5,23,1,63,13,12896769,375
422.21,1544620279,3912.93,51.475226,7.447610,160.35,10.78,-0.58,146.98,1,-66,-5,23,1,63,13,12896769,375
423.21,1544620280,3923.72,51.475145,7.447698,160.20,10.20,-0.58,146.11,1,-66,-5,23,1,63,13,12896769,375
424.21,1544620281,3933.92,51.475074,7.447779,160.27,9.51,-0.68,145.19,1,-67,-10,23,11,63,13,12896769,375
425.21,1544620282,3943.43,51.475008,7.447856,160.26,8.54,-0.98,144.72,1,-67,-10,23,11,63,13,12896769,375
426.21,1544620283,3951.97,51.474951,7.447921,160.66,7.77,-0.77,144.29,1,-66,-6,24,12,63,13,12896769,375
427.21,1544620284,3959.75,51.474893,7.447991,160.87,7.57,-0.20,143.90,1,-66,-6,24,12,63,13,12896769,375
428.21,1544620285,3967.31,51.474840,7.448057,161.01,7.52,-0.05,143.28,1,-69,-7,20,10,63,13,12896769,375
429.21,1544620286,3974.83,51.474788,7.448125,161.23,7.17,-0.35,142.42,1,-69,-7,20,10,63,13,12896769,375
430.21,1544620287,3982.00,51.474738,7.448191,161.42,6.87,-0.30,142.09,1,-67,-7,20,11,63,13,12896769,375
431.20,1544620288,3988.85,51.474690,7.448255,161.61,6.56,-0.31,141.20,1,-67,-7,20,11,63,13,12896769,375
432.20,1544620289,3995.41,51.474644,7.448316,161.85,6.44,-0.12,140.88,1,-68,-7,20,10,63,13,12896769,375
433.20,1544620290,4001.85,51.474602,7.448372,162.23,6.18,-0.25,140.92,1,-68,-7,20,10,63,13,12896769,375
434.20,1544620291,4008.03,51.474561,7.448425,162.59,5.77,-0.41,141.20,1,-70,-7,18,13,63,13,12896769,375
435.21,1544620292,4013.82,51.474522,7.448476,162.82,5.02,-0.74,141.04,1,-70,-7,18,13,63,13,12896769,375
436.21,1544620293,4018.84,51.474494,7.448512,162.84,3.30,-1.72,140.56,1,-67,-11,18,11,63,13,12896769,375
437.20,1544620294,4022.13,51.474474,7.448538,162.85,2.05,-1.25,140.94,1,-67,-11,18,11,63,13,12896769,375
438.21,1544620295,4024.19,51.474465,7.448550,162.84,0.87,-1.18,140.04,1,-66,-9,18,12,63,13,12896769,375
439.21,1544620296,4025.06,51.474465,7.448550,162.84,0.00,-0.87,140.04,1,-66,-9,18,12,63,13,12896769,375
440.21,1544620297,4025.06,51.474465,7.448550,162.84,0.00,0.00,140.04,1,-68,-11,13,10,63,13,12896769,375
441.21,1544620298,4025.06,51.474465,7.448550,162.84,0.00,0.00,140.04,1,-68,-11,13,10,63,13,12896769,375
442.21,1544620299,4025.06,51.474465,7.448550,162.84,0.00,0.00,140.04,1,-68,-8,19,11,63,13,12896769,375
443.21,1544620300,4025.06,51.474465,7.448550,162.84,0.00,0.00,140.04,1,-68,-8,19,11,63,13,12896769,375
444.21,1544620301,4025.06,51.474465,7.448550,162.84,0.00,0.00,140.04,1,-68,-8,19,11,63,13,12896769,375
445.21,1544620302,4025.06,51.474465,7.448550,162.84,0.00,0.00,140.04,1,-69,-11,18,14,63,13,12896769,375
446.21,1544620303,4025.06,51.474465,7.448550,162.83,0.00,0.00,140.04,1,-69,-11,18,14,63,13,12896769,375
447.21,1544620304,4025.06,51.474465,7.448550,162.83,0.00,0.00,140.04,1,-69,-10,20,11,63,13,12896769,375
448.21,1544620305,4025.06,51.474465,7.448550,162.83,0.00,0.00,140.04,1,-69,-10,20,11,63,13,12896769,375
449.21,1544620306,4025.06,51.474465,7.448550,162.83,0.00,0.00,140.04,1,-69,-11,19,11,63,13,12896769,375
450.21,1544620307,4025.06,51.474465,7.448550,162.83,0.00,0.00,140.04,1,-69,-11,19,11,63,13,12896769,375
451.20,1544620308,4025.06,51.474465,7.448550,162.83,0.00,0.00,140.04,1,-67,-7,20,12,62,13,12896769,375
452.21,1544620309,4025.06,51.474465,7.448550,162.83,0.00,0.00,140.04,1,-67,-7,20,12,62,13,12896769,375
453.21,1544620310,4025.06,51.474465,7.448550,162.82,0.00,0.00,140.04,1,-69,-7,18,12,62,13,12896769,375
454.20,1544620311,4025.06,51.474465,7.448550,162.82,0.00,0.00,140.04,1,-69,-7,18,12,62,13,12896769,375
455.21,1544620312,4025.06,51.474465,7.448550,162.82,0.00,0.00,140.04,1,-69,-10,17,12,63,13,12896769,375
456.21,1544620313,4025.06,51.474465,7.448550,162.82,0.00,0.00,140.04,1,-69,-10,17,12,63,13,12896769,375
457.21,1544620314,4025.06,51.474465,7.448550,162.81,0.00,0.00,140.04,1,-70,-10,18,12,63,13,12896769,375
458.21,1544620315,4025.06,51.474465,7.448550,162.81,0.00,0.00,140.04,1,-70,-10,18,12,63,13,12896769,375
459.21,1544620316,4025.06,51.474465,7.448550,162.81,0.00,0.00,140.04,1,-69,-11,19,12,63,13,12896769,375
460.21,1544620317,4025.06,51.474465,7.448550,162.81,0.00,0.00,140.04,1,-69,-11,19,12,63,13,12896769,375
461.21,1544620318,4025.06,51.474465,7.448550,162.81,0.00,0.00,140.04,1,-68,-8,18,12,63,13,12896769,375
462.21,1544620319,4025.06,51.474465,7.448550,162.81,0.00,0.00,140.04,1,-68,-8,18,12,63,13,12896769,375
463.22,1544620320,4025.06,51.474465,7.448550,162.81,0.00,0.00,140.04,1,-71,-12,17,12,63,13,12896769,375
464.22,1544620321,4025.06,51.474465,7.448550,162.81,0.00,0.00,140.04,1,-71,-12,17,12,63,13,12896769,375
465.21,1544620322,4025.06,51.474465,7.448550,162.81,0.00,0.00,140.04,1,-71,-12,17,12,63,13,12896769,375
466.21,1544620323,4025.06,51.474465,7.448550,162.80,0.00,0.00,140.04,1,-71,-11,17,12,63,13,12896769,375
467.21,1544620324,4025.06,51.474465,7.448550,162.80,0.00,0.00,140.04,1,-71,-11,17,12,63,13,12896769,375
468.21,1544620325,4025.06,51.474465,7.448550,162.79,0.00,0.00,140.04,1,-68,-11,19,12,63,13,12896769,375
469.21,1544620326,4025.06,51.474465,7.448550,162.77,0.00,0.00,140.04,1,-68,-11,19,12,63,13,12896769,375
470.21,1544620327,4025.06,51.474465,7.448550,162.76,0.00,0.00,140.04,1,-67,-9,19,10,63,13,12896769,375
471.20,1544620328,4025.06,51.474465,7.448550,162.74,0.00,0.00,140.04,1,-67,-9,19,10,63,13,12896769,375
472.21,1544620329,4025.06,51.474465,7.448550,162.72,0.00,0.00,140.04,1,-67,-11,17,15,63,13,12896769,375
473.21,1544620330,4025.06,51.474465,7.448550,162.70,0.00,0.00,140.04,1,-67,-11,17,15,63,13,12896769,375
474.21,1544620331,4025.06,51.474465,7.448550,162.68,0.00,0.00,140.04,1,-68,-11,15,15,63,13,12896769,375
475.21,1544620332,4025.06,51.474465,7.448550,162.66,0.00,0.00,140.04,1,-68,-11,15,15,63,13,12896769,375
476.21,1544620333,4025.06,51.474465,7.448550,162.64,0.00,0.00,140.04,1,-68,-11,17,12,63,13,12896769,375
477.21,1544620334,4025.06,51.474465,7.448550,162.62,0.00,0.00,140.04,1,-68,-11,17,12,63,13,12896769,375
478.21,1544620335,4025.06,51.474465,7.448550,162.60,0.00,0.00,140.04,1,-67,-11,19,12,63,13,12896769,375
479.21,1544620336,4025.06,51.474465,7.448550,162.58,0.00,0.00,140.04,1,-67,-11,19,12,63,13,12896769,375
480.22,1544620337,4025.06,51.474465,7.448550,162.57,0.00,0.00,140.04,1,-67,-11,18,12,63,13,12896769,375
481.20,1544620338,4025.06,51.474465,7.448550,162.55,0.00,0.00,140.04,1,-67,-11,18,12,63,13,12896769,375
482.20,1544620339,4025.06,51.474465,7.448550,162.54,0.00,0.00,140.04,1,-67,-10,16,12,63,13,12896769,375
483.21,1544620340,4025.06,51.474465,7.448550,162.52,0.00,0.00,140.04,1,-67,-10,16,12,63,13,12896769,375
484.21,1544620341,4025.06,51.474465,7.448550,162.51,0.00,0.00,140.04,1,-67,-7,17,10,63,13,12896769,375
485.20,1544620342,4025.06,51.474465,7.448550,162.50,0.00,0.00,140.04,1,-67,-7,17,10,63,13,12896769,375
486.21,1544620343,4025.06,51.474465,7.448550,162.49,0.00,0.00,140.04,1,-69,-6,18,11,62,13,12896769,375
487.21,1544620344,4025.06,51.474465,7.448550,162.48,0.00,0.00,140.04,1,-69,-6,18,11,62,13,12896769,375
488.21,1544620345,4025.06,51.474465,7.448550,162.47,0.00,0.00,140.04,1,-69,-6,18,11,62,13,12896769,375
489.21,1544620346,4025.06,51.474465,7.448550,162.46,0.00,0.00,140.04,1,-68,-10,21,12,63,13,12896769,375
490.21,1544620347,4025.06,51.474465,7.448550,162.43,0.00,0.00,140.04,1,-68,-10,21,12,63,13,12896769,375
491.20,1544620348,4025.06,51.474465,7.448550,162.44,0.00,0.00,137.03,1,-67,-11,19,11,63,13,12896769,375
492.21,1544620349,4025.06,51.474412,7.448621,162.63,0.00,0.00,138.38,1,-67,-11,19,11,63,13,12896769,375
493.20,1544620350,4025.06,51.474375,7.448675,162.75,6.16,0.00,138.79,1,-66,-8,18,10,63,13,12896769,375
494.21,1544620351,4031.24,51.474333,7.448735,163.01,6.92,0.75,138.36,1,-66,-8,18,10,63,13,12896769,375
495.21,1544620352,4038.16,51.474276,7.448816,162.82,8.46,1.55,138.78,1,-63,-9,16,11,63,13,12896769,375
496.21,1544620353,4046.63,51.474215,7.448901,162.63,9.54,1.08,139.32,1,-63,-9,16,11,63,13,12896769,375
497.21,1544620354,4056.15,51.474141,7.449006,162.45,10.34,0.80,139.19,1,-65,-10,15,11,63,13,12896769,375
498.20,1544620355,4066.49,51.474057,7.449124,162.34,11.62,1.28,138.46,1,-65,-10,15,11,63,13,12896769,375
499.21,1544620356,4078.14,51.473974,7.449241,162.37,12.41,0.79,137.99,1,-56,-9,16,11,63,13,12896769,375
500.21,1544620357,4090.54,51.473885,7.449375,162.47,13.35,0.94,137.06,1,-56,-9,16,11,63,13,12896769,375
501.21,1544620358,4103.89,51.473805,7.449499,162.41,13.68,0.33,135.96,1,-63,-12,29,5,63,13,12896769,375
502.21,1544620359,4117.58,51.473721,7.449639,162.12,13.73,0.05,134.62,1,-63,-12,29,5,63,13,12896769,375
503.21,1544620360,4131.32,51.473639,7.449784,161.74,13.99,0.26,133.28,1,-71,-13,4,7,63,13,12896769,375
504.21,1544620361,4145.32,51.473560,7.449931,161.54,13.71,-0.28,131.66,1,-71,-13,4,7,63,13,12896769,375
505.21,1544620362,4159.02,51.473478,7.450094,161.34,13.74,0.02,130.14,1,-63,-11,-1,5,63,13,12896769,375
506.21,1544620363,4172.76,51.473399,7.450261,161.42,14.19,0.45,128.53,1,-63,-11,-1,5,63,13,12896769,375
507.22,1544620364,4187.06,51.473320,7.450433,161.45,14.28,0.09,127.04,1,-71,-16,-5,5,63,13,12896769,375
508.20,1544620365,4201.19,51.473248,7.450600,161.29,14.49,0.20,125.62,1,-71,-16,-5,5,63,13,12896769,375
509.21,1544620366,4215.73,51.473177,7.450781,161.37,14.66,0.17,124.28,1,-71,-16,-5,5,63,13,12896769,375
510.21,1544620367,4230.37,51.473107,7.450966,161.48,14.48,-0.18,122.79,1,-66,-11,-7,6,63,1,12896770,377
511.20,1544620368,4244.81,51.473041,7.451149,161.42,14.26,-0.22,121.07,1,-66,-11,-7,6,63,1,12896770,377
512.21,1544620369,4259.11,51.472983,7.451332,161.36,14.32,0.07,119.11,1,-65,-11,15,10,63,1,12896770,377
513.20,1544620370,4273.38,51.472931,7.451511,161.08,14.01,-0.31,117.06,1,-65,-11,15,10,63,1,12896770,377
514.21,1544620371,4287.43,51.472883,7.451692,160.73,13.79,-0.22,115.14,1,-64,-11,18,14,63,1,12896770,377
515.20,1544620372,4301.18,51.472842,7.451869,160.54,13.69,-0.10,113.38,1,-64,-11,18,14,63,1,12896770,377
516.21,1544620373,4314.89,51.472802,7.452048,160.31,13.65,-0.04,111.76,1,-65,-11,19,12,63,1,12896770,377
517.20,1544620374,4328.51,51.472763,7.452244,160.33,13.74,0.10,110.36,1,-65,-11,19,12,63,1,12896770,377
518.21,1544620375,4342.31,51.472729,7.452439,160.53,13.99,0.24,108.62,1,-62,-11,19,15,63,1,12896770,377
519.21,1544620376,4356.27,51.472700,7.452628,160.99,13.69,-0.30,107.31,1,-62,-11,19,15,63,1,12896770,377
520.21,1544620377,4369.96,51.472672,7.452820,161.37,13.35,-0.35,106.28,1,-60,-11,23,13,63,1,12896770,377
521.20,1544620378,4383.28,51.472645,7.453007,161.90,12.93,-0.42,105.79,1,-60,-11,23,13,63,1,12896770,377
522.21,1544620379,4396.25,51.472621,7.453187,162.51,12.74,-0.19,104.77,1,-61,-11,21,15,63,1,12896770,377
523.21,1544620380,4408.96,51.472594,7.453375,162.95,12.97,0.23,104.42,1,-61,-11,21,15,63,1,12896770,377
524.21,1544620381,4421.96,51.472568,7.453560,163.16,12.73,-0.24,104.40,1,-63,-11,21,15,63,1,12896770,377
525.21,1544620382,4434.69,51.472545,7.453739,163.46,12.70,-0.03,105.18,1,-63,-11,21,15,63,1,12896770,377
526.21,1544620383,4447.38,51.472520,7.453921,163.95,13.28,0.58,104.77,1,-64,-11,22,15,63,1,12896770,377
527.21,1544620384,4460.65,51.472491,7.454110,164.37,13.78,0.50,105.25,1,-64,-11,22,15,63,1,12896770,377
528.21,1544620385,4474.54,51.472458,7.454305,164.52,13.54,-0.23,105.68,1,-65,-11,25,11,63,1,12896770,377
529.21,1544620386,4487.98,51.472424,7.454489,164.48,13.33,-0.21,106.43,1,-65,-11,25,11,63,1,12896770,377
530.22,1544620387,4501.43,51.472392,7.454673,164.32,13.57,0.23,107.36,1,-65,-11,25,11,63,1,12896770,377
531.21,1544620388,4514.86,51.472353,7.454862,164.11,14.19,0.62,107.82,1,-66,-11,20,13,63,1,12896770,377
532.20,1544620389,4529.03,51.472313,7.455046,163.67,14.06,-0.13,108.38,1,-66,-11,20,13,63,1,12896770,377
533.20,1544620390,4543.08,51.472269,7.455245,163.18,14.23,0.17,108.84,1,-68,-11,18,13,63,1,12896770,377
534.21,1544620391,4557.35,51.472226,7.455444,162.68,14.17,-0.05,109.50,1,-68,-11,18,13,63,1,12896770,377
535.21,1544620392,4571.52,51.472179,7.455627,162.09,14.24,0.07,110.17,1,-72,-11,16,11,63,1,12896770,377
536.21,1544620393,4585.76,51.472132,7.455821,161.50,14.27,0.03,110.92,1,-72,-11,16,11,63,1,12896770,377
537.21,1544620394,4600.03,51.472081,7.456012,160.96,14.37,0.10,111.81,1,-79,-11,19,15,57,1,12896770,377
538.21,1544620395,4614.40,51.472031,7.456203,160.54,14.47,0.10,112.62,1,-79,-11,19,15,57,1,12896770,377
539.21,1544620396,4628.87,51.471977,7.456396,160.16,14.62,0.15,113.17,1,-79,-12,19,12,57,1,12896770,377
540.21,1544620397,4643.49,51.471923,7.456584,159.73,14.66,0.03,113.58,1,-79,-12,19,12,57,1,12896770,377
541.20,1544620398,4658.12,51.471868,7.456778,159.24,14.44,-0.21,114.12,1,-78,-11,27,12,55,1,12896770,377
542.20,1544620399,4672.56,51.471815,7.456949,158.60,13.56,-0.89,114.66,1,-78,-11,27,12,55,1,12896770,377
543.20,1544620400,4686.10,51.471763,7.457123,157.83,12.87,-0.69,115.05,1,-82,-11,17,9,54,1,12896770,377
544.20,1544620401,4698.99,51.471713,7.457280,157.10,12.45,-0.42,115.43,1,-82,-11,17,9,54,1,12896770,377
545.21,1544620402,4711.47,51.471660,7.457432,156.54,12.19,-0.26,116.56,1,-84,-11,15,15,52,1,12896770,377
546.21,1544620403,4723.68,51.471608,7.457582,155.83,11.93,-0.26,117.89,1,-84,-11,15,15,52,1,12896770,377
547.21,1544620404,4735.65,51.471554,7.457736,155.37,11.61,-0.33,118.71,1,-85,-12,13,7,52,1,12896770,377
548.21,1544620405,4747.21,51.471501,7.457884,155.02,11.21,-0.40,117.97,1,-85,-12,13,7,52,1,12896770,377
549.21,1544620406,4758.50,51.471454,7.458018,154.85,10.30,-0.91,117.01,1,-86,-12,13,12,50,1,12896770,377
550.21,1544620407,4768.78,51.471412,7.458143,154.65,9.91,-0.39,116.40,1,-86,-12,13,12,50,1,12896770,377
551.21,1544620408,4778.64,51.471370,7.458275,154.34,9.44,-0.48,115.98,1,-86,-12,13,12,50,1,12896770,377
552.21,1544620409,4788.07,51.471332,7.458389,154.05,8.96,-0.47,115.65,1,-85,-11,12,11,52,1,12896770,377
553.21,1544620410,4797.04,51.471297,7.458499,153.76,8.48,-0.49,115.37,1,-85,-11,12,11,52,1,12896770,377
554.21,1544620411,4805.52,51.471265,7.458600,153.45,7.70,-0.78,114.57,1,-86,-12,12,10,51,1,12896770,377
555.21,1544620412,4813.23,51.471235,7.458703,153.35,7.31,-0.39,115.42,1,-86,-12,12,10,51,1,12896770,377
556.21,1544620413,4820.52,51.471208,7.458795,153.17,6.66,-0.65,115.57,1,-87,-11,14,12,49,1,12896770,377
557.21,1544620414,4827.19,51.471187,7.458870,152.82,5.71,-0.95,115.13,1,-87,-11,14,12,49,1,12896770,377
558.21,1544620415,4832.89,51.471167,7.458943,152.52,4.92,-0.78,115.48,1,-86,-11,16,10,49,1,12896770,377
559.21,1544620416,4837.81,51.471151,7.459003,152.50,3.90,-1.02,115.57,1,-86,-11,16,10,49,1,12896770,377
560.21,1544620417,4841.73,51.471141,7.459042,152.48,2.16,-1.73,114.95,1,-83,-11,20,11,54,1,12896770,377
561.21,1544620418,4843.90,51.471141,7.459042,152.48,0.00,-2.16,114.95,1,-83,-11,20,11,54,1,12896770,377
562.20,1544620419,4843.90,51.471141,7.459042,152.48,0.00,0.00,114.95,1,-83,-12,20,12,55,1,12896770,377
563.21,1544620420,4843.90,51.471141,7.459042,152.48,0.00,0.00,114.95,1,-83,-12,20,12,55,1,12896770,377
564.21,1544620421,4843.90,51.471141,7.459042,152.48,0.00,0.00,114.95,1,-83,-12,17,11,54,1,12896770,377
565.21,1544620422,4843.90,51.471141,7.459042,152.48,0.00,0.00,114.95,1,-83,-12,17,11,54,1,12896770,377
566.21,1544620423,4843.90,51.471141,7.459042,152.49,0.00,0.00,114.95,1,-83,-11,18,11,55,1,12896770,377
567.21,1544620424,4843.90,51.471141,7.459042,152.49,0.00,0.00,114.95,1,-83,-11,18,11,55,1,12896770,377
568.21,1544620425,4843.90,51.471141,7.459042,152.50,0.00,0.00,114.95,1,-83,-11,19,12,55,1,12896770,377
569.21,1544620426,4843.90,51.471141,7.459042,152.50,0.00,0.00,114.95,1,-83,-11,19,12,55,1,12896770,377
570.22,1544620427,4843.90,51.471141,7.459042,152.51,0.00,0.00,114.95,1,-82,-12,19,11,55,1,12896770,377
571.20,1544620428,4843.90,51.471141,7.459042,152.52,0.00,0.00,114.95,1,-82,-12,19,11,55,1,12896770,377
572.21,1544620429,4843.90,51.471141,7.459042,152.53,0.00,0.00,114.95,1,-82,-12,19,11,55,1,12896770,377
573.21,1544620430,4843.90,51.471141,7.459042,152.53,0.00,0.00,114.95,1,-83,-12,24,11,55,1,12896770,377
574.21,1544620431,4843.90,51.471141,7.459042,152.54,0.00,0.00,114.95,1,-83,-12,24,11,55,1,12896770,377
575.21,1544620432,4843.90,51.471141,7.459042,152.55,0.00,0.00,114.95,1,-83,-12,19,11,54,1,12896770,377
576.21,1544620433,4843.90,51.471141,7.459042,152.56,0.00,0.00,114.95,1,-83,-12,19,11,54,1,12896770,377
577.21,1544620434,4843.90,51.471141,7.459042,152.56,0.00,0.00,114.95,1,-83,-11,16,11,55,1,12896770,377
578.21,1544620435,4843.90,51.471141,7.459042,152.57,0.00,0.00,114.95,1,-83,-11,16,11,55,1,12896770,377
579.21,1544620436,4843.90,51.471141,7.459042,152.58,0.00,0.00,114.95,1,-83,-11,16,11,55,1,12896770,377
580.21,1544620437,4843.90,51.471141,7.459042,152.58,0.00,0.00,114.95,1,-83,-11,16,11,55,1,12896770,377
581.20,1544620438,4843.90,51.471141,7.459042,152.59,0.00,0.00,114.95,1,-83,-11,20,11,55,1,12896770,377
582.21,1544620439,4843.90,51.471141,7.459042,152.59,0.00,0.00,114.95,1,-83,-11,20,11,55,1,12896770,377
583.21,1544620440,4843.90,51.471141,7.459042,152.60,0.00,0.00,114.95,1,-83,-11,18,11,55,1,12896770,377
584.20,1544620441,4843.90,51.471141,7.459042,152.61,0.00,0.00,114.95,1,-83,-11,18,11,55,1,12896770,377
585.21,1544620442,4843.90,51.471141,7.459042,152.61,0.00,0.00,114.95,1,-83,-12,18,11,54,1,12896770,377
586.21,1544620443,4843.90,51.471141,7.459042,152.61,0.00,0.00,114.95,1,-83,-12,18,11,54,1,12896770,377
587.21,1544620444,4843.90,51.471141,7.459042,152.61,0.00,0.00,114.95,1,-83,-12,20,12,55,1,12896770,377
588.21,1544620445,4843.90,51.471141,7.459042,152.61,0.00,0.00,114.95,1,-83,-12,20,12,55,1,12896770,377
589.21,1544620446,4843.90,51.471141,7.459042,152.61,0.00,0.00,114.95,1,-82,-12,21,11,55,1,12896770,377
590.22,1544620447,4843.90,51.471141,7.459042,152.61,0.00,0.00,114.95,1,-82,-12,21,11,55,1,12896770,377
591.22,1544620448,4843.90,51.471141,7.459042,152.61,0.00,0.00,114.95,1,-82,-12,18,11,55,1,12896770,377
592.21,1544620449,4843.90,51.471141,7.459042,152.61,0.00,0.00,114.95,1,-82,-12,18,11,55,1,12896770,377
593.21,1544620450,4843.90,51.471141,7.459042,152.61,0.00,0.00,114.95,1,-82,-12,18,11,55,1,12896770,377
594.21,1544620451,4843.90,51.471141,7.459042,152.61,0.00,0.00,114.95,1,-82,-12,20,12,55,1,12896770,377
595.21,1544620452,4843.90,51.471141,7.459042,152.61,0.00,0.00,114.95,1,-82,-12,20,12,55,1,12896770,377
596.21,1544620453,4843.90,51.471141,7.459042,152.60,0.00,0.00,114.95,1,-83,-12,16,11,55,1,12896770,377
597.21,1544620454,4843.90,51.471141,7.459042,152.60,0.00,0.00,114.95,1,-83,-12,16,11,55,1,12896770,377
598.21,1544620455,4843.90,51.471141,7.459042,152.59,0.00,0.00,114.95,1,-83,-12,20,12,55,1,12896770,377
599.21,1544620456,4843.90,51.471141,7.459042,152.54,0.00,0.00,112.90,1,-83,-12,20,12,55,1,12896770,377
600.21,1544620457,4843.90,51.471141,7.459042,152.19,0.00,0.00,113.87,1,-84,-12,17,10,53,1,12896770,377
601.20,1544620458,4843.90,51.471104,7.459178,152.15,5.12,0.00,114.54,1,-84,-12,17,10,53,1,12896770,377
602.21,1544620459,4849.03,51.471083,7.459257,152.34,6.15,1.03,115.49,1,-85,-11,17,9,51,1,12896770,377
603.21,1544620460,4855.18,51.471060,7.459338,152.60,6.56,0.40,116.04,1,-85,-11,17,9,51,1,12896770,377
604.21,1544620461,4861.74,51.471031,7.459431,152.78,7.20,0.64,117.04,1,-84,-11,15,9,52,1,12896770,377
605.21,1544620462,4868.94,51.471000,7.459529,152.85,7.87,0.67,117.82,1,-84,-11,15,9,52,1,12896770,377
606.21,1544620463,4876.82,51.470965,7.459636,152.88,8.80,0.93,117.40,1,-82,-11,15,9,55,1,12896770,377
607.21,1544620464,4885.61,51.470927,7.459747,152.82,9.18,0.38,116.25,1,-82,-11,15,9,55,1,12896770,377
608.21,1544620465,4894.80,51.470891,7.459869,152.59,9.00,-0.18,115.29,1,-83,-11,15,10,54,1,12896770,377
609.21,1544620466,4903.80,51.470859,7.459985,152.38,8.82,-0.19,114.25,1,-83,-11,15,10,54,1,12896770,377
610.21,1544620467,4912.62,51.470829,7.460101,152.10,8.66,-0.16,113.37,1,-81,-12,17,10,56,1,12896770,377
611.21,1544620468,4921.32,51.470800,7.460218,151.78,8.87,0.20,112.71,1,-81,-12,17,10,56,1,12896770,377
612.21,1544620469,4930.20,51.470769,7.460341,151.54,9.57,0.70,112.28,1,-81,-11,14,15,54,1,12896770,377
613.21,1544620470,4939.71,51.470737,7.460468,151.28,9.68,0.12,111.99,1,-81,-11,14,15,54,1,12896770,377
614.21,1544620471,4949.39,51.470705,7.460595,151.16,9.51,-0.17,111.97,1,-81,-11,14,15,54,1,12896770,377
615.21,1544620472,4958.91,51.470671,7.460727,151.04,10.30,0.79,112.57,1,-85,-11,13,8,53,1,12896770,377
616.21,1544620473,4969.21,51.470637,7.460864,150.94,10.27,-0.03,112.98,1,-85,-11,13,8,53,1,12896770,377
617.21,1544620474,4979.46,51.470601,7.461005,151.18,10.11,-0.16,113.74,1,-82,-6,20,15,51,1,12896770,377
618.21,1544620475,4989.59,51.470566,7.461141,151.35,10.00,-0.11,114.11,1,-82,-6,20,15,51,1,12896770,377
619.21,1544620476,4999.63,51.470530,7.461271,151.37,9.99,-0.01,115.10,1,-88,-12,5,7,49,1,12896770,377
620.21,1544620477,5009.59,51.470494,7.461400,151.44,9.71,-0.28,115.32,1,-88,-12,5,7,49,1,12896770,377
621.21,1544620478,5019.28,51.470458,7.461526,151.41,10.24,0.53,115.29,1,-85,-7,25,9,47,1,12896770,377
622.21,1544620479,5029.53,51.470420,7.461656,151.70,10.51,0.27,114.65,1,-85,-7,25,9,47,1,12896770,377
623.21,1544620480,5040.08,51.470375,7.461812,151.85,11.43,0.92,114.74,1,-86,-9,13,8,49,1,12896770,377
624.21,1544620481,5051.46,51.470340,7.461936,151.92,10.57,-0.87,115.57,1,-86,-9,13,8,49,1,12896770,377
625.21,1544620482,5062.05,51.470302,7.462066,152.07,10.83,0.26,115.91,1,-90,-8,11,10,44,1,12896770,377
626.20,1544620483,5072.85,51.470263,7.462198,152.20,10.79,-0.05,115.27,1,-90,-8,11,10,44,1,12896770,377
627.20,1544620484,5083.64,51.470219,7.462344,152.05,11.65,0.87,115.37,1,-88,-10,11,9,48,1,12896770,377
628.21,1544620485,5095.31,51.470171,7.462499,151.82,12.03,0.37,115.70,1,-88,-10,11,9,48,1,12896770,377
629.21,1544620486,5107.35,51.470121,7.462663,151.51,12.73,0.70,115.24,1,-87,-12,7,7,49,1,12896770,377
630.21,1544620487,5120.09,51.470069,7.462839,151.17,13.15,0.42,115.55,1,-87,-12,7,7,49,1,12896770,377
631.21,1544620488,5133.23,51.470017,7.463021,151.13,13.45,0.30,115.14,1,-90,-10,23,8,45,1,12896770,377
632.21,1544620489,5146.68,51.469966,7.463195,150.73,13.56,0.11,114.34,1,-90,-10,23,8,45,1,12896770,377
633.21,1544620490,5160.25,51.469917,7.463370,150.29,13.19,-0.36,113.79,1,-91,-12,12,9,46,1,12896770,377
634.21,1544620491,5173.43,51.469872,7.463538,149.96,12.65,-0.55,112.69,1,-91,-12,12,9,46,1,12896770,377
635.22,1544620492,5186.17,51.469827,7.463717,149.79,13.25,0.60,111.47,1,-91,-8,9,6,41,1,12896770,377
636.21,1544620493,5199.33,51.469780,7.463909,149.38,14.34,1.10,111.94,1,-91,-8,9,6,41,1,12896770,377
637.21,1544620494,5213.70,51.469727,7.464118,149.25,15.18,0.84,110.90,1,-91,-8,9,6,41,1,12896770,377
638.21,1544620495,5228.83,51.469684,7.464337,148.96,16.21,1.04,109.25,1,-93,-9,13,11,42,1,12896770,377
639.21,1544620496,5245.04,51.469639,7.464562,149.02,16.34,0.13,107.79,1,-93,-9,13,11,42,1,12896770,377
640.21,1544620497,5261.38,51.469595,7.464794,149.19,16.18,-0.16,107.00,1,-92,-12,11,8,45,1,12896770,377
641.21,1544620498,5277.58,51.469557,7.465019,149.68,15.81,-0.37,105.60,1,-92,-12,11,8,45,1,12896770,377
642.21,1544620499,5293.35,51.469524,7.465246,150.25,15.86,0.05,104.49,1,-92,-13,9,5,45,1,12896770,377
643.21,1544620500,5309.26,51.469495,7.465484,150.72,15.85,-0.01,102.56,1,-92,-13,9,5,45,1,12896770,377
644.21,1544620501,5325.08,51.469473,7.465724,151.05,15.60,-0.24,100.60,1,-97,-12,9,9,39,1,12896770,377
645.21,1544620502,5340.68,51.469450,7.465968,151.17,15.98,0.37,99.38,1,-97,-12,9,9,39,1,12896770,377
646.21,1544620503,5356.66,51.469436,7.466192,151.60,15.32,-0.66,97.20,1,-101,-13,7,5,37,1,12896770,377
647.21,1544620504,5372.00,51.469428,7.466412,152.01,15.54,0.22,95.71,1,-101,-13,7,5,37,1,12896770,377
648.21,1544620505,5387.59,51.469424,7.466629,152.38,15.83,0.29,94.00,1,-100,-13,5,5,38,1,12896770,377
649.21,1544620506,5403.39,51.469425,7.466862,152.58,15.45,-0.39,91.87,1,-100,-13,5,5,38,1,12896770,377
650.21,1544620507,5418.79,51.469431,7.467092,152.59,15.68,0.23,89.92,1,-97,-14,4,5,42,1,12896770,377
651.21,1544620508,5434.51,51.469443,7.467317,152.45,15.79,0.11,88.22,1,-97,-14,4,5,42,1,12896770,377
652.21,1544620509,5450.31,51.469458,7.467552,152.46,16.15,0.36,86.93,1,-89,-12,5,11,48,1,12896770,377
653.21,1544620510,5466.45,51.469478,7.467775,152.47,16.71,0.56,85.61,1,-89,-12,5,11,48,1,12896770,377
654.21,1544620511,5483.13,51.469499,7.468010,152.43,17.07,0.35,84.36,1,-87,-12,6,10,49,1,12896770,377
655.21,1544620512,5500.18,51.469525,7.468254,152.51,17.40,0.33,83.17,1,-87,-12,6,10,49,1,12896770,377
656.21,1544620513,5517.71,51.469550,7.468486,152.49,17.61,0.21,82.34,1,-91,-11,14,8,45,1,12896770,377
657.21,1544620514,5535.20,51.469580,7.468737,152.70,18.06,0.45,81.49,1,-91,-11,14,8,45,1,12896770,377
658.21,1544620515,5553.25,51.469610,7.468993,152.73,17.92,-0.15,81.00,1,-91,-11,14,8,45,1,12896770,377
659.21,1544620516,5571.20,51.469641,7.469248,152.93,18.05,0.13,80.17,1,-92,-11,4,8,43,1,12896770,377
660.21,1544620517,5589.25,51.469675,7.469510,153.10,17.94,-0.11,80.18,1,-92,-11,4,8,43,1,12896770,377
661.21,1544620518,5607.19,51.469707,7.469755,153.33,17.81,-0.13,79.42,1,-92,-8,17,6,39,1,12896770,377
662.21,1544620519,5624.95,51.469742,7.470018,153.57,17.79,-0.02,79.96,1,-92,-8,17,6,39,1,12896770,377
663.21,1544620520,5642.80,51.469768,7.470251,154.10,17.69,-0.10,80.79,1,-94,-9,7,5,39,1,12896770,377
664.21,1544620521,5660.46,51.469793,7.470515,154.23,17.97,0.28,81.75,1,-94,-9,7,5,39,1,12896770,377
665.21,1544620522,5678.44,51.469815,7.470767,154.39,17.88,-0.09,82.34,1,-92,-11,7,11,44,1,12896770,377
666.21,1544620523,5696.30,51.469831,7.471020,154.87,17.94,0.07,83.05,1,-92,-11,7,11,44,1,12896770,377
667.21,1544620524,5714.28,51.469850,7.471292,155.16,18.54,0.59,83.70,1,-95,-10,18,6,41,1,12896770,377
668.21,1544620525,5732.80,51.469863,7.471568,155.34,18.96,0.42,85.72,1,-95,-10,18,6,41,1,12896770,377
669.21,1544620526,5751.76,51.469866,7.471836,155.80,18.30,-0.66,87.80,1,-95,-10,19,5,40,1,12896770,377
670.21,1544620527,5770.06,51.469866,7.472124,155.89,17.73,-0.58,89.96,1,-95,-10,19,5,40,1,12896770,377
671.21,1544620528,5787.80,51.469860,7.472383,156.54,17.44,-0.28,91.85,1,-97,-15,2,4,41,1,12896770,377
672.21,1544620529,5805.25,51.469847,7.472635,157.54,17.48,0.04,93.79,1,-97,-15,2,4,41,1,12896770,377
673.21,1544620530,5822.74,51.469832,7.472899,158.50,17.88,0.40,94.85,1,-96,-13,1,6,42,1,12896770,377
674.21,1544620531,5840.65,51.469813,7.473149,159.48,17.01,-0.88,96.18,1,-96,-13,1,6,42,1,12896770,377
675.21,1544620532,5857.63,51.469796,7.473388,160.71,17.00,-0.00,95.77,1,-95,-14,0,5,43,1,12896770,377
676.21,1544620533,5874.64,51.469776,7.473624,161.98,17.44,0.44,96.40,1,-95,-14,0,5,43,1,12896770,377
677.22,1544620534,5892.27,51.469755,7.473849,163.06,17.63,0.18,96.74,1,-99,-16,-2,4,41,1,12896770,377
678.21,1544620535,5909.72,51.469730,7.474098,163.61,18.31,0.69,96.24,1,-99,-16,-2,4,41,1,12896770,377
679.21,1544620536,5928.03,51.469705,7.474357,163.92,19.00,0.69,96.90,1,-99,-16,-2,4,41,1,12896770,377
680.21,1544620537,5947.01,51.469677,7.474626,164.22,18.25,-0.75,97.57,1,-97,-15,-2,5,44,1,12896770,377
681.21,1544620538,5965.29,51.469648,7.474891,164.58,17.71,-0.54,96.97,1,-97,-15,-2,5,44,1,12896770,377
682.21,1544620539,5982.99,51.469621,7.475150,164.98,17.09,-0.62,96.60,1,-98,-15,-2,5,41,1,12896770,377
683.21,1544620540,6000.10,51.469597,7.475401,165.27,16.55,-0.55,96.13,1,-98,-15,-2,5,41,1,12896770,377
684.21,1544620541,6016.64,51.469576,7.475656,165.43,15.73,-0.82,94.81,1,-102,-15,-2,4,37,1,12896770,377
685.21,1544620542,6032.37,51.469561,7.475893,165.33,15.04,-0.69,93.45,1,-102,-15,-2,4,37,1,12896770,377
686.21,1544620543,6047.39,51.469555,7.476108,165.44,14.04,-1.00,91.05,1,-102,-15,-4,5,38,1,12896770,377
687.21,1544620544,6061.41,51.469547,7.476335,165.41,14.13,0.09,90.25,1,-102,-15,-4,5,38,1,12896770,377
688.21,1544620545,6075.56,51.469544,7.476562,165.40,14.11,-0.02,89.70,1,-100,-17,-6,4,39,1,12896770,377
689.21,1544620546,6089.64,51.469545,7.476758,165.53,13.84,-0.27,88.45,1,-100,-17,-6,4,39,1,12896770,377
690.21,1544620547,6103.52,51.469550,7.476948,165.75,13.60,-0.24,87.42,1,-104,-17,-6,4,37,1,12896770,377
691.21,1544620548,6117.11,51.469559,7.477145,165.81,13.49,-0.12,85.97,1,-104,-17,-6,4,37,1,12896770,377
692.21,1544620549,6130.60,51.469572,7.477343,166.00,13.66,0.17,84.98,1,-105,-18,-8,4,37,1,12896770,377
693.21,1544620550,6144.27,51.469592,7.477522,166.12,13.86,0.20,83.60,1,-105,-18,-8,4,37,1,12896770,377
694.20,1544620551,6158.02,51.469613,7.477707,166.36,13.32,-0.55,82.48,nan,nan,nan,nan,nan,nan,nan,nan,nan
695.21,1544620552,6171.42,51.469634,7.477901,166.94,13.16,-0.15,82.84,nan,nan,nan,nan,nan,nan,nan,nan,nan
696.21,1544620553,6184.58,51.469653,7.478104,167.68,13.77,0.60,81.80,nan,nan,nan,nan,nan,nan,nan,nan,nan
697.47,1544620554,6201.91,51.469684,7.478308,168.55,14.77,0.80,78.62,nan,nan,nan,nan,nan,nan,nan,nan,nan
698.48,1544620555,6216.88,51.469717,7.478501,169.04,13.75,-1.01,76.91,nan,nan,nan,nan,nan,nan,nan,nan,nan
699.47,1544620556,6230.50,51.469748,7.478699,169.30,13.03,-0.73,75.98,nan,nan,nan,nan,nan,nan,nan,nan,nan
700.47,1544620557,6243.52,51.469780,7.478881,169.34,12.31,-0.72,75.12,nan,nan,nan,nan,nan,nan,nan,nan,nan
701.47,1544620558,6255.86,51.469812,7.479064,169.69,12.44,0.13,75.03,nan,nan,nan,nan,nan,nan,nan,nan,nan
702.47,1544620559,6268.32,51.469843,7.479240,170.11,12.56,0.13,74.54,nan,nan,nan,nan,nan,nan,nan,nan,nan
703.47,1544620560,6280.85,51.469875,7.479419,170.56,12.73,0.17,74.20,nan,nan,nan,nan,nan,nan,nan,nan,nan
704.47,1544620561,6293.56,51.469910,7.479587,170.91,12.89,0.16,73.40,nan,nan,nan,nan,nan,nan,nan,nan,nan
705.47,1544620562,6306.48,51.469945,7.479753,171.50,13.28,0.39,72.89,nan,nan,nan,nan,nan,nan,nan,nan,nan
706.47,1544620563,6319.74,51.469984,7.479931,171.85,13.77,0.49,72.22,nan,nan,nan,nan,nan,nan,nan,nan,nan
707.47,1544620564,6333.50,51.470029,7.480118,172.25,13.82,0.05,71.56,nan,nan,nan,nan,nan,nan,nan,nan,nan
708.47,1544620565,6347.34,51.470072,7.480294,172.36,13.54,-0.28,71.51,nan,nan,nan,nan,nan,nan,nan,nan,nan
709.47,1544620566,6360.88,51.470113,7.480478,172.23,13.06,-0.48,71.65,nan,nan,nan,nan,nan,nan,nan,nan,nan
710.47,1544620567,6373.95,51.470153,7.480659,172.14,12.86,-0.20,71.50,nan,nan,nan,nan,nan,nan,nan,nan,nan
711.47,1544620568,6386.80,51.470181,7.480804,171.63,12.64,-0.22,71.70,nan,nan,nan,nan,nan,nan,nan,nan,nan
712.47,1544620569,6399.43,51.470215,7.480977,171.02,12.51,-0.13,72.13,nan,nan,nan,nan,nan,nan,nan,nan,nan
713.47,1544620570,6411.93,51.470253,7.481151,170.37,10.79,-1.72,72.83,nan,nan,nan,nan,nan,nan,nan,nan,nan
714.47,1544620571,6422.73,51.470284,7.481303,169.79,9.37,-1.42,73.35,nan,nan,nan,nan,nan,nan,nan,nan,nan
715.47,1544620572,6432.09,51.470303,7.481416,169.11,8.06,-1.31,72.99,nan,nan,nan,nan,nan,nan,nan,nan,nan
716.47,1544620573,6440.16,51.470314,7.481489,168.49,6.22,-1.84,76.04,nan,nan,nan,nan,nan,nan,nan,nan,nan
717.47,1544620574,6446.38,51.470289,7.481573,168.45,6.07,-0.15,121.63,nan,nan,nan,nan,nan,nan,nan,nan,nan
718.47,1544620575,6452.46,51.470243,7.481653,167.84,6.78,0.71,142.09,nan,nan,nan,nan,nan,nan,nan,nan,nan
719.48,1544620576,6459.31,51.470184,7.481708,167.73,8.00,1.20,159.35,nan,nan,nan,nan,nan,nan,nan,nan,nan
720.47,1544620577,6467.20,51.470115,7.481754,167.96,8.86,0.88,160.67,nan,nan,nan,nan,nan,nan,nan,nan,nan
721.47,1544620578,6476.07,51.470032,7.481807,168.23,9.10,0.24,161.53,nan,nan,nan,nan,nan,nan,nan,nan,nan
722.47,1544620579,6485.18,51.469954,7.481841,168.59,9.40,0.30,162.26,nan,nan,nan,nan,nan,nan,nan,nan,nan
723.47,1544620580,6494.53,51.469876,7.481876,169.06,9.46,0.06,162.85,nan,nan,nan,nan,nan,nan,nan,nan,nan
724.47,1544620581,6503.99,51.469803,7.481903,169.72,9.21,-0.25,163.43,nan,nan,nan,nan,nan,nan,nan,nan,nan
725.47,1544620582,6513.23,51.469722,7.481937,169.98,9.15,-0.07,164.18,nan,nan,nan,nan,nan,nan,nan,nan,nan
726.47,1544620583,6522.41,51.469641,7.481969,170.13,9.73,0.58,165.01,nan,nan,nan,nan,nan,nan,nan,nan,nan
727.47,1544620584,6532.13,51.469562,7.482000,170.16,9.44,-0.29,164.70,nan,nan,nan,nan,nan,nan,nan,nan,nan
728.47,1544620585,6541.58,51.469470,7.482037,170.13,9.35,-0.10,165.32,nan,nan,nan,nan,nan,nan,nan,nan,nan
729.47,1544620586,6550.92,51.469392,7.482072,169.91,6.92,-2.43,165.71,nan,nan,nan,nan,nan,nan,nan,nan,nan
730.47,1544620587,6557.84,51.469320,7.482106,169.63,7.48,0.56,166.20,nan,nan,nan,nan,nan,nan,nan,nan,nan
731.47,1544620588,6565.32,51.469247,7.482139,169.61,8.06,0.58,166.96,nan,nan,nan,nan,nan,nan,nan,nan,nan
732.47,1544620589,6573.38,51.469174,7.482169,169.83,7.76,-0.30,167.92,nan,nan,nan,nan,nan,nan,nan,nan,nan
733.47,1544620590,6581.14,51.469107,7.482189,170.14,7.71,-0.05,168.27,nan,nan,nan,nan,nan,nan,nan,nan,nan
734.47,1544620591,6588.84,51.469034,7.482210,170.51,8.91,1.20,169.10,nan,nan,nan,nan,nan,nan,nan,nan,nan
735.47,1544620592,6597.76,51.468941,7.482239,170.29,10.28,1.37,169.29,nan,nan,nan,nan,nan,nan,nan,nan,nan
736.47,1544620593,6608.03,51.468843,7.482266,170.36,10.94,0.67,168.23,nan,nan,nan,nan,nan,nan,nan,nan,nan
737.47,1544620594,6618.97,51.468737,7.482304,171.06,12.53,1.58,167.08,nan,nan,nan,nan,nan,nan,nan,nan,nan
738.47,1544620595,6631.50,51.468628,7.482352,171.41,12.87,0.35,165.83,nan,nan,nan,nan,nan,nan,nan,nan,nan
739.47,1544620596,6644.37,51.468512,7.482404,171.50,13.01,0.14,164.71,nan,nan,nan,nan,nan,nan,nan,nan,nan
740.48,1544620597,6657.55,51.468398,7.482459,171.24,12.83,-0.18,164.23,nan,nan,nan,nan,nan,nan,nan,nan,nan
741.47,1544620598,6670.22,51.468290,7.482513,170.93,12.56,-0.27,164.76,nan,nan,nan,nan,nan,nan,nan,nan,nan
742.47,1544620599,6682.78,51.468178,7.482565,170.81,12.47,-0.09,165.29,nan,nan,nan,nan,nan,nan,nan,nan,nan
743.47,1544620600,6695.27,51.468067,7.482613,170.74,12.47,-0.01,165.81,nan,nan,nan,nan,nan,nan,nan,nan,nan
744.47,1544620601,6707.73,51.467959,7.482654,170.65,12.72,0.25,166.83,nan,nan,nan,nan,nan,nan,nan,nan,nan
745.47,1544620602,6720.45,51.467846,7.482695,170.68,12.49,-0.23,167.94,nan,nan,nan,nan,nan,nan,nan,nan,nan
746.47,1544620603,6732.94,51.467733,7.482727,170.67,12.66,0.17,168.94,nan,nan,nan,nan,nan,nan,nan,nan,nan
747.47,1544620604,6745.61,51.467621,7.482757,170.50,12.84,0.18,169.89,nan,nan,nan,nan,nan,nan,nan,nan,nan
748.47,1544620605,6758.45,51.467498,7.482781,169.81,13.13,0.29,171.50,nan,nan,nan,nan,nan,nan,nan,nan,nan
749.47,1544620606,6771.56,51.467369,7.482798,168.73,13.51,0.39,173.71,nan,nan,nan,nan,nan,nan,nan,nan,nan
750.47,1544620607,6785.06,51.467253,7.482805,167.94,13.84,0.33,175.11,nan,nan,nan,nan,nan,nan,nan,nan,nan
751.47,1544620608,6798.91,51.467122,7.482809,167.54,14.51,0.66,177.68,nan,nan,nan,nan,nan,nan,nan,nan,nan
752.47,1544620609,6813.42,51.466990,7.482805,167.45,14.48,-0.02,179.85,nan,nan,nan,nan,nan,nan,nan,nan,nan
753.47,1544620610,6827.90,51.466860,7.482794,166.98,14.31,-0.17,181.76,nan,nan,nan,nan,nan,nan,nan,nan,nan
754.47,1544620611,6842.20,51.466725,7.482763,166.15,14.39,0.08,184.83,nan,nan,nan,nan,nan,nan,nan,nan,nan
755.47,1544620612,6856.61,51.466598,7.482718,165.82,15.00,0.61,188.23,nan,nan,nan,nan,nan,nan,nan,nan,nan
756.47,1544620613,6871.61,51.466474,7.482670,165.07,14.08,-0.92,191.27,nan,nan,nan,nan,nan,nan,nan,nan,nan
757.47,1544620614,6885.69,51.466353,7.482573,164.05,13.44,-0.64,206.16,nan,nan,nan,nan,nan,nan,nan,nan,nan
758.47,1544620615,6899.13,51.466232,7.482476,163.05,13.57,0.13,205.45,nan,nan,nan,nan,nan,nan,nan,nan,nan
759.47,1544620616,6912.70,51.466098,7.482378,162.06,14.48,0.91,203.65,nan,nan,nan,nan,nan,nan,nan,nan,nan
760.52,1544620617,6927.94,51.465997,7.482309,161.78,11.06,-3.24,202.14,nan,nan,nan,nan,nan,nan,nan,nan,nan
761.52,1544620618,6938.98,51.465900,7.482240,162.25,11.06,0.00,202.41,1,-100,-7,8,8,33,10,12909339,289
762.52,1544620619,6950.05,51.465900,7.482240,162.25,11.06,0.00,202.41,1,-100,-7,8,8,33,10,12909339,289
763.53,1544620620,6961.19,51.465638,7.482095,162.99,15.70,4.61,200.63,1,-85,-8,5,7,49,10,12909339,289
764.52,1544620621,6976.79,51.465532,7.482016,163.58,12.38,-3.35,205.27,1,-85,-8,5,7,49,10,12909339,289
765.52,1544620622,6989.16,51.465442,7.481940,164.05,10.94,-1.44,205.18,1,-85,-8,5,7,49,10,12909339,289
766.52,1544620623,7000.10,51.465340,7.481844,163.98,11.19,0.25,204.84,1,-89,-8,5,10,44,10,12909339,289
767.52,1544620624,7011.29,51.465228,7.481753,164.39,12.85,1.66,204.27,1,-89,-8,5,10,44,10,12909339,289
768.52,1544620625,7024.13,51.465112,7.481673,164.08,13.69,0.85,203.55,1,-89,-8,13,7,43,10,12909339,289
769.52,1544620626,7037.83,51.464995,7.481608,164.05,13.84,0.14,201.99,1,-89,-8,13,7,43,10,12909339,289
770.52,1544620627,7051.64,51.464881,7.481543,163.80,13.40,-0.44,200.84,1,-93,-11,2,5,44,10,12909339,289
771.52,1544620628,7065.09,51.464768,7.481478,163.90,13.83,0.43,200.07,1,-93,-11,2,5,44,10,12909339,289
772.52,1544620629,7078.92,51.464652,7.481417,164.25,13.73,-0.10,198.94,1,-97,-14,-3,4,43,10,12909339,289
773.52,1544620630,7092.65,51.464540,7.481363,164.40,13.67,-0.06,198.03,1,-97,-14,-3,4,43,10,12909339,289
774.52,1544620631,7106.31,51.464419,7.481308,164.25,13.23,-0.44,197.08,1,-95,-12,-1,8,42,10,12909339,289
775.52,1544620632,7119.54,51.464305,7.481252,164.25,12.68,-0.55,197.03,1,-95,-12,-1,8,42,10,12909339,289
776.52,1544620633,7132.21,51.464191,7.481194,163.84,12.11,-0.57,196.39,1,-94,-13,-1,8,45,10,12909339,289
777.52,1544620634,7144.32,51.464084,7.481142,163.49,11.73,-0.38,196.43,1,-94,-13,-1,8,45,10,12909339,289
778.52,1544620635,7156.06,51.463978,7.481090,163.24,11.93,0.20,195.95,1,-93,-12,-1,6,44,10,12909339,289
779.52,1544620636,7167.98,51.463883,7.481043,163.10,11.01,-0.92,195.38,1,-93,-12,-1,6,44,10,12909339,289
780.52,1544620637,7179.00,51.463785,7.480995,162.84,11.49,0.48,196.05,1,-96,-15,-4,4,45,10,12909339,289
781.52,1544620638,7190.48,51.463692,7.480948,162.83,11.00,-0.50,195.64,1,-96,-15,-4,4,45,10,12909339,289
782.52,1544620639,7201.49,51.463599,7.480903,162.97,10.61,-0.38,195.43,1,-95,-15,-6,5,46,10,12909339,289
783.52,1544620640,7212.09,51.463515,7.480861,163.40,9.62,-0.99,195.51,1,-95,-15,-6,5,46,10,12909339,289
784.53,1544620641,7221.79,51.463438,7.480825,164.39,9.02,-0.59,196.18,1,-89,-13,-2,7,50,7,12909595,143
785.52,1544620642,7230.74,51.463361,7.480790,165.46,8.72,-0.31,197.06,1,-89,-13,-2,7,50,7,12909595,143
786.52,1544620643,7239.47,51.463278,7.480748,166.56,9.81,1.09,196.73,1,-89,-13,-2,7,50,7,12909595,143
787.52,1544620644,7249.26,51.463189,7.480704,167.62,10.70,0.89,196.90,1,-92,-13,-1,5,46,7,12909595,143
788.52,1544620645,7259.96,51.463096,7.480657,168.70,11.47,0.78,197.82,1,-92,-13,-1,5,46,7,12909595,143
789.53,1544620646,7271.47,51.462999,7.480610,169.71,11.63,0.16,197.48,1,-93,-15,-2,6,48,7,12909595,143
790.53,1544620647,7283.10,51.462897,7.480561,170.42,11.82,0.19,196.93,1,-93,-15,-2,6,48,7,12909595,143
791.52,1544620648,7294.90,51.462797,7.480512,171.26,12.20,0.38,196.59,1,-90,-13,0,11,47,7,12909595,143
792.54,1544620649,7307.24,51.462698,7.480467,172.25,11.93,-0.27,195.85,1,-90,-13,0,11,47,7,12909595,143
793.52,1544620650,7319.01,51.462599,7.480420,173.17,11.88,-0.05,195.92,1,-87,-9,4,8,48,7,12909595,143
794.52,1544620651,7330.91,51.462494,7.480373,173.73,12.09,0.21,195.74,1,-87,-9,4,8,48,7,12909595,143
795.52,1544620652,7343.02,51.462402,7.480333,174.48,10.25,-1.84,194.85,1,-90,-12,7,8,47,7,12909595,143
796.52,1544620653,7353.25,51.462327,7.480301,174.96,7.95,-2.30,195.42,1,-90,-12,7,8,47,7,12909595,143
797.52,1544620654,7361.22,51.462265,7.480275,174.80,5.48,-2.47,196.00,1,-93,-12,8,8,44,7,12909595,143
798.53,1544620655,7366.70,51.462225,7.480255,174.76,2.91,-2.57,198.01,1,-93,-12,8,8,44,7,12909595,143
799.52,1544620656,7369.60,51.462194,7.480240,174.70,2.04,-0.87,196.76,1,-91,-12,8,8,47,7,12909595,143
800.52,1544620657,7371.64,51.462187,7.480235,174.67,0.87,-1.17,196.76,1,-91,-12,8,8,47,7,12909595,143
801.52,1544620658,7372.52,51.462183,7.480232,174.63,0.40,-0.48,196.76,1,-92,-8,6,8,43,7,12909595,143
802.53,1544620659,7372.92,51.462183,7.480232,174.63,0.00,-0.40,196.76,1,-92,-8,6,8,43,7,12909595,143
803.52,1544620660,7372.92,51.462183,7.480232,174.63,0.00,0.00,196.76,1,-92,-10,6,5,44,7,12909595,143
804.52,1544620661,7372.92,51.462183,7.480232,174.62,0.00,0.00,193.05,1,-92,-10,6,5,44,7,12909595,143
805.53,1544620662,7372.92,51.462183,7.480232,174.58,0.00,0.00,189.43,1,-91,-8,8,15,42,7,12909595,143
806.52,1544620663,7372.92,51.462099,7.480270,174.39,6.32,0.00,141.12,1,-91,-8,8,15,42,7,12909595,143
807.52,1544620664,7379.24,51.462087,7.480350,174.13,7.31,0.99,108.58,1,-91,-8,8,15,42,7,12909595,143
808.52,1544620665,7386.54,51.462083,7.480450,173.81,8.22,0.91,91.87,1,-92,-8,13,7,41,7,12909595,143
809.52,1544620666,7394.76,51.462082,7.480586,173.71,10.05,1.84,90.23,1,-92,-8,13,7,41,7,12909595,143
810.53,1544620667,7404.87,51.462084,7.480735,173.61,11.59,1.53,91.09,1,-94,-8,8,9,36,7,12909595,143
811.52,1544620668,7416.41,51.462085,7.480908,173.43,11.69,0.10,90.71,1,-94,-8,8,9,36,7,12909595,143
812.52,1544620669,7428.12,51.462085,7.481053,173.63,11.31,-0.38,91.20,1,-96,-9,8,11,37,7,12909595,143
813.52,1544620670,7439.38,51.462083,7.481217,173.74,12.20,0.90,90.43,1,-96,-9,8,11,37,7,12909595,143
814.52,1544620671,7451.62,51.462079,7.481374,173.78,11.78,-0.43,90.97,1,-93,-7,9,15,39,7,12909595,143
815.52,1544620672,7463.40,51.462074,7.481555,173.89,11.37,-0.40,90.43,1,-93,-7,9,15,39,7,12909595,143
816.52,1544620673,7474.77,51.462068,7.481726,174.10,11.52,0.15,90.47,1,-95,-9,7,13,37,7,12909595,143
817.53,1544620674,7486.31,51.462065,7.481909,174.51,11.47,-0.06,91.06,1,-95,-9,7,13,37,7,12909595,143
818.52,1544620675,7497.76,51.462059,7.482086,175.07,10.88,-0.58,91.65,1,-97,-12,6,9,37,7,12909595,143
819.52,1544620676,7508.62,51.462054,7.482242,175.59,9.66,-1.22,90.75,1,-97,-12,6,9,37,7,12909595,143
820.52,1544620677,7518.30,51.462052,7.482362,175.65,8.49,-1.17,90.85,1,-98,-13,-3,8,38,7,12909595,143
821.52,1544620678,7526.79,51.462049,7.482479,175.18,7.89,-0.60,91.11,1,-98,-13,-3,8,38,7,12909595,143
822.52,1544620679,7534.66,51.462045,7.482589,174.56,8.09,0.20,92.04,1,-100,-12,2,7,37,7,12909595,143
823.52,1544620680,7542.77,51.462043,7.482699,174.22,8.79,0.69,91.08,1,-100,-12,2,7,37,7,12909595,143
824.53,1544620681,7551.58,51.462041,7.482830,173.96,9.59,0.80,90.68,1,-100,-11,1,5,35,7,12909595,143
825.52,1544620682,7561.15,51.462038,7.482976,173.99,10.41,0.82,91.19,1,-100,-11,1,5,35,7,12909595,143
826.53,1544620683,7571.65,51.462035,7.483125,174.41,10.08,-0.33,90.96,1,-95,-8,-1,6,39,14,12909339,289
827.52,1544620684,7581.65,51.462032,7.483259,174.99,9.43,-0.66,91.33,1,-95,-8,-1,6,39,14,12909339,289
828.52,1544620685,7591.06,51.462030,7.483394,175.36,8.98,-0.46,91.51,1,-95,-8,-1,6,39,14,12909339,289
829.52,1544620686,7600.06,51.462027,7.483526,175.32,9.16,0.18,91.89,1,-98,-13,1,5,39,14,12909339,289
830.53,1544620687,7609.25,51.462024,7.483655,175.09,9.16,0.00,91.65,1,-98,-13,1,5,39,14,12909339,289
831.52,1544620688,7618.37,51.462032,7.483789,174.69,9.14,-0.02,88.23,1,-94,-7,-1,6,36,5,12909593,141
832.52,1544620689,7627.52,51.462082,7.483922,175.28,10.59,1.45,57.06,1,-94,-7,-1,6,36,5,12909593,141
833.52,1544620690,7638.10,51.462093,7.484042,174.30,8.54,-2.06,78.64,1,-89,-11,9,8,48,5,12909593,141
834.52,1544620691,7646.65,51.462036,7.484146,174.07,8.03,-0.51,129.70,1,-89,-11,9,8,48,5,12909593,141
835.52,1544620692,7654.69,51.461975,7.484208,174.14,7.49,-0.54,143.64,1,-85,-6,14,10,48,5,12909593,141
836.52,1544620693,7662.17,51.461907,7.484267,174.28,7.33,-0.16,146.58,1,-85,-6,14,10,48,5,12909593,141
837.52,1544620694,7669.50,51.461836,7.484313,174.91,7.51,0.18,149.79,1,-82,-7,23,7,51,5,12909593,141
838.52,1544620695,7677.01,51.461746,7.484333,175.87,8.83,1.32,169.74,1,-82,-7,23,7,51,5,12909593,141
839.52,1544620696,7685.84,51.461656,7.484353,176.90,8.95,0.12,170.65,1,-81,-7,12,11,51,5,12909593,141
840.52,1544620697,7694.79,51.461562,7.484372,177.88,10.13,1.18,171.14,1,-81,-7,12,11,51,5,12909593,141
841.52,1544620698,7704.89,51.461454,7.484397,178.78,11.71,1.59,170.47,1,-77,-7,10,7,55,5,12909593,141
842.52,1544620699,7716.64,51.461347,7.484427,179.80,11.53,-0.18,170.42,1,-77,-7,10,7,55,5,12909593,141
843.52,1544620700,7728.14,51.461240,7.484457,180.77,11.53,-0.00,170.31,1,-71,-8,10,14,63,5,12909593,141
844.52,1544620701,7739.67,51.461127,7.484490,181.55,11.82,0.28,171.51,1,-71,-8,10,14,63,5,12909593,141
845.52,1544620702,7751.52,51.461022,7.484515,182.32,11.28,-0.54,172.87,1,-79,-7,8,11,54,5,12909593,141
846.52,1544620703,7762.79,51.460919,7.484532,183.12,11.37,0.09,174.39,1,-79,-7,8,11,54,5,12909593,141
847.53,1544620704,7774.24,51.460813,7.484545,183.89,11.70,0.33,176.09,1,-77,-6,7,10,54,5,12909593,141
848.52,1544620705,7785.87,51.460700,7.484553,184.72,12.23,0.54,177.95,1,-77,-6,7,10,54,5,12909593,141
849.52,1544620706,7798.10,51.460587,7.484560,185.68,13.05,0.82,178.42,1,-77,-6,7,10,54,5,12909593,141
850.52,1544620707,7811.12,51.460472,7.484556,186.28,12.59,-0.46,180.05,1,-77,-7,10,9,54,5,12909593,141
851.52,1544620708,7823.75,51.460354,7.484551,186.56,12.19,-0.40,181.74,1,-77,-7,10,9,54,5,12909593,141
852.52,1544620709,7835.90,51.460235,7.484538,186.99,12.78,0.60,182.78,1,-77,-7,13,9,56,5,12909593,141
853.52,1544620710,7848.72,51.460122,7.484523,187.27,12.51,-0.27,184.08,1,-77,-7,13,9,56,5,12909593,141
854.52,1544620711,7861.24,51.460014,7.484506,187.70,11.88,-0.64,186.21,1,-77,-6,13,9,55,5,12909593,141
855.52,1544620712,7873.11,51.459901,7.484477,188.87,12.20,0.33,187.33,1,-77,-6,13,9,55,5,12909593,141
856.52,1544620713,7885.32,51.459788,7.484448,190.47,12.59,0.39,188.19,1,-80,-8,12,8,54,5,12909593,141
857.52,1544620714,7897.91,51.459671,7.484415,191.58,13.37,0.77,188.74,1,-80,-8,12,8,54,5,12909593,141
858.52,1544620715,7911.29,51.459543,7.484380,192.86,13.87,0.50,189.12,1,-80,-11,1,10,56,5,12909593,141
859.52,1544620716,7925.16,51.459423,7.484349,194.12,13.46,-0.41,189.01,1,-80,-11,1,10,56,5,12909593,141
860.53,1544620717,7938.70,51.459306,7.484311,195.17,13.44,-0.02,189.75,1,-71,-11,5,11,63,5,12909593,141
861.52,1544620718,7952.04,51.459193,7.484272,196.04,13.35,-0.09,190.15,1,-71,-11,5,11,63,5,12909593,141
862.52,1544620719,7965.39,51.459076,7.484235,196.76,13.58,0.23,190.57,1,-73,-14,4,12,63,5,12909593,141
863.52,1544620720,7979.00,51.458954,7.484187,197.53,14.10,0.52,191.45,1,-73,-14,4,12,63,5,12909593,141
864.52,1544620721,7993.06,51.458831,7.484138,198.02,14.12,0.03,192.16,1,-71,-6,22,11,61,4,12909595,143
865.52,1544620722,8007.17,51.458710,7.484094,198.34,14.03,-0.09,191.62,1,-71,-6,22,11,61,4,12909595,143
866.52,1544620723,8021.22,51.458582,7.484048,198.58,14.36,0.33,192.50,1,-72,-9,10,12,61,4,12909595,143
867.52,1544620724,8035.58,51.458448,7.484000,198.44,14.47,0.10,192.92,1,-72,-9,10,12,61,4,12909595,143
868.53,1544620725,8050.16,51.458322,7.483954,197.91,14.18,-0.29,192.34,1,-75,-9,8,11,60,4,12909595,143
869.52,1544620726,8064.22,51.458200,7.483910,197.82,14.24,0.06,192.59,1,-75,-9,8,11,60,4,12909595,143
870.52,1544620727,8078.46,51.458077,7.483866,197.97,14.11,-0.12,193.15,1,-75,-9,8,11,60,4,12909595,143
871.52,1544620728,8092.58,51.457950,7.483816,198.62,14.65,0.53,193.54,1,-78,-11,11,10,59,4,12909595,143
872.52,1544620729,8107.24,51.457812,7.483766,199.15,15.61,0.96,192.70,1,-78,-11,11,10,59,4,12909595,143
873.52,1544620730,8122.86,51.457678,7.483723,200.07,14.97,-0.64,191.88,1,-80,-12,10,7,57,4,12909595,143
874.53,1544620731,8137.85,51.457545,7.483679,200.77,15.21,0.24,191.38,1,-80,-12,10,7,57,4,12909595,143
875.52,1544620732,8153.03,51.457411,7.483637,201.53,15.27,0.06,190.94,1,-81,-13,4,6,56,4,12909595,143
876.52,1544620733,8168.32,51.457280,7.483596,202.53,14.49,-0.78,191.47,1,-81,-13,4,6,56,4,12909595,143
877.53,1544620734,8182.82,51.457143,7.483553,203.41,15.10,0.61,191.04,1,-84,-15,-1,7,54,20,12909339,143
878.52,1544620735,8197.91,51.457004,7.483513,204.19,15.18,0.08,190.29,1,-84,-15,-1,7,54,20,12909339,143
879.52,1544620736,8213.08,51.456871,7.483475,205.19,14.86,-0.33,190.43,1,-82,-11,0,6,53,20,12909339,289
880.52,1544620737,8227.88,51.456739,7.483431,206.14,14.80,-0.06,191.39,1,-82,-11,0,6,53,20,12909339,289
881.52,1544620738,8242.70,51.456601,7.483392,206.84,15.72,0.92,190.28,1,-84,-8,4,9,47,20,12909339,289
882.52,1544620739,8258.46,51.456457,7.483358,207.38,16.10,0.38,188.88,1,-84,-8,4,9,47,20,12909339,289
883.52,1544620740,8274.56,51.456311,7.483328,208.21,16.16,0.07,187.94,1,-88,-10,3,7,46,20,12909339,289
884.52,1544620741,8290.72,51.456165,7.483301,208.95,16.03,-0.13,187.14,1,-88,-10,3,7,46,20,12909339,289
885.52,1544620742,8306.73,51.456023,7.483279,209.83,15.81,-0.22,186.02,1,-88,-7,6,4,45,4,12909594,142
886.52,1544620743,8322.53,51.455885,7.483268,210.83,15.57,-0.24,184.50,1,-88,-7,6,4,45,4,12909594,142
887.52,1544620744,8338.10,51.455755,7.483264,211.81,15.39,-0.18,182.75,1,-90,-7,12,9,42,4,12909594,142
888.52,1544620745,8353.50,51.455626,7.483264,212.86,14.81,-0.58,181.04,1,-90,-7,12,9,42,4,12909594,142
889.52,1544620746,8368.30,51.455497,7.483277,213.91,14.06,-0.75,178.93,1,-86,-6,9,11,45,4,12909594,142
890.52,1544620747,8382.31,51.455371,7.483299,214.82,13.42,-0.65,176.95,1,-86,-6,9,11,45,4,12909594,142
891.53,1544620748,8395.82,51.455254,7.483321,215.61,12.72,-0.69,175.12,1,-86,-6,13,11,45,4,12909594,142
892.52,1544620749,8408.49,51.455142,7.483352,216.30,11.57,-1.16,173.65,1,-86,-6,13,11,45,4,12909594,142
893.52,1544620750,8420.03,51.455032,7.483388,216.90,12.01,0.45,171.50,1,-86,-6,13,11,45,4,12909594,142
894.52,1544620751,8432.04,51.454918,7.483434,217.38,13.01,1.00,169.28,1,-78,-11,16,12,60,4,12909594,142
895.52,1544620752,8445.07,51.454795,7.483493,217.77,13.76,0.75,167.13,1,-78,-11,16,12,60,4,12909594,142
896.52,1544620753,8458.84,51.454674,7.483555,218.42,14.62,0.86,165.14,1,-83,-6,16,13,46,4,12909594,142
897.52,1544620754,8473.47,51.454545,7.483633,219.30,15.24,0.62,162.59,1,-83,-6,16,13,46,4,12909594,142
898.52,1544620755,8488.70,51.454408,7.483732,220.22,16.36,1.12,159.89,1,-88,-7,12,9,44,4,12909594,142
899.52,1544620756,8505.08,51.454268,7.483839,221.24,17.53,1.16,157.37,1,-88,-7,12,9,44,4,12909594,142
900.52,1544620757,8522.61,51.454139,7.483951,222.29,16.64,-0.88,153.98,1,-84,-5,13,12,47,4,12909594,142
901.52,1544620758,8539.25,51.454018,7.484078,223.05,16.42,-0.22,150.10,1,-84,-5,13,12,47,4,12909594,142
902.52,1544620759,8555.65,51.453897,7.484222,223.56,16.18,-0.24,147.22,1,-84,-6,15,13,48,4,12909594,142
903.52,1544620760,8571.85,51.453776,7.484376,224.12,16.31,0.13,144.41,1,-84,-6,15,13,48,4,12909594,142
904.52,1544620761,8588.14,51.453662,7.484542,224.63,15.79,-0.52,141.69,1,-89,-7,11,9,41,4,12909594,142
905.52,1544620762,8603.92,51.453557,7.484707,225.19,16.19,0.40,139.91,1,-89,-7,11,9,41,4,12909594,142
906.52,1544620763,8620.12,51.453443,7.484890,225.44,17.26,1.07,138.07,1,-93,-8,9,10,40,4,12909594,142
907.52,1544620764,8637.38,51.453339,7.485070,225.46,16.63,-0.63,136.26,1,-93,-8,9,10,40,4,12909594,142
908.52,1544620765,8654.02,51.453240,7.485246,226.12,16.05,-0.58,135.05,1,-99,-9,0,8,35,4,12909594,142
909.52,1544620766,8670.07,51.453143,7.485421,226.42,16.06,0.01,134.34,1,-99,-9,0,8,35,4,12909594,142
910.52,1544620767,8686.08,51.453050,7.485599,226.69,15.97,-0.08,133.51,1,-101,-10,0,8,34,4,12909594,142
911.52,1544620768,8702.12,51.452956,7.485782,227.10,16.84,0.86,133.98,1,-101,-10,0,8,34,4,12909594,142
912.53,1544620769,8719.05,51.452861,7.485964,227.66,17.53,0.69,134.34,1,-97,-8,5,11,37,4,12909594,142
913.52,1544620770,8736.44,51.452758,7.486144,228.40,17.88,0.35,134.86,1,-97,-8,5,11,37,4,12909594,142
914.52,1544620771,8754.34,51.452647,7.486319,229.74,17.82,-0.05,137.31,1,-97,-8,5,11,37,4,12909594,142
915.52,1544620772,8772.16,51.452541,7.486477,231.05,16.22,-1.60,138.99,1,-98,-7,1,10,33,4,12909594,142
916.52,1544620773,8788.38,51.452438,7.486629,231.95,15.38,-0.84,139.92,1,-98,-7,1,10,33,4,12909594,142
917.52,1544620774,8803.76,51.452334,7.486765,232.85,14.91,-0.47,142.51,1,-104,-10,-1,7,32,4,12909594,142
918.52,1544620775,8818.67,51.452221,7.486898,233.40,14.99,0.08,144.91,1,-104,-10,-1,7,32,4,12909594,142
919.52,1544620776,8833.69,51.452113,7.487013,234.24,14.93,-0.05,147.00,1,-107,-12,0,7,30,4,12909594,142
920.53,1544620777,8848.64,51.451998,7.487125,234.81,14.84,-0.10,148.88,1,-107,-12,0,7,30,4,12909594,142
921.52,1544620778,8863.46,51.451880,7.487232,234.94,14.98,0.14,150.87,1,-107,-12,-3,5,30,4,12909594,142
922.52,1544620779,8878.44,51.451759,7.487327,235.17,14.47,-0.51,153.41,1,-107,-12,-3,5,30,4,12909594,142
923.52,1544620780,8892.91,51.451649,7.487402,235.35,14.25,-0.23,155.61,1,-105,-13,-3,5,34,4,12909594,142
924.53,1544620781,8907.17,51.451532,7.487472,235.63,13.49,-0.76,157.27,1,-105,-13,-3,5,34,4,12909594,142
925.52,1544620782,8920.63,51.451406,7.487540,236.29,13.57,0.08,158.40,1,-109,-15,-5,5,31,4,12909594,142
926.52,1544620783,8934.21,51.451288,7.487601,237.01,13.47,-0.10,157.87,1,-109,-15,-5,5,31,4,12909594,142
927.53,1544620784,8947.70,51.451169,7.487668,237.89,13.99,0.52,158.76,1,-111,-18,-7,4,32,4,12909594,142
928.52,1544620785,8961.68,51.451050,7.487740,238.84,13.27,-0.72,159.20,1,-111,-18,-7,4,32,4,12909594,142
