time_s,timestamp_ms,distance_m,latitude,longitude,altitude,velocity_mps,acceleration_mpss,direction,isRegistered,rsrp_dbm,rsrq_db,rssnr_db,cqi,ss,ta,ci,pci
0.08,1544619854,0.00,51.490363,7.412509,158.39,8.91,0.00,78.40,1,-92,-7,16,11,44,7,26385408,95
1.08,1544619855,8.95,51.490389,7.412658,158.77,10.66,1.75,78.90,1,-92,-7,16,11,44,7,26385408,95
2.10,1544619856,19.73,51.490421,7.412831,159.20,11.81,1.14,78.09,1,-90,-6,13,11,47,7,26385408,95
3.09,1544619857,31.43,51.490442,7.412990,159.34,12.03,0.22,78.51,1,-90,-6,13,11,47,7,26385408,95
4.12,1544619858,43.84,51.490471,7.413173,159.66,12.72,0.67,78.99,1,-91,-7,16,11,47,7,26385408,95
5.08,1544619859,56.09,51.490493,7.413347,159.96,12.91,0.19,78.90,1,-91,-7,16,11,47,7,26385408,95
6.08,1544619860,69.04,51.490514,7.413532,160.24,13.01,0.11,79.24,1,-91,-7,16,11,47,7,26385408,95
7.08,1544619861,82.05,51.490535,7.413726,160.30,13.01,-0.01,79.59,1,-90,-6,15,11,46,7,26385408,95
8.08,1544619862,95.02,51.490553,7.413901,160.38,12.92,-0.08,79.27,1,-90,-6,15,11,46,7,26385408,95
9.09,1544619863,108.00,51.490576,7.414099,160.38,13.08,0.15,78.82,1,-88,-7,1,13,49,7,26385408,95
10.08,1544619864,121.07,51.490599,7.414295,160.00,13.44,0.36,78.15,1,-88,-7,1,13,49,7,26385408,95
11.09,1544619865,134.53,51.490620,7.414473,159.82,13.40,-0.03,78.41,1,-86,-7,13,11,48,7,26385408,95
12.08,1544619866,147.88,51.490641,7.414656,159.72,13.30,-0.11,79.12,1,-86,-7,13,11,48,7,26385408,95
13.08,1544619867,161.18,51.490662,7.414846,159.75,13.08,-0.22,79.09,1,-85,-7,10,9,49,7,26385408,95
14.08,1544619868,174.28,51.490680,7.415014,159.83,12.97,-0.11,79.92,1,-85,-7,10,9,49,7,26385408,95
15.08,1544619869,187.26,51.490692,7.415187,159.76,12.65,-0.31,81.08,1,-89,-11,-2,12,54,7,26385408,95
16.08,1544619870,199.91,51.490706,7.415371,159.61,12.48,-0.18,82.14,1,-89,-11,-2,12,54,7,26385408,95
17.08,1544619871,212.39,51.490721,7.415567,159.25,12.35,-0.12,83.30,1,-82,-6,-6,6,54,4,29391105,167
18.09,1544619872,224.75,51.490730,7.415746,158.69,12.22,-0.14,84.74,1,-82,-6,-6,6,54,4,29391105,167
19.08,1544619873,236.96,51.490732,7.415926,157.86,12.28,0.07,87.02,1,-84,-6,18,14,53,4,29391105,167
20.08,1544619874,249.23,51.490727,7.416100,156.93,12.13,-0.15,90.13,1,-84,-6,18,14,53,4,29391105,167
21.08,1544619875,261.36,51.490709,7.416257,155.70,12.01,-0.13,92.71,1,-82,-6,21,13,55,4,29391105,167
22.08,1544619876,273.36,51.490688,7.416418,154.49,10.80,-1.21,96.01,1,-82,-6,21,13,55,4,29391105,167
23.09,1544619877,284.19,51.490664,7.416546,153.85,9.48,-1.31,98.65,1,-81,-6,22,15,55,4,29391105,167
24.09,1544619878,293.66,51.490644,7.416692,153.39,8.09,-1.38,100.98,1,-81,-6,22,15,55,4,29391105,167
25.09,1544619879,301.81,51.490628,7.416795,153.47,6.62,-1.46,101.58,1,-83,-5,24,14,53,4,29391105,167
26.08,1544619880,308.39,51.490614,7.416859,153.92,5.00,-1.64,103.31,1,-83,-5,24,14,53,4,29391105,167
27.08,1544619881,313.38,51.490602,7.416916,153.97,2.80,-2.19,104.13,1,-83,-5,24,14,53,4,29391105,167
28.08,1544619882,316.19,51.490594,7.416945,154.03,1.24,-1.57,103.50,1,-78,-5,40,15,60,4,29391105,167
29.08,1544619883,317.42,51.490594,7.416945,154.03,0.00,-1.24,103.50,1,-78,-5,40,15,60,4,29391105,167
30.09,1544619884,317.42,51.490594,7.416945,154.03,0.00,0.00,103.50,1,-75,-6,24,15,63,4,29391105,167
31.09,1544619885,317.42,51.490594,7.416945,154.03,0.00,0.00,103.50,1,-75,-6,24,15,63,4,29391105,167
32.08,1544619886,317.42,51.490594,7.416945,154.02,0.00,0.00,103.50,1,-76,-7,25,15,63,4,29391105,167
33.08,1544619887,317.42,51.490594,7.416945,154.01,0.00,0.00,103.50,1,-76,-7,25,15,63,4,29391105,167
34.08,1544619888,317.42,51.490594,7.416945,154.00,0.00,0.00,103.50,1,-77,-7,27,14,63,4,29391105,167
35.08,1544619889,317.42,51.490594,7.416945,153.99,0.00,0.00,103.50,1,-77,-7,27,14,63,4,29391105,167
36.08,1544619890,317.42,51.490594,7.416945,153.99,0.00,0.00,103.50,1,-80,-7,14,15,60,4,29391105,167
37.08,1544619891,317.42,51.490594,7.416945,153.98,0.00,0.00,103.50,1,-80,-7,14,15,60,4,29391105,167
38.08,1544619892,317.42,51.490594,7.416945,153.97,0.00,0.00,103.50,1,-76,-6,31,14,62,4,29391105,167
39.08,1544619893,317.42,51.490594,7.416945,153.97,0.00,0.00,103.50,1,-76,-6,31,14,62,4,29391105,167
40.08,1544619894,317.42,51.490594,7.416945,153.96,0.00,0.00,103.50,1,-76,-6,27,14,63,4,29391105,167
41.08,1544619895,317.42,51.490594,7.416945,153.96,0.00,0.00,103.50,1,-76,-6,27,14,63,4,29391105,167
42.08,1544619896,317.42,51.490594,7.416945,153.96,0.00,0.00,103.50,1,-76,-6,25,14,63,4,29391105,167
43.08,1544619897,317.42,51.490594,7.416945,153.96,0.00,0.00,103.50,1,-76,-6,25,14,63,4,29391105,167
44.08,1544619898,317.42,51.490594,7.416945,153.96,0.00,0.00,103.50,1,-77,-6,28,15,61,4,29391105,167
45.08,1544619899,317.42,51.490594,7.416945,153.97,0.00,0.00,103.50,1,-77,-6,28,15,61,4,29391105,167
46.09,1544619900,317.42,51.490594,7.416945,153.97,0.00,0.00,103.50,1,-79,-8,23,14,61,4,29391105,167
47.08,1544619901,317.42,51.490594,7.416945,153.97,0.00,0.00,103.50,1,-79,-8,23,14,61,4,29391105,167
48.08,1544619902,317.42,51.490594,7.416945,153.97,0.00,0.00,103.50,1,-79,-8,23,14,61,4,29391105,167
49.08,1544619903,317.42,51.490594,7.416945,153.97,0.00,0.00,103.50,1,-79,-6,14,15,59,4,29391105,167
50.08,1544619904,317.42,51.490594,7.416945,153.97,0.00,0.00,103.50,1,-79,-6,14,15,59,4,29391105,167
51.08,1544619905,317.42,51.490594,7.416945,153.97,0.00,0.00,103.50,1,-76,-5,27,15,62,4,29391105,167
52.08,1544619906,317.42,51.490594,7.416945,153.99,0.00,0.00,95.15,1,-76,-5,27,15,62,4,29391105,167
53.08,1544619907,317.42,51.490594,7.416945,154.04,0.00,0.00,94.77,1,-78,-6,39,15,59,4,29391105,167
54.08,1544619908,317.42,51.490572,7.417088,154.87,5.90,0.00,107.94,1,-78,-6,39,15,59,4,29391105,167
55.08,1544619909,323.31,51.490513,7.417177,155.17,7.15,1.26,141.36,1,-82,-5,27,13,53,4,29391105,167
56.08,1544619910,330.47,51.490424,7.417239,155.38,8.64,1.49,162.76,1,-82,-5,27,13,53,4,29391105,167
57.08,1544619911,339.11,51.490334,7.417280,155.55,9.98,1.34,164.24,1,-72,-6,39,15,63,4,29391105,167
58.08,1544619912,349.09,51.490236,7.417323,155.76,10.63,0.64,165.60,1,-72,-6,39,15,63,4,29391105,167
59.08,1544619913,359.71,51.490118,7.417368,155.71,12.76,2.14,166.48,1,-83,-6,34,12,54,4,29391105,167
60.08,1544619914,372.48,51.489987,7.417416,155.45,13.83,1.06,165.78,1,-83,-6,34,12,54,4,29391105,167
61.08,1544619915,386.28,51.489866,7.417456,155.15,14.21,0.38,164.80,1,-77,-5,23,15,60,4,29391105,167
62.08,1544619916,400.45,51.489745,7.417504,154.93,14.41,0.21,165.07,1,-77,-5,23,15,60,4,29391105,167
63.08,1544619917,414.92,51.489612,7.417554,154.77,14.55,0.14,166.07,1,-84,-8,22,12,56,4,29391105,167
64.08,1544619918,429.48,51.489481,7.417604,154.67,14.46,-0.09,166.86,1,-84,-8,22,12,56,4,29391105,167
65.08,1544619919,443.94,51.489357,7.417652,154.91,14.39,-0.08,167.52,1,-84,-5,13,12,53,4,29391105,167
66.08,1544619920,458.33,51.489216,7.417693,154.88,14.69,0.31,168.25,1,-84,-5,13,12,53,4,29391105,167
67.09,1544619921,473.14,51.489074,7.417732,154.40,15.08,0.38,169.73,1,-92,-6,11,12,45,4,29391105,167
68.08,1544619922,488.08,51.488942,7.417758,153.80,15.04,-0.04,171.60,1,-92,-6,11,12,45,4,29391105,167
69.08,1544619923,503.12,51.488810,7.417775,153.16,15.16,0.13,173.54,1,-92,-6,11,12,45,4,29391105,167
70.08,1544619924,518.25,51.488677,7.417781,152.49,15.31,0.15,175.96,1,-88,-7,26,9,49,4,29391105,167
71.08,1544619925,533.57,51.488538,7.417777,151.85,15.42,0.11,178.15,1,-88,-7,26,9,49,4,29391105,167
72.08,1544619926,548.98,51.488405,7.417771,150.58,15.54,0.12,179.85,1,-90,-7,12,9,50,4,29391105,167
73.08,1544619927,564.53,51.488268,7.417759,150.04,15.58,0.04,181.03,1,-90,-7,12,9,50,4,29391105,167
74.09,1544619928,580.17,51.488121,7.417749,149.71,15.63,0.05,181.41,1,-91,-7,11,7,48,4,29391105,167
75.08,1544619929,595.79,51.487988,7.417735,149.80,16.04,0.41,180.84,1,-91,-7,11,7,48,4,29391105,167
76.09,1544619930,611.87,51.487845,7.417736,149.68,16.09,0.05,179.16,1,-96,-9,16,10,45,4,29391105,167
77.09,1544619931,627.96,51.487702,7.417748,149.47,15.56,-0.52,176.62,1,-96,-9,16,10,45,4,29391105,167
78.09,1544619932,643.51,51.487558,7.417775,148.61,15.19,-0.37,172.94,1,-98,-9,0,7,41,4,29391105,167
79.09,1544619933,658.69,51.487437,7.417856,147.98,15.06,-0.13,157.25,1,-98,-9,0,7,41,4,29391105,167
80.08,1544619934,673.72,51.487318,7.417945,146.92,15.06,-0.00,154.49,1,-95,-6,0,6,42,10,28365056,222
81.08,1544619935,688.79,51.487213,7.418077,145.98,14.93,-0.12,141.42,1,-95,-6,0,6,42,10,28365056,222
82.08,1544619936,703.71,51.487111,7.418220,144.82,14.81,-0.12,138.93,1,-96,-8,5,11,42,10,28365056,222
83.08,1544619937,718.51,51.487020,7.418350,144.03,14.59,-0.22,137.54,1,-96,-8,5,11,42,10,28365056,222
84.08,1544619938,733.12,51.486925,7.418485,143.47,13.88,-0.71,139.01,1,-100,-9,9,8,39,10,28365056,222
85.08,1544619939,747.00,51.486817,7.418591,142.71,13.44,-0.44,151.52,1,-100,-9,9,8,39,10,28365056,222
86.08,1544619940,760.44,51.486717,7.418674,142.09,12.76,-0.67,154.63,1,-105,-8,8,11,35,10,28365056,222
87.09,1544619941,773.21,51.486605,7.418710,141.12,12.19,-0.57,170.75,1,-105,-8,8,11,35,10,28365056,222
88.09,1544619942,785.50,51.486509,7.418729,140.20,11.62,-0.57,173.22,1,-99,-7,14,15,40,10,28365056,222
89.09,1544619943,797.03,51.486407,7.418737,139.18,11.33,-0.29,177.06,1,-99,-7,14,15,40,10,28365056,222
90.09,1544619944,808.36,51.486308,7.418708,138.33,10.17,-1.16,193.35,1,-99,-7,14,15,40,10,28365056,222
91.08,1544619945,818.53,51.486218,7.418676,137.82,9.92,-0.25,194.29,1,-98,-6,10,8,40,10,28365056,222
92.09,1544619946,828.46,51.486126,7.418637,137.69,9.79,-0.13,194.91,1,-98,-6,10,8,40,10,28365056,222
93.08,1544619947,838.24,51.486048,7.418603,137.94,9.53,-0.26,194.20,1,-96,-7,11,15,41,10,28365056,222
94.08,1544619948,847.77,51.485959,7.418572,138.13,9.76,0.23,192.21,1,-96,-7,11,15,41,10,28365056,222
95.08,1544619949,857.52,51.485873,7.418552,138.34,9.60,-0.16,189.36,1,-95,-9,13,13,45,10,28365056,222
96.08,1544619950,867.12,51.485790,7.418540,138.61,9.53,-0.07,186.25,1,-95,-9,13,13,45,10,28365056,222
97.08,1544619951,876.64,51.485700,7.418543,139.00,9.30,-0.23,182.21,1,-98,-8,10,12,41,10,28365056,222
98.08,1544619952,885.94,51.485616,7.418578,139.76,10.05,0.75,167.15,1,-98,-8,10,12,41,10,28365056,222
99.08,1544619953,896.00,51.485542,7.418614,140.67,10.17,0.13,165.35,1,-95,-6,10,9,41,10,28365056,222
100.08,1544619954,906.16,51.485460,7.418664,141.86,10.53,0.35,162.67,1,-95,-6,10,9,41,10,28365056,222
101.09,1544619955,916.72,51.485378,7.418719,143.44,10.48,-0.05,160.56,1,-101,-9,8,6,40,10,28365056,222
102.09,1544619956,927.19,51.485283,7.418790,144.70,10.61,0.13,158.40,1,-101,-9,8,6,40,10,28365056,222
103.08,1544619957,937.79,51.485183,7.418863,145.81,11.40,0.79,157.45,1,-97,-8,1,6,41,12,29391105,167
104.08,1544619958,949.18,51.485087,7.418926,146.50,11.74,0.34,159.48,1,-97,-8,1,6,41,12,29391105,167
105.09,1544619959,960.93,51.484985,7.418954,146.74,11.43,-0.30,172.50,1,-97,-8,3,12,38,12,29391105,167
106.09,1544619960,972.36,51.484880,7.418978,146.49,11.52,0.09,174.45,1,-97,-8,3,12,38,12,29391105,167
107.09,1544619961,983.88,51.484776,7.418983,146.14,11.91,0.39,176.73,1,-100,-10,1,6,37,8,28365056,222
108.08,1544619962,995.75,51.484669,7.418981,145.82,12.15,0.24,180.56,1,-100,-10,1,6,37,8,28365056,222
109.10,1544619963,1008.07,51.484554,7.418938,145.69,12.65,0.49,194.24,1,-102,-10,3,7,38,8,28365056,222
110.09,1544619964,1020.62,51.484441,7.418883,145.98,13.01,0.36,196.02,1,-102,-10,3,7,38,8,28365056,222
111.09,1544619965,1033.64,51.484321,7.418811,146.32,13.35,0.34,199.92,1,-102,-10,3,7,38,8,28365056,222
112.08,1544619966,1046.92,51.484210,7.418729,146.11,13.67,0.32,203.68,1,-105,-9,3,6,35,8,28365056,222
113.09,1544619967,1060.65,51.484099,7.418630,145.84,14.03,0.36,206.30,1,-105,-9,3,6,35,8,28365056,222
114.08,1544619968,1074.63,51.483995,7.418526,145.67,14.00,-0.03,208.49,1,-99,-7,7,9,39,8,28365056,222
115.08,1544619969,1088.62,51.483893,7.418418,145.62,14.27,0.26,210.21,1,-99,-7,7,9,39,8,28365056,222
116.09,1544619970,1102.92,51.483781,7.418294,145.46,14.38,0.12,211.53,1,-100,-10,9,6,39,8,28365056,222
117.09,1544619971,1117.30,51.483682,7.418186,144.84,14.15,-0.23,212.36,1,-100,-10,9,6,39,8,28365056,222
118.09,1544619972,1131.48,51.483579,7.418071,144.22,14.10,-0.06,212.86,1,-106,-9,5,7,34,8,28365056,222
119.09,1544619973,1145.55,51.483474,7.417952,144.09,14.16,0.06,213.43,1,-106,-9,5,7,34,8,28365056,222
120.09,1544619974,1159.71,51.483371,7.417837,143.62,14.17,0.01,212.51,1,-104,-7,10,14,34,8,28365056,222
121.09,1544619975,1173.90,51.483271,7.417727,143.02,14.05,-0.12,211.96,1,-104,-7,10,14,34,8,28365056,222
122.09,1544619976,1187.98,51.483161,7.417618,142.78,14.05,-0.01,210.69,1,-102,-10,8,7,40,8,28365056,222
123.09,1544619977,1202.03,51.483055,7.417525,142.74,14.00,-0.04,209.09,1,-102,-10,8,7,40,8,28365056,222
124.09,1544619978,1216.02,51.482943,7.417433,143.01,14.01,0.01,207.04,1,-104,-10,5,8,32,8,28365056,222
125.09,1544619979,1230.03,51.482827,7.417350,143.54,14.13,0.12,205.43,1,-104,-10,5,8,32,8,28365056,222
126.09,1544619980,1244.18,51.482714,7.417273,144.33,13.75,-0.38,203.99,1,-106,-11,4,5,32,8,28365056,222
127.09,1544619981,1257.93,51.482598,7.417202,144.58,13.34,-0.41,202.81,1,-106,-11,4,5,32,8,28365056,222
128.09,1544619982,1271.28,51.482496,7.417138,145.04,12.31,-1.03,201.96,1,-103,-11,3,9,34,8,28365056,222
129.09,1544619983,1283.60,51.482386,7.417072,145.47,11.74,-0.57,201.22,1,-103,-11,3,9,34,8,28365056,222
130.09,1544619984,1295.38,51.482295,7.417016,145.96,11.16,-0.58,200.26,1,-103,-10,8,14,36,8,28365056,222
131.10,1544619985,1306.57,51.482205,7.416970,146.61,10.35,-0.81,199.25,1,-103,-10,8,14,36,8,28365056,222
132.09,1544619986,1316.84,51.482120,7.416928,147.35,9.09,-1.28,198.53,1,-103,-10,8,14,36,8,28365056,222
133.08,1544619987,1325.90,51.482041,7.416893,147.55,7.97,-1.12,199.04,1,-87,-9,8,12,52,8,28365056,222
134.09,1544619988,1333.88,51.481979,7.416863,147.62,7.23,-0.74,199.43,1,-87,-9,8,12,52,8,28365056,222
135.08,1544619989,1341.10,51.481925,7.416833,147.70,5.78,-1.46,199.91,1,-84,-9,9,15,57,8,28365056,222
136.08,1544619990,1346.88,51.481884,7.416812,147.68,4.45,-1.33,200.78,1,-84,-9,9,15,57,8,28365056,222
137.08,1544619991,1351.32,51.481848,7.416792,147.68,3.50,-0.94,201.25,1,-91,-10,9,7,49,8,28365056,222
138.09,1544619992,1354.84,51.481825,7.416781,147.68,2.86,-0.64,201.78,1,-91,-10,9,7,49,8,28365056,222
139.09,1544619993,1357.69,51.481806,7.416769,147.70,1.96,-0.90,202.49,1,-94,-9,13,15,45,8,28365056,222
140.09,1544619994,1359.66,51.481802,7.416765,147.75,0.76,-1.20,202.49,1,-94,-9,13,15,45,8,28365056,222
141.09,1544619995,1360.42,51.481802,7.416765,147.76,0.00,-0.76,202.49,1,-95,-9,10,12,45,8,28365056,222
142.09,1544619996,1360.42,51.481802,7.416765,147.77,0.00,0.00,202.49,1,-95,-9,10,12,45,8,28365056,222
143.09,1544619997,1360.42,51.481802,7.416765,147.78,0.00,0.00,202.49,1,-92,-10,10,7,48,8,28365056,222
144.08,1544619998,1360.42,51.481802,7.416765,147.79,0.00,0.00,202.49,1,-92,-10,10,7,48,8,28365056,222
145.09,1544619999,1360.42,51.481802,7.416765,147.80,0.00,0.00,202.49,1,-91,-11,11,8,49,8,28365056,222
146.09,1544620000,1360.42,51.481802,7.416765,147.81,0.00,0.00,202.49,1,-91,-11,11,8,49,8,28365056,222
147.09,1544620001,1360.42,51.481802,7.416765,147.83,0.00,0.00,202.49,1,-94,-9,10,11,45,8,28365056,222
148.09,1544620002,1360.42,51.481802,7.416765,147.84,0.00,0.00,202.49,1,-94,-9,10,11,45,8,28365056,222
149.09,1544620003,1360.42,51.481802,7.416765,147.86,0.00,0.00,202.49,1,-94,-9,10,7,45,8,28365056,222
150.09,1544620004,1360.42,51.481802,7.416765,147.87,0.00,0.00,202.49,1,-94,-9,10,7,45,8,28365056,222
151.09,1544620005,1360.42,51.481802,7.416765,147.88,0.00,0.00,202.49,1,-91,-9,17,9,49,8,28365056,222
152.08,1544620006,1360.42,51.481802,7.416765,147.90,0.00,0.00,202.49,1,-91,-9,17,9,49,8,28365056,222
153.09,1544620007,1360.42,51.481802,7.416765,147.91,0.00,0.00,202.49,1,-91,-9,17,9,49,8,28365056,222
154.09,1544620008,1360.42,51.481802,7.416765,147.93,0.00,0.00,202.49,1,-91,-10,11,7,49,8,28365056,222
155.09,1544620009,1360.42,51.481802,7.416765,147.94,0.00,0.00,202.49,1,-91,-10,11,7,49,8,28365056,222
156.08,1544620010,1360.42,51.481802,7.416765,147.96,0.00,0.00,202.49,1,-93,-9,10,8,46,8,28365056,222
157.09,1544620011,1360.42,51.481802,7.416765,147.98,0.00,0.00,202.49,1,-93,-9,10,8,46,8,28365056,222
158.09,1544620012,1360.42,51.481802,7.416765,147.99,0.00,0.00,202.49,1,-90,-9,12,9,50,8,28365056,222
159.09,1544620013,1360.42,51.481802,7.416765,148.01,0.00,0.00,202.49,1,-90,-9,12,9,50,8,28365056,222
160.09,1544620014,1360.42,51.481802,7.416765,148.03,0.00,0.00,202.49,1,-90,-9,13,8,50,8,28365056,222
161.09,1544620015,1360.42,51.481802,7.416765,148.05,0.00,0.00,202.49,1,-90,-9,13,8,50,8,28365056,222
162.09,1544620016,1360.42,51.481802,7.416765,148.07,0.00,0.00,202.49,1,-90,-9,10,9,49,8,28365056,222
163.09,1544620017,1360.42,51.481802,7.416765,148.09,0.00,0.00,202.49,1,-90,-9,10,9,49,8,28365056,222
164.09,1544620018,1360.42,51.481802,7.416765,148.11,0.00,0.00,202.49,1,-91,-10,11,7,50,8,28365056,222
165.09,1544620019,1360.42,51.481802,7.416765,148.13,0.00,0.00,202.49,1,-91,-10,11,7,50,8,28365056,222
166.09,1544620020,1360.42,51.481804,7.416765,148.32,0.00,0.00,201.81,1,-94,-10,13,10,46,8,28365056,222
167.09,1544620021,1360.42,51.481784,7.416752,148.48,0.00,0.00,202.27,1,-94,-10,13,10,46,8,28365056,222
168.09,1544620022,1360.42,51.481764,7.416742,148.69,1.72,0.00,199.21,1,-94,-9,5,7,45,8,28365056,222
169.09,1544620023,1362.14,51.481730,7.416718,150.56,3.07,1.35,204.21,1,-94,-9,5,7,45,8,28365056,222
170.09,1544620024,1365.21,51.481690,7.416696,152.42,4.12,1.05,199.94,1,-89,-9,13,11,54,8,28365056,222
171.09,1544620025,1369.33,51.481637,7.416665,153.80,4.98,0.86,200.32,1,-89,-9,13,11,54,8,28365056,222
172.11,1544620026,1374.41,51.481581,7.416642,154.54,5.47,0.47,191.29,1,-91,-10,9,6,49,8,28365056,222
173.09,1544620027,1379.77,51.481531,7.416663,154.97,5.75,0.29,162.58,1,-91,-10,9,6,49,8,28365056,222
174.08,1544620028,1385.52,51.481490,7.416723,155.08,5.92,0.17,131.65,1,-91,-10,9,6,49,8,28365056,222
175.09,1544620029,1391.44,51.481465,7.416799,154.62,6.00,0.08,109.01,1,-88,-10,6,7,53,8,28365056,222
176.09,1544620030,1397.45,51.481454,7.416893,154.16,6.10,0.10,94.04,1,-88,-10,6,7,53,8,28365056,222
177.09,1544620031,1403.55,51.481454,7.417000,153.58,6.27,0.17,88.35,1,-89,-10,6,12,51,8,28365056,222
178.09,1544620032,1409.82,51.481465,7.417141,153.02,9.94,3.67,81.34,1,-89,-10,6,12,51,8,28365056,222
179.09,1544620033,1419.77,51.481478,7.417291,152.63,10.98,1.04,80.39,1,-90,-10,4,5,50,8,28365056,222
180.09,1544620034,1430.77,51.481498,7.417448,152.34,12.17,1.19,79.77,1,-90,-10,4,5,50,8,28365056,222
181.08,1544620035,1442.87,51.481519,7.417631,152.05,12.91,0.74,79.19,1,-87,-9,11,6,54,8,28365056,222
182.08,1544620036,1455.78,51.481538,7.417827,151.74,13.25,0.34,81.40,1,-87,-9,11,6,54,8,28365056,222
183.09,1544620037,1469.07,51.481555,7.418022,151.30,13.69,0.44,82.23,1,-88,-11,7,5,53,8,28365056,222
184.09,1544620038,1482.78,51.481569,7.418226,150.84,14.38,0.69,82.75,1,-88,-11,7,5,53,8,28365056,222
185.09,1544620039,1497.16,51.481580,7.418406,150.73,14.42,0.04,83.62,1,-92,-9,9,7,48,8,28365056,222
186.09,1544620040,1511.56,51.481588,7.418604,150.48,14.58,0.16,84.24,1,-92,-9,9,7,48,8,28365056,222
187.09,1544620041,1526.15,51.481597,7.418833,149.96,14.72,0.14,84.39,1,-85,-9,8,7,55,8,28365056,222
188.09,1544620042,1540.85,51.481606,7.419063,149.45,14.95,0.24,85.02,1,-85,-9,8,7,55,8,28365056,222
189.09,1544620043,1555.84,51.481617,7.419295,148.82,15.15,0.19,85.50,1,-88,-10,-1,8,52,8,28365056,222
190.09,1544620044,1570.99,51.481624,7.419526,147.98,15.34,0.19,86.02,1,-88,-10,-1,8,52,8,28365056,222
191.08,1544620045,1586.25,51.481629,7.419735,147.20,15.07,-0.27,85.89,1,-82,-8,25,8,58,8,28365056,222
192.09,1544620046,1601.37,51.481637,7.419956,146.73,15.53,0.45,85.27,1,-82,-8,25,8,58,8,28365056,222
193.09,1544620047,1616.95,51.481647,7.420173,146.50,15.04,-0.49,84.80,1,-81,-9,13,7,59,8,28365056,222
194.08,1544620048,1631.88,51.481658,7.420377,146.57,14.67,-0.37,85.77,1,-81,-9,13,7,59,8,28365056,222
195.10,1544620049,1646.76,51.481667,7.420582,146.03,14.84,0.17,85.23,1,-91,-9,4,6,48,8,28365056,222
196.09,1544620050,1661.49,51.481682,7.420812,145.17,14.39,-0.46,84.46,1,-91,-9,4,6,48,8,28365056,222
197.09,1544620051,1675.88,51.481697,7.421018,144.16,14.98,0.59,82.47,1,-91,-9,4,6,48,8,28365056,222
198.09,1544620052,1690.86,51.481717,7.421206,142.69,15.27,0.29,80.61,1,-94,-11,-1,3,47,8,28365056,222
199.09,1544620053,1706.11,51.481743,7.421428,141.17,15.28,0.01,79.70,1,-94,-11,-1,3,47,8,28365056,222
200.09,1544620054,1721.40,51.481771,7.421643,139.86,15.32,0.05,79.06,1,-98,-11,1,5,44,8,28365056,222
201.08,1544620055,1736.65,51.481799,7.421858,138.65,15.25,-0.08,78.53,1,-98,-11,1,5,44,8,28365056,222
202.09,1544620056,1752.02,51.481829,7.422070,137.31,15.08,-0.17,78.06,1,-93,-9,4,5,47,8,28365056,222
203.08,1544620057,1767.00,51.481861,7.422296,135.98,14.94,-0.14,77.38,1,-93,-9,4,5,47,8,28365056,222
204.08,1544620058,1781.91,51.481891,7.422501,134.89,14.77,-0.16,76.89,1,-96,-10,6,7,42,8,28365056,222
205.09,1544620059,1796.73,51.481928,7.422720,133.63,15.33,0.55,76.36,1,-96,-10,6,7,42,8,28365056,222
206.09,1544620060,1812.09,51.481964,7.422928,132.71,15.01,-0.31,76.81,1,-98,-10,-1,8,41,8,28365056,222
207.09,1544620061,1827.10,51.481994,7.423106,132.06,14.02,-1.00,75.92,1,-98,-10,-1,8,41,8,28365056,222
208.08,1544620062,1841.08,51.482030,7.423312,131.56,12.81,-1.21,76.87,1,-98,-7,4,6,38,16,28368386,213
209.08,1544620063,1853.89,51.482062,7.423515,131.14,12.77,-0.04,77.76,1,-98,-7,4,6,38,16,28368386,213
210.09,1544620064,1866.68,51.482093,7.423697,130.98,13.02,0.25,78.37,1,-99,-7,11,8,39,16,28368386,213
211.09,1544620065,1879.70,51.482124,7.423893,130.94,13.19,0.17,78.73,1,-99,-7,11,8,39,16,28368386,213
212.08,1544620066,1892.86,51.482149,7.424077,130.81,12.74,-0.45,77.90,1,-100,-7,11,7,39,16,28368386,213
213.08,1544620067,1905.61,51.482170,7.424251,130.28,12.38,-0.36,78.17,1,-100,-7,11,7,39,16,28368386,213
214.09,1544620068,1918.00,51.482190,7.424421,129.72,12.31,-0.07,77.90,1,-100,-8,9,10,38,16,28368386,213
215.09,1544620069,1930.32,51.482208,7.424578,128.94,12.19,-0.13,77.90,1,-100,-8,9,10,38,16,28368386,213
216.09,1544620070,1942.52,51.482228,7.424736,128.62,11.94,-0.25,78.54,1,-100,-8,9,7,39,16,28368386,213
217.08,1544620071,1954.44,51.482254,7.424925,128.32,11.26,-0.68,77.87,1,-100,-8,9,7,39,16,28368386,213
218.09,1544620072,1965.79,51.482274,7.425068,128.14,11.36,0.10,77.55,1,-97,-7,7,6,41,16,28368386,213
219.08,1544620073,1977.06,51.482293,7.425220,128.05,11.53,0.17,77.20,1,-97,-7,7,6,41,16,28368386,213
220.08,1544620074,1988.59,51.482317,7.425379,127.87,11.23,-0.30,77.50,1,-97,-7,7,6,41,16,28368386,213
221.09,1544620075,1999.87,51.482348,7.425567,127.51,11.34,0.11,76.23,1,-100,-9,6,6,40,16,28368386,213
222.09,1544620076,2011.19,51.482374,7.425728,127.69,11.09,-0.25,76.70,1,-100,-9,6,6,40,16,28368386,213
223.09,1544620077,2022.26,51.482400,7.425877,128.19,10.72,-0.38,77.49,1,-101,-9,5,6,39,16,28368386,213
224.09,1544620078,2032.99,51.482420,7.426018,128.89,10.77,0.05,78.22,1,-101,-9,5,6,39,16,28368386,213
225.09,1544620079,2043.76,51.482434,7.426144,129.67,10.81,0.04,79.00,1,-102,-10,4,5,38,16,28368386,213
226.09,1544620080,2054.56,51.482453,7.426279,130.72,10.20,-0.62,77.95,1,-102,-10,4,5,38,16,28368386,213
227.09,1544620081,2064.77,51.482477,7.426438,131.56,10.12,-0.08,76.44,1,-100,-9,1,5,40,16,28368386,213
228.09,1544620082,2074.87,51.482501,7.426594,132.38,10.39,0.27,75.93,1,-100,-9,1,5,40,16,28368386,213
229.09,1544620083,2085.26,51.482524,7.426764,133.14,10.94,0.55,76.54,1,-95,-9,-2,6,44,16,28368386,213
230.09,1544620084,2096.20,51.482538,7.426914,133.98,10.83,-0.10,78.42,1,-95,-9,-2,6,44,16,28368386,213
231.09,1544620085,2107.06,51.482557,7.427077,134.83,10.98,0.14,79.62,1,-97,-10,-2,5,44,16,28368386,213
232.08,1544620086,2117.99,51.482574,7.427248,135.52,10.98,0.01,80.62,1,-97,-10,-2,5,44,16,28368386,213
233.09,1544620087,2129.02,51.482583,7.427399,135.81,11.21,0.22,81.44,1,-98,-10,0,7,43,16,28368386,213
234.09,1544620088,2140.21,51.482591,7.427562,136.06,11.93,0.73,82.54,1,-98,-10,0,7,43,16,28368386,213
235.09,1544620089,2152.14,51.482609,7.427742,135.98,12.23,0.29,81.27,1,-96,-9,2,5,44,16,28368386,213
236.08,1544620090,2164.35,51.482628,7.427938,136.00,12.26,0.03,82.25,1,-96,-9,2,5,44,16,28368386,213
237.09,1544620091,2176.62,51.482634,7.428112,136.40,12.26,-0.00,84.59,1,-97,-12,-1,6,46,16,28368386,213
238.09,1544620092,2188.89,51.482638,7.428307,136.60,12.64,0.38,86.50,1,-97,-12,-1,6,46,16,28368386,213
239.09,1544620093,2201.53,51.482634,7.428494,136.80,13.06,0.42,89.11,1,-98,-10,3,5,43,16,28368386,213
240.09,1544620094,2214.60,51.482624,7.428687,136.80,13.77,0.71,91.13,1,-98,-10,3,5,43,16,28368386,213
241.09,1544620095,2228.46,51.482611,7.428894,137.23,13.89,0.13,92.27,1,-96,-8,1,9,43,16,28368386,213
242.08,1544620096,2242.19,51.482594,7.429099,137.52,14.35,0.46,93.32,1,-96,-8,1,9,43,16,28368386,213
243.08,1544620097,2256.54,51.482582,7.429302,137.88,14.34,-0.01,94.23,1,-96,-8,1,9,43,16,28368386,213
244.09,1544620098,2270.95,51.482564,7.429507,137.96,14.33,-0.01,94.85,1,-99,-10,2,5,41,16,28368386,213
245.09,1544620099,2285.28,51.482544,7.429707,137.71,14.32,-0.01,95.25,1,-99,-10,2,5,41,16,28368386,213
246.09,1544620100,2299.58,51.482527,7.429917,137.51,14.01,-0.30,95.74,1,-100,-8,0,6,39,15,29563904,96
247.09,1544620101,2313.61,51.482505,7.430098,137.19,13.63,-0.38,96.40,1,-100,-8,0,6,39,15,29563904,96
248.08,1544620102,2327.20,51.482484,7.430283,136.91,13.18,-0.45,96.97,1,-97,-8,1,6,40,15,29563904,96
249.08,1544620103,2340.37,51.482465,7.430460,136.86,12.66,-0.52,97.04,1,-97,-8,1,6,40,15,29563904,96
250.08,1544620104,2353.02,51.482446,7.430637,136.79,12.07,-0.59,96.78,1,-105,-14,-4,4,40,6,28367106,86
251.08,1544620105,2365.11,51.482428,7.430808,136.45,11.60,-0.47,97.18,1,-105,-14,-4,4,40,6,28367106,86
252.08,1544620106,2376.69,51.482410,7.430963,136.19,10.30,-1.30,97.92,1,-92,-5,13,9,44,6,28367106,86
253.08,1544620107,2387.00,51.482394,7.431109,136.16,8.66,-1.64,97.63,1,-92,-5,13,9,44,6,28367106,86
254.08,1544620108,2395.66,51.482383,7.431222,136.76,6.39,-2.27,96.98,1,-95,-6,13,9,42,6,28367106,86
255.08,1544620109,2402.05,51.482375,7.431264,136.82,2.67,-3.72,98.39,1,-95,-6,13,9,42,6,28367106,86
256.09,1544620110,2404.72,51.482375,7.431264,136.83,0.00,-2.67,98.39,1,-91,-7,9,7,43,6,28367106,86
257.09,1544620111,2404.72,51.482375,7.431264,136.84,0.00,0.00,98.39,1,-91,-7,9,7,43,6,28367106,86
258.08,1544620112,2404.72,51.482375,7.431264,136.84,0.00,0.00,98.39,1,-94,-8,8,6,43,6,28367106,86
259.08,1544620113,2404.72,51.482375,7.431264,136.85,0.00,0.00,98.39,1,-94,-8,8,6,43,6,28367106,86
260.09,1544620114,2404.72,51.482375,7.431264,136.85,0.00,0.00,98.39,1,-91,-7,6,7,43,6,28367106,86
261.09,1544620115,2404.72,51.482375,7.431264,136.86,0.00,0.00,98.39,1,-91,-7,6,7,43,6,28367106,86
262.08,1544620116,2404.72,51.482375,7.431264,136.86,0.00,0.00,98.39,1,-90,-8,6,11,42,6,28367106,86
263.08,1544620117,2404.72,51.482375,7.431264,136.87,0.00,0.00,98.39,1,-90,-8,6,11,42,6,28367106,86
264.09,1544620118,2404.72,51.482375,7.431264,136.87,0.00,0.00,98.39,1,-93,-7,6,7,39,6,28367106,86
265.08,1544620119,2404.72,51.482375,7.431264,136.87,0.00,0.00,98.39,1,-93,-7,6,7,39,6,28367106,86
266.08,1544620120,2404.72,51.482375,7.431264,136.87,0.00,0.00,98.39,1,-93,-7,6,7,39,6,28367106,86
267.09,1544620121,2404.72,51.482375,7.431264,136.87,0.00,0.00,98.39,1,-91,-7,8,7,44,6,28367106,86
268.08,1544620122,2404.72,51.482375,7.431264,136.87,0.00,0.00,98.39,1,-91,-7,8,7,44,6,28367106,86
269.09,1544620123,2404.72,51.482375,7.431264,136.86,0.00,0.00,98.39,1,-91,-7,7,7,43,6,28367106,86
270.08,1544620124,2404.72,51.482375,7.431264,136.86,0.00,0.00,98.39,1,-91,-7,7,7,43,6,28367106,86
271.09,1544620125,2404.72,51.482375,7.431264,136.85,0.00,0.00,98.39,1,-91,-7,6,7,43,6,28367106,86
272.08,1544620126,2404.72,51.482375,7.431264,136.85,0.00,0.00,98.39,1,-91,-7,6,7,43,6,28367106,86
273.09,1544620127,2404.72,51.482375,7.431264,136.84,0.00,0.00,98.39,1,-89,-7,7,7,41,6,28367106,86
274.09,1544620128,2404.72,51.482375,7.431264,136.84,0.00,0.00,98.39,1,-89,-7,7,7,41,6,28367106,86
275.08,1544620129,2404.72,51.482375,7.431264,136.83,0.00,0.00,98.39,1,-91,-7,1,8,42,6,28367106,86
276.08,1544620130,2404.72,51.482375,7.431264,136.83,0.00,0.00,98.39,1,-91,-7,1,8,42,6,28367106,86
277.08,1544620131,2404.72,51.482375,7.431264,136.82,0.00,0.00,98.39,1,-91,-7,8,7,42,6,28367106,86
278.08,1544620132,2404.72,51.482375,7.431264,136.82,0.00,0.00,98.39,1,-91,-7,8,7,42,6,28367106,86
279.09,1544620133,2404.72,51.482375,7.431264,136.82,0.00,0.00,98.39,1,-91,-7,8,7,43,6,28367106,86
280.09,1544620134,2404.72,51.482375,7.431264,136.82,0.00,0.00,98.39,1,-91,-7,8,7,43,6,28367106,86
281.09,1544620135,2404.72,51.482375,7.431264,136.83,0.00,0.00,98.39,1,-91,-7,24,7,42,6,28367106,86
282.09,1544620136,2404.72,51.482375,7.431264,136.84,0.00,0.00,98.39,1,-91,-7,24,7,42,6,28367106,86
283.08,1544620137,2404.72,51.482375,7.431264,136.86,0.00,0.00,98.39,1,-93,-7,7,7,38,6,28367106,86
284.08,1544620138,2404.72,51.482375,7.431264,136.87,0.00,0.00,98.39,1,-93,-7,7,7,38,6,28367106,86
285.09,1544620139,2404.72,51.482375,7.431264,136.97,0.00,0.00,98.39,1,-90,-7,8,12,44,6,28367106,86
286.08,1544620140,2404.72,51.482375,7.431264,137.08,0.00,0.00,99.14,1,-90,-7,8,12,44,6,28367106,86
287.09,1544620141,2404.72,51.482358,7.431395,138.31,0.00,0.00,98.32,1,-90,-7,8,12,44,6,28367106,86
288.08,1544620142,2404.72,51.482350,7.431479,139.11,7.78,0.00,97.80,1,-85,-6,12,10,48,6,28367106,86
289.09,1544620143,2412.51,51.482339,7.431594,139.57,8.80,1.02,98.04,1,-85,-6,12,10,48,6,28367106,86
290.08,1544620144,2421.30,51.482326,7.431747,140.25,9.54,0.74,97.65,1,-92,-9,-1,6,49,12,28368386,213
291.09,1544620145,2430.85,51.482314,7.431902,141.02,10.36,0.82,96.80,1,-92,-9,-1,6,49,12,28368386,213
292.09,1544620146,2441.26,51.482303,7.432055,141.72,11.06,0.70,97.63,1,-92,-7,1,6,46,12,28368386,213
293.09,1544620147,2452.28,51.482292,7.432210,142.09,11.45,0.39,97.01,1,-92,-7,1,6,46,12,28368386,213
294.08,1544620148,2463.70,51.482283,7.432385,142.16,11.93,0.48,96.29,1,-98,-10,3,5,42,12,28368386,213
295.09,1544620149,2475.65,51.482272,7.432570,142.22,12.65,0.72,96.06,1,-98,-10,3,5,42,12,28368386,213
296.09,1544620150,2488.28,51.482261,7.432758,142.47,13.28,0.63,96.74,1,-87,-7,6,6,51,4,28367106,86
297.08,1544620151,2501.54,51.482247,7.432944,142.40,13.75,0.47,96.60,1,-87,-7,6,6,51,4,28367106,86
298.09,1544620152,2515.31,51.482232,7.433144,141.97,14.21,0.47,96.98,1,-90,-8,3,9,49,11,28368386,213
299.08,1544620153,2529.51,51.482216,7.433348,141.55,14.22,0.01,96.97,1,-90,-8,3,9,49,11,28368386,213
300.08,1544620154,2543.73,51.482201,7.433541,141.26,13.78,-0.44,96.56,1,-92,-8,13,6,46,4,28367106,86
301.09,1544620155,2557.53,51.482186,7.433747,141.09,13.86,0.08,96.61,1,-92,-8,13,6,46,4,28367106,86
302.08,1544620156,2571.36,51.482170,7.433937,140.98,13.92,0.06,96.74,1,-97,-11,6,4,44,4,28367106,86
303.09,1544620157,2585.35,51.482158,7.434126,141.40,13.60,-0.32,97.18,1,-97,-11,6,4,44,4,28367106,86
304.09,1544620158,2598.92,51.482142,7.434314,141.64,13.38,-0.22,96.76,1,-100,-11,2,7,42,4,28367106,86
305.09,1544620159,2612.30,51.482128,7.434499,141.55,13.17,-0.21,96.60,1,-100,-11,2,7,42,4,28367106,86
306.10,1544620160,2625.59,51.482111,7.434686,141.27,12.64,-0.52,97.39,1,-95,-11,1,6,47,4,28367106,86
307.09,1544620161,2638.13,51.482095,7.434877,141.53,12.14,-0.50,96.65,1,-95,-11,1,6,47,4,28367106,86
308.09,1544620162,2650.27,51.482081,7.435035,141.87,11.65,-0.49,97.33,1,-95,-11,1,6,47,4,28367106,86
309.09,1544620163,2661.89,51.482069,7.435215,142.39,11.28,-0.36,96.42,1,-87,-7,3,8,52,4,28367106,86
310.08,1544620164,2673.14,51.482057,7.435362,142.42,10.37,-0.91,97.76,1,-87,-7,3,8,52,4,28367106,86
311.08,1544620165,2683.53,51.482046,7.435519,142.64,10.32,-0.05,97.26,1,-92,-9,3,6,47,10,28368386,213
312.08,1544620166,2693.84,51.482034,7.435671,142.73,10.39,0.07,96.74,1,-92,-9,3,6,47,10,28368386,213
313.09,1544620167,2704.28,51.482022,7.435831,142.73,10.63,0.23,96.61,1,-92,-10,5,6,49,10,28368386,213
314.09,1544620168,2714.90,51.482012,7.435993,142.52,11.38,0.76,96.22,1,-92,-10,5,6,49,10,28368386,213
315.09,1544620169,2726.27,51.482001,7.436148,142.21,11.66,0.28,95.98,1,-90,-8,5,6,49,4,28367105,85
316.09,1544620170,2737.93,51.481990,7.436329,142.42,11.75,0.09,96.48,1,-90,-8,5,6,49,4,28367105,85
317.09,1544620171,2749.69,51.481980,7.436485,142.41,11.98,0.23,96.46,1,-88,-9,11,10,52,4,28367105,85
318.09,1544620172,2761.67,51.481971,7.436654,142.82,11.35,-0.63,95.92,1,-88,-9,11,10,52,4,28367105,85
319.09,1544620173,2773.03,51.481961,7.436812,143.04,11.09,-0.26,96.06,1,-94,-10,6,11,46,4,28367105,85
320.09,1544620174,2784.13,51.481950,7.436982,143.19,10.99,-0.10,96.27,1,-94,-10,6,11,46,4,28367105,85
321.08,1544620175,2795.08,51.481939,7.437148,143.27,10.98,-0.01,96.31,1,-89,-7,4,6,49,4,28367105,85
322.08,1544620176,2806.05,51.481928,7.437286,143.36,10.62,-0.36,95.64,1,-89,-7,4,6,49,4,28367105,85
323.08,1544620177,2816.65,51.481914,7.437430,143.59,9.49,-1.13,97.85,1,-89,-7,12,10,47,4,28367105,85
324.08,1544620178,2826.15,51.481903,7.437570,144.38,8.83,-0.66,97.52,1,-89,-7,12,10,47,4,28367105,85
325.08,1544620179,2834.98,51.481895,7.437696,145.11,8.85,0.03,96.76,1,-86,-8,15,10,53,4,28367105,85
326.08,1544620180,2843.84,51.481886,7.437818,145.74,8.05,-0.80,96.07,1,-86,-8,15,10,53,4,28367105,85
327.09,1544620181,2851.94,51.481879,7.437914,146.40,6.77,-1.27,95.38,1,-85,-6,23,12,50,4,28367105,85
328.08,1544620182,2858.67,51.481873,7.437981,146.44,5.11,-1.67,94.92,1,-85,-6,23,12,50,4,28367105,85
329.08,1544620183,2863.77,51.481867,7.438062,146.48,3.92,-1.18,94.18,1,-85,-6,23,12,50,4,28367105,85
330.09,1544620184,2867.70,51.481860,7.438146,146.55,3.28,-0.64,94.79,1,-81,-5,17,9,55,4,28367105,85
331.08,1544620185,2870.97,51.481858,7.438204,146.64,3.12,-0.16,94.56,1,-81,-5,17,9,55,4,28367105,85
332.08,1544620186,2874.09,51.481851,7.438234,146.64,2.54,-0.57,93.39,1,-81,-5,22,15,56,4,28367105,85
333.08,1544620187,2876.63,51.481846,7.438284,146.63,2.29,-0.25,94.39,1,-81,-5,22,15,56,4,28367105,85
334.08,1544620188,2878.93,51.481843,7.438303,146.66,1.99,-0.30,93.80,1,-86,-6,20,13,49,4,28367105,85
335.08,1544620189,2880.92,51.481839,7.438329,146.70,1.42,-0.57,94.21,1,-86,-6,20,13,49,4,28367105,85
336.08,1544620190,2882.34,51.481840,7.438340,146.78,0.85,-0.57,94.21,1,-91,-6,16,12,45,4,28367105,85
337.08,1544620191,2883.19,51.481840,7.438340,146.79,0.00,-0.85,94.21,1,-91,-6,16,12,45,4,28367105,85
338.08,1544620192,2883.19,51.481833,7.438370,146.84,1.01,0.00,109.09,1,-88,-6,20,10,49,4,28367105,85
339.08,1544620193,2884.19,51.481825,7.438418,146.91,3.22,2.21,105.60,1,-88,-6,20,10,49,4,28367105,85
340.08,1544620194,2887.41,51.481824,7.438447,146.99,4.14,0.92,101.97,1,-91,-7,10,8,47,4,28367105,85
341.08,1544620195,2891.55,51.481817,7.438517,147.04,3.64,-0.50,100.08,1,-91,-7,10,8,47,4,28367105,85
342.08,1544620196,2895.18,51.481817,7.438566,147.76,4.49,0.85,98.61,1,-91,-9,9,8,47,4,28367105,85
343.08,1544620197,2899.68,51.481815,7.438617,147.93,4.55,0.05,97.80,1,-91,-9,9,8,47,4,28367105,85
344.08,1544620198,2904.24,51.481811,7.438689,147.91,5.79,1.24,97.45,1,-95,-7,12,10,41,4,28367105,85
345.09,1544620199,2910.05,51.481805,7.438787,147.98,7.34,1.54,96.96,1,-95,-7,12,10,41,4,28367105,85
346.08,1544620200,2917.36,51.481799,7.438907,148.13,8.01,0.67,96.36,1,-90,-6,8,6,45,8,28368386,213
347.08,1544620201,2925.38,51.481792,7.439035,148.30,8.83,0.82,95.59,1,-90,-6,8,6,45,8,28368386,213
348.09,1544620202,2934.28,51.481785,7.439163,148.20,9.73,0.89,94.86,1,-84,-6,15,12,51,8,28368386,213
349.08,1544620203,2943.94,51.481777,7.439310,148.16,10.47,0.75,94.62,1,-84,-6,15,12,51,8,28368386,213
350.08,1544620204,2954.41,51.481769,7.439453,147.88,10.97,0.50,94.33,1,-84,-6,15,12,51,8,28368386,213
351.08,1544620205,2965.37,51.481762,7.439607,147.67,11.13,0.16,94.81,1,-92,-8,14,5,47,8,28368386,213
352.09,1544620206,2976.52,51.481754,7.439776,147.63,11.77,0.64,94.71,1,-92,-8,14,5,47,8,28368386,213
353.09,1544620207,2988.29,51.481746,7.439949,147.82,12.51,0.74,95.02,1,-91,-7,4,10,46,8,28368386,213
354.09,1544620208,3000.80,51.481737,7.440129,148.12,13.10,0.59,94.53,1,-91,-7,4,10,46,8,28368386,213
355.08,1544620209,3013.88,51.481729,7.440315,148.46,12.95,-0.15,94.94,1,-95,-7,11,7,43,8,28368386,213
356.08,1544620210,3026.84,51.481720,7.440499,148.87,12.89,-0.06,95.80,1,-95,-7,11,7,43,8,28368386,213
357.08,1544620211,3039.73,51.481707,7.440685,149.13,12.59,-0.31,96.65,1,-95,-8,5,11,44,8,28368386,213
358.08,1544620212,3052.32,51.481696,7.440864,149.33,12.41,-0.17,97.02,1,-95,-8,5,11,44,8,28368386,213
359.08,1544620213,3064.73,51.481683,7.441043,149.49,12.46,0.05,97.39,1,-92,-7,7,10,45,8,28368386,213
360.09,1544620214,3077.20,51.481662,7.441223,149.75,12.35,-0.11,99.97,1,-92,-7,7,10,45,8,28368386,213
361.09,1544620215,3089.56,51.481616,7.441413,150.32,12.19,-0.16,113.07,1,-97,-8,9,8,42,8,28368386,213
362.08,1544620216,3101.72,51.481572,7.441567,150.86,12.71,0.53,115.56,1,-97,-8,9,8,42,8,28368386,213
363.09,1544620217,3114.45,51.481518,7.441723,151.63,13.24,0.53,119.09,1,-91,-7,13,8,47,8,28368386,213
364.09,1544620218,3127.69,51.481439,7.441867,151.81,13.83,0.58,131.87,1,-91,-7,13,8,47,8,28368386,213
365.09,1544620219,3141.52,51.481358,7.442006,152.60,14.14,0.31,132.98,1,-93,-7,10,8,45,7,28367105,85
366.08,1544620220,3155.64,51.481274,7.442139,153.32,14.01,-0.12,134.98,1,-93,-7,10,8,45,7,28367105,85
367.09,1544620221,3169.66,51.481185,7.442275,153.86,13.62,-0.39,135.53,1,-93,-7,11,7,45,7,28367105,85
368.08,1544620222,3183.27,51.481090,7.442421,154.48,13.71,0.09,135.02,1,-93,-7,11,7,45,7,28367105,85
369.10,1544620223,3197.13,51.480999,7.442563,154.99,13.06,-0.64,134.23,1,-86,-5,19,11,49,7,28367105,85
370.09,1544620224,3210.06,51.480918,7.442693,155.33,12.85,-0.22,133.52,1,-86,-5,19,11,49,7,28367105,85
371.09,1544620225,3222.97,51.480837,7.442827,155.27,12.50,-0.34,133.19,1,-86,-5,19,11,49,7,28367105,85
372.08,1544620226,3235.36,51.480764,7.442952,155.14,11.50,-1.01,134.16,1,-87,-6,16,11,49,7,28367105,85
373.09,1544620227,3246.91,51.480681,7.443042,155.33,10.83,-0.67,147.07,1,-87,-6,16,11,49,7,28367105,85
374.08,1544620228,3257.72,51.480587,7.443095,155.52,10.69,-0.14,162.58,1,-94,-7,11,12,42,7,28367105,85
375.08,1544620229,3268.41,51.480484,7.443144,156.04,10.90,0.20,166.29,1,-94,-7,11,12,42,7,28367105,85
376.09,1544620230,3279.33,51.480383,7.443177,156.14,10.44,-0.45,169.54,1,-93,-6,24,10,44,7,28367105,85
377.09,1544620231,3289.77,51.480298,7.443197,156.52,10.75,0.31,169.18,1,-93,-6,24,10,44,7,28367105,85
378.09,1544620232,3300.52,51.480210,7.443226,157.04,11.11,0.37,165.70,1,-96,-7,12,9,43,7,28367105,85
379.09,1544620233,3311.63,51.480096,7.443302,157.45,11.71,0.60,152.95,1,-96,-7,12,9,43,7,28367105,85
380.09,1544620234,3323.37,51.479985,7.443388,157.57,12.14,0.43,152.35,1,-97,-8,6,4,41,7,28367105,85
381.09,1544620235,3335.54,51.479885,7.443470,157.63,12.67,0.52,151.72,1,-97,-8,6,4,41,7,28367105,85
382.09,1544620236,3348.18,51.479783,7.443557,157.53,13.14,0.48,151.35,1,-100,-10,3,4,40,7,28367105,85
383.09,1544620237,3361.34,51.479679,7.443647,157.37,13.40,0.26,151.28,1,-100,-10,3,4,40,7,28367105,85
384.09,1544620238,3374.72,51.479576,7.443736,157.25,13.65,0.26,151.69,1,-103,-11,0,6,38,7,28367105,85
385.09,1544620239,3388.40,51.479469,7.443828,157.29,14.00,0.34,151.87,1,-103,-11,0,6,38,7,28367105,85
386.09,1544620240,3402.42,51.479360,7.443925,157.42,14.22,0.23,151.34,1,-102,-9,-2,6,37,7,28368386,213
387.09,1544620241,3416.60,51.479242,7.444033,157.58,14.62,0.40,151.26,1,-102,-9,-2,6,37,7,28368386,213
388.09,1544620242,3431.19,51.479129,7.444135,157.89,14.89,0.27,151.62,1,-97,-9,8,10,43,7,28368386,213
389.09,1544620243,3446.07,51.479016,7.444236,158.31,15.22,0.33,151.32,1,-97,-9,8,10,43,7,28368386,213
390.09,1544620244,3461.41,51.478895,7.444340,158.57,14.94,-0.27,151.59,1,-101,-11,5,10,39,7,28368386,213
391.09,1544620245,3476.24,51.478771,7.444447,158.46,14.79,-0.16,151.58,1,-101,-11,5,10,39,7,28368386,213
392.09,1544620246,3491.04,51.478653,7.444550,158.46,14.86,0.07,151.50,1,-101,-11,5,10,39,7,28368386,213
393.09,1544620247,3505.93,51.478538,7.444649,158.50,15.00,0.14,151.32,1,-106,-12,4,8,37,7,28368386,213
394.09,1544620248,3520.88,51.478424,7.444748,158.78,14.76,-0.24,151.41,1,-106,-12,4,8,37,7,28368386,213
395.09,1544620249,3535.69,51.478305,7.444852,158.68,14.89,0.13,151.48,1,-108,-12,2,6,35,11,28367105,213
396.09,1544620250,3550.57,51.478185,7.444955,158.57,15.09,0.21,151.61,1,-108,-12,2,6,35,11,28367105,213
397.09,1544620251,3565.65,51.478063,7.445063,158.34,15.00,-0.10,151.74,1,-107,-11,-1,4,35,11,28367105,85
398.09,1544620252,3580.68,51.477950,7.445160,158.43,14.84,-0.15,151.30,1,-107,-11,-1,4,35,11,28367105,85
399.08,1544620253,3595.45,51.477836,7.445258,158.45,14.81,-0.03,151.48,1,-100,-8,-2,6,36,7,28368384,215
400.08,1544620254,3610.26,51.477718,7.445358,158.35,14.83,0.02,151.63,1,-100,-8,-2,6,36,7,28368384,215
401.09,1544620255,3625.13,51.477604,7.445458,158.55,14.96,0.13,151.42,1,-103,-10,4,7,37,7,28368384,215
402.09,1544620256,3640.18,51.477481,7.445566,158.55,15.15,0.19,151.21,1,-103,-10,4,7,37,7,28368384,215
403.08,1544620257,3655.18,51.477358,7.445673,158.47,15.31,0.16,151.22,1,-95,-6,8,9,40,7,28368384,215
404.09,1544620258,3670.53,51.477236,7.445781,158.49,15.44,0.13,151.48,1,-95,-6,8,9,40,7,28368384,215
405.08,1544620259,3685.95,51.477113,7.445889,158.54,15.43,-0.01,151.45,1,-93,-7,31,8,44,7,28368384,215
406.08,1544620260,3701.39,51.476990,7.445995,158.30,15.17,-0.26,151.82,1,-93,-7,31,8,44,7,28368384,215
407.08,1544620261,3716.56,51.476871,7.446098,158.19,15.20,0.03,151.84,1,-97,-8,7,11,41,7,28368384,215
408.08,1544620262,3731.76,51.476753,7.446201,158.18,15.20,0.01,151.76,1,-97,-8,7,11,41,7,28368384,215
409.08,1544620263,3746.96,51.476633,7.446304,158.15,15.10,-0.11,152.00,1,-92,-6,13,10,44,11,29568768,415
410.08,1544620264,3761.99,51.476510,7.446407,158.03,14.91,-0.19,152.12,1,-92,-6,13,10,44,11,29568768,415
411.10,1544620265,3777.17,51.476394,7.446506,158.09,14.64,-0.27,152.13,1,-92,-6,11,9,44,11,29568768,415
412.08,1544620266,3791.57,51.476278,7.446608,158.26,14.28,-0.36,152.11,1,-92,-6,11,9,44,11,29568768,415
413.08,1544620267,3805.84,51.476173,7.446696,158.46,14.03,-0.25,151.92,1,-92,-6,11,9,44,11,29568768,415
414.08,1544620268,3819.91,51.476064,7.446787,158.41,13.96,-0.07,152.00,1,-84,-6,14,12,47,11,29568768,415
415.08,1544620269,3833.85,51.475958,7.446879,158.54,13.62,-0.34,151.52,1,-84,-6,14,12,47,11,29568768,415
416.08,1544620270,3847.48,51.475851,7.446972,158.67,13.42,-0.19,151.46,1,-88,-5,32,12,46,11,29568768,415
417.08,1544620271,3860.90,51.475737,7.447073,158.69,13.10,-0.33,150.90,1,-88,-5,32,12,46,11,29568768,415
418.08,1544620272,3874.00,51.475632,7.447168,158.59,12.95,-0.14,150.69,1,-85,-4,14,12,50,11,29568768,415
419.08,1544620273,3886.94,51.475533,7.447252,158.34,12.78,-0.17,149.83,1,-85,-4,14,12,50,11,29568768,415
420.08,1544620274,3899.74,51.475447,7.447335,158.25,12.26,-0.52,149.49,1,-88,-5,15,12,47,11,29568768,415
421.08,1544620275,3911.97,51.475358,7.447419,158.19,11.75,-0.51,148.97,1,-88,-5,15,12,47,11,29568768,415
422.08,1544620276,3923.72,51.475279,7.447497,158.38,11.30,-0.45,148.39,1,-89,-6,6,6,49,7,28368384,215
423.08,1544620277,3935.04,51.475196,7.447580,158.54,10.82,-0.48,147.55,1,-89,-6,6,6,49,7,28368384,215
424.08,1544620278,3945.87,51.475117,7.447662,158.81,10.34,-0.48,146.45,1,-96,-8,10,7,42,7,28368384,215
425.09,1544620279,3956.22,51.475047,7.447740,159.15,9.33,-1.01,145.57,1,-96,-8,10,7,42,7,28368384,215
426.09,1544620280,3965.54,51.474984,7.447812,159.69,8.63,-0.70,144.78,1,-96,-7,13,12,42,7,28368384,215
427.09,1544620281,3974.17,51.474925,7.447881,160.07,7.78,-0.84,144.06,1,-96,-7,13,12,42,7,28368384,215
428.08,1544620282,3981.94,51.474869,7.447950,160.44,7.51,-0.27,143.46,1,-100,-8,8,6,39,7,28368384,215
429.08,1544620283,3989.45,51.474813,7.448021,160.70,7.51,-0.01,142.96,1,-100,-8,8,6,39,7,28368384,215
430.09,1544620284,3996.97,51.474761,7.448088,160.78,7.15,-0.35,142.61,1,-99,-8,21,9,39,7,28368384,215
431.09,1544620285,4004.14,51.474712,7.448151,160.88,6.91,-0.24,142.14,1,-99,-8,21,9,39,7,28368384,215
432.09,1544620286,4011.09,51.474665,7.448211,161.00,6.47,-0.44,141.42,1,-94,-7,13,6,41,8,29568768,415
433.08,1544620287,4017.50,51.474621,7.448267,161.34,6.29,-0.18,141.95,1,-94,-7,13,6,41,8,29568768,415
434.09,1544620288,4023.80,51.474578,7.448322,161.92,6.18,-0.10,141.40,1,-94,-7,13,6,41,8,29568768,415
435.09,1544620289,4029.97,51.474536,7.448378,162.47,5.83,-0.35,141.27,1,-97,-7,4,7,40,8,29568768,415
436.09,1544620290,4035.81,51.474497,7.448431,163.01,5.08,-0.75,141.07,1,-97,-7,4,7,40,8,29568768,415
437.09,1544620291,4040.88,51.474468,7.448471,163.06,3.25,-1.83,141.50,1,-100,-7,7,8,36,8,29568768,415
438.09,1544620292,4044.14,51.474449,7.448498,163.09,2.01,-1.24,141.00,1,-100,-7,7,8,36,8,29568768,415
439.09,1544620293,4046.15,51.474441,7.448511,163.13,0.83,-1.18,141.00,1,-100,-9,4,7,40,8,29568768,415
440.09,1544620294,4046.98,51.474441,7.448511,163.13,0.00,-0.83,141.00,1,-100,-9,4,7,40,8,29568768,415
441.08,1544620295,4046.98,51.474441,7.448511,163.13,0.00,0.00,141.00,1,-98,-7,9,8,41,8,29568768,415
442.09,1544620296,4046.98,51.474441,7.448511,163.13,0.00,0.00,141.00,1,-98,-7,9,8,41,8,29568768,415
443.08,1544620297,4046.98,51.474441,7.448511,163.13,0.00,0.00,141.00,1,-98,-8,8,10,40,8,29568768,415
444.09,1544620298,4046.98,51.474441,7.448511,163.13,0.00,0.00,141.00,1,-98,-8,8,10,40,8,29568768,415
445.09,1544620299,4046.98,51.474441,7.448511,163.13,0.00,0.00,141.00,1,-101,-8,7,7,38,8,29568768,415
446.09,1544620300,4046.98,51.474441,7.448511,163.14,0.00,0.00,141.00,1,-101,-8,7,7,38,8,29568768,415
447.09,1544620301,4046.98,51.474441,7.448511,163.14,0.00,0.00,141.00,1,-102,-8,7,8,37,8,29568768,415
448.09,1544620302,4046.98,51.474441,7.448511,163.14,0.00,0.00,141.00,1,-102,-8,7,8,37,8,29568768,415
449.09,1544620303,4046.98,51.474441,7.448511,163.14,0.00,0.00,141.00,1,-99,-9,6,7,43,8,29568768,415
450.08,1544620304,4046.98,51.474441,7.448511,163.14,0.00,0.00,141.00,1,-99,-9,6,7,43,8,29568768,415
451.09,1544620305,4046.98,51.474441,7.448511,163.14,0.00,0.00,141.00,1,-99,-8,7,7,41,8,29568768,415
452.09,1544620306,4046.98,51.474441,7.448511,163.14,0.00,0.00,141.00,1,-99,-8,7,7,41,8,29568768,415
453.09,1544620307,4046.98,51.474441,7.448511,163.14,0.00,0.00,141.00,1,-98,-8,7,10,39,8,29568768,415
454.09,1544620308,4046.98,51.474441,7.448511,163.15,0.00,0.00,141.00,1,-98,-8,7,10,39,8,29568768,415
455.10,1544620309,4046.98,51.474441,7.448511,163.14,0.00,0.00,141.00,1,-99,-8,6,6,39,8,29568768,415
456.09,1544620310,4046.98,51.474441,7.448511,163.13,0.00,0.00,141.00,1,-99,-8,6,6,39,8,29568768,415
457.09,1544620311,4046.98,51.474441,7.448511,163.12,0.00,0.00,141.00,1,-99,-8,6,6,39,8,29568768,415
458.09,1544620312,4046.98,51.474441,7.448511,163.12,0.00,0.00,141.00,1,-99,-8,8,7,41,8,29568768,415
459.09,1544620313,4046.98,51.474441,7.448511,163.11,0.00,0.00,141.00,1,-99,-8,8,7,41,8,29568768,415
460.09,1544620314,4046.98,51.474441,7.448511,163.10,0.00,0.00,141.00,1,-99,-9,7,6,41,8,29568768,415
461.09,1544620315,4046.98,51.474441,7.448511,163.10,0.00,0.00,141.00,1,-99,-9,7,6,41,8,29568768,415
462.09,1544620316,4046.98,51.474441,7.448511,163.11,0.00,0.00,141.00,1,-98,-8,7,7,41,8,29568768,415
463.09,1544620317,4046.98,51.474441,7.448511,163.11,0.00,0.00,141.00,1,-98,-8,7,7,41,8,29568768,415
464.09,1544620318,4046.98,51.474441,7.448511,163.12,0.00,0.00,141.00,1,-102,-8,5,7,38,8,29568768,415
465.09,1544620319,4046.98,51.474441,7.448511,163.12,0.00,0.00,141.00,1,-102,-8,5,7,38,8,29568768,415
466.09,1544620320,4046.98,51.474441,7.448511,163.12,0.00,0.00,141.00,1,-98,-8,7,8,41,8,29568768,415
467.08,1544620321,4046.98,51.474441,7.448511,163.12,0.00,0.00,141.00,1,-98,-8,7,8,41,8,29568768,415
468.09,1544620322,4046.98,51.474441,7.448511,163.12,0.00,0.00,141.00,1,-99,-9,8,7,41,8,29568768,415
469.09,1544620323,4046.98,51.474441,7.448511,163.12,0.00,0.00,141.00,1,-99,-9,8,7,41,8,29568768,415
470.08,1544620324,4046.98,51.474441,7.448511,163.13,0.00,0.00,141.00,1,-97,-9,7,7,43,8,29568768,415
471.08,1544620325,4046.98,51.474441,7.448511,163.13,0.00,0.00,141.00,1,-97,-9,7,7,43,8,29568768,415
472.09,1544620326,4046.98,51.474441,7.448511,163.13,0.00,0.00,141.00,1,-98,-9,7,7,40,8,29568768,415
473.08,1544620327,4046.98,51.474441,7.448511,163.14,0.00,0.00,141.00,1,-98,-9,7,7,40,8,29568768,415
474.08,1544620328,4046.98,51.474441,7.448511,163.14,0.00,0.00,141.00,1,-97,-8,7,5,40,8,29568768,415
475.09,1544620329,4046.98,51.474441,7.448511,163.15,0.00,0.00,141.00,1,-97,-8,7,5,40,8,29568768,415
476.09,1544620330,4046.98,51.474441,7.448511,163.15,0.00,0.00,141.00,1,-97,-8,3,8,41,8,29568768,415
477.09,1544620331,4046.98,51.474441,7.448511,163.16,0.00,0.00,141.00,1,-97,-8,3,8,41,8,29568768,415
478.09,1544620332,4046.98,51.474441,7.448511,163.16,0.00,0.00,141.00,1,-97,-8,3,8,41,8,29568768,415
479.09,1544620333,4046.98,51.474441,7.448511,163.16,0.00,0.00,141.00,1,-101,-7,9,10,37,8,29568768,415
480.09,1544620334,4046.98,51.474441,7.448511,163.15,0.00,0.00,141.00,1,-101,-7,9,10,37,8,29568768,415
481.09,1544620335,4046.98,51.474441,7.448511,163.15,0.00,0.00,141.00,1,-98,-8,9,7,41,8,29568768,415
482.09,1544620336,4046.98,51.474441,7.448511,163.14,0.00,0.00,141.00,1,-98,-8,9,7,41,8,29568768,415
483.09,1544620337,4046.98,51.474441,7.448511,163.13,0.00,0.00,141.00,1,-99,-8,8,7,39,8,29568768,415
484.09,1544620338,4046.98,51.474441,7.448511,163.12,0.00,0.00,141.00,1,-99,-8,8,7,39,8,29568768,415
485.09,1544620339,4046.98,51.474441,7.448511,163.11,0.00,0.00,141.00,1,-100,-8,8,7,39,8,29568768,415
486.09,1544620340,4046.98,51.474441,7.448511,163.09,0.00,0.00,141.00,1,-100,-8,8,7,39,8,29568768,415
487.09,1544620341,4046.98,51.474441,7.448511,163.08,0.00,0.00,141.00,1,-102,-9,5,8,38,8,29568768,415
488.09,1544620342,4046.98,51.474441,7.448511,163.07,0.00,0.00,141.00,1,-102,-9,5,8,38,8,29568768,415
489.09,1544620343,4046.98,51.474441,7.448511,163.05,0.00,0.00,141.00,1,-99,-8,10,7,40,8,29568768,415
490.09,1544620344,4046.98,51.474441,7.448511,163.04,0.00,0.00,141.00,1,-99,-8,10,7,40,8,29568768,415
491.08,1544620345,4046.98,51.474441,7.448511,162.90,0.00,0.00,141.00,1,-99,-8,10,7,40,8,29568768,415
492.08,1544620346,4046.98,51.474441,7.448511,162.22,0.00,0.00,143.10,1,-99,-8,10,7,40,8,29568768,415
493.08,1544620347,4046.98,51.474441,7.448511,162.11,0.00,0.00,142.25,1,-100,-10,6,5,40,8,29568768,415
494.09,1544620348,4046.98,51.474369,7.448596,162.15,6.12,0.00,141.57,1,-100,-10,6,5,40,8,29568768,415
495.09,1544620349,4053.10,51.474316,7.448668,161.93,7.24,1.12,141.03,1,-96,-9,4,6,41,8,29568768,415
496.09,1544620350,4060.34,51.474257,7.448747,161.63,8.37,1.13,140.43,1,-96,-9,4,6,41,8,29568768,415
497.09,1544620351,4068.76,51.474192,7.448837,161.62,9.54,1.15,139.64,1,-91,-8,17,7,49,9,28368384,215
498.09,1544620352,4078.24,51.474113,7.448951,161.43,10.14,0.60,139.21,1,-91,-8,17,7,49,9,28368384,215
499.08,1544620353,4088.37,51.474036,7.449065,161.28,11.54,1.41,138.46,1,-91,-8,17,7,49,9,28368384,215
500.08,1544620354,4099.90,51.473958,7.449179,161.08,12.48,0.94,138.00,1,-90,-7,15,9,48,9,28368384,215
501.08,1544620355,4112.37,51.473872,7.449314,160.83,13.38,0.90,136.98,1,-90,-7,15,9,48,9,28368384,215
502.08,1544620356,4125.75,51.473785,7.449448,160.73,13.51,0.13,135.81,1,-80,-9,9,6,53,7,29568768,415
503.08,1544620357,4139.29,51.473697,7.449591,160.72,13.56,0.05,134.50,1,-80,-9,9,6,53,7,29568768,415
504.08,1544620358,4152.84,51.473608,7.449744,160.90,13.88,0.32,133.13,1,-87,-5,19,11,47,7,29568768,415
505.08,1544620359,4166.72,51.473518,7.449907,161.21,13.62,-0.26,131.62,1,-87,-5,19,11,47,7,29568768,415
506.08,1544620360,4180.35,51.473436,7.450066,161.37,13.60,-0.02,130.04,1,-88,-5,19,10,49,7,29568768,415
507.08,1544620361,4193.94,51.473362,7.450226,161.70,14.20,0.60,128.37,1,-88,-5,19,10,49,7,29568768,415
508.08,1544620362,4208.15,51.473292,7.450385,161.88,14.31,0.12,126.97,1,-89,-6,16,11,48,7,29568768,415
509.08,1544620363,4222.46,51.473219,7.450554,162.16,14.51,0.19,125.58,1,-89,-6,16,11,48,7,29568768,415
510.08,1544620364,4236.97,51.473148,7.450726,162.10,14.62,0.11,124.36,1,-84,-6,21,12,53,7,29568768,415
511.09,1544620365,4251.71,51.473084,7.450899,161.88,14.48,-0.13,122.86,1,-84,-6,21,12,53,7,29568768,415
512.08,1544620366,4266.03,51.473020,7.451088,162.02,14.17,-0.31,121.02,1,-79,-5,21,13,56,7,29568768,415
513.08,1544620367,4280.19,51.472959,7.451273,162.00,14.35,0.18,119.26,1,-79,-5,21,13,56,7,29568768,415
514.08,1544620368,4294.57,51.472905,7.451459,162.20,14.05,-0.30,117.34,1,-84,-5,35,15,52,7,29568768,415
515.08,1544620369,4308.63,51.472857,7.451640,161.89,13.79,-0.26,115.66,1,-84,-5,35,15,52,7,29568768,415
516.08,1544620370,4322.42,51.472812,7.451824,161.56,13.68,-0.11,113.81,1,-88,-6,19,12,49,7,29568768,415
517.08,1544620371,4336.08,51.472770,7.452017,161.54,13.64,-0.04,112.03,1,-88,-6,19,12,49,7,29568768,415
518.09,1544620372,4349.86,51.472733,7.452203,161.68,13.80,0.15,110.13,1,-79,-5,26,13,57,7,29568768,415
519.08,1544620373,4363.52,51.472696,7.452402,161.84,14.00,0.21,108.61,1,-79,-5,26,13,57,7,29568768,415
520.09,1544620374,4377.55,51.472657,7.452630,161.78,13.80,-0.20,107.38,1,-79,-5,26,13,57,7,29568768,415
521.08,1544620375,4391.32,51.472627,7.452820,162.17,13.45,-0.35,106.43,1,-79,-5,31,12,55,7,29568768,415
522.08,1544620376,4404.77,51.472599,7.453006,162.50,12.93,-0.52,105.94,1,-79,-5,31,12,55,7,29568768,415
523.08,1544620377,4417.71,51.472572,7.453194,162.64,12.84,-0.09,104.95,1,-82,-5,24,15,54,7,29568768,415
524.08,1544620378,4430.53,51.472551,7.453367,162.91,13.02,0.18,104.35,1,-82,-5,24,15,54,7,29568768,415
525.08,1544620379,4443.55,51.472528,7.453538,163.01,12.79,-0.23,104.31,1,-77,-5,31,15,58,7,29568768,415
526.08,1544620380,4456.33,51.472504,7.453700,163.02,12.67,-0.11,105.15,1,-77,-5,31,15,58,7,29568768,415
527.08,1544620381,4469.02,51.472475,7.453888,163.18,13.28,0.60,105.49,1,-86,-6,30,15,51,7,29568768,415
528.08,1544620382,4482.28,51.472446,7.454078,163.15,13.84,0.57,105.50,1,-86,-6,30,15,51,7,29568768,415
529.08,1544620383,4496.13,51.472419,7.454259,162.80,13.46,-0.38,105.75,1,-85,-6,35,15,52,7,29568768,415
530.08,1544620384,4509.59,51.472390,7.454438,162.25,13.37,-0.10,106.58,1,-85,-6,35,15,52,7,29568768,415
531.09,1544620385,4522.98,51.472360,7.454621,161.56,13.54,0.17,107.30,1,-81,-5,30,12,55,7,29568768,415
532.08,1544620386,4536.49,51.472325,7.454809,160.97,14.20,0.66,107.82,1,-81,-5,30,12,55,7,29568768,415
533.08,1544620387,4550.69,51.472286,7.455004,160.74,14.09,-0.11,108.40,1,-79,-5,26,15,56,7,29568768,415
534.08,1544620388,4564.79,51.472238,7.455224,160.69,14.24,0.15,109.01,1,-79,-5,26,15,56,7,29568768,415
535.08,1544620389,4579.03,51.472194,7.455432,160.53,14.14,-0.10,109.57,1,-85,-5,13,15,51,7,29568768,415
536.08,1544620390,4593.18,51.472151,7.455620,160.18,14.30,0.16,110.29,1,-85,-5,13,15,51,7,29568768,415
537.08,1544620391,4607.49,51.472108,7.455797,159.89,14.32,0.02,110.99,1,-84,-5,32,12,54,7,29568768,415
538.08,1544620392,4621.79,51.472058,7.455990,159.45,14.48,0.16,111.76,1,-84,-5,32,12,54,7,29568768,415
539.09,1544620393,4636.37,51.472007,7.456191,158.97,14.55,0.08,112.58,1,-88,-6,29,10,48,7,29568768,415
540.09,1544620394,4650.85,51.471955,7.456378,158.52,14.66,0.10,113.16,1,-88,-6,29,10,48,7,29568768,415
541.08,1544620395,4665.50,51.471900,7.456582,158.05,14.68,0.03,113.51,1,-88,-6,29,10,48,7,29568768,415
542.08,1544620396,4680.13,51.471848,7.456779,157.57,14.47,-0.22,114.08,1,-86,-5,21,11,51,7,29568768,415
543.08,1544620397,4694.63,51.471798,7.456940,157.16,13.39,-1.07,114.46,1,-86,-5,21,11,51,7,29568768,415
544.08,1544620398,4708.02,51.471747,7.457099,156.72,12.89,-0.50,114.86,1,-88,-6,17,15,49,7,29568768,415
545.08,1544620399,4720.93,51.471694,7.457272,156.27,12.50,-0.39,115.22,1,-88,-6,17,15,49,7,29568768,415
546.08,1544620400,4733.42,51.471646,7.457411,156.07,12.24,-0.26,116.52,1,-89,-6,21,15,49,7,29568768,415
547.08,1544620401,4745.65,51.471589,7.457565,155.79,11.92,-0.32,117.88,1,-89,-6,21,15,49,7,29568768,415
548.08,1544620402,4757.59,51.471535,7.457713,155.43,11.59,-0.34,118.19,1,-91,-6,28,11,46,7,29568768,415
549.08,1544620403,4769.18,51.471481,7.457866,155.11,11.35,-0.24,117.67,1,-91,-6,28,11,46,7,29568768,415
550.09,1544620404,4780.56,51.471437,7.458003,155.03,10.27,-1.07,116.79,1,-89,-6,25,15,49,7,29568768,415
551.08,1544620405,4790.80,51.471393,7.458143,154.96,9.95,-0.33,116.25,1,-89,-6,25,15,49,7,29568768,415
552.08,1544620406,4800.72,51.471353,7.458278,154.99,9.47,-0.48,115.84,1,-89,-7,17,12,48,7,29568768,415
553.08,1544620407,4810.22,51.471317,7.458400,154.93,9.00,-0.46,115.27,1,-89,-7,17,12,48,7,29568768,415
554.09,1544620408,4819.23,51.471286,7.458512,154.84,8.48,-0.53,115.28,1,-92,-7,20,9,46,7,29568768,415
555.08,1544620409,4827.70,51.471257,7.458611,154.69,7.74,-0.73,115.16,1,-92,-7,20,9,46,7,29568768,415
556.09,1544620410,4835.45,51.471228,7.458714,154.46,7.30,-0.45,115.35,1,-92,-7,13,12,46,7,29568768,415
557.09,1544620411,4842.75,51.471200,7.458812,154.24,6.66,-0.64,115.82,1,-92,-7,13,12,46,7,29568768,415
558.09,1544620412,4849.41,51.471180,7.458883,154.18,5.77,-0.89,114.83,1,-92,-7,22,12,47,7,29568768,415
559.09,1544620413,4855.17,51.471159,7.458956,154.07,4.93,-0.83,115.24,1,-92,-7,22,12,47,7,29568768,415
560.09,1544620414,4860.14,51.471140,7.459022,154.06,3.79,-1.14,115.40,1,-94,-9,16,9,46,7,29568768,415
561.09,1544620415,4863.92,51.471133,7.459047,154.06,2.18,-1.62,115.75,1,-94,-9,16,9,46,7,29568768,415
562.08,1544620416,4866.08,51.471133,7.459047,154.06,0.00,-2.19,115.75,1,-94,-9,16,9,46,7,29568768,415
563.08,1544620417,4866.08,51.471133,7.459047,154.07,0.00,0.00,115.75,1,-86,-9,15,10,49,7,29568768,415
564.08,1544620418,4866.08,51.471133,7.459047,154.07,0.00,0.00,115.75,1,-86,-9,15,10,49,7,29568768,415
565.08,1544620419,4866.08,51.471133,7.459047,154.07,0.00,0.00,115.75,1,-84,-8,13,12,55,7,29568768,415
566.08,1544620420,4866.08,51.471133,7.459047,154.07,0.00,0.00,115.75,1,-84,-8,13,12,55,7,29568768,415
567.08,1544620421,4866.08,51.471133,7.459047,154.07,0.00,0.00,115.75,1,-84,-10,13,14,59,7,29568768,415
568.09,1544620422,4866.08,51.471133,7.459047,154.07,0.00,0.00,115.75,1,-84,-10,13,14,59,7,29568768,415
569.08,1544620423,4866.08,51.471133,7.459047,154.07,0.00,0.00,115.75,1,-84,-8,12,12,56,7,29568768,415
570.09,1544620424,4866.08,51.471133,7.459047,154.06,0.00,0.00,115.75,1,-84,-8,12,12,56,7,29568768,415
571.09,1544620425,4866.08,51.471133,7.459047,154.06,0.00,0.00,115.75,1,-84,-8,27,11,56,7,29568768,415
572.08,1544620426,4866.08,51.471133,7.459047,154.06,0.00,0.00,115.75,1,-84,-8,27,11,56,7,29568768,415
573.10,1544620427,4866.08,51.471133,7.459047,154.06,0.00,0.00,115.75,1,-84,-9,16,10,57,7,29568768,415
574.09,1544620428,4866.08,51.471133,7.459047,154.05,0.00,0.00,115.75,1,-84,-9,16,10,57,7,29568768,415
575.09,1544620429,4866.08,51.471133,7.459047,154.05,0.00,0.00,115.75,1,-84,-8,15,12,55,7,29568768,415
576.08,1544620430,4866.08,51.471133,7.459047,154.04,0.00,0.00,115.75,1,-84,-8,15,12,55,7,29568768,415
577.09,1544620431,4866.08,51.471133,7.459047,154.04,0.00,0.00,115.75,1,-84,-9,14,11,56,7,29568768,415
578.09,1544620432,4866.08,51.471133,7.459047,154.03,0.00,0.00,115.75,1,-84,-9,14,11,56,7,29568768,415
579.08,1544620433,4866.08,51.471133,7.459047,154.03,0.00,0.00,115.75,1,-88,-8,15,11,52,7,29568768,415
580.09,1544620434,4866.08,51.471133,7.459047,154.02,0.00,0.00,115.75,1,-88,-8,15,11,52,7,29568768,415
581.09,1544620435,4866.08,51.471133,7.459047,154.02,0.00,0.00,115.75,1,-87,-7,18,12,52,7,29568768,415
582.09,1544620436,4866.08,51.471133,7.459047,154.01,0.00,0.00,115.75,1,-87,-7,18,12,52,7,29568768,415
583.08,1544620437,4866.08,51.471133,7.459047,154.00,0.00,0.00,115.75,1,-87,-7,18,12,52,7,29568768,415
584.08,1544620438,4866.08,51.471133,7.459047,154.00,0.00,0.00,115.75,1,-84,-8,14,11,56,7,29568768,415
585.09,1544620439,4866.08,51.471133,7.459047,153.99,0.00,0.00,115.75,1,-84,-8,14,11,56,7,29568768,415
586.09,1544620440,4866.08,51.471133,7.459047,153.99,0.00,0.00,115.75,1,-84,-8,14,12,56,7,29568768,415
587.09,1544620441,4866.08,51.471133,7.459047,153.99,0.00,0.00,115.75,1,-84,-8,14,12,56,7,29568768,415
588.09,1544620442,4866.08,51.471133,7.459047,153.98,0.00,0.00,115.75,1,-84,-8,20,12,57,7,29568768,415
589.09,1544620443,4866.08,51.471133,7.459047,153.98,0.00,0.00,115.75,1,-84,-8,20,12,57,7,29568768,415
590.09,1544620444,4866.08,51.471133,7.459047,153.97,0.00,0.00,115.75,1,-84,-9,17,11,57,7,29568768,415
591.09,1544620445,4866.08,51.471133,7.459047,153.96,0.00,0.00,115.75,1,-84,-9,17,11,57,7,29568768,415
592.09,1544620446,4866.08,51.471133,7.459047,153.96,0.00,0.00,115.75,1,-85,-9,10,9,56,7,29568768,415
593.09,1544620447,4866.08,51.471133,7.459047,153.95,0.00,0.00,115.75,1,-85,-9,10,9,56,7,29568768,415
594.09,1544620448,4866.08,51.471133,7.459047,153.95,0.00,0.00,115.75,1,-84,-9,10,12,56,7,29568768,415
595.10,1544620449,4866.08,51.471133,7.459047,153.95,0.00,0.00,115.75,1,-84,-9,10,12,56,7,29568768,415
596.09,1544620450,4866.08,51.471133,7.459047,153.94,0.00,0.00,115.75,1,-84,-9,12,12,57,7,29568768,415
597.09,1544620451,4866.08,51.471133,7.459047,153.94,0.00,0.00,115.75,1,-84,-9,12,12,57,7,29568768,415
598.09,1544620452,4866.08,51.471133,7.459047,153.93,0.00,0.00,115.75,1,-87,-8,16,12,52,7,29568768,415
599.09,1544620453,4866.08,51.471133,7.459047,153.93,0.00,0.00,115.75,1,-87,-8,16,12,52,7,29568768,415
600.09,1544620454,4866.08,51.471133,7.459047,153.90,0.00,0.00,115.75,1,-88,-8,10,9,51,7,29568768,415
601.09,1544620455,4866.08,51.471133,7.459047,153.77,0.00,0.00,113.67,1,-88,-8,10,9,51,7,29568768,415
602.09,1544620456,4866.08,51.471096,7.459177,153.69,0.00,0.00,114.49,1,-91,-10,10,7,49,7,29568768,415
603.08,1544620457,4866.08,51.471072,7.459261,153.44,5.97,0.00,115.20,1,-91,-10,10,7,49,7,29568768,415
604.08,1544620458,4872.05,51.471049,7.459339,153.40,6.52,0.55,115.76,1,-91,-10,10,7,49,7,29568768,415
605.09,1544620459,4878.59,51.471021,7.459426,153.43,7.07,0.54,116.84,1,-92,-10,10,10,50,7,29568768,415
606.09,1544620460,4885.65,51.470990,7.459525,153.28,7.79,0.72,117.44,1,-92,-10,10,10,50,7,29568768,415
607.09,1544620461,4893.45,51.470957,7.459616,153.48,8.73,0.94,117.09,1,-95,-12,6,6,49,7,29568768,415
608.09,1544620462,4902.16,51.470916,7.459750,153.48,9.15,0.42,115.68,1,-95,-12,6,6,49,7,29568768,415
609.08,1544620463,4911.31,51.470881,7.459870,153.29,8.98,-0.17,114.91,1,-97,-12,-1,5,47,7,29568768,415
610.09,1544620464,4920.30,51.470849,7.459992,153.41,8.77,-0.21,114.11,1,-97,-12,-1,5,47,7,29568768,415
611.09,1544620465,4929.11,51.470814,7.460121,153.53,8.60,-0.18,113.06,1,-97,-12,3,10,46,7,29568768,415
612.08,1544620466,4937.66,51.470781,7.460252,153.83,8.79,0.19,112.40,1,-97,-12,3,10,46,7,29568768,415
613.09,1544620467,4946.49,51.470752,7.460373,153.84,9.19,0.40,111.41,1,-99,-15,-1,5,47,7,29568768,415
614.09,1544620468,4955.68,51.470723,7.460490,153.74,9.67,0.48,111.68,1,-99,-15,-1,5,47,7,29568768,415
615.09,1544620469,4965.34,51.470692,7.460607,153.61,9.24,-0.44,112.63,1,-98,-15,-3,6,44,7,29568768,415
616.09,1544620470,4974.58,51.470656,7.460740,153.33,10.20,0.97,112.98,1,-98,-15,-3,6,44,7,29568768,415
617.08,1544620471,4984.75,51.470615,7.460890,153.17,10.25,0.05,113.34,1,-86,-7,-1,6,52,6,29568769,416
618.08,1544620472,4995.00,51.470583,7.461005,153.04,10.10,-0.15,113.73,1,-86,-7,-1,6,52,6,29568769,416
619.09,1544620473,5005.12,51.470549,7.461131,152.95,10.08,-0.02,114.30,1,-94,-10,3,7,47,6,29568769,416
620.09,1544620474,5015.19,51.470513,7.461259,152.90,9.87,-0.20,114.70,1,-94,-10,3,7,47,6,29568769,416
621.09,1544620475,5025.13,51.470476,7.461389,152.95,9.79,-0.08,115.17,1,-97,-12,-6,6,47,6,29568769,416
622.09,1544620476,5034.86,51.470439,7.461517,153.03,10.15,0.36,114.83,1,-97,-12,-6,6,47,6,29568769,416
623.10,1544620477,5045.14,51.470398,7.461651,152.74,10.98,0.82,115.85,1,-97,-10,4,9,44,6,29568769,416
624.09,1544620478,5056.01,51.470352,7.461805,152.83,10.89,-0.09,115.05,1,-97,-10,4,9,44,6,29568769,416
625.09,1544620479,5066.91,51.470316,7.461925,152.93,10.71,-0.18,115.24,1,-97,-10,4,9,44,6,29568769,416
626.09,1544620480,5077.61,51.470267,7.462086,153.50,10.87,0.17,115.53,1,-100,-10,0,7,41,6,29568769,416
627.09,1544620481,5088.48,51.470226,7.462231,153.81,10.82,-0.06,115.85,1,-100,-10,0,7,41,6,29568769,416
628.08,1544620482,5099.26,51.470189,7.462365,153.61,11.64,0.83,115.44,1,-100,-10,-2,6,40,13,26378498,495
629.08,1544620483,5110.90,51.470147,7.462515,153.28,12.00,0.36,115.38,1,-100,-10,-2,6,40,13,26378498,495
630.09,1544620484,5122.94,51.470101,7.462684,153.20,12.62,0.61,115.11,1,-100,-9,3,8,40,13,26378498,495
631.09,1544620485,5135.55,51.470054,7.462846,153.03,13.10,0.49,115.62,1,-100,-9,3,8,40,13,26378498,495
632.08,1544620486,5148.61,51.470006,7.463019,152.90,13.27,0.17,115.41,1,-100,-12,3,7,42,13,26378498,495
633.09,1544620487,5161.92,51.469953,7.463204,152.96,13.30,0.02,114.75,1,-100,-12,3,7,42,13,26378498,495
634.09,1544620488,5175.22,51.469904,7.463377,153.11,13.28,-0.02,114.36,1,-101,-12,1,3,42,13,26378498,495
635.09,1544620489,5188.50,51.469855,7.463557,153.10,12.93,-0.35,113.68,1,-101,-12,1,3,42,13,26378498,495
636.09,1544620490,5201.42,51.469809,7.463742,153.08,13.18,0.25,112.46,1,-99,-9,2,5,41,13,26378498,495
637.08,1544620491,5214.58,51.469763,7.463928,153.11,14.19,1.02,111.58,1,-99,-9,2,5,41,13,26378498,495
638.09,1544620492,5228.79,51.469711,7.464145,153.12,14.92,0.72,110.16,1,-101,-9,0,4,40,13,26378498,495
639.09,1544620493,5243.71,51.469665,7.464359,153.13,16.19,1.28,108.87,1,-101,-9,0,4,40,13,26378498,495
640.09,1544620494,5259.90,51.469617,7.464596,152.92,15.39,-0.80,107.78,1,-97,-8,7,7,42,13,26378498,495
641.09,1544620495,5275.33,51.469576,7.464807,152.91,14.83,-0.56,107.08,1,-97,-8,7,7,42,13,26378498,495
642.09,1544620496,5290.16,51.469539,7.465025,152.97,15.44,0.61,105.75,1,-100,-12,4,5,44,13,26378498,495
643.09,1544620497,5305.60,51.469510,7.465242,153.18,16.29,0.86,104.06,1,-100,-12,4,5,44,13,26378498,495
644.10,1544620498,5322.04,51.469482,7.465481,153.23,16.26,-0.03,102.23,1,-102,-12,-1,7,41,13,26378498,495
645.09,1544620499,5338.12,51.469459,7.465720,153.09,15.89,-0.38,100.54,1,-102,-12,-1,7,41,13,26378498,495
646.09,1544620500,5354.00,51.469439,7.465953,153.21,15.77,-0.12,98.90,1,-102,-12,-1,7,41,13,26378498,495
647.09,1544620501,5369.79,51.469432,7.466188,153.23,15.54,-0.23,97.14,1,-99,-10,-1,8,42,13,26378498,495
648.09,1544620502,5385.31,51.469422,7.466407,153.20,15.17,-0.37,96.15,1,-99,-10,-1,8,42,13,26378498,495
649.08,1544620503,5400.46,51.469418,7.466615,153.31,15.60,0.43,94.48,1,-96,-8,-2,6,42,15,29401601,354
650.08,1544620504,5416.06,51.469419,7.466817,153.09,15.51,-0.09,92.18,1,-96,-8,-2,6,42,15,29401601,354
651.09,1544620505,5431.59,51.469430,7.467043,152.82,15.71,0.19,90.18,1,-97,-9,4,9,43,15,29401601,354
652.08,1544620506,5447.27,51.469446,7.467268,152.74,15.82,0.11,88.42,1,-97,-9,4,9,43,15,29401601,354
653.08,1544620507,5463.09,51.469462,7.467500,152.43,16.18,0.36,86.96,1,-95,-9,9,9,46,15,29401601,354
654.09,1544620508,5479.30,51.469483,7.467735,151.92,16.72,0.54,85.49,1,-95,-9,9,9,46,15,29401601,354
655.09,1544620509,5496.05,51.469504,7.467976,151.27,17.10,0.38,84.14,1,-101,-12,1,7,39,15,29401601,354
656.09,1544620510,5513.16,51.469533,7.468234,151.26,17.36,0.26,83.08,1,-101,-12,1,7,39,15,29401601,354
657.09,1544620511,5530.48,51.469557,7.468482,151.76,17.48,0.12,83.61,1,-104,-11,4,8,36,15,29401601,354
658.09,1544620512,5547.98,51.469585,7.468740,152.09,17.90,0.42,82.50,1,-104,-11,4,8,36,15,29401601,354
659.09,1544620513,5565.90,51.469616,7.469001,152.52,17.78,-0.12,82.05,1,-105,-12,0,8,39,15,29401601,354
660.09,1544620514,5583.72,51.469645,7.469250,152.76,17.97,0.19,81.61,1,-105,-12,0,8,39,15,29401601,354
661.09,1544620515,5601.63,51.469678,7.469506,152.97,17.26,-0.72,80.54,1,-102,-13,-3,6,42,29,30422272,153
662.08,1544620516,5618.86,51.469710,7.469770,153.19,17.82,0.56,79.99,1,-102,-13,-3,6,42,29,30422272,153
663.09,1544620517,5636.73,51.469744,7.470028,153.09,17.79,-0.04,80.36,1,-101,-15,-1,7,45,29,30422272,153
664.09,1544620518,5654.52,51.469771,7.470276,152.84,16.78,-1.00,82.73,1,-101,-15,-1,7,45,29,30422272,153
665.09,1544620519,5671.40,51.469791,7.470506,152.54,17.54,0.75,83.68,1,-103,-12,-1,9,40,29,30422272,153
666.09,1544620520,5688.80,51.469807,7.470780,152.75,17.75,0.21,84.77,1,-103,-12,-1,9,40,29,30422272,153
667.09,1544620521,5706.55,51.469820,7.471042,152.89,17.05,-0.70,86.20,1,-103,-12,-1,9,40,29,30422272,153
668.09,1544620522,5723.62,51.469829,7.471296,153.18,18.32,1.28,86.91,1,-98,-9,4,6,43,20,31263232,281
669.09,1544620523,5741.92,51.469836,7.471567,153.56,18.88,0.56,87.94,1,-98,-9,4,6,43,20,31263232,281
670.09,1544620524,5760.82,51.469839,7.471831,154.12,18.34,-0.54,89.01,1,-97,-9,1,7,43,20,31263232,281
671.09,1544620525,5779.16,51.469837,7.472100,154.63,17.67,-0.67,90.91,1,-97,-9,1,7,43,20,31263232,281
672.09,1544620526,5796.85,51.469826,7.472345,155.39,17.15,-0.52,93.50,1,-96,-8,19,7,43,20,31263232,281
673.09,1544620527,5813.98,51.469810,7.472598,155.75,17.07,-0.08,95.35,1,-96,-8,19,7,43,20,31263232,281
674.09,1544620528,5831.05,51.469795,7.472860,155.95,17.45,0.37,96.09,1,-101,-10,2,7,40,20,31263232,281
675.09,1544620529,5848.50,51.469775,7.473106,156.38,16.71,-0.74,97.01,1,-101,-10,2,7,40,20,31263232,281
676.09,1544620530,5865.21,51.469752,7.473365,156.59,17.49,0.78,97.40,1,-103,-9,4,7,38,20,31263232,281
677.09,1544620531,5882.70,51.469728,7.473628,157.16,17.79,0.30,97.86,1,-103,-9,4,7,38,20,31263232,281
678.09,1544620532,5900.51,51.469699,7.473879,157.84,18.36,0.56,98.74,1,-100,-10,1,5,42,20,31263232,281
679.09,1544620533,5918.87,51.469669,7.474138,158.44,18.99,0.63,98.54,1,-100,-10,1,5,42,20,31263232,281
680.09,1544620534,5937.87,51.469644,7.474395,159.14,19.03,0.05,98.05,1,-102,-12,1,3,42,20,31263232,281
681.09,1544620535,5956.90,51.469615,7.474665,159.68,18.49,-0.55,98.96,1,-102,-12,1,3,42,20,31263232,281
682.09,1544620536,5975.39,51.469589,7.474925,160.06,17.78,-0.71,98.33,1,-104,-16,-4,4,44,20,31263232,281
683.09,1544620537,5993.17,51.469568,7.475179,160.32,17.13,-0.64,97.25,1,-104,-16,-4,4,44,20,31263232,281
684.09,1544620538,6010.28,51.469552,7.475424,160.89,16.51,-0.62,96.25,1,-104,-15,-6,5,44,20,31263232,281
685.09,1544620539,6026.81,51.469539,7.475661,161.35,15.77,-0.74,95.46,1,-104,-15,-6,5,44,20,31263232,281
686.10,1544620540,6042.70,51.469533,7.475889,161.35,15.50,-0.26,94.23,1,-104,-16,-5,5,44,20,31263232,281
687.09,1544620541,6058.07,51.469530,7.476095,161.27,14.23,-1.28,92.30,1,-104,-16,-5,5,44,20,31263232,281
688.09,1544620542,6072.33,51.469532,7.476301,161.34,14.14,-0.09,90.31,1,-104,-16,-5,5,44,20,31263232,281
689.09,1544620543,6086.41,51.469538,7.476512,161.08,14.09,-0.05,87.20,1,-101,-13,-6,6,45,25,28371200,68
690.09,1544620544,6100.52,51.469543,7.476736,160.82,13.79,-0.30,86.20,1,-101,-13,-6,6,45,25,28371200,68
691.09,1544620545,6114.34,51.469553,7.476923,160.69,13.67,-0.12,85.60,1,-102,-13,-2,7,41,25,28371200,68
692.09,1544620546,6128.01,51.469562,7.477124,160.31,13.28,-0.39,86.05,1,-102,-13,-2,7,41,25,28371200,68
693.09,1544620547,6141.28,51.469573,7.477318,160.72,12.65,-0.64,85.53,1,-103,-13,-3,5,41,25,28371200,68
694.09,1544620548,6153.94,51.469586,7.477532,161.07,13.26,0.61,84.87,1,-103,-13,-3,5,41,25,28371200,68
695.09,1544620549,6167.18,51.469603,7.477736,161.56,12.58,-0.68,84.46,1,-102,-10,19,7,39,25,28371200,68
696.09,1544620550,6179.76,51.469620,7.477904,162.41,12.72,0.14,85.60,1,-102,-10,19,7,39,25,28371200,68
697.09,1544620551,6192.47,51.469640,7.478086,163.22,14.27,1.55,82.39,1,-96,-11,-3,7,46,25,28371200,68
698.09,1544620552,6206.74,51.469672,7.478302,164.09,14.11,-0.16,79.74,1,-96,-11,-3,7,46,25,28371200,68
699.08,1544620553,6220.81,51.469709,7.478503,165.06,13.47,-0.64,77.47,1,-92,-9,0,6,48,10,29913344,432
700.08,1544620554,6234.27,51.469740,7.478682,166.07,12.50,-0.96,76.51,1,-92,-9,0,6,48,10,29913344,432
701.08,1544620555,6246.74,51.469774,7.478849,166.78,12.37,-0.13,75.33,1,-89,-8,1,6,50,8,26378497,496
702.08,1544620556,6259.13,51.469809,7.479023,167.78,12.41,0.03,74.86,1,-89,-8,1,6,50,8,26378497,496
703.09,1544620557,6271.57,51.469847,7.479202,168.99,12.60,0.19,74.28,1,-86,-7,13,12,50,8,26378497,496
704.08,1544620558,6284.16,51.469884,7.479379,170.09,12.76,0.16,74.01,1,-86,-7,13,12,50,8,26378497,496
705.08,1544620559,6296.91,51.469918,7.479555,171.02,12.88,0.12,73.56,1,-85,-6,28,10,52,8,26378497,496
706.08,1544620560,6309.81,51.469955,7.479737,171.93,13.43,0.55,72.83,1,-85,-6,28,10,52,8,26378497,496
707.09,1544620561,6323.33,51.470001,7.479929,172.60,14.27,0.83,69.93,1,-80,-6,16,12,57,8,26378497,496
708.08,1544620562,6337.50,51.470045,7.480106,173.16,13.69,-0.58,70.55,1,-80,-6,16,12,57,8,26378497,496
709.08,1544620563,6351.18,51.470091,7.480291,173.64,13.42,-0.27,70.91,1,-80,-6,16,12,57,8,26378497,496
710.08,1544620564,6364.61,51.470131,7.480472,173.82,12.97,-0.45,71.50,1,-85,-6,13,10,52,8,26378497,496
711.08,1544620565,6377.54,51.470168,7.480650,173.78,12.78,-0.19,71.42,1,-85,-6,13,10,52,8,26378497,496
712.09,1544620566,6390.39,51.470201,7.480815,173.29,12.53,-0.24,71.44,1,-88,-8,11,8,50,8,26378497,496
713.08,1544620567,6402.86,51.470234,7.480980,172.95,12.33,-0.20,71.83,1,-88,-8,11,8,50,8,26378497,496
714.09,1544620568,6415.23,51.470270,7.481153,172.84,10.90,-1.42,72.46,1,-87,-6,3,6,49,8,26378497,496
715.08,1544620569,6426.12,51.470299,7.481299,172.79,9.43,-1.47,72.99,1,-87,-6,3,6,49,8,26378497,496
716.08,1544620570,6435.55,51.470322,7.481419,172.62,7.96,-1.47,73.52,1,-84,-6,15,12,52,8,26378497,496
717.08,1544620571,6443.50,51.470336,7.481506,172.46,5.88,-2.08,77.23,1,-84,-6,15,12,52,8,26378497,496
718.08,1544620572,6449.39,51.470314,7.481588,172.17,5.65,-0.23,117.23,1,-90,-6,10,8,48,8,26378497,496
719.08,1544620573,6455.04,51.470268,7.481637,172.70,7.01,1.36,142.32,1,-90,-6,10,8,48,8,26378497,496
720.08,1544620574,6462.05,51.470198,7.481663,173.21,8.00,0.99,164.33,1,-90,-6,9,7,47,8,26378497,496
721.08,1544620575,6470.03,51.470099,7.481716,173.28,8.98,0.99,163.28,1,-90,-6,9,7,47,8,26378497,496
722.09,1544620576,6479.04,51.470016,7.481765,172.74,8.95,-0.03,162.72,1,-91,-7,12,8,46,8,26378497,496
723.08,1544620577,6487.99,51.469931,7.481814,171.93,9.36,0.40,163.71,1,-91,-7,12,8,46,8,26378497,496
724.08,1544620578,6497.35,51.469842,7.481859,171.22,9.35,-0.01,164.43,1,-90,-7,13,12,48,8,26378497,496
725.08,1544620579,6506.70,51.469759,7.481901,170.76,9.12,-0.23,164.90,1,-90,-7,13,12,48,8,26378497,496
726.08,1544620580,6515.82,51.469677,7.481936,170.33,9.14,0.01,165.90,1,-92,-8,7,9,47,8,26378497,496
727.09,1544620581,6524.97,51.469596,7.481971,169.97,9.43,0.30,165.37,1,-92,-8,7,9,47,8,26378497,496
728.09,1544620582,6534.40,51.469517,7.482003,169.86,9.65,0.22,165.83,1,-93,-8,1,5,47,8,26378497,496
729.09,1544620583,6544.05,51.469433,7.482041,170.18,8.89,-0.76,166.45,1,-93,-8,1,5,47,8,26378497,496
730.09,1544620584,6553.00,51.469361,7.482064,170.73,6.70,-2.17,167.16,1,-91,-8,6,9,48,8,26378497,496
731.08,1544620585,6559.64,51.469303,7.482087,170.89,6.70,0.00,168.77,1,-91,-8,6,9,48,8,26378497,496
732.09,1544620586,6566.38,51.469230,7.482107,171.27,7.20,0.49,170.01,1,-91,-8,6,9,48,8,26378497,496
733.08,1544620587,6573.53,51.469157,7.482131,171.73,8.29,1.10,168.31,1,-89,-8,3,6,50,8,29913344,432
734.08,1544620588,6581.84,51.469090,7.482153,171.72,7.62,-0.67,169.06,1,-89,-8,3,6,50,8,29913344,432
735.09,1544620589,6589.48,51.469007,7.482177,171.39,8.82,1.19,169.40,1,-89,-7,1,8,48,8,29913344,432
736.09,1544620590,6598.30,51.468919,7.482201,171.25,10.33,1.52,168.71,1,-89,-7,1,8,48,8,29913344,432
737.09,1544620591,6608.63,51.468823,7.482230,171.53,11.17,0.84,167.61,1,-94,-9,20,6,45,8,29913344,432
738.09,1544620592,6619.79,51.468719,7.482271,171.51,12.41,1.24,166.49,1,-94,-9,20,6,45,8,29913344,432
739.09,1544620593,6632.22,51.468601,7.482325,171.23,13.13,0.72,165.37,1,-91,-7,7,7,48,8,29913344,432
740.09,1544620594,6645.34,51.468480,7.482379,170.93,13.05,-0.08,164.74,1,-91,-7,7,7,48,8,29913344,432
741.08,1544620595,6658.35,51.468366,7.482434,170.66,12.99,-0.06,164.05,1,-93,-7,6,10,45,8,29913344,432
742.08,1544620596,6671.34,51.468260,7.482483,170.74,12.61,-0.38,164.65,1,-93,-7,6,10,45,8,29913344,432
743.08,1544620597,6683.95,51.468161,7.482532,171.14,12.41,-0.20,164.98,1,-95,-8,7,11,42,8,29913344,432
744.09,1544620598,6696.40,51.468048,7.482575,171.24,12.54,0.13,166.36,1,-95,-8,7,11,42,8,29913344,432
745.09,1544620599,6708.93,51.467940,7.482611,171.51,12.43,-0.10,167.68,1,-94,-8,5,10,44,8,29913344,432
746.09,1544620600,6721.37,51.467835,7.482643,171.58,12.62,0.18,168.11,1,-94,-8,5,10,44,8,29913344,432
747.08,1544620601,6733.97,51.467726,7.482679,171.82,12.63,0.01,168.58,1,-93,-7,11,10,45,8,29913344,432
748.08,1544620602,6746.60,51.467607,7.482710,171.80,13.45,0.82,169.65,1,-93,-7,11,10,45,8,29913344,432
749.08,1544620603,6760.05,51.467484,7.482736,171.22,13.15,-0.29,171.67,1,-88,-6,19,9,47,8,29913344,432
750.08,1544620604,6773.20,51.467353,7.482758,170.37,13.29,0.14,173.71,1,-88,-6,19,9,47,8,29913344,432
751.09,1544620605,6786.59,51.467226,7.482773,169.93,14.05,0.76,175.76,1,-90,-7,12,12,47,8,29913344,432
752.08,1544620606,6800.52,51.467106,7.482771,169.82,14.31,0.27,177.90,1,-90,-7,12,12,47,8,29913344,432
753.08,1544620607,6814.85,51.466980,7.482764,169.55,14.68,0.36,179.93,1,-90,-7,12,12,47,8,29913344,432
754.08,1544620608,6829.52,51.466858,7.482748,169.21,14.33,-0.35,182.21,1,-95,-6,15,1,42,8,29913344,432
755.08,1544620609,6843.86,51.466729,7.482716,168.97,14.74,0.41,185.18,1,-95,-6,15,1,42,8,29913344,432
756.08,1544620610,6858.59,51.466596,7.482670,168.81,14.81,0.06,188.59,1,-93,-6,12,10,44,8,29913344,432
757.08,1544620611,6873.41,51.466456,7.482617,168.57,14.94,0.13,192.33,1,-93,-6,12,10,44,8,29913344,432
758.08,1544620612,6888.35,51.466335,7.482557,168.62,13.21,-1.72,194.73,1,-84,-5,18,10,54,8,29913344,432
759.08,1544620613,6901.56,51.466219,7.482500,168.67,13.05,-0.17,196.61,1,-84,-5,18,10,54,8,29913344,432
760.08,1544620614,6914.61,51.466080,7.482412,168.46,14.01,0.97,198.00,1,-85,-6,15,11,53,8,29913344,432
761.08,1544620615,6928.57,51.465936,7.482338,169.24,15.79,1.79,196.21,1,-85,-6,15,11,53,8,29913344,432
762.08,1544620616,6944.40,51.465806,7.482277,169.72,14.97,-0.82,195.68,1,-95,-7,15,10,40,8,29913344,432
763.08,1544620617,6959.39,51.465664,7.482205,169.67,14.97,0.00,196.18,1,-95,-7,15,10,40,8,29913344,432
764.08,1544620618,6974.36,51.465549,7.482126,169.94,12.60,-2.37,204.50,1,-94,-6,18,11,42,8,29913344,432
765.08,1544620619,6986.95,51.465465,7.482059,169.01,11.33,-1.27,203.98,1,-94,-6,18,11,42,8,29913344,432
766.08,1544620620,6998.29,51.465376,7.481979,168.23,11.23,-0.10,203.34,1,-83,-6,17,10,54,8,29913344,432
767.08,1544620621,7009.53,51.465285,7.481879,167.70,11.57,0.33,203.38,1,-83,-6,17,10,54,8,29913344,432
768.08,1544620622,7021.10,51.465190,7.481792,166.99,12.55,0.98,202.06,1,-82,-6,18,1,56,8,29913344,432
769.08,1544620623,7033.64,51.465084,7.481717,166.03,13.05,0.51,202.93,1,-82,-6,18,1,56,8,29913344,432
770.08,1544620624,7046.70,51.464984,7.481648,165.16,13.12,0.06,202.44,1,-84,-7,15,11,53,8,29913344,432
771.08,1544620625,7059.81,51.464869,7.481577,164.57,14.20,1.09,201.00,1,-84,-7,15,11,53,8,29913344,432
772.09,1544620626,7074.09,51.464748,7.481497,164.03,13.82,-0.38,200.13,1,-87,-9,12,10,52,8,29913344,432
773.09,1544620627,7087.87,51.464628,7.481425,163.95,13.77,-0.05,199.27,1,-87,-9,12,10,52,8,29913344,432
774.09,1544620628,7101.63,51.464507,7.481360,164.05,13.84,0.07,198.81,1,-87,-9,12,10,52,8,29913344,432
775.09,1544620629,7115.47,51.464401,7.481302,164.44,13.40,-0.44,198.36,1,-91,-9,11,10,49,8,29913344,432
776.09,1544620630,7128.86,51.464294,7.481247,164.41,12.66,-0.74,197.91,1,-91,-9,11,10,49,8,29913344,432
777.09,1544620631,7141.52,51.464186,7.481190,164.34,12.40,-0.26,197.19,1,-86,-10,10,10,56,8,29913344,432
778.08,1544620632,7153.91,51.464089,7.481147,164.05,11.79,-0.61,196.43,1,-86,-10,10,10,56,8,29913344,432
779.08,1544620633,7165.70,51.463986,7.481095,163.90,11.60,-0.19,195.72,1,-80,-6,14,13,58,2,29913346,433
780.08,1544620634,7177.30,51.463885,7.481046,163.77,11.67,0.07,196.54,1,-80,-6,14,13,58,2,29913346,433
781.08,1544620635,7188.97,51.463788,7.480997,163.67,11.40,-0.27,196.56,1,-81,-7,22,14,56,2,29913346,433
782.08,1544620636,7200.36,51.463696,7.480953,163.62,10.97,-0.43,196.60,1,-81,-7,22,14,56,2,29913346,433
783.08,1544620637,7211.34,51.463600,7.480906,163.74,10.57,-0.39,196.93,1,-83,-7,21,8,54,2,29913346,433
784.08,1544620638,7221.90,51.463510,7.480861,164.01,9.87,-0.70,196.56,1,-83,-7,21,8,54,2,29913346,433
785.08,1544620639,7231.78,51.463436,7.480823,164.12,8.79,-1.08,195.97,1,-81,-6,29,12,56,2,29913346,433
786.08,1544620640,7240.58,51.463371,7.480790,164.28,8.69,-0.11,196.75,1,-81,-6,29,12,56,2,29913346,433
787.08,1544620641,7249.25,51.463287,7.480747,164.84,9.53,0.84,197.37,1,-75,-6,30,12,61,2,29913346,433
788.08,1544620642,7258.78,51.463198,7.480704,165.36,10.67,1.14,196.38,1,-75,-6,30,12,61,2,29913346,433
789.08,1544620643,7269.46,51.463099,7.480658,166.04,11.62,0.95,195.82,1,-73,-5,21,15,63,2,29913346,433
790.08,1544620644,7281.07,51.462989,7.480610,166.10,11.66,0.04,196.22,1,-73,-5,21,15,63,2,29913346,433
791.08,1544620645,7292.72,51.462883,7.480561,166.24,11.80,0.13,196.47,1,-69,-7,30,15,63,2,29913346,433
792.08,1544620646,7304.52,51.462789,7.480516,166.82,12.30,0.51,196.09,1,-69,-7,30,15,63,2,29913346,433
793.09,1544620647,7316.88,51.462686,7.480470,167.29,11.91,-0.39,195.63,1,-77,-5,30,15,59,2,29913346,433
794.08,1544620648,7328.74,51.462574,7.480424,167.56,11.93,0.02,195.05,1,-77,-5,30,15,59,2,29913346,433
795.08,1544620649,7340.68,51.462461,7.480378,167.64,12.10,0.17,195.13,1,-77,-5,30,15,59,2,29913346,433
796.08,1544620650,7352.78,51.462367,7.480339,167.78,9.98,-2.12,194.78,1,-79,-5,16,15,58,2,29913346,433
797.08,1544620651,7362.76,51.462295,7.480310,167.88,7.86,-2.12,195.24,1,-79,-5,16,15,58,2,29913346,433
798.08,1544620652,7370.62,51.462248,7.480287,168.11,5.02,-2.85,195.58,1,-83,-6,27,14,54,2,29913346,433
799.08,1544620653,7375.64,51.462207,7.480273,168.12,3.28,-1.74,195.12,1,-83,-6,27,14,54,2,29913346,433
800.10,1544620654,7378.96,51.462180,7.480259,168.14,2.16,-1.11,195.71,1,-85,-6,25,10,53,2,29913346,433
801.08,1544620655,7381.09,51.462175,7.480249,168.15,0.98,-1.19,195.71,1,-85,-6,25,10,53,2,29913346,433
802.08,1544620656,7382.07,51.462175,7.480249,168.15,0.00,-0.98,195.71,1,-85,-7,25,11,51,2,29913346,433
803.08,1544620657,7382.07,51.462175,7.480249,168.15,0.00,0.00,195.71,1,-85,-7,25,11,51,2,29913346,433
804.08,1544620658,7382.07,51.462175,7.480249,168.17,0.00,0.00,195.71,1,-87,-6,24,12,47,2,29913346,433
805.08,1544620659,7382.07,51.462175,7.480249,168.19,0.00,0.00,196.82,1,-87,-6,24,12,47,2,29913346,433
806.08,1544620660,7382.07,51.462175,7.480249,168.23,0.00,0.00,178.47,1,-89,-6,19,11,47,2,29913346,433
807.08,1544620661,7382.07,51.462078,7.480286,168.47,5.66,0.00,138.80,1,-89,-6,19,11,47,2,29913346,433
808.08,1544620662,7387.73,51.462067,7.480352,168.93,6.98,1.32,103.42,1,-83,-6,13,11,53,2,29913346,433
809.08,1544620663,7394.71,51.462042,7.480482,169.30,8.16,1.18,99.85,1,-83,-6,13,11,53,2,29913346,433
810.09,1544620664,7402.88,51.462034,7.480620,169.78,10.12,1.96,97.16,1,-87,-7,4,7,51,2,29913346,433
811.08,1544620665,7412.99,51.462027,7.480756,170.08,11.50,1.38,95.01,1,-87,-7,4,7,51,2,29913346,433
812.08,1544620666,7424.47,51.462024,7.480927,170.42,11.61,0.11,93.35,1,-84,-6,23,9,52,2,29913346,433
813.08,1544620667,7436.09,51.462021,7.481074,170.51,11.70,0.09,91.97,1,-84,-6,23,9,52,2,29913346,433
814.09,1544620668,7447.89,51.462019,7.481251,170.87,12.30,0.59,91.20,1,-87,-7,7,15,51,2,29913346,433
815.08,1544620669,7460.09,51.462018,7.481402,171.09,11.68,-0.62,91.69,1,-87,-7,7,15,51,2,29913346,433
816.08,1544620670,7471.77,51.462018,7.481578,171.20,11.38,-0.30,90.76,1,-87,-7,7,15,51,2,29913346,433
817.08,1544620671,7483.14,51.462016,7.481745,171.59,11.71,0.33,90.32,1,-81,-7,16,12,54,2,29913346,433
818.08,1544620672,7494.86,51.462018,7.481927,171.84,11.57,-0.13,91.39,1,-81,-7,16,12,54,2,29913346,433
819.09,1544620673,7506.45,51.462015,7.482076,172.24,10.93,-0.65,92.36,1,-81,-9,18,15,60,2,29913346,433
820.08,1544620674,7517.36,51.462015,7.482227,172.86,9.76,-1.16,91.83,1,-81,-9,18,15,60,2,29913346,433
821.09,1544620675,7527.14,51.462015,7.482358,173.59,8.52,-1.24,91.46,1,-88,-11,5,9,54,2,29913346,433
822.08,1544620676,7535.65,51.462011,7.482458,174.31,7.91,-0.62,91.09,1,-88,-11,5,9,54,2,29913346,433
823.08,1544620677,7543.54,51.462009,7.482572,174.93,8.24,0.34,91.05,1,-83,-7,7,6,55,2,29913345,434
824.09,1544620678,7551.81,51.462006,7.482696,175.49,8.94,0.70,90.32,1,-83,-7,7,6,55,2,29913345,434
825.08,1544620679,7560.73,51.462005,7.482831,175.89,9.60,0.66,90.52,1,-78,-9,14,11,58,2,29913345,434
826.09,1544620680,7570.35,51.462003,7.482976,176.16,10.44,0.84,90.27,1,-78,-9,14,11,58,2,29913345,434
827.08,1544620681,7580.78,51.462004,7.483130,176.59,10.29,-0.15,89.79,1,-77,-9,19,15,60,2,29913345,434
828.08,1544620682,7591.06,51.462006,7.483267,177.12,9.11,-1.18,90.17,1,-77,-9,19,15,60,2,29913345,434
829.08,1544620683,7600.17,51.462004,7.483388,177.70,7.68,-1.43,91.13,1,-84,-6,16,10,53,2,29913345,434
830.08,1544620684,7607.86,51.462001,7.483515,177.44,9.06,1.38,90.33,1,-84,-6,16,10,53,2,29913345,434
831.09,1544620685,7616.93,51.461993,7.483671,177.45,9.04,-0.02,94.36,1,-90,-6,23,12,47,2,29913345,434
832.08,1544620686,7625.94,51.461929,7.483803,176.02,11.63,2.60,127.11,1,-90,-6,23,12,47,2,29913345,434
833.08,1544620687,7637.58,51.461872,7.483912,175.22,11.19,-0.44,127.48,1,-89,-6,20,11,46,2,29913345,434
834.08,1544620688,7648.78,51.461856,7.484016,174.64,7.97,-3.21,105.60,1,-89,-6,20,11,46,2,29913345,434
835.08,1544620689,7656.75,51.461825,7.484110,173.81,7.22,-0.75,120.73,1,-87,-8,21,13,52,2,29913345,434
836.08,1544620690,7663.96,51.461779,7.484172,173.23,7.80,0.58,148.01,1,-87,-8,21,13,52,2,29913345,434
837.09,1544620691,7671.83,51.461750,7.484222,173.72,7.79,-0.01,151.95,1,-85,-6,27,12,52,2,29913345,434
838.08,1544620692,7679.56,51.461713,7.484263,174.48,8.54,0.76,156.03,1,-85,-6,27,12,52,2,29913345,434
839.08,1544620693,7688.11,51.461666,7.484310,175.53,8.51,-0.03,159.90,1,-85,-6,27,12,52,2,29913345,434
840.09,1544620694,7696.64,51.461604,7.484335,176.28,7.92,-0.60,173.16,1,-82,-5,23,12,54,2,29913345,434
841.10,1544620695,7704.63,51.461534,7.484362,176.69,7.48,-0.43,172.09,1,-82,-5,23,12,54,2,29913345,434
842.08,1544620696,7712.02,51.461445,7.484388,176.99,9.27,1.81,173.10,1,-84,-7,18,11,54,2,29913345,434
843.08,1544620697,7721.26,51.461343,7.484413,177.33,9.19,-0.07,174.52,1,-84,-7,18,11,54,2,29913345,434
844.08,1544620698,7730.48,51.461227,7.484437,177.69,11.31,2.11,174.10,1,-86,-6,16,10,51,2,29913345,434
845.09,1544620699,7741.81,51.461112,7.484465,178.59,12.10,0.79,173.64,1,-86,-6,16,10,51,2,29913345,434
846.08,1544620700,7753.90,51.461008,7.484485,179.46,11.07,-1.03,174.15,1,-90,-6,13,8,48,2,29913345,434
847.08,1544620701,7764.98,51.460912,7.484502,180.30,10.47,-0.61,176.17,1,-90,-6,13,8,48,2,29913345,434
848.09,1544620702,7775.46,51.460808,7.484517,181.15,11.32,0.85,177.46,1,-90,-9,11,8,50,2,29913345,434
849.08,1544620703,7786.76,51.460694,7.484536,181.99,12.59,1.28,178.10,1,-90,-9,11,8,50,2,29913345,434
850.08,1544620704,7799.33,51.460570,7.484547,182.58,13.16,0.57,179.24,1,-89,-7,9,7,50,2,29913345,434
851.09,1544620705,7812.53,51.460463,7.484541,183.40,11.54,-1.62,182.46,1,-89,-7,9,7,50,2,29913345,434
852.08,1544620706,7824.06,51.460351,7.484528,184.39,12.05,0.51,184.05,1,-94,-9,10,5,44,2,29913345,434
853.08,1544620707,7836.10,51.460239,7.484515,185.30,12.41,0.36,183.95,1,-94,-9,10,5,44,2,29913345,434
854.09,1544620708,7848.57,51.460128,7.484493,186.21,12.38,-0.03,186.01,1,-97,-11,5,8,43,2,29913345,434
855.09,1544620709,7860.93,51.460017,7.484467,187.09,12.06,-0.32,187.63,1,-97,-11,5,8,43,2,29913345,434
856.09,1544620710,7872.97,51.459909,7.484445,187.82,11.87,-0.19,188.28,1,-101,-9,5,8,37,2,29913345,434
857.09,1544620711,7884.85,51.459791,7.484420,188.63,12.47,0.59,188.95,1,-101,-9,5,8,37,2,29913345,434
858.09,1544620712,7897.38,51.459674,7.484390,189.20,13.62,1.14,189.30,1,-105,-9,8,5,35,2,29913345,434
859.08,1544620713,7910.91,51.459552,7.484351,189.75,13.88,0.27,190.22,1,-105,-9,8,5,35,2,29913345,434
860.08,1544620714,7924.78,51.459436,7.484320,190.42,13.41,-0.47,189.95,1,-105,-9,8,5,35,2,29913345,434
861.08,1544620715,7938.21,51.459320,7.484285,191.18,13.52,0.10,190.66,1,-97,-6,2,9,40,2,29913345,434
862.08,1544620716,7951.69,51.459203,7.484244,192.13,13.22,-0.29,191.53,1,-97,-6,2,9,40,2,29913345,434
863.08,1544620717,7964.92,51.459078,7.484206,193.19,13.36,0.13,192.17,1,-100,-9,3,8,38,2,29913345,434
864.08,1544620718,7978.29,51.458957,7.484165,194.27,13.54,0.18,193.05,1,-100,-9,3,8,38,2,29913345,434
865.08,1544620719,7991.83,51.458833,7.484120,195.38,14.04,0.50,192.67,1,-101,-11,2,7,39,2,29913345,434
866.08,1544620720,8005.86,51.458714,7.484076,196.24,13.98,-0.05,192.03,1,-101,-11,2,7,39,2,29913345,434
867.09,1544620721,8019.91,51.458591,7.484034,197.11,13.80,-0.19,192.91,1,-101,-11,2,4,40,2,29913345,434
868.09,1544620722,8033.70,51.458469,7.483988,198.03,14.55,0.75,192.86,1,-101,-11,2,4,40,2,29913345,434
869.09,1544620723,8048.24,51.458335,7.483943,199.06,14.22,-0.33,192.40,1,-105,-10,4,7,36,2,29913345,434
870.09,1544620724,8062.49,51.458210,7.483898,200.14,13.62,-0.60,192.95,1,-105,-10,4,7,36,2,29913345,434
871.09,1544620725,8076.08,51.458087,7.483852,201.16,13.70,0.08,193.72,1,-98,-9,4,8,43,2,29913345,434
872.09,1544620726,8089.78,51.457962,7.483812,202.00,14.48,0.77,194.56,1,-98,-9,4,8,43,2,29913345,434
873.09,1544620727,8104.27,51.457823,7.483760,203.03,15.21,0.73,193.34,1,-95,-10,3,6,46,7,28371200,68
874.09,1544620728,8119.46,51.457681,7.483713,203.75,15.31,0.10,192.17,1,-95,-10,3,6,46,7,28371200,68
875.09,1544620729,8134.77,51.457543,7.483668,204.30,14.85,-0.45,191.79,1,-96,-7,10,7,42,7,28371200,68
876.09,1544620730,8149.61,51.457399,7.483625,204.96,14.89,0.04,192.76,1,-96,-7,10,7,42,7,28371200,68
877.09,1544620731,8164.50,51.457253,7.483580,205.72,15.18,0.29,192.35,1,-95,-7,14,8,43,7,28371200,68
878.09,1544620732,8179.68,51.457124,7.483540,206.19,15.21,0.03,191.65,1,-95,-7,14,8,43,7,28371200,68
879.08,1544620733,8194.88,51.457002,7.483499,206.41,15.14,-0.07,191.28,1,-96,-9,11,8,43,7,28371200,68
880.09,1544620734,8210.04,51.456867,7.483461,206.73,15.00,-0.14,190.95,1,-96,-9,11,8,43,7,28371200,68
881.10,1544620735,8225.23,51.456748,7.483431,207.18,15.26,0.25,190.50,1,-91,-8,30,12,49,7,28371200,68
882.08,1544620736,8240.24,51.456607,7.483398,207.79,15.59,0.34,189.82,1,-91,-8,30,12,49,7,28371200,68
883.08,1544620737,8255.87,51.456464,7.483368,208.09,16.04,0.45,188.65,1,-91,-8,30,12,49,7,28371200,68
884.08,1544620738,8271.88,51.456320,7.483341,208.39,16.25,0.21,187.80,1,-94,-12,7,7,49,7,28371200,68
885.09,1544620739,8288.17,51.456175,7.483315,209.10,15.99,-0.26,186.77,1,-94,-12,7,7,49,7,28371200,68
886.09,1544620740,8304.16,51.456032,7.483289,209.90,15.51,-0.47,186.11,1,-94,-9,11,12,47,7,28371200,68
887.09,1544620741,8319.67,51.455887,7.483276,210.81,15.51,0.00,184.37,1,-94,-9,11,12,47,7,28371200,68
888.09,1544620742,8335.18,51.455744,7.483278,211.58,15.54,0.03,182.36,1,-91,-11,11,9,51,7,28371200,68
889.08,1544620743,8350.71,51.455606,7.483286,211.91,15.05,-0.50,180.72,1,-91,-11,11,9,51,7,28371200,68
890.08,1544620744,8365.75,51.455474,7.483302,212.56,14.13,-0.92,178.92,1,-92,-8,13,11,47,6,28371202,67
891.08,1544620745,8379.85,51.455338,7.483319,212.92,13.46,-0.67,177.07,1,-92,-8,13,11,47,6,28371202,67
892.08,1544620746,8393.31,51.455216,7.483344,213.34,12.52,-0.94,175.34,1,-91,-9,10,11,48,6,28371202,67
893.08,1544620747,8405.81,51.455117,7.483370,213.88,11.24,-1.28,173.48,1,-91,-9,10,11,48,6,28371202,67
894.08,1544620748,8417.06,51.455012,7.483404,214.89,12.22,0.99,170.79,1,-87,-9,7,10,51,6,28371202,67
895.08,1544620749,8429.31,51.454902,7.483450,215.63,12.71,0.49,169.00,1,-87,-9,7,10,51,6,28371202,67
896.08,1544620750,8442.02,51.454782,7.483501,216.38,13.23,0.51,167.57,1,-91,-5,26,14,45,6,28371202,67
897.08,1544620751,8455.25,51.454665,7.483560,217.08,13.67,0.45,165.79,1,-91,-5,26,14,45,6,28371202,67
898.08,1544620752,8468.92,51.454537,7.483638,217.91,15.09,1.42,162.95,1,-89,-6,15,14,46,6,28371202,67
899.08,1544620753,8484.00,51.454397,7.483734,218.48,16.40,1.31,159.89,1,-89,-6,15,14,46,6,28371202,67
900.08,1544620754,8500.41,51.454254,7.483844,219.32,17.20,0.81,156.86,1,-95,-7,11,12,43,6,28371202,67
901.08,1544620755,8517.61,51.454121,7.483963,220.16,17.28,0.07,153.53,1,-95,-7,11,12,43,6,28371202,67
902.09,1544620756,8534.90,51.453991,7.484098,221.07,16.53,-0.75,150.07,1,-96,-9,7,5,42,6,28371202,67
903.08,1544620757,8551.37,51.453864,7.484241,221.70,15.91,-0.62,147.57,1,-96,-9,7,5,42,6,28371202,67
904.08,1544620758,8567.28,51.453734,7.484403,222.31,16.57,0.66,145.52,1,-96,-9,7,5,42,6,28371202,67
905.08,1544620759,8583.89,51.453617,7.484567,223.28,16.73,0.17,143.05,1,-92,-9,8,12,46,6,28371202,67
906.08,1544620760,8600.57,51.453513,7.484732,224.29,15.03,-1.71,140.05,1,-92,-9,8,12,46,6,28371202,67
907.08,1544620761,8615.63,51.453409,7.484903,225.78,16.59,1.56,137.72,1,-88,-5,16,12,49,6,28371202,67
908.08,1544620762,8632.24,51.453308,7.485084,227.08,17.68,1.08,136.21,1,-88,-5,16,12,49,6,28371202,67
909.08,1544620763,8649.90,51.453213,7.485254,228.05,15.20,-2.48,135.44,1,-82,-6,22,10,54,6,28371202,67
910.08,1544620764,8665.12,51.453114,7.485430,229.58,15.65,0.46,135.02,1,-82,-6,22,10,54,6,28371202,67
911.08,1544620765,8680.72,51.453017,7.485606,231.05,16.48,0.83,134.56,1,-82,-6,22,12,55,6,28371202,67
912.08,1544620766,8697.20,51.452919,7.485786,232.34,16.85,0.37,135.14,1,-82,-6,22,12,55,6,28371202,67
913.08,1544620767,8714.10,51.452814,7.485976,233.57,17.47,0.62,134.48,1,-84,-6,19,12,53,6,28371202,67
914.08,1544620768,8731.57,51.452717,7.486156,235.01,17.42,-0.06,133.76,1,-84,-6,19,12,53,6,28371202,67
915.08,1544620769,8748.97,51.452609,7.486337,235.89,18.47,1.06,136.57,1,-83,-5,17,11,53,6,28371202,67
916.08,1544620770,8767.44,51.452500,7.486496,236.31,15.90,-2.57,139.38,1,-83,-5,17,11,53,6,28371202,67
917.08,1544620771,8783.35,51.452404,7.486629,237.31,14.80,-1.10,141.17,1,-84,-6,13,12,53,6,28371202,67
918.08,1544620772,8798.15,51.452290,7.486767,238.00,14.57,-0.23,143.76,1,-84,-6,13,12,53,6,28371202,67
919.08,1544620773,8812.72,51.452181,7.486880,239.31,14.74,0.17,145.73,1,-87,-7,10,11,52,6,28371202,67
920.08,1544620774,8827.46,51.452065,7.486996,239.92,15.21,0.47,147.00,1,-87,-7,10,11,52,6,28371202,67
921.08,1544620775,8842.67,51.451957,7.487097,240.60,14.64,-0.57,149.44,1,-86,-6,9,15,52,6,28371202,67
922.08,1544620776,8857.27,51.451835,7.487201,241.10,14.93,0.29,151.14,1,-86,-6,9,15,52,6,28371202,67
923.09,1544620777,8872.28,51.451712,7.487301,241.53,14.72,-0.21,153.18,1,-89,-7,10,9,48,6,28371202,67
924.08,1544620778,8886.96,51.451591,7.487392,241.88,14.16,-0.56,155.12,1,-89,-7,10,9,48,6,28371202,67
925.08,1544620779,8901.10,51.451481,7.487466,242.02,13.52,-0.63,156.40,1,-89,-7,10,9,48,6,28371202,67
926.08,1544620780,8914.64,51.451372,7.487537,242.02,13.87,0.35,158.03,1,-91,-6,8,12,45,6,28371202,67
927.08,1544620781,8928.51,51.451258,7.487608,242.14,13.54,-0.33,158.62,1,-91,-6,8,12,45,6,28371202,67
928.09,1544620782,8942.06,51.451135,7.487686,242.61,13.74,0.20,157.70,1,-94,-7,10,9,42,6,28371202,67
929.09,1544620783,8955.80,51.451017,7.487768,243.18,13.78,0.04,158.17,1,-94,-7,10,9,42,6,28371202,67
