time_s,timestamp_ms,distance_m,latitude,longitude,altitude,velocity_mps,acceleration_mpss,direction,isRegistered,rsrp_dbm,rsrq_db,rssnr_db,cqi,ss,ta,ci,pci
0.03,1545056043,0.00,51.486109,7.418577,144.49,11.15,0.00,195.57,1,-102,-8,12,15,26,15,13532675,385
1.04,1545056044,11.21,51.486018,7.418541,144.41,10.87,-0.28,194.23,1,-98,-8,10,12,30,15,13532675,385
2.04,1545056045,22.09,51.485909,7.418508,144.00,11.10,0.22,190.55,1,-98,-8,10,12,30,15,13532675,385
3.04,1545056046,33.16,51.485810,7.418494,143.93,11.25,0.15,186.86,1,-98,-9,7,2,38,15,13532675,385
4.04,1545056047,44.42,51.485709,7.418525,144.09,11.65,0.40,170.92,1,-98,-9,7,2,38,15,13532675,385
5.04,1545056048,56.10,51.485616,7.418558,144.43,11.59,-0.06,169.01,1,-113,-11,4,2,16,15,13392905,345
6.04,1545056049,67.68,51.485526,7.418596,144.94,11.01,-0.58,166.45,1,-113,-11,4,2,16,15,13392905,345
7.04,1545056050,78.68,51.485430,7.418650,145.23,11.26,0.26,162.61,1,-114,-12,1,2,16,15,13392905,345
8.04,1545056051,89.90,51.485333,7.418718,145.66,11.16,-0.10,158.79,1,-114,-12,1,2,16,15,13392905,345
9.04,1545056052,101.09,51.485241,7.418793,146.19,11.52,0.36,156.74,1,-116,-9,6,2,12,15,13532687,197
10.04,1545056053,112.59,51.485144,7.418873,146.75,11.60,0.07,157.24,1,-116,-9,6,2,12,15,13532687,197
11.04,1545056054,124.24,51.485045,7.418932,147.36,11.07,-0.52,160.38,1,-112,-11,2,6,27,15,13392906,346
12.04,1545056055,135.31,51.484943,7.418955,148.04,10.96,-0.11,174.68,1,-112,-11,2,6,27,15,13392906,346
13.04,1545056056,146.28,51.484843,7.418971,148.77,11.33,0.37,176.29,1,-114,-14,-4,6,19,15,13392906,346
14.04,1545056057,157.61,51.484737,7.418974,149.05,12.10,0.77,179.43,1,-114,-14,-4,6,19,15,13392906,346
15.05,1545056058,169.81,51.484629,7.418958,149.32,12.33,0.22,182.71,1,-109,-13,-5,7,23,15,13392906,346
16.04,1545056059,182.03,51.484517,7.418893,149.78,13.14,0.82,197.27,1,-109,-13,-5,7,23,15,13392906,346
17.04,1545056060,195.18,51.484403,7.418830,150.39,13.47,0.33,198.84,1,-109,-13,-5,7,23,15,13392906,346
18.04,1545056061,208.63,51.484291,7.418749,150.70,14.19,0.72,201.88,1,-110,-12,-5,6,22,15,13392906,346
19.04,1545056062,222.82,51.484181,7.418654,150.94,14.11,-0.07,205.11,1,-110,-12,-5,6,22,15,13392906,346
20.04,1545056063,236.92,51.484071,7.418549,151.16,14.06,-0.05,207.89,1,-108,-11,-5,7,22,15,13392906,346
21.04,1545056064,250.98,51.483946,7.418424,150.95,14.28,0.22,209.83,1,-108,-11,-5,7,22,15,13392906,346
22.08,1545056065,265.87,51.483837,7.418303,151.19,13.96,-0.30,211.62,1,-112,-12,-5,5,22,15,13392906,346
23.04,1545056066,279.25,51.483732,7.418187,151.55,13.77,-0.20,212.59,1,-112,-12,-5,5,22,15,13392906,346
24.04,1545056067,293.00,51.483631,7.418068,151.99,13.67,-0.09,213.20,1,-111,-8,0,8,15,15,13392906,346
25.05,1545056068,306.76,51.483531,7.417954,152.50,13.44,-0.23,212.96,1,-111,-8,0,8,15,15,13392906,346
26.04,1545056069,320.13,51.483429,7.417839,152.90,13.44,-0.00,212.46,1,-107,-8,7,12,19,15,13392906,346
27.04,1545056070,333.56,51.483332,7.417733,153.18,13.40,-0.04,211.93,1,-107,-8,7,12,19,15,13392906,346
28.04,1545056071,346.98,51.483230,7.417625,153.43,12.98,-0.41,211.08,1,-106,-8,9,13,19,15,13392906,346
29.04,1545056072,359.96,51.483128,7.417530,153.53,13.43,0.44,209.64,1,-106,-8,9,13,19,15,13392906,346
30.04,1545056073,373.39,51.483028,7.417448,153.64,13.45,0.02,208.19,1,-107,-7,8,11,19,15,13392906,346
31.04,1545056074,386.85,51.482918,7.417363,153.82,13.28,-0.17,206.61,1,-107,-7,8,11,19,15,13392906,346
32.05,1545056075,400.28,51.482810,7.417288,154.34,13.42,0.14,204.96,1,-111,-14,-2,5,21,15,13392906,346
33.04,1545056076,413.52,51.482701,7.417217,154.42,13.56,0.14,203.68,1,-111,-14,-2,5,21,15,13392906,346
34.04,1545056077,427.09,51.482595,7.417155,154.84,13.77,0.20,202.54,1,-113,-12,-3,4,17,15,13392906,346
35.04,1545056078,440.85,51.482486,7.417090,155.13,13.70,-0.07,201.96,1,-113,-12,-3,4,17,15,13392906,346
36.05,1545056079,454.65,51.482377,7.417028,155.71,13.61,-0.09,201.54,1,-111,-11,-3,7,17,15,13392906,346
37.04,1545056080,468.17,51.482267,7.416969,156.58,13.42,-0.19,200.57,1,-111,-11,-3,7,17,15,13392906,346
38.04,1545056081,481.56,51.482151,7.416911,157.62,13.55,0.14,200.04,1,-111,-11,-3,7,17,15,13392906,346
39.04,1545056082,495.13,51.482035,7.416850,158.24,13.18,-0.37,199.40,1,-109,-12,-3,5,21,15,13392906,346
40.04,1545056083,508.29,51.481928,7.416791,158.52,12.31,-0.87,199.83,1,-109,-12,-3,5,21,15,13392906,346
41.04,1545056084,520.62,51.481830,7.416736,158.55,10.47,-1.84,200.26,1,-108,-10,-1,7,20,15,13392906,346
42.04,1545056085,531.08,51.481755,7.416690,158.23,8.15,-2.32,200.13,1,-108,-10,-1,7,20,15,13392906,346
43.04,1545056086,539.23,51.481698,7.416653,157.66,5.81,-2.34,200.60,1,-110,-10,-1,7,20,15,13392906,346
44.04,1545056087,545.03,51.481656,7.416627,157.58,2.67,-3.14,201.38,1,-110,-10,-1,7,20,15,13392906,346
45.04,1545056088,547.71,51.481644,7.416619,157.54,0.46,-2.20,201.38,1,-111,-9,1,4,19,15,13392906,346
46.04,1545056089,548.17,51.481644,7.416619,157.53,0.00,-0.46,201.38,1,-111,-9,1,4,19,15,13392906,346
47.04,1545056090,548.17,51.481644,7.416619,157.54,0.00,0.00,201.38,1,-109,-10,-1,5,24,15,13392906,346
48.04,1545056091,548.17,51.481644,7.416619,157.54,0.00,0.00,201.38,1,-109,-10,-1,5,24,15,13392906,346
49.04,1545056092,548.17,51.481644,7.416619,157.54,0.00,0.00,201.38,1,-111,-10,-5,4,20,15,13392906,346
50.04,1545056093,548.17,51.481644,7.416619,157.54,0.00,0.00,201.38,1,-111,-10,-5,4,20,15,13392906,346
51.04,1545056094,548.17,51.481644,7.416619,157.53,0.00,0.00,201.38,1,-110,-9,7,4,18,15,13392906,346
52.04,1545056095,548.17,51.481644,7.416619,157.53,0.00,0.00,201.38,1,-110,-9,7,4,18,15,13392906,346
53.04,1545056096,548.17,51.481644,7.416619,157.54,0.00,0.00,201.38,1,-110,-9,2,9,17,15,13392906,346
54.04,1545056097,548.17,51.481644,7.416619,157.54,0.00,0.00,201.38,1,-110,-9,2,9,17,15,13392906,346
55.04,1545056098,548.17,51.481644,7.416619,157.54,0.00,0.00,201.38,1,-111,-9,-1,8,19,15,13392906,346
56.04,1545056099,548.17,51.481644,7.416619,157.54,0.00,0.00,201.38,1,-111,-9,-1,8,19,15,13392906,346
57.05,1545056100,548.17,51.481644,7.416619,157.54,0.00,0.00,201.38,1,-111,-11,-4,4,20,15,13392906,346
58.04,1545056101,548.17,51.481644,7.416619,157.54,0.00,0.00,201.38,1,-111,-11,-4,4,20,15,13392906,346
59.04,1545056102,548.17,51.481644,7.416619,157.54,0.00,0.00,201.38,1,-111,-11,-4,4,20,15,13392906,346
60.04,1545056103,548.17,51.481644,7.416619,157.54,0.00,0.00,201.38,1,-111,-12,-7,4,21,15,13392906,346
61.04,1545056104,548.17,51.481644,7.416619,157.54,0.00,0.00,201.38,1,-111,-12,-7,4,21,15,13392906,346
62.04,1545056105,548.17,51.481644,7.416619,157.54,0.00,0.00,201.38,1,-110,-13,-3,6,24,15,13392906,346
63.04,1545056106,548.17,51.481644,7.416619,157.55,0.00,0.00,201.38,1,-110,-13,-3,6,24,15,13392906,346
64.04,1545056107,548.17,51.481644,7.416619,157.55,0.00,0.00,201.38,1,-111,-13,-5,5,21,15,13392906,346
65.04,1545056108,548.17,51.481644,7.416619,157.56,0.00,0.00,201.38,1,-111,-13,-5,5,21,15,13392906,346
66.04,1545056109,548.17,51.481644,7.416619,157.57,0.00,0.00,201.38,1,-111,-10,-3,8,16,15,13392906,346
67.04,1545056110,548.17,51.481644,7.416619,157.58,0.00,0.00,201.38,1,-111,-10,-3,8,16,15,13392906,346
68.04,1545056111,548.17,51.481644,7.416619,157.58,0.00,0.00,201.38,1,-111,-10,-4,6,18,15,13392906,346
69.04,1545056112,548.17,51.481644,7.416619,157.59,0.00,0.00,201.38,1,-111,-10,-4,6,18,15,13392906,346
70.06,1545056113,548.17,51.481644,7.416619,157.60,0.00,0.00,201.38,1,-110,-9,-4,8,19,15,13392906,346
71.04,1545056114,548.17,51.481644,7.416619,157.61,0.00,0.00,201.38,1,-110,-9,-4,8,19,15,13392906,346
72.04,1545056115,548.17,51.481644,7.416619,157.61,0.00,0.00,201.38,1,-112,-11,-4,6,19,15,13392906,346
73.04,1545056116,548.17,51.481644,7.416619,157.62,0.00,0.00,201.38,1,-112,-11,-4,6,19,15,13392906,346
74.04,1545056117,548.17,51.481646,7.416617,157.62,0.00,0.00,201.38,1,-109,-12,-1,7,22,15,13392906,346
75.04,1545056118,548.17,51.481650,7.416618,157.66,0.00,0.00,201.38,1,-109,-12,-1,7,22,15,13392906,346
76.04,1545056119,548.17,51.481653,7.416618,157.64,0.00,0.00,201.38,1,-110,-9,-3,6,18,15,13392906,346
77.04,1545056120,548.17,51.481656,7.416619,157.64,0.00,0.00,17.14,1,-110,-9,-3,6,18,15,13392906,346
78.05,1545056121,548.17,51.481657,7.416624,157.67,0.00,0.00,65.38,1,-110,-8,-3,9,16,15,13392906,346
79.04,1545056122,548.17,51.481656,7.416627,157.67,0.00,0.00,65.38,1,-110,-8,-3,9,16,15,13392906,346
80.04,1545056123,548.17,51.481652,7.416633,157.68,0.00,0.00,65.38,1,-110,-8,-3,9,16,15,13392906,346
81.04,1545056124,548.17,51.481648,7.416643,157.70,0.00,0.00,65.38,1,-110,-8,-1,8,18,15,13392906,346
82.04,1545056125,548.17,51.481643,7.416648,157.72,0.00,0.00,65.38,1,-110,-8,-1,8,18,15,13392906,346
83.04,1545056126,548.17,51.481637,7.416654,157.91,0.00,0.00,65.38,1,-111,-9,1,8,17,15,13392906,346
84.04,1545056127,548.17,51.481634,7.416662,157.92,0.00,0.00,65.38,1,-111,-9,1,8,17,15,13392906,346
85.04,1545056128,548.17,51.481632,7.416672,157.93,0.00,0.00,65.38,1,-110,-13,-3,4,21,15,13392906,346
86.04,1545056129,548.17,51.481632,7.416678,157.99,0.00,0.00,65.38,1,-110,-13,-3,4,21,15,13392906,346
87.04,1545056130,548.17,51.481632,7.416686,158.05,0.00,0.00,65.38,1,-110,-11,-3,4,20,15,13392906,346
88.04,1545056131,548.17,51.481632,7.416686,158.03,0.00,0.00,14.60,1,-110,-11,-3,4,20,15,13392906,346
89.04,1545056132,548.17,51.481631,7.416686,158.03,0.00,0.00,14.60,1,-110,-12,-4,5,19,15,13392906,346
90.04,1545056133,548.17,51.481626,7.416683,158.02,0.00,0.00,14.60,1,-110,-12,-4,5,19,15,13392906,346
91.04,1545056134,548.17,51.481623,7.416683,158.02,0.00,0.00,14.60,1,-110,-11,-5,5,20,15,13392906,346
92.04,1545056135,548.17,51.481620,7.416683,158.00,0.00,0.00,14.60,1,-110,-11,-5,5,20,15,13392906,346
93.04,1545056136,548.17,51.481617,7.416684,157.99,0.00,0.00,14.60,1,-110,-10,-3,6,20,15,13392906,346
94.04,1545056137,548.17,51.481612,7.416680,158.02,0.00,0.00,14.60,1,-110,-10,-3,6,20,15,13392906,346
95.04,1545056138,548.17,51.481608,7.416673,158.05,0.00,0.00,14.60,1,-110,-11,-1,6,19,15,13392906,346
96.04,1545056139,548.17,51.481603,7.416667,158.06,0.00,0.00,14.60,1,-110,-11,-1,6,19,15,13392906,346
97.04,1545056140,548.17,51.481597,7.416664,158.07,0.00,0.00,14.60,1,-110,-11,1,6,18,15,13392906,346
98.04,1545056141,548.17,51.481591,7.416660,158.07,0.00,0.00,14.60,1,-110,-11,1,6,18,15,13392906,346
99.05,1545056142,548.17,51.481590,7.416657,158.08,0.00,0.00,14.60,1,-110,-10,1,6,19,15,13392906,346
100.04,1545056143,548.17,51.481590,7.416654,158.05,0.00,0.00,14.60,1,-110,-10,1,6,19,15,13392906,346
101.04,1545056144,548.17,51.481592,7.416653,158.05,0.00,0.00,14.60,1,-110,-10,1,6,19,15,13392906,346
102.04,1545056145,548.17,51.481594,7.416652,158.05,0.00,0.00,14.60,1,-111,-10,0,9,18,15,13392906,346
103.04,1545056146,548.17,51.481597,7.416649,158.07,0.00,0.00,14.60,1,-111,-10,0,9,18,15,13392906,346
104.04,1545056147,548.17,51.481601,7.416650,158.07,0.00,0.00,14.60,1,-111,-11,-4,6,19,15,13392906,346
105.04,1545056148,548.17,51.481607,7.416647,158.07,0.00,0.00,14.60,1,-111,-11,-4,6,19,15,13392906,346
106.04,1545056149,548.17,51.481610,7.416646,158.07,0.00,0.00,14.60,1,-112,-10,-1,4,17,15,13392906,346
107.04,1545056150,548.17,51.481613,7.416640,158.13,0.00,0.00,14.60,1,-112,-10,-1,4,17,15,13392906,346
108.04,1545056151,548.17,51.481616,7.416636,158.13,0.00,0.00,14.60,1,-113,-11,0,5,19,15,13392906,346
109.04,1545056152,548.17,51.481620,7.416634,158.13,0.00,0.00,14.60,1,-113,-11,0,5,19,15,13392906,346
110.04,1545056153,548.17,51.481624,7.416634,158.13,0.00,0.00,14.60,1,-111,-12,-4,5,20,15,13392906,346
111.04,1545056154,548.17,51.481633,7.416639,158.01,0.00,0.00,14.60,1,-111,-12,-4,5,20,15,13392906,346
112.04,1545056155,548.17,51.481639,7.416642,157.85,0.00,0.00,174.97,1,-114,-15,-7,4,20,15,13392906,346
113.04,1545056156,548.17,51.481647,7.416645,157.84,0.00,0.00,174.97,1,-114,-15,-7,4,20,15,13392906,346
114.04,1545056157,548.17,51.481656,7.416648,157.82,0.00,0.00,174.97,1,-112,-14,-7,4,20,15,13392906,346
115.04,1545056158,548.17,51.481664,7.416650,157.82,0.00,0.00,174.97,1,-112,-14,-7,4,20,15,13392906,346
116.04,1545056159,548.17,51.481674,7.416656,157.77,0.00,0.00,34.38,1,-114,-15,-8,4,20,15,13392906,346
117.04,1545056160,548.17,51.481683,7.416663,157.67,0.00,0.00,33.21,1,-114,-15,-8,4,20,15,13392906,346
118.04,1545056161,548.17,51.481690,7.416675,157.54,0.00,0.00,33.21,1,-111,-12,-8,5,19,15,13392906,346
119.04,1545056162,548.17,51.481695,7.416687,157.31,0.00,0.00,33.21,1,-111,-12,-8,5,19,15,13392906,346
120.05,1545056163,548.17,51.481699,7.416702,157.28,0.00,0.00,33.21,1,-112,-13,-7,4,19,15,13392906,346
121.04,1545056164,548.17,51.481701,7.416705,157.25,0.00,0.00,33.21,1,-112,-13,-7,4,19,15,13392906,346
122.04,1545056165,548.17,51.481707,7.416708,157.01,0.00,0.00,33.21,1,-112,-13,-7,4,19,15,13392906,346
123.04,1545056166,548.17,51.481711,7.416713,156.99,0.00,0.00,33.21,1,-112,-14,-6,5,20,15,13392906,346
124.04,1545056167,548.17,51.481715,7.416724,156.75,0.00,0.00,33.21,1,-112,-14,-6,5,20,15,13392906,346
125.04,1545056168,548.17,51.481719,7.416727,156.61,0.00,0.00,33.21,1,-111,-9,-1,9,16,15,13392906,346
126.04,1545056169,548.17,51.481720,7.416738,156.43,0.00,0.00,33.21,1,-111,-9,-1,9,16,15,13392906,346
127.04,1545056170,548.17,51.481721,7.416748,156.41,0.00,0.00,33.21,1,-111,-9,1,8,17,15,13392906,346
128.04,1545056171,548.17,51.481720,7.416760,156.39,0.00,0.00,33.21,1,-111,-9,1,8,17,15,13392906,346
129.04,1545056172,548.17,51.481718,7.416773,156.37,0.00,0.00,33.21,1,-111,-9,2,8,18,15,13392906,346
130.04,1545056173,548.17,51.481714,7.416783,156.34,0.00,0.00,33.21,1,-111,-9,2,8,18,15,13392906,346
131.04,1545056174,548.17,51.481708,7.416793,156.31,0.00,0.00,33.21,1,-111,-12,-2,5,20,15,13392906,346
132.04,1545056175,548.17,51.481702,7.416801,156.28,0.00,0.00,33.21,1,-111,-12,-2,5,20,15,13392906,346
133.04,1545056176,548.17,51.481694,7.416809,156.25,0.00,0.00,33.21,1,-112,-12,-4,5,20,15,13392906,346
134.04,1545056177,548.17,51.481687,7.416817,156.22,0.00,0.00,33.21,1,-112,-12,-4,5,20,15,13392906,346
135.04,1545056178,548.17,51.481679,7.416825,156.19,0.00,0.00,33.21,1,-112,-12,-4,5,19,15,13392906,346
136.04,1545056179,548.17,51.481672,7.416833,156.16,0.00,0.00,33.21,1,-112,-12,-4,5,19,15,13392906,346
137.04,1545056180,548.17,51.481666,7.416842,156.13,0.00,0.00,33.21,1,-112,-13,-4,5,19,15,13392906,346
138.04,1545056181,548.17,51.481660,7.416853,156.12,0.00,0.00,33.21,1,-112,-13,-4,5,19,15,13392906,346
139.04,1545056182,548.17,51.481656,7.416865,156.10,0.00,0.00,33.21,1,-112,-12,-4,5,19,15,13392906,346
140.04,1545056183,548.17,51.481653,7.416875,156.09,0.00,0.00,33.21,1,-112,-12,-4,5,19,15,13392906,346
141.05,1545056184,548.17,51.481650,7.416885,156.07,0.00,0.00,33.21,1,-111,-11,-4,6,19,15,13392906,346
142.04,1545056185,548.17,51.481648,7.416895,156.05,0.00,0.00,33.21,1,-111,-11,-4,6,19,15,13392906,346
143.04,1545056186,548.17,51.481646,7.416904,156.03,0.00,0.00,33.21,1,-111,-11,-4,6,19,15,13392906,346
144.04,1545056187,548.17,51.481645,7.416914,156.01,0.00,0.00,33.21,1,-112,-14,-6,5,20,15,13392906,346
145.04,1545056188,548.17,51.481643,7.416923,155.99,0.00,0.00,33.21,1,-112,-14,-6,5,20,15,13392906,346
146.04,1545056189,548.17,51.481643,7.416929,155.97,0.00,0.00,33.21,1,-111,-9,0,8,16,15,13392906,346
147.04,1545056190,548.17,51.481642,7.416932,155.95,0.00,0.00,33.21,1,-111,-9,0,8,16,15,13392906,346
148.04,1545056191,548.17,51.481641,7.416932,155.93,0.00,0.00,33.21,1,-110,-8,5,9,16,15,13392906,346
149.04,1545056192,548.17,51.481640,7.416929,155.91,0.00,0.00,33.21,1,-110,-8,5,9,16,15,13392906,346
150.04,1545056193,548.17,51.481638,7.416924,155.89,0.00,0.00,33.21,1,-111,-9,2,8,16,15,13392906,346
151.04,1545056194,548.17,51.481636,7.416918,155.88,0.00,0.00,33.21,1,-111,-9,2,8,16,15,13392906,346
152.04,1545056195,548.17,51.481637,7.416907,155.86,0.00,0.00,33.21,1,-112,-14,-5,4,20,15,13392906,346
153.04,1545056196,548.17,51.481639,7.416893,155.85,0.00,0.00,33.21,1,-112,-14,-5,4,20,15,13392906,346
154.04,1545056197,548.17,51.481635,7.416877,155.71,0.00,0.00,189.65,1,-112,-13,-7,6,20,15,13392906,346
155.04,1545056198,548.17,51.481603,7.416848,155.58,0.00,0.00,199.00,1,-112,-13,-7,6,20,15,13392906,346
156.04,1545056199,548.17,51.481588,7.416816,155.47,1.86,0.00,198.02,1,-110,-13,-4,4,22,15,13392906,346
157.04,1545056200,550.04,51.481554,7.416777,155.38,2.73,0.87,187.55,1,-110,-13,-4,4,22,15,13392906,346
158.04,1545056201,552.77,51.481521,7.416755,154.85,3.39,0.66,162.55,1,-105,-10,-6,9,28,15,13392906,346
159.04,1545056202,556.15,51.481498,7.416773,154.78,4.23,0.84,131.14,1,-105,-10,-6,9,28,15,13392906,346
160.06,1545056203,560.47,51.481481,7.416833,154.56,5.17,0.92,110.34,1,-107,-11,2,7,22,15,13392906,346
161.04,1545056204,565.53,51.481468,7.416901,154.51,5.85,0.70,101.80,1,-107,-11,2,7,22,15,13392906,346
162.04,1545056205,571.37,51.481471,7.417024,154.63,10.30,4.46,85.23,1,-107,-13,-4,4,25,15,13392906,346
163.04,1545056206,581.67,51.481473,7.417184,154.89,11.95,1.65,83.72,1,-107,-13,-4,4,25,15,13392906,346
164.05,1545056207,593.74,51.481485,7.417369,155.04,12.85,0.89,81.90,1,-105,-12,-4,6,25,15,13392906,346
165.04,1545056208,606.48,51.481503,7.417568,154.98,13.88,1.04,81.50,1,-105,-12,-4,6,25,15,13392906,346
166.04,1545056209,620.35,51.481519,7.417765,155.05,14.50,0.62,82.46,1,-105,-12,-4,6,25,15,13392906,346
167.04,1545056210,634.87,51.481534,7.417982,155.01,14.93,0.42,83.81,1,-99,-16,-7,6,33,15,13392906,346
168.04,1545056211,649.80,51.481548,7.418201,154.84,15.32,0.39,84.81,1,-99,-16,-7,6,33,15,13392906,346
169.04,1545056212,665.06,51.481556,7.418408,154.86,14.89,-0.43,85.75,1,-92,-8,10,15,27,15,13392906,346
170.04,1545056213,680.04,51.481565,7.418644,154.59,15.58,0.68,85.47,1,-92,-8,10,15,27,15,13392906,346
171.04,1545056214,695.52,51.481577,7.418875,154.33,15.21,-0.37,86.13,1,-99,-9,7,13,29,15,13392906,346
172.04,1545056215,710.73,51.481585,7.419086,154.29,15.44,0.23,87.21,1,-99,-9,7,13,29,15,13392906,346
173.04,1545056216,726.22,51.481593,7.419337,153.48,16.26,0.81,86.71,1,-100,-9,7,14,25,15,13392906,346
174.04,1545056217,742.49,51.481604,7.419574,152.59,16.19,-0.07,85.79,1,-100,-9,7,14,25,15,13392906,346
175.04,1545056218,758.68,51.481615,7.419799,151.74,16.36,0.17,85.00,1,-101,-9,-3,9,24,15,13392906,346
176.04,1545056219,775.04,51.481626,7.420045,150.75,15.77,-0.59,85.09,1,-101,-9,-3,9,24,15,13392906,346
177.03,1545056220,790.73,51.481641,7.420285,149.76,15.76,-0.01,84.20,1,-99,-10,0,10,30,15,13392906,346
178.04,1545056221,806.57,51.481654,7.420511,149.03,16.71,0.94,83.91,1,-99,-10,0,10,30,15,13392906,346
179.04,1545056222,823.26,51.481671,7.420748,148.07,16.66,-0.05,84.51,1,-102,-12,-5,6,27,15,13392906,346
180.04,1545056223,839.92,51.481688,7.420988,146.97,16.39,-0.27,83.34,1,-102,-12,-5,6,27,15,13392906,346
181.04,1545056224,856.32,51.481720,7.421239,145.87,17.24,0.85,80.98,1,-102,-12,-5,10,28,15,13392906,346
182.04,1545056225,873.55,51.481757,7.421508,144.72,17.65,0.41,79.83,1,-102,-12,-5,10,28,15,13392906,346
183.04,1545056226,891.20,51.481790,7.421759,143.90,17.42,-0.23,78.95,1,-97,-8,4,15,29,15,13392906,346
184.04,1545056227,908.62,51.481825,7.422007,143.11,17.62,0.20,78.18,1,-97,-8,4,15,29,15,13392906,346
185.05,1545056228,926.36,51.481860,7.422264,142.24,17.17,-0.44,77.36,1,-91,-12,4,13,39,15,13392906,346
186.04,1545056229,943.39,51.481895,7.422510,141.47,16.98,-0.20,76.93,1,-91,-12,4,13,39,15,13392906,346
187.04,1545056230,960.37,51.481932,7.422766,140.37,17.40,0.42,77.91,1,-91,-12,4,13,39,15,13392906,346
188.04,1545056231,977.73,51.481966,7.423000,139.19,17.20,-0.20,77.32,1,-90,-12,-4,15,42,15,13392906,346
189.04,1545056232,995.00,51.481998,7.423239,137.91,16.77,-0.43,77.39,1,-90,-12,-4,15,42,15,13392906,346
190.04,1545056233,1011.71,51.482033,7.423478,136.73,16.49,-0.28,77.81,1,-91,-13,-4,10,39,15,13392906,346
191.04,1545056234,1028.26,51.482066,7.423693,136.20,16.53,0.04,77.08,1,-91,-13,-4,10,39,15,13392906,346
192.04,1545056235,1044.80,51.482100,7.423917,136.15,16.54,0.00,76.98,1,-92,-9,-1,15,36,15,13392906,346
193.04,1545056236,1061.32,51.482132,7.424148,136.21,15.89,-0.65,77.53,1,-92,-9,-1,15,36,15,13392906,346
194.04,1545056237,1077.21,51.482163,7.424371,136.21,15.50,-0.39,77.68,1,-96,-8,1,15,32,15,13392906,346
195.04,1545056238,1092.73,51.482193,7.424588,136.29,15.25,-0.26,77.70,1,-96,-8,1,15,32,15,13392906,346
196.04,1545056239,1107.97,51.482223,7.424798,136.28,15.09,-0.15,77.06,1,-94,-9,-2,9,35,15,13392906,346
197.04,1545056240,1123.07,51.482253,7.424996,136.26,14.86,-0.23,76.07,1,-94,-9,-2,9,35,15,13392906,346
198.04,1545056241,1137.91,51.482285,7.425200,136.40,15.33,0.47,75.51,1,-95,-8,-6,12,32,15,13392906,346
199.04,1545056242,1153.26,51.482323,7.425448,136.56,15.63,0.30,75.06,1,-95,-8,-6,12,32,15,13392906,346
200.04,1545056243,1168.89,51.482355,7.425671,136.73,16.23,0.60,75.72,1,-91,-8,13,15,35,15,13392906,346
201.04,1545056244,1185.09,51.482388,7.425903,137.08,15.89,-0.35,76.40,1,-91,-8,13,15,35,15,13392906,346
202.04,1545056245,1200.94,51.482423,7.426137,137.13,16.24,0.36,76.08,1,-92,-11,12,7,36,15,13392906,346
203.04,1545056246,1217.26,51.482452,7.426354,137.19,15.57,-0.67,77.43,1,-92,-11,12,7,36,15,13392906,346
204.04,1545056247,1232.82,51.482479,7.426566,137.29,14.15,-1.42,77.10,1,-95,-9,8,7,32,15,13392906,346
205.04,1545056248,1246.99,51.482504,7.426765,137.51,14.53,0.37,77.50,1,-95,-9,8,7,32,15,13392906,346
206.05,1545056249,1261.62,51.482523,7.426961,138.10,14.19,-0.33,78.96,1,-89,-7,11,15,36,15,13392906,346
207.04,1545056250,1275.68,51.482543,7.427163,138.82,14.02,-0.17,78.06,1,-89,-7,11,15,36,15,13392906,346
208.04,1545056251,1289.72,51.482565,7.427380,139.52,14.42,0.40,79.44,1,-89,-7,11,15,36,15,13392906,346
209.04,1545056252,1304.14,51.482584,7.427583,140.54,13.84,-0.58,79.79,1,-88,-9,15,15,38,15,13392906,346
210.04,1545056253,1317.98,51.482599,7.427821,141.39,14.65,0.81,82.34,1,-88,-9,15,15,38,15,13392906,346
211.04,1545056254,1332.63,51.482604,7.428052,142.38,15.30,0.65,84.53,1,-89,-10,8,12,38,15,13392906,346
212.04,1545056255,1347.93,51.482606,7.428280,143.49,15.59,0.30,86.59,1,-89,-10,8,12,38,15,13392906,346
213.04,1545056256,1363.53,51.482601,7.428496,144.27,14.63,-0.96,88.71,1,-91,-10,2,11,38,15,13392906,346
214.04,1545056257,1378.16,51.482596,7.428712,144.74,14.40,-0.23,90.15,1,-91,-10,2,11,38,15,13392906,346
215.04,1545056258,1392.56,51.482584,7.428911,145.13,14.52,0.12,91.78,1,-90,-10,8,10,39,15,13392906,346
216.04,1545056259,1407.08,51.482575,7.429116,145.35,14.41,-0.12,92.78,1,-90,-10,8,10,39,15,13392906,346
217.04,1545056260,1421.49,51.482559,7.429327,145.39,14.32,-0.09,94.33,1,-91,-9,5,15,36,15,13392906,346
218.04,1545056261,1435.82,51.482542,7.429540,145.70,14.25,-0.07,94.68,1,-91,-9,5,15,36,15,13392906,346
219.04,1545056262,1450.05,51.482523,7.429746,145.92,13.89,-0.36,95.72,1,-90,-7,6,6,36,4,13392904,347
220.06,1545056263,1464.18,51.482506,7.429959,146.08,14.27,0.37,96.51,1,-90,-7,6,6,36,4,13392904,347
221.04,1545056264,1478.20,51.482485,7.430166,146.39,14.32,0.05,96.81,1,-89,-8,20,12,35,4,13392904,347
222.04,1545056265,1492.51,51.482468,7.430372,146.50,14.11,-0.21,97.37,1,-89,-8,20,12,35,4,13392904,347
223.04,1545056266,1506.61,51.482445,7.430591,147.16,14.66,0.55,98.18,1,-89,-7,2,15,36,4,13392904,347
224.04,1545056267,1521.27,51.482424,7.430796,147.91,13.97,-0.69,97.84,1,-89,-7,2,15,36,4,13392904,347
225.04,1545056268,1535.22,51.482403,7.430984,148.72,13.94,-0.03,98.22,1,-87,-7,19,15,38,4,13392904,347
226.04,1545056269,1549.18,51.482386,7.431171,149.27,13.22,-0.72,97.76,1,-87,-7,19,15,38,4,13392904,347
227.04,1545056270,1562.49,51.482366,7.431364,149.81,13.20,-0.02,98.06,1,-71,-5,21,15,54,4,13392904,347
228.04,1545056271,1575.59,51.482348,7.431549,150.32,13.38,0.18,97.33,1,-71,-5,21,15,54,4,13392904,347
229.04,1545056272,1588.98,51.482329,7.431753,150.77,13.60,0.22,97.39,1,-71,-5,21,15,54,4,13392904,347
230.04,1545056273,1602.55,51.482313,7.431953,151.31,13.61,0.01,96.73,1,-73,-5,22,15,51,4,13392904,347
231.03,1545056274,1616.15,51.482298,7.432137,151.56,13.61,-0.00,96.54,1,-73,-5,22,15,51,4,13392904,347
232.03,1545056275,1629.75,51.482284,7.432321,151.21,13.64,0.03,95.79,1,-75,-12,23,9,55,4,13392904,347
233.04,1545056276,1643.42,51.482271,7.432533,150.99,13.78,0.15,95.37,1,-75,-12,23,9,55,4,13392904,347
234.04,1545056277,1657.23,51.482259,7.432732,151.03,13.54,-0.24,95.97,1,-71,-5,18,11,49,4,13392904,347
235.04,1545056278,1670.77,51.482243,7.432913,150.98,12.71,-0.83,96.74,1,-71,-5,18,11,49,4,13392904,347
236.04,1545056279,1683.47,51.482231,7.433083,150.99,12.03,-0.68,96.62,1,-78,-6,16,15,46,4,13392904,347
237.04,1545056280,1695.51,51.482217,7.433254,151.04,11.31,-0.72,96.04,1,-78,-6,16,15,46,4,13392904,347
238.04,1545056281,1706.82,51.482204,7.433414,151.32,10.23,-1.08,96.60,1,-71,-6,14,15,50,4,13392904,347
239.04,1545056282,1717.04,51.482196,7.433527,151.38,7.85,-2.38,97.09,1,-71,-6,14,15,50,4,13392904,347
240.04,1545056283,1724.89,51.482189,7.433622,151.50,6.33,-1.52,96.58,1,-80,-6,27,15,45,4,13392904,347
241.03,1545056284,1731.20,51.482183,7.433702,151.59,4.47,-1.86,95.99,1,-80,-6,27,15,45,4,13392904,347
242.03,1545056285,1735.67,51.482180,7.433752,151.60,2.54,-1.93,95.72,1,-73,-8,17,11,53,4,13392904,347
243.04,1545056286,1738.21,51.482176,7.433791,151.60,2.16,-0.38,97.43,1,-73,-8,17,11,53,4,13392904,347
244.04,1545056287,1740.37,51.482172,7.433829,151.59,2.13,-0.02,97.47,1,-70,-5,30,15,52,4,13392904,347
245.04,1545056288,1742.50,51.482170,7.433854,151.63,2.97,0.84,96.07,1,-70,-5,30,15,52,4,13392904,347
246.04,1545056289,1745.48,51.482166,7.433889,151.68,3.01,0.04,95.38,1,-73,-6,22,15,51,4,13392904,347
247.04,1545056290,1748.48,51.482163,7.433931,151.74,2.84,-0.16,96.32,1,-73,-6,22,15,51,4,13392904,347
248.05,1545056291,1751.35,51.482160,7.433979,151.78,2.95,0.11,96.65,1,-75,-5,27,14,47,4,13392904,347
249.04,1545056292,1754.27,51.482157,7.434018,151.82,2.48,-0.47,96.33,1,-75,-5,27,14,47,4,13392904,347
250.06,1545056293,1756.80,51.482153,7.434064,151.84,3.09,0.60,97.52,1,-76,-6,9,9,48,4,13392904,347
251.04,1545056294,1759.82,51.482148,7.434115,151.86,4.06,0.99,96.67,1,-76,-6,9,9,48,4,13392904,347
252.04,1545056295,1763.89,51.482144,7.434182,152.06,4.52,0.46,95.94,1,-76,-6,9,9,48,4,13392904,347
253.04,1545056296,1768.42,51.482139,7.434258,152.14,5.31,0.79,97.59,1,-72,-5,22,14,50,4,13392904,347
254.04,1545056297,1773.72,51.482132,7.434316,152.46,5.78,0.47,97.59,1,-72,-5,22,14,50,4,13392904,347
255.04,1545056298,1779.50,51.482125,7.434411,152.88,5.95,0.18,96.80,1,-78,-6,14,13,46,4,13392904,347
256.04,1545056299,1785.46,51.482119,7.434515,152.91,6.49,0.54,96.22,1,-78,-6,14,13,46,4,13392904,347
257.04,1545056300,1791.95,51.482111,7.434623,152.54,6.83,0.34,98.23,1,-77,-6,18,13,47,4,13392904,347
258.04,1545056301,1798.78,51.482100,7.434767,152.20,8.12,1.29,97.74,1,-77,-6,18,13,47,4,13392904,347
259.04,1545056302,1806.90,51.482087,7.434892,151.78,8.10,-0.02,97.35,1,-78,-6,25,15,47,4,13392904,347
260.05,1545056303,1815.07,51.482076,7.435018,151.78,8.32,0.22,97.03,1,-78,-6,25,15,47,4,13392904,347
261.04,1545056304,1823.33,51.482066,7.435142,152.06,8.11,-0.22,95.76,1,-80,-7,29,12,45,4,13392904,347
262.04,1545056305,1831.43,51.482055,7.435275,151.98,9.13,1.02,97.93,1,-80,-7,29,12,45,4,13392904,347
263.04,1545056306,1840.57,51.482044,7.435416,152.18,8.92,-0.20,98.62,1,-77,-8,18,14,46,4,13392904,347
264.04,1545056307,1849.49,51.482035,7.435544,152.54,9.24,0.31,97.94,1,-77,-8,18,14,46,4,13392904,347
265.04,1545056308,1858.73,51.482027,7.435675,152.85,9.40,0.16,97.66,1,-83,-8,20,12,44,4,13392904,347
266.04,1545056309,1868.11,51.482018,7.435819,153.20,9.30,-0.09,97.16,1,-83,-8,20,12,44,4,13392904,347
267.04,1545056310,1877.44,51.482007,7.435972,153.72,9.94,0.63,97.90,1,-86,-8,23,12,40,4,13392904,347
268.04,1545056311,1887.38,51.481993,7.436121,154.37,10.37,0.43,97.30,1,-86,-8,23,12,40,4,13392904,347
269.04,1545056312,1897.73,51.481984,7.436263,154.87,10.01,-0.36,96.62,1,-85,-11,1,11,44,4,13392904,347
270.04,1545056313,1907.72,51.481977,7.436398,154.86,9.35,-0.66,97.44,1,-85,-11,1,11,44,4,13392904,347
271.04,1545056314,1917.14,51.481967,7.436533,154.47,9.60,0.25,97.74,1,-88,-10,13,11,40,4,13392904,347
272.04,1545056315,1926.67,51.481958,7.436681,154.54,10.45,0.85,96.75,1,-88,-10,13,11,40,4,13392904,347
273.04,1545056316,1937.12,51.481946,7.436838,154.49,10.05,-0.40,96.28,1,-88,-10,13,11,40,4,13392904,347
274.04,1545056317,1947.21,51.481934,7.436993,154.60,10.21,0.17,96.05,1,-93,-12,9,15,37,4,13392904,347
275.04,1545056318,1957.42,51.481925,7.437155,154.61,10.82,0.61,96.77,1,-93,-12,9,15,37,4,13392904,347
276.04,1545056319,1968.21,51.481914,7.437308,154.72,10.21,-0.61,97.18,1,-92,-11,8,8,37,4,13392904,347
277.04,1545056320,1978.42,51.481907,7.437427,155.41,9.26,-0.95,96.75,1,-92,-11,8,8,37,4,13392904,347
278.04,1545056321,1987.68,51.481894,7.437571,155.78,9.92,0.66,97.48,1,-95,-12,-1,9,35,4,13392904,347
279.04,1545056322,1997.61,51.481878,7.437747,156.13,10.67,0.75,96.44,1,-95,-12,-1,9,35,4,13392904,347
280.04,1545056323,2008.30,51.481868,7.437891,156.39,9.58,-1.08,96.83,1,-92,-10,10,15,33,4,13392904,347
281.05,1545056324,2017.96,51.481855,7.438027,156.42,8.49,-1.08,98.75,1,-92,-10,10,15,33,4,13392904,347
282.04,1545056325,2026.35,51.481843,7.438150,156.80,9.18,0.69,98.37,1,-95,-15,7,12,33,4,13392904,347
283.04,1545056326,2035.53,51.481832,7.438311,157.14,10.58,1.40,96.51,1,-95,-15,7,12,33,4,13392904,347
284.04,1545056327,2046.11,51.481824,7.438479,157.41,10.98,0.40,96.12,1,-99,-12,5,8,28,4,13392904,347
285.04,1545056328,2057.09,51.481816,7.438644,157.99,10.72,-0.26,95.77,1,-99,-12,5,8,28,4,13392904,347
286.04,1545056329,2067.81,51.481810,7.438780,158.34,10.61,-0.10,96.16,1,-102,-16,-3,7,31,10,12973569,347
287.04,1545056330,2078.41,51.481801,7.438942,158.53,11.39,0.77,95.97,1,-102,-16,-3,7,31,10,12973569,347
288.04,1545056331,2089.81,51.481793,7.439117,158.66,12.34,0.95,95.37,1,-89,-8,13,9,39,10,12973569,333
289.04,1545056332,2102.16,51.481784,7.439296,158.71,12.00,-0.34,95.20,1,-89,-8,13,9,39,10,12973569,333
290.04,1545056333,2114.11,51.481776,7.439457,158.86,11.36,-0.64,94.51,1,-90,-9,8,9,40,10,12973569,333
291.04,1545056334,2125.50,51.481767,7.439616,158.86,11.59,0.23,94.61,1,-90,-9,8,9,40,10,12973569,333
292.04,1545056335,2137.13,51.481758,7.439789,158.74,11.97,0.38,94.47,1,-94,-12,13,9,38,10,12973569,333
293.04,1545056336,2149.07,51.481749,7.439963,158.65,11.61,-0.36,95.19,1,-94,-12,13,9,38,10,12973569,333
294.04,1545056337,2160.68,51.481740,7.440128,158.58,11.46,-0.15,95.29,1,-94,-12,13,9,38,10,12973569,333
295.04,1545056338,2172.14,51.481730,7.440298,158.50,11.84,0.37,95.69,1,-86,-6,12,10,39,10,12973569,333
296.04,1545056339,2183.96,51.481720,7.440479,158.49,12.87,1.04,94.97,1,-86,-6,12,10,39,10,12973569,333
297.04,1545056340,2196.83,51.481710,7.440666,158.38,12.48,-0.39,95.37,1,-88,-7,8,14,40,10,12973569,333
298.04,1545056341,2209.32,51.481700,7.440835,158.53,12.11,-0.38,96.26,1,-88,-7,8,14,40,10,12973569,333
299.04,1545056342,2221.42,51.481688,7.441014,158.64,11.79,-0.31,95.68,1,-91,-7,13,11,37,10,12973569,333
300.04,1545056343,2233.24,51.481671,7.441185,158.78,12.18,0.39,98.85,1,-91,-7,13,11,37,10,12973569,333
301.04,1545056344,2245.42,51.481626,7.441335,159.48,11.56,-0.62,115.05,1,-92,-6,12,15,33,10,12973569,333
302.04,1545056345,2256.93,51.481578,7.441484,159.83,11.87,0.31,116.51,1,-92,-6,12,15,33,10,12973569,333
303.04,1545056346,2268.82,51.481525,7.441644,159.86,12.23,0.36,118.65,1,-90,-10,19,11,40,10,12973569,333
304.04,1545056347,2281.07,51.481461,7.441811,160.06,12.91,0.68,121.95,1,-90,-10,19,11,40,10,12973569,333
305.04,1545056348,2293.97,51.481372,7.441947,159.87,12.97,0.06,136.65,1,-87,-6,17,15,39,10,12973569,333
306.04,1545056349,2306.92,51.481289,7.442073,159.69,12.94,-0.03,137.18,1,-87,-6,17,15,39,10,12973569,333
307.04,1545056350,2319.86,51.481206,7.442202,159.47,13.62,0.68,136.87,1,-87,-6,17,11,39,10,12973569,333
308.04,1545056351,2333.49,51.481108,7.442353,159.24,14.27,0.65,135.45,1,-87,-6,17,11,39,10,12973569,333
309.04,1545056352,2347.76,51.481027,7.442479,159.04,13.76,-0.50,134.48,1,-89,-9,16,9,38,10,12973569,333
310.04,1545056353,2361.51,51.480934,7.442627,158.99,13.22,-0.54,134.12,1,-89,-9,16,9,38,10,12973569,333
311.04,1545056354,2374.70,51.480843,7.442769,158.99,12.41,-0.81,133.56,1,-87,-11,19,15,44,10,12973569,333
312.04,1545056355,2387.11,51.480759,7.442903,158.86,11.72,-0.69,133.84,1,-87,-11,19,15,44,10,12973569,333
313.04,1545056356,2398.84,51.480681,7.443021,158.63,10.69,-1.03,135.81,1,-82,-6,19,15,43,10,12973569,333
314.04,1545056357,2409.54,51.480619,7.443075,158.91,9.83,-0.85,152.15,1,-82,-6,19,15,43,10,12973569,333
315.04,1545056358,2419.42,51.480528,7.443122,158.79,9.83,-0.01,164.99,1,-83,-6,17,11,40,10,12973569,333
316.04,1545056359,2429.21,51.480431,7.443134,158.77,10.16,0.33,178.02,1,-83,-6,17,11,40,10,12973569,333
317.04,1545056360,2439.35,51.480355,7.443132,159.34,10.59,0.44,177.77,1,-83,-6,17,11,40,10,12973569,333
318.04,1545056361,2449.95,51.480260,7.443146,159.84,10.81,0.22,174.97,1,-83,-8,19,12,43,10,12973569,333
319.04,1545056362,2460.76,51.480158,7.443223,160.72,12.27,1.46,154.52,1,-83,-8,19,12,43,10,12973569,333
320.04,1545056363,2473.01,51.480062,7.443305,161.41,13.63,1.37,153.26,1,-82,-8,14,10,46,10,12973569,333
321.04,1545056364,2486.63,51.479966,7.443381,162.04,13.16,-0.47,152.61,1,-82,-8,14,10,46,10,12973569,333
322.03,1545056365,2499.77,51.479860,7.443473,162.49,13.49,0.33,152.13,1,-86,-8,21,12,43,10,12973569,333
323.04,1545056366,2513.30,51.479759,7.443564,162.64,13.68,0.19,151.45,1,-86,-8,21,12,43,10,12973569,333
324.04,1545056367,2526.98,51.479655,7.443659,162.95,13.76,0.08,151.57,1,-80,-5,20,12,45,10,12973569,333
325.04,1545056368,2540.73,51.479547,7.443755,162.95,13.93,0.18,151.88,1,-80,-5,20,12,45,10,12973569,333
326.04,1545056369,2554.67,51.479431,7.443855,162.84,14.43,0.50,151.55,1,-80,-6,22,12,44,10,12973569,333
327.04,1545056370,2569.10,51.479310,7.443962,162.96,14.80,0.36,151.62,1,-80,-6,22,12,44,10,12973569,333
328.04,1545056371,2583.90,51.479193,7.444066,163.01,14.88,0.09,151.85,1,-76,-7,27,13,51,10,12973569,333
329.04,1545056372,2598.78,51.479075,7.444167,163.06,14.96,0.07,151.44,1,-76,-7,27,13,51,10,12973569,333
330.03,1545056373,2613.69,51.478958,7.444271,163.01,14.51,-0.44,151.72,1,-74,-8,27,13,53,10,12973569,333
331.04,1545056374,2628.25,51.478844,7.444372,163.09,14.13,-0.38,151.28,1,-74,-8,27,13,53,10,12973569,333
332.04,1545056375,2642.38,51.478735,7.444469,163.10,13.66,-0.47,151.59,1,-74,-6,28,15,51,10,12973569,333
333.03,1545056376,2655.99,51.478629,7.444564,163.15,13.22,-0.45,151.53,1,-74,-6,28,15,51,10,12973569,333
334.04,1545056377,2669.26,51.478523,7.444658,163.20,12.74,-0.47,151.65,1,-71,-7,22,15,57,10,12973569,333
335.04,1545056378,2682.00,51.478422,7.444748,163.21,12.29,-0.45,151.65,1,-71,-7,22,15,57,10,12973569,333
336.05,1545056379,2694.38,51.478326,7.444833,163.22,11.88,-0.41,151.69,1,-71,-7,26,15,56,10,12973569,333
337.04,1545056380,2706.17,51.478238,7.444911,163.17,10.40,-1.49,151.48,1,-71,-7,26,15,56,10,12973569,333
338.04,1545056381,2716.56,51.478164,7.444977,163.08,8.59,-1.81,151.12,1,-71,-7,26,15,56,10,12973569,333
339.04,1545056382,2725.16,51.478101,7.445032,163.08,6.92,-1.67,151.45,1,-68,-7,18,12,56,10,12973569,333
340.04,1545056383,2732.09,51.478053,7.445074,162.98,4.91,-2.01,150.75,1,-68,-7,18,12,56,10,12973569,333
341.04,1545056384,2736.99,51.478014,7.445107,162.97,3.46,-1.46,151.63,1,-70,-7,19,13,57,10,12973569,333
342.03,1545056385,2740.44,51.477991,7.445129,162.96,2.05,-1.41,150.94,1,-70,-7,19,13,57,10,12973569,333
343.04,1545056386,2742.49,51.477977,7.445141,162.95,1.06,-0.98,152.35,1,-70,-6,24,14,54,10,12973569,333
344.04,1545056387,2743.56,51.477977,7.445141,162.95,0.00,-1.06,152.35,1,-70,-6,24,14,54,10,12973569,333
345.04,1545056388,2743.56,51.477977,7.445141,162.95,0.00,0.00,152.35,1,-65,-6,31,15,62,10,12973569,333
346.04,1545056389,2743.56,51.477977,7.445141,162.95,0.00,0.00,152.35,1,-65,-6,31,15,62,10,12973569,333
347.04,1545056390,2743.56,51.477977,7.445141,162.95,0.00,0.00,152.35,1,-66,-6,22,15,61,10,12973569,333
348.04,1545056391,2743.56,51.477977,7.445141,162.95,0.00,0.00,152.35,1,-66,-6,22,15,61,10,12973569,333
349.04,1545056392,2743.56,51.477977,7.445141,162.93,0.00,0.00,150.18,1,-67,-5,21,15,60,10,12973569,333
350.04,1545056393,2743.56,51.477938,7.445176,162.91,0.00,0.00,150.62,1,-67,-5,21,15,60,10,12973569,333
351.04,1545056394,2743.56,51.477916,7.445196,162.90,3.02,0.00,151.04,1,-64,-6,34,11,63,10,12973569,333
352.04,1545056395,2746.58,51.477889,7.445219,162.89,3.81,0.78,151.67,1,-64,-6,34,11,63,10,12973569,333
353.04,1545056396,2750.39,51.477853,7.445251,162.77,5.01,1.20,151.20,1,-66,-6,22,14,61,10,12973569,333
354.04,1545056397,2755.39,51.477815,7.445284,162.67,4.99,-0.01,151.61,1,-66,-6,22,14,61,10,12973569,333
355.04,1545056398,2760.39,51.477776,7.445317,162.61,5.06,0.07,151.86,1,-61,-7,20,12,63,10,12973569,333
356.04,1545056399,2765.45,51.477732,7.445355,162.53,6.40,1.34,152.15,1,-61,-7,20,12,63,10,12973569,333
357.04,1545056400,2771.90,51.477681,7.445399,162.62,7.61,1.20,151.53,1,-58,-5,19,13,63,10,12973569,333
358.04,1545056401,2779.45,51.477624,7.445447,162.75,7.28,-0.33,152.03,1,-58,-5,19,13,63,10,12973569,333
359.04,1545056402,2786.74,51.477565,7.445497,162.81,7.62,0.34,151.92,1,-58,-5,19,13,63,10,12973569,333
360.04,1545056403,2794.35,51.477504,7.445548,162.86,7.71,0.09,151.62,1,-64,-8,13,13,63,10,12973569,333
361.04,1545056404,2802.06,51.477440,7.445603,162.82,8.25,0.53,151.67,1,-64,-8,13,13,63,10,12973569,333
362.03,1545056405,2810.29,51.477373,7.445661,162.78,9.12,0.87,151.74,1,-68,-7,22,15,57,10,12973569,333
363.04,1545056406,2819.44,51.477291,7.445732,162.75,9.82,0.70,151.55,1,-68,-7,22,15,57,10,12973569,333
364.04,1545056407,2829.26,51.477208,7.445804,162.71,10.33,0.51,151.08,1,-65,-8,5,10,63,10,12973569,333
365.04,1545056408,2839.59,51.477131,7.445870,162.72,10.66,0.33,151.05,1,-65,-8,5,10,63,10,12973569,333
366.04,1545056409,2850.28,51.477049,7.445942,162.71,10.96,0.30,151.10,1,-68,-9,17,6,62,10,12973569,333
367.04,1545056410,2861.24,51.476956,7.446024,162.73,11.18,0.21,151.79,1,-68,-9,17,6,62,10,12973569,333
368.04,1545056411,2872.42,51.476869,7.446102,162.90,10.91,-0.26,151.48,1,-69,-10,-2,6,60,10,12973569,333
369.04,1545056412,2883.32,51.476788,7.446175,163.05,10.55,-0.36,151.71,1,-69,-10,-2,6,60,10,12973569,333
370.04,1545056413,2893.88,51.476714,7.446241,163.16,10.53,-0.02,151.57,1,-68,-9,10,10,59,10,12973569,333
371.04,1545056414,2904.38,51.476626,7.446313,163.17,10.66,0.13,151.19,1,-68,-9,10,10,59,10,12973569,333
372.04,1545056415,2915.04,51.476537,7.446389,163.09,11.17,0.52,151.75,1,-68,-7,2,6,60,3,12973570,334
373.04,1545056416,2926.20,51.476448,7.446469,163.17,11.10,-0.07,152.59,1,-68,-7,2,6,60,3,12973570,334
374.04,1545056417,2937.34,51.476354,7.446549,163.19,11.38,0.27,152.71,1,-62,-6,21,11,61,3,12973570,334
375.04,1545056418,2948.71,51.476267,7.446623,163.08,11.92,0.55,151.98,1,-62,-6,21,11,61,3,12973570,334
376.04,1545056419,2960.62,51.476179,7.446697,162.93,11.83,-0.09,151.94,1,-63,-6,21,12,62,3,12973570,334
377.04,1545056420,2972.46,51.476083,7.446779,162.86,11.88,0.04,151.90,1,-63,-6,21,12,62,3,12973570,334
378.04,1545056421,2984.35,51.475994,7.446854,162.59,11.74,-0.13,151.86,1,-63,-7,30,15,63,3,12973570,334
379.04,1545056422,2996.09,51.475904,7.446932,162.53,11.51,-0.23,151.45,1,-63,-7,30,15,63,3,12973570,334
380.05,1545056423,3007.68,51.475815,7.447010,162.79,11.38,-0.13,152.24,1,-73,-7,22,15,54,3,12973570,334
381.04,1545056424,3018.96,51.475724,7.447088,162.87,11.18,-0.21,151.78,1,-73,-7,22,15,54,3,12973570,334
382.04,1545056425,3030.13,51.475643,7.447159,163.19,9.36,-1.82,151.34,1,-73,-7,22,15,54,3,12973570,334
383.04,1545056426,3039.51,51.475580,7.447219,163.33,8.26,-1.10,150.97,1,-71,-7,22,12,55,3,12973570,334
384.04,1545056427,3047.77,51.475516,7.447282,163.70,7.41,-0.85,150.45,1,-71,-7,22,12,55,3,12973570,334
385.04,1545056428,3055.17,51.475461,7.447336,164.06,6.66,-0.75,149.99,1,-73,-6,31,15,53,3,12973570,334
386.04,1545056429,3061.84,51.475409,7.447391,164.40,6.46,-0.20,149.44,1,-73,-6,31,15,53,3,12973570,334
387.04,1545056430,3068.30,51.475364,7.447437,164.54,6.44,-0.03,148.68,1,-71,-6,22,15,54,3,12973570,334
388.04,1545056431,3074.74,51.475317,7.447485,164.66,6.66,0.23,147.87,1,-71,-6,22,15,54,3,12973570,334
389.04,1545056432,3081.39,51.475266,7.447539,164.92,7.12,0.46,147.27,1,-66,-7,29,15,61,3,12973570,334
390.04,1545056433,3088.52,51.475214,7.447595,165.14,6.70,-0.42,146.50,1,-66,-7,29,15,61,3,12973570,334
391.04,1545056434,3095.21,51.475166,7.447642,165.19,6.47,-0.23,146.81,1,-75,-6,25,12,50,3,12973570,334
392.03,1545056435,3101.67,51.475119,7.447689,165.14,6.13,-0.34,146.37,1,-75,-6,25,12,50,3,12973570,334
393.04,1545056436,3107.82,51.475074,7.447735,165.10,5.92,-0.21,145.71,1,-77,-7,23,15,50,3,12973570,334
394.04,1545056437,3113.74,51.475030,7.447784,165.18,5.65,-0.27,144.84,1,-77,-7,23,15,50,3,12973570,334
395.04,1545056438,3119.39,51.474996,7.447823,165.05,4.96,-0.69,144.26,1,-81,-6,20,12,44,3,12973570,334
396.04,1545056439,3124.35,51.474958,7.447866,165.11,4.33,-0.63,143.39,1,-81,-6,20,12,44,3,12973570,334
397.04,1545056440,3128.68,51.474925,7.447904,165.12,3.91,-0.42,143.35,1,-76,-6,19,11,50,3,12973570,334
398.04,1545056441,3132.58,51.474898,7.447936,165.12,3.61,-0.30,142.45,1,-76,-6,19,11,50,3,12973570,334
399.04,1545056442,3136.19,51.474872,7.447968,165.13,3.36,-0.24,141.92,1,-77,-8,28,12,50,3,12973570,334
400.04,1545056443,3139.54,51.474851,7.447995,165.14,2.52,-0.84,142.26,1,-77,-8,28,12,50,3,12973570,334
401.05,1545056444,3142.09,51.474851,7.447995,165.14,0.00,-2.50,142.26,1,-83,-6,21,12,43,3,12973570,334
402.04,1545056445,3142.09,51.474851,7.447995,165.13,0.00,0.00,142.26,1,-83,-6,21,12,43,3,12973570,334
403.04,1545056446,3142.09,51.474851,7.447995,165.13,0.00,0.00,142.26,1,-83,-6,21,12,43,3,12973570,334
404.04,1545056447,3142.09,51.474851,7.447995,165.12,0.00,0.00,142.26,1,-81,-6,21,12,45,3,12973570,334
405.04,1545056448,3142.09,51.474851,7.447995,165.11,0.00,0.00,142.26,1,-81,-6,21,12,45,3,12973570,334
406.04,1545056449,3142.09,51.474851,7.447995,165.09,0.00,0.00,142.26,1,-81,-7,25,12,45,3,12973570,334
407.04,1545056450,3142.09,51.474851,7.447995,165.08,0.00,0.00,142.26,1,-81,-7,25,12,45,3,12973570,334
408.04,1545056451,3142.09,51.474851,7.447995,165.07,0.00,0.00,142.26,1,-81,-7,26,13,46,3,12973570,334
409.04,1545056452,3142.09,51.474851,7.447995,165.05,0.00,0.00,142.26,1,-81,-7,26,13,46,3,12973570,334
410.04,1545056453,3142.09,51.474851,7.447995,165.04,0.00,0.00,142.26,1,-81,-7,17,12,45,3,12973570,334
411.04,1545056454,3142.09,51.474851,7.447995,165.02,0.00,0.00,142.26,1,-81,-7,17,12,45,3,12973570,334
412.04,1545056455,3142.09,51.474851,7.447995,165.01,0.00,0.00,142.26,1,-82,-6,21,12,44,3,12973570,334
413.04,1545056456,3142.09,51.474851,7.447995,164.99,0.00,0.00,142.26,1,-82,-6,21,12,44,3,12973570,334
414.04,1545056457,3142.09,51.474851,7.447995,164.97,0.00,0.00,142.26,1,-82,-6,22,12,45,3,12973570,334
415.04,1545056458,3142.09,51.474851,7.447995,164.96,0.00,0.00,142.26,1,-82,-6,22,12,45,3,12973570,334
416.04,1545056459,3142.09,51.474851,7.447995,164.94,0.00,0.00,142.26,1,-81,-6,24,12,45,3,12973570,334
417.04,1545056460,3142.09,51.474851,7.447995,164.93,0.00,0.00,142.26,1,-81,-6,24,12,45,3,12973570,334
418.04,1545056461,3142.09,51.474851,7.447995,164.91,0.00,0.00,142.26,1,-82,-6,18,12,44,3,12973570,334
419.04,1545056462,3142.09,51.474851,7.447995,164.90,0.00,0.00,142.26,1,-82,-6,18,12,44,3,12973570,334
420.04,1545056463,3142.09,51.474851,7.447995,164.89,0.00,0.00,142.26,1,-82,-6,19,12,45,3,12973570,334
421.04,1545056464,3142.09,51.474851,7.447995,164.88,0.00,0.00,142.26,1,-82,-6,19,12,45,3,12973570,334
422.05,1545056465,3142.09,51.474851,7.447995,164.87,0.00,0.00,142.26,1,-81,-6,21,12,44,3,12973570,334
423.04,1545056466,3142.09,51.474851,7.447995,164.85,0.00,0.00,142.26,1,-81,-6,21,12,44,3,12973570,334
424.04,1545056467,3142.09,51.474851,7.447995,164.84,0.00,0.00,142.26,1,-81,-6,21,12,44,3,12973570,334
425.04,1545056468,3142.09,51.474851,7.447995,164.83,0.00,0.00,142.26,1,-82,-5,22,12,44,3,12973570,334
426.04,1545056469,3142.09,51.474851,7.447995,164.83,0.00,0.00,142.26,1,-82,-5,22,12,44,3,12973570,334
427.04,1545056470,3142.09,51.474851,7.447995,164.83,0.00,0.00,142.26,1,-82,-6,16,12,44,3,12973570,334
428.04,1545056471,3142.09,51.474851,7.447995,164.83,0.00,0.00,142.26,1,-82,-6,16,12,44,3,12973570,334
429.04,1545056472,3142.09,51.474851,7.447995,164.83,0.00,0.00,142.26,1,-82,-6,26,12,45,3,12973570,334
430.05,1545056473,3142.09,51.474851,7.447995,164.83,0.00,0.00,142.26,1,-82,-6,26,12,45,3,12973570,334
431.03,1545056474,3142.09,51.474851,7.447995,164.84,0.00,0.00,142.26,1,-81,-6,32,12,44,3,12973570,334
432.03,1545056475,3142.09,51.474851,7.447995,164.84,0.00,0.00,142.26,1,-81,-6,32,12,44,3,12973570,334
433.04,1545056476,3142.09,51.474851,7.447995,164.85,0.00,0.00,142.26,1,-82,-6,23,12,44,3,12973570,334
434.04,1545056477,3142.09,51.474851,7.447995,164.85,0.00,0.00,142.26,1,-82,-6,23,12,44,3,12973570,334
435.04,1545056478,3142.09,51.474851,7.447995,164.86,0.00,0.00,142.26,1,-82,-6,22,12,44,3,12973570,334
436.04,1545056479,3142.09,51.474851,7.447995,164.87,0.00,0.00,142.26,1,-82,-6,22,12,44,3,12973570,334
437.04,1545056480,3142.09,51.474851,7.447995,164.87,0.00,0.00,142.26,1,-82,-6,19,12,45,3,12973570,334
438.04,1545056481,3142.09,51.474851,7.447995,164.88,0.00,0.00,142.26,1,-82,-6,19,12,45,3,12973570,334
439.04,1545056482,3142.09,51.474851,7.447995,164.89,0.00,0.00,142.26,1,-83,-9,18,12,48,3,12973570,334
440.04,1545056483,3142.09,51.474851,7.447995,164.90,0.00,0.00,142.26,1,-83,-9,18,12,48,3,12973570,334
441.04,1545056484,3142.09,51.474851,7.447995,164.91,0.00,0.00,142.26,1,-82,-6,25,12,44,3,12973570,334
442.04,1545056485,3142.09,51.474851,7.447995,164.92,0.00,0.00,142.26,1,-82,-6,25,12,44,3,12973570,334
443.04,1545056486,3142.09,51.474851,7.447995,164.94,0.00,0.00,142.26,1,-83,-7,20,12,44,3,12973570,334
444.04,1545056487,3142.09,51.474851,7.447995,164.96,0.00,0.00,142.26,1,-83,-7,20,12,44,3,12973570,334
445.04,1545056488,3142.09,51.474851,7.447995,164.98,0.00,0.00,142.26,1,-83,-7,20,12,44,3,12973570,334
446.04,1545056489,3142.09,51.474851,7.447995,164.99,0.00,0.00,142.26,1,-82,-7,12,10,44,3,12973570,334
447.04,1545056490,3142.09,51.474851,7.447995,165.00,0.00,0.00,142.26,1,-82,-7,12,10,44,3,12973570,334
448.04,1545056491,3142.09,51.474851,7.447995,165.02,0.00,0.00,142.26,1,-82,-7,12,10,45,3,12973570,334
449.04,1545056492,3142.09,51.474851,7.447995,165.03,0.00,0.00,142.26,1,-82,-7,12,10,45,3,12973570,334
450.04,1545056493,3142.09,51.474851,7.447995,165.15,0.00,0.00,142.26,1,-82,-6,13,10,44,3,12973570,334
451.04,1545056494,3142.09,51.474851,7.447995,165.16,0.00,0.00,142.26,1,-82,-6,13,10,44,3,12973570,334
452.04,1545056495,3142.09,51.474851,7.447995,165.17,0.00,0.00,142.26,1,-79,-6,22,9,48,3,12973570,334
453.04,1545056496,3142.09,51.474851,7.447995,165.18,0.00,0.00,142.26,1,-79,-6,22,9,48,3,12973570,334
454.04,1545056497,3142.09,51.474851,7.447995,165.30,0.00,0.00,143.11,1,-75,-6,24,12,51,3,12973570,334
455.04,1545056498,3142.09,51.474851,7.447995,165.42,0.00,0.00,142.53,1,-75,-6,24,12,51,3,12973570,334
456.04,1545056499,3142.09,51.474801,7.448060,165.52,3.95,0.00,143.42,1,-79,-6,13,10,48,3,12973570,334
457.04,1545056500,3146.04,51.474773,7.448095,165.63,4.08,0.14,142.56,1,-79,-6,13,10,48,3,12973570,334
458.04,1545056501,3150.13,51.474736,7.448144,166.71,5.52,1.43,141.85,1,-79,-6,23,12,48,3,12973570,334
459.04,1545056502,3155.65,51.474695,7.448199,167.50,6.40,0.88,141.49,1,-79,-6,23,12,48,3,12973570,334
460.04,1545056503,3162.04,51.474653,7.448253,167.84,6.34,-0.07,141.86,1,-81,-6,16,11,44,3,12973570,334
461.03,1545056504,3168.36,51.474608,7.448312,168.32,6.55,0.21,141.29,1,-81,-6,16,11,44,3,12973570,334
462.04,1545056505,3174.92,51.474559,7.448377,168.83,7.03,0.48,140.72,1,-89,-7,13,12,42,6,12973582,59
463.04,1545056506,3181.95,51.474507,7.448446,169.05,7.83,0.80,140.89,1,-89,-7,13,12,42,6,12973582,59
464.04,1545056507,3189.86,51.474454,7.448516,169.27,7.93,0.10,140.82,1,-92,-6,19,13,33,6,12973582,59
465.04,1545056508,3197.73,51.474398,7.448589,169.48,8.15,0.22,140.87,1,-92,-6,19,13,33,6,12973582,59
466.04,1545056509,3205.86,51.474341,7.448666,169.72,8.40,0.25,140.31,1,-92,-6,19,13,33,6,12973582,59
467.04,1545056510,3214.28,51.474281,7.448746,170.12,8.87,0.47,139.91,1,-93,-6,17,12,32,6,12973582,59
468.04,1545056511,3223.15,51.474218,7.448829,170.40,9.33,0.46,139.94,1,-93,-6,17,12,32,6,12973582,59
469.04,1545056512,3232.49,51.474150,7.448924,170.88,10.01,0.67,139.30,1,-90,-6,19,13,34,6,12973582,59
470.03,1545056513,3242.46,51.474079,7.449025,171.43,10.39,0.39,138.44,1,-90,-6,19,13,34,6,12973582,59
471.03,1545056514,3252.85,51.474007,7.449130,171.80,10.12,-0.27,138.01,1,-89,-6,17,12,36,6,12973582,59
472.04,1545056515,3262.99,51.473943,7.449226,171.77,9.93,-0.19,137.48,1,-89,-6,17,12,36,6,12973582,59
473.04,1545056516,3272.93,51.473879,7.449326,171.88,10.23,0.30,136.59,1,-91,-8,12,9,36,6,12973582,59
474.04,1545056517,3283.21,51.473816,7.449426,171.61,10.57,0.34,135.66,1,-91,-8,12,9,36,6,12973582,59
475.04,1545056518,3293.76,51.473754,7.449533,171.28,10.88,0.30,134.19,1,-85,-5,7,6,51,7,13394191,136
476.04,1545056519,3304.65,51.473691,7.449641,171.15,10.72,-0.15,133.24,1,-85,-5,7,6,51,7,13394191,136
477.04,1545056520,3315.35,51.473626,7.449763,171.01,11.28,0.56,132.10,1,-86,-7,17,10,40,7,13394191,136
478.04,1545056521,3326.63,51.473557,7.449898,171.14,11.17,-0.10,131.02,1,-86,-7,17,10,40,7,13394191,136
479.03,1545056522,3337.76,51.473493,7.450028,171.17,11.02,-0.15,129.69,1,-84,-6,10,10,42,7,13394191,136
480.04,1545056523,3348.84,51.473429,7.450161,171.42,10.74,-0.28,128.72,1,-84,-6,10,10,42,7,13394191,136
481.04,1545056524,3359.57,51.473373,7.450286,171.58,10.73,-0.00,127.33,1,-88,-6,14,10,36,7,13394191,136
482.04,1545056525,3370.32,51.473316,7.450418,171.57,11.49,0.76,126.09,1,-88,-6,14,10,36,7,13394191,136
483.04,1545056526,3381.81,51.473260,7.450559,171.47,12.01,0.52,124.85,1,-86,-8,12,11,42,7,13394191,136
484.04,1545056527,3393.83,51.473201,7.450704,171.30,12.25,0.24,123.89,1,-86,-8,12,11,42,7,13394191,136
485.04,1545056528,3406.06,51.473139,7.450862,171.08,12.82,0.57,123.07,1,-78,-5,24,15,47,7,13394191,136
486.04,1545056529,3418.89,51.473076,7.451035,170.91,14.37,1.55,121.29,1,-78,-5,24,15,47,7,13394191,136
487.05,1545056530,3433.37,51.473014,7.451228,171.06,14.37,-0.00,119.55,1,-84,-8,3,15,44,7,13394191,136
488.04,1545056531,3447.61,51.472959,7.451414,171.23,14.09,-0.28,117.74,1,-84,-8,3,15,44,7,13394191,136
489.04,1545056532,3461.71,51.472911,7.451597,171.06,13.85,-0.25,115.83,1,-84,-8,3,15,44,7,13394191,136
490.04,1545056533,3475.55,51.472867,7.451782,170.76,13.74,-0.11,113.90,1,-87,-6,7,15,38,7,13394191,136
491.04,1545056534,3489.26,51.472827,7.451970,170.58,13.51,-0.23,112.21,1,-87,-6,7,15,38,7,13394191,136
492.04,1545056535,3502.79,51.472785,7.452157,170.12,13.44,-0.08,110.94,1,-87,-6,16,9,38,7,13394191,136
493.04,1545056536,3516.26,51.472745,7.452349,169.42,13.45,0.02,109.49,1,-87,-6,16,9,38,7,13394191,136
494.04,1545056537,3529.69,51.472707,7.452542,168.63,13.69,0.24,108.08,1,-82,-5,18,12,43,7,13394191,136
495.04,1545056538,3543.38,51.472680,7.452726,168.19,14.10,0.41,106.79,1,-82,-5,18,12,43,7,13394191,136
496.04,1545056539,3557.48,51.472647,7.452926,167.87,14.85,0.75,105.90,1,-85,-6,19,12,39,7,13394191,136
497.04,1545056540,3572.34,51.472612,7.453142,167.21,15.47,0.62,105.51,1,-85,-6,19,12,39,7,13394191,136
498.04,1545056541,3587.81,51.472580,7.453354,166.65,14.87,-0.60,103.90,1,-84,-5,21,12,40,7,13394191,136
499.04,1545056542,3602.69,51.472550,7.453567,166.22,15.36,0.49,103.43,1,-84,-5,21,12,40,7,13394191,136
500.04,1545056543,3618.03,51.472518,7.453786,165.68,15.38,0.02,104.26,1,-89,-6,21,12,35,7,13394191,136
501.04,1545056544,3633.50,51.472482,7.454005,165.20,15.61,0.23,105.11,1,-89,-6,21,12,35,7,13394191,136
502.04,1545056545,3649.03,51.472450,7.454211,165.04,15.50,-0.11,105.45,1,-94,-6,20,12,31,7,13394191,136
503.04,1545056546,3664.49,51.472417,7.454420,165.00,15.39,-0.11,105.80,1,-94,-6,20,12,31,7,13394191,136
504.04,1545056547,3679.95,51.472378,7.454632,164.84,15.14,-0.25,106.18,1,-90,-7,20,12,34,7,13394191,136
505.04,1545056548,3695.07,51.472340,7.454839,164.74,14.99,-0.15,107.12,1,-90,-7,20,12,34,7,13394191,136
506.04,1545056549,3710.05,51.472299,7.455038,164.73,14.78,-0.21,107.80,1,-91,-6,20,15,35,7,13394191,136
507.04,1545056550,3724.85,51.472254,7.455234,164.71,14.36,-0.42,108.82,1,-91,-6,20,15,35,7,13394191,136
508.05,1545056551,3739.30,51.472210,7.455426,164.67,14.04,-0.31,109.77,1,-94,-7,13,13,30,7,13394191,136
509.04,1545056552,3753.24,51.472158,7.455624,164.87,13.84,-0.20,111.11,1,-94,-7,13,13,30,7,13394191,136
510.04,1545056553,3767.08,51.472112,7.455810,164.74,13.27,-0.58,111.70,1,-94,-7,13,13,30,7,13394191,136
511.04,1545056554,3780.31,51.472063,7.455994,164.78,13.38,0.11,112.37,1,-98,-8,9,8,28,7,13394191,136
512.04,1545056555,3793.73,51.472014,7.456173,164.82,13.51,0.14,113.10,1,-98,-8,9,8,28,7,13394191,136
513.04,1545056556,3807.25,51.471964,7.456354,164.67,13.78,0.27,114.01,1,-97,-8,10,12,28,4,13394189,137
514.04,1545056557,3821.02,51.471913,7.456540,164.53,13.95,0.17,113.72,1,-97,-8,10,12,28,4,13394189,137
515.04,1545056558,3834.95,51.471865,7.456718,164.34,13.69,-0.26,114.32,1,-92,-7,11,15,34,4,13394189,137
516.04,1545056559,3848.64,51.471818,7.456889,163.95,13.44,-0.24,114.80,1,-92,-7,11,15,34,4,13394189,137
517.04,1545056560,3862.10,51.471765,7.457065,163.52,13.46,0.02,115.79,1,-92,-6,18,15,33,4,13394189,137
518.04,1545056561,3875.55,51.471713,7.457237,163.13,13.47,0.00,116.17,1,-92,-6,18,15,33,4,13394189,137
519.04,1545056562,3889.02,51.471661,7.457415,162.67,13.51,0.04,116.69,1,-91,-7,14,15,33,4,13394189,137
520.05,1545056563,3902.72,51.471604,7.457594,162.31,13.76,0.25,117.06,1,-91,-7,14,15,33,4,13394189,137
521.03,1545056564,3916.22,51.471548,7.457772,162.18,13.89,0.13,117.54,1,-91,-6,21,15,33,4,13394189,137
522.04,1545056565,3930.15,51.471494,7.457945,161.92,13.67,-0.23,117.62,1,-91,-6,21,15,33,4,13394189,137
523.04,1545056566,3943.84,51.471439,7.458116,161.72,13.00,-0.66,116.95,1,-90,-6,24,15,35,4,13394189,137
524.04,1545056567,3956.84,51.471392,7.458271,161.61,11.40,-1.60,116.00,1,-90,-6,24,15,35,4,13394189,137
525.04,1545056568,3968.23,51.471354,7.458398,161.42,8.78,-2.63,116.85,1,-87,-6,26,15,38,4,13394189,137
526.04,1545056569,3977.02,51.471322,7.458502,161.32,6.49,-2.28,116.52,1,-87,-6,26,15,38,4,13394189,137
527.04,1545056570,3983.51,51.471299,7.458581,161.13,5.89,-0.60,116.25,1,-89,-5,20,15,36,4,13394189,137
528.04,1545056571,3989.40,51.471276,7.458657,160.86,6.03,0.14,115.65,1,-89,-5,20,15,36,4,13394189,137
529.05,1545056572,3995.49,51.471250,7.458746,160.68,7.08,1.04,116.03,1,-83,-5,23,15,40,4,13394189,137
530.04,1545056573,4002.54,51.471225,7.458832,160.20,6.98,-0.11,115.29,1,-83,-5,23,15,40,4,13394189,137
531.03,1545056574,4009.46,51.471193,7.458934,159.90,8.11,1.14,115.70,1,-83,-5,23,15,40,4,13394189,137
532.04,1545056575,4017.60,51.471158,7.459049,159.70,9.69,1.58,115.94,1,-90,-7,20,15,36,4,13394189,137
533.04,1545056576,4027.30,51.471119,7.459180,159.51,9.66,-0.03,115.64,1,-90,-7,20,15,36,4,13394189,137
534.04,1545056577,4036.95,51.471085,7.459298,159.44,8.82,-0.84,116.22,1,-88,-5,23,15,37,4,13394189,137
535.04,1545056578,4045.77,51.471053,7.459412,159.22,8.49,-0.33,116.93,1,-88,-5,23,15,37,4,13394189,137
536.04,1545056579,4054.26,51.471018,7.459516,158.94,8.68,0.19,117.55,1,-89,-6,21,15,36,4,13394189,137
537.04,1545056580,4062.94,51.470983,7.459627,158.83,9.40,0.72,117.74,1,-89,-6,21,15,36,4,13394189,137
538.04,1545056581,4072.33,51.470942,7.459747,158.64,9.73,0.33,117.64,1,-87,-5,19,15,38,4,13394189,137
539.04,1545056582,4082.06,51.470902,7.459868,158.63,9.41,-0.32,116.15,1,-87,-5,19,15,38,4,13394189,137
540.04,1545056583,4091.46,51.470868,7.459992,158.81,9.74,0.34,113.27,1,-90,-6,22,15,35,4,13394189,137
541.04,1545056584,4101.21,51.470837,7.460113,159.09,9.60,-0.15,111.87,1,-90,-6,22,15,35,4,13394189,137
542.04,1545056585,4110.79,51.470801,7.460250,159.04,9.96,0.36,111.07,1,-90,-6,29,13,35,4,13394189,137
543.04,1545056586,4120.77,51.470767,7.460386,159.16,10.57,0.61,111.25,1,-90,-6,29,13,35,4,13394189,137
544.04,1545056587,4131.33,51.470731,7.460526,159.28,10.49,-0.08,111.83,1,-89,-5,21,15,37,4,13394189,137
545.04,1545056588,4141.84,51.470696,7.460663,159.17,10.51,0.03,112.26,1,-89,-5,21,15,37,4,13394189,137
546.04,1545056589,4152.35,51.470658,7.460808,159.11,10.37,-0.15,112.93,1,-88,-5,19,15,36,4,13394189,137
547.04,1545056590,4162.71,51.470623,7.460947,158.99,10.25,-0.12,113.60,1,-88,-5,19,15,36,4,13394189,137
548.04,1545056591,4172.97,51.470584,7.461082,159.05,10.99,0.74,114.13,1,-89,-5,20,15,35,4,13394189,137
549.04,1545056592,4183.96,51.470541,7.461230,159.11,11.09,0.10,114.47,1,-89,-5,20,15,35,4,13394189,137
550.04,1545056593,4195.06,51.470495,7.461386,159.18,11.42,0.33,115.24,1,-90,-5,22,15,35,4,13394189,137
551.04,1545056594,4206.46,51.470445,7.461546,159.63,12.10,0.68,114.77,1,-90,-5,22,15,35,4,13394189,137
552.04,1545056595,4218.57,51.470391,7.461700,159.73,12.32,0.22,117.63,1,-90,-5,22,15,35,4,13394189,137
553.04,1545056596,4230.86,51.470341,7.461859,160.46,12.03,-0.29,117.20,1,-90,-5,22,13,35,4,13394189,137
554.04,1545056597,4242.93,51.470290,7.462034,160.80,12.10,0.07,116.50,1,-90,-5,22,13,35,4,13394189,137
555.04,1545056598,4255.03,51.470245,7.462191,160.79,11.87,-0.23,116.15,1,-99,-6,14,15,26,4,13394189,137
556.04,1545056599,4266.90,51.470201,7.462344,160.37,12.06,0.19,115.74,1,-99,-6,14,15,26,4,13394189,137
557.04,1545056600,4278.96,51.470159,7.462501,159.84,12.27,0.21,115.30,1,-98,-6,14,12,26,4,13394189,137
558.04,1545056601,4291.23,51.470117,7.462658,159.41,12.27,-0.01,115.91,1,-98,-6,14,12,26,4,13394189,137
559.04,1545056602,4303.50,51.470072,7.462815,159.32,12.33,0.07,115.65,1,-99,-6,10,11,26,4,13394189,137
560.04,1545056603,4315.83,51.470029,7.462966,159.33,12.41,0.08,115.99,1,-99,-6,10,11,26,4,13394189,137
561.03,1545056604,4328.19,51.469979,7.463143,159.13,12.79,0.38,115.85,1,-98,-6,13,15,26,4,13394189,137
562.04,1545056605,4341.01,51.469931,7.463315,158.86,13.52,0.72,115.45,1,-98,-6,13,15,26,4,13394189,137
563.04,1545056606,4354.57,51.469880,7.463491,158.86,14.08,0.56,115.07,1,-101,-7,-1,8,24,4,13394189,137
564.04,1545056607,4368.63,51.469824,7.463690,158.63,14.83,0.76,114.21,1,-101,-7,-1,8,24,4,13394189,137
565.04,1545056608,4383.46,51.469770,7.463892,158.45,16.11,1.28,112.74,1,-105,-7,-12,9,22,4,13394189,137
566.04,1545056609,4399.57,51.469720,7.464101,158.14,15.74,-0.37,111.39,1,-105,-7,-12,9,22,4,13394189,137
567.04,1545056610,4415.31,51.469668,7.464329,157.88,16.34,0.60,110.32,1,-91,-6,11,15,36,13,13393923,318
568.04,1545056611,4431.63,51.469617,7.464559,157.97,16.71,0.38,109.37,1,-91,-6,11,15,36,13,13393923,318
569.04,1545056612,4448.35,51.469571,7.464799,157.90,16.64,-0.07,108.64,1,-93,-7,13,15,34,13,13393923,318
570.04,1545056613,4465.03,51.469525,7.465051,158.32,16.68,0.04,106.72,1,-93,-7,13,15,34,13,13393923,318
571.05,1545056614,4481.80,51.469493,7.465274,158.60,15.88,-0.80,103.77,1,-95,-10,11,8,34,13,13393923,318
572.04,1545056615,4497.50,51.469464,7.465510,158.63,15.78,-0.10,101.83,1,-95,-10,11,8,34,13,13393923,318
573.04,1545056616,4513.30,51.469442,7.465728,158.69,15.43,-0.35,100.80,1,-95,-10,11,8,34,13,13393923,318
574.04,1545056617,4528.76,51.469421,7.465964,158.40,16.19,0.76,99.10,1,-94,-8,11,15,34,13,13393923,318
575.04,1545056618,4544.93,51.469407,7.466196,157.82,16.58,0.40,97.42,1,-94,-8,11,15,34,13,13393923,318
576.04,1545056619,4561.51,51.469395,7.466439,157.17,16.46,-0.12,95.94,1,-91,-8,10,9,36,13,13393923,318
577.04,1545056620,4577.97,51.469390,7.466674,156.53,16.34,-0.12,93.76,1,-91,-8,10,9,36,13,13393923,318
578.04,1545056621,4594.33,51.469391,7.466902,156.21,16.42,0.08,91.89,1,-95,-8,5,7,32,13,13393923,318
579.04,1545056622,4610.76,51.469397,7.467154,155.56,16.33,-0.09,90.24,1,-95,-8,5,7,32,13,13393923,318
580.05,1545056623,4627.20,51.469409,7.467392,154.97,16.05,-0.28,88.57,1,-95,-10,3,15,33,13,13393923,318
581.04,1545056624,4643.13,51.469423,7.467612,155.24,15.43,-0.63,86.72,1,-95,-10,3,15,33,13,13393923,318
582.04,1545056625,4658.56,51.469443,7.467815,155.86,14.86,-0.58,85.00,1,-100,-14,4,7,34,13,13393923,318
583.04,1545056626,4673.46,51.469466,7.468023,156.64,14.37,-0.48,83.81,1,-100,-14,4,7,34,13,13393923,318
584.04,1545056627,4687.83,51.469486,7.468225,157.52,14.48,0.11,82.99,1,-98,-11,3,7,32,13,13393923,318
585.04,1545056628,4702.29,51.469507,7.468427,158.37,14.24,-0.24,83.45,1,-98,-11,3,7,32,13,13393923,318
586.04,1545056629,4716.55,51.469532,7.468638,159.27,14.54,0.30,82.24,1,-98,-9,6,5,30,13,13393923,318
587.04,1545056630,4731.08,51.469558,7.468841,159.83,14.71,0.16,81.30,1,-98,-9,6,5,30,13,13393923,318
588.04,1545056631,4745.78,51.469589,7.469055,160.25,14.47,-0.24,80.81,1,-98,-9,0,6,32,13,13393923,318
589.04,1545056632,4760.25,51.469614,7.469266,160.38,14.11,-0.35,80.23,1,-98,-9,0,6,32,13,13393923,318
590.05,1545056633,4774.46,51.469637,7.469458,160.42,13.96,-0.15,80.96,1,-97,-11,2,6,34,13,13393923,318
591.04,1545056634,4788.39,51.469661,7.469658,160.72,14.40,0.44,80.61,1,-97,-11,2,6,34,13,13393923,318
592.05,1545056635,4802.85,51.469684,7.469873,161.34,14.89,0.49,80.52,1,-91,-9,-1,10,36,21,13246977,156
593.04,1545056636,4817.56,51.469709,7.470091,162.01,15.81,0.93,81.13,1,-91,-9,-1,10,36,21,13246977,156
594.04,1545056637,4833.40,51.469733,7.470328,162.66,16.08,0.27,81.65,1,-91,-9,-1,10,36,21,13246977,156
595.04,1545056638,4849.52,51.469753,7.470560,162.75,15.39,-0.69,83.07,1,-95,-10,0,9,35,9,13393923,156
596.04,1545056639,4864.91,51.469772,7.470794,162.97,15.16,-0.23,83.70,1,-95,-10,0,9,35,9,13393923,156
597.04,1545056640,4880.04,51.469788,7.471021,163.05,14.86,-0.30,84.42,1,-91,-8,8,9,35,9,13393923,318
598.04,1545056641,4894.91,51.469799,7.471241,162.68,15.20,0.34,85.56,1,-91,-8,8,9,35,9,13393923,318
599.04,1545056642,4910.09,51.469803,7.471464,162.49,15.36,0.17,88.38,1,-95,-10,7,9,33,9,13393923,318
600.03,1545056643,4925.40,51.469809,7.471699,162.57,15.84,0.48,88.80,1,-95,-10,7,9,33,9,13393923,318
601.04,1545056644,4941.25,51.469807,7.471928,162.64,15.13,-0.71,90.79,1,-89,-7,8,6,38,9,13393923,318
602.04,1545056645,4956.39,51.469796,7.472170,162.61,16.01,0.88,92.98,1,-89,-7,8,6,38,9,13393923,318
603.04,1545056646,4972.48,51.469787,7.472402,162.59,16.92,0.91,94.37,1,-94,-12,13,8,38,9,13393923,318
604.04,1545056647,4989.40,51.469774,7.472660,162.67,16.91,-0.01,96.18,1,-94,-12,13,8,38,9,13393923,318
605.04,1545056648,5006.32,51.469757,7.472899,163.42,17.26,0.34,97.27,1,-98,-8,4,6,29,23,13246977,156
606.04,1545056649,5023.58,51.469740,7.473140,164.42,16.64,-0.62,97.42,1,-98,-8,4,6,29,23,13246977,156
607.04,1545056650,5040.13,51.469728,7.473358,165.70,15.93,-0.72,97.15,1,-98,-10,3,9,31,23,13246977,156
608.04,1545056651,5056.10,51.469710,7.473595,166.53,15.63,-0.29,97.74,1,-98,-10,3,9,31,23,13246977,156
609.04,1545056652,5071.75,51.469693,7.473822,166.83,15.30,-0.33,98.01,1,-99,-10,-1,6,31,23,13246977,156
610.04,1545056653,5087.07,51.469675,7.474034,167.11,14.84,-0.46,98.48,1,-99,-10,-1,6,31,23,13246977,156
611.04,1545056654,5101.86,51.469655,7.474248,167.54,14.87,0.02,97.63,1,-97,-9,6,6,31,23,13246977,156
612.04,1545056655,5116.73,51.469639,7.474461,167.85,14.53,-0.34,96.50,1,-97,-9,6,6,31,23,13246977,156
613.04,1545056656,5131.28,51.469624,7.474689,168.37,14.64,0.11,95.79,1,-99,-10,3,7,31,24,13246977,156
614.04,1545056657,5145.92,51.469607,7.474914,168.55,15.44,0.80,95.83,1,-99,-10,3,7,31,24,13246977,156
615.05,1545056658,5161.52,51.469590,7.475140,168.58,15.93,0.48,96.79,1,-101,-11,3,7,28,24,13246977,156
616.04,1545056659,5177.31,51.469570,7.475361,169.19,15.51,-0.42,96.29,1,-101,-11,3,7,28,24,13246977,156
617.04,1545056660,5192.83,51.469551,7.475588,169.96,15.33,-0.17,95.32,1,-101,-11,3,7,28,24,13246977,156
618.04,1545056661,5208.13,51.469533,7.475820,170.66,14.44,-0.89,94.35,1,-100,-11,0,9,30,24,13246977,156
619.04,1545056662,5222.58,51.469524,7.476025,171.31,13.96,-0.48,93.53,1,-100,-11,0,9,30,24,13246977,156
620.04,1545056663,5236.55,51.469518,7.476216,172.24,13.28,-0.68,92.77,1,-101,-13,-4,6,30,24,13246977,156
621.04,1545056664,5249.83,51.469513,7.476414,172.87,13.64,0.36,91.70,1,-101,-13,-4,6,30,24,13246977,156
622.04,1545056665,5263.41,51.469511,7.476624,173.34,13.58,-0.06,89.63,1,-106,-16,-3,10,30,24,13246977,156
623.04,1545056666,5277.07,51.469515,7.476808,174.09,13.01,-0.57,87.16,1,-106,-16,-3,10,30,24,13246977,156
624.04,1545056667,5290.03,51.469522,7.476998,174.32,12.99,-0.02,86.28,1,-106,-9,6,8,23,9,13393934,265
625.04,1545056668,5303.07,51.469535,7.477177,174.74,11.90,-1.08,83.85,1,-106,-9,6,8,23,9,13393934,265
626.04,1545056669,5314.93,51.469549,7.477354,175.30,11.39,-0.52,83.40,1,-104,-7,10,9,22,9,13393934,265
627.04,1545056670,5326.32,51.469566,7.477533,175.69,11.77,0.38,82.04,1,-104,-7,10,9,22,9,13393934,265
628.04,1545056671,5338.10,51.469587,7.477688,175.88,10.37,-1.39,78.55,1,-104,-7,15,10,24,9,13393934,265
629.04,1545056672,5348.47,51.469604,7.477841,175.74,8.70,-1.67,79.13,1,-104,-7,15,10,24,9,13393934,265
630.04,1545056673,5357.18,51.469620,7.477978,175.85,7.94,-0.76,80.61,1,-102,-7,13,11,24,9,13393934,265
631.04,1545056674,5365.14,51.469633,7.478100,175.77,7.43,-0.51,79.99,1,-102,-7,13,11,24,9,13393934,265
632.03,1545056675,5372.50,51.469646,7.478208,175.70,6.92,-0.52,79.43,1,-100,-11,13,10,29,9,13393934,265
633.04,1545056676,5379.43,51.469658,7.478294,175.65,5.69,-1.22,79.02,1,-100,-11,13,10,29,9,13393934,265
634.04,1545056677,5385.14,51.469668,7.478369,175.34,5.06,-0.62,78.29,1,-97,-6,23,15,28,9,13393934,265
635.04,1545056678,5390.20,51.469680,7.478448,175.20,4.21,-0.85,79.68,1,-97,-6,23,15,28,9,13393934,265
636.05,1545056679,5394.45,51.469690,7.478506,175.19,3.54,-0.67,77.28,1,-98,-6,34,15,27,9,13393934,265
637.04,1545056680,5397.95,51.469701,7.478546,175.20,2.80,-0.74,77.25,1,-98,-6,34,15,27,9,13393934,265
638.04,1545056681,5400.76,51.469709,7.478580,175.20,1.91,-0.89,77.92,1,-98,-6,34,15,27,9,13393934,265
639.04,1545056682,5402.67,51.469716,7.478610,175.20,1.42,-0.49,79.88,1,-98,-6,22,15,28,9,13393934,265
640.04,1545056683,5404.09,51.469718,7.478614,175.16,0.37,-1.06,79.88,1,-98,-6,22,15,28,9,13393934,265
641.04,1545056684,5404.45,51.469718,7.478614,175.16,0.00,-0.37,79.88,1,-95,-6,30,15,30,9,13393934,265
642.04,1545056685,5404.45,51.469718,7.478614,175.15,0.00,0.00,79.88,1,-95,-6,30,15,30,9,13393934,265
643.04,1545056686,5404.45,51.469718,7.478614,175.13,0.00,0.00,79.88,1,-96,-7,35,15,29,9,13393934,265
644.04,1545056687,5404.45,51.469718,7.478614,175.11,0.00,0.00,79.88,1,-96,-7,35,15,29,9,13393934,265
645.04,1545056688,5404.45,51.469718,7.478614,175.08,0.00,0.00,79.88,1,-96,-6,22,15,29,9,13393934,265
646.04,1545056689,5404.45,51.469718,7.478614,175.05,0.00,0.00,79.88,1,-96,-6,22,15,29,9,13393934,265
647.04,1545056690,5404.45,51.469718,7.478614,175.01,0.00,0.00,79.88,1,-96,-6,35,15,29,9,13393934,265
648.04,1545056691,5404.45,51.469718,7.478614,174.98,0.00,0.00,79.88,1,-96,-6,35,15,29,9,13393934,265
649.04,1545056692,5404.45,51.469718,7.478614,174.94,0.00,0.00,79.88,1,-96,-5,24,12,29,9,13393934,265
650.04,1545056693,5404.45,51.469718,7.478614,174.90,0.00,0.00,79.88,1,-96,-5,24,12,29,9,13393934,265
651.04,1545056694,5404.45,51.469718,7.478614,174.56,0.00,0.00,79.88,1,-97,-5,22,15,28,9,13393934,265
652.04,1545056695,5404.45,51.469718,7.478614,171.83,0.00,0.00,75.79,1,-97,-5,22,15,28,9,13393934,265
653.04,1545056696,5404.45,51.469718,7.478614,170.38,0.00,0.00,74.85,1,-96,-6,24,11,30,9,13393934,265
654.04,1545056697,5404.45,51.469748,7.478831,169.79,7.46,0.00,74.69,1,-96,-6,24,11,30,9,13393934,265
655.04,1545056698,5411.92,51.469770,7.478962,169.96,9.06,1.60,74.50,1,-92,-6,37,15,33,9,13393934,265
656.04,1545056699,5420.98,51.469795,7.479093,171.00,9.99,0.93,74.21,1,-92,-6,37,15,33,9,13393934,265
657.04,1545056700,5430.96,51.469821,7.479216,171.98,9.73,-0.26,73.58,1,-87,-5,21,11,38,9,13393934,265
658.04,1545056701,5440.68,51.469849,7.479365,173.14,9.37,-0.35,73.41,1,-87,-5,21,11,38,9,13393934,265
659.05,1545056702,5450.14,51.469877,7.479505,174.19,9.10,-0.27,73.10,1,-87,-6,27,15,38,9,13393934,265
660.04,1545056703,5459.14,51.469906,7.479633,174.95,9.06,-0.05,72.56,1,-87,-6,27,15,38,9,13393934,265
661.04,1545056704,5468.19,51.469934,7.479761,175.58,9.29,0.24,71.64,1,-87,-6,27,15,38,9,13393934,265
662.03,1545056705,5477.47,51.469960,7.479881,176.04,9.51,0.21,73.04,1,-85,-6,21,12,40,9,13393934,265
663.04,1545056706,5487.01,51.469986,7.480012,176.56,9.73,0.22,73.82,1,-85,-6,21,12,40,9,13393934,265
664.04,1545056707,5496.74,51.470017,7.480156,177.17,10.37,0.64,73.13,1,-83,-5,26,15,42,9,13393934,265
665.04,1545056708,5507.10,51.470050,7.480305,177.66,10.89,0.52,72.75,1,-83,-5,26,15,42,9,13393934,265
666.04,1545056709,5517.99,51.470084,7.480468,177.96,11.14,0.25,71.79,1,-82,-5,39,15,43,9,13393934,265
667.04,1545056710,5529.13,51.470121,7.480631,178.14,11.38,0.24,71.40,1,-82,-5,39,15,43,9,13393934,265
668.04,1545056711,5540.51,51.470161,7.480805,178.31,11.81,0.43,71.11,1,-93,-6,23,15,31,9,13393934,265
669.04,1545056712,5552.31,51.470202,7.480975,178.43,12.07,0.26,72.08,1,-93,-6,23,15,31,9,13393934,265
670.03,1545056713,5564.35,51.470238,7.481134,178.91,12.05,-0.02,72.48,1,-91,-7,40,13,38,9,13393934,265
671.03,1545056714,5576.39,51.470271,7.481280,179.33,10.79,-1.26,73.44,1,-91,-7,40,13,38,9,13393934,265
672.03,1545056715,5587.19,51.470296,7.481398,179.70,7.89,-2.90,73.98,1,-92,-10,22,13,38,9,13393934,265
673.04,1545056716,5595.10,51.470297,7.481511,180.16,5.61,-2.27,95.09,1,-92,-10,22,13,38,9,13393934,265
674.04,1545056717,5600.73,51.470263,7.481598,180.34,6.76,1.14,133.91,1,-95,-6,37,15,30,9,13393934,265
675.04,1545056718,5607.48,51.470219,7.481641,180.19,8.76,2.01,150.72,1,-95,-6,37,15,30,9,13393934,265
676.04,1545056719,5616.24,51.470143,7.481705,180.14,9.74,0.98,154.25,1,-99,-6,23,13,29,9,13393934,265
677.04,1545056720,5625.98,51.470063,7.481754,180.27,10.97,1.23,157.16,1,-99,-6,23,13,29,9,13393934,265
678.04,1545056721,5636.95,51.469966,7.481804,180.20,12.57,1.60,159.58,1,-97,-6,33,11,27,9,13393934,265
679.04,1545056722,5649.52,51.469846,7.481861,180.20,13.68,1.11,161.30,1,-97,-6,33,11,27,9,13393934,265
680.05,1545056723,5663.33,51.469723,7.481921,180.10,14.23,0.55,162.22,1,-99,-5,21,14,25,9,13393934,265
681.04,1545056724,5677.42,51.469601,7.481974,180.05,13.80,-0.44,163.25,1,-99,-5,21,14,25,9,13393934,265
682.04,1545056725,5691.24,51.469485,7.482020,180.25,13.01,-0.79,164.62,1,-99,-5,21,14,25,9,13393934,265
683.04,1545056726,5704.24,51.469360,7.482067,180.54,13.17,0.16,165.40,1,-99,-6,35,15,26,9,13393934,265
684.04,1545056727,5717.40,51.469218,7.482117,180.75,14.19,1.02,166.18,1,-99,-6,35,15,26,9,13393934,265
685.04,1545056728,5731.61,51.469101,7.482155,180.71,13.78,-0.41,166.60,1,-100,-6,21,15,25,9,13393934,265
686.04,1545056729,5745.37,51.468982,7.482198,180.71,13.36,-0.41,166.82,1,-100,-6,21,15,25,9,13393934,265
687.04,1545056730,5758.75,51.468864,7.482243,180.37,13.08,-0.28,166.45,1,-99,-6,18,15,27,9,13393934,265
688.04,1545056731,5771.83,51.468752,7.482283,179.84,12.71,-0.37,165.84,1,-99,-6,18,15,27,9,13393934,265
689.04,1545056732,5784.53,51.468641,7.482328,179.47,12.41,-0.30,165.06,1,-101,-6,33,15,25,9,13393934,265
690.04,1545056733,5796.95,51.468528,7.482377,179.16,11.76,-0.65,164.49,1,-101,-6,33,15,25,9,13393934,265
691.03,1545056734,5808.67,51.468417,7.482421,178.99,11.85,0.09,164.07,1,-104,-6,19,15,23,9,13393934,265
692.04,1545056735,5820.54,51.468311,7.482467,178.77,11.63,-0.22,164.50,1,-104,-6,19,15,23,9,13393934,265
693.04,1545056736,5832.17,51.468212,7.482508,178.40,11.34,-0.29,165.35,1,-105,-9,18,9,24,9,13393934,265
694.04,1545056737,5843.54,51.468118,7.482547,178.06,10.84,-0.50,166.04,1,-105,-9,18,9,24,9,13393934,265
695.04,1545056738,5854.38,51.468026,7.482579,177.99,9.98,-0.86,166.57,1,-108,-7,14,9,17,9,13393934,265
696.04,1545056739,5864.36,51.467940,7.482608,178.07,9.26,-0.72,167.37,1,-108,-7,14,9,17,9,13393934,265
697.04,1545056740,5873.61,51.467857,7.482636,178.29,8.59,-0.67,168.06,1,-110,-7,12,11,15,9,13393934,265
698.04,1545056741,5882.20,51.467786,7.482657,178.34,8.04,-0.55,168.53,1,-110,-7,12,11,15,9,13393934,265
699.04,1545056742,5890.25,51.467716,7.482675,178.25,7.14,-0.90,169.44,1,-112,-8,11,10,15,9,13393934,265
700.04,1545056743,5897.39,51.467660,7.482687,178.19,6.23,-0.91,169.09,1,-112,-8,11,10,15,9,13393934,265
701.05,1545056744,5903.67,51.467597,7.482701,177.88,6.05,-0.18,169.86,1,-109,-7,13,9,18,9,13393934,265
702.04,1545056745,5909.66,51.467532,7.482715,177.18,7.93,1.90,170.82,1,-109,-7,13,9,18,9,13393934,265
703.04,1545056746,5917.61,51.467449,7.482731,176.18,9.66,1.73,172.84,1,-109,-7,13,9,18,9,13393934,265
704.04,1545056747,5927.25,51.467340,7.482749,175.17,10.36,0.70,173.90,1,-111,-7,13,9,15,9,13393934,265
705.04,1545056748,5937.63,51.467240,7.482754,174.38,11.81,1.45,176.31,1,-111,-7,13,9,15,9,13393934,265
706.04,1545056749,5949.45,51.467117,7.482758,173.51,13.21,1.39,177.88,1,-109,-7,12,9,17,9,13393934,265
707.04,1545056750,5962.65,51.466976,7.482756,173.20,14.46,1.25,180.13,1,-109,-7,12,9,17,9,13393934,265
708.04,1545056751,5977.11,51.466849,7.482739,172.76,13.72,-0.73,182.58,1,-118,-9,8,5,9,9,13393934,265
709.04,1545056752,5990.82,51.466713,7.482702,172.35,14.31,0.58,186.34,1,-118,-9,8,5,9,9,13393934,265
710.07,1545056753,6005.51,51.466579,7.482651,172.43,14.88,0.56,189.84,1,-115,-9,6,5,12,9,13393934,265
711.04,1545056754,6019.99,51.466448,7.482592,172.67,15.37,0.51,192.70,1,-115,-9,6,5,12,9,13393934,265
712.04,1545056755,6035.34,51.466332,7.482532,172.93,14.18,-1.19,193.98,nan,nan,nan,nan,nan,nan,nan,nan,nan
713.04,1545056756,6049.53,51.466214,7.482464,173.20,13.71,-0.47,197.27,nan,nan,nan,nan,nan,nan,nan,nan,nan
714.04,1545056757,6063.24,51.466070,7.482374,173.31,16.10,2.39,198.78,nan,nan,nan,nan,nan,nan,nan,nan,nan
715.04,1545056758,6079.36,51.465933,7.482283,173.07,17.29,1.18,200.79,nan,nan,nan,nan,nan,nan,nan,nan,nan
716.04,1545056759,6096.62,51.465797,7.482162,173.15,17.29,0.00,198.92,nan,nan,nan,nan,nan,nan,nan,nan,nan
717.04,1545056760,6113.91,51.465669,7.482056,173.14,15.90,-1.38,202.20,nan,nan,nan,nan,nan,nan,nan,nan,nan
718.04,1545056761,6129.81,51.465571,7.481967,174.13,13.52,-2.38,200.95,nan,nan,nan,nan,nan,nan,nan,nan,nan
719.04,1545056762,6143.32,51.465458,7.481875,174.68,14.64,1.12,202.11,nan,nan,nan,nan,nan,nan,nan,nan,nan
720.04,1545056763,6157.97,51.465336,7.481786,174.68,14.85,0.21,202.84,nan,nan,nan,nan,nan,nan,nan,nan,nan
721.04,1545056764,6172.84,51.465218,7.481695,175.40,15.08,0.23,202.49,nan,nan,nan,nan,nan,nan,nan,nan,nan
722.05,1545056765,6188.04,51.465094,7.481607,175.84,15.46,0.38,201.92,nan,nan,nan,nan,nan,nan,nan,nan,nan
723.04,1545056766,6203.37,51.464970,7.481530,176.24,15.10,-0.36,201.03,nan,nan,nan,nan,nan,nan,nan,nan,nan
724.04,1545056767,6218.47,51.464849,7.481457,176.14,15.26,0.16,200.50,nan,nan,nan,nan,nan,nan,nan,nan,nan
725.04,1545056768,6233.74,51.464716,7.481385,175.87,15.35,0.08,199.75,nan,nan,nan,nan,nan,nan,nan,nan,nan
726.04,1545056769,6249.08,51.464580,7.481309,174.57,15.10,-0.25,199.18,nan,nan,nan,nan,nan,nan,nan,nan,nan
727.04,1545056770,6264.18,51.464441,7.481232,173.37,16.04,0.95,198.82,nan,nan,nan,nan,nan,nan,nan,nan,nan
728.04,1545056771,6280.22,51.464302,7.481166,172.89,16.11,0.07,197.95,nan,nan,nan,nan,nan,nan,nan,nan,nan
729.04,1545056772,6296.28,51.464156,7.481096,172.31,16.43,0.32,197.48,nan,nan,nan,nan,nan,nan,nan,nan,nan
730.04,1545056773,6312.76,51.464007,7.481023,172.38,16.60,0.17,197.05,nan,nan,nan,nan,nan,nan,nan,nan,nan
731.04,1545056774,6329.37,51.463868,7.480963,172.98,15.75,-0.85,196.34,nan,nan,nan,nan,nan,nan,nan,nan,nan
732.04,1545056775,6345.12,51.463733,7.480903,173.61,15.25,-0.50,196.30,nan,nan,nan,nan,nan,nan,nan,nan,nan
733.04,1545056776,6360.37,51.463608,7.480845,173.86,14.94,-0.30,196.04,nan,nan,nan,nan,nan,nan,nan,nan,nan
734.04,1545056777,6375.31,51.463484,7.480788,174.11,14.66,-0.28,195.69,nan,nan,nan,nan,nan,nan,nan,nan,nan
735.04,1545056778,6389.98,51.463352,7.480731,174.61,14.54,-0.12,196.02,nan,nan,nan,nan,nan,nan,nan,nan,nan
736.04,1545056779,6404.52,51.463227,7.480669,174.87,14.21,-0.33,195.46,nan,nan,nan,nan,nan,nan,nan,nan,nan
737.04,1545056780,6418.73,51.463097,7.480608,174.98,14.62,0.41,195.13,nan,nan,nan,nan,nan,nan,nan,nan,nan
738.04,1545056781,6433.34,51.462967,7.480551,175.20,14.95,0.34,195.52,nan,nan,nan,nan,nan,nan,nan,nan,nan
739.04,1545056782,6448.28,51.462834,7.480495,175.54,14.77,-0.19,196.43,nan,nan,nan,nan,nan,nan,nan,nan,nan
740.04,1545056783,6463.05,51.462712,7.480443,176.19,14.00,-0.77,196.10,nan,nan,nan,nan,nan,nan,nan,nan,nan
741.04,1545056784,6477.05,51.462590,7.480392,176.87,12.55,-1.45,195.34,nan,nan,nan,nan,nan,nan,nan,nan,nan
742.04,1545056785,6489.59,51.462489,7.480350,177.49,10.49,-2.06,196.21,nan,nan,nan,nan,nan,nan,nan,nan,nan
743.05,1545056786,6500.17,51.462400,7.480311,178.06,9.05,-1.43,195.59,nan,nan,nan,nan,nan,nan,nan,nan,nan
744.04,1545056787,6509.14,51.462332,7.480280,178.19,7.62,-1.43,195.23,nan,nan,nan,nan,nan,nan,nan,nan,nan
745.04,1545056788,6516.76,51.462276,7.480253,178.22,5.39,-2.23,196.09,nan,nan,nan,nan,nan,nan,nan,nan,nan
746.03,1545056789,6522.13,51.462229,7.480236,178.23,4.13,-1.27,195.34,nan,nan,nan,nan,nan,nan,nan,nan,nan
747.04,1545056790,6526.28,51.462202,7.480225,178.21,2.69,-1.43,192.08,nan,nan,nan,nan,nan,nan,nan,nan,nan
748.04,1545056791,6528.97,51.462190,7.480219,178.18,1.20,-1.50,190.29,nan,nan,nan,nan,nan,nan,nan,nan,nan
749.04,1545056792,6530.17,51.462172,7.480208,178.17,1.26,0.06,191.41,nan,nan,nan,nan,nan,nan,nan,nan,nan
750.04,1545056793,6531.42,51.462152,7.480198,178.20,2.99,1.74,192.63,1,-108,-10,-8,9,21,23,13246977,156
751.04,1545056794,6534.42,51.462115,7.480187,178.11,4.44,1.45,191.84,1,-108,-10,-8,9,21,23,13246977,156
752.04,1545056795,6538.86,51.462068,7.480179,178.20,4.93,0.49,189.00,1,-107,-10,5,9,22,23,13246977,156
753.04,1545056796,6543.79,51.462047,7.480214,178.02,5.24,0.31,142.36,1,-107,-10,5,9,22,23,13246977,156
754.04,1545056797,6549.03,51.462025,7.480288,178.21,5.56,0.32,116.19,1,-109,-10,2,8,21,23,13246977,156
755.04,1545056798,6554.60,51.462018,7.480374,178.16,5.96,0.40,99.18,1,-109,-10,2,8,21,23,13246977,156
756.04,1545056799,6560.56,51.462016,7.480502,178.03,7.81,1.85,95.94,1,-107,-10,1,8,23,23,13246977,156
757.04,1545056800,6568.37,51.462015,7.480631,177.84,8.86,1.04,94.10,1,-107,-10,1,8,23,23,13246977,156
758.04,1545056801,6577.21,51.462013,7.480769,177.76,10.65,1.80,93.16,1,-106,-9,2,11,22,23,13246977,156
759.04,1545056802,6587.85,51.462009,7.480927,177.60,10.65,0.00,92.06,1,-106,-9,2,11,22,23,13246977,156
760.04,1545056803,6598.51,51.462008,7.481081,177.61,9.95,-0.70,90.12,1,-108,-9,7,6,21,14,13394435,184
761.04,1545056804,6608.47,51.462009,7.481237,177.63,11.06,1.11,89.79,1,-108,-9,7,6,21,14,13394435,184
762.04,1545056805,6619.53,51.462008,7.481406,177.66,12.01,0.94,89.93,1,-113,-14,3,7,21,14,13394435,184
763.04,1545056806,6631.54,51.462007,7.481592,178.18,12.52,0.52,90.28,1,-113,-14,3,7,21,14,13394435,184
764.05,1545056807,6644.15,51.462007,7.481770,178.44,12.20,-0.33,89.91,1,-109,-14,1,6,25,14,13394435,184
765.04,1545056808,6656.25,51.462006,7.481944,178.86,12.69,0.49,90.13,1,-109,-14,1,6,25,14,13394435,184
766.04,1545056809,6668.94,51.462005,7.482107,179.10,12.50,-0.19,90.73,1,-109,-14,1,6,25,14,13394435,184
767.04,1545056810,6681.44,51.462003,7.482278,179.63,12.37,-0.13,90.82,1,-105,-13,2,9,28,14,13394435,184
768.04,1545056811,6693.82,51.462004,7.482461,180.24,12.04,-0.32,90.63,1,-105,-13,2,9,28,14,13394435,184
769.04,1545056812,6705.84,51.462004,7.482638,180.67,11.90,-0.14,90.56,1,-108,-13,2,8,25,14,13394435,184
770.04,1545056813,6717.75,51.462003,7.482805,180.77,12.06,0.16,90.19,1,-108,-13,2,8,25,14,13394435,184
771.04,1545056814,6729.81,51.462004,7.482980,180.96,12.00,-0.06,90.19,1,-104,-11,-3,9,25,14,13394435,184
772.06,1545056815,6742.01,51.462003,7.483159,180.82,11.84,-0.15,89.85,1,-104,-11,-3,9,25,14,13394435,184
773.04,1545056816,6753.68,51.461997,7.483340,180.81,10.97,-0.89,93.06,1,-106,-16,-2,6,30,14,13394435,184
774.04,1545056817,6764.64,51.461997,7.483504,181.02,10.74,-0.23,90.27,1,-106,-16,-2,6,30,14,13394435,184
775.04,1545056818,6775.39,51.461995,7.483647,181.31,10.74,0.00,90.92,1,-115,-16,-3,6,19,14,13246977,156
776.04,1545056819,6786.14,51.462016,7.483788,181.78,9.19,-1.55,72.95,1,-115,-16,-3,6,19,14,13246977,156
777.04,1545056820,6795.28,51.462007,7.483916,181.72,8.25,-0.95,93.69,1,-109,-9,-2,6,28,13,13394435,184
778.04,1545056821,6803.54,51.461991,7.484024,181.07,7.48,-0.77,97.59,1,-109,-9,-2,6,28,13,13394435,184
779.04,1545056822,6811.01,51.461958,7.484119,181.31,7.50,0.02,128.21,1,-96,-13,4,12,37,13,13394435,184
780.04,1545056823,6818.52,51.461899,7.484208,182.34,8.32,0.82,150.93,1,-96,-13,4,12,37,13,13394435,184
781.04,1545056824,6826.81,51.461828,7.484275,183.42,9.68,1.36,154.69,1,-104,-11,3,8,29,13,13394435,184
782.04,1545056825,6836.51,51.461732,7.484310,184.46,9.98,0.30,167.85,1,-104,-11,3,8,29,13,13394435,184
783.04,1545056826,6846.50,51.461639,7.484336,185.37,10.67,0.69,168.41,1,-103,-10,2,5,26,13,13394435,184
784.04,1545056827,6857.17,51.461534,7.484370,186.64,12.93,2.26,168.84,1,-103,-10,2,5,26,13,13394435,184
785.05,1545056828,6870.22,51.461411,7.484406,187.49,13.67,0.74,169.72,1,-105,-11,-2,7,27,13,13394435,184
786.04,1545056829,6883.77,51.461284,7.484440,188.13,14.31,0.64,170.15,1,-105,-11,-2,7,27,13,13394435,184
787.04,1545056830,6898.06,51.461143,7.484470,188.36,15.58,1.27,171.19,1,-105,-11,-2,7,27,13,13394435,184
788.04,1545056831,6913.67,51.461013,7.484502,188.72,15.36,-0.21,171.66,1,-103,-11,0,6,27,13,13394435,184
789.04,1545056832,6929.05,51.460864,7.484533,189.07,14.68,-0.68,172.62,1,-103,-11,0,6,27,13,13394435,184
790.04,1545056833,6943.71,51.460721,7.484553,189.67,15.06,0.39,175.23,1,-101,-11,2,5,30,13,13394435,184
791.04,1545056834,6958.76,51.460571,7.484560,190.91,15.50,0.44,176.79,1,-101,-11,2,5,30,13,13394435,184
792.04,1545056835,6974.26,51.460428,7.484554,192.19,14.98,-0.52,178.97,1,-99,-11,4,5,31,13,13394435,184
793.04,1545056836,6989.26,51.460288,7.484537,193.11,15.32,0.33,181.13,1,-99,-11,4,5,31,13,13394435,184
794.04,1545056837,7004.56,51.460152,7.484510,193.89,15.54,0.22,183.19,1,-98,-13,3,10,33,13,13394435,184
795.04,1545056838,7020.11,51.460018,7.484472,194.56,14.43,-1.11,185.56,1,-98,-13,3,10,33,13,13394435,184
796.04,1545056839,7034.54,51.459879,7.484433,195.22,15.23,0.81,186.57,1,-101,-13,4,9,30,13,13394435,184
797.04,1545056840,7049.77,51.459740,7.484389,195.72,15.67,0.43,187.74,1,-101,-13,4,9,30,13,13394435,184
798.04,1545056841,7065.40,51.459594,7.484344,196.26,15.68,0.02,188.35,1,-102,-13,3,5,30,13,13394435,184
799.04,1545056842,7081.13,51.459456,7.484296,196.57,15.45,-0.23,188.80,1,-102,-13,3,5,30,13,13394435,184
800.04,1545056843,7096.60,51.459312,7.484251,196.89,14.40,-1.05,189.29,1,-106,-12,3,8,25,13,13394435,184
801.04,1545056844,7110.97,51.459178,7.484209,197.41,14.80,0.40,189.65,1,-106,-12,3,8,25,13,13394435,184
802.04,1545056845,7125.78,51.459048,7.484166,198.47,14.13,-0.67,190.25,1,-101,-14,-1,7,31,13,13394435,184
803.04,1545056846,7139.91,51.458918,7.484121,199.20,14.07,-0.06,191.09,1,-101,-14,-1,7,31,13,13394435,184
804.04,1545056847,7154.00,51.458788,7.484071,199.73,14.09,0.02,192.00,1,-105,-14,-1,5,29,13,13394435,184
805.04,1545056848,7168.10,51.458658,7.484026,199.89,13.95,-0.15,191.67,1,-105,-14,-1,5,29,13,13394435,184
806.04,1545056849,7182.03,51.458533,7.483987,199.90,13.26,-0.68,192.53,1,-103,-15,-2,9,31,13,13394435,184
807.04,1545056850,7195.30,51.458410,7.483946,200.46,13.34,0.08,192.39,1,-103,-15,-2,9,31,13,13394435,184
808.05,1545056851,7208.76,51.458299,7.483906,201.30,13.47,0.13,191.43,1,-104,-15,-2,6,30,13,13394435,184
809.04,1545056852,7222.12,51.458183,7.483868,202.15,12.66,-0.81,190.68,1,-104,-15,-2,6,30,13,13394435,184
810.04,1545056853,7234.78,51.458065,7.483829,202.98,13.43,0.77,191.37,1,-104,-15,-2,6,30,13,13394435,184
811.04,1545056854,7248.19,51.457944,7.483786,203.73,13.68,0.25,190.77,1,-103,-15,-3,5,33,13,13394435,184
812.04,1545056855,7261.81,51.457813,7.483741,204.22,13.89,0.21,190.94,1,-103,-15,-3,5,33,13,13394435,184
813.04,1545056856,7275.74,51.457688,7.483697,204.95,14.26,0.36,191.11,1,-101,-12,-4,6,29,8,13415170,315
814.04,1545056857,7290.03,51.457554,7.483652,205.78,14.06,-0.20,190.43,1,-101,-12,-4,6,29,8,13415170,315
815.04,1545056858,7304.07,51.457423,7.483608,206.43,14.38,0.32,189.83,1,-103,-14,-1,6,32,8,13415170,315
816.04,1545056859,7318.45,51.457290,7.483566,206.50,14.63,0.25,190.50,1,-103,-14,-1,6,32,8,13415170,315
817.04,1545056860,7333.06,51.457154,7.483525,207.01,15.41,0.78,190.79,1,-100,-13,3,5,33,8,13415170,315
818.04,1545056861,7348.47,51.457020,7.483486,207.77,16.11,0.70,191.01,1,-100,-13,3,5,33,8,13415170,315
819.04,1545056862,7364.65,51.456874,7.483438,208.33,16.09,-0.02,190.65,1,-102,-12,5,9,32,8,13415170,315
820.04,1545056863,7380.67,51.456728,7.483393,209.21,16.53,0.44,189.80,1,-102,-12,5,9,32,8,13415170,315
821.04,1545056864,7397.21,51.456580,7.483353,210.07,16.41,-0.12,189.42,1,-92,-11,11,15,39,8,13415170,315
822.04,1545056865,7413.64,51.456431,7.483314,210.74,16.36,-0.06,188.53,1,-92,-11,11,15,39,8,13415170,315
823.04,1545056866,7429.98,51.456274,7.483289,211.87,16.32,-0.04,187.69,1,-95,-12,10,15,38,8,13415170,315
824.04,1545056867,7446.30,51.456130,7.483265,213.13,16.30,-0.02,186.81,1,-95,-12,10,15,38,8,13415170,315
825.04,1545056868,7462.62,51.455985,7.483247,214.52,16.16,-0.14,185.72,1,-89,-12,12,12,43,8,13415170,315
826.04,1545056869,7478.76,51.455840,7.483237,216.06,15.89,-0.27,184.21,1,-89,-12,12,12,43,8,13415170,315
827.04,1545056870,7494.64,51.455698,7.483238,217.50,15.97,0.07,182.66,1,-90,-11,17,15,42,8,13415170,315
828.04,1545056871,7510.60,51.455565,7.483244,218.63,15.98,0.02,180.86,1,-90,-11,17,15,42,8,13415170,315
829.05,1545056872,7526.71,51.455419,7.483268,219.20,15.93,-0.05,179.21,1,-93,-12,19,11,40,8,13415170,315
830.04,1545056873,7542.53,51.455271,7.483288,219.56,15.59,-0.34,177.66,1,-93,-12,19,11,40,8,13415170,315
831.04,1545056874,7558.12,51.455138,7.483319,220.00,15.31,-0.28,175.45,1,-93,-12,19,11,40,8,13415170,315
832.04,1545056875,7573.42,51.455004,7.483365,220.60,15.60,0.30,172.21,1,-88,-12,18,11,44,8,13415170,315
833.04,1545056876,7589.04,51.454868,7.483419,221.20,16.07,0.47,169.88,1,-88,-12,18,11,44,8,13415170,315
834.04,1545056877,7605.09,51.454730,7.483488,221.54,16.32,0.24,167.39,1,-87,-12,15,11,44,8,13415170,315
835.04,1545056878,7621.41,51.454582,7.483572,222.48,16.49,0.17,164.66,1,-87,-12,15,11,44,8,13415170,315
836.04,1545056879,7637.90,51.454445,7.483665,223.38,16.82,0.34,161.35,1,-88,-11,19,15,44,8,13415170,315
837.04,1545056880,7654.74,51.454300,7.483783,224.14,16.89,0.06,157.85,1,-88,-11,19,15,44,8,13415170,315
838.04,1545056881,7671.59,51.454169,7.483910,224.78,16.02,-0.87,154.41,1,-92,-11,8,8,39,8,13415170,315
839.04,1545056882,7687.63,51.454044,7.484039,225.18,16.17,0.15,151.08,1,-92,-11,8,8,39,8,13415170,315
840.04,1545056883,7703.82,51.453921,7.484183,225.62,16.33,0.15,147.77,1,-94,-12,11,8,38,8,13415170,315
841.04,1545056884,7720.15,51.453791,7.484342,226.11,16.45,0.12,145.23,1,-94,-12,11,8,38,8,13415170,315
842.04,1545056885,7736.62,51.453678,7.484496,226.96,15.30,-1.15,142.47,1,-91,-12,14,8,41,8,13415170,315
843.04,1545056886,7751.86,51.453579,7.484682,228.06,16.80,1.51,140.73,1,-91,-12,14,8,41,8,13415170,315
844.03,1545056887,7768.64,51.453484,7.484873,229.46,17.98,1.18,133.23,1,-89,-12,13,9,41,8,13415170,315
845.04,1545056888,7786.70,51.453373,7.485076,230.62,17.78,-0.20,132.69,1,-89,-12,13,9,41,8,13415170,315
846.04,1545056889,7804.46,51.453270,7.485268,231.89,17.15,-0.64,132.42,1,-87,-12,17,15,45,8,13415170,315
847.04,1545056890,7821.61,51.453180,7.485445,232.95,15.79,-1.36,133.61,1,-87,-12,17,15,45,8,13415170,315
848.04,1545056891,7837.40,51.453089,7.485612,233.75,15.44,-0.35,133.22,1,-85,-12,24,15,46,8,13415170,315
849.04,1545056892,7852.84,51.452985,7.485793,234.89,15.60,0.16,133.74,1,-85,-12,24,15,46,8,13415170,315
850.04,1545056893,7868.43,51.452985,7.485793,234.89,15.60,0.00,133.74,1,-83,-12,25,15,49,8,13415170,315
851.04,1545056894,7884.06,51.452801,7.486103,237.33,14.66,-0.94,135.64,1,-83,-12,25,15,49,8,13415170,315
852.04,1545056895,7898.73,51.452714,7.486239,238.17,14.63,-0.03,136.80,1,-83,-12,25,15,49,8,13415170,315
853.04,1545056896,7913.34,51.452618,7.486378,238.68,14.59,-0.04,139.14,1,-79,-11,24,13,51,8,13415170,315
854.04,1545056897,7927.93,51.452515,7.486514,239.02,15.00,0.41,140.32,1,-79,-11,24,13,51,8,13415170,315
855.04,1545056898,7942.95,51.452403,7.486658,238.88,15.52,0.52,141.36,1,-80,-12,26,15,51,8,13415170,315
856.04,1545056899,7958.46,51.452280,7.486801,238.84,14.95,-0.58,142.71,1,-80,-12,26,15,51,8,13415170,315
857.04,1545056900,7973.41,51.452164,7.486927,239.05,14.99,0.04,145.06,1,-87,-12,22,12,43,8,13415170,315
858.04,1545056901,7988.39,51.452045,7.487047,239.15,14.75,-0.24,146.90,1,-87,-12,22,12,43,8,13415170,315
859.04,1545056902,8003.14,51.451930,7.487151,239.85,15.11,0.36,149.60,1,-87,-12,21,12,42,8,13415170,315
860.04,1545056903,8018.27,51.451809,7.487254,240.91,15.23,0.12,151.55,1,-87,-12,21,12,42,8,13415170,315
861.04,1545056904,8033.50,51.451697,7.487336,242.01,14.18,-1.05,154.14,1,-87,-11,19,11,44,8,13415170,315
862.03,1545056905,8047.63,51.451583,7.487410,242.68,13.32,-0.87,156.45,1,-87,-11,19,11,44,8,13415170,315
863.03,1545056906,8060.95,51.451464,7.487491,243.33,12.94,-0.38,157.25,1,-88,-11,18,12,42,8,13415170,315
