time_s,timestamp_ms,distance_m,latitude,longitude,altitude,velocity_mps,acceleration_mpss,direction,isRegistered,rsrp_dbm,rsrq_db,rssnr_db,cqi,ss,ta,ci,pci
0.05,1545056047,0.01,51.485733,7.418561,143.42,11.17,0.00,175.53,0,-107,-12,0,0,31,0,0,146
0.05,1545056047,0.01,51.485733,7.418561,143.42,11.17,0.00,175.53,0,-99,-9,0,0,40,0,0,274
1.06,1545056048,11.26,51.485637,7.418579,143.66,11.21,0.00,172.45,0,-105,-12,0,0,32,0,0,146
1.06,1545056048,11.27,51.485637,7.418579,143.66,11.21,0.00,172.45,0,-111,-17,0,0,32,0,0,339
1.06,1545056048,11.29,51.485637,7.418579,143.66,11.21,0.00,172.45,0,-112,-16,0,0,31,0,0,452
1.06,1545056048,11.29,51.485637,7.418579,143.66,11.21,0.00,172.45,0,-101,-10,0,0,39,0,0,274
1.06,1545056048,11.30,51.485637,7.418579,143.66,11.21,0.00,172.45,0,-107,-17,0,0,38,0,0,385
2.06,1545056049,22.48,51.485542,7.418611,144.20,11.13,0.00,168.60,0,-105,-12,0,0,32,0,0,146
2.06,1545056049,22.48,51.485542,7.418611,144.20,11.13,0.00,168.60,0,-111,-17,0,0,32,0,0,339
2.06,1545056049,22.49,51.485542,7.418611,144.20,11.13,0.00,168.60,0,-112,-16,0,0,31,0,0,452
2.06,1545056049,22.50,51.485542,7.418611,144.20,11.13,0.00,168.60,0,-101,-10,0,0,39,0,0,274
2.06,1545056049,22.50,51.485542,7.418611,144.20,11.13,0.00,168.60,0,-107,-17,0,0,38,0,0,385
5.07,1545056052,56.41,51.485278,7.418823,147.31,11.68,0.00,154.11,0,-104,-11,0,0,34,0,0,146
5.07,1545056052,56.42,51.485278,7.418823,147.31,11.68,0.00,154.11,0,-104,-14,0,0,35,0,0,339
5.07,1545056052,56.43,51.485278,7.418823,147.31,11.68,0.00,154.11,0,-106,-16,0,0,34,0,0,306
6.06,1545056053,67.98,51.485193,7.418892,148.46,11.57,0.00,155.16,0,-104,-11,0,0,34,0,0,146
6.06,1545056053,67.99,51.485193,7.418892,148.46,11.57,0.00,155.16,0,-104,-14,0,0,35,0,0,339
6.06,1545056053,68.00,51.485193,7.418892,148.46,11.57,0.00,155.16,0,-106,-16,0,0,34,0,0,306
7.06,1545056054,79.56,51.485100,7.418953,149.51,11.34,0.00,157.67,0,-104,-11,0,0,34,0,0,146
7.06,1545056054,79.57,51.485100,7.418953,149.51,11.34,0.00,157.67,0,-104,-14,0,0,35,0,0,339
7.06,1545056054,79.57,51.485100,7.418953,149.51,11.34,0.00,157.67,0,-106,-16,0,0,34,0,0,306
8.06,1545056055,90.90,51.484999,7.418974,150.41,11.26,0.00,173.95,0,-107,-14,0,0,33,0,0,339
8.06,1545056055,90.91,51.484999,7.418974,150.41,11.26,0.00,173.95,0,-108,-16,0,0,34,0,0,266
8.06,1545056055,90.92,51.484999,7.418974,150.41,11.26,0.00,173.95,0,-108,-15,0,0,33,0,0,146
9.06,1545056056,102.17,51.484888,7.418986,150.59,11.96,0.00,176.49,0,-107,-14,0,0,33,0,0,339
9.06,1545056056,102.17,51.484888,7.418986,150.59,11.96,0.00,176.49,0,-108,-16,0,0,34,0,0,266
9.06,1545056056,102.18,51.484888,7.418986,150.59,11.96,0.00,176.49,0,-108,-15,0,0,33,0,0,146
10.06,1545056057,114.13,51.484767,7.418989,150.61,12.31,0.00,179.33,0,-108,-15,0,0,32,0,0,339
10.06,1545056057,114.15,51.484767,7.418989,150.61,12.31,0.00,179.33,0,-110,-17,0,0,32,0,0,146
10.06,1545056057,114.16,51.484767,7.418989,150.61,12.31,0.00,179.33,0,-111,-17,0,0,32,0,0,306
10.06,1545056057,114.17,51.484767,7.418989,150.61,12.31,0.00,179.33,0,-102,-14,0,0,41,0,0,274
10.06,1545056057,114.17,51.484767,7.418989,150.61,12.31,0.00,179.33,0,-104,-14,0,0,41,0,0,137
11.06,1545056058,126.46,51.484651,7.418972,150.69,12.52,0.00,183.03,0,-108,-15,0,0,32,0,0,339
11.06,1545056058,126.47,51.484651,7.418972,150.69,12.52,0.00,183.03,0,-110,-17,0,0,32,0,0,146
11.06,1545056058,126.47,51.484651,7.418972,150.69,12.52,0.00,183.03,0,-111,-17,0,0,32,0,0,306
11.06,1545056058,126.48,51.484651,7.418972,150.69,12.52,0.00,183.03,0,-102,-14,0,0,41,0,0,274
11.06,1545056058,126.49,51.484651,7.418972,150.69,12.52,0.00,183.03,0,-104,-14,0,0,41,0,0,137
12.06,1545056059,138.96,51.484535,7.418917,150.45,13.33,0.00,195.89,0,-109,-15,0,0,32,0,0,146
12.06,1545056059,138.98,51.484535,7.418917,150.45,13.33,0.00,195.89,0,-110,-16,0,0,32,0,0,266
12.06,1545056059,138.99,51.484535,7.418917,150.45,13.33,0.00,195.89,0,-111,-17,0,0,32,0,0,458
12.06,1545056059,138.99,51.484535,7.418917,150.45,13.33,0.00,195.89,0,-102,-15,0,0,42,0,0,274
12.06,1545056059,139.00,51.484535,7.418917,150.45,13.33,0.00,195.89,0,-107,-18,0,0,42,0,0,137
13.06,1545056060,152.30,51.484430,7.418852,149.94,13.67,0.00,199.11,0,-109,-15,0,0,32,0,0,146
13.06,1545056060,152.32,51.484430,7.418852,149.94,13.67,0.00,199.11,0,-110,-16,0,0,32,0,0,266
13.06,1545056060,152.33,51.484430,7.418852,149.94,13.67,0.00,199.11,0,-111,-17,0,0,32,0,0,458
13.06,1545056060,152.33,51.484430,7.418852,149.94,13.67,0.00,199.11,0,-102,-15,0,0,42,0,0,274
13.06,1545056060,152.34,51.484430,7.418852,149.94,13.67,0.00,199.11,0,-107,-18,0,0,42,0,0,137
14.06,1545056061,165.96,51.484327,7.418773,149.77,13.54,0.00,202.67,0,-110,-16,0,0,32,0,0,266
14.06,1545056061,165.97,51.484327,7.418773,149.77,13.54,0.00,202.67,0,-110,-17,0,0,32,0,0,377
14.06,1545056061,165.97,51.484327,7.418773,149.77,13.54,0.00,202.67,0,-111,-17,0,0,32,0,0,146
14.06,1545056061,165.98,51.484327,7.418773,149.77,13.54,0.00,202.67,0,-102,-18,0,0,45,0,0,137
14.06,1545056061,166.00,51.484327,7.418773,149.77,13.54,0.00,202.67,0,-103,-18,0,0,44,0,0,274
15.06,1545056062,179.52,51.484213,7.418674,149.36,14.18,0.00,205.58,0,-110,-16,0,0,32,0,0,266
15.06,1545056062,179.52,51.484213,7.418674,149.36,14.18,0.00,205.58,0,-110,-17,0,0,32,0,0,377
15.06,1545056062,179.53,51.484213,7.418674,149.36,14.18,0.00,205.58,0,-111,-17,0,0,32,0,0,146
15.06,1545056062,179.54,51.484213,7.418674,149.36,14.18,0.00,205.58,0,-102,-18,0,0,45,0,0,137
15.06,1545056062,179.56,51.484213,7.418674,149.36,14.18,0.00,205.58,0,-103,-18,0,0,44,0,0,274
16.06,1545056063,193.69,51.484095,7.418565,148.83,13.99,0.00,208.13,0,-106,-14,0,0,34,0,0,266
16.06,1545056063,193.71,51.484095,7.418565,148.83,13.99,0.00,208.13,0,-107,-15,0,0,34,0,0,146
16.06,1545056063,193.71,51.484095,7.418565,148.83,13.99,0.00,208.13,0,-107,-14,0,0,33,0,0,306
16.06,1545056063,193.72,51.484095,7.418565,148.83,13.99,0.00,208.13,0,-100,-12,0,0,41,0,0,137
16.06,1545056063,193.73,51.484095,7.418565,148.83,13.99,0.00,208.13,0,-100,-13,0,0,41,0,0,274
17.06,1545056064,207.67,51.483989,7.418458,147.88,13.71,0.00,210.30,0,-106,-14,0,0,34,0,0,266
17.06,1545056064,207.68,51.483989,7.418458,147.88,13.71,0.00,210.30,0,-107,-15,0,0,34,0,0,146
17.06,1545056064,207.68,51.483989,7.418458,147.88,13.71,0.00,210.30,0,-107,-14,0,0,33,0,0,306
17.06,1545056064,207.69,51.483989,7.418458,147.88,13.71,0.00,210.30,0,-100,-12,0,0,41,0,0,137
17.06,1545056064,207.71,51.483989,7.418458,147.88,13.71,0.00,210.30,0,-100,-13,0,0,41,0,0,274
18.06,1545056065,221.37,51.483875,7.418336,146.74,14.03,0.00,211.47,0,-105,-14,0,0,35,0,0,146
18.06,1545056065,221.39,51.483875,7.418336,146.74,14.03,0.00,211.47,0,-108,-16,0,0,35,0,0,306
18.06,1545056065,221.40,51.483875,7.418336,146.74,14.03,0.00,211.47,0,-109,-18,0,0,35,0,0,339
18.06,1545056065,221.42,51.483875,7.418336,146.74,14.03,0.00,211.47,0,-100,-11,0,0,41,0,0,137
18.06,1545056065,221.42,51.483875,7.418336,146.74,14.03,0.00,211.47,0,-102,-14,0,0,41,0,0,274
19.06,1545056066,235.39,51.483770,7.418216,146.23,13.61,0.00,213.13,0,-105,-14,0,0,35,0,0,146
19.06,1545056066,235.40,51.483770,7.418216,146.23,13.61,0.00,213.13,0,-108,-16,0,0,35,0,0,306
19.06,1545056066,235.41,51.483770,7.418216,146.23,13.61,0.00,213.13,0,-109,-18,0,0,35,0,0,339
19.06,1545056066,235.43,51.483770,7.418216,146.23,13.61,0.00,213.13,0,-100,-11,0,0,41,0,0,137
19.06,1545056066,235.43,51.483770,7.418216,146.23,13.61,0.00,213.13,0,-102,-14,0,0,41,0,0,274
20.06,1545056067,249.00,51.483661,7.418095,145.71,13.59,0.00,214.11,0,-108,-17,0,0,35,0,0,339
20.06,1545056067,249.01,51.483661,7.418095,145.71,13.59,0.00,214.11,0,-109,-18,0,0,35,0,0,306
20.06,1545056067,249.03,51.483661,7.418095,145.71,13.59,0.00,214.11,0,-109,-18,0,0,35,0,0,377
21.06,1545056068,262.60,51.483564,7.417980,145.09,13.42,0.00,213.64,0,-108,-17,0,0,35,0,0,339
21.06,1545056068,262.62,51.483564,7.417980,145.09,13.42,0.00,213.64,0,-109,-18,0,0,35,0,0,306
21.06,1545056068,262.62,51.483564,7.417980,145.09,13.42,0.00,213.64,0,-109,-18,0,0,35,0,0,377
22.06,1545056069,275.99,51.483463,7.417862,144.37,13.16,0.00,213.24,0,-106,-14,0,0,35,0,0,339
22.06,1545056069,276.01,51.483463,7.417862,144.37,13.16,0.00,213.24,0,-109,-18,0,0,34,0,0,377
22.06,1545056069,276.02,51.483463,7.417862,144.37,13.16,0.00,213.24,0,-110,-19,0,0,35,0,0,306
23.05,1545056070,289.08,51.483363,7.417744,143.73,12.83,0.00,212.44,0,-106,-14,0,0,35,0,0,339
23.05,1545056070,289.10,51.483363,7.417744,143.73,12.83,0.00,212.44,0,-109,-18,0,0,34,0,0,377
23.05,1545056070,289.10,51.483363,7.417744,143.73,12.83,0.00,212.44,0,-110,-19,0,0,35,0,0,306
24.06,1545056071,302.01,51.483260,7.417636,143.58,12.93,0.00,211.78,0,-107,-19,0,0,38,0,0,339
24.06,1545056071,302.02,51.483260,7.417636,143.58,12.93,0.00,211.78,0,-107,-19,0,0,38,0,0,377
24.06,1545056071,302.03,51.483260,7.417636,143.58,12.93,0.00,211.78,0,-107,-20,0,0,39,0,0,375
25.06,1545056072,314.95,51.483154,7.417536,143.30,13.23,0.00,210.19,0,-107,-19,0,0,38,0,0,339
25.06,1545056072,314.97,51.483154,7.417536,143.30,13.23,0.00,210.19,0,-107,-19,0,0,38,0,0,377
25.06,1545056072,314.98,51.483154,7.417536,143.30,13.23,0.00,210.19,0,-107,-20,0,0,39,0,0,375
29.06,1545056076,368.17,51.482743,7.417220,144.31,13.47,0.00,203.52,0,-104,-14,0,0,37,0,0,61
30.06,1545056077,381.64,51.482630,7.417147,144.73,13.51,0.00,202.63,0,-104,-14,0,0,37,0,0,61
31.06,1545056078,395.18,51.482516,7.417080,145.07,13.62,0.00,201.75,0,-104,-15,0,0,37,0,0,266
31.06,1545056078,395.19,51.482516,7.417080,145.07,13.62,0.00,201.75,0,-106,-17,0,0,38,0,0,27
31.06,1545056078,395.21,51.482516,7.417080,145.07,13.62,0.00,201.75,0,-107,-18,0,0,37,0,0,61
32.06,1545056079,408.79,51.482398,7.417012,145.45,13.58,0.00,201.14,0,-104,-15,0,0,37,0,0,266
32.06,1545056079,408.79,51.482398,7.417012,145.45,13.58,0.00,201.14,0,-106,-17,0,0,38,0,0,27
32.06,1545056079,408.80,51.482398,7.417012,145.45,13.58,0.00,201.14,0,-107,-18,0,0,37,0,0,61
33.06,1545056080,422.36,51.482281,7.416953,145.75,13.63,0.00,200.60,0,-105,-17,0,0,39,0,0,27
33.06,1545056080,422.37,51.482281,7.416953,145.75,13.63,0.00,200.60,0,-105,-18,0,0,39,0,0,61
34.06,1545056081,436.00,51.482173,7.416899,146.31,13.50,0.00,199.93,0,-105,-17,0,0,39,0,0,27
34.06,1545056081,436.00,51.482173,7.416899,146.31,13.50,0.00,199.93,0,-105,-18,0,0,39,0,0,61
35.06,1545056082,449.47,51.482056,7.416848,147.01,13.23,0.00,198.96,0,-100,-12,0,0,39,0,0,27
36.06,1545056083,462.70,51.481933,7.416787,147.80,12.40,0.00,199.52,0,-100,-12,0,0,39,0,0,27
37.06,1545056084,475.13,51.481841,7.416735,148.42,10.67,0.00,200.58,0,-100,-13,0,0,40,0,0,27
37.06,1545056084,475.13,51.481841,7.416735,148.42,10.67,0.00,200.58,0,-102,-17,0,0,41,0,0,134
37.06,1545056084,475.14,51.481841,7.416735,148.42,10.67,0.00,200.58,0,-105,-19,0,0,40,0,0,452
38.06,1545056085,485.77,51.481763,7.416688,148.57,8.38,0.00,201.12,0,-100,-13,0,0,40,0,0,27
38.06,1545056085,485.78,51.481763,7.416688,148.57,8.38,0.00,201.12,0,-102,-17,0,0,41,0,0,134
38.06,1545056085,485.79,51.481763,7.416688,148.57,8.38,0.00,201.12,0,-105,-19,0,0,40,0,0,452
39.06,1545056086,494.15,51.481693,7.416648,148.51,6.02,0.00,200.76,0,-99,-13,0,0,41,0,0,134
39.06,1545056086,494.16,51.481693,7.416648,148.51,6.02,0.00,200.76,0,-102,-15,0,0,40,0,0,27
39.06,1545056086,494.16,51.481693,7.416648,148.51,6.02,0.00,200.76,0,-103,-16,0,0,40,0,0,61
40.06,1545056087,500.19,51.481658,7.416625,148.51,2.51,0.00,199.24,0,-99,-13,0,0,41,0,0,134
40.06,1545056087,500.19,51.481658,7.416625,148.51,2.51,0.00,199.24,0,-102,-15,0,0,40,0,0,27
40.06,1545056087,500.19,51.481658,7.416625,148.51,2.51,0.00,199.24,0,-103,-16,0,0,40,0,0,61
45.06,1545056092,503.05,51.481641,7.416609,148.47,0.00,0.00,199.24,0,-98,-17,0,0,47,0,0,146
45.06,1545056092,503.05,51.481641,7.416609,148.47,0.00,0.00,199.24,0,-99,-20,0,0,48,0,0,27
45.06,1545056092,503.05,51.481641,7.416609,148.47,0.00,0.00,199.24,0,-96,-19,0,0,53,0,0,51
46.05,1545056093,503.05,51.481641,7.416609,148.47,0.00,0.00,199.24,0,-98,-17,0,0,47,0,0,146
46.05,1545056093,503.05,51.481641,7.416609,148.47,0.00,0.00,199.24,0,-99,-20,0,0,48,0,0,27
46.06,1545056093,503.05,51.481641,7.416609,148.47,0.00,0.00,199.24,0,-96,-19,0,0,53,0,0,51
47.05,1545056094,503.05,51.481641,7.416609,148.47,0.00,0.00,199.24,0,-96,-15,0,0,46,0,0,27
47.05,1545056094,503.05,51.481641,7.416609,148.47,0.00,0.00,199.24,0,-100,-18,0,0,46,0,0,146
47.06,1545056094,503.05,51.481641,7.416609,148.47,0.00,0.00,199.24,0,-95,-17,0,0,52,0,0,51
48.06,1545056095,503.05,51.481641,7.416609,148.48,0.00,0.00,199.24,0,-96,-15,0,0,46,0,0,27
48.06,1545056095,503.05,51.481641,7.416609,148.48,0.00,0.00,199.24,0,-100,-18,0,0,46,0,0,146
48.06,1545056095,503.05,51.481641,7.416609,148.48,0.00,0.00,199.24,0,-95,-17,0,0,52,0,0,51
49.06,1545056096,503.05,51.481641,7.416609,148.48,0.00,0.00,199.24,0,-98,-13,0,0,40,0,0,27
49.07,1545056096,503.05,51.481641,7.416609,148.48,0.00,0.00,199.24,0,-96,-11,0,0,45,0,0,51
50.05,1545056097,503.05,51.481641,7.416609,148.49,0.00,0.00,199.24,0,-98,-13,0,0,40,0,0,27
50.05,1545056097,503.05,51.481641,7.416609,148.49,0.00,0.00,199.24,0,-96,-11,0,0,45,0,0,51
51.06,1545056098,503.05,51.481641,7.416609,148.49,0.00,0.00,199.24,0,-98,-13,0,0,40,0,0,27
51.06,1545056098,503.05,51.481641,7.416609,148.49,0.00,0.00,199.24,0,-96,-11,0,0,45,0,0,51
52.05,1545056099,503.05,51.481641,7.416609,148.50,0.00,0.00,199.24,0,-99,-13,0,0,41,0,0,146
52.05,1545056099,503.05,51.481641,7.416609,148.50,0.00,0.00,199.24,0,-96,-11,0,0,45,0,0,51
53.06,1545056100,503.05,51.481641,7.416609,148.51,0.00,0.00,199.24,0,-99,-13,0,0,41,0,0,146
53.06,1545056100,503.05,51.481641,7.416609,148.51,0.00,0.00,199.24,0,-96,-11,0,0,45,0,0,51
54.06,1545056101,503.05,51.481641,7.416609,148.52,0.00,0.00,199.24,0,-97,-12,0,0,40,0,0,27
54.06,1545056101,503.05,51.481641,7.416609,148.52,0.00,0.00,199.24,0,-100,-14,0,0,42,0,0,146
55.05,1545056102,503.05,51.481641,7.416609,148.52,0.00,0.00,199.24,0,-97,-12,0,0,40,0,0,27
55.06,1545056102,503.05,51.481641,7.416609,148.52,0.00,0.00,199.24,0,-100,-14,0,0,42,0,0,146
58.06,1545056105,503.05,51.481641,7.416609,148.55,0.00,0.00,199.24,0,-96,-12,0,0,42,0,0,27
59.06,1545056106,503.05,51.481641,7.416609,148.56,0.00,0.00,199.24,0,-96,-12,0,0,42,0,0,27
60.06,1545056107,503.05,51.481641,7.416609,148.57,0.00,0.00,199.24,0,-99,-13,0,0,40,0,0,27
60.06,1545056107,503.05,51.481641,7.416609,148.57,0.00,0.00,199.24,0,-101,-14,0,0,39,0,0,146
60.06,1545056107,503.05,51.481641,7.416609,148.57,0.00,0.00,199.24,0,-104,-17,0,0,39,0,0,61
60.06,1545056107,503.05,51.481641,7.416609,148.57,0.00,0.00,199.24,0,-94,-11,0,0,47,0,0,51
61.06,1545056108,503.05,51.481641,7.416609,148.57,0.00,0.00,199.24,0,-99,-13,0,0,40,0,0,27
61.06,1545056108,503.05,51.481641,7.416609,148.57,0.00,0.00,199.24,0,-101,-14,0,0,39,0,0,146
61.06,1545056108,503.05,51.481641,7.416609,148.57,0.00,0.00,199.24,0,-104,-17,0,0,39,0,0,61
61.06,1545056108,503.05,51.481641,7.416609,148.57,0.00,0.00,199.24,0,-94,-11,0,0,47,0,0,51
62.06,1545056109,503.05,51.481641,7.416609,148.58,0.00,0.00,199.24,0,-100,-14,0,0,41,0,0,146
62.06,1545056109,503.05,51.481641,7.416609,148.58,0.00,0.00,199.24,0,-100,-15,0,0,41,0,0,27
62.06,1545056109,503.05,51.481641,7.416609,148.58,0.00,0.00,199.24,0,-96,-12,0,0,47,0,0,51
63.06,1545056110,503.05,51.481641,7.416609,148.59,0.00,0.00,199.24,0,-100,-14,0,0,41,0,0,146
63.06,1545056110,503.05,51.481641,7.416609,148.59,0.00,0.00,199.24,0,-100,-15,0,0,41,0,0,27
63.06,1545056110,503.05,51.481641,7.416609,148.59,0.00,0.00,199.24,0,-96,-12,0,0,47,0,0,51
64.06,1545056111,503.05,51.481641,7.416609,148.60,0.00,0.00,199.24,0,-96,-12,0,0,45,0,0,51
65.06,1545056112,503.05,51.481641,7.416609,148.60,0.00,0.00,199.24,0,-96,-12,0,0,45,0,0,51
66.06,1545056113,503.05,51.481641,7.416609,148.61,0.00,0.00,199.24,0,-98,-12,0,0,40,0,0,27
66.06,1545056113,503.05,51.481641,7.416609,148.61,0.00,0.00,199.24,0,-95,-13,0,0,47,0,0,51
67.06,1545056114,503.05,51.481641,7.416609,148.62,0.00,0.00,199.24,0,-98,-12,0,0,40,0,0,27
67.06,1545056114,503.05,51.481641,7.416609,148.62,0.00,0.00,199.24,0,-95,-13,0,0,47,0,0,51
68.06,1545056115,503.05,51.481641,7.416609,148.63,0.00,0.00,199.24,0,-97,-12,0,0,40,0,0,27
68.06,1545056115,503.05,51.481641,7.416609,148.63,0.00,0.00,199.24,0,-95,-13,0,0,47,0,0,51
69.06,1545056116,503.05,51.481641,7.416609,148.63,0.00,0.00,199.24,0,-97,-12,0,0,40,0,0,27
69.06,1545056116,503.05,51.481641,7.416609,148.63,0.00,0.00,199.24,0,-95,-13,0,0,47,0,0,51
70.06,1545056117,503.05,51.481638,7.416604,148.64,0.00,0.00,199.24,0,-98,-10,0,0,39,0,0,27
70.06,1545056117,503.05,51.481638,7.416604,148.64,0.00,0.00,199.24,0,-94,-10,0,0,46,0,0,51
71.06,1545056118,503.05,51.481634,7.416599,148.65,0.00,0.00,199.24,0,-98,-10,0,0,39,0,0,27
71.06,1545056118,503.05,51.481634,7.416599,148.65,0.00,0.00,199.24,0,-94,-10,0,0,46,0,0,51
72.06,1545056119,503.05,51.481628,7.416594,148.65,0.00,0.00,199.24,0,-95,-10,0,0,41,0,0,27
72.06,1545056119,503.05,51.481628,7.416594,148.65,0.00,0.00,199.24,0,-95,-13,0,0,47,0,0,51
73.06,1545056120,503.05,51.481622,7.416589,148.76,0.00,0.00,199.24,0,-95,-10,0,0,41,0,0,27
73.06,1545056120,503.05,51.481622,7.416589,148.76,0.00,0.00,199.24,0,-95,-13,0,0,47,0,0,51
74.05,1545056121,503.05,51.481615,7.416581,148.88,0.00,0.00,199.24,0,-95,-10,0,0,41,0,0,27
74.05,1545056121,503.05,51.481615,7.416581,148.88,0.00,0.00,199.24,0,-95,-13,0,0,47,0,0,51
75.06,1545056122,503.05,51.481606,7.416574,149.00,0.00,0.00,166.14,0,-98,-13,0,0,41,0,0,27
75.06,1545056122,503.05,51.481606,7.416574,149.00,0.00,0.00,166.14,0,-98,-13,0,0,41,0,0,146
75.06,1545056122,503.05,51.481606,7.416574,149.00,0.00,0.00,166.14,0,-97,-12,0,0,45,0,0,51
76.06,1545056123,503.05,51.481603,7.416566,149.15,0.00,0.00,166.14,0,-98,-13,0,0,41,0,0,27
76.06,1545056123,503.05,51.481603,7.416566,149.15,0.00,0.00,166.14,0,-98,-13,0,0,41,0,0,146
76.06,1545056123,503.05,51.481603,7.416566,149.15,0.00,0.00,166.14,0,-97,-12,0,0,45,0,0,51
77.06,1545056124,503.05,51.481600,7.416558,149.17,0.00,0.00,166.14,0,-98,-12,0,0,41,0,0,27
77.06,1545056124,503.05,51.481600,7.416558,149.17,0.00,0.00,166.14,0,-99,-12,0,0,41,0,0,146
77.06,1545056124,503.05,51.481600,7.416558,149.17,0.00,0.00,166.14,0,-104,-17,0,0,41,0,0,61
77.06,1545056124,503.05,51.481600,7.416558,149.17,0.00,0.00,166.14,0,-95,-12,0,0,47,0,0,51
78.06,1545056125,503.05,51.481600,7.416554,149.19,0.00,0.00,166.14,0,-98,-12,0,0,41,0,0,27
78.06,1545056125,503.05,51.481600,7.416554,149.19,0.00,0.00,166.14,0,-99,-12,0,0,41,0,0,146
78.06,1545056125,503.05,51.481600,7.416554,149.19,0.00,0.00,166.14,0,-104,-17,0,0,41,0,0,61
78.06,1545056125,503.05,51.481600,7.416554,149.19,0.00,0.00,166.14,0,-95,-12,0,0,47,0,0,51
79.06,1545056126,503.05,51.481602,7.416553,149.48,0.00,0.00,166.14,0,-95,-10,0,0,40,0,0,27
79.06,1545056126,503.05,51.481602,7.416553,149.48,0.00,0.00,166.14,0,-100,-12,0,0,40,0,0,146
79.06,1545056126,503.05,51.481602,7.416553,149.48,0.00,0.00,166.14,0,-96,-13,0,0,46,0,0,51
80.06,1545056127,503.05,51.481603,7.416555,149.52,0.00,0.00,166.14,0,-95,-10,0,0,40,0,0,27
80.06,1545056127,503.05,51.481603,7.416555,149.52,0.00,0.00,166.14,0,-100,-12,0,0,40,0,0,146
80.06,1545056127,503.05,51.481603,7.416555,149.52,0.00,0.00,166.14,0,-96,-13,0,0,46,0,0,51
81.06,1545056128,503.05,51.481605,7.416555,149.87,0.00,0.00,166.14,0,-96,-10,0,0,39,0,0,27
81.06,1545056128,503.05,51.481605,7.416555,149.87,0.00,0.00,166.14,0,-100,-11,0,0,39,0,0,146
81.06,1545056128,503.05,51.481605,7.416555,149.87,0.00,0.00,166.14,0,-94,-11,0,0,46,0,0,51
82.06,1545056129,503.05,51.481607,7.416553,150.25,0.00,0.00,166.14,0,-96,-10,0,0,39,0,0,27
82.06,1545056129,503.05,51.481607,7.416553,150.25,0.00,0.00,166.14,0,-100,-11,0,0,39,0,0,146
82.06,1545056129,503.05,51.481607,7.416553,150.25,0.00,0.00,166.14,0,-94,-11,0,0,46,0,0,51
83.06,1545056130,503.05,51.481610,7.416554,150.58,0.00,0.00,7.90,0,-95,-10,0,0,40,0,0,27
83.06,1545056130,503.05,51.481610,7.416554,150.58,0.00,0.00,7.90,0,-101,-13,0,0,40,0,0,146
83.06,1545056130,503.05,51.481610,7.416554,150.58,0.00,0.00,7.90,0,-96,-12,0,0,46,0,0,51
84.06,1545056131,503.05,51.481611,7.416554,150.84,0.00,0.00,7.90,0,-95,-10,0,0,40,0,0,27
84.06,1545056131,503.05,51.481611,7.416554,150.84,0.00,0.00,7.90,0,-101,-13,0,0,40,0,0,146
84.06,1545056131,503.05,51.481611,7.416554,150.84,0.00,0.00,7.90,0,-96,-12,0,0,46,0,0,51
85.06,1545056132,503.05,51.481611,7.416554,150.86,0.00,0.00,7.90,0,-97,-12,0,0,42,0,0,27
85.06,1545056132,503.05,51.481611,7.416554,150.86,0.00,0.00,7.90,0,-99,-13,0,0,43,0,0,146
85.06,1545056132,503.05,51.481611,7.416554,150.86,0.00,0.00,7.90,0,-95,-12,0,0,47,0,0,51
86.06,1545056133,503.05,51.481612,7.416554,150.89,0.00,0.00,7.90,0,-97,-12,0,0,42,0,0,27
86.06,1545056133,503.05,51.481612,7.416554,150.89,0.00,0.00,7.90,0,-99,-13,0,0,43,0,0,146
86.06,1545056133,503.05,51.481612,7.416554,150.89,0.00,0.00,7.90,0,-95,-12,0,0,47,0,0,51
87.06,1545056134,503.05,51.481613,7.416556,150.91,0.00,0.00,7.90,0,-96,-10,0,0,40,0,0,27
87.06,1545056134,503.05,51.481613,7.416556,150.91,0.00,0.00,7.90,0,-101,-13,0,0,40,0,0,146
87.06,1545056134,503.05,51.481613,7.416556,150.91,0.00,0.00,7.90,0,-97,-13,0,0,47,0,0,51
88.06,1545056135,503.05,51.481616,7.416561,150.93,0.00,0.00,7.90,0,-96,-10,0,0,40,0,0,27
88.06,1545056135,503.05,51.481616,7.416561,150.93,0.00,0.00,7.90,0,-101,-13,0,0,40,0,0,146
88.06,1545056135,503.05,51.481616,7.416561,150.93,0.00,0.00,7.90,0,-97,-13,0,0,47,0,0,51
89.06,1545056136,503.05,51.481618,7.416566,151.04,0.00,0.00,7.90,0,-98,-11,0,0,39,0,0,27
89.06,1545056136,503.05,51.481618,7.416566,151.04,0.00,0.00,7.90,0,-100,-13,0,0,40,0,0,146
89.06,1545056136,503.05,51.481618,7.416566,151.04,0.00,0.00,7.90,0,-105,-16,0,0,38,0,0,339
89.06,1545056136,503.05,51.481618,7.416566,151.04,0.00,0.00,7.90,0,-96,-13,0,0,46,0,0,51
90.05,1545056137,503.05,51.481620,7.416568,151.18,0.00,0.00,7.90,0,-98,-11,0,0,39,0,0,27
90.05,1545056137,503.05,51.481620,7.416568,151.18,0.00,0.00,7.90,0,-100,-13,0,0,40,0,0,146
90.05,1545056137,503.05,51.481620,7.416568,151.18,0.00,0.00,7.90,0,-105,-16,0,0,38,0,0,339
90.05,1545056137,503.05,51.481620,7.416568,151.18,0.00,0.00,7.90,0,-96,-13,0,0,46,0,0,51
91.06,1545056138,503.05,51.481622,7.416570,151.26,0.00,0.00,7.90,0,-99,-12,0,0,39,0,0,134
91.06,1545056138,503.05,51.481622,7.416570,151.26,0.00,0.00,7.90,0,-101,-13,0,0,39,0,0,146
91.06,1545056138,503.05,51.481622,7.416570,151.26,0.00,0.00,7.90,0,-91,-9,0,0,49,0,0,137
92.06,1545056139,503.05,51.481624,7.416576,151.26,0.00,0.00,7.90,0,-99,-12,0,0,39,0,0,134
92.06,1545056139,503.05,51.481624,7.416576,151.26,0.00,0.00,7.90,0,-101,-13,0,0,39,0,0,146
92.06,1545056139,503.05,51.481624,7.416576,151.26,0.00,0.00,7.90,0,-91,-9,0,0,49,0,0,137
93.06,1545056140,503.05,51.481626,7.416586,151.25,0.00,0.00,7.90,0,-99,-12,0,0,38,0,0,134
93.06,1545056140,503.05,51.481626,7.416586,151.25,0.00,0.00,7.90,0,-102,-12,0,0,38,0,0,146
93.06,1545056140,503.05,51.481626,7.416586,151.25,0.00,0.00,7.90,0,-92,-9,0,0,47,0,0,137
94.06,1545056141,503.05,51.481627,7.416595,151.24,0.00,0.00,7.90,0,-99,-12,0,0,38,0,0,134
94.06,1545056141,503.05,51.481627,7.416595,151.24,0.00,0.00,7.90,0,-102,-12,0,0,38,0,0,146
94.06,1545056141,503.05,51.481627,7.416595,151.24,0.00,0.00,7.90,0,-92,-9,0,0,47,0,0,137
95.06,1545056142,503.05,51.481629,7.416602,151.22,0.00,0.00,7.90,0,-99,-12,0,0,38,0,0,134
95.06,1545056142,503.05,51.481629,7.416602,151.22,0.00,0.00,7.90,0,-102,-12,0,0,38,0,0,146
95.06,1545056142,503.05,51.481629,7.416602,151.22,0.00,0.00,7.90,0,-92,-9,0,0,47,0,0,137
96.06,1545056143,503.05,51.481631,7.416604,151.21,0.00,0.00,7.90,0,-98,-12,0,0,39,0,0,134
96.06,1545056143,503.05,51.481631,7.416604,151.21,0.00,0.00,7.90,0,-102,-14,0,0,39,0,0,146
96.06,1545056143,503.05,51.481631,7.416604,151.21,0.00,0.00,7.90,0,-93,-9,0,0,46,0,0,137
96.06,1545056143,503.05,51.481631,7.416604,151.21,0.00,0.00,7.90,0,-99,-17,0,0,46,0,0,274
97.06,1545056144,503.05,51.481634,7.416603,151.17,0.00,0.00,7.90,0,-98,-12,0,0,39,0,0,134
97.06,1545056144,503.05,51.481634,7.416603,151.17,0.00,0.00,7.90,0,-102,-14,0,0,39,0,0,146
97.06,1545056144,503.05,51.481634,7.416603,151.17,0.00,0.00,7.90,0,-93,-9,0,0,46,0,0,137
97.06,1545056144,503.05,51.481634,7.416603,151.17,0.00,0.00,7.90,0,-99,-17,0,0,46,0,0,274
98.06,1545056145,503.05,51.481635,7.416601,151.19,0.00,0.00,7.90,0,-96,-13,0,0,43,0,0,134
98.06,1545056145,503.05,51.481635,7.416601,151.19,0.00,0.00,7.90,0,-100,-15,0,0,43,0,0,146
98.06,1545056145,503.05,51.481635,7.416601,151.19,0.00,0.00,7.90,0,-90,-11,0,0,49,0,0,137
99.07,1545056146,503.05,51.481637,7.416598,151.19,0.00,0.00,7.90,0,-96,-13,0,0,43,0,0,134
99.08,1545056146,503.05,51.481637,7.416598,151.19,0.00,0.00,7.90,0,-100,-15,0,0,43,0,0,146
99.08,1545056146,503.05,51.481637,7.416598,151.19,0.00,0.00,7.90,0,-90,-11,0,0,49,0,0,137
100.06,1545056147,503.05,51.481640,7.416593,151.21,0.00,0.00,7.90,0,-95,-15,0,0,45,0,0,134
100.06,1545056147,503.05,51.481640,7.416593,151.21,0.00,0.00,7.90,0,-99,-16,0,0,44,0,0,146
100.06,1545056147,503.05,51.481640,7.416593,151.21,0.00,0.00,7.90,0,-91,-10,0,0,50,0,0,137
101.06,1545056148,503.05,51.481643,7.416587,151.23,0.00,0.00,7.90,0,-95,-15,0,0,45,0,0,134
101.06,1545056148,503.05,51.481643,7.416587,151.23,0.00,0.00,7.90,0,-99,-16,0,0,44,0,0,146
101.06,1545056148,503.05,51.481643,7.416587,151.23,0.00,0.00,7.90,0,-91,-10,0,0,50,0,0,137
102.05,1545056149,503.05,51.481647,7.416582,151.26,0.00,0.00,7.90,0,-94,-12,0,0,44,0,0,134
102.06,1545056149,503.05,51.481647,7.416582,151.26,0.00,0.00,7.90,0,-100,-15,0,0,43,0,0,146
102.06,1545056149,503.05,51.481647,7.416582,151.26,0.00,0.00,7.90,0,-90,-9,0,0,50,0,0,137
103.06,1545056150,503.05,51.481653,7.416578,151.29,0.00,0.00,7.90,0,-94,-12,0,0,44,0,0,134
103.06,1545056150,503.05,51.481653,7.416578,151.29,0.00,0.00,7.90,0,-100,-15,0,0,43,0,0,146
103.06,1545056150,503.05,51.481653,7.416578,151.29,0.00,0.00,7.90,0,-90,-9,0,0,50,0,0,137
104.06,1545056151,503.05,51.481658,7.416575,151.31,0.00,0.00,7.90,0,-98,-15,0,0,44,0,0,146
104.06,1545056151,503.05,51.481658,7.416575,151.31,0.00,0.00,7.90,0,-100,-18,0,0,44,0,0,134
104.06,1545056151,503.05,51.481658,7.416575,151.31,0.00,0.00,7.90,0,-91,-10,0,0,50,0,0,137
105.06,1545056152,503.05,51.481663,7.416575,151.33,0.00,0.00,7.90,0,-98,-15,0,0,44,0,0,146
105.06,1545056152,503.05,51.481663,7.416575,151.33,0.00,0.00,7.90,0,-100,-18,0,0,44,0,0,134
105.06,1545056152,503.05,51.481663,7.416575,151.33,0.00,0.00,7.90,0,-91,-10,0,0,50,0,0,137
106.06,1545056153,503.05,51.481667,7.416572,151.34,0.00,0.00,7.90,0,-95,-13,0,0,44,0,0,134
106.06,1545056153,503.05,51.481667,7.416572,151.34,0.00,0.00,7.90,0,-99,-16,0,0,44,0,0,146
106.06,1545056153,503.05,51.481667,7.416572,151.34,0.00,0.00,7.90,0,-90,-11,0,0,50,0,0,137
107.06,1545056154,503.05,51.481670,7.416571,151.44,0.00,0.00,7.90,0,-95,-13,0,0,44,0,0,134
107.06,1545056154,503.05,51.481670,7.416571,151.44,0.00,0.00,7.90,0,-99,-16,0,0,44,0,0,146
107.06,1545056154,503.05,51.481670,7.416571,151.44,0.00,0.00,7.90,0,-90,-11,0,0,50,0,0,137
108.06,1545056155,503.05,51.481673,7.416571,151.52,0.00,0.00,7.90,0,-95,-14,0,0,45,0,0,134
108.06,1545056155,503.05,51.481673,7.416571,151.52,0.00,0.00,7.90,0,-100,-16,0,0,44,0,0,146
108.06,1545056155,503.05,51.481673,7.416571,151.52,0.00,0.00,7.90,0,-90,-8,0,0,49,0,0,137
109.06,1545056156,503.05,51.481676,7.416569,151.51,0.00,0.00,284.94,0,-95,-14,0,0,45,0,0,134
109.06,1545056156,503.05,51.481676,7.416569,151.51,0.00,0.00,284.94,0,-100,-16,0,0,44,0,0,146
109.06,1545056156,503.05,51.481676,7.416569,151.51,0.00,0.00,284.94,0,-90,-8,0,0,49,0,0,137
110.05,1545056157,503.05,51.481678,7.416572,151.49,0.00,0.00,284.94,0,-96,-12,0,0,41,0,0,134
110.05,1545056157,503.05,51.481678,7.416572,151.49,0.00,0.00,284.94,0,-101,-14,0,0,41,0,0,146
110.05,1545056157,503.05,51.481678,7.416572,151.49,0.00,0.00,284.94,0,-90,-8,0,0,48,0,0,137
111.06,1545056158,503.05,51.481680,7.416576,151.48,0.00,0.00,284.94,0,-96,-12,0,0,41,0,0,134
111.06,1545056158,503.05,51.481680,7.416576,151.48,0.00,0.00,284.94,0,-101,-14,0,0,41,0,0,146
111.06,1545056158,503.05,51.481680,7.416576,151.48,0.00,0.00,284.94,0,-90,-8,0,0,48,0,0,137
112.06,1545056159,503.05,51.481682,7.416584,151.26,0.00,0.00,284.94,0,-95,-11,0,0,41,0,0,134
112.06,1545056159,503.05,51.481682,7.416584,151.26,0.00,0.00,284.94,0,-101,-15,0,0,42,0,0,146
112.06,1545056159,503.05,51.481682,7.416584,151.26,0.00,0.00,284.94,0,-90,-9,0,0,50,0,0,137
113.07,1545056160,503.05,51.481686,7.416581,151.06,0.00,0.00,294.05,0,-95,-11,0,0,41,0,0,134
113.07,1545056160,503.05,51.481686,7.416581,151.06,0.00,0.00,294.05,0,-101,-15,0,0,42,0,0,146
113.07,1545056160,503.05,51.481686,7.416581,151.06,0.00,0.00,294.05,0,-90,-9,0,0,50,0,0,137
114.07,1545056161,503.05,51.481682,7.416594,150.83,0.00,0.00,141.44,0,-96,-14,0,0,44,0,0,134
114.07,1545056161,503.05,51.481682,7.416594,150.83,0.00,0.00,141.44,0,-89,-9,0,0,49,0,0,137
115.06,1545056162,503.05,51.481681,7.416608,150.57,0.74,0.00,105.11,0,-96,-14,0,0,44,0,0,134
115.06,1545056162,503.05,51.481681,7.416608,150.57,0.74,0.00,105.11,0,-89,-9,0,0,49,0,0,137
116.06,1545056163,503.79,51.481681,7.416609,150.54,0.44,0.00,105.11,0,-96,-14,0,0,44,0,0,134
116.06,1545056163,503.79,51.481681,7.416609,150.54,0.44,0.00,105.11,0,-89,-9,0,0,49,0,0,137
117.06,1545056164,504.24,51.481680,7.416614,150.53,0.27,0.00,105.11,0,-95,-14,0,0,44,0,0,134
117.06,1545056164,504.24,51.481680,7.416614,150.53,0.27,0.00,105.11,0,-101,-17,0,0,43,0,0,146
117.06,1545056164,504.24,51.481680,7.416614,150.53,0.27,0.00,105.11,0,-102,-19,0,0,44,0,0,339
117.06,1545056164,504.24,51.481680,7.416614,150.53,0.27,0.00,105.11,0,-90,-9,0,0,49,0,0,137
118.06,1545056165,504.51,51.481680,7.416617,150.52,0.00,0.00,105.11,0,-95,-14,0,0,44,0,0,134
118.06,1545056165,504.51,51.481680,7.416617,150.52,0.00,0.00,105.11,0,-101,-17,0,0,43,0,0,146
118.06,1545056165,504.51,51.481680,7.416617,150.52,0.00,0.00,105.11,0,-102,-19,0,0,44,0,0,339
118.06,1545056165,504.51,51.481680,7.416617,150.52,0.00,0.00,105.11,0,-90,-9,0,0,49,0,0,137
119.06,1545056166,504.51,51.481680,7.416621,150.51,0.00,0.00,105.11,0,-96,-14,0,0,44,0,0,134
119.06,1545056166,504.51,51.481680,7.416621,150.51,0.00,0.00,105.11,0,-101,-17,0,0,44,0,0,146
119.06,1545056166,504.51,51.481680,7.416621,150.51,0.00,0.00,105.11,0,-90,-8,0,0,48,0,0,137
120.05,1545056167,504.51,51.481683,7.416620,150.33,0.00,0.00,319.94,0,-96,-14,0,0,44,0,0,134
120.05,1545056167,504.51,51.481683,7.416620,150.33,0.00,0.00,319.94,0,-101,-17,0,0,44,0,0,146
120.05,1545056167,504.51,51.481683,7.416620,150.33,0.00,0.00,319.94,0,-90,-8,0,0,48,0,0,137
121.06,1545056168,504.51,51.481683,7.416619,150.21,0.00,0.00,319.94,0,-95,-11,0,0,42,0,0,134
121.06,1545056168,504.51,51.481683,7.416619,150.21,0.00,0.00,319.94,0,-101,-14,0,0,41,0,0,146
121.06,1545056168,504.51,51.481683,7.416619,150.21,0.00,0.00,319.94,0,-89,-7,0,0,48,0,0,137
122.06,1545056169,504.51,51.481680,7.416617,150.10,0.00,0.00,319.94,0,-95,-11,0,0,42,0,0,134
122.06,1545056169,504.51,51.481680,7.416617,150.10,0.00,0.00,319.94,0,-101,-14,0,0,41,0,0,146
122.06,1545056169,504.51,51.481680,7.416617,150.10,0.00,0.00,319.94,0,-89,-7,0,0,48,0,0,137
123.05,1545056170,504.51,51.481677,7.416619,150.09,0.00,0.00,319.94,0,-95,-11,0,0,42,0,0,134
123.05,1545056170,504.51,51.481677,7.416619,150.09,0.00,0.00,319.94,0,-100,-14,0,0,42,0,0,146
123.05,1545056170,504.51,51.481677,7.416619,150.09,0.00,0.00,319.94,0,-89,-8,0,0,48,0,0,137
124.06,1545056171,504.51,51.481674,7.416621,150.09,0.00,0.00,319.94,0,-95,-11,0,0,42,0,0,134
124.06,1545056171,504.51,51.481674,7.416621,150.09,0.00,0.00,319.94,0,-100,-14,0,0,42,0,0,146
124.06,1545056171,504.51,51.481674,7.416621,150.09,0.00,0.00,319.94,0,-89,-8,0,0,48,0,0,137
125.06,1545056172,504.51,51.481671,7.416624,150.00,0.00,0.00,319.94,0,-95,-10,0,0,42,0,0,134
125.06,1545056172,504.51,51.481671,7.416624,150.00,0.00,0.00,319.94,0,-101,-15,0,0,41,0,0,146
125.06,1545056172,504.51,51.481671,7.416624,150.00,0.00,0.00,319.94,0,-89,-8,0,0,49,0,0,137
126.06,1545056173,504.51,51.481668,7.416624,149.88,0.00,0.00,290.98,0,-95,-10,0,0,42,0,0,134
126.06,1545056173,504.51,51.481668,7.416624,149.88,0.00,0.00,290.98,0,-101,-15,0,0,41,0,0,146
126.06,1545056173,504.51,51.481668,7.416624,149.88,0.00,0.00,290.98,0,-89,-8,0,0,49,0,0,137
127.06,1545056174,504.51,51.481666,7.416627,149.87,0.00,0.00,290.98,0,-99,-19,0,0,46,0,0,134
127.06,1545056174,504.51,51.481666,7.416627,149.87,0.00,0.00,290.98,0,-100,-18,0,0,45,0,0,146
127.06,1545056174,504.51,51.481666,7.416627,149.87,0.00,0.00,290.98,0,-91,-9,0,0,47,0,0,137
128.06,1545056175,504.51,51.481663,7.416631,149.86,0.00,0.00,290.98,0,-99,-19,0,0,46,0,0,134
128.06,1545056175,504.51,51.481663,7.416631,149.86,0.00,0.00,290.98,0,-100,-18,0,0,45,0,0,146
128.06,1545056175,504.51,51.481663,7.416631,149.86,0.00,0.00,290.98,0,-91,-9,0,0,47,0,0,137
129.06,1545056176,504.51,51.481659,7.416636,149.86,0.00,0.00,290.98,0,-95,-14,0,0,44,0,0,134
129.06,1545056176,504.51,51.481659,7.416636,149.86,0.00,0.00,290.98,0,-100,-16,0,0,44,0,0,146
129.06,1545056176,504.51,51.481659,7.416636,149.86,0.00,0.00,290.98,0,-91,-11,0,0,50,0,0,137
130.06,1545056177,504.51,51.481656,7.416639,149.86,0.00,0.00,290.98,0,-95,-14,0,0,44,0,0,134
130.06,1545056177,504.51,51.481656,7.416639,149.86,0.00,0.00,290.98,0,-100,-16,0,0,44,0,0,146
130.06,1545056177,504.51,51.481656,7.416639,149.86,0.00,0.00,290.98,0,-91,-11,0,0,50,0,0,137
131.06,1545056178,504.51,51.481658,7.416640,149.89,0.00,0.00,23.04,0,-96,-14,0,0,45,0,0,134
131.06,1545056178,504.51,51.481658,7.416640,149.89,0.00,0.00,23.04,0,-100,-16,0,0,45,0,0,146
131.06,1545056178,504.51,51.481658,7.416640,149.89,0.00,0.00,23.04,0,-90,-11,0,0,51,0,0,137
132.06,1545056179,504.51,51.481656,7.416643,149.84,0.00,0.00,23.04,0,-96,-14,0,0,45,0,0,134
132.06,1545056179,504.51,51.481656,7.416643,149.84,0.00,0.00,23.04,0,-100,-16,0,0,45,0,0,146
132.06,1545056179,504.51,51.481656,7.416643,149.84,0.00,0.00,23.04,0,-90,-11,0,0,51,0,0,137
133.06,1545056180,504.51,51.481653,7.416650,149.86,0.00,0.00,111.54,0,-95,-15,0,0,45,0,0,134
133.06,1545056180,504.51,51.481653,7.416650,149.86,0.00,0.00,111.54,0,-99,-17,0,0,45,0,0,146
133.06,1545056180,504.51,51.481653,7.416650,149.86,0.00,0.00,111.54,0,-101,-20,0,0,45,0,0,339
133.06,1545056180,504.51,51.481653,7.416650,149.86,0.00,0.00,111.54,0,-90,-11,0,0,51,0,0,137
134.06,1545056181,504.51,51.481652,7.416652,149.87,0.00,0.00,111.54,0,-95,-15,0,0,45,0,0,134
134.06,1545056181,504.51,51.481652,7.416652,149.87,0.00,0.00,111.54,0,-99,-17,0,0,45,0,0,146
134.06,1545056181,504.51,51.481652,7.416652,149.87,0.00,0.00,111.54,0,-101,-20,0,0,45,0,0,339
134.06,1545056181,504.51,51.481652,7.416652,149.87,0.00,0.00,111.54,0,-90,-11,0,0,51,0,0,137
135.07,1545056182,504.51,51.481652,7.416654,149.88,0.00,0.00,111.54,0,-95,-14,0,0,45,0,0,134
135.07,1545056182,504.51,51.481652,7.416654,149.88,0.00,0.00,111.54,0,-99,-16,0,0,44,0,0,146
135.07,1545056182,504.51,51.481652,7.416654,149.88,0.00,0.00,111.54,0,-90,-10,0,0,50,0,0,137
136.06,1545056183,504.51,51.481653,7.416654,149.88,0.00,0.00,111.54,0,-95,-14,0,0,45,0,0,134
136.06,1545056183,504.51,51.481653,7.416654,149.88,0.00,0.00,111.54,0,-99,-16,0,0,44,0,0,146
136.06,1545056183,504.51,51.481653,7.416654,149.88,0.00,0.00,111.54,0,-90,-10,0,0,50,0,0,137
137.06,1545056184,504.51,51.481653,7.416653,149.95,0.00,0.00,150.51,0,-95,-14,0,0,45,0,0,134
137.06,1545056184,504.51,51.481653,7.416653,149.95,0.00,0.00,150.51,0,-99,-16,0,0,44,0,0,146
137.06,1545056184,504.51,51.481653,7.416653,149.95,0.00,0.00,150.51,0,-90,-10,0,0,50,0,0,137
138.06,1545056185,504.51,51.481656,7.416654,150.06,0.00,0.00,150.51,0,-96,-15,0,0,45,0,0,134
138.06,1545056185,504.51,51.481656,7.416654,150.06,0.00,0.00,150.51,0,-99,-16,0,0,44,0,0,146
138.06,1545056185,504.51,51.481656,7.416654,150.06,0.00,0.00,150.51,0,-91,-10,0,0,50,0,0,137
139.06,1545056186,504.51,51.481659,7.416654,150.08,0.00,0.00,150.51,0,-96,-15,0,0,45,0,0,134
139.06,1545056186,504.51,51.481659,7.416654,150.08,0.00,0.00,150.51,0,-99,-16,0,0,44,0,0,146
139.06,1545056186,504.51,51.481659,7.416654,150.08,0.00,0.00,150.51,0,-91,-10,0,0,50,0,0,137
140.05,1545056187,504.51,51.481662,7.416653,150.10,0.00,0.00,150.51,0,-95,-15,0,0,45,0,0,134
140.05,1545056187,504.51,51.481662,7.416653,150.10,0.00,0.00,150.51,0,-100,-17,0,0,45,0,0,146
140.05,1545056187,504.51,51.481662,7.416653,150.10,0.00,0.00,150.51,0,-90,-10,0,0,50,0,0,137
141.06,1545056188,504.51,51.481665,7.416655,150.11,0.00,0.00,150.51,0,-95,-15,0,0,45,0,0,134
141.06,1545056188,504.51,51.481665,7.416655,150.11,0.00,0.00,150.51,0,-100,-17,0,0,45,0,0,146
141.06,1545056188,504.51,51.481665,7.416655,150.11,0.00,0.00,150.51,0,-90,-10,0,0,50,0,0,137
142.06,1545056189,504.51,51.481669,7.416658,150.13,0.00,0.00,150.51,0,-96,-12,0,0,42,0,0,134
142.06,1545056189,504.51,51.481669,7.416658,150.13,0.00,0.00,150.51,0,-101,-14,0,0,42,0,0,146
142.06,1545056189,504.51,51.481669,7.416658,150.13,0.00,0.00,150.51,0,-90,-10,0,0,50,0,0,137
143.07,1545056190,504.51,51.481673,7.416658,150.15,0.00,0.00,150.51,0,-96,-12,0,0,42,0,0,134
143.07,1545056190,504.51,51.481673,7.416658,150.15,0.00,0.00,150.51,0,-101,-14,0,0,42,0,0,146
143.07,1545056190,504.51,51.481673,7.416658,150.15,0.00,0.00,150.51,0,-90,-10,0,0,50,0,0,137
144.06,1545056191,504.51,51.481678,7.416661,150.17,0.00,0.00,150.51,0,-94,-9,0,0,41,0,0,134
144.06,1545056191,504.51,51.481678,7.416661,150.17,0.00,0.00,150.51,0,-100,-14,0,0,41,0,0,146
144.06,1545056191,504.51,51.481678,7.416661,150.17,0.00,0.00,150.51,0,-91,-8,0,0,47,0,0,137
145.06,1545056192,504.51,51.481679,7.416666,150.46,0.00,0.00,150.51,0,-94,-9,0,0,41,0,0,134
145.06,1545056192,504.51,51.481679,7.416666,150.46,0.00,0.00,150.51,0,-100,-14,0,0,41,0,0,146
145.06,1545056192,504.51,51.481679,7.416666,150.46,0.00,0.00,150.51,0,-91,-8,0,0,47,0,0,137
146.06,1545056193,504.51,51.481681,7.416668,150.49,0.00,0.00,150.51,0,-96,-11,0,0,42,0,0,134
146.06,1545056193,504.51,51.481681,7.416668,150.49,0.00,0.00,150.51,0,-100,-14,0,0,41,0,0,146
146.06,1545056193,504.51,51.481681,7.416668,150.49,0.00,0.00,150.51,0,-90,-11,0,0,51,0,0,137
147.06,1545056194,504.51,51.481681,7.416670,150.52,0.00,0.00,150.51,0,-96,-11,0,0,42,0,0,134
147.06,1545056194,504.51,51.481681,7.416670,150.52,0.00,0.00,150.51,0,-100,-14,0,0,41,0,0,146
147.06,1545056194,504.51,51.481681,7.416670,150.52,0.00,0.00,150.51,0,-90,-11,0,0,51,0,0,137
148.06,1545056195,504.51,51.481682,7.416676,150.55,0.00,0.00,150.51,0,-97,-11,0,0,40,0,0,134
148.06,1545056195,504.51,51.481682,7.416676,150.55,0.00,0.00,150.51,0,-99,-13,0,0,40,0,0,146
148.06,1545056195,504.51,51.481682,7.416676,150.55,0.00,0.00,150.51,0,-91,-11,0,0,51,0,0,137
149.06,1545056196,504.51,51.481684,7.416678,150.91,0.00,0.00,289.54,0,-97,-11,0,0,40,0,0,134
149.06,1545056196,504.51,51.481684,7.416678,150.91,0.00,0.00,289.54,0,-99,-13,0,0,40,0,0,146
149.06,1545056196,504.51,51.481684,7.416678,150.91,0.00,0.00,289.54,0,-91,-11,0,0,51,0,0,137
150.06,1545056197,504.51,51.481682,7.416686,151.31,0.00,0.00,289.54,0,-96,-9,0,0,39,0,0,134
150.06,1545056197,504.51,51.481682,7.416686,151.31,0.00,0.00,289.54,0,-100,-13,0,0,40,0,0,146
150.06,1545056197,504.51,51.481682,7.416686,151.31,0.00,0.00,289.54,0,-89,-7,0,0,48,0,0,137
151.06,1545056198,504.51,51.481670,7.416687,151.63,0.00,0.00,193.35,0,-96,-9,0,0,39,0,0,134
151.06,1545056198,504.51,51.481670,7.416687,151.63,0.00,0.00,193.35,0,-100,-13,0,0,40,0,0,146
151.06,1545056198,504.51,51.481670,7.416687,151.63,0.00,0.00,193.35,0,-89,-7,0,0,48,0,0,137
152.06,1545056199,504.51,51.481615,7.416654,151.95,0.00,0.00,203.33,0,-91,-12,0,0,46,0,0,134
152.06,1545056199,504.51,51.481615,7.416654,151.95,0.00,0.00,203.33,0,-97,-15,0,0,45,0,0,146
152.06,1545056199,504.51,51.481615,7.416654,151.95,0.00,0.00,203.33,0,-88,-8,0,0,49,0,0,137
153.06,1545056200,504.51,51.481559,7.416633,152.19,1.94,0.00,191.11,0,-91,-12,0,0,46,0,0,134
153.06,1545056200,504.51,51.481559,7.416633,152.19,1.94,0.00,191.11,0,-97,-15,0,0,45,0,0,146
153.06,1545056200,504.51,51.481559,7.416633,152.19,1.94,0.00,191.11,0,-88,-8,0,0,49,0,0,137
154.06,1545056201,506.45,51.481515,7.416644,152.31,2.86,0.00,162.75,0,-98,-14,0,0,43,0,0,146
155.05,1545056202,509.31,51.481474,7.416693,153.61,3.85,0.00,139.96,0,-98,-14,0,0,43,0,0,146
156.06,1545056203,513.20,51.481440,7.416787,154.94,4.96,0.00,115.86,0,-91,-11,0,0,46,0,0,146
156.07,1545056203,513.21,51.481440,7.416787,154.94,4.96,0.00,115.86,0,-92,-13,0,0,50,0,0,137
157.06,1545056204,518.13,51.481433,7.416905,156.19,6.04,0.00,93.43,0,-91,-11,0,0,46,0,0,146
157.06,1545056204,518.13,51.481433,7.416905,156.19,6.04,0.00,93.43,0,-92,-13,0,0,50,0,0,137
158.06,1545056205,524.17,51.481439,7.417043,156.72,10.52,0.00,84.28,0,-91,-11,0,0,46,0,0,146
158.06,1545056205,524.17,51.481439,7.417043,156.72,10.52,0.00,84.28,0,-92,-13,0,0,50,0,0,137
159.06,1545056206,534.69,51.481453,7.417204,156.92,11.08,0.00,83.05,0,-93,-16,0,0,53,0,0,274
159.06,1545056206,534.71,51.481453,7.417204,156.92,11.08,0.00,83.05,0,-93,-15,0,0,52,0,0,137
160.05,1545056207,545.73,51.481472,7.417369,156.79,12.81,0.00,81.19,0,-93,-16,0,0,53,0,0,274
160.05,1545056207,545.73,51.481472,7.417369,156.79,12.81,0.00,81.19,0,-93,-15,0,0,52,0,0,137
161.06,1545056208,558.70,51.481489,7.417570,155.94,13.81,0.00,80.39,0,-90,-12,0,0,51,0,0,274
161.07,1545056208,558.71,51.481489,7.417570,155.94,13.81,0.00,80.39,0,-91,-12,0,0,50,0,0,137
162.06,1545056209,572.39,51.481513,7.417757,154.81,13.18,0.00,79.79,0,-90,-12,0,0,51,0,0,274
162.06,1545056209,572.39,51.481513,7.417757,154.81,13.18,0.00,79.79,0,-91,-12,0,0,50,0,0,137
163.06,1545056210,585.59,51.481539,7.417961,153.50,14.58,0.00,80.43,0,-89,-10,0,0,51,0,0,137
163.06,1545056210,585.62,51.481539,7.417961,153.50,14.58,0.00,80.43,0,-94,-15,0,0,51,0,0,274
164.06,1545056211,600.15,51.481557,7.418180,152.66,14.75,0.00,81.28,0,-89,-10,0,0,51,0,0,137
164.06,1545056211,600.16,51.481557,7.418180,152.66,14.75,0.00,81.28,0,-94,-15,0,0,51,0,0,274
165.06,1545056212,614.91,51.481575,7.418406,152.02,15.29,0.00,82.45,0,-90,-12,0,0,52,0,0,274
165.06,1545056212,614.91,51.481575,7.418406,152.02,15.29,0.00,82.45,0,-94,-16,0,0,52,0,0,137
166.06,1545056213,630.20,51.481591,7.418626,151.38,15.43,0.00,83.44,0,-90,-12,0,0,52,0,0,274
166.06,1545056213,630.21,51.481591,7.418626,151.38,15.43,0.00,83.44,0,-94,-16,0,0,52,0,0,137
167.06,1545056214,645.63,51.481601,7.418837,150.31,15.40,0.00,83.88,0,-90,-14,0,0,50,0,0,61
167.06,1545056214,645.65,51.481601,7.418837,150.31,15.40,0.00,83.88,0,-92,-16,0,0,50,0,0,458
167.06,1545056214,645.66,51.481601,7.418837,150.31,15.40,0.00,83.88,0,-87,-15,0,0,56,0,0,137
167.06,1545056214,645.68,51.481601,7.418837,150.31,15.40,0.00,83.88,0,-88,-15,0,0,57,0,0,274
168.06,1545056215,661.05,51.481614,7.419062,149.54,15.78,0.00,82.77,0,-90,-14,0,0,50,0,0,61
168.06,1545056215,661.07,51.481614,7.419062,149.54,15.78,0.00,82.77,0,-92,-16,0,0,50,0,0,458
168.06,1545056215,661.07,51.481614,7.419062,149.54,15.78,0.00,82.77,0,-87,-15,0,0,56,0,0,137
168.06,1545056215,661.08,51.481614,7.419062,149.54,15.78,0.00,82.77,0,-88,-15,0,0,57,0,0,274
169.06,1545056216,676.83,51.481626,7.419284,148.62,16.13,0.00,83.52,0,-89,-11,0,0,48,0,0,134
169.06,1545056216,676.85,51.481626,7.419284,148.62,16.13,0.00,83.52,0,-96,-18,0,0,48,0,0,339
169.06,1545056216,676.86,51.481626,7.419284,148.62,16.13,0.00,83.52,0,-80,-8,0,0,57,0,0,137
169.06,1545056216,676.86,51.481626,7.419284,148.62,16.13,0.00,83.52,0,-85,-13,0,0,58,0,0,136
170.06,1545056217,692.96,51.481637,7.419531,148.14,16.64,0.00,84.51,0,-89,-11,0,0,48,0,0,134
170.06,1545056217,692.97,51.481637,7.419531,148.14,16.64,0.00,84.51,0,-96,-18,0,0,48,0,0,339
170.06,1545056217,692.99,51.481637,7.419531,148.14,16.64,0.00,84.51,0,-80,-8,0,0,57,0,0,137
170.06,1545056217,693.01,51.481637,7.419531,148.14,16.64,0.00,84.51,0,-85,-13,0,0,58,0,0,136
171.06,1545056218,709.63,51.481648,7.419763,147.95,16.21,0.00,85.35,0,-94,-13,0,0,46,0,0,134
171.06,1545056218,709.63,51.481648,7.419763,147.95,16.21,0.00,85.35,0,-96,-15,0,0,46,0,0,339
171.06,1545056218,709.65,51.481648,7.419763,147.95,16.21,0.00,85.35,0,-98,-16,0,0,45,0,0,306
171.06,1545056218,709.66,51.481648,7.419763,147.95,16.21,0.00,85.35,0,-81,-9,0,0,57,0,0,137
171.06,1545056218,709.68,51.481648,7.419763,147.95,16.21,0.00,85.35,0,-87,-14,0,0,57,0,0,136
172.06,1545056219,725.82,51.481659,7.420011,148.27,15.87,0.00,85.02,0,-94,-13,0,0,46,0,0,134
172.06,1545056219,725.82,51.481659,7.420011,148.27,15.87,0.00,85.02,0,-96,-15,0,0,46,0,0,339
172.06,1545056219,725.84,51.481659,7.420011,148.27,15.87,0.00,85.02,0,-98,-16,0,0,45,0,0,306
172.06,1545056219,725.86,51.481659,7.420011,148.27,15.87,0.00,85.02,0,-81,-9,0,0,57,0,0,137
172.06,1545056219,725.87,51.481659,7.420011,148.27,15.87,0.00,85.02,0,-87,-14,0,0,57,0,0,136
173.06,1545056220,741.67,51.481674,7.420274,148.29,16.65,0.00,84.83,0,-95,-15,0,0,46,0,0,339
173.06,1545056220,741.67,51.481674,7.420274,148.29,16.65,0.00,84.83,0,-97,-15,0,0,45,0,0,306
173.06,1545056220,741.68,51.481674,7.420274,148.29,16.65,0.00,84.83,0,-97,-17,0,0,45,0,0,61
173.06,1545056220,741.68,51.481674,7.420274,148.29,16.65,0.00,84.83,0,-86,-11,0,0,54,0,0,137
173.06,1545056220,741.70,51.481674,7.420274,148.29,16.65,0.00,84.83,0,-87,-12,0,0,54,0,0,136
174.06,1545056221,758.34,51.481687,7.420525,148.40,16.82,0.00,84.25,0,-95,-15,0,0,46,0,0,339
174.06,1545056221,758.35,51.481687,7.420525,148.40,16.82,0.00,84.25,0,-97,-15,0,0,45,0,0,306
174.06,1545056221,758.37,51.481687,7.420525,148.40,16.82,0.00,84.25,0,-97,-17,0,0,45,0,0,61
174.06,1545056221,758.39,51.481687,7.420525,148.40,16.82,0.00,84.25,0,-86,-11,0,0,54,0,0,137
174.06,1545056221,758.39,51.481687,7.420525,148.40,16.82,0.00,84.25,0,-87,-12,0,0,54,0,0,136
175.06,1545056222,775.19,51.481701,7.420765,147.64,17.31,0.00,83.48,0,-96,-12,0,0,42,0,0,135
175.06,1545056222,775.21,51.481701,7.420765,147.64,17.31,0.00,83.48,0,-96,-13,0,0,42,0,0,339
175.06,1545056222,775.23,51.481701,7.420765,147.64,17.31,0.00,83.48,0,-100,-15,0,0,41,0,0,306
175.06,1545056222,775.23,51.481701,7.420765,147.64,17.31,0.00,83.48,0,-86,-11,0,0,54,0,0,136
175.06,1545056222,775.25,51.481701,7.420765,147.64,17.31,0.00,83.48,0,-88,-13,0,0,54,0,0,137
176.06,1545056223,792.47,51.481719,7.421014,146.27,17.47,0.00,82.32,0,-96,-12,0,0,42,0,0,135
176.06,1545056223,792.48,51.481719,7.421014,146.27,17.47,0.00,82.32,0,-96,-13,0,0,42,0,0,339
176.06,1545056223,792.50,51.481719,7.421014,146.27,17.47,0.00,82.32,0,-100,-15,0,0,41,0,0,306
176.06,1545056223,792.52,51.481719,7.421014,146.27,17.47,0.00,82.32,0,-86,-11,0,0,54,0,0,136
176.06,1545056223,792.54,51.481719,7.421014,146.27,17.47,0.00,82.32,0,-88,-13,0,0,54,0,0,137
177.06,1545056224,809.92,51.481741,7.421256,145.19,17.75,0.00,80.44,0,-90,-14,0,0,53,0,0,137
177.06,1545056224,809.94,51.481741,7.421256,145.19,17.75,0.00,80.44,0,-96,-19,0,0,53,0,0,386
178.05,1545056225,827.60,51.481767,7.421506,143.99,17.80,0.00,79.71,0,-90,-14,0,0,53,0,0,137
178.05,1545056225,827.60,51.481767,7.421506,143.99,17.80,0.00,79.71,0,-96,-19,0,0,53,0,0,386
179.06,1545056226,845.47,51.481796,7.421758,142.81,17.54,0.00,79.05,0,-90,-14,0,0,53,0,0,137
179.06,1545056226,845.49,51.481796,7.421758,142.81,17.54,0.00,79.05,0,-96,-19,0,0,53,0,0,386
180.06,1545056227,863.07,51.481825,7.421995,141.68,17.59,0.00,78.47,0,-102,-11,0,0,34,0,0,266
180.06,1545056227,863.07,51.481825,7.421995,141.68,17.59,0.00,78.47,0,-106,-13,0,0,34,0,0,27
180.06,1545056227,863.08,51.481825,7.421995,141.68,17.59,0.00,78.47,0,-106,-17,0,0,37,0,0,134
180.06,1545056227,863.10,51.481825,7.421995,141.68,17.59,0.00,78.47,0,-95,-12,0,0,46,0,0,137
180.06,1545056227,863.10,51.481825,7.421995,141.68,17.59,0.00,78.47,0,-100,-13,0,0,43,0,0,51
181.06,1545056228,880.64,51.481858,7.422240,140.43,17.72,0.00,78.08,0,-102,-11,0,0,34,0,0,266
181.06,1545056228,880.66,51.481858,7.422240,140.43,17.72,0.00,78.08,0,-106,-13,0,0,34,0,0,27
181.06,1545056228,880.68,51.481858,7.422240,140.43,17.72,0.00,78.08,0,-106,-17,0,0,37,0,0,134
181.06,1545056228,880.68,51.481858,7.422240,140.43,17.72,0.00,78.08,0,-95,-12,0,0,46,0,0,137
181.06,1545056228,880.69,51.481858,7.422240,140.43,17.72,0.00,78.08,0,-100,-13,0,0,43,0,0,51
182.06,1545056229,898.34,51.481896,7.422497,139.17,17.53,0.00,77.72,0,-103,-12,0,0,35,0,0,266
182.06,1545056229,898.34,51.481896,7.422497,139.17,17.53,0.00,77.72,0,-109,-17,0,0,35,0,0,458
182.06,1545056229,898.36,51.481896,7.422497,139.17,17.53,0.00,77.72,0,-109,-18,0,0,35,0,0,339
183.06,1545056230,915.86,51.481932,7.422739,138.52,17.31,0.00,76.91,0,-103,-12,0,0,35,0,0,266
183.06,1545056230,915.88,51.481932,7.422739,138.52,17.31,0.00,76.91,0,-109,-17,0,0,35,0,0,458
183.06,1545056230,915.90,51.481932,7.422739,138.52,17.31,0.00,76.91,0,-109,-18,0,0,35,0,0,339
184.06,1545056231,933.20,51.481968,7.422978,137.65,17.23,0.00,76.42,0,-100,-11,0,0,37,0,0,266
184.06,1545056231,933.21,51.481968,7.422978,137.65,17.23,0.00,76.42,0,-105,-16,0,0,38,0,0,339
184.06,1545056231,933.21,51.481968,7.422978,137.65,17.23,0.00,76.42,0,-106,-17,0,0,37,0,0,458
184.06,1545056231,933.23,51.481968,7.422978,137.65,17.23,0.00,76.42,0,-96,-15,0,0,49,0,0,385
184.06,1545056231,933.25,51.481968,7.422978,137.65,17.23,0.00,76.42,0,-97,-16,0,0,49,0,0,386
185.06,1545056232,950.44,51.482005,7.423220,136.96,16.79,0.00,76.83,0,-100,-11,0,0,37,0,0,266
185.06,1545056232,950.45,51.482005,7.423220,136.96,16.79,0.00,76.83,0,-105,-16,0,0,38,0,0,339
185.06,1545056232,950.45,51.482005,7.423220,136.96,16.79,0.00,76.83,0,-106,-17,0,0,37,0,0,458
185.06,1545056232,950.47,51.482005,7.423220,136.96,16.79,0.00,76.83,0,-96,-15,0,0,49,0,0,385
185.06,1545056232,950.49,51.482005,7.423220,136.96,16.79,0.00,76.83,0,-97,-16,0,0,49,0,0,386
186.06,1545056233,967.21,51.482041,7.423471,135.92,17.10,0.00,77.33,0,-101,-13,0,0,39,0,0,339
186.06,1545056233,967.21,51.482041,7.423471,135.92,17.10,0.00,77.33,0,-102,-15,0,0,39,0,0,266
186.06,1545056233,967.23,51.482041,7.423471,135.92,17.10,0.00,77.33,0,-103,-15,0,0,38,0,0,458
186.06,1545056233,967.24,51.482041,7.423471,135.92,17.10,0.00,77.33,0,-95,-13,0,0,48,0,0,385
186.06,1545056233,967.24,51.482041,7.423471,135.92,17.10,0.00,77.33,0,-96,-14,0,0,48,0,0,386
187.05,1545056234,984.22,51.482071,7.423697,134.48,16.45,0.00,76.91,0,-101,-13,0,0,39,0,0,339
187.06,1545056234,984.23,51.482071,7.423697,134.48,16.45,0.00,76.91,0,-102,-15,0,0,39,0,0,266
187.06,1545056234,984.23,51.482071,7.423697,134.48,16.45,0.00,76.91,0,-103,-15,0,0,38,0,0,458
187.06,1545056234,984.25,51.482071,7.423697,134.48,16.45,0.00,76.91,0,-95,-13,0,0,48,0,0,385
187.06,1545056234,984.25,51.482071,7.423697,134.48,16.45,0.00,76.91,0,-96,-14,0,0,48,0,0,386
188.05,1545056235,1000.67,51.482105,7.423927,133.15,15.26,0.00,76.11,0,-102,-16,0,0,40,0,0,266
189.06,1545056236,1015.95,51.482140,7.424153,131.73,15.90,0.00,76.85,0,-102,-16,0,0,40,0,0,266
203.06,1545056250,1225.83,51.482556,7.427122,133.12,15.00,0.00,79.60,0,-94,-13,0,0,44,0,0,266
203.06,1545056250,1225.85,51.482556,7.427122,133.12,15.00,0.00,79.60,0,-97,-15,0,0,44,0,0,146
204.06,1545056251,1240.94,51.482577,7.427347,134.46,15.40,0.00,81.84,0,-94,-13,0,0,44,0,0,266
204.07,1545056251,1240.95,51.482577,7.427347,134.46,15.40,0.00,81.84,0,-97,-15,0,0,44,0,0,146
205.05,1545056252,1256.17,51.482594,7.427561,135.78,15.27,0.00,82.80,0,-92,-11,0,0,45,0,0,266
205.05,1545056252,1256.17,51.482594,7.427561,135.78,15.27,0.00,82.80,0,-97,-16,0,0,45,0,0,146
206.06,1545056253,1271.50,51.482609,7.427784,136.12,14.35,0.00,83.63,0,-92,-11,0,0,45,0,0,266
206.06,1545056253,1271.52,51.482609,7.427784,136.12,14.35,0.00,83.63,0,-97,-16,0,0,45,0,0,146
207.06,1545056254,1285.84,51.482617,7.428018,136.42,15.58,0.00,86.26,0,-95,-14,0,0,45,0,0,146
207.06,1545056254,1285.85,51.482617,7.428018,136.42,15.58,0.00,86.26,0,-96,-15,0,0,45,0,0,266
208.06,1545056255,1301.40,51.482617,7.428276,136.23,15.53,0.00,88.96,0,-95,-14,0,0,45,0,0,146
208.06,1545056255,1301.41,51.482617,7.428276,136.23,15.53,0.00,88.96,0,-96,-15,0,0,45,0,0,266
209.06,1545056256,1316.94,51.482614,7.428499,135.92,14.35,0.00,90.34,0,-93,-12,0,0,46,0,0,266
209.06,1545056256,1316.96,51.482614,7.428499,135.92,14.35,0.00,90.34,0,-94,-14,0,0,45,0,0,146
209.06,1545056256,1316.97,51.482614,7.428499,135.92,14.35,0.00,90.34,0,-99,-18,0,0,45,0,0,27
210.06,1545056257,1331.32,51.482607,7.428716,135.61,14.92,0.00,91.74,0,-93,-12,0,0,46,0,0,266
210.06,1545056257,1331.34,51.482607,7.428716,135.61,14.92,0.00,91.74,0,-94,-14,0,0,45,0,0,146
210.06,1545056257,1331.34,51.482607,7.428716,135.61,14.92,0.00,91.74,0,-99,-18,0,0,45,0,0,27
211.06,1545056258,1346.22,51.482593,7.428919,135.44,14.66,0.00,93.51,0,-91,-9,0,0,43,0,0,266
211.06,1545056258,1346.24,51.482593,7.428919,135.44,14.66,0.00,93.51,0,-95,-13,0,0,44,0,0,146
212.06,1545056259,1360.88,51.482582,7.429123,135.24,13.94,0.00,94.04,0,-91,-9,0,0,43,0,0,266
212.06,1545056259,1360.89,51.482582,7.429123,135.24,13.94,0.00,94.04,0,-95,-13,0,0,44,0,0,146
217.06,1545056264,1431.19,51.482497,7.430133,136.34,13.78,0.00,95.79,0,-91,-13,0,0,47,0,0,339
218.06,1545056265,1444.97,51.482484,7.430347,137.10,14.37,0.00,95.06,0,-91,-13,0,0,47,0,0,339
219.07,1545056266,1459.48,51.482472,7.430542,137.95,14.36,0.00,95.75,0,-101,-15,0,0,39,0,0,27
219.07,1545056266,1459.50,51.482472,7.430542,137.95,14.36,0.00,95.75,0,-101,-15,0,0,40,0,0,339
220.06,1545056267,1473.70,51.482454,7.430765,138.43,13.67,0.00,96.03,0,-101,-15,0,0,39,0,0,27
220.06,1545056267,1473.71,51.482454,7.430765,138.43,13.67,0.00,96.03,0,-101,-15,0,0,40,0,0,339
221.06,1545056268,1487.36,51.482432,7.430975,138.55,13.32,0.00,96.37,0,-101,-15,0,0,39,0,0,27
221.06,1545056268,1487.38,51.482432,7.430975,138.55,13.32,0.00,96.37,0,-101,-15,0,0,40,0,0,339
222.06,1545056269,1500.70,51.482413,7.431171,138.51,13.24,0.00,96.81,0,-100,-16,0,0,42,0,0,146
223.06,1545056270,1513.94,51.482393,7.431368,138.19,13.17,0.00,96.12,0,-100,-16,0,0,42,0,0,146
224.06,1545056271,1527.09,51.482371,7.431572,137.90,13.51,0.00,96.99,0,-98,-16,0,0,46,0,0,146
225.06,1545056272,1540.59,51.482342,7.431794,137.48,13.42,0.00,97.45,0,-98,-16,0,0,46,0,0,146
226.06,1545056273,1554.02,51.482318,7.431994,136.70,13.42,0.00,97.09,0,-97,-18,0,0,46,0,0,339
226.06,1545056273,1554.03,51.482318,7.431994,136.70,13.42,0.00,97.09,0,-98,-18,0,0,46,0,0,146
227.06,1545056274,1567.48,51.482294,7.432193,136.06,13.50,0.00,96.70,0,-97,-18,0,0,46,0,0,339
227.06,1545056274,1567.48,51.482294,7.432193,136.06,13.50,0.00,96.70,0,-98,-18,0,0,46,0,0,146
243.05,1545056290,1699.51,51.482102,7.434023,134.09,3.02,0.00,97.23,0,-98,-16,0,0,44,0,0,146
243.05,1545056290,1699.51,51.482102,7.434023,134.09,3.02,0.00,97.23,0,-98,-16,0,0,44,0,0,27
244.06,1545056291,1702.55,51.482097,7.434065,134.04,2.85,0.00,96.59,0,-98,-16,0,0,44,0,0,146
244.06,1545056291,1702.55,51.482097,7.434065,134.04,2.85,0.00,96.59,0,-98,-16,0,0,44,0,0,27
295.05,1545056342,2182.04,51.481676,7.441028,155.55,12.09,0.00,97.20,0,-76,-12,0,0,63,0,0,264
296.06,1545056343,2194.18,51.481657,7.441194,155.46,12.01,0.00,99.35,0,-76,-12,0,0,63,0,0,264
303.06,1545056350,2279.95,51.481207,7.442227,157.39,13.44,0.00,136.50,0,-80,-18,0,0,63,0,0,266
304.05,1545056351,2293.24,51.481117,7.442367,157.34,14.19,0.00,135.43,0,-80,-18,0,0,63,0,0,266
305.05,1545056352,2307.45,51.481025,7.442507,157.40,13.84,0.00,134.52,0,-80,-18,0,0,63,0,0,266
316.05,1545056363,2433.06,51.480064,7.443316,159.85,13.14,0.00,154.19,0,-81,-15,0,0,60,0,0,375
317.06,1545056364,2446.28,51.479969,7.443401,159.79,13.27,0.00,153.22,0,-81,-15,0,0,60,0,0,375
318.06,1545056365,2459.54,51.479867,7.443493,159.88,13.33,0.00,152.52,0,-85,-13,0,0,55,0,0,375
319.06,1545056366,2472.86,51.479758,7.443594,159.99,13.67,0.00,151.56,0,-85,-13,0,0,55,0,0,375
320.05,1545056367,2486.50,51.479649,7.443690,160.03,13.90,0.00,151.55,0,-83,-12,0,0,56,0,0,375
321.06,1545056368,2500.41,51.479535,7.443790,160.22,14.11,0.00,152.03,0,-83,-12,0,0,56,0,0,375
322.05,1545056369,2514.47,51.479423,7.443896,160.31,14.44,0.00,151.39,0,-83,-10,0,0,53,0,0,375
323.06,1545056370,2529.00,51.479310,7.443999,160.27,14.75,0.00,151.37,0,-83,-10,0,0,53,0,0,375
327.06,1545056374,2588.66,51.478849,7.444413,160.29,14.29,0.00,151.62,0,-85,-10,0,0,52,0,0,265
328.06,1545056375,2602.93,51.478740,7.444508,160.14,13.61,0.00,151.67,0,-85,-10,0,0,52,0,0,265
329.06,1545056376,2616.55,51.478628,7.444604,159.92,13.16,0.00,151.45,0,-82,-8,0,0,53,0,0,265
330.06,1545056377,2629.69,51.478522,7.444693,159.88,12.85,0.00,151.45,0,-82,-8,0,0,53,0,0,265
331.05,1545056378,2642.53,51.478425,7.444778,159.95,12.20,0.00,152.03,0,-83,-9,0,0,56,0,0,265
332.06,1545056379,2654.75,51.478333,7.444859,160.14,11.83,0.00,151.40,0,-83,-9,0,0,56,0,0,265
335.06,1545056382,2685.53,51.478115,7.445047,160.47,6.97,0.00,151.15,0,-86,-10,0,0,52,0,0,265
336.05,1545056383,2692.49,51.478065,7.445090,160.45,5.03,0.00,151.50,0,-86,-10,0,0,52,0,0,265
339.06,1545056386,2703.13,51.478002,7.445150,160.42,0.89,0.00,150.25,0,-86,-10,0,0,50,0,0,265
340.06,1545056387,2704.02,51.478002,7.445150,160.42,0.00,0.00,150.25,0,-86,-10,0,0,50,0,0,265
341.05,1545056388,2704.02,51.478002,7.445150,160.41,0.00,0.00,150.25,0,-87,-10,0,0,50,0,0,265
342.05,1545056389,2704.02,51.478002,7.445150,160.41,0.00,0.00,150.25,0,-87,-10,0,0,50,0,0,265
343.06,1545056390,2704.02,51.478002,7.445150,160.41,0.00,0.00,150.25,0,-88,-10,0,0,49,0,0,265
344.06,1545056391,2704.02,51.478002,7.445150,160.40,0.00,0.00,150.25,0,-88,-10,0,0,49,0,0,265
345.06,1545056392,2704.02,51.478002,7.445150,160.38,0.00,0.00,156.11,0,-88,-11,0,0,51,0,0,265
346.05,1545056393,2704.02,51.478002,7.445150,160.35,0.00,0.00,154.80,0,-88,-11,0,0,51,0,0,265
347.05,1545056394,2704.02,51.477952,7.445186,160.32,3.16,0.00,153.70,0,-88,-11,0,0,51,0,0,265
394.05,1545056441,3092.04,51.474893,7.447939,160.43,3.63,0.00,143.18,0,-92,-18,0,0,52,0,0,265
395.06,1545056442,3095.68,51.474867,7.447966,160.44,3.20,0.00,142.69,0,-92,-18,0,0,52,0,0,265
476.06,1545056523,3304.47,51.473404,7.450137,166.55,10.73,0.00,128.60,0,-77,-9,0,0,60,0,0,376
476.06,1545056523,3304.48,51.473404,7.450137,166.55,10.73,0.00,128.60,0,-65,-14,0,0,63,0,0,377
477.06,1545056524,3315.20,51.473346,7.450268,166.80,10.83,0.00,127.27,0,-77,-9,0,0,60,0,0,376
477.06,1545056524,3315.21,51.473346,7.450268,166.80,10.83,0.00,127.27,0,-65,-14,0,0,63,0,0,377
478.06,1545056525,3326.05,51.473286,7.450409,167.08,11.29,0.00,126.09,0,-81,-12,0,0,57,0,0,375
478.06,1545056525,3326.06,51.473286,7.450409,167.08,11.29,0.00,126.09,0,-69,-14,0,0,63,0,0,375
479.06,1545056526,3337.33,51.473223,7.450561,167.62,12.08,0.00,125.09,0,-81,-12,0,0,57,0,0,375
479.06,1545056526,3337.34,51.473223,7.450561,167.62,12.08,0.00,125.09,0,-69,-14,0,0,63,0,0,375
480.05,1545056527,3349.32,51.473166,7.450710,168.20,12.39,0.00,124.03,0,-75,-17,0,0,63,0,0,375
481.05,1545056528,3361.76,51.473111,7.450860,168.50,13.05,0.00,122.61,0,-75,-17,0,0,63,0,0,375
518.06,1545056565,3887.49,51.471501,7.457935,160.50,13.87,0.00,117.69,0,-95,-8,0,0,39,0,0,111
518.06,1545056565,3887.50,51.471501,7.457935,160.50,13.87,0.00,117.69,0,-98,-12,0,0,39,0,0,306
519.06,1545056566,3901.36,51.471444,7.458105,160.75,13.07,0.00,117.11,0,-95,-8,0,0,39,0,0,111
519.06,1545056566,3901.37,51.471444,7.458105,160.75,13.07,0.00,117.11,0,-98,-12,0,0,39,0,0,306
520.06,1545056567,3914.42,51.471393,7.458260,160.95,11.40,0.00,116.67,0,-98,-11,0,0,39,0,0,306
520.06,1545056567,3914.45,51.471393,7.458260,160.95,11.40,0.00,116.67,0,-99,-12,0,0,39,0,0,111
521.05,1545056568,3925.80,51.471352,7.458385,160.75,8.83,0.00,115.73,0,-98,-11,0,0,39,0,0,306
521.05,1545056568,3925.80,51.471352,7.458385,160.75,8.83,0.00,115.73,0,-99,-12,0,0,39,0,0,111
555.06,1545056602,4256.09,51.470070,7.462793,160.66,12.71,0.00,116.00,0,-100,-18,0,0,45,0,0,143
556.06,1545056603,4268.77,51.470027,7.462947,160.62,12.08,0.00,115.27,0,-100,-18,0,0,45,0,0,143
557.06,1545056604,4280.85,51.469973,7.463126,160.29,12.84,0.00,116.02,0,-100,-18,0,0,45,0,0,143
560.06,1545056607,4320.94,51.469807,7.463690,158.97,14.82,0.00,113.42,0,-98,-12,0,0,40,0,0,143
560.06,1545056607,4320.94,51.469807,7.463690,158.97,14.82,0.00,113.42,0,-99,-13,0,0,40,0,0,111
561.06,1545056608,4335.78,51.469755,7.463911,158.80,16.18,0.00,112.42,0,-98,-12,0,0,40,0,0,143
561.06,1545056608,4335.79,51.469755,7.463911,158.80,16.18,0.00,112.42,0,-99,-13,0,0,40,0,0,111
562.06,1545056609,4351.97,51.469705,7.464123,159.16,16.46,0.00,111.53,0,-99,-12,0,0,40,0,0,111
562.06,1545056609,4351.99,51.469705,7.464123,159.16,16.46,0.00,111.53,0,-101,-14,0,0,39,0,0,143
563.06,1545056610,4368.43,51.469664,7.464332,159.04,16.35,0.00,110.77,0,-99,-12,0,0,40,0,0,111
563.06,1545056610,4368.45,51.469664,7.464332,159.04,16.35,0.00,110.77,0,-101,-14,0,0,39,0,0,143
564.06,1545056611,4384.77,51.469618,7.464564,158.81,16.65,0.00,109.31,0,-98,-12,0,0,39,0,0,143
565.06,1545056612,4401.47,51.469575,7.464806,158.27,17.20,0.00,107.94,0,-98,-12,0,0,39,0,0,143
568.06,1545056615,4452.27,51.469470,7.465523,156.90,15.59,0.00,103.22,0,-98,-11,0,0,39,0,0,111
568.06,1545056615,4452.28,51.469470,7.465523,156.90,15.59,0.00,103.22,0,-100,-13,0,0,39,0,0,143
569.06,1545056616,4467.84,51.469443,7.465762,156.57,15.90,0.00,101.01,0,-98,-11,0,0,39,0,0,111
569.06,1545056616,4467.86,51.469443,7.465762,156.57,15.90,0.00,101.01,0,-100,-13,0,0,39,0,0,143
570.06,1545056617,4483.84,51.469425,7.466001,156.23,16.10,0.00,97.99,0,-103,-13,0,0,37,0,0,111
570.06,1545056617,4483.86,51.469425,7.466001,156.23,16.10,0.00,97.99,0,-105,-13,0,0,35,0,0,143
570.06,1545056617,4483.86,51.469425,7.466001,156.23,16.10,0.00,97.99,0,-106,-17,0,0,38,0,0,429
571.06,1545056618,4499.88,51.469412,7.466241,156.20,16.79,0.00,96.39,0,-103,-13,0,0,37,0,0,111
571.06,1545056618,4499.90,51.469412,7.466241,156.20,16.79,0.00,96.39,0,-105,-13,0,0,35,0,0,143
571.06,1545056618,4499.91,51.469412,7.466241,156.20,16.79,0.00,96.39,0,-106,-17,0,0,38,0,0,429
572.06,1545056619,4516.67,51.469404,7.466483,156.39,16.48,0.00,94.55,0,-101,-13,0,0,36,0,0,111
572.06,1545056619,4516.69,51.469404,7.466483,156.39,16.48,0.00,94.55,0,-104,-14,0,0,36,0,0,289
572.06,1545056619,4516.69,51.469404,7.466483,156.39,16.48,0.00,94.55,0,-107,-17,0,0,37,0,0,143
573.06,1545056620,4533.14,51.469400,7.466719,156.53,16.27,0.00,92.93,0,-101,-13,0,0,36,0,0,111
573.06,1545056620,4533.15,51.469400,7.466719,156.53,16.27,0.00,92.93,0,-104,-14,0,0,36,0,0,289
573.06,1545056620,4533.17,51.469400,7.466719,156.53,16.27,0.00,92.93,0,-107,-17,0,0,37,0,0,143
574.06,1545056621,4549.50,51.469400,7.466950,156.56,16.21,0.00,91.77,0,-103,-13,0,0,37,0,0,143
574.06,1545056621,4549.50,51.469400,7.466950,156.56,16.21,0.00,91.77,0,-103,-12,0,0,37,0,0,111
575.06,1545056622,4565.62,51.469404,7.467189,156.30,16.17,0.00,89.85,0,-103,-13,0,0,37,0,0,143
575.06,1545056622,4565.63,51.469404,7.467189,156.30,16.17,0.00,89.85,0,-103,-12,0,0,37,0,0,111
576.07,1545056623,4581.94,51.469417,7.467412,155.80,16.03,0.00,88.21,0,-101,-14,0,0,39,0,0,111
576.07,1545056623,4581.94,51.469417,7.467412,155.80,16.03,0.00,88.21,0,-103,-17,0,0,40,0,0,289
576.07,1545056623,4581.96,51.469417,7.467412,155.80,16.03,0.00,88.21,0,-104,-16,0,0,38,0,0,143
577.06,1545056624,4597.83,51.469436,7.467625,155.70,15.77,0.00,86.77,0,-101,-14,0,0,39,0,0,111
577.06,1545056624,4597.85,51.469436,7.467625,155.70,15.77,0.00,86.77,0,-103,-17,0,0,40,0,0,289
577.06,1545056624,4597.86,51.469436,7.467625,155.70,15.77,0.00,86.77,0,-104,-16,0,0,38,0,0,143
578.05,1545056625,4613.52,51.469458,7.467838,155.77,15.00,0.00,85.22,0,-101,-14,0,0,39,0,0,111
578.05,1545056625,4613.52,51.469458,7.467838,155.77,15.00,0.00,85.22,0,-103,-17,0,0,40,0,0,289
578.05,1545056625,4613.54,51.469458,7.467838,155.77,15.00,0.00,85.22,0,-104,-16,0,0,38,0,0,143
583.06,1545056630,4686.48,51.469566,7.468887,156.71,14.52,0.00,82.63,0,-105,-17,0,0,38,0,0,111
584.06,1545056631,4700.99,51.469589,7.469084,156.66,14.31,0.00,82.69,0,-105,-17,0,0,38,0,0,111
585.06,1545056632,4715.30,51.469612,7.469293,156.17,12.88,0.00,81.91,0,-104,-17,0,0,40,0,0,289
585.06,1545056632,4715.31,51.469612,7.469293,156.17,12.88,0.00,81.91,0,-103,-19,0,0,46,0,0,447
586.06,1545056633,4728.18,51.469628,7.469485,155.96,13.40,0.00,81.27,0,-104,-17,0,0,40,0,0,289
586.06,1545056633,4728.19,51.469628,7.469485,155.96,13.40,0.00,81.27,0,-103,-19,0,0,46,0,0,447
587.06,1545056634,4741.56,51.469650,7.469680,155.29,13.50,0.00,80.69,0,-103,-15,0,0,38,0,0,289
588.06,1545056635,4755.06,51.469674,7.469906,154.58,14.84,0.00,80.25,0,-103,-15,0,0,38,0,0,289
589.05,1545056636,4769.88,51.469695,7.470128,153.93,15.91,0.00,80.91,0,-103,-13,0,0,36,0,0,143
590.05,1545056637,4785.75,51.469716,7.470364,153.38,16.27,0.00,81.98,0,-103,-13,0,0,36,0,0,143
593.06,1545056640,4833.72,51.469773,7.471044,153.62,15.86,0.00,83.76,0,-102,-11,0,0,35,0,0,111
594.06,1545056641,4849.63,51.469787,7.471283,154.25,16.13,0.00,85.29,0,-102,-11,0,0,35,0,0,111
595.06,1545056642,4865.74,51.469798,7.471514,155.30,16.07,0.00,86.01,0,-103,-15,0,0,38,0,0,111
596.06,1545056643,4881.89,51.469802,7.471731,156.11,15.41,0.00,87.82,0,-103,-15,0,0,38,0,0,111
597.06,1545056644,4897.33,51.469801,7.471939,157.05,15.50,0.00,89.72,0,-106,-19,0,0,44,0,0,229
598.06,1545056645,4912.69,51.469800,7.472177,157.96,16.23,0.00,91.55,0,-106,-19,0,0,44,0,0,229
599.06,1545056646,4928.94,51.469792,7.472420,159.27,16.89,0.00,92.92,0,-106,-19,0,0,44,0,0,229
600.05,1545056647,4945.80,51.469783,7.472666,160.39,17.22,0.00,94.07,0,-105,-16,0,0,37,0,0,289
601.06,1545056648,4963.05,51.469771,7.472925,161.30,16.86,0.00,94.95,0,-105,-16,0,0,37,0,0,289
602.09,1545056649,4980.47,51.469754,7.473184,161.98,16.51,0.00,95.47,0,-97,-14,0,0,42,0,0,289
602.09,1545056649,4980.47,51.469754,7.473184,161.98,16.51,0.00,95.47,0,-103,-20,0,0,43,0,0,111
602.09,1545056649,4980.47,51.469754,7.473184,161.98,16.51,0.00,95.47,0,-103,-20,0,0,43,0,0,143
603.06,1545056650,4996.47,51.469733,7.473425,161.89,16.16,0.00,96.55,0,-97,-14,0,0,42,0,0,289
603.06,1545056650,4996.47,51.469733,7.473425,161.89,16.16,0.00,96.55,0,-103,-20,0,0,43,0,0,111
603.06,1545056650,4996.48,51.469733,7.473425,161.89,16.16,0.00,96.55,0,-103,-20,0,0,43,0,0,143
604.06,1545056651,5012.61,51.469711,7.473655,161.86,15.57,0.00,97.12,0,-102,-18,0,0,42,0,0,111
604.06,1545056651,5012.62,51.469711,7.473655,161.86,15.57,0.00,97.12,0,-102,-17,0,0,41,0,0,376
605.06,1545056652,5028.18,51.469687,7.473873,162.25,15.08,0.00,97.61,0,-102,-18,0,0,42,0,0,111
605.06,1545056652,5028.19,51.469687,7.473873,162.25,15.08,0.00,97.61,0,-102,-17,0,0,41,0,0,376
606.06,1545056653,5043.26,51.469661,7.474084,162.72,14.88,0.00,98.13,0,-100,-15,0,0,42,0,0,376
606.06,1545056653,5043.27,51.469661,7.474084,162.72,14.88,0.00,98.13,0,-101,-18,0,0,43,0,0,112
606.06,1545056653,5043.27,51.469661,7.474084,162.72,14.88,0.00,98.13,0,-102,-18,0,0,43,0,0,111
607.06,1545056654,5058.17,51.469636,7.474306,162.90,14.67,0.00,97.62,0,-100,-15,0,0,42,0,0,376
607.06,1545056654,5058.19,51.469636,7.474306,162.90,14.67,0.00,97.62,0,-101,-18,0,0,43,0,0,112
607.06,1545056654,5058.19,51.469636,7.474306,162.90,14.67,0.00,97.62,0,-102,-18,0,0,43,0,0,111
608.06,1545056655,5072.83,51.469611,7.474525,162.73,15.15,0.00,97.56,0,-98,-15,0,0,45,0,0,111
608.06,1545056655,5072.85,51.469611,7.474525,162.73,15.15,0.00,97.56,0,-98,-16,0,0,45,0,0,112
608.06,1545056655,5072.86,51.469611,7.474525,162.73,15.15,0.00,97.56,0,-98,-15,0,0,44,0,0,376
609.06,1545056656,5087.98,51.469588,7.474765,163.01,15.33,0.00,97.02,0,-98,-15,0,0,45,0,0,111
609.06,1545056656,5088.00,51.469588,7.474765,163.01,15.33,0.00,97.02,0,-98,-16,0,0,45,0,0,112
609.06,1545056656,5088.02,51.469588,7.474765,163.01,15.33,0.00,97.02,0,-98,-15,0,0,44,0,0,376
610.06,1545056657,5103.30,51.469566,7.474988,163.57,15.63,0.00,97.61,0,-99,-17,0,0,44,0,0,112
610.06,1545056657,5103.31,51.469566,7.474988,163.57,15.63,0.00,97.61,0,-100,-17,0,0,43,0,0,111
610.06,1545056657,5103.33,51.469566,7.474988,163.57,15.63,0.00,97.61,0,-100,-16,0,0,43,0,0,376
611.06,1545056658,5118.91,51.469547,7.475204,164.28,15.30,0.00,97.03,0,-99,-17,0,0,44,0,0,112
611.06,1545056658,5118.93,51.469547,7.475204,164.28,15.30,0.00,97.03,0,-100,-17,0,0,43,0,0,111
611.06,1545056658,5118.93,51.469547,7.475204,164.28,15.30,0.00,97.03,0,-100,-16,0,0,43,0,0,376
612.06,1545056659,5134.23,51.469529,7.475429,165.18,15.37,0.00,96.05,0,-102,-18,0,0,41,0,0,143
612.06,1545056659,5134.24,51.469529,7.475429,165.18,15.37,0.00,96.05,0,-103,-17,0,0,41,0,0,376
612.06,1545056659,5134.26,51.469529,7.475429,165.18,15.37,0.00,96.05,0,-103,-18,0,0,41,0,0,112
613.06,1545056660,5149.60,51.469516,7.475651,166.07,15.12,0.00,94.85,0,-102,-18,0,0,41,0,0,143
613.06,1545056660,5149.62,51.469516,7.475651,166.07,15.12,0.00,94.85,0,-103,-17,0,0,41,0,0,376
613.06,1545056660,5149.63,51.469516,7.475651,166.07,15.12,0.00,94.85,0,-103,-18,0,0,41,0,0,112
614.06,1545056661,5164.72,51.469505,7.475862,167.16,14.61,0.00,93.86,0,-101,-19,0,0,44,0,0,112
614.06,1545056661,5164.73,51.469505,7.475862,167.16,14.61,0.00,93.86,0,-102,-19,0,0,44,0,0,111
614.06,1545056661,5164.73,51.469505,7.475862,167.16,14.61,0.00,93.86,0,-102,-19,0,0,43,0,0,143
615.06,1545056662,5179.31,51.469503,7.476045,168.60,13.88,0.00,91.63,0,-101,-19,0,0,44,0,0,112
615.06,1545056662,5179.31,51.469503,7.476045,168.60,13.88,0.00,91.63,0,-102,-19,0,0,44,0,0,111
615.06,1545056662,5179.32,51.469503,7.476045,168.60,13.88,0.00,91.63,0,-102,-19,0,0,43,0,0,143
629.06,1545056676,5335.13,51.469661,7.478310,167.50,6.00,0.00,77.75,0,-97,-18,0,0,47,0,0,143
629.06,1545056676,5335.13,51.469661,7.478310,167.50,6.00,0.00,77.75,0,-98,-19,0,0,47,0,0,141
630.05,1545056677,5341.11,51.469670,7.478374,166.66,5.10,0.00,77.07,0,-97,-18,0,0,47,0,0,143
630.05,1545056677,5341.11,51.469670,7.478374,166.66,5.10,0.00,77.07,0,-98,-19,0,0,47,0,0,141
631.06,1545056678,5346.23,51.469679,7.478437,166.03,4.26,0.00,76.43,0,-97,-18,0,0,48,0,0,143
631.06,1545056678,5346.23,51.469679,7.478437,166.03,4.26,0.00,76.43,0,-97,-20,0,0,48,0,0,141
632.06,1545056679,5350.49,51.469687,7.478501,165.96,3.62,0.00,80.32,0,-97,-18,0,0,48,0,0,143
632.06,1545056679,5350.50,51.469687,7.478501,165.96,3.62,0.00,80.32,0,-97,-20,0,0,48,0,0,141
633.06,1545056680,5354.12,51.469693,7.478539,165.89,3.11,0.00,76.51,0,-97,-17,0,0,46,0,0,143
633.06,1545056680,5354.12,51.469693,7.478539,165.89,3.11,0.00,76.51,0,-97,-17,0,0,46,0,0,141
634.06,1545056681,5357.22,51.469698,7.478563,165.84,1.79,0.00,80.37,0,-97,-17,0,0,46,0,0,143
634.06,1545056681,5357.22,51.469698,7.478563,165.84,1.79,0.00,80.37,0,-97,-17,0,0,46,0,0,141
635.06,1545056682,5359.01,51.469698,7.478584,165.83,1.29,0.00,81.26,0,-96,-17,0,0,48,0,0,141
635.06,1545056682,5359.01,51.469698,7.478584,165.83,1.29,0.00,81.26,0,-96,-17,0,0,48,0,0,143
636.06,1545056683,5360.29,51.469703,7.478596,165.84,0.65,0.00,81.26,0,-96,-17,0,0,48,0,0,141
636.06,1545056683,5360.29,51.469703,7.478596,165.84,0.65,0.00,81.26,0,-96,-17,0,0,48,0,0,143
637.06,1545056684,5360.94,51.469703,7.478596,165.84,0.00,0.00,81.26,0,-97,-17,0,0,48,0,0,141
637.06,1545056684,5360.94,51.469703,7.478596,165.84,0.00,0.00,81.26,0,-98,-16,0,0,48,0,0,143
638.06,1545056685,5360.94,51.469703,7.478596,165.84,0.00,0.00,81.26,0,-97,-17,0,0,48,0,0,141
638.06,1545056685,5360.94,51.469703,7.478596,165.84,0.00,0.00,81.26,0,-98,-16,0,0,48,0,0,143
639.06,1545056686,5360.94,51.469703,7.478596,165.85,0.00,0.00,81.26,0,-96,-17,0,0,48,0,0,141
639.06,1545056686,5360.94,51.469703,7.478596,165.85,0.00,0.00,81.26,0,-98,-16,0,0,48,0,0,143
640.06,1545056687,5360.94,51.469703,7.478596,165.86,0.00,0.00,81.26,0,-96,-17,0,0,48,0,0,141
640.06,1545056687,5360.94,51.469703,7.478596,165.86,0.00,0.00,81.26,0,-98,-16,0,0,48,0,0,143
641.10,1545056688,5360.94,51.469703,7.478596,165.87,0.00,0.00,81.26,0,-97,-17,0,0,47,0,0,141
641.10,1545056688,5360.94,51.469703,7.478596,165.87,0.00,0.00,81.26,0,-98,-16,0,0,47,0,0,143
642.06,1545056689,5360.94,51.469703,7.478596,165.88,0.00,0.00,81.26,0,-97,-17,0,0,47,0,0,141
642.06,1545056689,5360.94,51.469703,7.478596,165.88,0.00,0.00,81.26,0,-98,-16,0,0,47,0,0,143
643.06,1545056690,5360.94,51.469703,7.478596,165.89,0.00,0.00,81.26,0,-97,-17,0,0,47,0,0,141
643.06,1545056690,5360.94,51.469703,7.478596,165.89,0.00,0.00,81.26,0,-98,-16,0,0,47,0,0,143
644.06,1545056691,5360.94,51.469703,7.478596,165.90,0.00,0.00,81.26,0,-97,-16,0,0,47,0,0,141
644.06,1545056691,5360.94,51.469703,7.478596,165.90,0.00,0.00,81.26,0,-98,-15,0,0,47,0,0,143
645.06,1545056692,5360.94,51.469703,7.478596,165.91,0.00,0.00,81.26,0,-97,-16,0,0,47,0,0,141
645.06,1545056692,5360.94,51.469703,7.478596,165.91,0.00,0.00,81.26,0,-98,-15,0,0,47,0,0,143
646.06,1545056693,5360.94,51.469703,7.478596,165.97,0.00,0.00,81.26,0,-97,-16,0,0,47,0,0,141
646.06,1545056693,5360.94,51.469703,7.478596,165.97,0.00,0.00,81.26,0,-98,-14,0,0,47,0,0,143
647.07,1545056694,5360.94,51.469703,7.478596,166.04,0.00,0.00,76.34,0,-97,-16,0,0,47,0,0,141
647.07,1545056694,5360.94,51.469703,7.478596,166.04,0.00,0.00,76.34,0,-98,-14,0,0,47,0,0,143
648.05,1545056695,5360.94,51.469703,7.478596,166.61,0.00,0.00,75.44,0,-96,-15,0,0,46,0,0,141
648.05,1545056695,5360.94,51.469703,7.478596,166.61,0.00,0.00,75.44,0,-96,-16,0,0,46,0,0,143
649.06,1545056696,5360.95,51.469737,7.478753,166.86,5.93,0.00,75.80,0,-96,-15,0,0,46,0,0,141
649.06,1545056696,5360.96,51.469737,7.478753,166.86,5.93,0.00,75.80,0,-96,-16,0,0,46,0,0,143
662.06,1545056709,5482.18,51.470087,7.480481,167.61,11.05,0.00,72.04,0,-94,-15,0,0,48,0,0,141
662.06,1545056709,5482.18,51.470087,7.480481,167.61,11.05,0.00,72.04,0,-96,-17,0,0,48,0,0,143
663.06,1545056710,5493.14,51.470119,7.480620,168.53,11.41,0.00,71.56,0,-94,-15,0,0,48,0,0,141
663.06,1545056710,5493.16,51.470119,7.480620,168.53,11.41,0.00,71.56,0,-96,-17,0,0,48,0,0,143
664.06,1545056711,5504.55,51.470154,7.480773,169.55,11.84,0.00,71.08,0,-94,-15,0,0,48,0,0,141
664.06,1545056711,5504.56,51.470154,7.480773,169.55,11.84,0.00,71.08,0,-96,-17,0,0,48,0,0,143
665.06,1545056712,5516.39,51.470190,7.480937,170.36,12.20,0.00,71.54,0,-93,-11,0,0,44,0,0,141
665.06,1545056712,5516.39,51.470190,7.480937,170.36,12.20,0.00,71.54,0,-94,-13,0,0,44,0,0,143
666.06,1545056713,5528.59,51.470228,7.481109,170.94,12.04,0.00,72.03,0,-93,-11,0,0,44,0,0,141
666.06,1545056713,5528.59,51.470228,7.481109,170.94,12.04,0.00,72.03,0,-94,-13,0,0,44,0,0,143
671.06,1545056718,5571.17,51.470185,7.481655,170.92,8.92,0.00,154.09,0,-98,-10,0,0,37,0,0,141
672.06,1545056719,5580.10,51.470119,7.481691,171.10,9.69,0.00,156.64,0,-98,-10,0,0,37,0,0,141
681.06,1545056728,5695.83,51.469080,7.482164,175.10,13.24,0.00,164.20,0,-95,-17,0,0,49,0,0,141
682.05,1545056729,5709.00,51.468957,7.482212,174.96,13.34,0.00,164.92,0,-95,-17,0,0,49,0,0,141
690.06,1545056737,5806.77,51.468106,7.482572,174.31,10.78,0.00,165.25,0,-95,-17,0,0,49,0,0,141
691.06,1545056738,5817.55,51.468006,7.482607,174.24,9.81,0.00,165.69,0,-95,-17,0,0,49,0,0,141
700.06,1545056747,5891.57,51.467349,7.482778,172.70,11.12,0.00,174.98,0,-98,-18,0,0,47,0,0,141
701.06,1545056748,5902.68,51.467235,7.482784,172.04,12.32,0.00,176.90,0,-98,-18,0,0,47,0,0,141
707.06,1545056754,5984.67,51.466485,7.482628,170.26,14.31,0.00,193.46,0,-96,-14,0,0,45,0,0,141
708.06,1545056755,5998.96,51.466366,7.482560,170.72,13.59,0.00,195.71,0,-96,-14,0,0,45,0,0,141
709.06,1545056756,6012.57,51.466230,7.482480,170.93,14.61,0.00,197.15,0,-95,-16,0,0,49,0,0,141
709.06,1545056756,6012.58,51.466230,7.482480,170.93,14.61,0.00,197.15,0,-96,-19,0,0,50,0,0,143
710.05,1545056757,6027.12,51.466102,7.482397,170.78,15.42,0.00,198.21,0,-95,-16,0,0,49,0,0,141
710.05,1545056757,6027.12,51.466102,7.482397,170.78,15.42,0.00,198.21,0,-96,-19,0,0,50,0,0,143
713.06,1545056760,6072.35,51.465736,7.482052,169.40,14.13,0.00,206.91,0,-108,-20,0,0,38,0,0,141
714.06,1545056761,6086.48,51.465619,7.481980,168.69,14.63,0.00,205.16,0,-108,-20,0,0,38,0,0,141
715.06,1545056762,6101.09,51.465501,7.481901,168.06,14.79,0.00,204.50,0,-95,-18,0,0,49,0,0,141
716.05,1545056763,6115.82,51.465381,7.481824,167.67,14.50,0.00,203.80,0,-95,-18,0,0,49,0,0,141
717.06,1545056764,6130.41,51.465254,7.481730,168.10,14.79,0.00,203.12,0,-99,-16,0,0,44,0,0,141
717.06,1545056764,6130.43,51.465254,7.481730,168.10,14.79,0.00,203.12,0,-99,-18,0,0,44,0,0,143
718.06,1545056765,6145.21,51.465123,7.481650,168.58,14.48,0.00,202.44,0,-99,-16,0,0,44,0,0,141
718.06,1545056765,6145.21,51.465123,7.481650,168.58,14.48,0.00,202.44,0,-99,-18,0,0,44,0,0,143
719.06,1545056766,6159.69,51.464987,7.481567,168.30,14.68,0.00,201.61,0,-96,-16,0,0,46,0,0,143
719.06,1545056766,6159.70,51.464987,7.481567,168.30,14.68,0.00,201.61,0,-97,-16,0,0,46,0,0,141
720.07,1545056767,6174.56,51.464858,7.481494,168.58,15.14,0.00,200.62,0,-96,-16,0,0,46,0,0,143
720.07,1545056767,6174.59,51.464858,7.481494,168.58,15.14,0.00,200.62,0,-97,-16,0,0,46,0,0,141
721.06,1545056768,6189.50,51.464725,7.481423,169.43,15.33,0.00,200.13,0,-101,-16,0,0,41,0,0,141
721.06,1545056768,6189.52,51.464725,7.481423,169.43,15.33,0.00,200.13,0,-101,-16,0,0,41,0,0,143
722.06,1545056769,6204.85,51.464590,7.481356,170.04,15.41,0.00,199.30,0,-101,-16,0,0,41,0,0,141
722.06,1545056769,6204.85,51.464590,7.481356,170.04,15.41,0.00,199.30,0,-101,-16,0,0,41,0,0,143
723.06,1545056770,6220.21,51.464453,7.481284,170.69,15.83,0.00,198.71,0,-98,-14,0,0,43,0,0,143
723.06,1545056770,6220.23,51.464453,7.481284,170.69,15.83,0.00,198.71,0,-99,-15,0,0,43,0,0,141
724.06,1545056771,6236.05,51.464322,7.481219,172.17,16.04,0.00,198.02,0,-98,-14,0,0,43,0,0,143
724.06,1545056771,6236.07,51.464322,7.481219,172.17,16.04,0.00,198.02,0,-99,-15,0,0,43,0,0,141
725.06,1545056772,6252.22,51.464178,7.481151,173.24,16.39,0.00,198.32,0,-98,-15,0,0,44,0,0,141
725.07,1545056772,6252.24,51.464178,7.481151,173.24,16.39,0.00,198.32,0,-98,-15,0,0,44,0,0,143
726.06,1545056773,6268.50,51.464028,7.481077,174.00,16.51,0.00,197.54,0,-98,-15,0,0,44,0,0,141
726.06,1545056773,6268.51,51.464028,7.481077,174.00,16.51,0.00,197.54,0,-98,-15,0,0,44,0,0,143
727.06,1545056774,6285.00,51.463884,7.481013,174.67,15.86,0.00,196.84,0,-98,-15,0,0,44,0,0,141
727.06,1545056774,6285.00,51.463884,7.481013,174.67,15.86,0.00,196.84,0,-98,-15,0,0,44,0,0,143
728.06,1545056775,6300.85,51.463747,7.480953,175.21,15.35,0.00,196.60,0,-96,-11,0,0,41,0,0,143
728.06,1545056775,6300.86,51.463747,7.480953,175.21,15.35,0.00,196.60,0,-96,-11,0,0,41,0,0,141
729.05,1545056776,6316.13,51.463617,7.480892,175.78,15.00,0.00,196.68,0,-96,-11,0,0,41,0,0,143
729.05,1545056776,6316.15,51.463617,7.480892,175.78,15.00,0.00,196.68,0,-96,-11,0,0,41,0,0,141
730.06,1545056777,6331.21,51.463491,7.480831,176.27,14.78,0.00,196.47,0,-89,-8,0,0,46,0,0,143
730.06,1545056777,6331.21,51.463491,7.480831,176.27,14.78,0.00,196.47,0,-93,-14,0,0,46,0,0,141
731.06,1545056778,6345.99,51.463366,7.480771,176.67,14.66,0.00,196.15,0,-89,-8,0,0,46,0,0,143
731.06,1545056778,6346.00,51.463366,7.480771,176.67,14.66,0.00,196.15,0,-93,-14,0,0,46,0,0,141
732.06,1545056779,6360.65,51.463244,7.480713,176.81,14.46,0.00,196.25,0,-93,-9,0,0,43,0,0,289
732.06,1545056779,6360.66,51.463244,7.480713,176.81,14.46,0.00,196.25,0,-99,-15,0,0,43,0,0,141
733.06,1545056780,6375.13,51.463124,7.480663,177.09,14.57,0.00,195.63,0,-93,-9,0,0,43,0,0,289
733.06,1545056780,6375.13,51.463124,7.480663,177.09,14.57,0.00,195.63,0,-99,-15,0,0,43,0,0,141
734.06,1545056781,6389.68,51.462996,7.480605,177.59,14.95,0.00,196.17,0,-93,-8,0,0,41,0,0,289
735.06,1545056782,6404.65,51.462868,7.480549,178.17,14.72,0.00,196.45,0,-93,-8,0,0,41,0,0,289
736.05,1545056783,6419.29,51.462745,7.480493,178.78,14.13,0.00,195.67,0,-92,-10,0,0,44,0,0,289
737.06,1545056784,6433.48,51.462628,7.480440,179.35,12.86,0.00,195.11,0,-92,-10,0,0,44,0,0,289
738.06,1545056785,6446.31,51.462521,7.480396,179.86,11.04,0.00,194.54,0,-93,-14,0,0,48,0,0,289
739.06,1545056786,6457.36,51.462434,7.480355,180.47,9.58,0.00,195.19,0,-93,-14,0,0,48,0,0,289
740.06,1545056787,6466.94,51.462364,7.480321,181.03,7.30,0.00,196.01,0,-97,-17,0,0,47,0,0,289
741.06,1545056788,6474.23,51.462312,7.480294,181.46,5.34,0.00,196.06,0,-97,-17,0,0,47,0,0,289
742.06,1545056789,6479.57,51.462273,7.480276,181.49,3.92,0.00,197.05,0,-98,-17,0,0,46,0,0,289
743.06,1545056790,6483.49,51.462246,7.480265,181.50,2.72,0.00,194.45,0,-98,-17,0,0,46,0,0,289
744.06,1545056791,6486.21,51.462225,7.480262,181.49,1.18,0.00,181.35,0,-99,-16,0,0,44,0,0,289
745.06,1545056792,6487.39,51.462212,7.480255,181.46,1.28,0.00,199.06,0,-99,-16,0,0,44,0,0,289
746.07,1545056793,6488.68,51.462195,7.480247,181.42,2.84,0.00,198.03,0,-99,-18,0,0,46,0,0,289
747.06,1545056794,6491.51,51.462159,7.480230,181.13,4.31,0.00,197.09,0,-99,-18,0,0,46,0,0,289
748.06,1545056795,6495.81,51.462105,7.480236,181.26,5.63,0.00,175.92,0,-99,-18,0,0,46,0,0,289
749.06,1545056796,6501.45,51.462069,7.480270,181.35,4.92,0.00,146.72,0,-98,-18,0,0,46,0,0,289
750.06,1545056797,6506.37,51.462061,7.480323,181.51,5.87,0.00,108.50,0,-98,-18,0,0,46,0,0,289
751.06,1545056798,6512.23,51.462054,7.480422,181.43,6.50,0.00,93.79,0,-100,-19,0,0,45,0,0,289
752.05,1545056799,6518.71,51.462054,7.480534,181.44,7.61,0.00,91.47,0,-100,-19,0,0,45,0,0,289
755.06,1545056802,6545.48,51.462057,7.480952,179.71,10.83,0.00,90.77,0,-104,-19,0,0,40,0,0,289
756.06,1545056803,6556.29,51.462057,7.481088,178.87,10.38,0.00,91.11,0,-104,-19,0,0,40,0,0,289
757.06,1545056804,6566.68,51.462055,7.481255,178.35,10.64,0.00,90.12,0,-102,-17,0,0,41,0,0,141
758.06,1545056805,6577.33,51.462054,7.481416,178.13,11.46,0.00,90.03,0,-102,-17,0,0,41,0,0,141
759.06,1545056806,6588.77,51.462052,7.481597,177.55,12.49,0.00,89.80,0,-102,-18,0,0,43,0,0,141
759.06,1545056806,6588.78,51.462052,7.481597,177.55,12.49,0.00,89.80,0,-102,-19,0,0,43,0,0,289
760.06,1545056807,6601.29,51.462047,7.481787,177.13,12.49,0.00,90.13,0,-102,-18,0,0,43,0,0,141
760.06,1545056807,6601.30,51.462047,7.481787,177.13,12.49,0.00,90.13,0,-102,-19,0,0,43,0,0,289
761.06,1545056808,6613.76,51.462042,7.481971,176.95,12.61,0.00,90.55,0,-104,-17,0,0,40,0,0,141
762.06,1545056809,6626.37,51.462036,7.482153,176.88,12.44,0.00,91.04,0,-104,-17,0,0,40,0,0,141
763.06,1545056810,6638.83,51.462028,7.482340,177.05,12.36,0.00,91.49,0,-101,-16,0,0,41,0,0,141
763.06,1545056810,6638.83,51.462028,7.482340,177.05,12.36,0.00,91.49,0,-103,-18,0,0,41,0,0,289
764.06,1545056811,6651.18,51.462021,7.482517,177.19,12.06,0.00,90.91,0,-101,-16,0,0,41,0,0,141
764.06,1545056811,6651.19,51.462021,7.482517,177.19,12.06,0.00,90.91,0,-103,-18,0,0,41,0,0,289
765.06,1545056812,6663.22,51.462014,7.482686,177.52,11.97,0.00,90.64,0,-100,-14,0,0,39,0,0,289
765.06,1545056812,6663.24,51.462014,7.482686,177.52,11.97,0.00,90.64,0,-103,-16,0,0,39,0,0,141
766.06,1545056813,6675.20,51.462009,7.482854,177.96,11.90,0.00,91.05,0,-100,-14,0,0,39,0,0,289
766.06,1545056813,6675.22,51.462009,7.482854,177.96,11.90,0.00,91.05,0,-103,-16,0,0,39,0,0,141
767.07,1545056814,6687.20,51.462006,7.483039,178.06,12.08,0.00,90.61,0,-102,-15,0,0,39,0,0,141
767.07,1545056814,6687.22,51.462006,7.483039,178.06,12.08,0.00,90.61,0,-103,-15,0,0,38,0,0,289
767.07,1545056814,6687.23,51.462006,7.483039,178.06,12.08,0.00,90.61,0,-106,-19,0,0,39,0,0,376
768.06,1545056815,6699.19,51.462005,7.483209,177.79,12.16,0.00,90.29,0,-102,-15,0,0,39,0,0,141
768.06,1545056815,6699.20,51.462005,7.483209,177.79,12.16,0.00,90.29,0,-103,-15,0,0,38,0,0,289
768.06,1545056815,6699.22,51.462005,7.483209,177.79,12.16,0.00,90.29,0,-106,-19,0,0,39,0,0,376
769.06,1545056816,6711.36,51.462002,7.483371,176.98,11.39,0.00,91.83,0,-102,-15,0,0,39,0,0,141
769.06,1545056816,6711.36,51.462002,7.483371,176.98,11.39,0.00,91.83,0,-103,-15,0,0,38,0,0,289
769.06,1545056816,6711.37,51.462002,7.483371,176.98,11.39,0.00,91.83,0,-106,-19,0,0,39,0,0,376
770.06,1545056817,6722.76,51.461995,7.483524,176.23,10.81,0.00,94.60,0,-98,-15,0,0,43,0,0,289
770.06,1545056817,6722.77,51.461995,7.483524,176.23,10.81,0.00,94.60,0,-101,-17,0,0,43,0,0,141
770.06,1545056817,6722.78,51.461995,7.483524,176.23,10.81,0.00,94.60,0,-101,-20,0,0,44,0,0,376
770.06,1545056817,6722.79,51.461995,7.483524,176.23,10.81,0.00,94.60,0,-225,-225,0,0,63,0,0,432
770.06,1545056817,6722.80,51.461995,7.483524,176.23,10.81,0.00,94.60,0,-225,-225,0,0,63,0,0,276
771.06,1545056818,6733.55,51.461984,7.483718,175.29,10.81,0.00,92.90,0,-98,-15,0,0,43,0,0,289
771.06,1545056818,6733.58,51.461984,7.483718,175.29,10.81,0.00,92.90,0,-101,-17,0,0,43,0,0,141
771.06,1545056818,6733.59,51.461984,7.483718,175.29,10.81,0.00,92.90,0,-101,-20,0,0,44,0,0,376
771.06,1545056818,6733.60,51.461984,7.483718,175.29,10.81,0.00,92.90,0,-225,-225,0,0,63,0,0,432
771.06,1545056818,6733.61,51.461984,7.483718,175.29,10.81,0.00,92.90,0,-225,-225,0,0,63,0,0,276
772.06,1545056819,6744.37,51.461981,7.483894,172.78,11.15,0.00,92.52,0,-107,-20,0,0,38,0,0,289
773.05,1545056820,6755.45,51.461974,7.484020,172.66,8.88,0.00,94.01,0,-107,-20,0,0,38,0,0,289
793.06,1545056840,7017.94,51.459727,7.484445,189.96,15.00,0.00,187.86,0,-82,-15,0,0,59,0,0,143
794.06,1545056841,7032.94,51.459591,7.484400,190.43,15.58,0.00,188.53,0,-82,-15,0,0,59,0,0,143
795.06,1545056842,7048.54,51.459443,7.484346,191.07,15.45,0.00,189.06,0,-80,-14,0,0,60,0,0,143
795.06,1545056842,7048.55,51.459443,7.484346,191.07,15.45,0.00,189.06,0,-83,-16,0,0,60,0,0,142
796.06,1545056843,7063.99,51.459303,7.484299,191.83,15.35,0.00,189.41,0,-80,-14,0,0,60,0,0,143
796.06,1545056843,7064.01,51.459303,7.484299,191.83,15.35,0.00,189.41,0,-83,-16,0,0,60,0,0,142
797.06,1545056844,7079.32,51.459178,7.484260,192.51,14.57,0.00,190.04,0,-72,-12,0,0,63,0,0,143
798.06,1545056845,7093.92,51.459043,7.484213,192.97,14.43,0.00,190.28,0,-72,-12,0,0,63,0,0,143
803.06,1545056850,7164.02,51.458417,7.483994,197.01,13.30,0.00,191.65,0,-78,-14,0,0,62,0,0,142
804.06,1545056851,7177.32,51.458298,7.483955,197.38,13.40,0.00,191.03,0,-78,-14,0,0,62,0,0,142
805.05,1545056852,7190.71,51.458176,7.483914,198.07,13.79,0.00,191.62,0,-77,-12,0,0,62,0,0,142
806.05,1545056853,7204.50,51.458058,7.483874,198.81,12.81,0.00,191.27,0,-77,-12,0,0,62,0,0,142
807.06,1545056854,7217.32,51.457934,7.483827,200.16,13.84,0.00,192.10,0,-79,-11,0,0,58,0,0,142
808.06,1545056855,7231.17,51.457807,7.483779,201.32,14.04,0.00,191.73,0,-79,-11,0,0,58,0,0,142
809.06,1545056856,7245.30,51.457679,7.483730,202.48,14.08,0.00,191.75,0,-81,-11,0,0,56,0,0,142
810.06,1545056857,7259.28,51.457552,7.483690,204.12,13.63,0.00,191.57,0,-81,-11,0,0,56,0,0,142
811.06,1545056858,7272.92,51.457426,7.483646,205.62,14.44,0.00,190.82,0,-81,-11,0,0,56,0,0,142
812.06,1545056859,7287.40,51.457280,7.483606,207.09,15.21,0.00,189.96,0,-82,-13,0,0,57,0,0,142
813.08,1545056860,7302.86,51.457149,7.483563,208.69,15.53,0.00,190.54,0,-82,-13,0,0,57,0,0,142
814.06,1545056861,7318.10,51.457015,7.483516,210.21,15.91,0.00,190.87,0,-90,-15,0,0,52,0,0,289
814.06,1545056861,7318.12,51.457015,7.483516,210.21,15.91,0.00,190.87,0,-93,-18,0,0,52,0,0,143
815.06,1545056862,7334.03,51.456872,7.483474,211.53,16.50,0.00,190.40,0,-90,-15,0,0,52,0,0,289
815.06,1545056862,7334.04,51.456872,7.483474,211.53,16.50,0.00,190.40,0,-93,-18,0,0,52,0,0,143
816.06,1545056863,7350.49,51.456736,7.483429,212.73,16.48,0.00,190.06,0,-87,-12,0,0,51,0,0,289
816.06,1545056863,7350.51,51.456736,7.483429,212.73,16.48,0.00,190.06,0,-94,-17,0,0,49,0,0,143
817.06,1545056864,7367.02,51.456596,7.483386,213.68,16.76,0.00,189.57,0,-87,-12,0,0,51,0,0,289
817.06,1545056864,7367.04,51.456596,7.483386,213.68,16.76,0.00,189.57,0,-94,-17,0,0,49,0,0,143
818.06,1545056865,7383.80,51.456436,7.483348,214.18,16.53,0.00,188.74,0,-90,-13,0,0,49,0,0,289
818.06,1545056865,7383.81,51.456436,7.483348,214.18,16.53,0.00,188.74,0,-96,-20,0,0,49,0,0,290
819.06,1545056866,7400.27,51.456281,7.483319,214.58,15.68,0.00,187.41,0,-90,-13,0,0,49,0,0,289
819.06,1545056866,7400.29,51.456281,7.483319,214.58,15.68,0.00,187.41,0,-96,-20,0,0,49,0,0,290
851.06,1545056898,7909.46,51.452397,7.486630,235.12,14.77,0.00,141.28,0,-108,-14,0,0,32,0,0,429
852.05,1545056899,7924.08,51.452283,7.486769,235.59,14.84,0.00,143.21,0,-108,-14,0,0,32,0,0,429
853.06,1545056900,7938.96,51.452173,7.486893,235.90,15.00,0.00,145.47,0,-108,-14,0,0,32,0,0,429
854.06,1545056901,7953.98,51.452054,7.487016,236.63,15.07,0.00,147.53,0,-110,-15,0,0,31,0,0,429
854.06,1545056901,7953.99,51.452054,7.487016,236.63,15.07,0.00,147.53,0,-114,-17,0,0,31,0,0,465
854.06,1545056901,7954.01,51.452054,7.487016,236.63,15.07,0.00,147.53,0,-114,-19,0,0,32,0,0,290
855.06,1545056902,7969.04,51.451937,7.487126,237.53,14.97,0.00,149.84,0,-110,-15,0,0,31,0,0,429
855.06,1545056902,7969.04,51.451937,7.487126,237.53,14.97,0.00,149.84,0,-114,-17,0,0,31,0,0,465
855.06,1545056902,7969.06,51.451937,7.487126,237.53,14.97,0.00,149.84,0,-114,-19,0,0,32,0,0,290
856.06,1545056903,7984.02,51.451814,7.487229,238.46,15.62,0.00,151.97,0,-113,-17,0,0,29,0,0,290
856.06,1545056903,7984.03,51.451814,7.487229,238.46,15.62,0.00,151.97,0,-114,-18,0,0,30,0,0,289
856.06,1545056903,7984.03,51.451814,7.487229,238.46,15.62,0.00,151.97,0,-114,-16,0,0,30,0,0,465
857.06,1545056904,7999.65,51.451691,7.487321,239.26,15.47,0.00,154.16,0,-113,-17,0,0,29,0,0,290
857.06,1545056904,7999.65,51.451691,7.487321,239.26,15.47,0.00,154.16,0,-114,-18,0,0,30,0,0,289
857.06,1545056904,7999.67,51.451691,7.487321,239.26,15.47,0.00,154.16,0,-114,-16,0,0,30,0,0,465
858.06,1545056905,8015.11,51.451573,7.487402,240.05,13.86,0.00,156.64,0,-108,-14,0,0,33,0,0,429
858.06,1545056905,8015.11,51.451573,7.487402,240.05,13.86,0.00,156.64,0,-110,-16,0,0,33,0,0,290
858.06,1545056905,8015.12,51.451573,7.487402,240.05,13.86,0.00,156.64,0,-112,-18,0,0,32,0,0,465
859.06,1545056906,8028.96,51.451456,7.487477,241.05,13.54,0.00,157.12,0,-108,-14,0,0,33,0,0,429
859.06,1545056906,8028.96,51.451456,7.487477,241.05,13.54,0.00,157.12,0,-110,-16,0,0,33,0,0,290
859.06,1545056906,8028.98,51.451456,7.487477,241.05,13.54,0.00,157.12,0,-112,-18,0,0,32,0,0,465
860.05,1545056907,8042.40,51.451338,7.487549,242.14,13.41,0.00,157.35,0,-110,-14,0,0,30,0,0,429
860.05,1545056907,8042.40,51.451338,7.487549,242.14,13.41,0.00,157.35,0,-112,-17,0,0,30,0,0,289
860.05,1545056907,8042.40,51.451338,7.487549,242.14,13.41,0.00,157.35,0,-112,-17,0,0,30,0,0,290
