time_s,timestamp_ms,distance_m,latitude,longitude,altitude,velocity_mps,acceleration_mpss,direction,isRegistered,rsrp_dbm,rsrq_db,rssnr_db,cqi,ss,ta,ci,pci
0.09,1547646475,0.00,51.490350,7.412490,165.51,7.28,0.00,72.47,1,-98,-11,1,7,39,7,13828122,452
1.09,1547646476,7.31,51.490380,7.412602,166.56,7.86,0.57,75.00,1,-93,-10,3,8,42,7,13828122,452
2.09,1547646477,15.18,51.490406,7.412732,167.21,9.31,1.45,76.11,1,-93,-10,3,8,42,7,13828122,452
3.09,1547646478,24.48,51.490423,7.412868,167.79,10.33,1.02,77.46,1,-94,-8,2,7,39,7,13828122,452
4.09,1547646479,34.80,51.490427,7.413006,168.03,10.33,0.00,76.82,1,-94,-8,2,7,39,7,13828122,452
5.09,1547646480,45.13,51.490432,7.413158,168.07,11.21,0.88,80.39,1,-94,-9,2,7,39,7,13828122,452
6.09,1547646481,56.34,51.490430,7.413313,168.63,11.47,0.26,81.36,1,-94,-9,2,7,39,7,13828122,452
7.10,1547646482,67.89,51.490436,7.413475,167.99,11.58,0.11,80.81,1,-98,-9,-5,7,36,7,13828122,452
8.09,1547646483,79.38,51.490448,7.413640,167.28,11.90,0.32,80.15,1,-98,-9,-5,7,36,7,13828122,452
9.09,1547646484,91.28,51.490468,7.413820,166.09,12.82,0.92,79.50,1,-98,-9,-5,7,36,7,13828122,452
10.09,1547646485,104.11,51.490486,7.414010,164.81,13.60,0.78,78.82,1,-102,-11,-3,4,34,7,13828122,452
11.09,1547646486,117.70,51.490509,7.414211,163.47,14.39,0.79,77.90,1,-102,-11,-3,4,34,7,13828122,452
12.09,1547646487,132.09,51.490536,7.414421,162.12,15.09,0.70,78.31,1,-101,-12,-3,6,38,7,13828122,452
13.09,1547646488,147.20,51.490563,7.414638,160.38,15.30,0.22,79.16,1,-101,-12,-3,6,38,7,13828122,452
14.09,1547646489,162.52,51.490594,7.414853,158.58,15.05,-0.25,79.82,1,-102,-15,-5,5,38,7,13828122,452
15.09,1547646490,177.57,51.490619,7.415066,157.37,15.03,-0.03,80.38,1,-102,-15,-5,5,38,7,13828122,452
16.09,1547646491,192.60,51.490639,7.415276,156.47,14.95,-0.08,81.49,1,-102,-17,-8,4,40,7,13828122,452
17.09,1547646492,207.53,51.490656,7.415493,155.80,14.98,0.03,83.12,1,-102,-17,-8,4,40,7,13828122,452
18.09,1547646493,222.53,51.490668,7.415700,155.10,14.21,-0.77,85.32,1,-101,-16,-8,4,39,7,13416987,452
19.09,1547646494,236.71,51.490671,7.415905,154.52,14.15,-0.06,87.34,1,-101,-16,-8,4,39,7,13416987,452
20.09,1547646495,250.87,51.490662,7.416122,154.11,15.03,0.88,90.45,1,-98,-13,-4,5,37,7,13416987,62
21.09,1547646496,265.93,51.490643,7.416336,154.22,15.31,0.28,93.29,1,-98,-13,-4,5,37,7,13416987,62
22.09,1547646497,281.23,51.490618,7.416533,154.60,13.79,-1.52,96.29,1,-97,-12,2,6,40,7,13416987,62
23.09,1547646498,295.02,51.490598,7.416696,154.86,11.32,-2.47,98.71,1,-97,-12,2,6,40,7,13416987,62
24.09,1547646499,306.33,51.490573,7.416849,155.09,10.83,-0.48,101.50,1,-96,-13,3,5,42,7,13416987,62
25.09,1547646500,317.16,51.490553,7.416970,155.11,8.37,-2.46,102.34,1,-96,-13,3,5,42,7,13416987,62
26.09,1547646501,325.54,51.490531,7.417073,155.12,7.11,-1.26,104.17,1,-97,-13,3,9,41,7,13416987,62
27.09,1547646502,332.66,51.490481,7.417157,154.79,7.30,0.19,132.60,1,-97,-13,3,9,41,7,13416987,62
28.10,1547646503,340.02,51.490398,7.417204,153.54,9.05,1.74,165.22,1,-98,-13,3,5,40,7,13416987,62
29.09,1547646504,348.99,51.490307,7.417242,152.32,10.28,1.24,166.49,1,-98,-13,3,5,40,7,13416987,62
30.09,1547646505,359.27,51.490208,7.417281,151.27,11.40,1.12,167.27,1,-98,-13,3,5,40,7,13416987,62
31.09,1547646506,370.68,51.490104,7.417323,150.34,12.63,1.22,166.67,1,-98,-13,2,8,40,7,13416987,62
32.09,1547646507,383.31,51.489986,7.417370,149.85,13.39,0.77,165.97,1,-98,-13,2,8,40,7,13416987,62
33.09,1547646508,396.69,51.489863,7.417427,149.43,14.34,0.94,165.18,1,-96,-12,3,7,40,7,13416987,62
34.09,1547646509,411.05,51.489741,7.417483,149.27,14.96,0.63,166.11,1,-96,-12,3,7,40,7,13416987,62
35.09,1547646510,426.00,51.489592,7.417545,149.05,15.62,0.65,166.93,1,-94,-12,4,6,43,7,13416987,62
36.09,1547646511,441.62,51.489446,7.417603,148.79,16.29,0.67,167.87,1,-94,-12,4,6,43,7,13416987,62
37.09,1547646512,457.92,51.489296,7.417652,148.68,16.60,0.31,168.48,1,-95,-12,4,6,42,7,13416987,62
38.10,1547646513,474.53,51.489144,7.417697,148.17,16.30,-0.30,169.37,1,-95,-12,4,6,42,7,13416987,62
39.09,1547646514,490.82,51.488994,7.417735,147.81,16.07,-0.23,170.93,1,-99,-14,2,7,39,7,13416987,62
40.10,1547646515,506.90,51.488857,7.417759,147.91,15.91,-0.16,173.01,1,-99,-14,2,7,39,7,13416987,62
41.09,1547646516,522.78,51.488721,7.417769,147.99,15.91,-0.00,175.65,1,-101,-15,-2,6,39,7,13416987,62
42.09,1547646517,538.68,51.488587,7.417767,147.82,16.06,0.15,177.83,1,-101,-15,-2,6,39,7,13416987,62
43.10,1547646518,554.79,51.488443,7.417764,147.93,15.78,-0.28,179.23,1,-106,-17,-5,5,36,7,13416987,62
44.10,1547646519,570.55,51.488300,7.417754,148.22,16.05,0.28,180.56,1,-106,-17,-5,5,36,7,13416987,62
45.10,1547646520,586.61,51.488149,7.417742,148.72,16.12,0.07,181.05,1,-98,-13,-6,6,40,6,13416986,61
46.09,1547646521,602.70,51.487998,7.417728,148.74,16.23,0.11,180.32,1,-98,-13,-6,6,40,6,13416986,61
47.09,1547646522,618.95,51.487856,7.417727,149.01,16.31,0.08,178.77,1,-97,-11,-2,7,39,6,13416986,61
48.09,1547646523,635.25,51.487718,7.417737,149.36,16.30,-0.02,176.45,1,-97,-11,-2,7,39,6,13416986,61
49.10,1547646524,651.71,51.487572,7.417761,149.99,15.79,-0.50,172.98,1,-102,-14,-1,6,38,6,13416986,61
50.09,1547646525,667.36,51.487440,7.417846,149.83,16.06,0.27,157.68,1,-102,-14,-1,6,38,6,13416986,61
51.12,1547646526,683.90,51.487306,7.417941,149.26,15.78,-0.27,155.68,1,-103,-17,-5,4,39,6,13416986,61
52.10,1547646527,699.23,51.487195,7.418092,148.85,16.64,0.89,139.25,1,-103,-17,-5,4,39,6,13416986,61
53.09,1547646528,715.84,51.487095,7.418238,148.07,15.65,-0.99,137.26,1,-103,-17,-5,4,39,6,13416986,61
54.10,1547646529,731.51,51.486994,7.418392,147.19,15.27,-0.38,136.69,1,-106,-16,-5,5,35,6,13416986,61
55.10,1547646530,746.77,51.486896,7.418535,146.15,14.87,-0.39,138.25,1,-106,-16,-5,5,35,6,13416986,61
56.10,1547646531,761.65,51.486780,7.418639,144.93,14.15,-0.72,155.49,1,-105,-15,-4,5,35,6,13416986,61
57.09,1547646532,775.77,51.486659,7.418712,143.28,13.19,-0.96,158.82,1,-105,-15,-4,5,35,6,13416986,61
58.09,1547646533,788.95,51.486530,7.418730,141.89,12.85,-0.34,177.39,1,-100,-13,-2,9,38,6,13416986,61
59.09,1547646534,801.83,51.486406,7.418735,140.79,12.72,-0.13,180.28,1,-100,-13,-2,9,38,6,13416986,61
60.09,1547646535,814.54,51.486294,7.418721,140.17,12.38,-0.34,184.01,1,-100,-14,-1,7,38,6,13416986,61
61.09,1547646536,826.93,51.486184,7.418693,139.92,11.98,-0.40,187.27,1,-100,-14,-1,7,38,6,13416986,61
62.09,1547646537,838.91,51.486075,7.418654,140.22,11.18,-0.80,189.80,1,-97,-12,0,5,39,6,13416986,61
63.09,1547646538,850.08,51.485973,7.418618,140.69,11.09,-0.09,190.63,1,-97,-12,0,5,39,6,13416986,61
64.09,1547646539,861.16,51.485882,7.418584,141.22,10.65,-0.44,189.48,1,-97,-12,2,8,39,6,13416986,61
65.10,1547646540,871.84,51.485798,7.418564,141.60,10.42,-0.23,187.07,1,-97,-12,2,8,39,6,13416986,61
66.09,1547646541,882.23,51.485706,7.418555,141.77,10.24,-0.17,183.51,1,-103,-14,1,6,36,6,13416986,61
67.09,1547646542,892.47,51.485625,7.418583,142.20,10.20,-0.05,168.09,1,-103,-14,1,6,36,6,13416986,61
68.10,1547646543,902.70,51.485544,7.418613,142.45,9.85,-0.35,166.46,1,-104,-14,-1,6,35,6,13416986,61
69.10,1547646544,912.56,51.485467,7.418652,143.34,10.42,0.57,163.67,1,-104,-14,-1,6,35,6,13416986,61
70.09,1547646545,922.93,51.485394,7.418698,144.21,10.66,0.24,160.36,1,-103,-15,-3,5,37,6,13416986,61
71.09,1547646546,933.62,51.485322,7.418746,145.05,10.27,-0.38,157.91,1,-103,-15,-3,5,37,6,13416986,61
72.13,1547646547,944.29,51.485244,7.418801,145.67,10.28,0.01,156.73,1,-105,-16,-5,5,36,6,13416986,61
73.09,1547646548,954.17,51.485165,7.418858,146.15,10.50,0.23,157.18,1,-105,-16,-5,5,36,6,13416986,61
74.09,1547646549,964.66,51.485080,7.418904,146.65,10.34,-0.15,159.72,1,-105,-16,-5,5,36,6,13416986,61
75.10,1547646550,975.02,51.484974,7.418921,146.60,11.59,1.25,174.55,1,-104,-12,-4,7,32,6,13416986,61
76.10,1547646551,986.61,51.484856,7.418938,146.34,11.65,0.06,176.39,1,-104,-12,-4,7,32,6,13416986,61
77.10,1547646552,998.27,51.484737,7.418947,146.03,12.20,0.55,179.05,1,-107,-12,-2,5,30,6,13416986,61
78.10,1547646553,1010.47,51.484626,7.418943,146.29,12.47,0.26,182.94,1,-107,-12,-2,5,30,6,13416986,61
79.10,1547646554,1022.93,51.484524,7.418892,146.29,12.39,-0.07,198.51,1,-106,-13,-5,5,33,6,13416986,61
80.10,1547646555,1035.32,51.484420,7.418834,146.36,12.59,0.20,200.10,1,-106,-13,-5,5,33,6,13416986,61
81.10,1547646556,1047.91,51.484312,7.418763,146.34,13.19,0.60,202.72,1,-109,-16,-6,5,32,6,13416986,61
82.09,1547646557,1061.08,51.484198,7.418676,146.17,13.99,0.80,205.30,1,-109,-16,-6,5,32,6,13416986,61
83.10,1547646558,1075.08,51.484097,7.418585,145.69,14.15,0.16,207.67,1,-106,-16,-5,5,35,6,13416986,61
84.10,1547646559,1089.24,51.483981,7.418474,145.38,13.86,-0.29,210.26,1,-106,-16,-5,5,35,6,13416986,61
85.10,1547646560,1103.09,51.483859,7.418352,145.12,13.96,0.10,211.67,1,-106,-17,-8,4,35,6,13416986,61
86.10,1547646561,1117.12,51.483747,7.418237,144.80,13.83,-0.13,212.45,1,-106,-17,-8,4,35,6,13416986,61
87.09,1547646562,1130.87,51.483653,7.418131,144.56,13.29,-0.54,213.15,1,-104,-15,-6,5,35,17,13427483,146
88.09,1547646563,1144.14,51.483559,7.418025,144.45,13.53,0.25,212.84,1,-104,-15,-6,5,35,17,13427483,146
89.09,1547646564,1157.69,51.483467,7.417922,144.49,13.31,-0.22,212.83,1,-102,-13,-2,6,36,17,13427483,146
90.10,1547646565,1171.01,51.483371,7.417813,144.75,13.31,0.01,212.15,1,-102,-13,-2,6,36,17,13427483,146
91.09,1547646566,1184.28,51.483264,7.417704,144.99,13.43,0.11,211.77,1,-101,-13,0,9,37,17,13427483,146
92.09,1547646567,1197.70,51.483155,7.417600,145.06,14.33,0.90,210.29,1,-101,-13,0,9,37,17,13427483,146
93.10,1547646568,1212.11,51.483043,7.417502,145.08,14.62,0.28,208.36,1,-98,-12,3,7,39,17,13427483,146
94.09,1547646569,1226.63,51.482920,7.417405,145.39,14.96,0.35,206.48,1,-98,-12,3,7,39,17,13427483,146
95.09,1547646570,1241.62,51.482791,7.417313,145.64,14.88,-0.09,204.72,1,-98,-12,3,7,39,17,13427483,146
96.09,1547646571,1256.50,51.482665,7.417229,145.87,14.93,0.06,203.53,1,-98,-12,2,6,38,17,13427483,146
97.09,1547646572,1271.42,51.482541,7.417147,146.15,14.87,-0.06,202.69,1,-98,-12,2,6,38,17,13427483,146
98.09,1547646573,1286.29,51.482424,7.417075,146.41,14.21,-0.67,201.84,1,-97,-13,2,9,38,17,13427483,146
99.09,1547646574,1300.52,51.482309,7.417009,146.65,13.70,-0.51,200.71,1,-97,-13,2,9,38,17,13427483,146
100.10,1547646575,1314.25,51.482196,7.416949,146.98,13.43,-0.26,199.65,1,-99,-10,2,5,35,17,13427483,146
101.09,1547646576,1327.65,51.482086,7.416891,147.42,12.74,-0.69,199.25,1,-99,-10,2,5,35,17,13427483,146
102.10,1547646577,1340.42,51.481982,7.416837,147.85,12.19,-0.55,200.00,1,-98,-10,1,5,37,17,13427483,146
103.09,1547646578,1352.59,51.481883,7.416780,148.07,10.47,-1.72,200.99,1,-98,-10,1,5,37,17,13427483,146
104.09,1547646579,1363.06,51.481794,7.416728,148.25,8.93,-1.54,201.14,1,-98,-14,-1,7,40,17,13427483,146
105.10,1547646580,1372.00,51.481721,7.416686,148.51,7.45,-1.48,201.13,1,-98,-14,-1,7,40,17,13427483,146
106.09,1547646581,1379.44,51.481664,7.416653,148.70,5.58,-1.87,201.38,1,-97,-13,-1,6,41,17,13427483,146
107.10,1547646582,1385.03,51.481644,7.416638,148.70,2.97,-2.61,201.21,1,-97,-13,-1,6,41,17,13427483,146
108.09,1547646583,1387.99,51.481644,7.416638,148.71,0.00,-2.97,201.21,1,-98,-15,-4,5,43,17,13427483,146
109.09,1547646584,1387.99,51.481644,7.416638,148.71,0.00,0.00,201.21,1,-98,-15,-4,5,43,17,13427483,146
110.09,1547646585,1387.99,51.481644,7.416638,148.70,0.00,0.00,201.21,1,-93,-11,-2,7,43,10,13884185,27
111.09,1547646586,1387.99,51.481644,7.416638,148.70,0.00,0.00,201.21,1,-93,-11,-2,7,43,10,13884185,27
112.09,1547646587,1387.99,51.481644,7.416638,148.71,0.00,0.00,201.21,1,-93,-11,0,6,43,10,13884185,27
113.09,1547646588,1387.99,51.481644,7.416638,148.73,0.00,0.00,201.21,1,-93,-11,0,6,43,10,13884185,27
114.10,1547646589,1387.99,51.481644,7.416638,148.75,0.00,0.00,201.21,1,-93,-9,1,7,42,10,13884185,27
115.09,1547646590,1387.99,51.481644,7.416638,148.79,0.00,0.00,201.21,1,-93,-9,1,7,42,10,13884185,27
116.10,1547646591,1387.99,51.481644,7.416638,148.83,0.00,0.00,201.21,1,-93,-9,1,7,42,10,13884185,27
117.09,1547646592,1387.99,51.481644,7.416638,148.86,0.00,0.00,201.21,1,-95,-11,0,5,41,10,13884185,27
118.09,1547646593,1387.99,51.481644,7.416638,148.90,0.00,0.00,201.21,1,-95,-11,0,5,41,10,13884185,27
119.09,1547646594,1387.99,51.481644,7.416638,148.94,0.00,0.00,201.21,1,-95,-11,-1,5,41,10,13884185,27
120.09,1547646595,1387.99,51.481644,7.416638,148.98,0.00,0.00,201.21,1,-95,-11,-1,5,41,10,13884185,27
121.09,1547646596,1387.99,51.481644,7.416638,149.02,0.00,0.00,201.21,1,-95,-10,-1,5,40,10,13884185,27
122.09,1547646597,1387.99,51.481644,7.416638,149.06,0.00,0.00,201.21,1,-95,-10,-1,5,40,10,13884185,27
123.09,1547646598,1387.99,51.481644,7.416638,149.10,0.00,0.00,201.21,1,-95,-12,-4,6,41,10,13884185,27
124.09,1547646599,1387.99,51.481644,7.416638,149.14,0.00,0.00,201.21,1,-95,-12,-4,6,41,10,13884185,27
125.10,1547646600,1387.99,51.481644,7.416638,149.19,0.00,0.00,201.21,1,-98,-13,-4,7,39,10,13884185,27
126.09,1547646601,1387.99,51.481644,7.416638,149.23,0.00,0.00,201.21,1,-98,-13,-4,7,39,10,13884185,27
127.09,1547646602,1387.99,51.481644,7.416638,149.26,0.00,0.00,201.21,1,-95,-14,-3,6,43,10,13884185,27
128.10,1547646603,1387.99,51.481644,7.416638,149.30,0.00,0.00,201.21,1,-95,-14,-3,6,43,10,13884185,27
129.09,1547646604,1387.99,51.481644,7.416638,149.34,0.00,0.00,201.21,1,-93,-12,-2,5,42,10,13884185,27
130.09,1547646605,1387.99,51.481644,7.416638,149.37,0.00,0.00,201.21,1,-93,-12,-2,5,42,10,13884185,27
131.09,1547646606,1387.99,51.481644,7.416638,149.40,0.00,0.00,201.21,1,-93,-10,0,6,41,10,13884185,27
132.10,1547646607,1387.99,51.481644,7.416638,149.44,0.00,0.00,201.21,1,-93,-10,0,6,41,10,13884185,27
133.10,1547646608,1387.99,51.481644,7.416638,149.47,0.00,0.00,201.21,1,-92,-13,-1,7,46,10,13884185,27
134.09,1547646609,1387.99,51.481644,7.416638,149.50,0.00,0.00,201.21,1,-92,-13,-1,7,46,10,13884185,27
135.09,1547646610,1387.99,51.481644,7.416638,149.53,0.00,0.00,201.21,1,-94,-13,-3,7,43,10,13884185,27
136.09,1547646611,1387.99,51.481644,7.416638,149.56,0.00,0.00,201.21,1,-94,-13,-3,7,43,10,13884185,27
137.10,1547646612,1387.99,51.481644,7.416638,149.58,0.00,0.00,201.21,1,-94,-12,-2,5,42,10,13884185,27
138.09,1547646613,1387.99,51.481644,7.416638,149.81,0.00,0.00,201.21,1,-94,-12,-2,5,42,10,13884185,27
139.10,1547646614,1387.99,51.481644,7.416638,150.03,0.00,0.00,200.56,1,-94,-12,-2,5,42,10,13884185,27
140.09,1547646615,1387.99,51.481644,7.416638,151.78,0.00,0.00,181.92,1,-94,-14,-2,7,45,10,13884185,27
141.09,1547646616,1387.99,51.481486,7.416649,152.85,6.37,0.00,149.13,1,-94,-14,-2,7,45,10,13884185,27
142.09,1547646617,1394.35,51.481443,7.416735,153.33,8.02,1.65,127.14,1,-85,-12,2,7,52,10,13884185,27
143.09,1547646618,1402.39,51.481421,7.416836,153.53,8.83,0.81,110.46,1,-85,-12,2,7,52,10,13884185,27
144.09,1547646619,1411.21,51.481422,7.416965,153.27,10.30,1.48,90.20,1,-84,-12,5,7,52,10,13884185,27
145.10,1547646620,1421.55,51.481431,7.417112,153.37,11.33,1.03,86.98,1,-84,-12,5,7,52,10,13884185,27
146.09,1547646621,1432.85,51.481441,7.417263,153.35,12.48,1.15,84.12,1,-90,-12,5,6,48,10,13884185,27
147.09,1547646622,1445.32,51.481457,7.417434,152.95,13.76,1.29,82.42,1,-90,-12,5,6,48,10,13884185,27
148.09,1547646623,1459.12,51.481481,7.417643,152.60,14.86,1.09,82.79,1,-91,-13,2,6,47,10,13884185,27
149.10,1547646624,1474.00,51.481494,7.417850,152.20,15.86,1.00,83.44,1,-91,-13,2,6,47,10,13884185,27
150.09,1547646625,1489.83,51.481504,7.418058,152.31,15.73,-0.12,84.08,1,-92,-13,1,8,46,10,13884185,27
151.09,1547646626,1505.56,51.481518,7.418297,152.25,16.23,0.50,85.56,1,-92,-13,1,8,46,10,13884185,27
152.09,1547646627,1521.77,51.481528,7.418529,152.10,16.20,-0.04,85.81,1,-91,-14,0,4,48,10,13884185,27
153.09,1547646628,1537.99,51.481544,7.418774,151.53,16.97,0.77,85.29,1,-91,-14,0,4,48,10,13884185,27
154.09,1547646629,1554.91,51.481556,7.419011,150.46,16.05,-0.93,86.07,1,-96,-16,-4,5,45,11,13884185,27
155.09,1547646630,1570.97,51.481568,7.419260,149.45,16.85,0.80,86.87,1,-96,-16,-4,5,45,11,13884185,27
156.09,1547646631,1587.81,51.481575,7.419517,148.57,17.46,0.61,85.95,1,-90,-11,-3,6,45,11,13495579,134
157.09,1547646632,1605.32,51.481588,7.419766,147.81,17.15,-0.31,85.20,1,-90,-11,-3,6,45,11,13495579,134
158.10,1547646633,1622.64,51.481601,7.420009,147.08,17.27,0.12,85.43,1,-97,-18,-5,4,45,11,13495579,134
159.09,1547646634,1639.73,51.481614,7.420251,146.24,17.13,-0.14,84.89,1,-97,-18,-5,4,45,11,13495579,134
160.10,1547646635,1656.88,51.481628,7.420517,145.54,17.92,0.79,84.08,1,-97,-18,-5,4,45,11,13495579,134
161.10,1547646636,1674.81,51.481645,7.420784,145.15,18.33,0.41,83.08,1,-100,-19,-10,3,44,13,13495577,134
162.10,1547646637,1693.13,51.481672,7.421036,145.28,18.18,-0.15,81.28,1,-100,-19,-10,3,44,13,13495577,134
163.09,1547646638,1711.27,51.481699,7.421317,144.86,18.66,0.48,80.29,1,-92,-11,-5,9,44,13,13495577,135
164.09,1547646639,1729.93,51.481731,7.421577,144.23,18.88,0.22,79.34,1,-92,-11,-5,9,44,13,13495577,135
165.10,1547646640,1748.85,51.481765,7.421852,143.01,19.03,0.15,78.43,1,-98,-14,-3,5,41,13,13495577,135
166.10,1547646641,1767.88,51.481799,7.422122,141.59,19.02,-0.01,79.10,1,-98,-14,-3,5,41,13,13495577,135
167.10,1547646642,1786.92,51.481833,7.422400,140.39,19.12,0.10,79.49,1,-107,-20,-10,1,38,13,13495577,135
168.10,1547646643,1806.05,51.481868,7.422692,139.12,19.41,0.29,78.91,1,-107,-20,-10,1,38,13,13495577,135
169.10,1547646644,1825.42,51.481908,7.422977,138.19,19.32,-0.09,78.33,1,-95,-16,-5,5,46,17,13884417,385
170.10,1547646645,1844.74,51.481943,7.423236,137.43,19.24,-0.08,78.49,1,-95,-16,-5,5,46,17,13884417,385
171.09,1547646646,1863.96,51.481982,7.423516,136.56,19.10,-0.13,77.71,1,-93,-14,-4,4,46,17,13884417,385
172.09,1547646647,1883.03,51.482019,7.423783,135.65,18.58,-0.52,78.59,1,-93,-14,-4,4,46,17,13884417,385
173.10,1547646648,1901.67,51.482046,7.424003,134.13,17.57,-1.01,78.21,1,-95,-15,-3,5,45,17,13884417,385
174.10,1547646649,1919.26,51.482082,7.424253,132.78,17.07,-0.50,77.80,1,-95,-15,-3,5,45,17,13884417,385
175.09,1547646650,1936.30,51.482115,7.424482,132.07,16.21,-0.86,77.39,1,-97,-16,-4,4,45,17,13884417,385
176.10,1547646651,1952.53,51.482150,7.424709,131.56,15.29,-0.92,78.13,1,-97,-16,-4,4,45,17,13884417,385
177.10,1547646652,1967.82,51.482180,7.424916,131.27,14.20,-1.09,78.25,1,-99,-16,-4,4,42,17,13884417,385
178.09,1547646653,1982.00,51.482203,7.425108,131.01,14.25,0.06,77.53,1,-99,-16,-4,4,42,17,13884417,385
179.10,1547646654,1996.38,51.482232,7.425319,131.08,14.14,-0.11,77.95,1,-97,-16,-5,5,44,17,13884417,385
180.09,1547646655,2010.39,51.482264,7.425527,131.39,14.65,0.52,76.98,1,-97,-16,-5,5,44,17,13884417,385
181.09,1547646656,2025.05,51.482295,7.425721,131.69,13.55,-1.10,75.73,1,-97,-16,-5,5,44,17,13884417,385
182.09,1547646657,2038.57,51.482321,7.425899,132.20,13.53,-0.02,77.42,1,-97,-17,-6,6,46,17,13884417,385
183.09,1547646658,2052.10,51.482349,7.426090,132.60,13.86,0.33,77.84,1,-97,-17,-6,6,46,17,13884417,385
184.09,1547646659,2065.97,51.482381,7.426302,132.82,13.70,-0.16,76.80,1,-94,-15,-5,7,45,17,13884417,385
185.09,1547646660,2079.68,51.482411,7.426499,133.11,13.85,0.15,77.32,1,-94,-15,-5,7,45,17,13884417,385
186.09,1547646661,2093.54,51.482436,7.426689,133.04,13.99,0.14,77.83,1,-95,-15,-3,5,45,17,13884417,385
187.09,1547646662,2107.52,51.482458,7.426880,133.20,13.65,-0.34,78.71,1,-95,-15,-3,5,45,17,13884417,385
188.10,1547646663,2121.20,51.482482,7.427076,133.60,13.33,-0.31,79.36,1,-93,-14,-2,5,47,17,13884417,385
189.10,1547646664,2134.53,51.482511,7.427283,134.26,13.05,-0.29,79.46,1,-93,-14,-2,5,47,17,13884417,385
190.10,1547646665,2147.58,51.482527,7.427475,135.18,13.29,0.24,81.46,1,-93,-14,-1,5,46,17,13884417,385
191.10,1547646666,2160.87,51.482538,7.427669,135.37,12.91,-0.38,83.01,1,-93,-14,-1,5,46,17,13884417,385
192.10,1547646667,2173.79,51.482551,7.427871,135.51,13.48,0.57,83.42,1,-95,-15,-2,6,46,17,13884417,385
193.09,1547646668,2187.24,51.482561,7.428062,135.50,11.68,-1.80,85.39,1,-95,-15,-2,6,46,17,13884417,385
194.10,1547646669,2198.93,51.482569,7.428233,135.66,10.56,-1.12,85.81,1,-95,-15,-2,5,45,17,13884417,385
195.10,1547646670,2209.58,51.482573,7.428285,135.67,1.95,-8.55,79.12,1,-95,-15,-2,5,45,17,13884417,385
196.09,1547646671,2211.51,51.482573,7.428285,135.66,0.00,-1.96,79.12,1,-94,-15,-3,6,46,17,13884417,385
197.09,1547646672,2211.51,51.482573,7.428285,135.66,0.00,0.00,79.12,1,-94,-15,-3,6,46,17,13884417,385
198.09,1547646673,2211.51,51.482573,7.428285,135.66,0.00,0.00,79.12,1,-93,-15,-2,5,48,17,13884417,385
199.10,1547646674,2211.51,51.482573,7.428285,135.66,0.00,0.00,79.12,1,-93,-15,-2,5,48,17,13884417,385
200.10,1547646675,2211.51,51.482573,7.428285,135.66,0.00,0.00,79.12,1,-93,-15,-3,5,48,17,13884417,385
201.10,1547646676,2211.51,51.482573,7.428285,135.67,0.00,0.00,79.12,1,-93,-15,-3,5,48,17,13884417,385
202.09,1547646677,2211.51,51.482573,7.428285,135.69,0.00,0.00,79.12,1,-93,-15,-3,5,48,17,13884417,385
203.10,1547646678,2211.51,51.482573,7.428285,135.71,0.00,0.00,79.12,1,-93,-15,-3,5,47,17,13884417,385
204.10,1547646679,2211.51,51.482573,7.428285,135.73,0.00,0.00,79.12,1,-93,-15,-3,5,47,17,13884417,385
205.10,1547646680,2211.51,51.482573,7.428285,135.76,0.00,0.00,79.12,1,-91,-14,-2,5,48,17,13884417,385
206.09,1547646681,2211.51,51.482573,7.428285,135.78,0.00,0.00,79.12,1,-91,-14,-2,5,48,17,13884417,385
207.10,1547646682,2211.51,51.482573,7.428285,135.79,0.00,0.00,79.12,1,-92,-15,-2,5,47,17,13884417,385
208.10,1547646683,2211.51,51.482573,7.428285,135.81,0.00,0.00,79.12,1,-92,-15,-2,5,47,17,13884417,385
209.10,1547646684,2211.51,51.482573,7.428285,135.83,0.00,0.00,79.12,1,-93,-14,-2,5,47,17,13884417,385
210.10,1547646685,2211.51,51.482573,7.428285,135.85,0.00,0.00,79.12,1,-93,-14,-2,5,47,17,13884417,385
211.10,1547646686,2211.51,51.482573,7.428285,135.86,0.00,0.00,79.12,1,-94,-15,-3,5,47,17,13884417,385
212.10,1547646687,2211.51,51.482573,7.428285,135.88,0.00,0.00,79.12,1,-94,-15,-3,5,47,17,13884417,385
213.09,1547646688,2211.51,51.482573,7.428285,135.89,0.00,0.00,79.12,1,-93,-15,-3,5,47,17,13884417,385
214.09,1547646689,2211.51,51.482573,7.428285,135.91,0.00,0.00,79.12,1,-93,-15,-3,5,47,17,13884417,385
215.09,1547646690,2211.51,51.482573,7.428285,135.92,0.00,0.00,79.12,1,-92,-14,-2,5,48,17,13884417,385
216.10,1547646691,2211.51,51.482573,7.428285,135.92,0.00,0.00,79.12,1,-92,-14,-2,5,48,17,13884417,385
217.09,1547646692,2211.51,51.482573,7.428285,135.93,0.00,0.00,79.12,1,-90,-14,-1,5,49,17,13884417,385
218.10,1547646693,2211.51,51.482573,7.428285,135.93,0.00,0.00,79.12,1,-90,-14,-1,5,49,17,13884417,385
219.09,1547646694,2211.51,51.482573,7.428285,135.96,0.00,0.00,79.12,1,-96,-14,-1,5,44,17,13884417,385
220.09,1547646695,2211.51,51.482573,7.428285,136.04,0.00,0.00,84.07,1,-96,-14,-1,5,44,17,13884417,385
221.10,1547646696,2211.51,51.482573,7.428285,136.57,0.00,0.00,85.79,1,-95,-13,0,6,43,17,13884417,385
222.10,1547646697,2211.51,51.482576,7.428525,137.13,8.54,0.00,87.24,1,-95,-13,0,6,43,17,13884417,385
223.10,1547646698,2220.03,51.482575,7.428644,137.78,8.36,-0.18,90.06,1,-95,-13,0,6,43,17,13884417,385
224.10,1547646699,2228.40,51.482569,7.428769,138.11,8.97,0.60,93.34,1,-95,-14,-1,5,45,17,13884417,385
225.10,1547646700,2237.35,51.482561,7.428907,138.13,9.99,1.02,94.12,1,-95,-14,-1,5,45,17,13884417,385
226.10,1547646701,2247.34,51.482549,7.429049,137.90,10.78,0.79,94.99,1,-98,-14,0,5,41,17,13884417,385
227.09,1547646702,2258.11,51.482536,7.429235,137.83,11.89,1.11,96.19,1,-98,-14,0,5,41,17,13884417,385
228.10,1547646703,2270.03,51.482525,7.429407,138.47,11.54,-0.35,96.90,1,-102,-15,-1,4,39,17,13884417,385
229.10,1547646704,2281.55,51.482516,7.429567,139.29,10.81,-0.73,95.87,1,-102,-15,-1,4,39,17,13884417,385
230.09,1547646705,2292.34,51.482503,7.429718,139.56,10.42,-0.39,95.69,1,-100,-14,-1,5,39,16,13495553,136
231.09,1547646706,2302.75,51.482491,7.429865,139.87,10.25,-0.18,95.56,1,-100,-14,-1,5,39,16,13495553,136
232.09,1547646707,2313.01,51.482475,7.430006,139.95,9.23,-1.02,95.32,1,-95,-13,0,5,44,16,13495553,136
233.09,1547646708,2322.22,51.482465,7.430143,139.58,7.89,-1.34,94.82,1,-95,-13,0,5,44,16,13495553,136
234.09,1547646709,2330.11,51.482460,7.430252,139.20,6.61,-1.28,94.31,1,-99,-17,-5,3,43,16,13495553,136
235.09,1547646710,2336.72,51.482455,7.430338,139.02,5.43,-1.18,95.23,1,-99,-17,-5,3,43,16,13495553,136
236.09,1547646711,2342.16,51.482450,7.430411,138.99,4.65,-0.79,97.00,1,-94,-14,-4,5,45,22,13884161,51
237.09,1547646712,2346.81,51.482444,7.430474,138.98,4.15,-0.50,98.96,1,-94,-14,-4,5,45,22,13884161,51
238.09,1547646713,2350.96,51.482439,7.430523,139.01,3.54,-0.61,99.87,1,-96,-14,-1,6,43,22,13884161,51
239.09,1547646714,2354.50,51.482435,7.430563,139.08,2.57,-0.97,100.57,1,-96,-14,-1,6,43,22,13884161,51
240.10,1547646715,2357.07,51.482429,7.430622,139.13,2.60,0.03,99.20,1,-94,-12,1,7,44,22,13884161,51
241.09,1547646716,2359.66,51.482423,7.430662,139.21,2.22,-0.39,98.79,1,-94,-12,1,7,44,22,13884161,51
242.10,1547646717,2361.90,51.482420,7.430687,139.33,2.42,0.20,98.47,1,-96,-14,-2,5,44,22,13884161,51
243.09,1547646718,2364.31,51.482417,7.430726,139.47,3.34,0.93,97.96,1,-96,-14,-2,5,44,22,13884161,51
244.10,1547646719,2367.65,51.482416,7.430770,139.61,3.30,-0.04,93.99,1,-96,-14,-2,5,44,22,13884161,51
245.10,1547646720,2370.96,51.482415,7.430802,139.76,2.42,-0.89,95.73,1,-96,-14,-4,4,45,22,13884161,51
246.10,1547646721,2373.38,51.482411,7.430820,139.87,1.57,-0.85,96.14,1,-96,-14,-4,4,45,22,13884161,51
247.10,1547646722,2374.95,51.482405,7.430836,139.96,0.88,-0.69,96.14,1,-97,-14,-3,5,44,22,13884161,51
248.10,1547646723,2375.83,51.482405,7.430836,139.97,0.00,-0.88,96.14,1,-97,-14,-3,5,44,22,13884161,51
249.09,1547646724,2375.83,51.482405,7.430836,139.98,0.00,0.00,96.14,1,-99,-14,-3,5,42,22,13884161,51
250.10,1547646725,2375.83,51.482405,7.430836,139.98,0.00,0.00,96.14,1,-99,-14,-3,5,42,22,13884161,51
251.10,1547646726,2375.83,51.482405,7.430836,139.99,0.00,0.00,96.14,1,-99,-14,-2,5,41,22,13884161,51
252.10,1547646727,2375.83,51.482405,7.430836,139.99,0.00,0.00,96.14,1,-99,-14,-2,5,41,22,13884161,51
253.10,1547646728,2375.83,51.482405,7.430836,139.99,0.00,0.00,96.14,1,-99,-16,-2,5,42,22,13884161,51
254.10,1547646729,2375.83,51.482405,7.430836,139.99,0.00,0.00,96.14,1,-99,-16,-2,5,42,22,13884161,51
255.09,1547646730,2375.83,51.482405,7.430836,139.99,0.00,0.00,96.14,1,-99,-14,-3,5,41,22,13884161,51
256.10,1547646731,2375.83,51.482405,7.430836,139.99,0.00,0.00,96.14,1,-99,-14,-3,5,41,22,13884161,51
257.10,1547646732,2375.83,51.482405,7.430836,139.99,0.00,0.00,96.14,1,-99,-15,-3,5,41,22,13884161,51
258.10,1547646733,2375.83,51.482405,7.430836,139.98,0.00,0.00,96.14,1,-99,-15,-3,5,41,22,13884161,51
259.09,1547646734,2375.83,51.482405,7.430836,139.98,0.00,0.00,96.14,1,-99,-15,-3,5,42,22,13884161,51
260.10,1547646735,2375.83,51.482405,7.430836,139.98,0.00,0.00,96.14,1,-99,-15,-3,5,42,22,13884161,51
261.10,1547646736,2375.83,51.482405,7.430836,139.97,0.00,0.00,96.14,1,-98,-14,-2,5,42,22,13884161,51
262.10,1547646737,2375.83,51.482405,7.430836,139.97,0.00,0.00,96.14,1,-98,-14,-2,5,42,22,13884161,51
263.11,1547646738,2375.83,51.482405,7.430836,139.97,0.00,0.00,96.14,1,-99,-16,-3,4,43,22,13884161,51
264.10,1547646739,2375.83,51.482405,7.430836,139.99,0.00,0.00,82.93,1,-99,-16,-3,4,43,22,13884161,51
265.10,1547646740,2375.83,51.482405,7.430836,140.31,0.00,0.00,96.04,1,-99,-16,-3,4,43,22,13884161,51
266.09,1547646741,2375.83,51.482386,7.431055,140.67,6.02,0.00,95.46,1,-96,-16,-4,4,46,22,13884161,51
267.09,1547646742,2381.85,51.482379,7.431142,141.08,6.02,-0.01,96.31,1,-96,-16,-4,4,46,22,13884161,51
268.10,1547646743,2387.88,51.482368,7.431240,142.10,7.09,1.07,97.14,1,-89,-10,-6,6,48,24,13607171,65
269.10,1547646744,2394.97,51.482357,7.431355,143.16,8.07,0.97,97.49,1,-89,-10,-6,6,48,24,13607171,65
270.10,1547646745,2403.05,51.482345,7.431487,143.93,8.95,0.88,96.66,1,-90,-12,-7,6,47,12,13884417,385
271.09,1547646746,2411.95,51.482335,7.431611,144.75,8.71,-0.24,96.13,1,-90,-12,-7,6,47,12,13884417,385
272.09,1547646747,2420.68,51.482326,7.431724,145.36,7.61,-1.09,96.70,1,-92,-12,2,5,47,12,13884417,385
273.09,1547646748,2428.29,51.482316,7.431831,145.98,7.31,-0.31,97.61,1,-92,-12,2,5,47,12,13884417,385
274.09,1547646749,2435.60,51.482302,7.431926,145.89,7.08,-0.23,97.09,1,-93,-14,1,6,46,12,13884417,385
275.09,1547646750,2442.66,51.482287,7.432027,145.64,7.60,0.52,97.60,1,-93,-14,1,6,46,12,13884417,385
276.09,1547646751,2450.27,51.482271,7.432145,145.33,9.04,1.44,97.15,1,-87,-11,2,8,50,12,13884417,385
277.09,1547646752,2459.30,51.482261,7.432288,145.12,10.10,1.06,96.59,1,-87,-11,2,8,50,12,13884417,385
278.09,1547646753,2469.36,51.482250,7.432425,144.92,9.47,-0.63,97.65,1,-76,-10,9,9,60,12,13884417,385
279.09,1547646754,2478.86,51.482241,7.432571,145.23,10.30,0.82,96.13,1,-76,-10,9,9,60,12,13884417,385
280.09,1547646755,2489.14,51.482231,7.432724,145.40,10.31,0.01,95.33,1,-81,-11,10,10,56,12,13884417,385
281.11,1547646756,2499.68,51.482220,7.432880,145.41,10.59,0.28,95.72,1,-81,-11,10,10,56,12,13884417,385
282.09,1547646757,2510.04,51.482212,7.433024,145.60,10.87,0.28,96.12,1,-87,-11,7,7,51,12,13884417,385
283.09,1547646758,2520.93,51.482200,7.433176,145.68,11.03,0.16,96.25,1,-87,-11,7,7,51,12,13884417,385
284.10,1547646759,2532.02,51.482186,7.433334,145.59,10.70,-0.33,96.77,1,-88,-13,6,6,50,12,13884417,385
285.09,1547646760,2542.67,51.482173,7.433483,145.48,10.40,-0.30,96.01,1,-88,-13,6,6,50,12,13884417,385
286.09,1547646761,2553.07,51.482162,7.433637,145.55,10.59,0.19,96.50,1,-88,-13,6,6,50,12,13884417,385
287.09,1547646762,2563.63,51.482150,7.433794,145.89,11.47,0.89,96.36,1,-91,-12,5,6,47,12,13884417,385
288.09,1547646763,2575.10,51.482138,7.433959,146.20,12.06,0.59,96.90,1,-91,-12,5,6,47,12,13884417,385
289.09,1547646764,2587.15,51.482123,7.434130,146.26,11.33,-0.73,97.24,1,-85,-12,6,10,52,12,13884417,385
290.09,1547646765,2598.48,51.482110,7.434274,146.36,10.27,-1.05,97.66,1,-85,-12,6,10,52,12,13884417,385
291.09,1547646766,2608.78,51.482098,7.434421,146.37,10.06,-0.21,97.16,1,-88,-12,6,5,50,12,13884417,385
292.09,1547646767,2618.86,51.482087,7.434562,146.45,9.05,-1.01,96.05,1,-88,-12,6,5,50,12,13884417,385
293.09,1547646768,2627.91,51.482074,7.434727,146.05,9.25,0.20,96.14,1,-92,-12,4,9,46,12,13884417,385
294.09,1547646769,2637.15,51.482067,7.434868,146.20,9.07,-0.19,93.27,1,-92,-12,4,9,46,12,13884417,385
295.09,1547646770,2646.22,51.482061,7.434986,146.16,8.70,-0.37,93.99,1,-92,-13,4,6,47,12,13884417,385
296.09,1547646771,2654.92,51.482053,7.435100,146.25,8.22,-0.47,94.89,1,-92,-13,4,6,47,12,13884417,385
297.09,1547646772,2663.15,51.482043,7.435223,146.79,9.18,0.96,97.22,1,-89,-12,3,8,48,12,13884417,385
298.09,1547646773,2672.32,51.482030,7.435355,147.80,9.53,0.35,97.89,1,-89,-12,3,8,48,12,13884417,385
299.09,1547646774,2681.85,51.482019,7.435498,148.39,9.41,-0.12,96.22,1,-88,-11,4,8,47,12,13884417,385
300.09,1547646775,2691.27,51.482009,7.435644,149.00,10.16,0.75,95.42,1,-88,-11,4,8,47,12,13884417,385
301.09,1547646776,2701.41,51.481998,7.435793,149.64,10.70,0.55,95.48,1,-92,-10,4,5,45,12,13884417,385
302.14,1547646777,2712.67,51.481985,7.435954,150.19,11.27,0.54,94.60,1,-92,-10,4,5,45,12,13884417,385
303.09,1547646778,2723.35,51.481970,7.436107,150.78,11.00,-0.29,96.34,1,-89,-13,3,6,50,12,13884417,385
304.09,1547646779,2734.35,51.481959,7.436267,151.56,11.64,0.64,97.00,1,-89,-13,3,6,50,12,13884417,385
305.10,1547646780,2746.09,51.481950,7.436437,151.76,11.74,0.10,96.57,1,-84,-11,7,11,52,12,13884417,385
306.09,1547646781,2757.71,51.481937,7.436614,151.70,10.82,-0.93,95.69,1,-84,-11,7,11,52,12,13884417,385
307.09,1547646782,2768.52,51.481925,7.436773,151.38,11.42,0.60,96.67,1,-84,-11,7,11,52,12,13884417,385
308.09,1547646783,2779.95,51.481916,7.436925,151.00,10.95,-0.47,97.03,1,-86,-8,10,8,50,12,13884417,385
309.09,1547646784,2790.92,51.481909,7.437084,150.76,10.83,-0.12,97.10,1,-86,-8,10,8,50,12,13884417,385
310.09,1547646785,2801.75,51.481900,7.437230,150.64,10.17,-0.66,95.75,1,-94,-12,8,5,44,12,13884417,385
311.09,1547646786,2811.92,51.481894,7.437343,151.34,8.23,-1.94,95.30,1,-94,-12,8,5,44,12,13884417,385
312.09,1547646787,2820.15,51.481887,7.437461,151.18,7.26,-0.97,96.20,1,-94,-12,0,4,44,12,13884417,385
313.10,1547646788,2827.43,51.481876,7.437563,150.95,6.67,-0.59,99.36,1,-94,-12,0,4,44,12,13884417,385
314.09,1547646789,2834.07,51.481865,7.437658,151.06,7.13,0.46,100.88,1,-96,-12,1,6,41,12,13884417,385
315.09,1547646790,2841.20,51.481852,7.437767,151.21,7.63,0.50,100.74,1,-96,-12,1,6,41,12,13884417,385
316.09,1547646791,2848.82,51.481844,7.437857,150.54,7.08,-0.55,99.90,1,-91,-11,5,9,45,12,13884417,385
317.09,1547646792,2855.88,51.481841,7.437972,150.15,7.13,0.05,97.80,1,-91,-11,5,9,45,12,13884417,385
318.09,1547646793,2863.02,51.481837,7.438109,149.76,7.96,0.83,95.71,1,-91,-11,2,5,45,12,13884417,385
319.09,1547646794,2870.97,51.481830,7.438239,149.37,7.01,-0.95,94.88,1,-91,-11,2,5,45,12,13884417,385
320.09,1547646795,2878.00,51.481820,7.438380,149.40,8.02,1.00,95.47,1,-89,-12,6,7,49,12,13884417,385
321.09,1547646796,2886.01,51.481811,7.438510,149.97,7.88,-0.13,97.40,1,-89,-12,6,7,49,12,13884417,385
322.09,1547646797,2893.89,51.481803,7.438615,150.81,7.60,-0.28,97.98,1,-87,-11,10,8,50,12,13884417,385
323.09,1547646798,2901.49,51.481796,7.438734,151.54,8.33,0.73,97.23,1,-87,-11,10,8,50,12,13884417,385
324.09,1547646799,2909.80,51.481788,7.438867,152.14,9.09,0.76,97.65,1,-82,-12,9,12,55,12,13884417,385
325.09,1547646800,2918.91,51.481778,7.439011,152.78,9.92,0.83,96.76,1,-82,-12,9,12,55,12,13884417,385
326.10,1547646801,2928.92,51.481769,7.439157,153.48,9.94,0.02,95.96,1,-80,-11,14,10,57,12,13884417,385
327.09,1547646802,2938.76,51.481762,7.439297,153.83,9.96,0.02,95.33,1,-80,-11,14,10,57,12,13884417,385
328.09,1547646803,2948.71,51.481753,7.439436,153.81,10.19,0.23,94.51,1,-80,-11,14,10,57,12,13884417,385
329.09,1547646804,2958.91,51.481746,7.439586,154.00,10.20,0.02,95.48,1,-81,-11,13,13,56,12,13884417,385
330.09,1547646805,2969.10,51.481738,7.439745,154.38,9.85,-0.35,95.00,1,-81,-11,13,13,56,12,13884417,385
331.09,1547646806,2978.97,51.481727,7.439899,154.71,9.89,0.03,94.29,1,-81,-7,12,8,51,12,13884417,385
332.09,1547646807,2988.87,51.481719,7.440040,155.00,9.90,0.01,94.81,1,-81,-7,12,8,51,12,13884417,385
333.09,1547646808,2998.75,51.481712,7.440181,155.50,8.99,-0.90,95.65,1,-81,-6,9,5,52,12,13884417,385
334.09,1547646809,3007.70,51.481706,7.440305,155.94,8.34,-0.66,96.46,1,-81,-6,9,5,52,12,13884417,385
335.10,1547646810,3016.15,51.481703,7.440409,156.63,7.48,-0.85,96.59,1,-90,-10,3,6,45,12,13884417,385
336.09,1547646811,3023.57,51.481700,7.440504,157.36,6.64,-0.84,96.21,1,-90,-10,3,6,45,12,13884417,385
337.09,1547646812,3030.21,51.481704,7.440615,158.39,5.54,-1.10,94.60,1,-85,-12,8,11,53,12,13884417,385
338.09,1547646813,3035.74,51.481706,7.440691,159.27,4.79,-0.75,95.04,1,-85,-12,8,11,53,12,13884417,385
339.09,1547646814,3040.53,51.481705,7.440747,159.33,3.48,-1.31,95.52,1,-80,-5,10,14,52,12,13884417,385
340.09,1547646815,3044.01,51.481700,7.440800,159.40,2.63,-0.85,96.50,1,-80,-5,10,14,52,12,13884417,385
341.09,1547646816,3046.64,51.481696,7.440847,159.49,2.24,-0.40,95.82,1,-79,-6,13,8,53,12,13884417,385
342.09,1547646817,3048.88,51.481692,7.440878,159.56,1.78,-0.46,95.22,1,-79,-6,13,8,53,12,13884417,385
343.09,1547646818,3050.65,51.481692,7.440885,159.64,0.34,-1.45,95.22,1,-80,-9,19,11,55,12,13884417,385
344.09,1547646819,3050.99,51.481692,7.440885,159.65,0.00,-0.34,95.22,1,-80,-9,19,11,55,12,13884417,385
345.09,1547646820,3050.99,51.481692,7.440885,159.66,0.00,0.00,95.22,1,-79,-7,18,11,54,12,13884417,385
346.09,1547646821,3050.99,51.481692,7.440885,159.66,0.00,0.00,95.22,1,-79,-7,18,11,54,12,13884417,385
347.10,1547646822,3050.99,51.481692,7.440885,159.67,0.00,0.00,95.22,1,-79,-11,18,9,58,12,13884417,385
348.09,1547646823,3050.99,51.481692,7.440885,159.67,0.00,0.00,95.22,1,-79,-11,18,9,58,12,13884417,385
349.09,1547646824,3050.99,51.481692,7.440885,159.67,0.00,0.00,95.22,1,-79,-11,18,9,58,12,13884417,385
350.09,1547646825,3050.99,51.481692,7.440885,159.67,0.00,0.00,95.22,1,-79,-6,16,10,53,12,13884417,385
351.09,1547646826,3050.99,51.481692,7.440885,159.68,0.00,0.00,95.22,1,-79,-6,16,10,53,12,13884417,385
352.09,1547646827,3050.99,51.481692,7.440885,159.68,0.00,0.00,95.22,1,-79,-7,17,8,55,12,13884417,385
353.09,1547646828,3050.99,51.481692,7.440885,159.68,0.00,0.00,95.22,1,-79,-7,17,8,55,12,13884417,385
354.09,1547646829,3050.99,51.481692,7.440885,159.68,0.00,0.00,95.22,1,-79,-7,13,10,55,12,13884417,385
355.09,1547646830,3050.99,51.481692,7.440885,159.68,0.00,0.00,95.22,1,-79,-7,13,10,55,12,13884417,385
356.09,1547646831,3050.99,51.481692,7.440885,159.69,0.00,0.00,95.22,1,-80,-6,17,11,54,12,13884417,385
357.09,1547646832,3050.99,51.481692,7.440885,159.68,0.00,0.00,95.22,1,-80,-6,17,11,54,12,13884417,385
358.09,1547646833,3050.99,51.481692,7.440885,159.68,0.00,0.00,95.22,1,-78,-6,18,10,54,12,13884417,385
359.09,1547646834,3050.99,51.481692,7.440885,159.68,0.00,0.00,95.22,1,-78,-6,18,10,54,12,13884417,385
360.09,1547646835,3050.99,51.481692,7.440885,159.63,0.00,0.00,95.22,1,-75,-4,19,10,54,12,13884417,385
361.09,1547646836,3050.99,51.481692,7.440885,159.56,0.00,0.00,95.20,1,-75,-4,19,10,54,12,13884417,385
362.09,1547646837,3050.99,51.481690,7.441000,158.87,0.00,0.00,94.51,1,-84,-10,14,10,52,12,13884417,385
363.09,1547646838,3050.99,51.481687,7.441080,158.37,6.14,0.00,94.63,1,-84,-10,14,10,52,12,13884417,385
364.10,1547646839,3057.15,51.481670,7.441159,157.78,5.78,-0.35,108.82,1,-88,-14,3,5,50,12,13884417,385
365.09,1547646840,3062.92,51.481656,7.441240,157.73,6.33,0.54,107.10,1,-88,-14,3,5,50,12,13884417,385
366.09,1547646841,3069.24,51.481639,7.441329,157.76,7.58,1.25,108.73,1,-89,-13,1,6,51,12,13884417,385
367.09,1547646842,3076.81,51.481617,7.441423,157.68,7.85,0.27,111.41,1,-89,-13,1,6,51,12,13884417,385
368.10,1547646843,3084.71,51.481592,7.441534,157.59,8.46,0.60,112.01,1,-80,-9,8,9,56,12,13884417,385
369.09,1547646844,3093.12,51.481560,7.441648,157.75,9.34,0.88,114.87,1,-80,-9,8,9,56,12,13884417,385
370.09,1547646845,3102.45,51.481497,7.441766,157.92,10.89,1.56,129.71,1,-80,-9,8,9,56,12,13884417,385
371.09,1547646846,3113.36,51.481437,7.441875,157.64,10.56,-0.33,130.37,1,-85,-7,15,8,48,12,13884417,385
372.09,1547646847,3123.91,51.481368,7.441989,156.90,11.19,0.63,132.24,1,-85,-7,15,8,48,12,13884417,385
373.09,1547646848,3135.12,51.481292,7.442108,156.43,11.84,0.65,134.41,1,-87,-12,5,10,50,12,13884417,385
374.09,1547646849,3146.93,51.481209,7.442233,156.36,12.29,0.45,133.95,1,-87,-12,5,10,50,12,13884417,385
375.09,1547646850,3159.25,51.481122,7.442377,156.33,13.13,0.84,132.82,1,-87,-13,1,8,51,12,13884417,385
376.09,1547646851,3172.37,51.481040,7.442517,156.26,13.74,0.61,131.74,1,-87,-13,1,8,51,12,13884417,385
377.09,1547646852,3186.10,51.480951,7.442671,156.02,14.17,0.43,131.51,1,-82,-12,-8,6,56,12,12896769,375
378.09,1547646853,3200.30,51.480857,7.442829,155.68,14.38,0.20,132.60,1,-82,-12,-8,6,56,12,12896769,375
379.09,1547646854,3214.63,51.480761,7.442966,155.40,13.88,-0.49,135.59,1,-79,-11,5,9,56,12,12896769,375
380.09,1547646855,3228.52,51.480655,7.443058,155.48,12.61,-1.27,148.59,1,-79,-11,5,9,56,12,12896769,375
381.09,1547646856,3241.13,51.480544,7.443116,155.84,12.05,-0.56,163.07,1,-81,-11,10,11,56,12,12896769,375
382.09,1547646857,3253.15,51.480432,7.443125,156.28,12.62,0.57,176.78,1,-81,-11,10,11,56,12,12896769,375
383.09,1547646858,3265.82,51.480311,7.443137,156.33,12.90,0.28,175.66,1,-80,-8,11,9,55,12,12896769,375
384.09,1547646859,3278.72,51.480197,7.443166,156.09,13.01,0.11,171.70,1,-80,-8,11,9,55,12,12896769,375
385.09,1547646860,3291.70,51.480094,7.443256,156.15,13.87,0.87,152.32,1,-77,-7,8,9,56,12,12896769,375
386.09,1547646861,3305.61,51.479988,7.443348,156.30,15.16,1.28,151.98,1,-77,-7,8,9,56,12,12896769,375
387.09,1547646862,3320.77,51.479866,7.443452,156.33,16.39,1.24,151.44,1,-76,-12,9,15,59,12,12896769,375
388.09,1547646863,3337.10,51.479740,7.443569,156.44,16.64,0.25,150.85,1,-76,-12,9,15,59,12,12896769,375
389.10,1547646864,3353.89,51.479611,7.443690,156.52,16.81,0.16,151.19,1,-78,-7,12,12,54,12,12896769,375
390.09,1547646865,3370.56,51.479477,7.443811,156.63,16.83,0.02,151.46,1,-78,-7,12,12,54,12,12896769,375
391.09,1547646866,3387.41,51.479348,7.443932,156.66,16.86,0.03,151.58,1,-78,-7,12,12,54,12,12896769,375
392.09,1547646867,3404.24,51.479218,7.444050,156.76,16.72,-0.15,151.69,1,-76,-8,16,10,57,12,12896769,375
393.09,1547646868,3420.94,51.479079,7.444169,156.51,16.60,-0.11,151.41,1,-76,-8,16,10,57,12,12896769,375
394.09,1547646869,3437.58,51.478954,7.444277,156.42,16.88,0.28,151.25,1,-76,-8,17,9,58,12,12896769,375
395.09,1547646870,3454.48,51.478817,7.444396,156.20,17.08,0.20,151.56,1,-76,-8,17,9,58,12,12896769,375
396.09,1547646871,3471.57,51.478677,7.444517,155.98,17.17,0.09,151.47,1,-76,-12,12,12,60,12,12896769,375
397.09,1547646872,3488.70,51.478544,7.444629,156.04,17.08,-0.09,151.41,1,-76,-12,12,12,60,12,12896769,375
398.09,1547646873,3505.78,51.478407,7.444747,156.03,16.83,-0.25,151.41,1,-74,-10,13,12,59,12,12896769,375
399.09,1547646874,3522.66,51.478279,7.444858,156.25,16.55,-0.28,151.15,1,-74,-10,13,12,59,12,12896769,375
400.09,1547646875,3539.19,51.478143,7.444979,156.35,16.57,0.02,151.07,1,-74,-7,18,15,58,12,12896769,375
401.09,1547646876,3555.76,51.478010,7.445094,156.21,16.71,0.14,151.39,1,-74,-7,18,15,58,12,12896769,375
402.09,1547646877,3572.44,51.477880,7.445208,155.99,16.82,0.11,151.86,1,-72,-7,26,12,60,12,12896769,375
403.09,1547646878,3589.26,51.477753,7.445314,156.13,16.60,-0.22,151.59,1,-72,-7,26,12,60,12,12896769,375
404.09,1547646879,3605.87,51.477621,7.445423,156.43,16.50,-0.11,151.36,1,-69,-7,19,12,63,12,12896769,375
405.09,1547646880,3622.38,51.477489,7.445534,156.76,16.45,-0.05,151.37,1,-69,-7,19,12,63,12,12896769,375
406.09,1547646881,3638.81,51.477356,7.445647,157.07,16.20,-0.25,151.52,1,-68,-6,19,13,63,12,12896769,375
407.09,1547646882,3655.02,51.477232,7.445753,157.16,15.89,-0.31,151.28,1,-68,-6,19,13,63,12,12896769,375
408.09,1547646883,3670.92,51.477114,7.445857,157.21,15.50,-0.40,151.29,1,-68,-11,18,12,63,12,12896769,375
409.09,1547646884,3686.40,51.476994,7.445964,157.20,15.57,0.08,151.98,1,-68,-11,18,12,63,12,12896769,375
410.10,1547646885,3702.08,51.476864,7.446079,157.31,15.71,0.14,151.97,1,-66,-11,22,12,63,12,12896769,375
411.09,1547646886,3717.68,51.476737,7.446191,157.39,15.63,-0.08,152.26,1,-66,-11,22,12,63,12,12896769,375
412.09,1547646887,3733.37,51.476604,7.446305,157.48,15.22,-0.40,151.26,1,-66,-11,22,12,63,12,12896769,375
413.09,1547646888,3748.50,51.476481,7.446410,157.60,15.31,0.09,151.87,1,-67,-11,30,15,63,12,12896769,375
414.09,1547646889,3763.84,51.476365,7.446507,157.51,15.31,-0.00,151.94,1,-67,-11,30,15,63,12,12896769,375
415.09,1547646890,3779.16,51.476245,7.446609,157.48,15.19,-0.11,152.17,1,-64,-11,20,12,63,12,12896769,375
416.09,1547646891,3794.35,51.476128,7.446709,157.68,14.61,-0.58,151.33,1,-64,-11,20,12,63,12,12896769,375
417.09,1547646892,3808.97,51.476015,7.446805,157.76,14.18,-0.44,151.56,1,-63,-6,24,15,63,12,12896769,375
418.09,1547646893,3823.13,51.475902,7.446900,157.95,14.21,0.03,151.64,1,-63,-6,24,15,63,12,12896769,375
419.09,1547646894,3837.34,51.475785,7.447000,158.16,14.12,-0.09,151.89,1,-64,-9,24,15,63,12,12896769,375
420.09,1547646895,3851.45,51.475672,7.447094,158.18,13.98,-0.14,151.56,1,-64,-9,24,15,63,12,12896769,375
421.09,1547646896,3865.44,51.475568,7.447184,158.40,13.63,-0.34,151.02,1,-66,-10,23,15,63,12,12896769,375
422.09,1547646897,3879.04,51.475462,7.447283,158.69,13.91,0.28,150.18,1,-66,-10,23,15,63,12,12896769,375
423.09,1547646898,3892.99,51.475355,7.447380,159.00,13.66,-0.25,149.39,1,-65,-11,19,14,63,12,12896769,375
424.09,1547646899,3906.64,51.475252,7.447485,159.31,12.86,-0.80,148.04,1,-65,-11,19,14,63,12,12896769,375
425.09,1547646900,3919.51,51.475151,7.447588,159.69,12.63,-0.23,146.95,1,-68,-7,20,14,63,12,12896769,375
426.09,1547646901,3932.13,51.475056,7.447687,160.22,11.66,-0.97,146.52,1,-68,-7,20,14,63,12,12896769,375
427.09,1547646902,3943.80,51.474966,7.447788,160.89,10.86,-0.80,145.39,1,-65,-11,27,12,63,12,12896769,375
428.09,1547646903,3954.66,51.474891,7.447877,161.13,9.78,-1.08,144.45,1,-65,-11,27,12,63,12,12896769,375
429.09,1547646904,3964.42,51.474827,7.447958,161.27,9.08,-0.70,143.72,1,-68,-6,24,15,63,12,12896769,375
430.09,1547646905,3973.50,51.474768,7.448033,161.64,7.74,-1.34,143.02,1,-68,-6,24,15,63,12,12896769,375
431.10,1547646906,3981.29,51.474719,7.448096,161.96,6.78,-0.95,142.33,1,-64,-6,22,15,63,12,12896769,375
432.09,1547646907,3988.03,51.474675,7.448156,162.31,5.82,-0.96,141.62,1,-64,-6,22,15,63,12,12896769,375
433.09,1547646908,3993.83,51.474636,7.448209,162.56,4.92,-0.90,141.23,1,-64,-6,22,15,63,12,12896769,375
434.09,1547646909,3998.75,51.474605,7.448247,162.59,3.58,-1.34,141.07,1,-65,-11,21,15,63,12,12896769,375
435.09,1547646910,4002.34,51.474587,7.448275,162.62,1.83,-1.74,140.52,1,-65,-11,21,15,63,12,12896769,375
436.09,1547646911,4004.17,51.474581,7.448288,162.64,0.41,-1.42,140.52,1,-65,-7,22,14,63,12,12896769,375
437.09,1547646912,4004.59,51.474581,7.448288,162.64,0.00,-0.41,140.52,1,-65,-7,22,14,63,12,12896769,375
438.09,1547646913,4004.59,51.474581,7.448288,162.65,0.00,0.00,140.52,1,-66,-6,25,13,63,12,12896769,375
439.09,1547646914,4004.59,51.474581,7.448288,162.66,0.00,0.00,140.52,1,-66,-6,25,13,63,12,12896769,375
440.09,1547646915,4004.59,51.474581,7.448288,162.67,0.00,0.00,140.52,1,-65,-8,26,12,63,12,12896769,375
441.09,1547646916,4004.59,51.474581,7.448288,162.69,0.00,0.00,140.52,1,-65,-8,26,12,63,12,12896769,375
442.09,1547646917,4004.59,51.474581,7.448288,162.70,0.00,0.00,140.52,1,-65,-7,22,12,63,12,12896769,375
443.09,1547646918,4004.59,51.474581,7.448288,162.72,0.00,0.00,140.52,1,-65,-7,22,12,63,12,12896769,375
444.09,1547646919,4004.59,51.474581,7.448288,162.74,0.00,0.00,140.52,1,-66,-8,23,12,63,12,12896769,375
445.09,1547646920,4004.59,51.474581,7.448288,162.76,0.00,0.00,140.52,1,-66,-8,23,12,63,12,12896769,375
446.09,1547646921,4004.59,51.474581,7.448288,162.77,0.00,0.00,140.52,1,-66,-8,27,13,63,12,12896769,375
447.09,1547646922,4004.59,51.474581,7.448288,162.79,0.00,0.00,140.52,1,-66,-8,27,13,63,12,12896769,375
448.09,1547646923,4004.59,51.474581,7.448288,162.80,0.00,0.00,140.52,1,-66,-8,27,12,63,12,12896769,375
449.09,1547646924,4004.59,51.474581,7.448288,162.81,0.00,0.00,140.52,1,-66,-8,27,12,63,12,12896769,375
450.09,1547646925,4004.59,51.474581,7.448288,162.82,0.00,0.00,140.52,1,-65,-10,22,13,63,12,12896769,375
451.09,1547646926,4004.59,51.474581,7.448288,162.82,0.00,0.00,140.52,1,-65,-10,22,13,63,12,12896769,375
452.09,1547646927,4004.59,51.474581,7.448288,162.83,0.00,0.00,140.52,1,-66,-6,27,1,63,12,12896769,375
453.10,1547646928,4004.59,51.474581,7.448288,162.84,0.00,0.00,140.52,1,-66,-6,27,1,63,12,12896769,375
454.09,1547646929,4004.59,51.474581,7.448288,162.84,0.00,0.00,140.52,1,-66,-6,27,1,63,12,12896769,375
455.09,1547646930,4004.59,51.474581,7.448288,162.84,0.00,0.00,140.52,1,-66,-10,24,11,63,12,12896769,375
456.09,1547646931,4004.59,51.474581,7.448288,162.85,0.00,0.00,140.52,1,-66,-10,24,11,63,12,12896769,375
457.09,1547646932,4004.59,51.474581,7.448288,162.86,0.00,0.00,140.52,1,-67,-8,22,12,63,12,12896769,375
458.09,1547646933,4004.59,51.474581,7.448288,162.86,0.00,0.00,140.52,1,-67,-8,22,12,63,12,12896769,375
459.09,1547646934,4004.59,51.474581,7.448288,162.87,0.00,0.00,140.52,1,-66,-7,22,15,63,12,12896769,375
460.09,1547646935,4004.59,51.474581,7.448288,162.88,0.00,0.00,140.52,1,-66,-7,22,15,63,12,12896769,375
461.09,1547646936,4004.59,51.474581,7.448288,162.89,0.00,0.00,140.52,1,-64,-7,22,1,63,12,12896769,375
462.09,1547646937,4004.59,51.474581,7.448288,162.89,0.00,0.00,140.52,1,-64,-7,22,1,63,12,12896769,375
463.09,1547646938,4004.59,51.474581,7.448288,162.90,0.00,0.00,140.52,1,-66,-8,26,15,63,12,12896769,375
464.10,1547646939,4004.59,51.474581,7.448288,162.90,0.00,0.00,140.52,1,-66,-8,26,15,63,12,12896769,375
465.09,1547646940,4004.59,51.474581,7.448288,162.91,0.00,0.00,140.52,1,-66,-8,24,15,63,12,12896769,375
466.09,1547646941,4004.59,51.474581,7.448288,162.92,0.00,0.00,140.52,1,-66,-8,24,15,63,12,12896769,375
467.09,1547646942,4004.59,51.474581,7.448288,162.92,0.00,0.00,140.52,1,-66,-9,24,12,63,12,12896769,375
468.09,1547646943,4004.59,51.474581,7.448288,162.93,0.00,0.00,140.52,1,-66,-9,24,12,63,12,12896769,375
469.09,1547646944,4004.59,51.474581,7.448288,162.94,0.00,0.00,140.52,1,-69,-8,16,1,63,12,12896769,375
470.09,1547646945,4004.59,51.474581,7.448288,162.95,0.00,0.00,140.52,1,-69,-8,16,1,63,12,12896769,375
471.09,1547646946,4004.59,51.474581,7.448288,162.95,0.00,0.00,140.52,1,-66,-9,25,15,63,12,12896769,375
472.09,1547646947,4004.59,51.474581,7.448288,162.96,0.00,0.00,140.52,1,-66,-9,25,15,63,12,12896769,375
473.09,1547646948,4004.59,51.474581,7.448288,162.97,0.00,0.00,140.52,1,-67,-11,23,12,63,12,12896769,375
474.09,1547646949,4004.59,51.474581,7.448288,162.97,0.00,0.00,140.52,1,-67,-11,23,12,63,12,12896769,375
475.10,1547646950,4004.59,51.474581,7.448288,162.98,0.00,0.00,140.52,1,-66,-12,23,14,63,12,12896769,375
476.09,1547646951,4004.59,51.474581,7.448288,162.98,0.00,0.00,140.52,1,-66,-12,23,14,63,12,12896769,375
477.09,1547646952,4004.59,51.474581,7.448288,162.99,0.00,0.00,140.52,1,-66,-12,23,14,63,12,12896769,375
478.09,1547646953,4004.59,51.474581,7.448288,163.00,0.00,0.00,140.52,1,-66,-11,23,12,63,12,12896769,375
479.09,1547646954,4004.59,51.474581,7.448288,163.00,0.00,0.00,140.52,1,-66,-11,23,12,63,12,12896769,375
480.09,1547646955,4004.59,51.474581,7.448288,163.02,0.00,0.00,140.52,1,-66,-10,28,13,63,12,12896769,375
481.09,1547646956,4004.59,51.474581,7.448288,163.04,0.00,0.00,140.52,1,-66,-10,28,13,63,12,12896769,375
482.09,1547646957,4004.59,51.474581,7.448288,163.21,0.00,0.00,140.99,1,-65,-8,28,13,63,12,12896769,375
483.09,1547646958,4004.59,51.474581,7.448288,164.62,0.00,0.00,141.07,1,-65,-8,28,13,63,12,12896769,375
484.09,1547646959,4004.59,51.474494,7.448401,165.30,4.89,0.00,141.56,1,-65,-10,21,13,63,12,12896769,375
485.09,1547646960,4009.46,51.474457,7.448449,165.58,5.48,0.60,140.02,1,-65,-10,21,13,63,12,12896769,375
486.09,1547646961,4014.96,51.474412,7.448509,165.71,6.73,1.24,139.87,1,-63,-11,22,13,63,12,12896769,375
487.09,1547646962,4021.69,51.474365,7.448572,165.57,7.10,0.37,140.27,1,-63,-11,22,13,63,12,12896769,375
488.09,1547646963,4028.78,51.474316,7.448642,165.35,7.74,0.64,138.79,1,-60,-9,29,13,63,12,12896769,375
489.09,1547646964,4036.52,51.474259,7.448725,165.15,8.88,1.14,137.67,1,-60,-9,29,13,63,12,12896769,375
490.09,1547646965,4045.39,51.474193,7.448819,164.91,10.06,1.19,138.27,1,-65,-9,21,12,63,12,12896769,375
491.09,1547646966,4055.47,51.474118,7.448919,164.72,11.04,0.97,139.14,1,-65,-9,21,12,63,12,12896769,375
492.09,1547646967,4066.50,51.474038,7.449028,164.64,11.97,0.94,138.46,1,-66,-7,21,11,63,12,12896769,375
493.09,1547646968,4078.46,51.473954,7.449149,164.78,12.52,0.55,138.06,1,-66,-7,21,11,63,12,12896769,375
494.09,1547646969,4090.99,51.473868,7.449272,164.74,12.89,0.36,137.08,1,-69,-7,18,11,63,12,12896769,375
495.09,1547646970,4103.87,51.473783,7.449401,164.90,12.85,-0.03,135.89,1,-69,-7,18,11,63,12,12896769,375
496.10,1547646971,4116.84,51.473704,7.449530,164.95,12.73,-0.13,134.54,1,-65,-8,31,1,63,12,12896769,375
497.09,1547646972,4129.46,51.473627,7.449664,165.02,12.76,0.03,133.31,1,-65,-8,31,1,63,12,12896769,375
498.09,1547646973,4142.23,51.473544,7.449818,165.14,12.51,-0.25,132.14,1,-65,-8,31,1,63,12,12896769,375
499.09,1547646974,4154.74,51.473474,7.449956,165.37,11.77,-0.74,130.70,1,-68,-7,10,10,63,12,12896769,375
500.09,1547646975,4166.51,51.473408,7.450091,165.71,11.08,-0.68,129.34,1,-68,-7,10,10,63,12,12896769,375
501.09,1547646976,4177.59,51.473354,7.450212,165.96,10.81,-0.27,128.01,1,-62,-9,-1,10,63,12,12896769,375
502.09,1547646977,4188.40,51.473302,7.450337,165.87,10.79,-0.02,126.76,1,-62,-9,-1,10,63,12,12896769,375
503.09,1547646978,4199.15,51.473251,7.450460,165.71,10.65,-0.14,125.80,1,-68,-9,5,6,63,1,12896770,377
504.10,1547646979,4209.88,51.473198,7.450595,165.54,11.13,0.48,124.71,1,-68,-9,5,6,63,1,12896770,377
505.09,1547646980,4220.93,51.473138,7.450748,165.43,12.56,1.44,123.64,1,-69,-12,8,8,63,1,12896770,377
506.09,1547646981,4233.51,51.473079,7.450910,165.18,13.85,1.29,122.49,1,-69,-12,8,8,63,1,12896770,377
507.09,1547646982,4247.36,51.473022,7.451080,164.52,15.14,1.29,120.88,1,-64,-7,14,8,63,1,12896770,377
508.09,1547646983,4262.50,51.472964,7.451274,163.65,16.35,1.21,118.78,1,-64,-7,14,8,63,1,12896770,377
509.09,1547646984,4278.87,51.472901,7.451494,162.91,17.38,1.03,117.01,1,-64,-7,16,10,63,1,12896770,377
510.09,1547646985,4296.23,51.472832,7.451747,162.22,18.33,0.95,114.95,1,-64,-7,16,10,63,1,12896770,377
511.09,1547646986,4314.59,51.472768,7.452007,161.68,18.64,0.31,112.91,1,-64,-6,14,14,63,1,12896770,377
512.09,1547646987,4333.19,51.472711,7.452258,161.31,18.18,-0.46,111.10,1,-64,-6,14,14,63,1,12896770,377
513.09,1547646988,4351.39,51.472664,7.452507,160.86,17.66,-0.51,108.74,1,-64,-8,21,12,63,1,12896770,377
514.09,1547646989,4369.02,51.472624,7.452749,160.40,17.20,-0.47,107.03,1,-64,-8,21,12,63,1,12896770,377
515.09,1547646990,4386.25,51.472588,7.452983,160.06,16.89,-0.30,105.78,1,-64,-7,20,12,63,1,12896770,377
516.09,1547646991,4403.12,51.472552,7.453224,160.14,16.85,-0.04,104.82,1,-64,-7,20,12,63,1,12896770,377
517.10,1547646992,4420.11,51.472519,7.453464,160.33,16.60,-0.25,104.48,1,-64,-7,15,9,63,1,12896770,377
518.09,1547646993,4436.53,51.472487,7.453697,160.80,16.41,-0.19,104.22,1,-64,-7,15,9,63,1,12896770,377
519.09,1547646994,4453.00,51.472452,7.453919,161.44,16.03,-0.37,104.89,1,-64,-7,15,9,63,1,12896770,377
520.09,1547646995,4469.02,51.472413,7.454146,162.05,15.87,-0.16,105.25,1,-64,-6,21,15,63,1,12896770,377
521.10,1547646996,4484.97,51.472375,7.454363,162.47,15.75,-0.13,105.96,1,-64,-6,21,15,63,1,12896770,377
522.09,1547646997,4500.67,51.472340,7.454563,162.98,15.27,-0.48,105.73,1,-67,-6,21,15,63,1,12896770,377
523.09,1547646998,4515.91,51.472300,7.454784,163.33,15.21,-0.06,106.93,1,-67,-6,21,15,63,1,12896770,377
524.09,1547646999,4531.12,51.472260,7.454990,163.51,15.10,-0.12,107.82,1,-69,-7,20,14,63,1,12896770,377
525.09,1547647000,4546.19,51.472219,7.455201,163.73,14.80,-0.30,108.15,1,-69,-7,20,14,63,1,12896770,377
526.09,1547647001,4560.98,51.472179,7.455393,163.64,14.26,-0.54,108.96,1,-73,-6,19,12,59,1,12896770,377
527.09,1547647002,4575.27,51.472145,7.455570,163.20,13.48,-0.77,109.73,1,-73,-6,19,12,59,1,12896770,377
528.09,1547647003,4588.77,51.472104,7.455754,162.77,13.19,-0.29,110.65,1,-76,-6,23,12,56,1,12896770,377
529.09,1547647004,4601.94,51.472061,7.455934,162.51,13.02,-0.17,111.69,1,-76,-6,23,12,56,1,12896770,377
530.09,1547647005,4614.98,51.472017,7.456106,162.60,12.73,-0.29,112.72,1,-78,-9,14,8,58,1,12896770,377
531.09,1547647006,4627.71,51.471973,7.456272,162.39,12.73,-0.00,113.43,1,-78,-9,14,8,58,1,12896770,377
532.09,1547647007,4640.44,51.471925,7.456444,162.07,12.64,-0.09,114.30,1,-77,-7,18,8,56,1,12896770,377
533.09,1547647008,4653.03,51.471879,7.456612,161.61,12.63,-0.02,114.37,1,-77,-7,18,8,56,1,12896770,377
534.09,1547647009,4665.67,51.471835,7.456772,160.99,12.62,-0.01,114.84,1,-80,-10,17,8,55,1,12896770,377
535.09,1547647010,4678.32,51.471788,7.456930,160.32,12.54,-0.08,115.57,1,-80,-10,17,8,55,1,12896770,377
536.09,1547647011,4690.86,51.471743,7.457086,159.55,12.50,-0.04,115.66,1,-82,-7,24,12,51,1,12896770,377
537.09,1547647012,4703.36,51.471699,7.457239,158.58,12.76,0.26,115.50,1,-82,-7,24,12,51,1,12896770,377
538.10,1547647013,4716.22,51.471647,7.457412,157.39,13.34,0.57,115.91,1,-83,-9,16,11,52,1,12896770,377
539.09,1547647014,4729.45,51.471597,7.457576,156.41,13.41,0.08,116.61,1,-83,-9,16,11,52,1,12896770,377
540.09,1547647015,4742.85,51.471546,7.457744,155.59,13.42,0.01,117.00,1,-83,-9,16,11,52,1,12896770,377
541.09,1547647016,4756.26,51.471489,7.457925,155.05,13.58,0.16,117.96,1,-86,-8,14,11,48,1,12896770,377
542.09,1547647017,4769.86,51.471434,7.458092,154.49,13.21,-0.37,117.56,1,-86,-8,14,11,48,1,12896770,377
543.09,1547647018,4783.04,51.471388,7.458245,153.80,12.00,-1.22,116.90,1,-86,-7,24,11,46,1,12896770,377
544.09,1547647019,4795.07,51.471338,7.458399,153.02,11.18,-0.81,116.06,1,-86,-7,24,11,46,1,12896770,377
545.09,1547647020,4806.19,51.471292,7.458548,152.15,10.35,-0.83,115.31,1,-88,-8,13,11,47,1,12896770,377
546.09,1547647021,4816.58,51.471248,7.458686,151.33,10.07,-0.29,115.08,1,-88,-8,13,11,47,1,12896770,377
547.09,1547647022,4826.63,51.471202,7.458825,150.56,9.81,-0.26,115.78,1,-88,-10,12,7,47,1,12896770,377
548.09,1547647023,4836.43,51.471164,7.458941,149.76,9.09,-0.72,116.20,1,-88,-10,12,7,47,1,12896770,377
549.09,1547647024,4845.55,51.471130,7.459046,149.18,7.82,-1.27,115.90,1,-83,-7,16,11,49,1,12896770,377
550.09,1547647025,4853.36,51.471105,7.459129,149.04,6.26,-1.56,116.03,1,-83,-7,16,11,49,1,12896770,377
551.09,1547647026,4859.63,51.471081,7.459199,149.19,4.60,-1.65,115.61,1,-82,-6,17,11,50,1,12896770,377
552.09,1547647027,4864.22,51.471066,7.459251,149.21,3.67,-0.93,116.32,1,-82,-6,17,11,50,1,12896770,377
553.09,1547647028,4867.89,51.471053,7.459292,149.27,2.74,-0.94,117.48,1,-86,-7,15,9,47,1,12896770,377
554.09,1547647029,4870.62,51.471047,7.459318,149.34,1.24,-1.50,116.87,1,-86,-7,15,9,47,1,12896770,377
555.09,1547647030,4871.87,51.471047,7.459318,149.35,0.00,-1.23,116.87,1,-83,-8,15,9,52,1,12896770,377
556.09,1547647031,4871.87,51.471047,7.459318,149.36,0.00,0.00,116.87,1,-83,-8,15,9,52,1,12896770,377
557.09,1547647032,4871.87,51.471047,7.459318,149.37,0.00,0.00,116.87,1,-85,-7,16,10,50,1,12896770,377
558.09,1547647033,4871.87,51.471047,7.459318,149.38,0.00,0.00,116.87,1,-85,-7,16,10,50,1,12896770,377
559.10,1547647034,4871.87,51.471047,7.459318,149.39,0.00,0.00,116.87,1,-84,-7,19,12,52,1,12896770,377
560.09,1547647035,4871.87,51.471047,7.459318,149.39,0.00,0.00,116.87,1,-84,-7,19,12,52,1,12896770,377
561.09,1547647036,4871.87,51.471047,7.459318,149.40,0.00,0.00,116.87,1,-84,-7,19,12,52,1,12896770,377
562.09,1547647037,4871.87,51.471047,7.459318,149.41,0.00,0.00,116.87,1,-85,-12,28,11,53,1,12896770,377
563.09,1547647038,4871.87,51.471047,7.459318,149.42,0.00,0.00,116.87,1,-85,-12,28,11,53,1,12896770,377
564.09,1547647039,4871.87,51.471047,7.459318,149.42,0.00,0.00,116.87,1,-86,-13,21,12,52,1,12896770,377
565.09,1547647040,4871.87,51.471047,7.459318,149.43,0.00,0.00,116.87,1,-86,-13,21,12,52,1,12896770,377
566.09,1547647041,4871.87,51.471047,7.459318,149.45,0.00,0.00,116.87,1,-83,-11,28,11,54,1,12896770,377
567.09,1547647042,4871.87,51.471047,7.459318,149.46,0.00,0.00,116.87,1,-83,-11,28,11,54,1,12896770,377
568.09,1547647043,4871.87,51.471047,7.459318,149.47,0.00,0.00,116.87,1,-81,-7,26,10,53,1,12896770,377
569.09,1547647044,4871.87,51.471047,7.459318,149.48,0.00,0.00,116.87,1,-81,-7,26,10,53,1,12896770,377
570.09,1547647045,4871.87,51.471047,7.459318,149.49,0.00,0.00,116.87,1,-80,-6,28,10,52,1,12896770,377
571.09,1547647046,4871.87,51.471047,7.459318,149.51,0.00,0.00,116.87,1,-80,-6,28,10,52,1,12896770,377
572.09,1547647047,4871.87,51.471047,7.459318,149.52,0.00,0.00,116.87,1,-82,-8,14,10,53,1,12896770,377
573.09,1547647048,4871.87,51.471047,7.459318,149.53,0.00,0.00,116.87,1,-82,-8,14,10,53,1,12896770,377
574.09,1547647049,4871.87,51.471047,7.459318,149.54,0.00,0.00,116.87,1,-82,-6,29,12,51,1,12896770,377
575.09,1547647050,4871.87,51.471047,7.459318,149.56,0.00,0.00,116.87,1,-82,-6,29,12,51,1,12896770,377
576.09,1547647051,4871.87,51.471047,7.459318,149.57,0.00,0.00,116.87,1,-84,-7,31,11,51,1,12896770,377
577.09,1547647052,4871.87,51.471047,7.459318,149.58,0.00,0.00,116.87,1,-84,-7,31,11,51,1,12896770,377
578.09,1547647053,4871.87,51.471047,7.459318,149.60,0.00,0.00,116.87,1,-81,-11,27,11,56,1,12896770,377
579.09,1547647054,4871.87,51.471047,7.459318,149.61,0.00,0.00,116.87,1,-81,-11,27,11,56,1,12896770,377
580.10,1547647055,4871.87,51.471047,7.459318,149.63,0.00,0.00,116.87,1,-81,-6,31,11,52,1,12896770,377
581.09,1547647056,4871.87,51.471047,7.459318,149.65,0.00,0.00,116.87,1,-81,-6,31,11,52,1,12896770,377
582.09,1547647057,4871.87,51.471047,7.459318,149.66,0.00,0.00,116.87,1,-81,-6,31,11,52,1,12896770,377
583.09,1547647058,4871.87,51.471047,7.459318,149.68,0.00,0.00,116.87,1,-80,-10,19,11,56,1,12896770,377
584.09,1547647059,4871.87,51.471047,7.459318,149.70,0.00,0.00,116.87,1,-80,-10,19,11,56,1,12896770,377
585.09,1547647060,4871.87,51.471047,7.459318,149.71,0.00,0.00,116.87,1,-82,-11,17,8,57,1,12896770,377
586.09,1547647061,4871.87,51.471047,7.459318,149.73,0.00,0.00,116.87,1,-82,-11,17,8,57,1,12896770,377
587.09,1547647062,4871.87,51.471047,7.459318,149.74,0.00,0.00,116.87,1,-83,-10,17,12,55,1,12896770,377
588.09,1547647063,4871.87,51.471047,7.459318,149.76,0.00,0.00,116.87,1,-83,-10,17,12,55,1,12896770,377
589.09,1547647064,4871.87,51.471047,7.459318,149.78,0.00,0.00,116.87,1,-83,-7,31,12,52,1,12896770,377
590.09,1547647065,4871.87,51.471047,7.459318,149.79,0.00,0.00,116.87,1,-83,-7,31,12,52,1,12896770,377
591.09,1547647066,4871.87,51.471047,7.459318,149.81,0.00,0.00,116.87,1,-83,-11,30,11,55,1,12896770,377
592.09,1547647067,4871.87,51.471047,7.459318,149.82,0.00,0.00,116.87,1,-83,-11,30,11,55,1,12896770,377
593.09,1547647068,4871.87,51.471047,7.459318,149.84,0.00,0.00,116.87,1,-82,-11,33,12,57,1,12896770,377
594.09,1547647069,4871.87,51.471047,7.459318,149.85,0.00,0.00,116.87,1,-82,-11,33,12,57,1,12896770,377
595.09,1547647070,4871.87,51.471047,7.459318,149.86,0.00,0.00,116.87,1,-82,-6,31,11,52,1,12896770,377
596.09,1547647071,4871.87,51.471047,7.459318,149.87,0.00,0.00,116.87,1,-82,-6,31,11,52,1,12896770,377
597.09,1547647072,4871.87,51.471047,7.459318,149.88,0.00,0.00,116.87,1,-83,-11,15,11,53,1,12896770,377
598.09,1547647073,4871.87,51.471047,7.459318,150.01,0.00,0.00,104.53,1,-83,-11,15,11,53,1,12896770,377
599.09,1547647074,4871.87,51.471047,7.459318,150.13,0.00,0.00,106.45,1,-83,-11,28,12,53,1,12896770,377
600.09,1547647075,4871.87,51.471022,7.459434,150.99,5.25,0.00,109.57,1,-83,-11,28,12,53,1,12896770,377
601.10,1547647076,4877.15,51.471003,7.459506,151.62,5.98,0.72,111.35,1,-81,-8,30,11,54,1,12896770,377
602.09,1547647077,4883.09,51.470983,7.459583,151.83,7.14,1.17,112.98,1,-81,-8,30,11,54,1,12896770,377
603.09,1547647078,4890.25,51.470950,7.459709,151.92,8.80,1.66,113.47,1,-81,-8,30,11,54,1,12896770,377
604.11,1547647079,4899.20,51.470911,7.459849,152.23,11.01,2.17,114.10,1,-84,-10,20,8,52,1,12896770,377
605.09,1547647080,4909.98,51.470866,7.460007,152.31,12.27,1.28,114.58,1,-84,-10,20,8,52,1,12896770,377
606.09,1547647081,4922.29,51.470825,7.460155,152.43,13.24,0.97,114.05,1,-84,-9,14,9,51,1,12896770,377
607.09,1547647082,4935.53,51.470776,7.460336,152.67,14.06,0.82,113.01,1,-84,-9,14,9,51,1,12896770,377
608.09,1547647083,4949.59,51.470719,7.460545,152.89,15.13,1.07,112.54,1,-85,-9,14,9,49,1,12896770,377
609.09,1547647084,4964.71,51.470666,7.460744,153.35,14.68,-0.45,113.23,1,-85,-9,14,9,49,1,12896770,377
610.09,1547647085,4979.38,51.470612,7.460940,153.73,14.58,-0.09,114.12,1,-85,-7,25,10,49,1,12896770,377
611.09,1547647086,4993.97,51.470561,7.461131,153.92,15.54,0.96,114.77,1,-85,-7,25,10,49,1,12896770,377
612.09,1547647087,5009.52,51.470506,7.461329,154.18,15.15,-0.39,114.96,1,-87,-7,20,8,46,1,12896770,377
613.10,1547647088,5024.73,51.470447,7.461521,154.33,14.91,-0.24,115.65,1,-87,-7,20,8,46,1,12896770,377
614.09,1547647089,5039.59,51.470385,7.461716,154.74,14.57,-0.35,115.84,1,-89,-8,22,9,44,1,12896770,377
615.09,1547647090,5054.14,51.470328,7.461899,154.85,14.06,-0.51,115.43,1,-89,-8,22,9,44,1,12896770,377
616.09,1547647091,5068.20,51.470270,7.462089,154.76,14.22,0.16,115.76,1,-89,-12,15,9,48,1,12896770,377
617.09,1547647092,5082.42,51.470211,7.462285,154.93,14.01,-0.21,116.00,1,-89,-12,15,9,48,1,12896770,377
618.09,1547647093,5096.43,51.470159,7.462463,155.12,13.48,-0.53,115.46,1,-87,-9,24,12,47,1,12896770,377
619.09,1547647094,5109.93,51.470111,7.462626,155.26,12.92,-0.56,115.31,1,-87,-9,24,12,47,1,12896770,377
620.09,1547647095,5122.84,51.470063,7.462792,155.32,12.66,-0.26,114.86,1,-87,-7,22,10,45,1,12896770,377
621.09,1547647096,5135.49,51.470014,7.462951,155.34,12.65,-0.01,115.24,1,-87,-7,22,10,45,1,12896770,377
622.10,1547647097,5148.24,51.469964,7.463123,155.17,13.12,0.47,115.26,1,-89,-8,6,7,44,1,12896770,377
623.09,1547647098,5161.27,51.469914,7.463297,155.16,13.15,0.03,114.55,1,-89,-8,6,7,44,1,12896770,377
624.09,1547647099,5174.40,51.469867,7.463480,154.99,13.04,-0.11,112.27,1,-89,-8,6,7,44,1,12896770,377
625.09,1547647100,5187.46,51.469822,7.463656,154.95,13.07,0.03,111.65,1,-89,-16,1,7,50,1,12896770,377
626.09,1547647101,5200.53,51.469777,7.463831,154.63,13.62,0.55,111.75,1,-89,-16,1,7,50,1,12896770,377
627.09,1547647102,5214.16,51.469737,7.464009,154.07,13.62,0.00,110.89,1,-93,-10,-2,7,43,1,12896770,377
628.09,1547647103,5227.79,51.469695,7.464189,153.72,13.28,-0.34,109.93,1,-93,-10,-2,7,43,1,12896770,377
629.09,1547647104,5241.06,51.469653,7.464384,153.47,12.39,-0.90,109.20,1,-94,-9,3,9,40,1,12896770,377
630.09,1547647105,5253.44,51.469618,7.464568,153.64,12.31,-0.07,107.40,1,-94,-9,3,9,40,1,12896770,377
631.09,1547647106,5265.73,51.469585,7.464750,153.96,11.70,-0.61,105.39,1,-93,-8,20,7,40,1,12896770,377
632.09,1547647107,5277.44,51.469560,7.464917,154.11,12.41,0.72,104.06,1,-93,-8,20,7,40,1,12896770,377
633.10,1547647108,5289.90,51.469532,7.465108,153.99,13.00,0.58,102.53,1,-94,-9,9,7,40,1,12896770,377
634.09,1547647109,5302.86,51.469503,7.465317,153.85,13.25,0.25,101.44,1,-94,-9,9,7,40,1,12896770,377
635.09,1547647110,5316.11,51.469476,7.465532,153.93,13.34,0.09,100.69,1,-94,-10,7,9,41,1,12896770,377
636.09,1547647111,5329.45,51.469458,7.465726,154.18,13.60,0.26,99.52,1,-94,-10,7,9,41,1,12896770,377
637.09,1547647112,5343.03,51.469441,7.465933,154.48,13.96,0.37,97.97,1,-98,-10,6,5,37,1,12896770,377
638.09,1547647113,5357.00,51.469425,7.466145,154.54,14.63,0.67,96.29,1,-98,-10,6,5,37,1,12896770,377
639.09,1547647114,5371.66,51.469416,7.466349,154.76,14.93,0.30,94.87,1,-97,-10,5,7,39,1,12896770,377
640.09,1547647115,5386.57,51.469416,7.466541,155.27,15.15,0.22,93.43,1,-97,-10,5,7,39,1,12896770,377
641.09,1547647116,5401.75,51.469416,7.466769,155.66,15.75,0.60,91.66,1,-93,-12,5,8,44,1,12896770,377
642.09,1547647117,5417.44,51.469419,7.466998,155.89,16.25,0.49,89.96,1,-93,-12,5,8,44,1,12896770,377
643.09,1547647118,5433.74,51.469430,7.467225,155.91,16.18,-0.07,88.45,1,-92,-10,5,8,45,1,12896770,377
644.09,1547647119,5449.91,51.469443,7.467459,156.02,16.45,0.28,87.08,1,-92,-10,5,8,45,1,12896770,377
645.09,1547647120,5466.30,51.469460,7.467706,156.04,17.08,0.63,85.75,1,-92,-10,5,8,45,1,12896770,377
646.09,1547647121,5483.38,51.469480,7.467956,156.03,17.14,0.06,84.00,1,-90,-12,7,6,47,1,12896770,377
647.09,1547647122,5500.53,51.469501,7.468228,156.13,18.00,0.86,83.20,1,-90,-12,7,6,47,1,12896770,377
648.09,1547647123,5518.54,51.469524,7.468496,156.09,18.15,0.15,82.59,1,-91,-12,9,7,46,1,12896770,377
649.09,1547647124,5536.69,51.469548,7.468752,156.15,18.33,0.18,81.66,1,-91,-12,9,7,46,1,12896770,377
650.09,1547647125,5555.02,51.469576,7.469005,156.71,18.00,-0.33,80.86,1,-91,-11,9,7,45,1,12896770,377
651.09,1547647126,5573.02,51.469604,7.469258,157.30,18.26,0.25,80.42,1,-91,-11,9,7,45,1,12896770,377
652.09,1547647127,5591.33,51.469635,7.469505,157.92,18.40,0.15,79.60,1,-90,-12,10,7,47,1,12896770,377
653.09,1547647128,5609.72,51.469667,7.469767,158.61,18.52,0.12,80.02,1,-90,-12,10,7,47,1,12896770,377
654.09,1547647129,5628.15,51.469701,7.470057,158.95,19.07,0.55,80.37,1,-95,-12,7,5,43,1,12896770,377
655.09,1547647130,5647.28,51.469725,7.470346,159.11,20.25,1.17,82.13,1,-95,-12,7,5,43,1,12896770,377
656.09,1547647131,5667.56,51.469749,7.470597,159.16,19.24,-1.00,82.88,1,-93,-11,7,6,45,1,12896770,377
657.09,1547647132,5686.81,51.469766,7.470860,159.13,19.07,-0.17,83.78,1,-93,-11,7,6,45,1,12896770,377
658.09,1547647133,5705.86,51.469787,7.471131,159.34,19.05,-0.02,84.49,1,-95,-12,6,6,43,1,12896770,377
659.09,1547647134,5724.94,51.469799,7.471407,159.69,18.52,-0.52,86.61,1,-95,-12,6,6,43,1,12896770,377
660.09,1547647135,5743.44,51.469801,7.471682,160.06,18.83,0.31,88.54,1,-96,-10,5,6,39,1,12896770,377
661.09,1547647136,5762.27,51.469801,7.471950,160.55,18.21,-0.62,89.76,1,-96,-10,5,6,39,1,12896770,377
662.09,1547647137,5780.52,51.469796,7.472221,160.94,18.95,0.74,91.94,1,-96,-14,3,7,43,1,12896770,377
663.09,1547647138,5799.45,51.469787,7.472488,161.48,18.80,-0.15,93.27,1,-96,-14,3,7,43,1,12896770,377
664.10,1547647139,5818.40,51.469771,7.472769,161.73,19.30,0.50,94.43,1,-95,-13,2,7,43,1,12896770,377
665.09,1547647140,5837.51,51.469756,7.473039,162.06,18.64,-0.67,95.11,1,-95,-13,2,7,43,1,12896770,377
666.09,1547647141,5856.17,51.469738,7.473305,162.28,18.19,-0.45,96.18,1,-95,-13,2,7,43,1,12896770,377
667.09,1547647142,5874.38,51.469720,7.473566,162.53,18.09,-0.10,96.88,1,-97,-14,1,6,42,1,12896770,377
668.09,1547647143,5892.47,51.469695,7.473821,162.73,18.03,-0.06,97.33,1,-97,-14,1,6,42,1,12896770,377
669.09,1547647144,5910.50,51.469669,7.474082,162.88,18.09,0.06,98.09,1,-98,-14,0,5,42,1,12896770,377
670.09,1547647145,5928.61,51.469644,7.474349,163.07,18.27,0.18,97.54,1,-98,-14,0,5,42,1,12896770,377
671.09,1547647146,5946.88,51.469619,7.474620,163.48,18.33,0.06,97.89,1,-97,-14,-3,5,42,1,12896770,377
672.09,1547647147,5965.22,51.469598,7.474883,163.58,18.05,-0.29,97.70,1,-97,-14,-3,5,42,1,12896770,377
673.09,1547647148,5983.27,51.469579,7.475129,164.03,17.57,-0.48,96.83,1,-100,-17,-6,3,42,1,12896770,377
674.09,1547647149,6000.84,51.469564,7.475375,164.59,16.88,-0.69,96.20,1,-100,-17,-6,3,42,1,12896770,377
675.09,1547647150,6017.71,51.469549,7.475615,165.24,16.16,-0.72,95.48,1,-100,-16,-10,3,41,1,12896770,377
676.09,1547647151,6033.85,51.469540,7.475838,165.89,14.87,-1.29,94.57,1,-100,-16,-10,3,41,1,12896770,377
677.09,1547647152,6048.73,51.469536,7.476050,166.71,14.04,-0.84,92.94,1,-100,-16,-9,3,40,1,12896770,377
678.09,1547647153,6062.76,51.469533,7.476252,167.59,13.48,-0.56,92.39,1,-100,-16,-9,3,40,1,12896770,377
679.09,1547647154,6076.27,51.469533,7.476438,168.34,12.89,-0.59,91.31,1,-102,-17,-7,3,41,1,12896770,377
680.09,1547647155,6089.15,51.469536,7.476621,168.80,11.41,-1.48,88.46,1,-102,-17,-7,3,41,1,12896770,377
681.09,1547647156,6100.54,51.469542,7.476810,168.84,11.97,0.56,85.97,1,-104,-19,-8,3,40,1,12896770,377
682.09,1547647157,6112.52,51.469552,7.477001,168.75,12.10,0.13,83.56,1,-104,-19,-8,3,40,1,12896770,377
683.09,1547647158,6124.64,51.469563,7.477186,168.77,12.44,0.34,82.74,1,-105,-19,-10,1,40,1,12896770,377
684.10,1547647159,6137.10,51.469580,7.477331,169.03,11.12,-1.32,80.09,1,-105,-19,-10,1,40,1,12896770,377
685.10,1547647160,6148.25,51.469598,7.477486,169.40,11.85,0.72,79.15,1,-99,-17,-9,2,44,28,12910339,270
686.09,1547647161,6160.04,51.469620,7.477659,169.63,11.78,-0.06,78.66,1,-99,-17,-9,2,44,28,12910339,270
687.10,1547647162,6171.91,51.469639,7.477826,169.84,11.64,-0.14,79.48,1,-100,-21,-11,1,47,28,12910339,270
688.09,1547647163,6183.46,51.469660,7.478006,170.30,10.99,-0.66,78.56,1,-100,-21,-11,1,47,28,12910339,270
689.09,1547647164,6194.45,51.469680,7.478186,170.59,10.64,-0.35,78.18,1,-100,-21,-11,1,47,28,12910339,270
690.09,1547647165,6205.09,51.469699,7.478340,170.68,9.95,-0.69,77.48,1,-90,-13,-3,4,48,38,12903683,233
691.09,1547647166,6215.04,51.469717,7.478480,170.90,9.35,-0.60,76.83,1,-90,-13,-3,4,48,38,12903683,233
692.09,1547647167,6224.38,51.469736,7.478610,171.32,8.66,-0.69,76.07,1,-94,-14,-2,6,46,38,12903683,233
693.09,1547647168,6233.03,51.469754,7.478731,171.72,7.34,-1.32,75.12,1,-94,-14,-2,6,46,38,12903683,233
694.09,1547647169,6240.38,51.469769,7.478825,172.07,6.17,-1.16,74.53,1,-95,-14,-1,4,44,38,12903683,233
695.09,1547647170,6246.56,51.469782,7.478903,172.39,5.11,-1.07,74.97,1,-95,-14,-1,4,44,38,12903683,233
696.09,1547647171,6251.66,51.469792,7.478965,172.63,4.24,-0.87,75.81,1,-89,-12,4,6,47,38,12903683,233
697.09,1547647172,6255.90,51.469800,7.479010,172.64,3.18,-1.06,75.01,1,-89,-12,4,6,47,38,12903683,233
698.09,1547647173,6259.07,51.469805,7.479028,172.63,0.62,-2.56,75.01,1,-93,-12,3,6,44,38,12903683,233
699.09,1547647174,6259.69,51.469805,7.479028,172.63,0.00,-0.62,75.01,1,-93,-12,3,6,44,38,12903683,233
700.09,1547647175,6259.69,51.469805,7.479028,172.62,0.00,0.00,75.01,1,-93,-12,2,7,45,38,12903683,233
701.09,1547647176,6259.69,51.469805,7.479028,172.60,0.00,0.00,75.01,1,-93,-12,2,7,45,38,12903683,233
702.09,1547647177,6259.69,51.469805,7.479028,172.59,0.00,0.00,75.01,1,-93,-13,2,6,44,38,12903683,233
703.09,1547647178,6259.69,51.469805,7.479028,172.57,0.00,0.00,75.01,1,-93,-13,2,6,44,38,12903683,233
704.09,1547647179,6259.69,51.469805,7.479028,172.56,0.00,0.00,75.01,1,-93,-12,2,6,44,38,12903683,233
705.09,1547647180,6259.69,51.469805,7.479028,172.54,0.00,0.00,75.01,1,-93,-12,2,6,44,38,12903683,233
706.10,1547647181,6259.69,51.469805,7.479028,172.53,0.00,0.00,75.01,1,-93,-13,2,6,44,38,12903683,233
707.09,1547647182,6259.69,51.469805,7.479028,172.51,0.00,0.00,75.01,1,-93,-13,2,6,44,38,12903683,233
708.10,1547647183,6259.69,51.469805,7.479028,172.50,0.00,0.00,75.01,1,-96,-13,2,5,42,38,12903683,233
709.09,1547647184,6259.69,51.469805,7.479028,172.48,0.00,0.00,75.01,1,-96,-13,2,5,42,38,12903683,233
710.09,1547647185,6259.69,51.469805,7.479028,172.47,0.00,0.00,75.01,1,-96,-13,2,5,42,38,12903683,233
711.09,1547647186,6259.69,51.469805,7.479028,172.46,0.00,0.00,75.01,1,-92,-13,1,4,45,38,12903683,233
712.09,1547647187,6259.69,51.469805,7.479028,172.45,0.00,0.00,75.01,1,-92,-13,1,4,45,38,12903683,233
713.09,1547647188,6259.69,51.469805,7.479028,172.44,0.00,0.00,75.01,1,-94,-13,2,5,44,38,12903683,233
714.09,1547647189,6259.69,51.469805,7.479028,172.43,0.00,0.00,75.01,1,-94,-13,2,5,44,38,12903683,233
715.09,1547647190,6259.69,51.469805,7.479028,172.43,0.00,0.00,75.01,1,-93,-12,2,5,44,38,12903683,233
716.09,1547647191,6259.69,51.469805,7.479028,172.43,0.00,0.00,75.01,1,-93,-12,2,5,44,38,12903683,233
717.09,1547647192,6259.69,51.469805,7.479028,172.42,0.00,0.00,80.13,1,-92,-13,1,4,46,38,12903683,233
718.09,1547647193,6259.69,51.469805,7.479028,172.43,0.00,0.00,72.74,1,-92,-13,1,4,46,38,12903683,233
719.09,1547647194,6259.69,51.469833,7.479143,172.64,5.96,0.00,73.12,1,-97,-14,0,4,42,38,12903683,233
720.09,1547647195,6265.64,51.469847,7.479209,172.67,5.84,-0.11,73.70,1,-97,-14,0,4,42,38,12903683,233
721.09,1547647196,6271.49,51.469865,7.479298,172.75,6.65,0.81,74.47,1,-91,-12,3,5,45,38,12903683,233
722.09,1547647197,6278.13,51.469885,7.479401,172.87,8.04,1.39,74.60,1,-91,-12,3,5,45,38,12903683,233
723.09,1547647198,6286.14,51.469909,7.479526,172.96,9.62,1.59,74.17,1,-96,-14,1,4,42,38,12903683,233
724.09,1547647199,6295.80,51.469935,7.479655,173.39,9.93,0.30,73.59,1,-96,-14,1,4,42,38,12903683,233
725.10,1547647200,6305.76,51.469965,7.479793,173.56,10.47,0.54,71.06,1,-102,-16,-3,2,40,38,12903683,233
726.09,1547647201,6316.20,51.469997,7.479928,174.02,11.14,0.68,69.64,1,-102,-16,-3,2,40,38,12903683,233
727.09,1547647202,6327.35,51.470034,7.480083,174.36,12.18,1.03,69.23,1,-102,-16,-5,1,39,38,12903683,233
728.09,1547647203,6339.54,51.470076,7.480264,174.54,13.45,1.27,68.84,1,-102,-16,-5,1,39,38,12903683,233
729.10,1547647204,6353.06,51.470127,7.480485,174.57,14.34,0.88,69.46,1,-98,-14,-2,3,40,38,12903683,233
730.09,1547647205,6367.30,51.470175,7.480704,174.56,14.04,-0.30,69.95,1,-98,-14,-2,3,40,38,12903683,233
731.09,1547647206,6381.28,51.470218,7.480908,174.12,13.97,-0.08,70.67,1,-98,-14,-2,3,40,38,12903683,233
732.09,1547647207,6395.31,51.470254,7.481092,173.92,14.05,0.08,71.48,1,-108,-19,-7,1,36,38,12903683,233
733.09,1547647208,6409.37,51.470286,7.481284,173.79,13.86,-0.18,72.27,1,-108,-19,-7,1,36,38,12903683,233
734.09,1547647209,6423.21,51.470311,7.481436,173.82,9.60,-4.27,72.67,1,-104,-17,-7,2,40,38,12903683,233
735.09,1547647210,6432.81,51.470315,7.481505,174.05,6.18,-3.41,75.84,1,-104,-17,-7,2,40,38,12903683,233
736.09,1547647211,6439.00,51.470290,7.481582,174.32,5.94,-0.24,118.52,1,-106,-20,-8,1,39,38,13623299,233
737.09,1547647212,6444.94,51.470229,7.481639,174.33,8.17,2.23,149.16,1,-106,-20,-8,1,39,38,13623299,233
738.09,1547647213,6453.11,51.470144,7.481674,174.38,10.26,2.09,163.76,1,-110,-21,-13,1,37,30,12896770,377
739.09,1547647214,6463.37,51.470046,7.481716,174.37,11.57,1.31,164.20,1,-110,-21,-13,1,37,30,12896770,377
740.09,1547647215,6474.92,51.469931,7.481768,174.60,13.08,1.51,163.93,1,-84,-12,13,6,51,7,12909339,289
741.09,1547647216,6488.00,51.469806,7.481830,174.72,13.87,0.79,164.26,1,-84,-12,13,6,51,7,12909339,289
742.09,1547647217,6501.88,51.469687,7.481885,174.50,12.74,-1.13,163.87,1,-87,-6,14,13,46,7,12909339,289
743.09,1547647218,6514.58,51.469573,7.481938,174.56,12.92,0.17,164.65,1,-87,-6,14,13,46,7,12909339,289
744.09,1547647219,6527.50,51.469447,7.481990,174.30,13.90,0.98,165.13,1,-86,-8,13,9,48,7,12909339,289
745.09,1547647220,6541.44,51.469330,7.482047,174.18,13.04,-0.85,163.19,1,-86,-8,13,9,48,7,12909339,289
746.09,1547647221,6554.50,51.469215,7.482098,174.21,13.77,0.73,164.63,1,-90,-8,10,8,43,7,12909339,289
747.09,1547647222,6568.26,51.469092,7.482150,174.25,13.25,-0.52,165.60,1,-90,-8,10,8,43,7,12909339,289
748.09,1547647223,6581.47,51.468978,7.482194,174.35,12.94,-0.31,165.98,1,-86,-7,11,9,46,7,12909339,289
749.09,1547647224,6594.40,51.468858,7.482244,174.00,13.00,0.06,166.46,1,-86,-7,11,9,46,7,12909339,289
750.09,1547647225,6607.38,51.468742,7.482296,173.55,12.86,-0.14,166.62,1,-85,-10,11,8,50,7,12909339,289
751.09,1547647226,6620.30,51.468622,7.482344,173.24,12.57,-0.28,165.09,1,-85,-10,11,8,50,7,12909339,289
752.09,1547647227,6632.90,51.468500,7.482398,173.38,12.72,0.14,164.43,1,-85,-11,13,9,51,7,12909339,289
753.09,1547647228,6645.55,51.468385,7.482453,173.71,12.38,-0.34,163.35,1,-85,-11,13,9,51,7,12909339,289
754.09,1547647229,6657.92,51.468280,7.482502,174.02,11.54,-0.84,163.75,1,-85,-11,13,9,51,7,12909339,289
755.09,1547647230,6669.48,51.468183,7.482546,173.99,11.27,-0.26,163.05,1,-86,-11,14,9,50,7,12909339,289
756.09,1547647231,6680.73,51.468083,7.482592,173.29,11.64,0.37,163.81,1,-86,-11,14,9,50,7,12909339,289
757.09,1547647232,6692.36,51.467984,7.482633,172.58,11.35,-0.29,164.96,1,-86,-12,10,10,52,7,12909339,289
758.09,1547647233,6703.72,51.467883,7.482671,172.05,11.47,0.12,166.47,1,-86,-12,10,10,52,7,12909339,289
759.09,1547647234,6715.21,51.467787,7.482698,171.39,10.26,-1.21,167.86,1,-87,-11,12,9,49,7,12909339,289
760.09,1547647235,6725.46,51.467709,7.482719,170.98,8.96,-1.30,168.87,1,-87,-11,12,9,49,7,12909339,289
761.09,1547647236,6734.43,51.467632,7.482737,170.45,8.70,-0.26,167.50,1,-87,-11,13,10,48,7,12909339,289
762.09,1547647237,6743.12,51.467546,7.482756,169.93,10.41,1.71,168.54,1,-87,-11,13,10,48,7,12909339,289
763.09,1547647238,6753.54,51.467442,7.482775,169.40,11.96,1.55,170.73,1,-90,-11,14,9,46,7,12909339,289
764.09,1547647239,6765.51,51.467306,7.482785,168.98,13.19,1.23,173.53,1,-90,-11,14,9,46,7,12909339,289
765.09,1547647240,6778.68,51.467169,7.482785,168.82,14.17,0.98,176.26,1,-91,-11,14,9,46,7,12909339,289
766.09,1547647241,6792.86,51.467041,7.482774,168.88,15.67,1.50,179.03,1,-91,-11,14,9,46,7,12909339,289
767.09,1547647242,6808.54,51.466891,7.482757,169.03,16.63,0.96,181.55,1,-91,-11,13,8,46,7,12909339,289
768.09,1547647243,6825.20,51.466749,7.482733,169.12,16.52,-0.11,184.51,1,-91,-11,13,8,46,7,12909339,289
769.09,1547647244,6841.75,51.466609,7.482693,169.19,15.88,-0.64,187.71,1,-90,-11,12,8,46,7,12909339,289
770.09,1547647245,6857.64,51.466460,7.482637,169.00,15.89,0.00,191.21,1,-90,-11,12,8,46,7,12909339,289
771.09,1547647246,6873.51,51.466315,7.482572,168.68,15.33,-0.55,193.59,1,-87,-11,11,8,47,7,12909339,289
772.09,1547647247,6888.84,51.466178,7.482503,168.73,15.39,0.05,194.97,1,-87,-11,11,8,47,7,12909339,289
773.10,1547647248,6904.38,51.466029,7.482416,168.03,15.63,0.24,197.90,1,-94,-9,10,8,39,7,12909339,289
774.09,1547647249,6919.88,51.465904,7.482346,167.78,13.82,-1.82,198.39,1,-94,-9,10,8,39,7,12909339,289
775.09,1547647250,6933.71,51.465786,7.482283,167.32,13.48,-0.34,197.43,1,-94,-9,10,8,39,7,12909339,289
776.09,1547647251,6947.16,51.465651,7.482209,166.46,13.48,0.00,197.21,1,-100,-10,11,8,36,7,12909339,289
777.09,1547647252,6960.64,51.465519,7.482113,164.68,14.94,1.46,202.50,1,-100,-10,11,8,36,7,12909339,289
778.09,1547647253,6975.59,51.465397,7.482022,162.78,14.33,-0.61,202.11,1,-89,-11,10,7,47,7,12909339,289
779.09,1547647254,6989.89,51.465274,7.481907,162.41,15.10,0.78,202.53,1,-89,-11,10,7,47,7,12909339,289
780.09,1547647255,7005.02,51.465165,7.481780,162.27,15.33,0.23,202.84,1,-92,-12,8,8,45,7,12909339,289
781.09,1547647256,7020.37,51.465045,7.481664,162.26,15.43,0.10,201.98,1,-92,-12,8,8,45,7,12909339,289
782.09,1547647257,7035.77,51.464915,7.481570,162.32,15.11,-0.33,200.90,1,-95,-12,5,6,41,7,12909339,289
783.09,1547647258,7050.91,51.464779,7.481481,162.55,15.75,0.64,199.94,1,-95,-12,5,6,41,7,12909339,289
784.09,1547647259,7066.66,51.464646,7.481401,162.79,15.48,-0.27,199.17,1,-95,-11,4,7,41,7,12909339,289
785.09,1547647260,7082.09,51.464520,7.481331,163.04,15.05,-0.43,198.75,1,-95,-11,4,7,41,7,12909339,289
786.09,1547647261,7097.18,51.464388,7.481254,163.27,15.24,0.19,198.26,1,-95,-12,4,9,42,7,12909339,289
787.09,1547647262,7112.41,51.464247,7.481180,163.60,15.43,0.19,197.80,1,-95,-12,4,9,42,7,12909339,289
788.09,1547647263,7127.78,51.464119,7.481111,164.25,15.76,0.34,197.32,1,-94,-10,4,7,42,7,12909339,289
789.09,1547647264,7143.58,51.463986,7.481044,164.95,15.99,0.23,196.95,1,-94,-10,4,7,42,7,12909339,289
790.09,1547647265,7159.57,51.463853,7.480982,165.65,15.72,-0.28,196.70,1,-95,-11,10,10,41,7,12909339,289
791.09,1547647266,7175.26,51.463720,7.480920,166.07,15.63,-0.09,196.67,1,-95,-11,10,10,41,7,12909339,289
792.09,1547647267,7190.94,51.463585,7.480853,166.45,15.27,-0.36,196.77,1,-95,-13,-1,8,43,7,12909595,289
793.09,1547647268,7206.19,51.463452,7.480787,166.87,14.97,-0.30,196.47,1,-95,-13,-1,8,43,7,12909595,289
794.10,1547647269,7221.27,51.463329,7.480730,167.05,14.92,-0.05,196.18,1,-90,-14,-1,6,49,7,12909595,143
795.09,1547647270,7236.07,51.463209,7.480676,167.05,14.52,-0.40,196.73,1,-90,-14,-1,6,49,7,12909595,143
796.09,1547647271,7250.60,51.463082,7.480618,167.31,14.05,-0.47,196.25,1,-90,-14,-1,6,49,7,12909595,143
797.09,1547647272,7264.66,51.462968,7.480563,167.67,12.70,-1.35,195.87,1,-92,-14,-4,8,47,7,12909595,143
798.09,1547647273,7277.37,51.462860,7.480516,167.88,10.86,-1.84,195.27,1,-92,-14,-4,8,47,7,12909595,143
799.09,1547647274,7288.23,51.462775,7.480480,167.96,8.87,-1.99,195.63,1,-90,-13,-3,9,49,7,12909595,143
800.09,1547647275,7297.11,51.462702,7.480452,167.83,8.28,-0.59,195.90,1,-90,-13,-3,9,49,7,12909595,143
801.09,1547647276,7305.39,51.462636,7.480421,168.18,7.29,-0.99,195.71,1,-87,-13,0,6,51,7,12909595,143
802.09,1547647277,7312.67,51.462576,7.480393,168.79,6.41,-0.88,196.15,1,-87,-13,0,6,51,7,12909595,143
803.09,1547647278,7319.08,51.462534,7.480373,169.08,5.02,-1.40,198.39,1,-90,-12,6,12,47,7,12909595,143
804.09,1547647279,7324.10,51.462494,7.480354,169.15,4.30,-0.71,198.03,1,-90,-12,6,12,47,7,12909595,143
805.09,1547647280,7328.40,51.462458,7.480338,169.16,3.64,-0.67,197.27,1,-90,-8,7,7,44,7,12909595,143
806.09,1547647281,7332.03,51.462429,7.480325,169.17,3.02,-0.62,196.17,1,-90,-8,7,7,44,7,12909595,143
807.09,1547647282,7335.05,51.462415,7.480320,169.18,1.78,-1.24,196.77,1,-90,-9,8,5,45,7,12909595,143
808.09,1547647283,7336.83,51.462393,7.480310,169.19,1.97,0.19,196.08,1,-90,-9,8,5,45,7,12909595,143
809.09,1547647284,7338.80,51.462382,7.480306,169.24,1.92,-0.05,195.76,1,-93,-7,12,7,39,7,12909595,143
810.09,1547647285,7340.72,51.462373,7.480305,169.32,1.91,-0.01,196.34,1,-93,-7,12,7,39,7,12909595,143
811.09,1547647286,7342.62,51.462358,7.480303,169.36,1.85,-0.06,197.18,1,-91,-7,7,12,42,7,12909595,143
812.09,1547647287,7344.47,51.462344,7.480300,169.40,1.31,-0.53,197.70,1,-91,-7,7,12,42,7,12909595,143
813.09,1547647288,7345.79,51.462333,7.480294,169.44,0.85,-0.46,197.70,1,-90,-8,8,7,43,7,12909595,143
814.09,1547647289,7346.64,51.462333,7.480294,169.44,0.00,-0.85,197.70,1,-90,-8,8,7,43,7,12909595,143
815.09,1547647290,7346.64,51.462333,7.480294,169.45,0.00,0.00,197.70,1,-91,-8,19,13,43,7,12909595,143
816.09,1547647291,7346.64,51.462333,7.480294,169.46,0.00,0.00,197.70,1,-91,-8,19,13,43,7,12909595,143
817.10,1547647292,7346.64,51.462333,7.480294,169.47,0.00,0.00,197.70,1,-91,-8,7,7,43,7,12909595,143
818.09,1547647293,7346.64,51.462333,7.480294,169.47,0.00,0.00,197.70,1,-91,-8,7,7,43,7,12909595,143
819.09,1547647294,7346.64,51.462333,7.480294,169.48,0.00,0.00,197.70,1,-91,-8,7,7,43,7,12909595,143
820.09,1547647295,7346.64,51.462333,7.480294,169.50,0.00,0.00,197.70,1,-92,-7,19,10,41,7,12909595,143
821.09,1547647296,7346.64,51.462333,7.480294,169.51,0.00,0.00,197.70,1,-92,-7,19,10,41,7,12909595,143
822.09,1547647297,7346.64,51.462333,7.480294,169.53,0.00,0.00,197.70,1,-90,-6,16,9,42,7,12909595,143
823.09,1547647298,7346.64,51.462333,7.480294,169.54,0.00,0.00,197.70,1,-90,-6,16,9,42,7,12909595,143
824.09,1547647299,7346.64,51.462333,7.480294,169.55,0.00,0.00,197.70,1,-91,-9,11,7,43,7,12909595,143
825.09,1547647300,7346.64,51.462333,7.480294,169.55,0.00,0.00,197.70,1,-91,-9,11,7,43,7,12909595,143
826.09,1547647301,7346.64,51.462333,7.480294,169.56,0.00,0.00,197.70,1,-90,-10,5,5,45,7,12909595,143
827.09,1547647302,7346.64,51.462333,7.480294,169.57,0.00,0.00,197.70,1,-90,-10,5,5,45,7,12909595,143
828.09,1547647303,7346.64,51.462333,7.480294,169.58,0.00,0.00,197.70,1,-92,-7,9,8,41,7,12909595,143
829.09,1547647304,7346.64,51.462333,7.480294,169.59,0.00,0.00,197.70,1,-92,-7,9,8,41,7,12909595,143
830.09,1547647305,7346.64,51.462333,7.480294,169.61,0.00,0.00,197.70,1,-91,-8,17,8,44,7,12909595,143
831.09,1547647306,7346.64,51.462333,7.480294,169.63,0.00,0.00,197.70,1,-91,-8,17,8,44,7,12909595,143
832.09,1547647307,7346.64,51.462333,7.480294,169.65,0.00,0.00,197.70,1,-89,-8,16,10,45,7,12909595,143
833.09,1547647308,7346.64,51.462333,7.480294,169.67,0.00,0.00,197.70,1,-89,-8,16,10,45,7,12909595,143
834.09,1547647309,7346.64,51.462333,7.480294,169.68,0.00,0.00,197.70,1,-90,-9,13,9,45,7,12909595,143
835.09,1547647310,7346.64,51.462333,7.480294,169.71,0.00,0.00,197.70,1,-90,-9,13,9,45,7,12909595,143
836.09,1547647311,7346.64,51.462333,7.480294,169.73,0.00,0.00,197.70,1,-91,-8,9,9,43,7,12909595,143
837.09,1547647312,7346.64,51.462333,7.480294,169.74,0.00,0.00,197.70,1,-91,-8,9,9,43,7,12909595,143
838.10,1547647313,7346.64,51.462333,7.480294,169.76,0.00,0.00,197.70,1,-90,-12,9,10,47,7,12909595,143
839.09,1547647314,7346.64,51.462333,7.480294,169.78,0.00,0.00,197.70,1,-90,-12,9,10,47,7,12909595,143
840.09,1547647315,7346.64,51.462333,7.480294,169.79,0.00,0.00,197.70,1,-90,-12,9,10,47,7,12909595,143
841.09,1547647316,7346.64,51.462333,7.480294,169.81,0.00,0.00,197.70,1,-91,-12,9,9,47,7,12909595,143
842.09,1547647317,7346.64,51.462333,7.480294,169.82,0.00,0.00,197.70,1,-91,-12,9,9,47,7,12909595,143
843.09,1547647318,7346.64,51.462333,7.480294,169.84,0.00,0.00,197.70,1,-90,-12,8,10,47,7,12909595,143
844.09,1547647319,7346.64,51.462333,7.480294,169.86,0.00,0.00,197.70,1,-90,-12,8,10,47,7,12909595,143
845.09,1547647320,7346.64,51.462333,7.480294,169.88,0.00,0.00,197.70,1,-91,-10,7,6,45,7,12909595,143
846.09,1547647321,7346.64,51.462333,7.480294,169.89,0.00,0.00,197.70,1,-91,-10,7,6,45,7,12909595,143
847.09,1547647322,7346.64,51.462333,7.480294,169.91,0.00,0.00,197.70,1,-90,-11,7,9,46,7,12909595,143
848.09,1547647323,7346.64,51.462333,7.480294,169.92,0.00,0.00,197.70,1,-90,-11,7,9,46,7,12909595,143
849.09,1547647324,7346.64,51.462333,7.480294,169.93,0.00,0.00,197.70,1,-90,-12,4,9,47,7,12909595,143
850.09,1547647325,7346.64,51.462333,7.480294,169.95,0.00,0.00,197.70,1,-90,-12,4,9,47,7,12909595,143
851.09,1547647326,7346.64,51.462333,7.480294,169.96,0.00,0.00,197.70,1,-90,-11,7,8,47,7,12909595,143
852.09,1547647327,7346.64,51.462333,7.480294,169.97,0.00,0.00,197.70,1,-90,-11,7,8,47,7,12909595,143
853.09,1547647328,7346.64,51.462333,7.480294,169.98,0.00,0.00,197.70,1,-90,-11,8,11,48,7,12909595,143
854.09,1547647329,7346.64,51.462333,7.480294,169.99,0.00,0.00,197.70,1,-90,-11,8,11,48,7,12909595,143
855.09,1547647330,7346.64,51.462333,7.480294,170.00,0.00,0.00,197.70,1,-90,-8,9,7,44,7,12909595,143
856.09,1547647331,7346.64,51.462333,7.480294,170.07,0.00,0.00,197.98,1,-90,-8,9,7,44,7,12909595,143
857.10,1547647332,7346.64,51.462333,7.480294,170.11,0.00,0.00,198.73,1,-91,-8,9,4,43,7,12909595,143
858.09,1547647333,7346.64,51.462237,7.480239,170.60,4.74,0.00,199.22,1,-91,-8,9,4,43,7,12909595,143
859.10,1547647334,7351.41,51.462201,7.480216,171.11,4.44,-0.30,198.47,1,-93,-13,5,5,45,7,12909595,143
860.09,1547647335,7355.81,51.462160,7.480191,171.11,2.91,-1.54,198.91,1,-93,-13,5,5,45,7,12909595,143
861.10,1547647336,7358.74,51.462135,7.480175,171.12,1.38,-1.52,198.55,1,-93,-13,5,5,45,7,12909595,143
862.09,1547647337,7360.11,51.462125,7.480166,171.19,0.87,-0.52,198.55,1,-90,-11,9,7,45,7,12909595,143
863.09,1547647338,7360.98,51.462120,7.480162,171.26,0.78,-0.09,198.55,1,-90,-11,9,7,45,7,12909595,143
864.09,1547647339,7361.76,51.462120,7.480162,171.34,0.00,-0.78,198.55,1,-92,-11,7,11,43,7,12909595,143
865.09,1547647340,7361.76,51.462120,7.480162,171.35,0.00,0.00,198.55,1,-92,-11,7,11,43,7,12909595,143
866.09,1547647341,7361.76,51.462120,7.480162,171.35,0.00,0.00,198.55,1,-92,-7,6,9,40,7,12909595,143
867.09,1547647342,7361.76,51.462120,7.480162,171.36,0.00,0.00,198.55,1,-92,-7,6,9,40,7,12909595,143
868.09,1547647343,7361.76,51.462120,7.480162,171.41,0.00,0.00,198.55,1,-91,-12,9,10,45,7,12909595,143
869.09,1547647344,7361.76,51.462120,7.480162,172.01,0.00,0.00,137.52,1,-91,-12,9,10,45,7,12909595,143
870.09,1547647345,7361.76,51.462120,7.480162,172.21,0.00,0.00,99.55,1,-90,-7,8,9,43,7,12909595,143
871.09,1547647346,7361.76,51.462054,7.480462,172.72,9.20,0.00,95.52,1,-90,-7,8,9,43,7,12909595,143
872.09,1547647347,7370.97,51.462046,7.480625,173.22,11.26,2.05,93.57,1,-94,-10,11,6,39,7,12909595,143
873.09,1547647348,7382.22,51.462042,7.480800,173.59,12.73,1.47,92.48,1,-94,-10,11,6,39,7,12909595,143
874.09,1547647349,7394.95,51.462035,7.480988,173.97,13.10,0.38,91.84,1,-94,-9,14,11,40,7,12909595,143
875.09,1547647350,7408.06,51.462034,7.481164,174.79,12.96,-0.15,90.58,1,-94,-9,14,11,40,7,12909595,143
876.09,1547647351,7421.01,51.462034,7.481351,175.81,12.93,-0.03,90.12,1,-93,-7,20,6,39,7,12909595,143
877.09,1547647352,7433.92,51.462033,7.481543,176.51,12.66,-0.26,89.94,1,-93,-7,20,6,39,7,12909595,143
878.09,1547647353,7446.61,51.462030,7.481722,176.96,12.45,-0.21,90.34,1,-95,-8,13,9,38,7,12909595,143
879.09,1547647354,7459.05,51.462027,7.481904,177.29,12.75,0.29,91.23,1,-95,-8,13,9,38,7,12909595,143
880.09,1547647355,7471.79,51.462023,7.482097,177.54,13.65,0.91,91.71,1,-91,-8,7,7,42,7,12909595,143
881.09,1547647356,7485.43,51.462018,7.482289,177.64,13.95,0.30,91.45,1,-91,-8,7,7,42,7,12909595,143
882.10,1547647357,7499.53,51.462017,7.482484,177.80,14.00,0.05,90.47,1,-97,-11,-3,6,39,7,12909595,143
883.09,1547647358,7513.43,51.462014,7.482679,177.74,14.33,0.33,89.79,1,-97,-11,-3,6,39,7,12909595,143
884.09,1547647359,7527.75,51.462013,7.482894,177.90,14.61,0.28,89.40,1,-97,-11,-3,6,39,7,12909595,143
885.09,1547647360,7542.32,51.462014,7.483100,178.16,14.17,-0.44,88.90,1,-100,-13,-1,6,38,7,12909595,143
886.09,1547647361,7556.53,51.462013,7.483294,178.21,13.34,-0.82,90.08,1,-100,-13,-1,6,38,7,12909595,143
887.10,1547647362,7569.91,51.462009,7.483492,178.36,13.38,0.04,90.70,1,-103,-13,-1,6,36,5,12909593,289
888.09,1547647363,7583.27,51.462002,7.483646,178.96,10.98,-2.41,94.40,1,-103,-13,-1,6,36,5,12909593,289
889.09,1547647364,7594.22,51.461995,7.483779,179.51,9.55,-1.43,94.52,1,-100,-11,4,9,36,5,12909593,141
890.09,1547647365,7603.77,51.461990,7.483906,180.11,8.78,-0.76,93.64,1,-100,-11,4,9,36,5,12909593,141
891.09,1547647366,7612.57,51.461970,7.484015,180.91,7.78,-1.00,107.65,1,-88,-12,6,6,50,5,12909593,141
892.09,1547647367,7620.35,51.461929,7.484110,181.02,7.49,-0.29,129.39,1,-88,-12,6,6,50,5,12909593,141
893.09,1547647368,7627.82,51.461872,7.484187,181.17,7.68,0.19,145.59,1,-83,-7,5,7,50,5,12909593,141
894.09,1547647369,7635.50,51.461776,7.484238,180.57,10.16,2.47,166.72,1,-83,-7,5,7,50,5,12909593,141
895.09,1547647370,7645.66,51.461680,7.484274,180.80,10.99,0.83,166.19,1,-79,-6,10,10,52,5,12909593,141
896.09,1547647371,7656.65,51.461572,7.484318,180.83,11.33,0.34,167.91,1,-79,-6,10,10,52,5,12909593,141
897.09,1547647372,7667.97,51.461449,7.484356,180.93,13.49,2.16,169.25,1,-77,-5,21,15,51,5,12909593,141
898.09,1547647373,7681.46,51.461317,7.484401,181.32,14.75,1.27,169.68,1,-77,-5,21,15,51,5,12909593,141
899.09,1547647374,7696.21,51.461188,7.484434,181.84,15.37,0.62,170.35,1,-73,-6,13,12,54,5,12909593,141
900.09,1547647375,7711.59,51.461058,7.484466,182.41,15.19,-0.18,171.25,1,-73,-6,13,12,54,5,12909593,141
901.09,1547647376,7726.75,51.460920,7.484489,183.02,15.69,0.51,173.17,1,-75,-6,13,12,54,5,12909593,141
902.09,1547647377,7742.47,51.460779,7.484505,183.52,16.27,0.57,175.34,1,-75,-6,13,12,54,5,12909593,141
903.09,1547647378,7758.80,51.460633,7.484512,184.30,15.84,-0.42,177.58,1,-79,-11,13,9,59,5,12909593,141
904.09,1547647379,7774.55,51.460485,7.484505,185.49,15.67,-0.17,179.89,1,-79,-11,13,9,59,5,12909593,141
905.09,1547647380,7790.25,51.460341,7.484494,186.35,16.07,0.40,181.89,1,-79,-11,13,9,59,5,12909593,141
906.09,1547647381,7806.34,51.460196,7.484475,187.11,15.79,-0.28,182.43,1,-79,-7,13,9,53,5,12909593,141
907.09,1547647382,7822.11,51.460050,7.484450,187.45,15.02,-0.77,184.77,1,-79,-7,13,9,53,5,12909593,141
908.09,1547647383,7837.13,51.459914,7.484416,187.88,14.76,-0.26,187.39,1,-79,-10,12,5,57,5,12909593,141
909.09,1547647384,7851.89,51.459780,7.484379,188.18,15.71,0.95,188.11,1,-79,-10,12,5,57,5,12909593,141
910.09,1547647385,7867.60,51.459641,7.484345,188.41,15.77,0.05,188.71,1,-78,-11,9,9,57,5,12909593,141
911.09,1547647386,7883.39,51.459500,7.484309,188.89,16.08,0.32,189.16,1,-78,-11,9,9,57,5,12909593,141
912.09,1547647387,7899.48,51.459358,7.484265,189.47,16.20,0.11,189.92,1,-75,-10,11,9,59,5,12909593,141
913.09,1547647388,7915.62,51.459213,7.484221,190.25,16.44,0.25,190.61,1,-75,-10,11,9,59,5,12909593,141
914.09,1547647389,7932.13,51.459065,7.484167,191.31,16.54,0.10,191.59,1,-75,-16,2,9,63,1,12909595,141
915.09,1547647390,7948.60,51.458918,7.484114,192.54,16.42,-0.12,191.79,1,-75,-16,2,9,63,1,12909595,141
916.09,1547647391,7965.04,51.458775,7.484062,193.75,16.07,-0.35,191.08,1,-73,-8,10,12,60,1,12909595,143
917.09,1547647392,7981.14,51.458633,7.484012,194.88,15.99,-0.08,190.78,1,-73,-8,10,12,60,1,12909595,143
918.09,1547647393,7997.09,51.458492,7.483962,196.05,15.98,-0.01,191.64,1,-73,-9,13,12,61,1,12909595,143
919.09,1547647394,8013.14,51.458352,7.483911,197.11,16.33,0.34,190.81,1,-73,-9,13,12,61,1,12909595,143
920.09,1547647395,8029.43,51.458202,7.483858,198.39,16.60,0.27,191.38,1,-76,-11,8,9,62,1,12909595,143
921.09,1547647396,8046.04,51.458050,7.483808,199.76,16.63,0.03,191.64,1,-76,-11,8,9,62,1,12909595,143
922.09,1547647397,8062.69,51.457911,7.483762,200.93,16.32,-0.30,191.39,1,-80,-12,11,6,57,1,12909595,143
923.09,1547647398,8079.01,51.457768,7.483715,201.98,16.31,-0.01,191.87,1,-80,-12,11,6,57,1,12909595,143
924.10,1547647399,8095.45,51.457621,7.483665,203.12,16.43,0.12,191.57,1,-81,-13,6,5,58,1,12909595,143
925.09,1547647400,8111.76,51.457481,7.483612,203.90,16.57,0.14,192.60,1,-81,-13,6,5,58,1,12909595,143
926.09,1547647401,8128.31,51.457327,7.483558,204.87,17.09,0.53,191.96,1,-81,-13,6,5,58,1,12909595,143
927.09,1547647402,8145.41,51.457177,7.483513,205.88,16.39,-0.70,191.35,1,-87,-16,2,6,53,1,12909595,143
928.09,1547647403,8161.79,51.457025,7.483469,206.96,16.49,0.10,191.15,1,-87,-16,2,6,53,1,12909595,143
929.09,1547647404,8178.27,51.456870,7.483425,208.12,17.17,0.68,190.63,1,-87,-12,-1,6,50,4,12909594,142
930.09,1547647405,8195.43,51.456715,7.483388,209.31,16.95,-0.22,189.66,1,-87,-12,-1,6,50,4,12909594,142
931.09,1547647406,8212.38,51.456565,7.483353,210.49,16.84,-0.11,189.14,1,-88,-10,6,5,48,4,12909594,142
932.09,1547647407,8229.16,51.456412,7.483320,211.54,16.61,-0.23,188.38,1,-88,-10,6,5,48,4,12909594,142
933.09,1547647408,8245.78,51.456266,7.483290,212.77,16.15,-0.46,187.43,1,-87,-9,4,7,47,4,12909594,142
934.09,1547647409,8261.92,51.456120,7.483265,214.10,16.34,0.19,186.60,1,-87,-9,4,7,47,4,12909594,142
935.09,1547647410,8278.31,51.455977,7.483240,215.17,16.43,0.08,185.88,1,-90,-10,6,8,46,4,12909594,142
936.09,1547647411,8294.74,51.455824,7.483228,216.34,17.01,0.59,184.00,1,-90,-10,6,8,46,4,12909594,142
937.09,1547647412,8311.76,51.455672,7.483224,217.59,17.16,0.15,182.24,1,-87,-6,12,8,43,4,12909594,142
938.09,1547647413,8328.92,51.455514,7.483230,218.87,17.18,0.01,180.42,1,-87,-6,12,8,43,4,12909594,142
939.09,1547647414,8346.08,51.455347,7.483251,219.99,17.59,0.41,178.18,1,-86,-6,17,10,46,4,12909594,142
940.09,1547647415,8363.68,51.455189,7.483277,220.70,17.09,-0.50,176.46,1,-86,-6,17,10,46,4,12909594,142
941.09,1547647416,8380.77,51.455034,7.483316,221.24,17.20,0.11,173.66,1,-81,-6,19,11,50,4,12909594,142
942.09,1547647417,8397.94,51.454879,7.483369,221.62,17.52,0.32,170.71,1,-81,-6,19,11,50,4,12909594,142
943.09,1547647418,8415.43,51.454739,7.483430,222.38,17.48,-0.04,167.75,1,-84,-11,15,9,51,4,12909594,142
944.09,1547647419,8432.96,51.454593,7.483507,223.02,17.50,0.02,164.88,1,-84,-11,15,9,51,4,12909594,142
945.10,1547647420,8450.60,51.454433,7.483603,223.31,17.70,0.20,161.79,1,-89,-6,10,7,42,4,12909594,142
946.09,1547647421,8468.16,51.454279,7.483725,223.48,17.81,0.10,158.15,1,-89,-6,10,7,42,4,12909594,142
947.09,1547647422,8485.96,51.454147,7.483835,223.71,15.29,-2.52,155.04,1,-89,-6,10,7,42,4,12909594,142
948.09,1547647423,8501.26,51.454016,7.483970,223.86,16.97,1.69,151.43,1,-85,-5,13,9,46,4,12909594,142
949.09,1547647424,8518.24,51.453883,7.484121,223.93,17.21,0.24,147.82,1,-85,-5,13,9,46,4,12909594,142
950.09,1547647425,8535.43,51.453749,7.484286,223.89,17.41,0.20,144.57,1,-86,-7,11,6,46,4,12909594,142
951.09,1547647426,8552.81,51.453612,7.484469,223.89,18.06,0.65,141.80,1,-86,-7,11,6,46,4,12909594,142
952.09,1547647427,8570.89,51.453484,7.484646,223.73,17.78,-0.28,140.21,1,-91,-6,6,8,41,4,12909594,142
953.09,1547647428,8588.68,51.453358,7.484843,223.59,17.17,-0.60,136.89,1,-91,-6,6,8,41,4,12909594,142
954.09,1547647429,8605.85,51.453235,7.485046,223.38,17.28,0.10,135.37,1,-96,-9,6,7,39,4,12909594,142
955.09,1547647430,8623.16,51.453112,7.485253,223.17,17.79,0.51,134.71,1,-96,-9,6,7,39,4,12909594,142
956.09,1547647431,8640.93,51.452991,7.485467,222.98,17.40,-0.39,134.33,1,-101,-10,3,6,34,4,12909594,142
957.09,1547647432,8658.33,51.452877,7.485672,223.08,18.03,0.63,133.96,1,-101,-10,3,6,34,4,12909594,142
958.09,1547647433,8676.36,51.452770,7.485865,223.47,17.80,-0.23,134.34,1,-96,-12,4,6,40,4,12909594,142
959.09,1547647434,8694.14,51.452667,7.486042,223.57,18.00,0.21,134.93,1,-96,-12,4,6,40,4,12909594,142
960.09,1547647435,8712.16,51.452557,7.486218,223.69,17.85,-0.16,136.24,1,-96,-11,7,8,41,4,12909594,142
961.09,1547647436,8729.99,51.452450,7.486379,224.13,16.97,-0.88,138.09,1,-96,-11,7,8,41,4,12909594,142
962.09,1547647437,8746.98,51.452344,7.486534,224.71,16.53,-0.44,139.23,1,-102,-11,4,6,34,4,12909594,142
963.09,1547647438,8763.54,51.452238,7.486678,225.43,16.13,-0.40,141.43,1,-102,-11,4,6,34,4,12909594,142
964.09,1547647439,8779.66,51.452127,7.486815,226.05,16.22,0.08,143.33,1,-105,-11,0,7,31,4,12909594,142
965.09,1547647440,8795.91,51.452004,7.486952,226.54,16.68,0.46,146.07,1,-105,-11,0,7,31,4,12909594,142
966.10,1547647441,8812.71,51.451883,7.487072,227.05,16.33,-0.34,148.01,1,-108,-13,-3,5,30,4,12909594,142
967.09,1547647442,8828.91,51.451769,7.487171,228.71,16.08,-0.25,150.33,1,-108,-13,-3,5,30,4,12909594,142
968.09,1547647443,8845.01,51.451648,7.487265,230.11,15.11,-0.97,153.85,1,-108,-13,-3,5,30,4,12909594,142
969.09,1547647444,8860.12,51.451530,7.487347,231.26,14.17,-0.94,156.49,1,-108,-15,-4,5,33,4,12909594,142
970.10,1547647445,8874.30,51.451407,7.487427,231.92,13.89,-0.28,158.21,1,-108,-15,-4,5,33,4,12909594,142
971.09,1547647446,8888.18,51.451292,7.487488,233.42,13.83,-0.06,160.17,1,-105,-15,-5,5,35,4,12909594,142
972.09,1547647447,8902.00,51.451174,7.487558,234.69,13.35,-0.48,159.52,1,-105,-15,-5,5,35,4,12909594,142
