time_s,timestamp_ms,distance_m,latitude,longitude,altitude,velocity_mps,acceleration_mpss,direction,isRegistered,rsrp_dbm,rsrq_db,rssnr_db,cqi,ss,ta,ci,pci,id,payload_mb,throughput_mbits,rtt_ms,txPower_dbm,f_mhz
9.95,1547474052,108.44,51.490583,7.414133,159.20,15.35,0.32,77.90,1,-102,-13,-1,4,35,7,13828122,452,0,10.00,5.12,48.00,20.72,1750
20.43,1547474062,268.51,51.490660,7.416385,156.77,11.79,-1.54,96.09,1,-93,-12,-4,6,41,6,13416987,62,1,1.00,1.63,381.00,15.19,1750
30.79,1547474072,309.50,51.490562,7.416888,156.75,0.00,0.00,103.49,1,-97,-13,2,6,41,6,13416987,62,2,0.50,0.51,1305.00,14.42,1750
40.39,1547474082,309.50,51.490562,7.416888,156.71,0.00,0.00,103.49,1,-97,-12,3,5,41,6,13416987,62,3,5.00,6.39,75.00,17.72,1750
50.74,1547474093,309.50,51.490562,7.416888,156.70,0.00,0.00,103.49,1,-97,-13,2,5,42,6,13416987,62,4,10.00,2.16,6944.00,18.33,1750
60.64,1547474102,309.50,51.490512,7.416958,156.54,0.00,0.00,103.49,1,-98,-14,2,6,39,6,13416987,62,5,4.00,5.93,789.00,9.61,1750
70.54,1547474112,311.61,51.490424,7.417171,156.72,3.96,1.84,136.51,1,-98,-13,2,5,40,6,13416987,62,6,7.00,2.65,701.00,18.66,1750
81.06,1547474123,444.40,51.489168,7.417693,154.90,15.72,0.12,168.71,1,-95,-12,3,6,42,6,13416987,62,7,4.00,0.73,1845.00,20.19,1750
92.29,1547474134,623.12,51.487585,7.417744,154.10,16.27,-0.04,174.14,1,-99,-13,-5,5,39,5,13416986,61,8,4.00,3.38,1173.00,21.47,1750
101.26,1547474143,763.50,51.486506,7.418726,145.12,14.49,-0.09,178.28,1,-103,-16,-7,4,39,5,13416986,61,9,6.00,3.22,969.00,20.86,1750
111.81,1547474153,889.18,51.485446,7.418664,146.04,12.17,0.15,155.76,1,-104,-14,-5,5,34,5,13416986,61,10,9.00,1.78,1089.00,15.59,1750
122.82,1547474165,1029.49,51.484246,7.418682,150.21,14.22,0.20,205.82,1,-108,-15,-7,4,33,5,13416986,61,11,9.00,3.11,1568.00,20.53,1750
130.28,1547474172,1149.48,51.483323,7.417733,149.97,14.95,-0.19,211.96,1,-106,-17,-8,5,36,43,12897049,306,12,3.00,1.09,210.00,19.52,1750
142.04,1547474184,1320.61,51.481920,7.416770,149.20,12.04,-1.31,200.36,1,-99,-14,0,6,39,18,13427483,146,13,2.00,1.43,1734.00,16.23,1750
150.30,1547474192,1360.92,51.481669,7.416628,151.92,0.00,0.00,178.77,1,-92,-11,0,7,44,12,13495579,134,14,3.00,6.76,1059.00,11.58,1750
159.70,1547474201,1360.92,51.481669,7.416628,152.01,0.00,0.00,178.77,1,-101,-14,-3,4,39,12,13495579,134,15,9.00,9.45,36.00,18.92,1750
169.82,1547474211,1374.50,51.481467,7.416631,154.62,4.18,0.69,135.43,1,-87,-12,1,6,50,9,13884185,27,16,8.00,12.85,79.00,16.16,1750
180.02,1547474221,1478.37,51.481529,7.418151,150.68,12.42,0.43,84.06,1,-92,-13,3,6,46,9,13884185,27,17,9.00,9.20,239.00,17.28,1750
189.82,1547474231,1597.78,51.481600,7.419945,147.16,14.57,0.10,85.54,1,-89,-11,-2,7,45,11,13495579,134,18,8.00,8.57,37.00,18.33,1750
201.74,1547474244,1774.81,51.481875,7.422478,145.75,14.67,-0.04,76.71,1,-105,-18,-5,3,38,11,13495577,135,19,1.00,1.09,435.00,18.81,1750
210.55,1547474252,1908.25,51.482146,7.424381,134.21,15.46,0.19,77.96,1,-94,-13,-2,6,43,13,13825561,339,20,5.00,7.04,703.00,18.55,1750
220.30,1547474262,2049.85,51.482420,7.426377,135.77,13.42,-0.28,76.64,1,-91,-11,5,7,45,13,13825561,339,21,7.00,3.49,1475.00,18.86,1750
229.87,1547474271,2148.12,51.482576,7.427808,139.09,10.18,1.59,81.44,1,-89,-12,3,6,47,13,13825561,339,22,5.00,9.30,211.00,16.92,1750
239.66,1547474282,2181.53,51.482578,7.428285,139.12,0.00,0.00,93.56,1,-85,-10,0,7,49,13,13823003,266,23,1.00,11.05,54.00,-3.28,1750
249.72,1547474291,2190.31,51.482587,7.428682,144.41,10.19,1.42,90.08,1,-84,-8,-2,6,48,13,13823003,266,24,10.00,10.99,57.00,12.95,1750
259.67,1547474301,2325.14,51.482443,7.430643,146.24,13.62,-0.30,96.72,1,-92,-12,4,7,44,13,13823003,266,25,0.50,6.42,60.00,15.80,1750
269.67,1547474311,2453.67,51.482264,7.432477,147.45,13.00,0.39,96.64,1,-80,-12,-3,11,55,13,13823003,266,26,1.00,11.98,56.00,10.25,1750
279.65,1547474321,2582.02,51.482121,7.434321,150.55,13.16,0.04,96.35,1,-83,-7,13,11,49,13,13823003,266,27,3.00,14.14,64.00,11.56,1750
289.72,1547474331,2700.42,51.481984,7.436042,151.95,9.90,-0.45,97.59,1,-84,-7,13,8,48,13,13823003,266,28,7.00,16.68,57.00,16.38,1750
299.72,1547474341,2801.29,51.481865,7.437500,154.66,10.09,0.01,96.15,1,-69,-6,24,15,56,13,13823003,266,29,2.00,15.21,51.00,-5.03,1750
309.68,1547474351,2852.18,51.481848,7.438278,154.17,2.22,0.84,95.63,1,-67,-6,31,14,63,13,13823003,266,30,5.00,17.17,68.00,-0.47,1750
319.66,1547474361,2896.12,51.481770,7.439033,155.37,9.33,1.25,95.67,1,-64,-5,25,12,63,13,13823003,266,31,3.00,15.88,60.00,-7.50,1750
329.72,1547474371,2987.01,51.481706,7.440291,155.15,7.58,-0.16,94.71,1,-71,-6,20,12,61,13,13823003,266,32,8.00,17.65,56.00,5.16,1750
339.70,1547474381,3031.76,51.481663,7.440919,156.56,0.00,0.00,98.86,1,-69,-11,10,9,63,13,13823003,266,33,7.00,18.38,58.00,-0.88,1750
349.71,1547474391,3031.76,51.481663,7.440919,156.70,0.00,0.00,98.86,1,-70,-7,15,11,62,13,13823003,266,34,4.00,15.64,50.00,-0.05,1750
359.67,1547474401,3048.88,51.481627,7.441385,162.78,6.43,-0.02,103.70,1,-72,-9,16,8,62,13,13823003,266,35,4.00,14.78,54.00,2.33,1750
369.72,1547474411,3141.30,51.481067,7.442446,160.68,10.64,0.27,134.31,1,-73,-11,8,9,61,1,13823002,265,36,6.00,18.62,36.00,-1.66,1750
379.66,1547474421,3237.92,51.480359,7.443122,159.35,9.81,0.43,178.39,1,-64,-7,22,9,63,1,13823002,265,37,2.00,11.23,40.00,-7.36,1750
389.71,1547474431,3352.06,51.479437,7.443815,160.24,12.73,-0.01,151.53,1,-78,-9,5,12,55,10,12896793,375,38,8.00,10.75,56.00,6.66,1750
399.66,1547474441,3486.71,51.478383,7.444727,160.74,14.21,0.24,151.48,1,-80,-8,8,11,53,10,12896793,375,39,1.00,7.71,54.00,5.03,1750
409.71,1547474452,3632.91,51.477220,7.445748,161.40,14.80,-0.10,151.45,1,-74,-6,18,9,56,10,12896793,375,40,10.00,8.94,55.00,-0.05,1750
419.70,1547474462,3775.70,51.476094,7.446711,160.26,13.68,-0.23,151.84,1,-65,-9,20,15,63,10,12896793,375,41,3.00,8.50,44.00,-6.16,1750
429.70,1547474471,3902.39,51.475080,7.447638,161.10,12.25,-0.31,147.19,1,-78,-11,18,12,59,10,12896793,375,42,9.00,8.81,64.00,7.59,1750
439.78,1547474482,3993.51,51.474496,7.448372,164.49,0.61,-1.64,142.07,1,-76,-7,11,11,56,10,12896793,375,43,4.00,11.26,61.00,8.02,1750
449.72,1547474491,3994.13,51.474496,7.448372,164.41,0.00,0.00,142.07,1,-80,-9,13,12,56,10,12896793,375,44,9.00,8.58,66.00,7.05,1750
459.94,1547474501,3994.13,51.474496,7.448372,164.35,0.00,0.00,142.07,1,-80,-8,12,12,54,10,12896793,375,45,4.00,8.03,87.00,10.41,1750
469.72,1547474511,3994.13,51.474496,7.448372,164.31,0.00,0.00,142.07,1,-79,-9,13,11,55,10,12896793,375,46,6.00,11.64,59.00,5.80,1750
479.70,1547474521,3997.59,51.474392,7.448492,165.79,5.57,2.11,141.54,1,-80,-7,16,10,50,10,12896793,375,47,4.00,9.09,53.00,9.06,1750
489.73,1547474531,4094.51,51.473702,7.449488,169.64,14.80,1.55,135.24,1,-69,-8,15,15,63,10,12896793,375,48,6.00,9.65,60.00,-4.67,1750
499.68,1547474541,4236.43,51.472953,7.451156,169.95,15.44,0.51,120.20,1,-79,-9,10,8,56,1,12896794,376,49,4.00,14.07,120.00,10.52,1750
509.67,1547474552,4403.56,51.472503,7.453454,168.56,16.52,-0.18,104.53,1,-63,-7,21,15,63,1,12896794,376,50,1.00,10.61,60.00,-7.73,1750
519.69,1547474562,4573.59,51.472084,7.455814,166.89,17.37,-0.03,110.86,1,-82,-7,16,11,50,1,12896794,376,51,3.00,13.15,76.00,9.58,1750
529.70,1547474571,4739.41,51.471460,7.457898,159.92,15.06,-0.57,116.68,1,-91,-8,9,9,42,1,12896794,376,52,7.00,10.79,49.00,16.97,1750
539.68,1547474581,4849.72,51.471043,7.459231,154.61,3.23,-2.43,115.10,1,-89,-7,13,9,43,1,12896794,376,53,8.00,13.86,59.00,20.25,1750
549.71,1547474592,4855.45,51.471033,7.459272,154.58,0.00,0.00,117.01,1,-88,-7,11,9,46,1,12896794,376,54,7.00,14.28,54.00,19.61,1750
559.68,1547474601,4855.45,51.471033,7.459272,154.63,0.00,0.00,117.01,1,-88,-9,7,8,47,1,12896794,376,55,4.00,14.17,47.00,18.84,1750
569.70,1547474612,4855.45,51.471033,7.459272,154.85,0.00,0.00,117.01,1,-86,-7,16,9,47,1,12896794,376,56,3.00,12.96,56.00,16.46,1750
579.68,1547474621,4865.00,51.470944,7.459543,156.54,6.66,1.18,117.38,1,-86,-9,14,9,48,1,12896794,376,57,8.00,13.99,63.00,19.33,1750
589.71,1547474631,4972.97,51.470565,7.461005,156.88,14.84,0.84,113.48,1,-85,-8,2,5,48,1,12896794,376,58,3.00,11.31,49.00,16.66,1750
599.66,1547474641,5117.70,51.470011,7.462903,157.06,13.93,-0.35,115.12,1,-91,-8,9,8,40,1,12896794,376,59,4.00,7.57,63.00,19.33,1750
609.66,1547474651,5269.42,51.469524,7.465013,157.60,17.60,-0.20,105.62,1,-93,-7,3,8,39,1,12896794,376,60,0.10,3.54,58.00,18.86,1750
619.68,1547474662,5442.57,51.469428,7.467485,158.52,17.75,0.27,87.33,1,-95,-10,5,5,42,1,12896794,376,61,4.00,5.48,46.00,19.83,1750
629.71,1547474671,5629.19,51.469693,7.470175,160.96,20.37,-0.26,81.41,1,-93,-8,8,10,40,1,12896794,376,62,3.00,5.38,59.00,19.27,1750
639.71,1547474682,5826.61,51.469765,7.473024,163.80,19.68,-0.04,93.71,1,-99,-12,-6,2,39,1,12896794,376,63,10.00,6.77,53.00,18.61,1750
650.87,1547474692,6025.31,51.469524,7.475834,168.11,17.11,0.09,95.33,1,-97,-12,0,7,40,13,12909339,289,64,10.00,12.37,613.00,17.23,1750
659.73,1547474702,6163.55,51.469589,7.477826,172.17,12.77,-0.67,81.93,1,-87,-11,9,9,48,13,12909339,289,65,5.00,8.46,57.00,17.20,1750
669.69,1547474711,6224.67,51.469708,7.478600,176.37,0.00,-0.63,65.45,1,-90,-12,8,7,48,13,12909339,289,66,0.50,7.78,47.00,14.33,1750
679.72,1547474721,6265.33,51.469837,7.479296,175.97,9.91,0.20,73.30,1,-91,-7,10,8,41,13,12909339,289,67,10.00,14.82,38.00,17.23,1750
689.69,1547474731,6385.42,51.470189,7.480977,175.77,13.74,-0.62,72.93,1,-86,-10,3,6,45,16,12909593,141,68,2.00,10.01,49.00,2.50,1750
699.72,1547474741,6483.21,51.469761,7.481871,174.13,13.52,1.03,163.12,1,-87,-11,17,5,49,8,12909339,289,69,5.00,11.60,60.00,15.55,1750
709.69,1547474752,6616.30,51.468557,7.482355,177.19,15.08,-0.10,165.63,1,-88,-11,10,10,48,8,12909339,289,70,4.00,10.96,68.00,18.31,1750
719.67,1547474761,6762.45,51.467264,7.482767,175.30,14.24,-0.09,174.84,1,-90,-11,12,11,47,8,12909339,289,71,2.00,7.19,73.00,14.86,1750
729.68,1547474771,6902.61,51.466022,7.482376,172.38,14.76,0.55,197.48,1,-96,-9,9,6,38,8,12909339,289,72,5.00,9.20,55.00,17.33,1750
740.82,1547474783,7070.05,51.464610,7.481345,167.70,16.08,-0.62,199.37,1,-96,-13,-1,6,40,8,12909339,289,73,10.00,7.49,49.00,18.00,1750
750.32,1547474792,7213.49,51.463365,7.480736,174.00,13.65,0.40,196.64,1,-91,-10,1,6,43,7,12909595,143,74,8.00,12.57,1292.00,17.69,1750
759.69,1547474801,7325.81,51.462430,7.480310,177.60,5.80,-2.72,195.02,1,-90,-9,4,7,44,7,12909595,143,75,6.00,13.71,37.00,11.92,1750
769.67,1547474811,7350.56,51.462252,7.480231,177.97,1.37,-1.12,197.95,1,-91,-7,20,10,42,7,12909595,143,76,4.00,12.32,40.00,19.64,1750
779.72,1547474821,7367.35,51.462060,7.480308,176.60,6.31,1.01,102.13,1,-92,-8,9,9,40,7,12909595,143,77,6.00,8.99,42.00,16.84,1750
799.84,1547474842,7577.86,51.461981,7.483411,182.18,10.50,-0.02,91.63,1,-100,-14,-3,5,38,7,12909595,143,79,0.10,1.22,220.00,19.98,1750
809.64,1547474851,7667.11,51.461571,7.484374,183.27,9.82,0.49,164.25,1,-78,-6,19,12,53,5,12909593,141,80,1.00,11.80,50.00,4.80,1750
819.63,1547474861,7796.18,51.460418,7.484439,188.94,13.44,-0.03,182.02,1,-76,-6,18,12,56,5,12909593,141,81,0.10,4.30,38.00,3.69,1750
829.71,1547474871,7916.30,51.459316,7.484221,197.02,11.85,0.62,190.93,1,-79,-9,4,9,54,5,12909593,141,82,4.00,10.45,35.00,10.23,1750
839.73,1547474881,8032.88,51.458301,7.483894,203.76,7.49,-1.42,192.19,1,-75,-8,13,12,59,0,12909595,143,83,9.00,17.24,41.00,-9.69,1750
849.87,1547474891,8141.96,51.457288,7.483576,210.42,12.84,0.28,191.63,1,-82,-10,4,3,53,0,12909595,143,84,4.00,15.65,37.00,14.94,1750
859.69,1547474901,8288.40,51.455967,7.483259,214.56,15.15,-0.22,185.19,1,-89,-7,6,7,42,3,12909594,142,85,10.00,19.81,37.00,15.77,1750
869.71,1547474911,8436.97,51.454645,7.483522,219.50,14.83,0.15,164.94,1,-80,-5,18,12,50,3,12909594,142,86,10.00,20.03,36.00,3.03,1750