time_s,timestamp_ms,distance_m,latitude,longitude,altitude,velocity_mps,acceleration_mpss,direction,isRegistered,rsrp_dbm,rsrq_db,rssnr_db,cqi,ss,ta,ci,pci
56.29,1544433320,374.79,51.490582,7.416868,154.38,0.00,0.00,103.26,0,-100,-12,0,0,39,0,0,62
57.30,1544433321,374.79,51.490582,7.416868,154.23,0.00,0.00,103.26,0,-100,-12,0,0,39,0,0,62
58.30,1544433322,374.79,51.490582,7.416868,154.09,0.00,0.00,103.33,0,-98,-10,0,0,39,0,0,62
59.30,1544433323,374.79,51.490582,7.416868,153.99,0.00,0.00,102.34,0,-98,-10,0,0,39,0,0,62
60.29,1544433324,374.79,51.490563,7.416997,153.94,4.07,0.00,101.20,0,-98,-10,0,0,39,0,0,62
61.30,1544433325,378.87,51.490557,7.417052,153.47,4.57,0.00,98.21,0,-94,-12,0,0,44,0,0,65
61.30,1544433325,378.87,51.490557,7.417052,153.47,4.57,0.00,98.21,0,-98,-12,0,0,40,0,0,62
62.29,1544433326,383.43,51.490569,7.417101,153.18,4.48,0.00,66.69,0,-94,-12,0,0,44,0,0,65
62.30,1544433326,383.43,51.490569,7.417101,153.18,4.48,0.00,66.69,0,-98,-12,0,0,40,0,0,62
63.29,1544433327,387.91,51.490590,7.417156,152.95,4.63,0.00,51.02,0,-98,-10,0,0,38,0,0,62
64.29,1544433328,392.52,51.490627,7.417188,153.03,5.52,0.00,22.91,0,-98,-10,0,0,38,0,0,62
65.29,1544433329,398.04,51.490676,7.417194,153.23,6.27,0.00,0.96,0,-97,-12,0,0,41,0,0,62
66.29,1544433330,404.30,51.490736,7.417188,153.78,7.23,0.00,357.14,0,-97,-12,0,0,41,0,0,62
67.29,1544433331,411.54,51.490799,7.417174,154.55,7.78,0.00,354.86,0,-87,-8,0,0,48,0,0,62
68.30,1544433332,419.36,51.490879,7.417154,155.06,9.14,0.00,353.02,0,-87,-8,0,0,48,0,0,62
69.29,1544433333,428.48,51.490959,7.417127,155.75,9.06,0.00,351.58,0,-91,-7,0,0,43,0,0,62
70.29,1544433334,437.54,51.491046,7.417096,156.49,9.23,0.00,350.81,0,-91,-7,0,0,43,0,0,62
71.30,1544433335,446.84,51.491150,7.417059,157.03,9.18,0.00,350.37,0,-87,-8,0,0,47,0,0,62
72.29,1544433336,455.93,51.491242,7.417028,156.75,9.25,0.00,348.69,0,-87,-8,0,0,47,0,0,62
73.29,1544433337,465.18,51.491329,7.416997,156.82,9.96,0.00,348.14,0,-92,-8,0,0,42,0,0,62
74.29,1544433338,475.17,51.491416,7.416965,157.07,10.21,0.00,348.68,0,-92,-8,0,0,42,0,0,62
75.29,1544433339,485.37,51.491497,7.416939,157.39,9.61,0.00,349.36,0,-100,-11,0,0,38,0,0,62
76.29,1544433340,494.97,51.491579,7.416911,157.94,9.58,0.00,348.57,0,-100,-11,0,0,38,0,0,62
77.29,1544433341,504.57,51.491659,7.416876,158.58,9.82,0.00,346.91,0,-100,-12,0,0,39,0,0,62
78.30,1544433342,514.40,51.491744,7.416834,158.88,10.29,0.00,344.72,0,-100,-12,0,0,39,0,0,62
79.30,1544433343,524.77,51.491823,7.416791,158.87,10.33,0.00,342.29,0,-96,-15,0,0,44,0,0,65
79.30,1544433343,524.78,51.491823,7.416791,158.87,10.33,0.00,342.29,0,-103,-12,0,0,35,0,0,62
80.30,1544433344,535.01,51.491904,7.416741,158.69,10.71,0.00,339.59,0,-96,-15,0,0,44,0,0,65
80.30,1544433344,535.02,51.491904,7.416741,158.69,10.71,0.00,339.59,0,-103,-12,0,0,35,0,0,62
81.30,1544433345,545.72,51.491983,7.416686,158.44,10.46,0.00,337.21,0,-96,-15,0,0,44,0,0,65
81.30,1544433345,545.73,51.491983,7.416686,158.44,10.46,0.00,337.21,0,-103,-12,0,0,35,0,0,62
82.30,1544433346,556.19,51.492053,7.416626,158.23,8.82,0.00,334.07,0,-95,-14,0,0,45,0,0,65
82.30,1544433346,556.20,51.492053,7.416626,158.23,8.82,0.00,334.07,0,-98,-18,0,0,46,0,0,385
82.30,1544433346,556.20,51.492053,7.416626,158.23,8.82,0.00,334.07,0,-105,-12,0,0,34,0,0,62
82.30,1544433346,556.21,51.492053,7.416626,158.23,8.82,0.00,334.07,0,-108,-15,0,0,33,0,0,306
83.30,1544433347,565.00,51.492158,7.416530,157.64,11.45,0.00,332.40,0,-95,-14,0,0,45,0,0,65
83.30,1544433347,565.01,51.492158,7.416530,157.64,11.45,0.00,332.40,0,-98,-18,0,0,46,0,0,385
83.30,1544433347,565.03,51.492158,7.416530,157.64,11.45,0.00,332.40,0,-105,-12,0,0,34,0,0,62
83.30,1544433347,565.03,51.492158,7.416530,157.64,11.45,0.00,332.40,0,-108,-15,0,0,33,0,0,306
84.30,1544433348,576.47,51.492269,7.416432,157.18,12.46,0.00,331.65,0,-96,-16,0,0,46,0,0,65
84.30,1544433348,576.48,51.492269,7.416432,157.18,12.46,0.00,331.65,0,-103,-12,0,0,35,0,0,62
84.30,1544433348,576.49,51.492269,7.416432,157.18,12.46,0.00,331.65,0,-108,-16,0,0,34,0,0,306
84.30,1544433348,576.49,51.492269,7.416432,157.18,12.46,0.00,331.65,0,0,0,0,0,63,0,0,357
84.30,1544433348,576.50,51.492269,7.416432,157.18,12.46,0.00,331.65,0,-225,-225,0,0,63,0,0,382
85.30,1544433349,588.92,51.492362,7.416350,157.04,12.37,0.00,332.90,0,-96,-16,0,0,46,0,0,65
85.30,1544433349,588.94,51.492362,7.416350,157.04,12.37,0.00,332.90,0,-103,-12,0,0,35,0,0,62
85.30,1544433349,588.95,51.492362,7.416350,157.04,12.37,0.00,332.90,0,-108,-16,0,0,34,0,0,306
85.30,1544433349,588.95,51.492362,7.416350,157.04,12.37,0.00,332.90,0,0,0,0,0,63,0,0,357
85.30,1544433349,588.96,51.492362,7.416350,157.04,12.37,0.00,332.90,0,-225,-225,0,0,63,0,0,382
86.30,1544433350,601.31,51.492463,7.416270,156.88,12.16,0.00,335.16,0,-100,-18,0,0,43,0,0,65
86.30,1544433350,601.33,51.492463,7.416270,156.88,12.16,0.00,335.16,0,-101,-18,0,0,44,0,0,52
86.30,1544433350,601.34,51.492463,7.416270,156.88,12.16,0.00,335.16,0,-102,-11,0,0,35,0,0,62
86.30,1544433350,601.34,51.492463,7.416270,156.88,12.16,0.00,335.16,0,-106,-13,0,0,34,0,0,306
86.30,1544433350,601.35,51.492463,7.416270,156.88,12.16,0.00,335.16,0,-225,-225,0,0,63,0,0,382
86.30,1544433350,601.36,51.492463,7.416270,156.88,12.16,0.00,335.16,0,0,0,0,0,63,0,0,357
87.30,1544433351,613.47,51.492557,7.416209,156.58,12.39,0.00,338.19,0,-100,-18,0,0,43,0,0,65
87.30,1544433351,613.48,51.492557,7.416209,156.58,12.39,0.00,338.19,0,-101,-18,0,0,44,0,0,52
87.30,1544433351,613.49,51.492557,7.416209,156.58,12.39,0.00,338.19,0,-102,-11,0,0,35,0,0,62
87.30,1544433351,613.50,51.492557,7.416209,156.58,12.39,0.00,338.19,0,-106,-13,0,0,34,0,0,306
87.30,1544433351,613.50,51.492557,7.416209,156.58,12.39,0.00,338.19,0,-225,-225,0,0,63,0,0,382
87.30,1544433351,613.51,51.492557,7.416209,156.58,12.39,0.00,338.19,0,0,0,0,0,63,0,0,357
88.30,1544433352,625.85,51.492669,7.416148,156.52,12.93,0.00,341.31,0,-98,-18,0,0,47,0,0,270
88.30,1544433352,625.86,51.492669,7.416148,156.52,12.93,0.00,341.31,0,-99,-18,0,0,46,0,0,274
88.30,1544433352,625.87,51.492669,7.416148,156.52,12.93,0.00,341.31,0,-100,-10,0,0,37,0,0,62
88.30,1544433352,625.89,51.492669,7.416148,156.52,12.93,0.00,341.31,0,-106,-14,0,0,36,0,0,146
89.30,1544433353,638.78,51.492791,7.416091,156.45,13.27,0.00,344.81,0,-98,-18,0,0,47,0,0,270
89.30,1544433353,638.79,51.492791,7.416091,156.45,13.27,0.00,344.81,0,-99,-18,0,0,46,0,0,274
89.30,1544433353,638.80,51.492791,7.416091,156.45,13.27,0.00,344.81,0,-100,-10,0,0,37,0,0,62
89.30,1544433353,638.80,51.492791,7.416091,156.45,13.27,0.00,344.81,0,-106,-14,0,0,36,0,0,146
90.30,1544433354,652.03,51.492908,7.416040,156.28,13.83,0.00,345.39,0,-108,-19,0,0,37,0,0,38
90.30,1544433354,652.05,51.492908,7.416040,156.28,13.83,0.00,345.39,0,-108,-19,0,0,36,0,0,34
90.30,1544433354,652.05,51.492908,7.416040,156.28,13.83,0.00,345.39,0,-109,-20,0,0,36,0,0,37
91.30,1544433355,665.86,51.493026,7.415998,156.04,12.98,0.00,347.90,0,-108,-19,0,0,37,0,0,38
91.30,1544433355,665.88,51.493026,7.415998,156.04,12.98,0.00,347.90,0,-108,-19,0,0,36,0,0,34
91.30,1544433355,665.88,51.493026,7.415998,156.04,12.98,0.00,347.90,0,-109,-20,0,0,36,0,0,37
92.30,1544433356,678.86,51.493146,7.415955,155.78,12.94,0.00,347.35,0,-99,-15,0,0,41,0,0,34
92.30,1544433356,678.87,51.493146,7.415955,155.78,12.94,0.00,347.35,0,-104,-20,0,0,41,0,0,197
92.30,1544433356,678.87,51.493146,7.415955,155.78,12.94,0.00,347.35,0,-105,-10,0,0,31,0,0,62
92.30,1544433356,678.88,51.493146,7.415955,155.78,12.94,0.00,347.35,0,-112,-15,0,0,31,0,0,339
93.35,1544433357,692.42,51.493259,7.415914,155.18,12.62,0.00,348.07,0,-99,-15,0,0,41,0,0,34
93.35,1544433357,692.43,51.493259,7.415914,155.18,12.62,0.00,348.07,0,-104,-20,0,0,41,0,0,197
93.35,1544433357,692.43,51.493259,7.415914,155.18,12.62,0.00,348.07,0,-105,-10,0,0,31,0,0,62
93.35,1544433357,692.43,51.493259,7.415914,155.18,12.62,0.00,348.07,0,-112,-15,0,0,31,0,0,339
94.30,1544433358,704.42,51.493371,7.415877,155.81,12.57,0.00,348.20,0,-99,-14,0,0,41,0,0,34
94.30,1544433358,704.43,51.493371,7.415877,155.81,12.57,0.00,348.20,0,-104,-20,0,0,41,0,0,38
94.30,1544433358,704.43,51.493371,7.415877,155.81,12.57,0.00,348.20,0,-105,-20,0,0,41,0,0,65
95.30,1544433359,716.99,51.493484,7.415843,156.27,12.57,0.00,348.48,0,-99,-14,0,0,41,0,0,34
95.30,1544433359,716.99,51.493484,7.415843,156.27,12.57,0.00,348.48,0,-104,-20,0,0,41,0,0,38
95.30,1544433359,717.00,51.493484,7.415843,156.27,12.57,0.00,348.48,0,-105,-20,0,0,41,0,0,65
96.30,1544433360,729.55,51.493601,7.415807,156.49,12.36,0.00,348.46,0,-99,-15,0,0,41,0,0,34
96.30,1544433360,729.57,51.493601,7.415807,156.49,12.36,0.00,348.46,0,-103,-20,0,0,43,0,0,38
96.30,1544433360,729.57,51.493601,7.415807,156.49,12.36,0.00,348.46,0,-103,-19,0,0,41,0,0,37
96.30,1544433360,729.58,51.493601,7.415807,156.49,12.36,0.00,348.46,0,0,0,0,0,63,0,0,382
96.30,1544433360,729.59,51.493601,7.415807,156.49,12.36,0.00,348.46,0,0,0,0,0,63,0,0,357
97.30,1544433361,741.96,51.493713,7.415776,156.26,12.06,0.00,348.61,0,-99,-15,0,0,41,0,0,34
97.30,1544433361,741.97,51.493713,7.415776,156.26,12.06,0.00,348.61,0,-103,-20,0,0,43,0,0,38
97.30,1544433361,741.97,51.493713,7.415776,156.26,12.06,0.00,348.61,0,-103,-19,0,0,41,0,0,37
97.30,1544433361,741.98,51.493713,7.415776,156.26,12.06,0.00,348.61,0,0,0,0,0,63,0,0,382
97.30,1544433361,741.99,51.493713,7.415776,156.26,12.06,0.00,348.61,0,0,0,0,0,63,0,0,357
98.30,1544433362,753.98,51.493811,7.415748,156.07,11.51,0.00,348.71,0,-98,-15,0,0,42,0,0,34
98.30,1544433362,753.99,51.493811,7.415748,156.07,11.51,0.00,348.71,0,-103,-19,0,0,42,0,0,38
98.30,1544433362,754.00,51.493811,7.415748,156.07,11.51,0.00,348.71,0,0,0,0,0,63,0,0,382
99.30,1544433363,765.50,51.493906,7.415720,156.05,10.77,0.00,348.36,0,-98,-15,0,0,42,0,0,34
99.30,1544433363,765.51,51.493906,7.415720,156.05,10.77,0.00,348.36,0,-103,-19,0,0,42,0,0,38
99.30,1544433363,765.53,51.493906,7.415720,156.05,10.77,0.00,348.36,0,0,0,0,0,63,0,0,382
100.31,1544433364,776.37,51.493992,7.415688,156.11,10.21,0.00,345.79,0,-101,-18,0,0,42,0,0,38
100.31,1544433364,776.38,51.493992,7.415688,156.11,10.21,0.00,345.79,0,-112,-15,0,0,29,0,0,62
100.31,1544433364,776.39,51.493992,7.415688,156.11,10.21,0.00,345.79,0,-115,-18,0,0,29,0,0,339
100.31,1544433364,776.40,51.493992,7.415688,156.11,10.21,0.00,345.79,0,-115,-17,0,0,29,0,0,375
101.30,1544433365,786.49,51.494084,7.415646,156.14,9.40,0.00,343.89,0,-101,-18,0,0,42,0,0,38
101.30,1544433365,786.49,51.494084,7.415646,156.14,9.40,0.00,343.89,0,-112,-15,0,0,29,0,0,62
101.30,1544433365,786.50,51.494084,7.415646,156.14,9.40,0.00,343.89,0,-115,-18,0,0,29,0,0,339
101.30,1544433365,786.51,51.494084,7.415646,156.14,9.40,0.00,343.89,0,-115,-17,0,0,29,0,0,375
102.30,1544433366,795.89,51.494150,7.415614,156.74,8.02,0.00,344.84,0,-101,-18,0,0,42,0,0,38
102.30,1544433366,795.89,51.494150,7.415614,156.74,8.02,0.00,344.84,0,-112,-15,0,0,29,0,0,62
102.30,1544433366,795.90,51.494150,7.415614,156.74,8.02,0.00,344.84,0,-115,-18,0,0,29,0,0,339
102.30,1544433366,795.91,51.494150,7.415614,156.74,8.02,0.00,344.84,0,-115,-17,0,0,29,0,0,375
103.30,1544433367,803.89,51.494224,7.415585,157.32,7.14,0.00,345.68,0,-99,-15,0,0,42,0,0,37
103.30,1544433367,803.89,51.494224,7.415585,157.32,7.14,0.00,345.68,0,-100,-16,0,0,42,0,0,38
103.30,1544433367,803.90,51.494224,7.415585,157.32,7.14,0.00,345.68,0,-104,-20,0,0,42,0,0,275
104.30,1544433368,811.04,51.494273,7.415565,157.38,5.64,0.00,346.36,0,-99,-15,0,0,42,0,0,37
104.30,1544433368,811.05,51.494273,7.415565,157.38,5.64,0.00,346.36,0,-100,-16,0,0,42,0,0,38
104.30,1544433368,811.05,51.494273,7.415565,157.38,5.64,0.00,346.36,0,-104,-20,0,0,42,0,0,275
105.30,1544433369,816.68,51.494316,7.415551,157.10,4.57,0.00,347.25,0,-101,-17,0,0,42,0,0,38
105.30,1544433369,816.68,51.494316,7.415551,157.10,4.57,0.00,347.25,0,-102,-18,0,0,42,0,0,37
105.30,1544433369,816.68,51.494316,7.415551,157.10,4.57,0.00,347.25,0,-103,-20,0,0,42,0,0,197
106.30,1544433370,821.25,51.494352,7.415538,157.05,3.56,0.00,347.73,0,-101,-17,0,0,42,0,0,38
106.30,1544433370,821.25,51.494352,7.415538,157.05,3.56,0.00,347.73,0,-102,-18,0,0,42,0,0,37
106.30,1544433370,821.25,51.494352,7.415538,157.05,3.56,0.00,347.73,0,-103,-20,0,0,42,0,0,197
107.30,1544433371,824.79,51.494381,7.415528,156.96,1.79,0.00,347.99,0,-96,-13,0,0,42,0,0,38
107.30,1544433371,824.80,51.494381,7.415528,156.96,1.79,0.00,347.99,0,-98,-13,0,0,42,0,0,37
108.30,1544433372,826.58,51.494381,7.415528,156.95,0.00,0.00,347.99,0,-96,-13,0,0,42,0,0,38
108.30,1544433372,826.58,51.494381,7.415528,156.95,0.00,0.00,347.99,0,-98,-13,0,0,42,0,0,37
109.30,1544433373,826.58,51.494381,7.415528,156.94,0.00,0.00,347.99,0,-98,-16,0,0,44,0,0,38
109.30,1544433373,826.58,51.494381,7.415528,156.94,0.00,0.00,347.99,0,-99,-15,0,0,44,0,0,37
109.30,1544433373,826.58,51.494381,7.415528,156.94,0.00,0.00,347.99,0,-103,-20,0,0,44,0,0,197
109.30,1544433373,826.58,51.494381,7.415528,156.94,0.00,0.00,347.99,0,-110,-15,0,0,31,0,0,62
109.30,1544433373,826.58,51.494381,7.415528,156.94,0.00,0.00,347.99,0,-113,-17,0,0,31,0,0,367
110.30,1544433374,826.58,51.494381,7.415528,156.92,0.00,0.00,347.99,0,-98,-16,0,0,44,0,0,38
110.30,1544433374,826.58,51.494381,7.415528,156.92,0.00,0.00,347.99,0,-99,-15,0,0,44,0,0,37
110.30,1544433374,826.58,51.494381,7.415528,156.92,0.00,0.00,347.99,0,-103,-20,0,0,44,0,0,197
110.30,1544433374,826.58,51.494381,7.415528,156.92,0.00,0.00,347.99,0,-110,-15,0,0,31,0,0,62
110.30,1544433374,826.58,51.494381,7.415528,156.92,0.00,0.00,347.99,0,-113,-17,0,0,31,0,0,367
111.30,1544433375,826.58,51.494381,7.415528,156.90,0.00,0.00,347.99,0,-97,-12,0,0,43,0,0,37
111.30,1544433375,826.58,51.494381,7.415528,156.90,0.00,0.00,347.99,0,-97,-15,0,0,43,0,0,38
111.30,1544433375,826.58,51.494381,7.415528,156.90,0.00,0.00,347.99,0,-103,-20,0,0,43,0,0,275
111.30,1544433375,826.58,51.494381,7.415528,156.90,0.00,0.00,347.99,0,-109,-14,0,0,30,0,0,62
111.30,1544433375,826.58,51.494381,7.415528,156.90,0.00,0.00,347.99,0,-113,-18,0,0,30,0,0,264
111.30,1544433375,826.58,51.494381,7.415528,156.90,0.00,0.00,347.99,0,-114,-16,0,0,30,0,0,367
112.30,1544433376,826.58,51.494381,7.415528,156.89,0.00,0.00,347.99,0,-97,-12,0,0,43,0,0,37
112.30,1544433376,826.58,51.494381,7.415528,156.89,0.00,0.00,347.99,0,-97,-15,0,0,43,0,0,38
112.30,1544433376,826.58,51.494381,7.415528,156.89,0.00,0.00,347.99,0,-103,-20,0,0,43,0,0,275
112.30,1544433376,826.58,51.494381,7.415528,156.89,0.00,0.00,347.99,0,-109,-14,0,0,30,0,0,62
112.30,1544433376,826.58,51.494381,7.415528,156.89,0.00,0.00,347.99,0,-113,-18,0,0,30,0,0,264
112.30,1544433376,826.58,51.494381,7.415528,156.89,0.00,0.00,347.99,0,-114,-16,0,0,30,0,0,367
113.30,1544433377,826.58,51.494381,7.415528,156.88,0.00,0.00,347.99,0,-98,-13,0,0,43,0,0,37
113.30,1544433377,826.58,51.494381,7.415528,156.88,0.00,0.00,347.99,0,-98,-15,0,0,43,0,0,38
113.30,1544433377,826.58,51.494381,7.415528,156.88,0.00,0.00,347.99,0,-103,-19,0,0,42,0,0,197
114.30,1544433378,826.58,51.494381,7.415528,156.87,0.00,0.00,347.99,0,-98,-13,0,0,43,0,0,37
114.30,1544433378,826.58,51.494381,7.415528,156.87,0.00,0.00,347.99,0,-98,-15,0,0,43,0,0,38
114.30,1544433378,826.58,51.494381,7.415528,156.87,0.00,0.00,347.99,0,-103,-19,0,0,42,0,0,197
115.30,1544433379,826.58,51.494381,7.415528,156.87,0.00,0.00,347.99,0,-97,-15,0,0,44,0,0,38
115.30,1544433379,826.58,51.494381,7.415528,156.87,0.00,0.00,347.99,0,-99,-15,0,0,44,0,0,37
115.30,1544433379,826.58,51.494381,7.415528,156.87,0.00,0.00,347.99,0,-102,-20,0,0,44,0,0,65
116.30,1544433380,826.58,51.494381,7.415528,156.86,0.00,0.00,347.99,0,-97,-15,0,0,44,0,0,38
116.30,1544433380,826.58,51.494381,7.415528,156.86,0.00,0.00,347.99,0,-99,-15,0,0,44,0,0,37
116.30,1544433380,826.58,51.494381,7.415528,156.86,0.00,0.00,347.99,0,-102,-20,0,0,44,0,0,65
117.30,1544433381,826.58,51.494381,7.415528,156.87,0.00,0.00,347.99,0,-97,-15,0,0,43,0,0,38
117.30,1544433381,826.58,51.494381,7.415528,156.87,0.00,0.00,347.99,0,-98,-14,0,0,43,0,0,37
117.30,1544433381,826.58,51.494381,7.415528,156.87,0.00,0.00,347.99,0,-102,-20,0,0,43,0,0,65
118.30,1544433382,826.58,51.494381,7.415528,156.87,0.00,0.00,347.99,0,-97,-15,0,0,43,0,0,38
118.30,1544433382,826.58,51.494381,7.415528,156.87,0.00,0.00,347.99,0,-98,-14,0,0,43,0,0,37
118.30,1544433382,826.58,51.494381,7.415528,156.87,0.00,0.00,347.99,0,-102,-20,0,0,43,0,0,65
119.30,1544433383,826.58,51.494381,7.415528,156.87,0.00,0.00,347.99,0,-98,-15,0,0,45,0,0,37
119.30,1544433383,826.58,51.494381,7.415528,156.87,0.00,0.00,347.99,0,-99,-17,0,0,45,0,0,38
119.30,1544433383,826.58,51.494381,7.415528,156.87,0.00,0.00,347.99,0,-108,-14,0,0,31,0,0,62
119.30,1544433383,826.58,51.494381,7.415528,156.87,0.00,0.00,347.99,0,-115,-19,0,0,31,0,0,16
120.30,1544433384,826.58,51.494381,7.415528,156.88,0.00,0.00,347.99,0,-98,-15,0,0,45,0,0,37
120.30,1544433384,826.58,51.494381,7.415528,156.88,0.00,0.00,347.99,0,-99,-17,0,0,45,0,0,38
120.30,1544433384,826.58,51.494381,7.415528,156.88,0.00,0.00,347.99,0,-108,-14,0,0,31,0,0,62
120.30,1544433384,826.58,51.494381,7.415528,156.88,0.00,0.00,347.99,0,-115,-19,0,0,31,0,0,16
121.31,1544433385,826.58,51.494381,7.415528,156.89,0.00,0.00,347.99,0,-95,-15,0,0,43,0,0,37
121.31,1544433385,826.58,51.494381,7.415528,156.89,0.00,0.00,347.99,0,-99,-16,0,0,43,0,0,38
121.31,1544433385,826.58,51.494381,7.415528,156.89,0.00,0.00,347.99,0,-111,-14,0,0,29,0,0,62
121.31,1544433385,826.58,51.494381,7.415528,156.89,0.00,0.00,347.99,0,-114,-18,0,0,29,0,0,264
121.31,1544433385,826.58,51.494381,7.415528,156.89,0.00,0.00,347.99,0,-115,-16,0,0,29,0,0,367
122.30,1544433386,826.58,51.494381,7.415528,156.90,0.00,0.00,347.99,0,-95,-15,0,0,43,0,0,37
122.30,1544433386,826.58,51.494381,7.415528,156.90,0.00,0.00,347.99,0,-99,-16,0,0,43,0,0,38
122.30,1544433386,826.58,51.494381,7.415528,156.90,0.00,0.00,347.99,0,-111,-14,0,0,29,0,0,62
122.30,1544433386,826.58,51.494381,7.415528,156.90,0.00,0.00,347.99,0,-114,-18,0,0,29,0,0,264
122.30,1544433386,826.58,51.494381,7.415528,156.90,0.00,0.00,347.99,0,-115,-16,0,0,29,0,0,367
123.30,1544433387,826.58,51.494381,7.415528,156.91,0.00,0.00,347.99,0,-95,-15,0,0,43,0,0,37
123.30,1544433387,826.58,51.494381,7.415528,156.91,0.00,0.00,347.99,0,-99,-16,0,0,43,0,0,38
123.30,1544433387,826.58,51.494381,7.415528,156.91,0.00,0.00,347.99,0,-111,-14,0,0,29,0,0,62
123.30,1544433387,826.58,51.494381,7.415528,156.91,0.00,0.00,347.99,0,-114,-18,0,0,29,0,0,264
123.30,1544433387,826.58,51.494381,7.415528,156.91,0.00,0.00,347.99,0,-115,-16,0,0,29,0,0,367
124.30,1544433388,826.58,51.494381,7.415528,156.93,0.00,0.00,347.99,0,-97,-13,0,0,43,0,0,37
124.30,1544433388,826.58,51.494381,7.415528,156.93,0.00,0.00,347.99,0,-99,-15,0,0,43,0,0,38
124.30,1544433388,826.58,51.494381,7.415528,156.93,0.00,0.00,347.99,0,-103,-19,0,0,42,0,0,197
125.30,1544433389,826.58,51.494381,7.415528,157.10,0.00,0.00,347.99,0,-97,-13,0,0,43,0,0,37
125.30,1544433389,826.58,51.494381,7.415528,157.10,0.00,0.00,347.99,0,-99,-15,0,0,43,0,0,38
125.30,1544433389,826.58,51.494381,7.415528,157.10,0.00,0.00,347.99,0,-103,-19,0,0,42,0,0,197
126.30,1544433390,826.58,51.494381,7.415528,157.27,0.00,0.00,351.70,0,-98,-17,0,0,44,0,0,37
126.30,1544433390,826.58,51.494381,7.415528,157.27,0.00,0.00,351.70,0,-99,-17,0,0,44,0,0,38
126.30,1544433390,826.58,51.494381,7.415528,157.27,0.00,0.00,351.70,0,-102,-20,0,0,44,0,0,275
127.30,1544433391,826.58,51.494381,7.415528,157.39,0.00,0.00,350.32,0,-98,-17,0,0,44,0,0,37
127.30,1544433391,826.58,51.494381,7.415528,157.39,0.00,0.00,350.32,0,-99,-17,0,0,44,0,0,38
127.30,1544433391,826.58,51.494381,7.415528,157.39,0.00,0.00,350.32,0,-102,-20,0,0,44,0,0,275
128.30,1544433392,826.59,51.494443,7.415498,157.49,1.76,0.00,353.69,0,-97,-15,0,0,45,0,0,38
128.30,1544433392,826.59,51.494443,7.415498,157.49,1.76,0.00,353.69,0,-99,-18,0,0,45,0,0,37
129.30,1544433393,828.35,51.494469,7.415489,157.59,2.81,0.00,352.17,0,-97,-15,0,0,45,0,0,38
129.30,1544433393,828.35,51.494469,7.415489,157.59,2.81,0.00,352.17,0,-99,-18,0,0,45,0,0,37
130.30,1544433394,831.17,51.494492,7.415480,157.66,1.94,0.00,351.75,0,-98,-15,0,0,43,0,0,37
130.30,1544433394,831.17,51.494492,7.415480,157.66,1.94,0.00,351.75,0,-98,-14,0,0,43,0,0,38
130.30,1544433394,831.18,51.494492,7.415480,157.66,1.94,0.00,351.75,0,-103,-20,0,0,43,0,0,65
130.30,1544433394,831.18,51.494492,7.415480,157.66,1.94,0.00,351.75,0,-113,-16,0,0,29,0,0,62
130.30,1544433394,831.18,51.494492,7.415480,157.66,1.94,0.00,351.75,0,-113,-16,0,0,29,0,0,16
130.30,1544433394,831.18,51.494492,7.415480,157.66,1.94,0.00,351.75,0,-113,-16,0,0,29,0,0,367
131.30,1544433395,833.12,51.494499,7.415477,157.73,0.63,0.00,351.75,0,-98,-15,0,0,43,0,0,37
131.30,1544433395,833.12,51.494499,7.415477,157.73,0.63,0.00,351.75,0,-98,-14,0,0,43,0,0,38
131.30,1544433395,833.12,51.494499,7.415477,157.73,0.63,0.00,351.75,0,-103,-20,0,0,43,0,0,65
131.30,1544433395,833.12,51.494499,7.415477,157.73,0.63,0.00,351.75,0,-113,-16,0,0,29,0,0,62
131.31,1544433395,833.12,51.494499,7.415477,157.73,0.63,0.00,351.75,0,-113,-16,0,0,29,0,0,16
131.31,1544433395,833.12,51.494499,7.415477,157.73,0.63,0.00,351.75,0,-113,-16,0,0,29,0,0,367
132.30,1544433396,833.75,51.494499,7.415477,157.74,0.00,0.00,351.75,0,-100,-15,0,0,41,0,0,37
132.30,1544433396,833.75,51.494499,7.415477,157.74,0.00,0.00,351.75,0,-101,-16,0,0,41,0,0,38
132.30,1544433396,833.75,51.494499,7.415477,157.74,0.00,0.00,351.75,0,-103,-19,0,0,41,0,0,197
133.30,1544433397,833.75,51.494499,7.415477,157.86,0.00,0.00,351.75,0,-100,-15,0,0,41,0,0,37
133.30,1544433397,833.75,51.494499,7.415477,157.86,0.00,0.00,351.75,0,-101,-16,0,0,41,0,0,38
133.30,1544433397,833.75,51.494499,7.415477,157.86,0.00,0.00,351.75,0,-103,-19,0,0,41,0,0,197
134.30,1544433398,833.75,51.494499,7.415477,157.98,0.00,0.00,336.18,0,-96,-12,0,0,42,0,0,38
134.30,1544433398,833.75,51.494499,7.415477,157.98,0.00,0.00,336.18,0,-99,-15,0,0,42,0,0,37
134.30,1544433398,833.75,51.494499,7.415477,157.98,0.00,0.00,336.18,0,-102,-18,0,0,42,0,0,65
135.30,1544433399,833.75,51.494499,7.415477,158.13,0.00,0.00,321.42,0,-96,-12,0,0,42,0,0,38
135.30,1544433399,833.75,51.494499,7.415477,158.13,0.00,0.00,321.42,0,-99,-15,0,0,42,0,0,37
135.30,1544433399,833.75,51.494499,7.415477,158.13,0.00,0.00,321.42,0,-102,-18,0,0,42,0,0,65
136.30,1544433400,833.75,51.494537,7.415381,159.53,5.14,0.00,283.21,0,-96,-14,0,0,44,0,0,38
136.30,1544433400,833.76,51.494537,7.415381,159.53,5.14,0.00,283.21,0,-96,-15,0,0,44,0,0,37
136.30,1544433400,833.76,51.494537,7.415381,159.53,5.14,0.00,283.21,0,-100,-19,0,0,44,0,0,65
137.30,1544433401,838.89,51.494523,7.415262,159.11,7.32,0.00,257.10,0,-96,-14,0,0,44,0,0,38
137.30,1544433401,838.90,51.494523,7.415262,159.11,7.32,0.00,257.10,0,-96,-15,0,0,44,0,0,37
137.30,1544433401,838.90,51.494523,7.415262,159.11,7.32,0.00,257.10,0,-100,-19,0,0,44,0,0,65
138.30,1544433402,846.23,51.494503,7.415165,158.88,7.85,0.00,256.76,0,-100,-16,0,0,41,0,0,37
138.30,1544433402,846.24,51.494503,7.415165,158.88,7.85,0.00,256.76,0,-101,-17,0,0,41,0,0,38
138.30,1544433402,846.24,51.494503,7.415165,158.88,7.85,0.00,256.76,0,-104,-20,0,0,41,0,0,275
139.30,1544433403,854.07,51.494482,7.415045,158.94,9.27,0.00,257.93,0,-100,-16,0,0,41,0,0,37
139.30,1544433403,854.08,51.494482,7.415045,158.94,9.27,0.00,257.93,0,-101,-17,0,0,41,0,0,38
139.30,1544433403,854.08,51.494482,7.415045,158.94,9.27,0.00,257.93,0,-104,-20,0,0,41,0,0,275
140.30,1544433404,863.35,51.494460,7.414908,159.08,10.46,0.00,256.95,0,-104,-17,0,0,39,0,0,38
140.30,1544433404,863.36,51.494460,7.414908,159.08,10.46,0.00,256.95,0,-104,-19,0,0,40,0,0,65
140.30,1544433404,863.37,51.494460,7.414908,159.08,10.46,0.00,256.95,0,-105,-18,0,0,39,0,0,275
140.30,1544433404,863.38,51.494460,7.414908,159.08,10.46,0.00,256.95,0,-111,-14,0,0,28,0,0,450
140.30,1544433404,863.38,51.494460,7.414908,159.08,10.46,0.00,256.95,0,-113,-14,0,0,28,0,0,306
140.30,1544433404,863.39,51.494460,7.414908,159.08,10.46,0.00,256.95,0,-114,-16,0,0,28,0,0,62
141.30,1544433405,873.83,51.494440,7.414754,159.18,10.87,0.00,257.50,0,-104,-17,0,0,39,0,0,38
141.30,1544433405,873.84,51.494440,7.414754,159.18,10.87,0.00,257.50,0,-104,-19,0,0,40,0,0,65
141.30,1544433405,873.84,51.494440,7.414754,159.18,10.87,0.00,257.50,0,-105,-18,0,0,39,0,0,275
141.30,1544433405,873.85,51.494440,7.414754,159.18,10.87,0.00,257.50,0,-111,-14,0,0,28,0,0,450
141.30,1544433405,873.86,51.494440,7.414754,159.18,10.87,0.00,257.50,0,-113,-14,0,0,28,0,0,306
141.30,1544433405,873.86,51.494440,7.414754,159.18,10.87,0.00,257.50,0,-114,-16,0,0,28,0,0,62
142.30,1544433406,884.72,51.494424,7.414592,158.96,11.86,0.00,258.37,0,-103,-19,0,0,42,0,0,65
143.30,1544433407,896.52,51.494403,7.414424,158.86,12.42,0.00,257.74,0,-103,-19,0,0,42,0,0,65
144.30,1544433408,909.01,51.494381,7.414253,158.82,12.50,0.00,258.15,0,-103,-16,0,0,39,0,0,38
145.30,1544433409,921.42,51.494356,7.414070,158.79,12.12,0.00,258.27,0,-103,-16,0,0,39,0,0,38
146.30,1544433410,933.54,51.494332,7.413893,158.62,12.15,0.00,258.15,0,-103,-16,0,0,39,0,0,38
147.30,1544433411,945.71,51.494310,7.413724,158.41,12.40,0.00,257.93,0,-100,-17,0,0,43,0,0,38
147.30,1544433411,945.72,51.494310,7.413724,158.41,12.40,0.00,257.93,0,-102,-19,0,0,43,0,0,37
147.30,1544433411,945.73,51.494310,7.413724,158.41,12.40,0.00,257.93,0,-102,-19,0,0,43,0,0,275
148.30,1544433412,958.11,51.494286,7.413546,158.16,12.51,0.00,258.50,0,-100,-17,0,0,43,0,0,38
148.30,1544433412,958.12,51.494286,7.413546,158.16,12.51,0.00,258.50,0,-102,-19,0,0,43,0,0,37
148.30,1544433412,958.14,51.494286,7.413546,158.16,12.51,0.00,258.50,0,-102,-19,0,0,43,0,0,275
149.30,1544433413,970.63,51.494262,7.413369,157.83,12.72,0.00,258.23,0,-97,-14,0,0,43,0,0,38
149.30,1544433413,970.65,51.494262,7.413369,157.83,12.72,0.00,258.23,0,-100,-17,0,0,43,0,0,37
149.30,1544433413,970.66,51.494262,7.413369,157.83,12.72,0.00,258.23,0,-100,-17,0,0,43,0,0,65
149.30,1544433413,970.67,51.494262,7.413369,157.83,12.72,0.00,258.23,0,-114,-15,0,0,28,0,0,450
149.30,1544433413,970.67,51.494262,7.413369,157.83,12.72,0.00,258.23,0,-115,-17,0,0,28,0,0,367
150.30,1544433414,983.36,51.494239,7.413193,157.47,12.91,0.00,258.54,0,-97,-14,0,0,43,0,0,38
150.30,1544433414,983.38,51.494239,7.413193,157.47,12.91,0.00,258.54,0,-100,-17,0,0,43,0,0,37
150.30,1544433414,983.39,51.494239,7.413193,157.47,12.91,0.00,258.54,0,-100,-17,0,0,43,0,0,65
150.30,1544433414,983.39,51.494239,7.413193,157.47,12.91,0.00,258.54,0,-114,-15,0,0,28,0,0,450
150.30,1544433414,983.40,51.494239,7.413193,157.47,12.91,0.00,258.54,0,-115,-17,0,0,28,0,0,367
151.30,1544433415,996.26,51.494215,7.413008,157.54,13.07,0.00,258.17,0,-96,-12,0,0,42,0,0,38
151.30,1544433415,996.27,51.494215,7.413008,157.54,13.07,0.00,258.17,0,-100,-16,0,0,42,0,0,65
151.30,1544433415,996.29,51.494215,7.413008,157.54,13.07,0.00,258.17,0,-101,-17,0,0,42,0,0,37
151.30,1544433415,996.30,51.494215,7.413008,157.54,13.07,0.00,258.17,0,-112,-14,0,0,28,0,0,450
151.30,1544433415,996.30,51.494215,7.413008,157.54,13.07,0.00,258.17,0,-113,-15,0,0,29,0,0,367
151.30,1544433415,996.31,51.494215,7.413008,157.54,13.07,0.00,258.17,0,-114,-16,0,0,29,0,0,17
152.30,1544433416,1009.29,51.494191,7.412823,157.93,13.00,0.00,257.34,0,-96,-12,0,0,42,0,0,38
152.30,1544433416,1009.31,51.494191,7.412823,157.93,13.00,0.00,257.34,0,-100,-16,0,0,42,0,0,65
152.30,1544433416,1009.31,51.494191,7.412823,157.93,13.00,0.00,257.34,0,-101,-17,0,0,42,0,0,37
152.30,1544433416,1009.31,51.494191,7.412823,157.93,13.00,0.00,257.34,0,-112,-14,0,0,28,0,0,450
152.30,1544433416,1009.32,51.494191,7.412823,157.93,13.00,0.00,257.34,0,-113,-15,0,0,29,0,0,367
152.30,1544433416,1009.32,51.494191,7.412823,157.93,13.00,0.00,257.34,0,-114,-16,0,0,29,0,0,17
153.30,1544433417,1022.32,51.494165,7.412628,158.34,12.81,0.00,257.85,0,-97,-12,0,0,41,0,0,65
153.30,1544433417,1022.33,51.494165,7.412628,158.34,12.81,0.00,257.85,0,-99,-14,0,0,41,0,0,38
153.30,1544433417,1022.34,51.494165,7.412628,158.34,12.81,0.00,257.85,0,-103,-18,0,0,41,0,0,37
154.30,1544433418,1035.13,51.494141,7.412450,158.88,13.12,0.00,257.90,0,-97,-12,0,0,41,0,0,65
154.30,1544433418,1035.13,51.494141,7.412450,158.88,13.12,0.00,257.90,0,-99,-14,0,0,41,0,0,38
154.30,1544433418,1035.15,51.494141,7.412450,158.88,13.12,0.00,257.90,0,-103,-18,0,0,41,0,0,37
155.30,1544433419,1048.24,51.494117,7.412269,159.49,13.17,0.00,257.61,0,-97,-13,0,0,43,0,0,65
155.30,1544433419,1048.25,51.494117,7.412269,159.49,13.17,0.00,257.61,0,-98,-15,0,0,43,0,0,38
156.30,1544433420,1061.40,51.494093,7.412091,160.20,13.04,0.00,258.02,0,-97,-13,0,0,43,0,0,65
156.30,1544433420,1061.41,51.494093,7.412091,160.20,13.04,0.00,258.02,0,-98,-15,0,0,43,0,0,38
157.30,1544433421,1074.47,51.494066,7.411902,160.59,13.28,0.00,258.23,0,-94,-13,0,0,44,0,0,38
157.30,1544433421,1074.48,51.494066,7.411902,160.59,13.28,0.00,258.23,0,-99,-18,0,0,44,0,0,65
157.30,1544433421,1074.48,51.494066,7.411902,160.59,13.28,0.00,258.23,0,-99,-18,0,0,45,0,0,37
158.30,1544433422,1087.73,51.494042,7.411712,161.01,13.78,0.00,257.73,0,-94,-13,0,0,44,0,0,38
158.30,1544433422,1087.73,51.494042,7.411712,161.01,13.78,0.00,257.73,0,-99,-18,0,0,44,0,0,65
158.30,1544433422,1087.75,51.494042,7.411712,161.01,13.78,0.00,257.73,0,-99,-18,0,0,45,0,0,37
159.30,1544433423,1101.50,51.494016,7.411510,161.31,13.90,0.00,257.90,0,-97,-13,0,0,42,0,0,38
159.30,1544433423,1101.51,51.494016,7.411510,161.31,13.90,0.00,257.90,0,-98,-15,0,0,42,0,0,65
159.30,1544433423,1101.52,51.494016,7.411510,161.31,13.90,0.00,257.90,0,-102,-9,0,0,34,0,0,450
160.30,1544433424,1115.41,51.493992,7.411318,161.33,13.85,0.00,257.49,0,-97,-13,0,0,42,0,0,38
160.30,1544433424,1115.42,51.493992,7.411318,161.33,13.85,0.00,257.49,0,-98,-15,0,0,42,0,0,65
160.30,1544433424,1115.44,51.493992,7.411318,161.33,13.85,0.00,257.49,0,-102,-9,0,0,34,0,0,450
161.30,1544433425,1129.28,51.493965,7.411120,161.25,13.73,0.00,258.13,0,-93,-10,0,0,43,0,0,38
161.30,1544433425,1129.29,51.493965,7.411120,161.25,13.73,0.00,258.13,0,-99,-15,0,0,43,0,0,65
161.30,1544433425,1129.30,51.493965,7.411120,161.25,13.73,0.00,258.13,0,-103,-9,0,0,33,0,0,450
161.30,1544433425,1129.30,51.493965,7.411120,161.25,13.73,0.00,258.13,0,-108,-15,0,0,33,0,0,76
162.30,1544433426,1143.01,51.493944,7.410930,161.30,13.44,0.00,258.44,0,-93,-10,0,0,43,0,0,38
162.30,1544433426,1143.02,51.493944,7.410930,161.30,13.44,0.00,258.44,0,-99,-15,0,0,43,0,0,65
162.30,1544433426,1143.04,51.493944,7.410930,161.30,13.44,0.00,258.44,0,-103,-9,0,0,33,0,0,450
162.30,1544433426,1143.05,51.493944,7.410930,161.30,13.44,0.00,258.44,0,-108,-15,0,0,33,0,0,76
163.30,1544433427,1156.44,51.493920,7.410736,161.40,13.36,0.00,258.42,0,-95,-11,0,0,42,0,0,38
163.30,1544433427,1156.45,51.493920,7.410736,161.40,13.36,0.00,258.42,0,-98,-14,0,0,42,0,0,65
164.30,1544433428,1169.80,51.493897,7.410539,161.47,13.54,0.00,258.60,0,-95,-11,0,0,42,0,0,38
164.30,1544433428,1169.81,51.493897,7.410539,161.47,13.54,0.00,258.60,0,-98,-14,0,0,42,0,0,65
165.30,1544433429,1183.41,51.493874,7.410345,161.51,13.63,0.00,257.99,0,-97,-14,0,0,44,0,0,38
165.30,1544433429,1183.42,51.493874,7.410345,161.51,13.63,0.00,257.99,0,-98,-15,0,0,44,0,0,65
166.30,1544433430,1196.96,51.493849,7.410146,161.53,13.64,0.00,257.71,0,-97,-14,0,0,44,0,0,38
166.30,1544433430,1196.97,51.493849,7.410146,161.53,13.64,0.00,257.71,0,-98,-15,0,0,44,0,0,65
167.30,1544433431,1210.63,51.493821,7.409959,161.44,13.77,0.00,257.22,0,-97,-14,0,0,44,0,0,38
167.30,1544433431,1210.64,51.493821,7.409959,161.44,13.77,0.00,257.22,0,-98,-15,0,0,44,0,0,65
168.30,1544433432,1224.38,51.493794,7.409764,161.60,13.49,0.00,257.00,0,-96,-14,0,0,44,0,0,65
168.30,1544433432,1224.38,51.493794,7.409764,161.60,13.49,0.00,257.00,0,-99,-17,0,0,44,0,0,38
169.30,1544433433,1237.84,51.493768,7.409573,161.64,13.54,0.00,257.66,0,-96,-14,0,0,44,0,0,65
169.30,1544433433,1237.86,51.493768,7.409573,161.64,13.54,0.00,257.66,0,-99,-17,0,0,44,0,0,38
170.30,1544433434,1251.42,51.493742,7.409378,161.85,13.55,0.00,257.86,0,-96,-15,0,0,47,0,0,65
170.30,1544433434,1251.43,51.493742,7.409378,161.85,13.55,0.00,257.86,0,-96,-16,0,0,47,0,0,38
170.30,1544433434,1251.43,51.493742,7.409378,161.85,13.55,0.00,257.86,0,-99,-10,0,0,36,0,0,450
170.30,1544433434,1251.45,51.493742,7.409378,161.85,13.55,0.00,257.86,0,-105,-15,0,0,35,0,0,76
171.30,1544433435,1264.96,51.493716,7.409193,161.95,13.67,0.00,257.95,0,-96,-15,0,0,47,0,0,65
171.30,1544433435,1264.97,51.493716,7.409193,161.95,13.67,0.00,257.95,0,-96,-16,0,0,47,0,0,38
171.30,1544433435,1264.99,51.493716,7.409193,161.95,13.67,0.00,257.95,0,-99,-10,0,0,36,0,0,450
171.30,1544433435,1265.00,51.493716,7.409193,161.95,13.67,0.00,257.95,0,-105,-15,0,0,35,0,0,76
172.30,1544433436,1278.68,51.493691,7.409001,162.14,13.38,0.00,257.93,0,-96,-12,0,0,42,0,0,38
172.30,1544433436,1278.68,51.493691,7.409001,162.14,13.38,0.00,257.93,0,-99,-15,0,0,42,0,0,65
172.30,1544433436,1278.69,51.493691,7.409001,162.14,13.38,0.00,257.93,0,-99,-9,0,0,36,0,0,450
173.30,1544433437,1292.00,51.493666,7.408813,162.26,13.36,0.00,258.13,0,-96,-12,0,0,42,0,0,38
173.30,1544433437,1292.02,51.493666,7.408813,162.26,13.36,0.00,258.13,0,-99,-15,0,0,42,0,0,65
173.30,1544433437,1292.02,51.493666,7.408813,162.26,13.36,0.00,258.13,0,-99,-9,0,0,36,0,0,450
174.30,1544433438,1305.38,51.493640,7.408627,162.25,13.55,0.00,257.91,0,-95,-12,0,0,43,0,0,38
174.30,1544433438,1305.39,51.493640,7.408627,162.25,13.55,0.00,257.91,0,-99,-15,0,0,43,0,0,65
174.30,1544433438,1305.41,51.493640,7.408627,162.25,13.55,0.00,257.91,0,-98,-9,0,0,37,0,0,450
175.30,1544433439,1318.91,51.493612,7.408436,162.27,13.57,0.00,257.92,0,-95,-12,0,0,43,0,0,38
175.30,1544433439,1318.92,51.493612,7.408436,162.27,13.57,0.00,257.92,0,-99,-15,0,0,43,0,0,65
175.30,1544433439,1318.94,51.493612,7.408436,162.27,13.57,0.00,257.92,0,-98,-9,0,0,37,0,0,450
176.30,1544433440,1332.51,51.493586,7.408231,162.51,13.90,0.00,258.39,0,-98,-13,0,0,41,0,0,38
176.30,1544433440,1332.52,51.493586,7.408231,162.51,13.90,0.00,258.39,0,-100,-15,0,0,41,0,0,65
176.30,1544433440,1332.52,51.493586,7.408231,162.51,13.90,0.00,258.39,0,-93,-8,0,0,41,0,0,450
177.30,1544433441,1346.39,51.493562,7.408036,162.69,14.17,0.00,258.78,0,-98,-13,0,0,41,0,0,38
177.30,1544433441,1346.41,51.493562,7.408036,162.69,14.17,0.00,258.78,0,-100,-15,0,0,41,0,0,65
177.30,1544433441,1346.41,51.493562,7.408036,162.69,14.17,0.00,258.78,0,-93,-8,0,0,41,0,0,450
178.30,1544433442,1360.55,51.493538,7.407832,162.98,14.51,0.00,259.11,0,-98,-14,0,0,43,0,0,38
178.30,1544433442,1360.56,51.493538,7.407832,162.98,14.51,0.00,259.11,0,-99,-17,0,0,43,0,0,65
178.30,1544433442,1360.58,51.493538,7.407832,162.98,14.51,0.00,259.11,0,-102,-20,0,0,43,0,0,52
178.30,1544433442,1360.58,51.493538,7.407832,162.98,14.51,0.00,259.11,0,-90,-11,0,0,47,0,0,450
179.30,1544433443,1375.11,51.493514,7.407624,163.30,14.88,0.00,258.16,0,-98,-14,0,0,43,0,0,38
179.30,1544433443,1375.11,51.493514,7.407624,163.30,14.88,0.00,258.16,0,-99,-17,0,0,43,0,0,65
179.30,1544433443,1375.12,51.493514,7.407624,163.30,14.88,0.00,258.16,0,-102,-20,0,0,43,0,0,52
179.30,1544433443,1375.14,51.493514,7.407624,163.30,14.88,0.00,258.16,0,-90,-11,0,0,47,0,0,450
180.30,1544433444,1389.97,51.493487,7.407413,163.61,14.98,0.00,258.20,0,-99,-15,0,0,43,0,0,38
180.30,1544433444,1389.99,51.493487,7.407413,163.61,14.98,0.00,258.20,0,-100,-17,0,0,43,0,0,65
180.30,1544433444,1390.00,51.493487,7.407413,163.61,14.98,0.00,258.20,0,-89,-12,0,0,48,0,0,450
180.30,1544433444,1390.02,51.493487,7.407413,163.61,14.98,0.00,258.20,0,0,0,0,0,63,0,0,382
180.30,1544433444,1390.02,51.493487,7.407413,163.61,14.98,0.00,258.20,0,-225,-225,0,0,63,0,0,149
180.30,1544433444,1390.03,51.493487,7.407413,163.61,14.98,0.00,258.20,0,-225,-225,0,0,63,0,0,130
181.30,1544433445,1404.96,51.493461,7.407198,163.78,14.75,0.00,257.81,0,-99,-15,0,0,43,0,0,38
181.30,1544433445,1404.97,51.493461,7.407198,163.78,14.75,0.00,257.81,0,-100,-17,0,0,43,0,0,65
181.30,1544433445,1404.99,51.493461,7.407198,163.78,14.75,0.00,257.81,0,-89,-12,0,0,48,0,0,450
181.30,1544433445,1405.00,51.493461,7.407198,163.78,14.75,0.00,257.81,0,0,0,0,0,63,0,0,382
181.30,1544433445,1405.02,51.493461,7.407198,163.78,14.75,0.00,257.81,0,-225,-225,0,0,63,0,0,149
181.30,1544433445,1405.03,51.493461,7.407198,163.78,14.75,0.00,257.81,0,-225,-225,0,0,63,0,0,130
182.30,1544433446,1419.76,51.493436,7.407005,163.76,14.48,0.00,258.41,0,-98,-17,0,0,46,0,0,38
182.30,1544433446,1419.78,51.493436,7.407005,163.76,14.48,0.00,258.41,0,-99,-18,0,0,46,0,0,16
182.31,1544433446,1419.79,51.493436,7.407005,163.76,14.48,0.00,258.41,0,-100,-19,0,0,46,0,0,65
182.31,1544433446,1419.81,51.493436,7.407005,163.76,14.48,0.00,258.41,0,-91,-9,0,0,46,0,0,450
182.31,1544433446,1419.81,51.493436,7.407005,163.76,14.48,0.00,258.41,0,-225,-225,0,0,63,0,0,149
182.31,1544433446,1419.82,51.493436,7.407005,163.76,14.48,0.00,258.41,0,0,0,0,0,63,0,0,382
183.30,1544433447,1434.17,51.493410,7.406802,163.76,14.29,0.00,257.67,0,-98,-17,0,0,46,0,0,38
183.30,1544433447,1434.19,51.493410,7.406802,163.76,14.29,0.00,257.67,0,-99,-18,0,0,46,0,0,16
183.30,1544433447,1434.20,51.493410,7.406802,163.76,14.29,0.00,257.67,0,-100,-19,0,0,46,0,0,65
183.30,1544433447,1434.21,51.493410,7.406802,163.76,14.29,0.00,257.67,0,-91,-9,0,0,46,0,0,450
183.30,1544433447,1434.23,51.493410,7.406802,163.76,14.29,0.00,257.67,0,-225,-225,0,0,63,0,0,149
183.30,1544433447,1434.23,51.493410,7.406802,163.76,14.29,0.00,257.67,0,0,0,0,0,63,0,0,382
184.30,1544433448,1448.46,51.493386,7.406600,163.87,14.55,0.00,258.05,0,-99,-17,0,0,44,0,0,38
184.30,1544433448,1448.48,51.493386,7.406600,163.87,14.55,0.00,258.05,0,-88,-8,0,0,47,0,0,450
184.30,1544433448,1448.49,51.493386,7.406600,163.87,14.55,0.00,258.05,0,-225,-225,0,0,63,0,0,149
184.30,1544433448,1448.49,51.493386,7.406600,163.87,14.55,0.00,258.05,0,0,0,0,0,63,0,0,382
185.30,1544433449,1463.02,51.493359,7.406389,163.98,14.86,0.00,258.00,0,-99,-17,0,0,44,0,0,38
185.30,1544433449,1463.04,51.493359,7.406389,163.98,14.86,0.00,258.00,0,-88,-8,0,0,47,0,0,450
185.30,1544433449,1463.05,51.493359,7.406389,163.98,14.86,0.00,258.00,0,-225,-225,0,0,63,0,0,149
185.30,1544433449,1463.07,51.493359,7.406389,163.98,14.86,0.00,258.00,0,0,0,0,0,63,0,0,382
186.30,1544433450,1477.92,51.493335,7.406186,164.22,15.12,0.00,257.80,0,-99,-19,0,0,45,0,0,38
186.30,1544433450,1477.94,51.493335,7.406186,164.22,15.12,0.00,257.80,0,-89,-7,0,0,45,0,0,450
187.30,1544433451,1492.98,51.493307,7.405980,164.34,14.85,0.00,257.99,0,-99,-19,0,0,45,0,0,38
187.30,1544433451,1492.98,51.493307,7.405980,164.34,14.85,0.00,257.99,0,-89,-7,0,0,45,0,0,450
188.29,1544433452,1507.74,51.493279,7.405773,164.49,14.84,0.00,258.05,0,-99,-19,0,0,45,0,0,38
188.29,1544433452,1507.74,51.493279,7.405773,164.49,14.84,0.00,258.05,0,-89,-7,0,0,45,0,0,450
189.30,1544433453,1522.63,51.493252,7.405561,164.65,14.84,0.00,258.10,0,-89,-9,0,0,46,0,0,450
190.30,1544433454,1537.47,51.493223,7.405347,164.63,14.89,0.00,257.82,0,-89,-9,0,0,46,0,0,450
191.30,1544433455,1552.41,51.493194,7.405135,164.56,14.95,0.00,257.80,0,-104,-17,0,0,39,0,0,38
191.30,1544433455,1552.42,51.493194,7.405135,164.56,14.95,0.00,257.80,0,-106,-20,0,0,39,0,0,398
191.30,1544433455,1552.44,51.493194,7.405135,164.56,14.95,0.00,257.80,0,-106,-19,0,0,39,0,0,72
191.30,1544433455,1552.44,51.493194,7.405135,164.56,14.95,0.00,257.80,0,-95,-12,0,0,44,0,0,450
191.30,1544433455,1552.45,51.493194,7.405135,164.56,14.95,0.00,257.80,0,-97,-15,0,0,44,0,0,313
192.30,1544433456,1567.34,51.493166,7.404928,164.45,14.87,0.00,257.80,0,-104,-17,0,0,39,0,0,38
192.30,1544433456,1567.35,51.493166,7.404928,164.45,14.87,0.00,257.80,0,-106,-20,0,0,39,0,0,398
192.30,1544433456,1567.37,51.493166,7.404928,164.45,14.87,0.00,257.80,0,-106,-19,0,0,39,0,0,72
192.30,1544433456,1567.37,51.493166,7.404928,164.45,14.87,0.00,257.80,0,-95,-12,0,0,44,0,0,450
192.30,1544433456,1567.38,51.493166,7.404928,164.45,14.87,0.00,257.80,0,-97,-15,0,0,44,0,0,313
193.30,1544433457,1582.23,51.493139,7.404723,164.44,14.52,0.00,257.97,0,-103,-18,0,0,40,0,0,38
193.30,1544433457,1582.24,51.493139,7.404723,164.44,14.52,0.00,257.97,0,-105,-19,0,0,40,0,0,35
193.30,1544433457,1582.26,51.493139,7.404723,164.44,14.52,0.00,257.97,0,-105,-20,0,0,40,0,0,436
193.30,1544433457,1582.27,51.493139,7.404723,164.44,14.52,0.00,257.97,0,-88,-11,0,0,50,0,0,450
194.30,1544433458,1596.74,51.493113,7.404521,164.59,14.45,0.00,258.11,0,-103,-18,0,0,40,0,0,38
194.30,1544433458,1596.74,51.493113,7.404521,164.59,14.45,0.00,258.11,0,-105,-19,0,0,40,0,0,35
194.30,1544433458,1596.75,51.493113,7.404521,164.59,14.45,0.00,258.11,0,-105,-20,0,0,40,0,0,436
194.30,1544433458,1596.77,51.493113,7.404521,164.59,14.45,0.00,258.11,0,-88,-11,0,0,50,0,0,450
195.30,1544433459,1611.20,51.493086,7.404320,164.75,14.15,0.00,258.60,0,-104,-18,0,0,40,0,0,38
195.30,1544433459,1611.21,51.493086,7.404320,164.75,14.15,0.00,258.60,0,-105,-19,0,0,40,0,0,436
195.30,1544433459,1611.21,51.493086,7.404320,164.75,14.15,0.00,258.60,0,-105,-19,0,0,40,0,0,35
195.30,1544433459,1611.23,51.493086,7.404320,164.75,14.15,0.00,258.60,0,-92,-12,0,0,45,0,0,450
196.30,1544433460,1625.35,51.493058,7.404117,164.79,13.82,0.00,258.77,0,-104,-18,0,0,40,0,0,38
196.30,1544433460,1625.36,51.493058,7.404117,164.79,13.82,0.00,258.77,0,-105,-19,0,0,40,0,0,436
196.30,1544433460,1625.36,51.493058,7.404117,164.79,13.82,0.00,258.77,0,-105,-19,0,0,40,0,0,35
196.30,1544433460,1625.38,51.493058,7.404117,164.79,13.82,0.00,258.77,0,-92,-12,0,0,45,0,0,450
197.30,1544433461,1639.19,51.493033,7.403914,164.85,13.60,0.00,259.56,0,-104,-18,0,0,40,0,0,398
197.30,1544433461,1639.20,51.493033,7.403914,164.85,13.60,0.00,259.56,0,-105,-17,0,0,37,0,0,35
197.30,1544433461,1639.21,51.493033,7.403914,164.85,13.60,0.00,259.56,0,-107,-18,0,0,37,0,0,38
197.30,1544433461,1639.23,51.493033,7.403914,164.85,13.60,0.00,259.56,0,-94,-11,0,0,43,0,0,450
197.30,1544433461,1639.23,51.493033,7.403914,164.85,13.60,0.00,259.56,0,0,0,0,0,63,0,0,130
198.30,1544433462,1652.79,51.493011,7.403726,164.77,13.37,0.00,260.46,0,-104,-18,0,0,40,0,0,398
198.30,1544433462,1652.79,51.493011,7.403726,164.77,13.37,0.00,260.46,0,-105,-17,0,0,37,0,0,35
198.30,1544433462,1652.80,51.493011,7.403726,164.77,13.37,0.00,260.46,0,-107,-18,0,0,37,0,0,38
198.30,1544433462,1652.81,51.493011,7.403726,164.77,13.37,0.00,260.46,0,-94,-11,0,0,43,0,0,450
198.30,1544433462,1652.83,51.493011,7.403726,164.77,13.37,0.00,260.46,0,0,0,0,0,63,0,0,130
199.30,1544433463,1666.13,51.492996,7.403534,164.54,13.39,0.00,262.16,0,-101,-15,0,0,40,0,0,35
199.30,1544433463,1666.15,51.492996,7.403534,164.54,13.39,0.00,262.16,0,-101,-15,0,0,40,0,0,398
199.30,1544433463,1666.16,51.492996,7.403534,164.54,13.39,0.00,262.16,0,-93,-8,0,0,43,0,0,450
199.30,1544433463,1666.16,51.492996,7.403534,164.54,13.39,0.00,262.16,0,0,0,0,0,63,0,0,130
200.30,1544433464,1679.53,51.492985,7.403343,164.30,13.47,0.00,264.13,0,-101,-15,0,0,40,0,0,35
200.30,1544433464,1679.54,51.492985,7.403343,164.30,13.47,0.00,264.13,0,-101,-15,0,0,40,0,0,398
200.30,1544433464,1679.56,51.492985,7.403343,164.30,13.47,0.00,264.13,0,-93,-8,0,0,43,0,0,450
200.30,1544433464,1679.56,51.492985,7.403343,164.30,13.47,0.00,264.13,0,0,0,0,0,63,0,0,130
201.30,1544433465,1693.01,51.492978,7.403149,164.26,13.23,0.00,265.49,0,-98,-14,0,0,42,0,0,398
201.30,1544433465,1693.02,51.492978,7.403149,164.26,13.23,0.00,265.49,0,-100,-16,0,0,42,0,0,35
201.30,1544433465,1693.04,51.492978,7.403149,164.26,13.23,0.00,265.49,0,-94,-8,0,0,41,0,0,450
201.30,1544433465,1693.05,51.492978,7.403149,164.26,13.23,0.00,265.49,0,0,0,0,0,63,0,0,130
202.30,1544433466,1706.25,51.492974,7.402956,164.56,12.47,0.00,266.57,0,-98,-14,0,0,42,0,0,398
202.30,1544433466,1706.27,51.492974,7.402956,164.56,12.47,0.00,266.57,0,-100,-16,0,0,42,0,0,35
202.30,1544433466,1706.28,51.492974,7.402956,164.56,12.47,0.00,266.57,0,-94,-8,0,0,41,0,0,450
202.30,1544433466,1706.28,51.492974,7.402956,164.56,12.47,0.00,266.57,0,0,0,0,0,63,0,0,130
203.30,1544433467,1718.71,51.492972,7.402784,165.02,11.40,0.00,267.70,0,-97,-14,0,0,43,0,0,35
203.30,1544433467,1718.72,51.492972,7.402784,165.02,11.40,0.00,267.70,0,-102,-19,0,0,43,0,0,398
203.30,1544433467,1718.73,51.492972,7.402784,165.02,11.40,0.00,267.70,0,-102,-19,0,0,42,0,0,38
203.30,1544433467,1718.73,51.492972,7.402784,165.02,11.40,0.00,267.70,0,-93,-9,0,0,42,0,0,450
203.30,1544433467,1718.74,51.492972,7.402784,165.02,11.40,0.00,267.70,0,0,0,0,0,63,0,0,130
204.30,1544433468,1730.11,51.492973,7.402623,165.44,10.29,0.00,268.82,0,-97,-14,0,0,43,0,0,35
204.30,1544433468,1730.12,51.492973,7.402623,165.44,10.29,0.00,268.82,0,-102,-19,0,0,43,0,0,398
204.30,1544433468,1730.13,51.492973,7.402623,165.44,10.29,0.00,268.82,0,-102,-19,0,0,42,0,0,38
204.30,1544433468,1730.14,51.492973,7.402623,165.44,10.29,0.00,268.82,0,-93,-9,0,0,42,0,0,450
204.30,1544433468,1730.15,51.492973,7.402623,165.44,10.29,0.00,268.82,0,0,0,0,0,63,0,0,130
205.30,1544433469,1740.38,51.492977,7.402501,165.13,9.44,0.00,269.88,0,-102,-19,0,0,43,0,0,38
206.29,1544433470,1749.78,51.492980,7.402379,164.58,8.31,0.00,270.63,0,-102,-19,0,0,43,0,0,38
207.30,1544433471,1758.18,51.492984,7.402268,163.77,6.95,0.00,271.21,0,-93,-13,0,0,46,0,0,34
207.31,1544433471,1758.19,51.492984,7.402268,163.77,6.95,0.00,271.21,0,-91,-8,0,0,45,0,0,450
208.30,1544433472,1765.07,51.492988,7.402181,162.96,5.33,0.00,271.03,0,-93,-13,0,0,46,0,0,34
208.30,1544433472,1765.07,51.492988,7.402181,162.96,5.33,0.00,271.03,0,-91,-8,0,0,45,0,0,450
209.30,1544433473,1770.40,51.492992,7.402122,162.89,3.14,0.00,270.57,0,-93,-13,0,0,46,0,0,34
209.30,1544433473,1770.40,51.492992,7.402122,162.89,3.14,0.00,270.57,0,-91,-8,0,0,45,0,0,450
210.29,1544433474,1773.53,51.492994,7.402091,162.82,1.15,0.00,269.83,0,-96,-14,0,0,45,0,0,34
211.30,1544433475,1774.68,51.492994,7.402091,162.81,0.00,0.00,269.83,0,-96,-14,0,0,45,0,0,34
214.29,1544433478,1774.68,51.492994,7.402091,162.76,0.00,0.00,269.83,0,-97,-20,0,0,49,0,0,38
214.29,1544433478,1774.68,51.492994,7.402091,162.76,0.00,0.00,269.83,0,-97,-17,0,0,49,0,0,34
215.29,1544433479,1774.68,51.492994,7.402091,162.73,0.00,0.00,269.83,0,-97,-20,0,0,49,0,0,38
215.29,1544433479,1774.68,51.492994,7.402091,162.73,0.00,0.00,269.83,0,-97,-17,0,0,49,0,0,34
216.29,1544433480,1774.68,51.492994,7.402091,162.71,0.00,0.00,269.83,0,-97,-17,0,0,49,0,0,34
216.29,1544433480,1774.68,51.492994,7.402091,162.71,0.00,0.00,269.83,0,-90,-8,0,0,46,0,0,450
217.29,1544433481,1774.68,51.492994,7.402091,162.50,0.00,0.00,273.79,0,-97,-17,0,0,49,0,0,34
217.29,1544433481,1774.68,51.492994,7.402091,162.50,0.00,0.00,273.79,0,-90,-8,0,0,46,0,0,450
218.30,1544433482,1774.68,51.492994,7.402091,162.33,0.00,0.00,273.30,0,-95,-14,0,0,45,0,0,34
219.30,1544433483,1774.69,51.492998,7.401925,161.11,6.14,0.00,272.55,0,-95,-14,0,0,45,0,0,34
220.30,1544433484,1780.83,51.492975,7.401859,160.39,6.11,0.00,241.47,0,-95,-14,0,0,45,0,0,38
220.30,1544433484,1780.83,51.492975,7.401859,160.39,6.11,0.00,241.47,0,-95,-14,0,0,46,0,0,34
221.30,1544433485,1786.93,51.492936,7.401808,160.24,5.63,0.00,211.53,0,-95,-14,0,0,45,0,0,38
221.30,1544433485,1786.94,51.492936,7.401808,160.24,5.63,0.00,211.53,0,-95,-14,0,0,46,0,0,34
222.30,1544433486,1792.57,51.492878,7.401779,160.57,7.32,0.00,191.92,0,-97,-18,0,0,47,0,0,34
223.30,1544433487,1799.89,51.492807,7.401758,160.99,8.01,0.00,189.39,0,-97,-18,0,0,47,0,0,34
224.30,1544433488,1807.92,51.492744,7.401749,161.25,8.58,0.00,187.86,0,-99,-18,0,0,44,0,0,34
224.30,1544433488,1807.93,51.492744,7.401749,161.25,8.58,0.00,187.86,0,-102,-20,0,0,44,0,0,38
225.30,1544433489,1816.49,51.492661,7.401741,161.53,9.98,0.00,185.96,0,-99,-18,0,0,44,0,0,34
225.30,1544433489,1816.50,51.492661,7.401741,161.53,9.98,0.00,185.96,0,-102,-20,0,0,44,0,0,38
226.30,1544433490,1826.49,51.492561,7.401737,161.48,10.91,0.00,184.14,0,-100,-17,0,0,43,0,0,34
226.30,1544433490,1826.50,51.492561,7.401737,161.48,10.91,0.00,184.14,0,-102,-18,0,0,43,0,0,38
226.30,1544433490,1826.50,51.492561,7.401737,161.48,10.91,0.00,184.14,0,-91,-12,0,0,47,0,0,450
227.30,1544433491,1837.39,51.492463,7.401734,161.56,11.53,0.00,182.91,0,-100,-17,0,0,43,0,0,34
227.30,1544433491,1837.40,51.492463,7.401734,161.56,11.53,0.00,182.91,0,-102,-18,0,0,43,0,0,38
227.30,1544433491,1837.40,51.492463,7.401734,161.56,11.53,0.00,182.91,0,-91,-12,0,0,47,0,0,450
228.30,1544433492,1849.02,51.492361,7.401732,161.61,12.12,0.00,182.27,0,-103,-17,0,0,40,0,0,38
228.31,1544433492,1849.03,51.492361,7.401732,161.61,12.12,0.00,182.27,0,-103,-18,0,0,40,0,0,34
228.31,1544433492,1849.04,51.492361,7.401732,161.61,12.12,0.00,182.27,0,-104,-18,0,0,40,0,0,16
229.30,1544433493,1861.04,51.492251,7.401731,161.76,12.16,0.00,181.74,0,-103,-17,0,0,40,0,0,38
229.30,1544433493,1861.05,51.492251,7.401731,161.76,12.16,0.00,181.74,0,-103,-18,0,0,40,0,0,34
229.30,1544433493,1861.05,51.492251,7.401731,161.76,12.16,0.00,181.74,0,-104,-18,0,0,40,0,0,16
230.30,1544433494,1873.21,51.492139,7.401731,161.78,12.18,0.00,181.23,0,-103,-17,0,0,40,0,0,38
230.30,1544433494,1873.22,51.492139,7.401731,161.78,12.18,0.00,181.23,0,-103,-18,0,0,40,0,0,34
230.30,1544433494,1873.23,51.492139,7.401731,161.78,12.18,0.00,181.23,0,-104,-18,0,0,40,0,0,16
231.30,1544433495,1885.38,51.492025,7.401731,161.90,12.22,0.00,180.78,0,-104,-18,0,0,39,0,0,38
231.30,1544433495,1885.39,51.492025,7.401731,161.90,12.22,0.00,180.78,0,-105,-18,0,0,39,0,0,16
231.30,1544433495,1885.40,51.492025,7.401731,161.90,12.22,0.00,180.78,0,-106,-20,0,0,39,0,0,316
232.30,1544433496,1897.60,51.491916,7.401732,161.97,12.44,0.00,180.59,0,-104,-18,0,0,39,0,0,38
232.30,1544433496,1897.61,51.491916,7.401732,161.97,12.44,0.00,180.59,0,-105,-18,0,0,39,0,0,16
232.30,1544433496,1897.61,51.491916,7.401732,161.97,12.44,0.00,180.59,0,-106,-20,0,0,39,0,0,316
233.30,1544433497,1910.05,51.491801,7.401730,162.49,12.53,0.00,181.13,0,-104,-16,0,0,38,0,0,38
233.30,1544433497,1910.06,51.491801,7.401730,162.49,12.53,0.00,181.13,0,-105,-18,0,0,39,0,0,316
233.30,1544433497,1910.06,51.491801,7.401730,162.49,12.53,0.00,181.13,0,-107,-20,0,0,38,0,0,52
234.30,1544433498,1922.57,51.491689,7.401729,162.74,12.53,0.00,181.05,0,-104,-16,0,0,38,0,0,38
234.30,1544433498,1922.59,51.491689,7.401729,162.74,12.53,0.00,181.05,0,-105,-18,0,0,39,0,0,316
234.30,1544433498,1922.60,51.491689,7.401729,162.74,12.53,0.00,181.05,0,-107,-20,0,0,38,0,0,52
235.30,1544433499,1935.11,51.491578,7.401729,162.96,12.62,0.00,181.05,0,-106,-17,0,0,37,0,0,38
235.30,1544433499,1935.13,51.491578,7.401729,162.96,12.62,0.00,181.05,0,-108,-19,0,0,37,0,0,34
235.30,1544433499,1935.14,51.491578,7.401729,162.96,12.62,0.00,181.05,0,-90,-7,0,0,44,0,0,450
236.30,1544433500,1947.73,51.491468,7.401729,163.12,12.54,0.00,180.99,0,-106,-17,0,0,37,0,0,38
236.30,1544433500,1947.74,51.491468,7.401729,163.12,12.54,0.00,180.99,0,-108,-19,0,0,37,0,0,34
236.30,1544433500,1947.76,51.491468,7.401729,163.12,12.54,0.00,180.99,0,-90,-7,0,0,44,0,0,450
237.30,1544433501,1960.29,51.491351,7.401727,163.58,12.57,0.00,180.71,0,-99,-14,0,0,41,0,0,38
237.30,1544433501,1960.30,51.491351,7.401727,163.58,12.57,0.00,180.71,0,-105,-20,0,0,41,0,0,34
237.30,1544433501,1960.30,51.491351,7.401727,163.58,12.57,0.00,180.71,0,-89,-8,0,0,45,0,0,450
237.30,1544433501,1960.31,51.491351,7.401727,163.58,12.57,0.00,180.71,0,0,0,0,0,63,0,0,130
238.30,1544433502,1972.86,51.491240,7.401726,164.00,12.71,0.00,181.02,0,-99,-14,0,0,41,0,0,38
238.30,1544433502,1972.86,51.491240,7.401726,164.00,12.71,0.00,181.02,0,-105,-20,0,0,41,0,0,34
238.30,1544433502,1972.88,51.491240,7.401726,164.00,12.71,0.00,181.02,0,-89,-8,0,0,45,0,0,450
238.30,1544433502,1972.89,51.491240,7.401726,164.00,12.71,0.00,181.02,0,0,0,0,0,63,0,0,130
239.30,1544433503,1985.56,51.491125,7.401724,164.49,12.86,0.00,180.93,0,-102,-17,0,0,41,0,0,38
239.30,1544433503,1985.57,51.491125,7.401724,164.49,12.86,0.00,180.93,0,-103,-18,0,0,41,0,0,34
239.30,1544433503,1985.59,51.491125,7.401724,164.49,12.86,0.00,180.93,0,-105,-20,0,0,41,0,0,52
239.30,1544433503,1985.59,51.491125,7.401724,164.49,12.86,0.00,180.93,0,0,0,0,0,63,0,0,130
240.30,1544433504,1998.42,51.491012,7.401724,165.17,12.86,0.00,179.94,0,-102,-17,0,0,41,0,0,38
240.30,1544433504,1998.43,51.491012,7.401724,165.17,12.86,0.00,179.94,0,-103,-18,0,0,41,0,0,34
240.30,1544433504,1998.44,51.491012,7.401724,165.17,12.86,0.00,179.94,0,-105,-20,0,0,41,0,0,52
240.30,1544433504,1998.46,51.491012,7.401724,165.17,12.86,0.00,179.94,0,0,0,0,0,63,0,0,130
241.30,1544433505,2011.30,51.490895,7.401723,165.72,12.82,0.00,180.35,0,-103,-15,0,0,37,0,0,38
241.30,1544433505,2011.31,51.490895,7.401723,165.72,12.82,0.00,180.35,0,-105,-18,0,0,37,0,0,34
241.30,1544433505,2011.31,51.490895,7.401723,165.72,12.82,0.00,180.35,0,-106,-19,0,0,38,0,0,52
241.30,1544433505,2011.32,51.490895,7.401723,165.72,12.82,0.00,180.35,0,0,0,0,0,63,0,0,130
242.30,1544433506,2024.11,51.490783,7.401715,166.54,12.52,0.00,181.33,0,-103,-15,0,0,37,0,0,38
242.30,1544433506,2024.12,51.490783,7.401715,166.54,12.52,0.00,181.33,0,-105,-18,0,0,37,0,0,34
242.30,1544433506,2024.13,51.490783,7.401715,166.54,12.52,0.00,181.33,0,-106,-19,0,0,38,0,0,52
242.30,1544433506,2024.13,51.490783,7.401715,166.54,12.52,0.00,181.33,0,0,0,0,0,63,0,0,130
243.30,1544433507,2036.65,51.490673,7.401711,167.07,12.51,0.00,180.78,0,-107,-16,0,0,35,0,0,52
243.30,1544433507,2036.66,51.490673,7.401711,167.07,12.51,0.00,180.78,0,-108,-16,0,0,34,0,0,38
243.30,1544433507,2036.66,51.490673,7.401711,167.07,12.51,0.00,180.78,0,-110,-19,0,0,36,0,0,316
243.30,1544433507,2036.67,51.490673,7.401711,167.07,12.51,0.00,180.78,0,0,0,0,0,63,0,0,130
243.30,1544433507,2036.69,51.490673,7.401711,167.07,12.51,0.00,180.78,0,-225,-225,0,0,63,0,0,149
244.30,1544433508,2049.15,51.490558,7.401706,167.36,12.61,0.00,180.60,0,-107,-16,0,0,35,0,0,52
244.30,1544433508,2049.16,51.490558,7.401706,167.36,12.61,0.00,180.60,0,-108,-16,0,0,34,0,0,38
244.30,1544433508,2049.17,51.490558,7.401706,167.36,12.61,0.00,180.60,0,-110,-19,0,0,36,0,0,316
244.30,1544433508,2049.17,51.490558,7.401706,167.36,12.61,0.00,180.60,0,0,0,0,0,63,0,0,130
244.30,1544433508,2049.19,51.490558,7.401706,167.36,12.61,0.00,180.60,0,-225,-225,0,0,63,0,0,149
245.30,1544433509,2061.76,51.490449,7.401703,167.39,12.64,0.00,180.43,0,-107,-18,0,0,36,0,0,38
245.30,1544433509,2061.77,51.490449,7.401703,167.39,12.64,0.00,180.43,0,-108,-18,0,0,36,0,0,52
245.30,1544433509,2061.77,51.490449,7.401703,167.39,12.64,0.00,180.43,0,0,0,0,0,63,0,0,130
245.30,1544433509,2061.79,51.490449,7.401703,167.39,12.64,0.00,180.43,0,-225,-225,0,0,63,0,0,149
246.30,1544433510,2074.39,51.490342,7.401701,167.19,12.19,0.00,179.57,0,-107,-18,0,0,36,0,0,38
246.30,1544433510,2074.40,51.490342,7.401701,167.19,12.19,0.00,179.57,0,-108,-18,0,0,36,0,0,52
246.30,1544433510,2074.41,51.490342,7.401701,167.19,12.19,0.00,179.57,0,0,0,0,0,63,0,0,130
246.30,1544433510,2074.41,51.490342,7.401701,167.19,12.19,0.00,179.57,0,-225,-225,0,0,63,0,0,149
247.30,1544433511,2086.58,51.490232,7.401696,167.42,11.72,0.00,179.21,0,-106,-17,0,0,37,0,0,52
247.30,1544433511,2086.59,51.490232,7.401696,167.42,11.72,0.00,179.21,0,-107,-18,0,0,37,0,0,38
247.30,1544433511,2086.60,51.490232,7.401696,167.42,11.72,0.00,179.21,0,-225,-225,0,0,63,0,0,149
247.30,1544433511,2086.61,51.490232,7.401696,167.42,11.72,0.00,179.21,0,0,0,0,0,63,0,0,130
248.30,1544433512,2098.30,51.490131,7.401693,167.76,11.28,0.00,178.83,0,-106,-17,0,0,37,0,0,52
248.30,1544433512,2098.31,51.490131,7.401693,167.76,11.28,0.00,178.83,0,-107,-18,0,0,37,0,0,38
248.30,1544433512,2098.31,51.490131,7.401693,167.76,11.28,0.00,178.83,0,-225,-225,0,0,63,0,0,149
248.30,1544433512,2098.32,51.490131,7.401693,167.76,11.28,0.00,178.83,0,0,0,0,0,63,0,0,130
249.31,1544433513,2109.66,51.490031,7.401699,167.94,10.63,0.00,178.00,0,-105,-16,0,0,37,0,0,52
249.31,1544433513,2109.67,51.490031,7.401699,167.94,10.63,0.00,178.00,0,-107,-19,0,0,37,0,0,38
249.31,1544433513,2109.67,51.490031,7.401699,167.94,10.63,0.00,178.00,0,-108,-20,0,0,38,0,0,316
249.31,1544433513,2109.69,51.490031,7.401699,167.94,10.63,0.00,178.00,0,0,0,0,0,63,0,0,130
249.31,1544433513,2109.70,51.490031,7.401699,167.94,10.63,0.00,178.00,0,-225,-225,0,0,63,0,0,149
250.30,1544433514,2120.23,51.489936,7.401710,168.49,10.02,0.00,178.07,0,-105,-16,0,0,37,0,0,52
250.30,1544433514,2120.24,51.489936,7.401710,168.49,10.02,0.00,178.07,0,-107,-19,0,0,37,0,0,38
250.30,1544433514,2120.24,51.489936,7.401710,168.49,10.02,0.00,178.07,0,-108,-20,0,0,38,0,0,316
250.30,1544433514,2120.25,51.489936,7.401710,168.49,10.02,0.00,178.07,0,0,0,0,0,63,0,0,130
250.30,1544433514,2120.25,51.489936,7.401710,168.49,10.02,0.00,178.07,0,-225,-225,0,0,63,0,0,149
251.30,1544433515,2130.22,51.489848,7.401721,169.03,9.27,0.00,178.97,0,-105,-16,0,0,37,0,0,52
251.30,1544433515,2130.23,51.489848,7.401721,169.03,9.27,0.00,178.97,0,-107,-19,0,0,37,0,0,38
251.30,1544433515,2130.23,51.489848,7.401721,169.03,9.27,0.00,178.97,0,-108,-20,0,0,38,0,0,316
251.30,1544433515,2130.24,51.489848,7.401721,169.03,9.27,0.00,178.97,0,0,0,0,0,63,0,0,130
251.30,1544433515,2130.25,51.489848,7.401721,169.03,9.27,0.00,178.97,0,-225,-225,0,0,63,0,0,149
254.30,1544433518,2154.65,51.489654,7.401728,170.08,4.40,0.00,179.21,0,-103,-18,0,0,40,0,0,52
254.30,1544433518,2154.66,51.489654,7.401728,170.08,4.40,0.00,179.21,0,-105,-19,0,0,40,0,0,34
254.30,1544433518,2154.66,51.489654,7.401728,170.08,4.40,0.00,179.21,0,-105,-20,0,0,40,0,0,316
254.30,1544433518,2154.66,51.489654,7.401728,170.08,4.40,0.00,179.21,0,-91,-12,0,0,48,0,0,451
254.31,1544433518,2154.67,51.489654,7.401728,170.08,4.40,0.00,179.21,0,-92,-13,0,0,48,0,0,450
255.30,1544433519,2159.03,51.489629,7.401730,170.11,1.34,0.00,181.20,0,-103,-18,0,0,40,0,0,52
255.30,1544433519,2159.03,51.489629,7.401730,170.11,1.34,0.00,181.20,0,-105,-19,0,0,40,0,0,34
255.30,1544433519,2159.03,51.489629,7.401730,170.11,1.34,0.00,181.20,0,-105,-20,0,0,40,0,0,316
255.30,1544433519,2159.03,51.489629,7.401730,170.11,1.34,0.00,181.20,0,-91,-12,0,0,48,0,0,451
255.30,1544433519,2159.04,51.489629,7.401730,170.11,1.34,0.00,181.20,0,-92,-13,0,0,48,0,0,450
256.30,1544433520,2160.37,51.489629,7.401730,170.11,0.00,0.00,181.20,0,-104,-16,0,0,39,0,0,35
256.30,1544433520,2160.37,51.489629,7.401730,170.11,0.00,0.00,181.20,0,-105,-18,0,0,39,0,0,52
256.30,1544433520,2160.37,51.489629,7.401730,170.11,0.00,0.00,181.20,0,-105,-18,0,0,39,0,0,316
256.30,1544433520,2160.37,51.489629,7.401730,170.11,0.00,0.00,181.20,0,0,0,0,0,63,0,0,149
257.30,1544433521,2160.37,51.489629,7.401730,170.12,0.00,0.00,181.20,0,-104,-16,0,0,39,0,0,35
257.30,1544433521,2160.37,51.489629,7.401730,170.12,0.00,0.00,181.20,0,-105,-18,0,0,39,0,0,52
257.30,1544433521,2160.37,51.489629,7.401730,170.12,0.00,0.00,181.20,0,-105,-18,0,0,39,0,0,316
257.30,1544433521,2160.37,51.489629,7.401730,170.12,0.00,0.00,181.20,0,0,0,0,0,63,0,0,149
258.30,1544433522,2160.37,51.489629,7.401730,170.12,0.00,0.00,181.20,0,-104,-15,0,0,38,0,0,52
258.30,1544433522,2160.37,51.489629,7.401730,170.12,0.00,0.00,181.20,0,-104,-15,0,0,37,0,0,35
258.30,1544433522,2160.37,51.489629,7.401730,170.12,0.00,0.00,181.20,0,-104,-17,0,0,38,0,0,316
258.30,1544433522,2160.37,51.489629,7.401730,170.12,0.00,0.00,181.20,0,-225,-225,0,0,63,0,0,130
258.30,1544433522,2160.37,51.489629,7.401730,170.12,0.00,0.00,181.20,0,0,0,0,0,63,0,0,149
259.30,1544433523,2160.37,51.489629,7.401730,170.14,0.00,0.00,181.20,0,-104,-15,0,0,38,0,0,52
259.30,1544433523,2160.37,51.489629,7.401730,170.14,0.00,0.00,181.20,0,-104,-15,0,0,37,0,0,35
259.30,1544433523,2160.37,51.489629,7.401730,170.14,0.00,0.00,181.20,0,-104,-17,0,0,38,0,0,316
259.30,1544433523,2160.37,51.489629,7.401730,170.14,0.00,0.00,181.20,0,-225,-225,0,0,63,0,0,130
259.30,1544433523,2160.37,51.489629,7.401730,170.14,0.00,0.00,181.20,0,0,0,0,0,63,0,0,149
260.30,1544433524,2160.37,51.489629,7.401730,170.15,0.00,0.00,181.20,0,-103,-15,0,0,38,0,0,52
260.30,1544433524,2160.37,51.489629,7.401730,170.15,0.00,0.00,181.20,0,-104,-16,0,0,37,0,0,35
260.30,1544433524,2160.37,51.489629,7.401730,170.15,0.00,0.00,181.20,0,-105,-18,0,0,38,0,0,316
260.30,1544433524,2160.37,51.489629,7.401730,170.15,0.00,0.00,181.20,0,0,0,0,0,63,0,0,149
260.30,1544433524,2160.37,51.489629,7.401730,170.15,0.00,0.00,181.20,0,-225,-225,0,0,63,0,0,130
261.30,1544433525,2160.37,51.489629,7.401730,170.16,0.00,0.00,181.20,0,-103,-15,0,0,38,0,0,52
261.30,1544433525,2160.37,51.489629,7.401730,170.16,0.00,0.00,181.20,0,-104,-16,0,0,37,0,0,35
261.30,1544433525,2160.37,51.489629,7.401730,170.16,0.00,0.00,181.20,0,-105,-18,0,0,38,0,0,316
261.30,1544433525,2160.37,51.489629,7.401730,170.16,0.00,0.00,181.20,0,0,0,0,0,63,0,0,149
261.30,1544433525,2160.37,51.489629,7.401730,170.16,0.00,0.00,181.20,0,-225,-225,0,0,63,0,0,130
262.30,1544433526,2160.37,51.489629,7.401730,170.16,0.00,0.00,181.20,0,-103,-15,0,0,38,0,0,52
262.30,1544433526,2160.37,51.489629,7.401730,170.16,0.00,0.00,181.20,0,-104,-16,0,0,38,0,0,34
262.30,1544433526,2160.37,51.489629,7.401730,170.16,0.00,0.00,181.20,0,-105,-16,0,0,38,0,0,35
262.30,1544433526,2160.37,51.489629,7.401730,170.16,0.00,0.00,181.20,0,-225,-225,0,0,63,0,0,130
262.30,1544433526,2160.37,51.489629,7.401730,170.16,0.00,0.00,181.20,0,0,0,0,0,63,0,0,149
263.30,1544433527,2160.37,51.489629,7.401730,170.17,0.00,0.00,181.20,0,-103,-15,0,0,38,0,0,52
263.30,1544433527,2160.37,51.489629,7.401730,170.17,0.00,0.00,181.20,0,-104,-16,0,0,38,0,0,34
263.30,1544433527,2160.37,51.489629,7.401730,170.17,0.00,0.00,181.20,0,-105,-16,0,0,38,0,0,35
263.30,1544433527,2160.37,51.489629,7.401730,170.17,0.00,0.00,181.20,0,-225,-225,0,0,63,0,0,130
263.30,1544433527,2160.37,51.489629,7.401730,170.17,0.00,0.00,181.20,0,0,0,0,0,63,0,0,149
264.30,1544433528,2160.37,51.489629,7.401730,170.18,0.00,0.00,181.20,0,-103,-16,0,0,39,0,0,52
264.30,1544433528,2160.37,51.489629,7.401730,170.18,0.00,0.00,181.20,0,-104,-17,0,0,38,0,0,34
264.30,1544433528,2160.37,51.489629,7.401730,170.18,0.00,0.00,181.20,0,-105,-17,0,0,38,0,0,316
264.30,1544433528,2160.37,51.489629,7.401730,170.18,0.00,0.00,181.20,0,0,0,0,0,63,0,0,149
264.30,1544433528,2160.37,51.489629,7.401730,170.18,0.00,0.00,181.20,0,-225,-225,0,0,63,0,0,130
265.30,1544433529,2160.37,51.489629,7.401730,170.19,0.00,0.00,181.20,0,-103,-16,0,0,39,0,0,52
265.30,1544433529,2160.37,51.489629,7.401730,170.19,0.00,0.00,181.20,0,-104,-17,0,0,38,0,0,34
265.30,1544433529,2160.37,51.489629,7.401730,170.19,0.00,0.00,181.20,0,-105,-17,0,0,38,0,0,316
265.30,1544433529,2160.37,51.489629,7.401730,170.19,0.00,0.00,181.20,0,0,0,0,0,63,0,0,149
265.30,1544433529,2160.37,51.489629,7.401730,170.19,0.00,0.00,181.20,0,-225,-225,0,0,63,0,0,130
266.30,1544433530,2160.37,51.489629,7.401730,170.20,0.00,0.00,181.20,0,-104,-16,0,0,38,0,0,52
266.30,1544433530,2160.37,51.489629,7.401730,170.20,0.00,0.00,181.20,0,-104,-16,0,0,38,0,0,34
266.30,1544433530,2160.37,51.489629,7.401730,170.20,0.00,0.00,181.20,0,-105,-16,0,0,38,0,0,35
266.30,1544433530,2160.37,51.489629,7.401730,170.20,0.00,0.00,181.20,0,0,0,0,0,63,0,0,149
266.30,1544433530,2160.37,51.489629,7.401730,170.20,0.00,0.00,181.20,0,-225,-225,0,0,63,0,0,130
267.30,1544433531,2160.37,51.489629,7.401730,170.21,0.00,0.00,181.20,0,-104,-16,0,0,38,0,0,52
267.30,1544433531,2160.37,51.489629,7.401730,170.21,0.00,0.00,181.20,0,-104,-16,0,0,38,0,0,34
267.30,1544433531,2160.37,51.489629,7.401730,170.21,0.00,0.00,181.20,0,-105,-16,0,0,38,0,0,35
267.30,1544433531,2160.37,51.489629,7.401730,170.21,0.00,0.00,181.20,0,0,0,0,0,63,0,0,149
267.30,1544433531,2160.37,51.489629,7.401730,170.21,0.00,0.00,181.20,0,-225,-225,0,0,63,0,0,130
268.30,1544433532,2160.37,51.489629,7.401730,170.22,0.00,0.00,181.20,0,-104,-16,0,0,38,0,0,52
268.30,1544433532,2160.37,51.489629,7.401730,170.22,0.00,0.00,181.20,0,-104,-16,0,0,38,0,0,34
268.30,1544433532,2160.37,51.489629,7.401730,170.22,0.00,0.00,181.20,0,-105,-17,0,0,38,0,0,35
268.30,1544433532,2160.37,51.489629,7.401730,170.22,0.00,0.00,181.20,0,-225,-225,0,0,63,0,0,130
268.30,1544433532,2160.37,51.489629,7.401730,170.22,0.00,0.00,181.20,0,0,0,0,0,63,0,0,149
269.30,1544433533,2160.37,51.489629,7.401730,170.23,0.00,0.00,181.20,0,-104,-16,0,0,38,0,0,52
269.30,1544433533,2160.37,51.489629,7.401730,170.23,0.00,0.00,181.20,0,-104,-16,0,0,38,0,0,34
269.30,1544433533,2160.37,51.489629,7.401730,170.23,0.00,0.00,181.20,0,-105,-17,0,0,38,0,0,35
269.30,1544433533,2160.37,51.489629,7.401730,170.23,0.00,0.00,181.20,0,-225,-225,0,0,63,0,0,130
269.30,1544433533,2160.37,51.489629,7.401730,170.23,0.00,0.00,181.20,0,0,0,0,0,63,0,0,149
270.31,1544433534,2160.37,51.489629,7.401730,170.36,0.00,0.00,181.20,0,-104,-17,0,0,38,0,0,52
270.31,1544433534,2160.37,51.489629,7.401730,170.36,0.00,0.00,181.20,0,-105,-17,0,0,37,0,0,316
270.31,1544433534,2160.37,51.489629,7.401730,170.36,0.00,0.00,181.20,0,-105,-17,0,0,38,0,0,34
270.31,1544433534,2160.37,51.489629,7.401730,170.36,0.00,0.00,181.20,0,-225,-225,0,0,63,0,0,130
270.31,1544433534,2160.37,51.489629,7.401730,170.36,0.00,0.00,181.20,0,0,0,0,0,63,0,0,149
271.30,1544433535,2160.37,51.489629,7.401730,170.50,0.00,0.00,184.83,0,-104,-17,0,0,38,0,0,52
271.30,1544433535,2160.37,51.489629,7.401730,170.50,0.00,0.00,184.83,0,-105,-17,0,0,37,0,0,316
271.30,1544433535,2160.37,51.489629,7.401730,170.50,0.00,0.00,184.83,0,-105,-17,0,0,38,0,0,34
271.30,1544433535,2160.37,51.489629,7.401730,170.50,0.00,0.00,184.83,0,-225,-225,0,0,63,0,0,130
271.30,1544433535,2160.37,51.489629,7.401730,170.50,0.00,0.00,184.83,0,0,0,0,0,63,0,0,149
272.30,1544433536,2160.37,51.489629,7.401730,170.63,0.00,0.00,183.44,0,-104,-17,0,0,38,0,0,52
272.30,1544433536,2160.37,51.489629,7.401730,170.63,0.00,0.00,183.44,0,-105,-17,0,0,37,0,0,316
272.30,1544433536,2160.37,51.489629,7.401730,170.63,0.00,0.00,183.44,0,-105,-17,0,0,38,0,0,34
272.30,1544433536,2160.37,51.489629,7.401730,170.63,0.00,0.00,183.44,0,-225,-225,0,0,63,0,0,130
272.30,1544433536,2160.37,51.489629,7.401730,170.63,0.00,0.00,183.44,0,0,0,0,0,63,0,0,149
273.30,1544433537,2160.37,51.489531,7.401730,170.77,3.00,0.00,182.60,0,-104,-15,0,0,38,0,0,52
273.30,1544433537,2160.37,51.489531,7.401730,170.77,3.00,0.00,182.60,0,-104,-17,0,0,38,0,0,436
273.30,1544433537,2160.37,51.489531,7.401730,170.77,3.00,0.00,182.60,0,-105,-17,0,0,38,0,0,316
273.30,1544433537,2160.38,51.489531,7.401730,170.77,3.00,0.00,182.60,0,0,0,0,0,63,0,0,149
273.30,1544433537,2160.38,51.489531,7.401730,170.77,3.00,0.00,182.60,0,-225,-225,0,0,63,0,0,130
274.30,1544433538,2163.37,51.489498,7.401731,170.89,2.49,0.00,181.67,0,-104,-15,0,0,38,0,0,52
274.30,1544433538,2163.37,51.489498,7.401731,170.89,2.49,0.00,181.67,0,-104,-17,0,0,38,0,0,436
274.30,1544433538,2163.37,51.489498,7.401731,170.89,2.49,0.00,181.67,0,-105,-17,0,0,38,0,0,316
274.30,1544433538,2163.37,51.489498,7.401731,170.89,2.49,0.00,181.67,0,0,0,0,0,63,0,0,149
274.30,1544433538,2163.38,51.489498,7.401731,170.89,2.49,0.00,181.67,0,-225,-225,0,0,63,0,0,130
275.30,1544433539,2165.85,51.489471,7.401734,171.01,1.89,0.00,181.09,0,-103,-16,0,0,38,0,0,436
275.30,1544433539,2165.85,51.489471,7.401734,171.01,1.89,0.00,181.09,0,-104,-16,0,0,37,0,0,52
275.30,1544433539,2165.86,51.489471,7.401734,171.01,1.89,0.00,181.09,0,-105,-17,0,0,38,0,0,27
275.30,1544433539,2165.86,51.489471,7.401734,171.01,1.89,0.00,181.09,0,-87,-12,0,0,52,0,0,451
275.30,1544433539,2165.86,51.489471,7.401734,171.01,1.89,0.00,181.09,0,-87,-12,0,0,51,0,0,450
276.30,1544433540,2167.74,51.489460,7.401737,171.10,1.43,0.00,180.37,0,-103,-16,0,0,38,0,0,436
276.30,1544433540,2167.74,51.489460,7.401737,171.10,1.43,0.00,180.37,0,-104,-16,0,0,37,0,0,52
276.30,1544433540,2167.74,51.489460,7.401737,171.10,1.43,0.00,180.37,0,-105,-17,0,0,38,0,0,27
276.30,1544433540,2167.74,51.489460,7.401737,171.10,1.43,0.00,180.37,0,-87,-12,0,0,52,0,0,451
276.30,1544433540,2167.74,51.489460,7.401737,171.10,1.43,0.00,180.37,0,-87,-12,0,0,51,0,0,450
277.30,1544433541,2169.17,51.489453,7.401738,171.17,0.86,0.00,180.37,0,-103,-17,0,0,40,0,0,436
277.30,1544433541,2169.17,51.489453,7.401738,171.17,0.86,0.00,180.37,0,-104,-18,0,0,39,0,0,229
277.30,1544433541,2169.17,51.489453,7.401738,171.17,0.86,0.00,180.37,0,-104,-18,0,0,39,0,0,52
278.30,1544433542,2170.03,51.489453,7.401740,171.23,0.45,0.00,180.37,0,-103,-17,0,0,40,0,0,436
278.30,1544433542,2170.03,51.489453,7.401740,171.23,0.45,0.00,180.37,0,-104,-18,0,0,39,0,0,229
278.30,1544433542,2170.03,51.489453,7.401740,171.23,0.45,0.00,180.37,0,-104,-18,0,0,39,0,0,52
279.30,1544433543,2170.48,51.489453,7.401740,171.29,0.00,0.00,180.37,0,-101,-16,0,0,41,0,0,436
279.30,1544433543,2170.48,51.489453,7.401740,171.29,0.00,0.00,180.37,0,-103,-18,0,0,41,0,0,52
279.30,1544433543,2170.48,51.489453,7.401740,171.29,0.00,0.00,180.37,0,-105,-19,0,0,41,0,0,398
280.30,1544433544,2170.48,51.489453,7.401740,171.35,0.00,0.00,152.89,0,-101,-16,0,0,41,0,0,436
280.30,1544433544,2170.48,51.489453,7.401740,171.35,0.00,0.00,152.89,0,-103,-18,0,0,41,0,0,52
280.30,1544433544,2170.48,51.489453,7.401740,171.35,0.00,0.00,152.89,0,-105,-19,0,0,41,0,0,398
281.29,1544433545,2170.48,51.489453,7.401740,171.41,0.00,0.00,127.32,0,-101,-14,0,0,39,0,0,27
281.29,1544433545,2170.48,51.489453,7.401740,171.41,0.00,0.00,127.32,0,-103,-17,0,0,39,0,0,229
281.29,1544433545,2170.48,51.489453,7.401740,171.41,0.00,0.00,127.32,0,-105,-18,0,0,39,0,0,398
282.30,1544433546,2170.49,51.489418,7.401843,172.12,4.55,0.00,89.63,0,-101,-14,0,0,39,0,0,27
282.30,1544433546,2170.49,51.489418,7.401843,172.12,4.55,0.00,89.63,0,-103,-17,0,0,39,0,0,229
282.30,1544433546,2170.49,51.489418,7.401843,172.12,4.55,0.00,89.63,0,-105,-18,0,0,39,0,0,398
283.29,1544433547,2175.01,51.489414,7.401936,172.65,6.75,0.00,88.98,0,-105,-18,0,0,39,0,0,38
283.29,1544433547,2175.01,51.489414,7.401936,172.65,6.75,0.00,88.98,0,-105,-18,0,0,38,0,0,34
283.29,1544433547,2175.01,51.489414,7.401936,172.65,6.75,0.00,88.98,0,-105,-18,0,0,39,0,0,35
284.30,1544433548,2181.79,51.489413,7.402051,173.35,8.79,0.00,88.62,0,-105,-18,0,0,39,0,0,38
284.30,1544433548,2181.80,51.489413,7.402051,173.35,8.79,0.00,88.62,0,-105,-18,0,0,38,0,0,34
284.30,1544433548,2181.81,51.489413,7.402051,173.35,8.79,0.00,88.62,0,-105,-18,0,0,39,0,0,35
285.30,1544433549,2190.59,51.489414,7.402175,173.91,9.80,0.00,89.15,0,-103,-15,0,0,37,0,0,38
285.30,1544433549,2190.60,51.489414,7.402175,173.91,9.80,0.00,89.15,0,-105,-16,0,0,37,0,0,34
285.30,1544433549,2190.61,51.489414,7.402175,173.91,9.80,0.00,89.15,0,-106,-17,0,0,37,0,0,35
286.30,1544433550,2200.41,51.489412,7.402323,174.37,10.58,0.00,89.95,0,-103,-15,0,0,37,0,0,38
286.30,1544433550,2200.41,51.489412,7.402323,174.37,10.58,0.00,89.95,0,-105,-16,0,0,37,0,0,34
286.30,1544433550,2200.42,51.489412,7.402323,174.37,10.58,0.00,89.95,0,-106,-17,0,0,37,0,0,35
287.30,1544433551,2210.98,51.489410,7.402489,174.82,11.33,0.00,90.68,0,-100,-14,0,0,39,0,0,52
287.30,1544433551,2210.99,51.489410,7.402489,174.82,11.33,0.00,90.68,0,-103,-16,0,0,39,0,0,27
287.30,1544433551,2210.99,51.489410,7.402489,174.82,11.33,0.00,90.68,0,-105,-17,0,0,39,0,0,38
288.30,1544433552,2222.32,51.489408,7.402668,175.11,11.77,0.00,90.71,0,-100,-14,0,0,39,0,0,52
288.30,1544433552,2222.33,51.489408,7.402668,175.11,11.77,0.00,90.71,0,-103,-16,0,0,39,0,0,27
288.30,1544433552,2222.34,51.489408,7.402668,175.11,11.77,0.00,90.71,0,-105,-17,0,0,39,0,0,38
289.30,1544433553,2234.09,51.489406,7.402823,175.18,11.62,0.00,91.10,0,-101,-14,0,0,38,0,0,52
289.30,1544433553,2234.10,51.489406,7.402823,175.18,11.62,0.00,91.10,0,-104,-17,0,0,38,0,0,38
289.30,1544433553,2234.11,51.489406,7.402823,175.18,11.62,0.00,91.10,0,-107,-20,0,0,38,0,0,316
289.30,1544433553,2234.11,51.489406,7.402823,175.18,11.62,0.00,91.10,0,-82,-12,0,0,55,0,0,450
289.30,1544433553,2234.12,51.489406,7.402823,175.18,11.62,0.00,91.10,0,-88,-18,0,0,56,0,0,451
290.30,1544433554,2245.72,51.489403,7.402990,175.27,11.39,0.00,91.06,0,-101,-14,0,0,38,0,0,52
290.30,1544433554,2245.73,51.489403,7.402990,175.27,11.39,0.00,91.06,0,-104,-17,0,0,38,0,0,38
290.30,1544433554,2245.74,51.489403,7.402990,175.27,11.39,0.00,91.06,0,-107,-20,0,0,38,0,0,316
290.30,1544433554,2245.74,51.489403,7.402990,175.27,11.39,0.00,91.06,0,-82,-12,0,0,55,0,0,450
290.30,1544433554,2245.75,51.489403,7.402990,175.27,11.39,0.00,91.06,0,-88,-18,0,0,56,0,0,451
291.31,1544433555,2257.19,51.489400,7.403163,175.48,11.60,0.00,91.34,0,-107,-16,0,0,34,0,0,38
291.31,1544433555,2257.21,51.489400,7.403163,175.48,11.60,0.00,91.34,0,-107,-16,0,0,35,0,0,398
291.31,1544433555,2257.22,51.489400,7.403163,175.48,11.60,0.00,91.34,0,-108,-16,0,0,34,0,0,316
291.31,1544433555,2257.23,51.489400,7.403163,175.48,11.60,0.00,91.34,0,-87,-9,0,0,49,0,0,450
291.31,1544433555,2257.24,51.489400,7.403163,175.48,11.60,0.00,91.34,0,-92,-14,0,0,49,0,0,451
292.30,1544433556,2268.70,51.489398,7.403329,175.64,11.66,0.00,90.77,0,-107,-16,0,0,34,0,0,38
292.30,1544433556,2268.70,51.489398,7.403329,175.64,11.66,0.00,90.77,0,-107,-16,0,0,35,0,0,398
292.30,1544433556,2268.71,51.489398,7.403329,175.64,11.66,0.00,90.77,0,-108,-16,0,0,34,0,0,316
292.30,1544433556,2268.72,51.489398,7.403329,175.64,11.66,0.00,90.77,0,-87,-9,0,0,49,0,0,450
292.30,1544433556,2268.74,51.489398,7.403329,175.64,11.66,0.00,90.77,0,-92,-14,0,0,49,0,0,451
293.30,1544433557,2280.36,51.489395,7.403496,175.81,11.81,0.00,91.27,0,-107,-16,0,0,34,0,0,38
293.30,1544433557,2280.37,51.489395,7.403496,175.81,11.81,0.00,91.27,0,-107,-16,0,0,35,0,0,398
293.30,1544433557,2280.38,51.489395,7.403496,175.81,11.81,0.00,91.27,0,-108,-16,0,0,34,0,0,316
293.30,1544433557,2280.40,51.489395,7.403496,175.81,11.81,0.00,91.27,0,-87,-9,0,0,49,0,0,450
293.30,1544433557,2280.41,51.489395,7.403496,175.81,11.81,0.00,91.27,0,-92,-14,0,0,49,0,0,451
294.30,1544433558,2292.16,51.489393,7.403669,176.04,12.07,0.00,90.49,0,-105,-17,0,0,38,0,0,398
294.30,1544433558,2292.17,51.489393,7.403669,176.04,12.07,0.00,90.49,0,-106,-19,0,0,38,0,0,34
294.30,1544433558,2292.17,51.489393,7.403669,176.04,12.07,0.00,90.49,0,-106,-19,0,0,38,0,0,38
295.30,1544433559,2304.22,51.489390,7.403844,176.27,12.51,0.00,90.97,0,-105,-17,0,0,38,0,0,398
295.30,1544433559,2304.22,51.489390,7.403844,176.27,12.51,0.00,90.97,0,-106,-19,0,0,38,0,0,34
295.30,1544433559,2304.23,51.489390,7.403844,176.27,12.51,0.00,90.97,0,-106,-19,0,0,38,0,0,38
296.30,1544433560,2316.75,51.489388,7.404029,176.51,12.85,0.00,90.51,0,-105,-17,0,0,38,0,0,38
296.30,1544433560,2316.76,51.489388,7.404029,176.51,12.85,0.00,90.51,0,-106,-18,0,0,38,0,0,55
296.30,1544433560,2316.77,51.489388,7.404029,176.51,12.85,0.00,90.51,0,-107,-19,0,0,38,0,0,52
296.30,1544433560,2316.78,51.489388,7.404029,176.51,12.85,0.00,90.51,0,0,0,0,0,63,0,0,181
297.30,1544433561,2329.59,51.489389,7.404225,176.65,13.03,0.00,89.91,0,-105,-17,0,0,38,0,0,38
297.30,1544433561,2329.61,51.489389,7.404225,176.65,13.03,0.00,89.91,0,-106,-18,0,0,38,0,0,55
297.30,1544433561,2329.61,51.489389,7.404225,176.65,13.03,0.00,89.91,0,-107,-19,0,0,38,0,0,52
297.30,1544433561,2329.62,51.489389,7.404225,176.65,13.03,0.00,89.91,0,0,0,0,0,63,0,0,181
298.30,1544433562,2342.61,51.489391,7.404409,176.90,12.80,0.00,89.12,0,-105,-17,0,0,37,0,0,52
298.30,1544433562,2342.63,51.489391,7.404409,176.90,12.80,0.00,89.12,0,-106,-17,0,0,37,0,0,316
298.30,1544433562,2342.64,51.489391,7.404409,176.90,12.80,0.00,89.12,0,-106,-18,0,0,37,0,0,38
299.30,1544433563,2355.42,51.489392,7.404595,177.23,12.41,0.00,89.57,0,-105,-17,0,0,37,0,0,52
299.30,1544433563,2355.42,51.489392,7.404595,177.23,12.41,0.00,89.57,0,-106,-17,0,0,37,0,0,316
299.30,1544433563,2355.43,51.489392,7.404595,177.23,12.41,0.00,89.57,0,-106,-18,0,0,37,0,0,38
300.30,1544433564,2367.84,51.489392,7.404781,177.52,12.59,0.00,90.68,0,-103,-16,0,0,38,0,0,52
300.30,1544433564,2367.85,51.489392,7.404781,177.52,12.59,0.00,90.68,0,-104,-17,0,0,38,0,0,38
300.30,1544433564,2367.85,51.489392,7.404781,177.52,12.59,0.00,90.68,0,-106,-18,0,0,38,0,0,316
301.30,1544433565,2380.47,51.489389,7.404975,177.87,12.47,0.00,91.27,0,-103,-16,0,0,38,0,0,52
301.30,1544433565,2380.47,51.489389,7.404975,177.87,12.47,0.00,91.27,0,-104,-17,0,0,38,0,0,38
301.30,1544433565,2380.48,51.489389,7.404975,177.87,12.47,0.00,91.27,0,-106,-18,0,0,38,0,0,316
302.30,1544433566,2392.88,51.489386,7.405142,178.14,12.12,0.00,90.85,0,-102,-19,0,0,43,0,0,316
302.30,1544433566,2392.90,51.489386,7.405142,178.14,12.12,0.00,90.85,0,-102,-18,0,0,42,0,0,38
302.30,1544433566,2392.91,51.489386,7.405142,178.14,12.12,0.00,90.85,0,-103,-20,0,0,42,0,0,149
302.30,1544433566,2392.91,51.489386,7.405142,178.14,12.12,0.00,90.85,0,-73,-9,0,0,63,0,0,450
303.30,1544433567,2405.03,51.489386,7.405310,178.43,12.06,0.00,89.53,0,-102,-19,0,0,43,0,0,316
303.30,1544433567,2405.04,51.489386,7.405310,178.43,12.06,0.00,89.53,0,-102,-18,0,0,42,0,0,38
303.30,1544433567,2405.04,51.489386,7.405310,178.43,12.06,0.00,89.53,0,-103,-20,0,0,42,0,0,149
303.30,1544433567,2405.05,51.489386,7.405310,178.43,12.06,0.00,89.53,0,-73,-9,0,0,63,0,0,450
304.30,1544433568,2417.06,51.489391,7.405484,178.74,12.30,0.00,87.82,0,-99,-19,0,0,46,0,0,275
304.30,1544433568,2417.07,51.489391,7.405484,178.74,12.30,0.00,87.82,0,-100,-20,0,0,46,0,0,38
304.30,1544433568,2417.08,51.489391,7.405484,178.74,12.30,0.00,87.82,0,-100,-20,0,0,46,0,0,211
305.30,1544433569,2429.37,51.489396,7.405671,179.04,12.20,0.00,87.21,0,-99,-19,0,0,46,0,0,275
305.30,1544433569,2429.37,51.489396,7.405671,179.04,12.20,0.00,87.21,0,-100,-20,0,0,46,0,0,38
305.30,1544433569,2429.37,51.489396,7.405671,179.04,12.20,0.00,87.21,0,-100,-20,0,0,46,0,0,211
312.31,1544433576,2516.49,51.489570,7.406896,179.77,13.27,0.00,78.21,0,-76,-11,0,0,61,0,0,450
312.31,1544433576,2516.51,51.489570,7.406896,179.77,13.27,0.00,78.21,0,-82,-15,0,0,61,0,0,452
313.30,1544433577,2529.66,51.489602,7.407092,179.71,13.16,0.00,78.73,0,-76,-11,0,0,61,0,0,450
313.30,1544433577,2529.67,51.489602,7.407092,179.71,13.16,0.00,78.73,0,-82,-15,0,0,61,0,0,452
314.30,1544433578,2542.82,51.489632,7.407277,179.60,13.08,0.00,78.83,0,-76,-11,0,0,61,0,0,450
314.30,1544433578,2542.83,51.489632,7.407277,179.60,13.08,0.00,78.83,0,-82,-15,0,0,61,0,0,452
315.30,1544433579,2555.89,51.489661,7.407459,179.40,13.06,0.00,78.92,0,-94,-18,0,0,51,0,0,38
316.30,1544433580,2568.95,51.489691,7.407645,179.12,12.92,0.00,78.35,0,-94,-18,0,0,51,0,0,38
317.30,1544433581,2581.87,51.489717,7.407824,178.66,12.99,0.00,78.69,0,-95,-18,0,0,49,0,0,38
317.30,1544433581,2581.88,51.489717,7.407824,178.66,12.99,0.00,78.69,0,-95,-19,0,0,49,0,0,65
318.30,1544433582,2594.86,51.489741,7.408017,178.21,13.04,0.00,79.80,0,-95,-18,0,0,49,0,0,38
318.30,1544433582,2594.87,51.489741,7.408017,178.21,13.04,0.00,79.80,0,-95,-19,0,0,49,0,0,65
319.30,1544433583,2607.90,51.489763,7.408201,177.62,13.14,0.00,78.88,0,-94,-15,0,0,46,0,0,34
319.30,1544433583,2607.90,51.489763,7.408201,177.62,13.14,0.00,78.88,0,-95,-15,0,0,46,0,0,38
320.30,1544433584,2621.07,51.489786,7.408383,177.11,13.30,0.00,78.39,0,-94,-15,0,0,46,0,0,34
320.30,1544433584,2621.09,51.489786,7.408383,177.11,13.30,0.00,78.39,0,-95,-15,0,0,46,0,0,38
323.30,1544433587,2661.28,51.489865,7.408955,175.69,13.58,0.00,77.78,0,-99,-17,0,0,43,0,0,52
323.30,1544433587,2661.28,51.489865,7.408955,175.69,13.58,0.00,77.78,0,-102,-20,0,0,43,0,0,34
323.30,1544433587,2661.29,51.489865,7.408955,175.69,13.58,0.00,77.78,0,-103,-19,0,0,42,0,0,161
323.30,1544433587,2661.31,51.489865,7.408955,175.69,13.58,0.00,77.78,0,-85,-12,0,0,53,0,0,450
323.30,1544433587,2661.31,51.489865,7.408955,175.69,13.58,0.00,77.78,0,-87,-14,0,0,54,0,0,452
324.30,1544433588,2674.86,51.489893,7.409143,175.08,13.61,0.00,78.01,0,-99,-17,0,0,43,0,0,52
324.30,1544433588,2674.87,51.489893,7.409143,175.08,13.61,0.00,78.01,0,-102,-20,0,0,43,0,0,34
324.30,1544433588,2674.88,51.489893,7.409143,175.08,13.61,0.00,78.01,0,-103,-19,0,0,42,0,0,161
324.30,1544433588,2674.90,51.489893,7.409143,175.08,13.61,0.00,78.01,0,-85,-12,0,0,53,0,0,450
324.30,1544433588,2674.90,51.489893,7.409143,175.08,13.61,0.00,78.01,0,-87,-14,0,0,54,0,0,452
325.30,1544433589,2688.42,51.489920,7.409331,174.21,13.61,0.00,77.96,0,-97,-11,0,0,40,0,0,275
325.30,1544433589,2688.44,51.489920,7.409331,174.21,13.61,0.00,77.96,0,-103,-16,0,0,39,0,0,34
325.30,1544433589,2688.44,51.489920,7.409331,174.21,13.61,0.00,77.96,0,-103,-17,0,0,39,0,0,52
326.30,1544433590,2702.06,51.489945,7.409521,173.58,13.70,0.00,78.29,0,-97,-11,0,0,40,0,0,275
326.30,1544433590,2702.07,51.489945,7.409521,173.58,13.70,0.00,78.29,0,-103,-16,0,0,39,0,0,34
326.30,1544433590,2702.09,51.489945,7.409521,173.58,13.70,0.00,78.29,0,-103,-17,0,0,39,0,0,52
327.30,1544433591,2715.78,51.489968,7.409709,172.79,13.16,0.00,78.51,0,-102,-17,0,0,40,0,0,274
327.30,1544433591,2715.79,51.489968,7.409709,172.79,13.16,0.00,78.51,0,-102,-17,0,0,40,0,0,211
327.30,1544433591,2715.80,51.489968,7.409709,172.79,13.16,0.00,78.51,0,-103,-17,0,0,40,0,0,52
327.30,1544433591,2715.80,51.489968,7.409709,172.79,13.16,0.00,78.51,0,-94,-12,0,0,44,0,0,450
327.30,1544433591,2715.82,51.489968,7.409709,172.79,13.16,0.00,78.51,0,-95,-11,0,0,44,0,0,452
328.30,1544433592,2728.93,51.489992,7.409892,171.93,13.00,0.00,78.51,0,-102,-17,0,0,40,0,0,274
328.30,1544433592,2728.95,51.489992,7.409892,171.93,13.00,0.00,78.51,0,-102,-17,0,0,40,0,0,211
328.30,1544433592,2728.95,51.489992,7.409892,171.93,13.00,0.00,78.51,0,-103,-17,0,0,40,0,0,52
328.30,1544433592,2728.96,51.489992,7.409892,171.93,13.00,0.00,78.51,0,-94,-12,0,0,44,0,0,450
328.30,1544433592,2728.97,51.489992,7.409892,171.93,13.00,0.00,78.51,0,-95,-11,0,0,44,0,0,452
329.30,1544433593,2741.91,51.490013,7.410073,171.32,12.95,0.00,79.08,0,-100,-15,0,0,41,0,0,274
329.30,1544433593,2741.92,51.490013,7.410073,171.32,12.95,0.00,79.08,0,-104,-19,0,0,41,0,0,52
329.30,1544433593,2741.92,51.490013,7.410073,171.32,12.95,0.00,79.08,0,-93,-11,0,0,46,0,0,452
329.30,1544433593,2741.94,51.490013,7.410073,171.32,12.95,0.00,79.08,0,-94,-13,0,0,46,0,0,450
329.30,1544433593,2741.95,51.490013,7.410073,171.32,12.95,0.00,79.08,0,-99,-19,0,0,46,0,0,89
330.30,1544433594,2754.88,51.490035,7.410239,170.50,12.89,0.00,78.60,0,-100,-15,0,0,41,0,0,274
330.30,1544433594,2754.89,51.490035,7.410239,170.50,12.89,0.00,78.60,0,-104,-19,0,0,41,0,0,52
330.30,1544433594,2754.90,51.490035,7.410239,170.50,12.89,0.00,78.60,0,-93,-11,0,0,46,0,0,452
330.30,1544433594,2754.90,51.490035,7.410239,170.50,12.89,0.00,78.60,0,-94,-13,0,0,46,0,0,450
330.30,1544433594,2754.91,51.490035,7.410239,170.50,12.89,0.00,78.60,0,-99,-19,0,0,46,0,0,89
331.30,1544433595,2767.75,51.490057,7.410406,169.50,12.75,0.00,78.81,0,-105,-19,0,0,39,0,0,52
331.30,1544433595,2767.77,51.490057,7.410406,169.50,12.75,0.00,78.81,0,-106,-19,0,0,39,0,0,274
331.30,1544433595,2767.78,51.490057,7.410406,169.50,12.75,0.00,78.81,0,-106,-20,0,0,39,0,0,34
332.30,1544433596,2780.52,51.490077,7.410564,168.99,12.66,0.00,78.35,0,-105,-19,0,0,39,0,0,52
332.30,1544433596,2780.53,51.490077,7.410564,168.99,12.66,0.00,78.35,0,-106,-19,0,0,39,0,0,274
332.30,1544433596,2780.54,51.490077,7.410564,168.99,12.66,0.00,78.35,0,-106,-20,0,0,39,0,0,34
333.31,1544433597,2793.27,51.490105,7.410749,168.27,12.54,0.00,77.38,0,-105,-18,0,0,39,0,0,274
333.31,1544433597,2793.28,51.490105,7.410749,168.27,12.54,0.00,77.38,0,-106,-19,0,0,39,0,0,385
333.31,1544433597,2793.30,51.490105,7.410749,168.27,12.54,0.00,77.38,0,-106,-20,0,0,39,0,0,65
334.30,1544433598,2805.70,51.490131,7.410923,167.56,12.63,0.00,76.40,0,-105,-18,0,0,39,0,0,274
334.30,1544433598,2805.71,51.490131,7.410923,167.56,12.63,0.00,76.40,0,-106,-19,0,0,39,0,0,385
334.30,1544433598,2805.73,51.490131,7.410923,167.56,12.63,0.00,76.40,0,-106,-20,0,0,39,0,0,65
335.30,1544433599,2818.34,51.490157,7.411103,166.75,12.49,0.00,77.21,0,-105,-18,0,0,39,0,0,274
335.30,1544433599,2818.34,51.490157,7.411103,166.75,12.49,0.00,77.21,0,-106,-19,0,0,39,0,0,385
335.30,1544433599,2818.36,51.490157,7.411103,166.75,12.49,0.00,77.21,0,-106,-20,0,0,39,0,0,65
336.30,1544433600,2830.85,51.490178,7.411270,166.23,12.18,0.00,78.66,0,-104,-19,0,0,41,0,0,274
336.30,1544433600,2830.86,51.490178,7.411270,166.23,12.18,0.00,78.66,0,-104,-20,0,0,41,0,0,52
336.30,1544433600,2830.87,51.490178,7.411270,166.23,12.18,0.00,78.66,0,-105,-20,0,0,41,0,0,65
