time_s,timestamp_ms,distance_m,latitude,longitude,altitude,velocity_mps,acceleration_mpss,direction,isRegistered,rsrp_dbm,rsrq_db,rssnr_db,cqi,ss,ta,ci,pci
0.03,1544433264,0.00,51.490218,7.411596,164.16,11.55,0.00,78.89,nan,nan,nan,nan,nan,nan,nan,nan,nan
1.04,1544433265,11.66,51.490234,7.411753,164.34,11.50,-0.05,79.13,nan,nan,nan,nan,nan,nan,nan,nan,nan
2.04,1544433266,23.16,51.490253,7.411918,164.47,11.67,0.17,78.76,nan,nan,nan,nan,nan,nan,nan,nan,nan
3.04,1544433267,34.84,51.490273,7.412090,164.71,11.64,-0.02,78.26,nan,nan,nan,nan,nan,nan,nan,nan,nan
4.04,1544433268,46.49,51.490294,7.412248,164.72,11.94,0.30,78.86,nan,nan,nan,nan,nan,nan,nan,nan,nan
5.04,1544433269,58.42,51.490317,7.412426,164.85,12.60,0.66,78.44,nan,nan,nan,nan,nan,nan,nan,nan,nan
6.04,1544433270,71.02,51.490340,7.412597,164.87,12.73,0.13,79.05,nan,nan,nan,nan,nan,nan,nan,nan,nan
7.04,1544433271,83.76,51.490367,7.412786,164.85,12.74,0.02,79.31,nan,nan,nan,nan,nan,nan,nan,nan,nan
8.04,1544433272,96.50,51.490393,7.412960,164.78,12.87,0.12,79.25,nan,nan,nan,nan,nan,nan,nan,nan,nan
9.04,1544433273,109.35,51.490418,7.413153,164.68,12.81,-0.06,78.44,nan,nan,nan,nan,nan,nan,nan,nan,nan
10.04,1544433274,122.17,51.490441,7.413336,164.73,12.88,0.07,78.07,nan,nan,nan,nan,nan,nan,nan,nan,nan
11.04,1544433275,135.06,51.490464,7.413522,164.60,12.96,0.09,78.58,nan,nan,nan,nan,nan,nan,nan,nan,nan
12.04,1544433276,148.01,51.490488,7.413713,164.24,13.20,0.23,78.90,nan,nan,nan,nan,nan,nan,nan,nan,nan
13.04,1544433277,161.18,51.490510,7.413891,163.88,13.16,-0.04,78.72,nan,nan,nan,nan,nan,nan,nan,nan,nan
14.04,1544433278,174.35,51.490534,7.414074,163.44,13.21,0.06,77.86,nan,nan,nan,nan,nan,nan,nan,nan,nan
15.04,1544433279,187.57,51.490558,7.414253,163.23,13.03,-0.18,78.07,nan,nan,nan,nan,nan,nan,nan,nan,nan
16.05,1544433280,200.68,51.490581,7.414434,163.02,13.20,0.16,78.50,nan,nan,nan,nan,nan,nan,nan,nan,nan
17.04,1544433281,213.78,51.490603,7.414616,162.81,13.04,-0.15,79.28,nan,nan,nan,nan,nan,nan,nan,nan,nan
18.04,1544433282,226.84,51.490624,7.414807,162.36,13.08,0.03,79.83,nan,nan,nan,nan,nan,nan,nan,nan,nan
19.04,1544433283,239.91,51.490642,7.414995,161.67,12.89,-0.18,80.74,nan,nan,nan,nan,nan,nan,nan,nan,nan
20.04,1544433284,252.80,51.490660,7.415180,160.93,12.81,-0.08,81.62,nan,nan,nan,nan,nan,nan,nan,nan,nan
21.04,1544433285,265.61,51.490673,7.415357,160.33,12.64,-0.18,82.73,nan,nan,nan,nan,nan,nan,nan,nan,nan
22.04,1544433286,278.26,51.490683,7.415543,159.81,12.33,-0.31,83.97,nan,nan,nan,nan,nan,nan,nan,nan,nan
23.04,1544433287,290.58,51.490687,7.415714,159.24,12.09,-0.23,85.86,nan,nan,nan,nan,nan,nan,nan,nan,nan
24.04,1544433288,302.66,51.490685,7.415879,158.59,11.88,-0.22,88.13,nan,nan,nan,nan,nan,nan,nan,nan,nan
25.04,1544433289,314.55,51.490680,7.416048,158.07,11.26,-0.62,90.45,nan,nan,nan,nan,nan,nan,nan,nan,nan
26.04,1544433290,325.80,51.490669,7.416197,157.49,10.19,-1.07,92.88,nan,nan,nan,nan,nan,nan,nan,nan,nan
27.04,1544433291,336.00,51.490657,7.416347,156.82,8.81,-1.38,94.94,nan,nan,nan,nan,nan,nan,nan,nan,nan
28.04,1544433292,344.81,51.490642,7.416468,156.38,6.36,-2.44,97.86,nan,nan,nan,nan,nan,nan,nan,nan,nan
29.04,1544433293,351.17,51.490629,7.416575,155.86,6.19,-0.18,99.45,nan,nan,nan,nan,nan,nan,nan,nan,nan
30.04,1544433294,357.36,51.490615,7.416667,155.24,5.36,-0.83,100.69,nan,nan,nan,nan,nan,nan,nan,nan,nan
31.04,1544433295,362.72,51.490605,7.416747,155.17,4.01,-1.35,101.70,nan,nan,nan,nan,nan,nan,nan,nan,nan
32.04,1544433296,366.73,51.490596,7.416799,155.09,3.22,-0.78,101.85,nan,nan,nan,nan,nan,nan,nan,nan,nan
33.04,1544433297,369.95,51.490590,7.416834,155.02,2.54,-0.69,102.75,nan,nan,nan,nan,nan,nan,nan,nan,nan
34.04,1544433298,372.49,51.490585,7.416857,154.95,1.53,-1.01,103.26,nan,nan,nan,nan,nan,nan,nan,nan,nan
35.04,1544433299,374.02,51.490582,7.416868,154.89,0.77,-0.75,103.26,nan,nan,nan,nan,nan,nan,nan,nan,nan
36.04,1544433300,374.79,51.490582,7.416868,154.88,0.00,-0.77,103.26,nan,nan,nan,nan,nan,nan,nan,nan,nan
37.05,1544433301,374.79,51.490582,7.416868,154.87,0.00,0.00,103.26,nan,nan,nan,nan,nan,nan,nan,nan,nan
38.04,1544433302,374.79,51.490582,7.416868,154.85,0.00,0.00,103.26,nan,nan,nan,nan,nan,nan,nan,nan,nan
39.04,1544433303,374.79,51.490582,7.416868,154.84,0.00,0.00,103.26,nan,nan,nan,nan,nan,nan,nan,nan,nan
40.04,1544433304,374.79,51.490582,7.416868,154.82,0.00,0.00,103.26,nan,nan,nan,nan,nan,nan,nan,nan,nan
41.04,1544433305,374.79,51.490582,7.416868,154.81,0.00,0.00,103.26,nan,nan,nan,nan,nan,nan,nan,nan,nan
42.04,1544433306,374.79,51.490582,7.416868,154.64,0.00,0.00,103.26,nan,nan,nan,nan,nan,nan,nan,nan,nan
43.04,1544433307,374.79,51.490582,7.416868,154.62,0.00,0.00,103.26,nan,nan,nan,nan,nan,nan,nan,nan,nan
44.04,1544433308,374.79,51.490582,7.416868,154.60,0.00,0.00,103.26,nan,nan,nan,nan,nan,nan,nan,nan,nan
45.48,1544433309,374.79,51.490582,7.416868,154.59,0.00,0.00,103.26,nan,nan,nan,nan,nan,nan,nan,nan,nan
46.48,1544433310,374.79,51.490582,7.416868,154.57,0.00,0.00,103.26,nan,nan,nan,nan,nan,nan,nan,nan,nan
47.48,1544433311,374.79,51.490582,7.416868,154.55,0.00,0.00,103.26,nan,nan,nan,nan,nan,nan,nan,nan,nan
48.48,1544433312,374.79,51.490582,7.416868,154.53,0.00,0.00,103.26,nan,nan,nan,nan,nan,nan,nan,nan,nan
49.48,1544433313,374.79,51.490582,7.416868,154.51,0.00,0.00,103.26,nan,nan,nan,nan,nan,nan,nan,nan,nan
50.48,1544433314,374.79,51.490582,7.416868,154.49,0.00,0.00,103.26,nan,nan,nan,nan,nan,nan,nan,nan,nan
51.48,1544433315,374.79,51.490582,7.416868,154.47,0.00,0.00,103.26,nan,nan,nan,nan,nan,nan,nan,nan,nan
52.48,1544433316,374.79,51.490582,7.416868,154.45,0.00,0.00,103.26,nan,nan,nan,nan,nan,nan,nan,nan,nan
53.48,1544433317,374.79,51.490582,7.416868,154.43,0.00,0.00,103.26,nan,nan,nan,nan,nan,nan,nan,nan,nan
54.29,1544433318,374.79,51.490582,7.416868,154.42,0.00,0.00,103.26,1,-86,-7,10,2,51,6,13416962,275
55.29,1544433319,374.79,51.490582,7.416868,154.40,0.00,0.00,103.26,1,-86,-7,10,2,51,6,13416962,275
56.29,1544433320,374.79,51.490582,7.416868,154.38,0.00,0.00,103.26,1,-86,-7,0,12,51,6,13416962,275
57.29,1544433321,374.79,51.490582,7.416868,154.23,0.00,0.00,103.26,1,-86,-7,0,12,51,6,13416962,275
58.30,1544433322,374.79,51.490582,7.416868,154.09,0.00,0.00,103.33,1,-88,-8,7,7,47,6,13416962,275
59.29,1544433323,374.79,51.490582,7.416868,153.99,0.00,0.00,102.34,1,-88,-8,7,7,47,6,13416962,275
60.29,1544433324,374.79,51.490563,7.416997,153.94,4.07,0.00,101.20,1,-88,-8,7,7,47,6,13416962,275
61.29,1544433325,378.86,51.490557,7.417052,153.47,4.57,0.50,98.21,1,-89,-9,4,7,46,6,13416962,275
62.29,1544433326,383.42,51.490569,7.417101,153.18,4.48,-0.09,66.69,1,-89,-9,4,7,46,6,13416962,275
63.29,1544433327,387.90,51.490590,7.417156,152.95,4.63,0.15,51.02,1,-91,-9,8,11,44,6,13416962,275
64.29,1544433328,392.51,51.490627,7.417188,153.03,5.52,0.90,22.91,1,-91,-9,8,11,44,6,13416962,275
65.29,1544433329,398.03,51.490676,7.417194,153.23,6.27,0.75,0.96,1,-88,-9,9,13,47,6,13416962,275
66.29,1544433330,404.29,51.490736,7.417188,153.78,7.23,0.96,357.14,1,-88,-9,9,13,47,6,13416962,275
67.29,1544433331,411.53,51.490799,7.417174,154.55,7.78,0.54,354.86,1,-80,-11,12,10,56,6,13416962,275
68.29,1544433332,419.34,51.490879,7.417154,155.06,9.14,1.35,353.02,1,-80,-11,12,10,56,6,13416962,275
69.29,1544433333,428.47,51.490959,7.417127,155.75,9.06,-0.07,351.58,1,-86,-8,9,6,48,6,13416962,275
70.29,1544433334,437.52,51.491046,7.417096,156.49,9.23,0.17,350.81,1,-86,-8,9,6,48,6,13416962,275
71.30,1544433335,446.83,51.491150,7.417059,157.03,9.18,-0.05,350.37,1,-82,-7,13,13,52,6,13416962,275
72.29,1544433336,455.92,51.491242,7.417028,156.75,9.25,0.07,348.69,1,-82,-7,13,13,52,6,13416962,275
73.29,1544433337,465.17,51.491329,7.416997,156.82,9.96,0.70,348.14,1,-84,-10,7,12,51,6,13416962,275
74.29,1544433338,475.16,51.491416,7.416965,157.07,10.21,0.25,348.68,1,-84,-10,7,12,51,6,13416962,275
75.29,1544433339,485.37,51.491497,7.416939,157.39,9.61,-0.60,349.36,1,-89,-9,3,6,46,6,13416962,275
76.29,1544433340,494.96,51.491579,7.416911,157.94,9.58,-0.02,348.57,1,-89,-9,3,6,46,6,13416962,275
77.29,1544433341,504.55,51.491659,7.416876,158.58,9.82,0.24,346.91,1,-87,-8,0,5,47,6,13416962,275
78.29,1544433342,514.38,51.491744,7.416834,158.88,10.29,0.46,344.72,1,-87,-8,0,5,47,6,13416962,275
79.30,1544433343,524.75,51.491823,7.416791,158.87,10.33,0.04,342.29,1,-93,-12,-3,7,46,6,13416962,275
80.29,1544433344,534.99,51.491904,7.416741,158.69,10.71,0.38,339.59,1,-93,-12,-3,7,46,6,13416962,275
81.29,1544433345,545.70,51.491983,7.416686,158.44,10.46,-0.25,337.21,1,-93,-12,-3,7,46,6,13416962,275
82.30,1544433346,556.18,51.492053,7.416626,158.23,8.82,-1.64,334.07,1,-95,-14,-4,5,46,6,13416962,275
83.30,1544433347,564.99,51.492158,7.416530,157.64,11.45,2.63,332.40,1,-95,-14,-4,5,46,6,13416962,275
84.30,1544433348,576.45,51.492269,7.416432,157.18,12.46,1.01,331.65,1,-95,-16,-8,3,48,6,13416962,275
85.30,1544433349,588.91,51.492362,7.416350,157.04,12.37,-0.09,332.90,1,-95,-16,-8,3,48,6,13416962,275
86.30,1544433350,601.29,51.492463,7.416270,156.88,12.16,-0.20,335.16,1,-97,-15,-6,4,43,6,13416962,275
87.30,1544433351,613.44,51.492557,7.416209,156.58,12.39,0.23,338.19,1,-97,-15,-6,4,43,6,13416962,275
88.30,1544433352,625.82,51.492669,7.416148,156.52,12.93,0.54,341.31,1,-92,-12,-1,9,46,6,13416962,275
89.30,1544433353,638.75,51.492791,7.416091,156.45,13.27,0.34,344.81,1,-92,-12,-1,9,46,6,13416962,275
90.29,1544433354,652.01,51.492908,7.416040,156.28,13.83,0.56,345.39,1,-104,-13,2,5,35,6,13416962,275
91.29,1544433355,665.84,51.493026,7.415998,156.04,12.98,-0.85,347.90,1,-104,-13,2,5,35,6,13416962,275
92.30,1544433356,678.83,51.493146,7.415955,155.78,12.94,-0.04,347.35,1,-102,-16,2,4,39,6,13416962,275
93.34,1544433357,692.40,51.493259,7.415914,155.18,12.62,-0.30,348.07,1,-102,-16,2,4,39,6,13416962,275
94.29,1544433358,704.39,51.493371,7.415877,155.81,12.57,-0.05,348.20,1,-101,-16,-5,3,40,6,13416962,275
95.29,1544433359,716.97,51.493484,7.415843,156.27,12.57,0.00,348.48,1,-101,-16,-5,3,40,6,13416962,275
96.29,1544433360,729.54,51.493601,7.415807,156.49,12.36,-0.22,348.46,1,-105,-16,-7,4,37,6,13416962,275
97.30,1544433361,741.93,51.493713,7.415776,156.26,12.06,-0.29,348.61,1,-105,-16,-7,4,37,6,13416962,275
98.30,1544433362,753.97,51.493811,7.415748,156.07,11.51,-0.55,348.71,1,-97,-14,-9,5,40,12,13542402,275
99.30,1544433363,765.49,51.493906,7.415720,156.05,10.77,-0.74,348.36,1,-97,-14,-9,5,40,12,13542402,275
100.31,1544433364,776.36,51.493992,7.415688,156.11,10.21,-0.55,345.79,1,-94,-13,-3,4,44,12,13542402,34
101.30,1544433365,786.47,51.494084,7.415646,156.14,9.40,-0.82,343.89,1,-94,-13,-3,4,44,12,13542402,34
102.30,1544433366,795.88,51.494150,7.415614,156.74,8.02,-1.38,344.84,1,-94,-13,-3,4,44,12,13542402,34
103.29,1544433367,803.88,51.494224,7.415585,157.32,7.14,-0.87,345.68,1,-99,-14,-2,5,41,12,13542402,34
104.30,1544433368,811.03,51.494273,7.415565,157.38,5.64,-1.50,346.36,1,-99,-14,-2,5,41,12,13542402,34
105.29,1544433369,816.67,51.494316,7.415551,157.10,4.57,-1.08,347.25,1,-99,-13,-2,5,40,12,13542402,34
106.29,1544433370,821.23,51.494352,7.415538,157.05,3.56,-1.01,347.73,1,-99,-13,-2,5,40,12,13542402,34
107.30,1544433371,824.79,51.494381,7.415528,156.96,1.79,-1.76,347.99,1,-97,-13,-2,5,43,12,13542402,34
108.30,1544433372,826.58,51.494381,7.415528,156.95,0.00,-1.79,347.99,1,-97,-13,-2,5,43,12,13542402,34
109.30,1544433373,826.58,51.494381,7.415528,156.94,0.00,0.00,347.99,1,-98,-15,-3,5,42,12,13542402,34
110.30,1544433374,826.58,51.494381,7.415528,156.92,0.00,0.00,347.99,1,-98,-15,-3,5,42,12,13542402,34
111.30,1544433375,826.58,51.494381,7.415528,156.90,0.00,0.00,347.99,1,-99,-14,-4,5,42,12,13542402,34
112.30,1544433376,826.58,51.494381,7.415528,156.89,0.00,0.00,347.99,1,-99,-14,-4,5,42,12,13542402,34
113.30,1544433377,826.58,51.494381,7.415528,156.88,0.00,0.00,347.99,1,-98,-16,-4,5,44,12,13542402,34
114.30,1544433378,826.58,51.494381,7.415528,156.87,0.00,0.00,347.99,1,-98,-16,-4,5,44,12,13542402,34
115.30,1544433379,826.58,51.494381,7.415528,156.87,0.00,0.00,347.99,1,-98,-16,-4,5,43,12,13542402,34
116.30,1544433380,826.58,51.494381,7.415528,156.86,0.00,0.00,347.99,1,-98,-16,-4,5,43,12,13542402,34
117.30,1544433381,826.58,51.494381,7.415528,156.87,0.00,0.00,347.99,1,-98,-15,-4,4,43,12,13542402,34
118.30,1544433382,826.58,51.494381,7.415528,156.87,0.00,0.00,347.99,1,-98,-15,-4,4,43,12,13542402,34
119.30,1544433383,826.58,51.494381,7.415528,156.87,0.00,0.00,347.99,1,-98,-16,-5,4,45,12,13542402,34
120.29,1544433384,826.58,51.494381,7.415528,156.88,0.00,0.00,347.99,1,-98,-16,-5,4,45,12,13542402,34
121.31,1544433385,826.58,51.494381,7.415528,156.89,0.00,0.00,347.99,1,-98,-15,-4,5,43,12,13542402,34
122.30,1544433386,826.58,51.494381,7.415528,156.90,0.00,0.00,347.99,1,-98,-15,-4,5,43,12,13542402,34
123.30,1544433387,826.58,51.494381,7.415528,156.91,0.00,0.00,347.99,1,-98,-15,-4,5,43,12,13542402,34
124.30,1544433388,826.58,51.494381,7.415528,156.93,0.00,0.00,347.99,1,-98,-14,-4,6,43,12,13542402,34
125.30,1544433389,826.58,51.494381,7.415528,157.10,0.00,0.00,347.99,1,-98,-14,-4,6,43,12,13542402,34
126.30,1544433390,826.58,51.494381,7.415528,157.27,0.00,0.00,351.70,1,-97,-13,-3,6,43,12,13542402,34
127.30,1544433391,826.58,51.494381,7.415528,157.39,0.00,0.00,350.32,1,-97,-13,-3,6,43,12,13542402,34
128.29,1544433392,826.58,51.494443,7.415498,157.49,1.76,0.00,353.69,1,-97,-14,-2,5,44,12,13542402,34
129.29,1544433393,828.34,51.494469,7.415489,157.59,2.81,1.05,352.17,1,-97,-14,-2,5,44,12,13542402,34
130.30,1544433394,831.17,51.494492,7.415480,157.66,1.94,-0.87,351.75,1,-98,-15,-3,6,43,12,13542402,34
131.30,1544433395,833.12,51.494499,7.415477,157.73,0.63,-1.31,351.75,1,-98,-15,-3,6,43,12,13542402,34
132.30,1544433396,833.75,51.494499,7.415477,157.74,0.00,-0.63,351.75,1,-101,-16,-4,4,41,12,13542402,34
133.30,1544433397,833.75,51.494499,7.415477,157.86,0.00,0.00,351.75,1,-101,-16,-4,4,41,12,13542402,34
134.30,1544433398,833.75,51.494499,7.415477,157.98,0.00,0.00,336.18,1,-99,-15,-4,4,42,12,13542402,34
135.30,1544433399,833.75,51.494499,7.415477,158.13,0.00,0.00,321.42,1,-99,-15,-4,4,42,12,13542402,34
136.30,1544433400,833.75,51.494537,7.415381,159.53,5.14,0.00,283.21,1,-98,-14,-4,4,42,12,13542402,34
137.29,1544433401,838.88,51.494523,7.415262,159.11,7.32,2.19,257.10,1,-98,-14,-4,4,42,12,13542402,34
138.30,1544433402,846.22,51.494503,7.415165,158.88,7.85,0.53,256.76,1,-99,-15,-4,5,42,12,13542402,34
139.30,1544433403,854.05,51.494482,7.415045,158.94,9.27,1.42,257.93,1,-99,-15,-4,5,42,12,13542402,34
140.30,1544433404,863.34,51.494460,7.414908,159.08,10.46,1.19,256.95,1,-97,-11,-2,6,40,12,13542402,34
141.30,1544433405,873.80,51.494440,7.414754,159.18,10.87,0.42,257.50,1,-97,-11,-2,6,40,12,13542402,34
142.30,1544433406,884.71,51.494424,7.414592,158.96,11.86,0.98,258.37,1,-97,-12,-1,6,40,12,13542402,34
143.30,1544433407,896.49,51.494403,7.414424,158.86,12.42,0.57,257.74,1,-97,-12,-1,6,40,12,13542402,34
144.30,1544433408,908.99,51.494381,7.414253,158.82,12.50,0.08,258.15,1,-98,-11,0,6,39,12,13542402,34
145.29,1544433409,921.40,51.494356,7.414070,158.79,12.12,-0.38,258.27,1,-98,-11,0,6,39,12,13542402,34
146.29,1544433410,933.52,51.494332,7.413893,158.62,12.15,0.03,258.15,1,-98,-11,0,6,39,12,13542402,34
147.30,1544433411,945.68,51.494310,7.413724,158.41,12.40,0.25,257.93,1,-98,-15,-4,4,43,12,13542402,34
148.30,1544433412,958.10,51.494286,7.413546,158.16,12.51,0.10,258.50,1,-98,-15,-4,4,43,12,13542402,34
149.30,1544433413,970.62,51.494262,7.413369,157.83,12.72,0.21,258.23,1,-101,-16,-3,5,41,12,13542402,34
150.30,1544433414,983.34,51.494239,7.413193,157.47,12.91,0.19,258.54,1,-101,-16,-3,5,41,12,13542402,34
151.30,1544433415,996.25,51.494215,7.413008,157.54,13.07,0.16,258.17,1,-100,-14,-1,5,40,12,13542402,34
152.30,1544433416,1009.29,51.494191,7.412823,157.93,13.00,-0.07,257.34,1,-100,-14,-1,5,40,12,13542402,34
153.30,1544433417,1022.29,51.494165,7.412628,158.34,12.81,-0.19,257.85,1,-99,-16,-3,5,43,12,13542402,34
154.30,1544433418,1035.11,51.494141,7.412450,158.88,13.12,0.31,257.90,1,-99,-16,-3,5,43,12,13542402,34
155.30,1544433419,1048.22,51.494117,7.412269,159.49,13.17,0.05,257.61,1,-98,-13,-3,6,41,12,13542402,34
156.29,1544433420,1061.37,51.494093,7.412091,160.20,13.04,-0.13,258.02,1,-98,-13,-3,6,41,12,13542402,34
157.30,1544433421,1074.43,51.494066,7.411902,160.59,13.28,0.24,258.23,1,-98,-15,-1,5,42,12,13542402,34
158.30,1544433422,1087.71,51.494042,7.411712,161.01,13.78,0.50,257.73,1,-98,-15,-1,5,42,12,13542402,34
159.30,1544433423,1101.48,51.494016,7.411510,161.31,13.90,0.12,257.90,1,-96,-11,1,5,41,12,13542402,34
160.30,1544433424,1115.40,51.493992,7.411318,161.33,13.85,-0.05,257.49,1,-96,-11,1,5,41,12,13542402,34
161.30,1544433425,1129.26,51.493965,7.411120,161.25,13.73,-0.12,258.13,1,-95,-11,1,6,42,12,13542402,34
162.30,1544433426,1143.00,51.493944,7.410930,161.30,13.44,-0.29,258.44,1,-95,-11,1,6,42,12,13542402,34
163.30,1544433427,1156.41,51.493920,7.410736,161.40,13.36,-0.08,258.42,1,-96,-13,0,6,42,12,13542402,34
164.30,1544433428,1169.79,51.493897,7.410539,161.47,13.54,0.18,258.60,1,-96,-13,0,6,42,12,13542402,34
165.30,1544433429,1183.38,51.493874,7.410345,161.51,13.63,0.09,257.99,1,-97,-12,0,6,42,12,13542402,34
166.29,1544433430,1196.93,51.493849,7.410146,161.53,13.64,0.01,257.71,1,-97,-12,0,6,42,12,13542402,34
167.30,1544433431,1210.60,51.493821,7.409959,161.44,13.77,0.12,257.22,1,-97,-12,0,6,42,12,13542402,34
168.30,1544433432,1224.35,51.493794,7.409764,161.60,13.49,-0.28,257.00,1,-98,-14,0,5,41,12,13542402,34
169.29,1544433433,1237.82,51.493768,7.409573,161.64,13.54,0.05,257.66,1,-98,-14,0,5,41,12,13542402,34
170.30,1544433434,1251.39,51.493742,7.409378,161.85,13.55,0.02,257.86,1,-93,-12,4,7,45,12,13542402,34
171.30,1544433435,1264.95,51.493716,7.409193,161.95,13.67,0.11,257.95,1,-93,-12,4,7,45,12,13542402,34
172.30,1544433436,1278.61,51.493691,7.409001,162.14,13.38,-0.29,257.93,1,-96,-13,4,4,43,12,13542402,34
173.30,1544433437,1291.98,51.493666,7.408813,162.26,13.36,-0.02,258.13,1,-96,-13,4,4,43,12,13542402,34
174.30,1544433438,1305.36,51.493640,7.408627,162.25,13.55,0.19,257.91,1,-93,-10,1,5,43,12,13542402,34
175.30,1544433439,1318.88,51.493612,7.408436,162.27,13.57,0.03,257.92,1,-93,-10,1,5,43,12,13542402,34
176.30,1544433440,1332.48,51.493586,7.408231,162.51,13.90,0.33,258.39,1,-98,-11,1,7,39,12,13542402,34
177.30,1544433441,1346.37,51.493562,7.408036,162.69,14.17,0.27,258.78,1,-98,-11,1,7,39,12,13542402,34
178.30,1544433442,1360.53,51.493538,7.407832,162.98,14.51,0.35,259.11,1,-100,-16,-1,4,41,12,13542402,34
179.30,1544433443,1375.08,51.493514,7.407624,163.30,14.88,0.37,258.16,1,-100,-16,-1,4,41,12,13542402,34
180.30,1544433444,1389.96,51.493487,7.407413,163.61,14.98,0.10,258.20,1,-100,-17,-6,3,43,12,13542402,34
181.30,1544433445,1404.94,51.493461,7.407198,163.78,14.75,-0.24,257.81,1,-100,-17,-6,3,43,12,13542402,34
182.30,1544433446,1419.72,51.493436,7.407005,163.76,14.48,-0.27,258.41,1,-97,-16,-4,4,45,12,13542402,34
183.30,1544433447,1434.16,51.493410,7.406802,163.76,14.29,-0.19,257.67,1,-97,-16,-4,4,45,12,13542402,34
184.30,1544433448,1448.43,51.493386,7.406600,163.87,14.55,0.26,258.05,1,-97,-16,-4,4,44,12,13542402,34
185.30,1544433449,1462.99,51.493359,7.406389,163.98,14.86,0.31,258.00,1,-97,-16,-4,4,44,12,13542402,34
186.30,1544433450,1477.91,51.493335,7.406186,164.22,15.12,0.26,257.80,1,-93,-13,-1,6,46,12,13542402,34
187.30,1544433451,1492.97,51.493307,7.405980,164.34,14.85,-0.27,257.99,1,-93,-13,-1,6,46,12,13542402,34
188.29,1544433452,1507.73,51.493279,7.405773,164.49,14.84,-0.01,258.05,1,-93,-13,-1,6,46,12,13542402,34
189.29,1544433453,1522.61,51.493252,7.405561,164.65,14.84,0.00,258.10,1,-87,-11,3,7,50,12,13542402,34
190.29,1544433454,1537.44,51.493223,7.405347,164.63,14.89,0.05,257.82,1,-87,-11,3,7,50,12,13542402,34
191.30,1544433455,1552.38,51.493194,7.405135,164.56,14.95,0.06,257.80,1,-104,-16,-3,4,38,12,13542402,34
192.30,1544433456,1567.32,51.493166,7.404928,164.45,14.87,-0.07,257.80,1,-104,-16,-3,4,38,12,13542402,34
193.30,1544433457,1582.20,51.493139,7.404723,164.44,14.52,-0.35,257.97,1,-101,-15,-4,4,40,12,13542402,34
194.30,1544433458,1596.71,51.493113,7.404521,164.59,14.45,-0.08,258.11,1,-101,-15,-4,4,40,12,13542402,34
195.30,1544433459,1611.17,51.493086,7.404320,164.75,14.15,-0.30,258.60,1,-104,-17,-6,3,39,12,13542402,34
196.30,1544433460,1625.32,51.493058,7.404117,164.79,13.82,-0.33,258.77,1,-104,-17,-6,3,39,12,13542402,34
197.30,1544433461,1639.17,51.493033,7.403914,164.85,13.60,-0.22,259.56,1,-104,-16,-8,4,38,12,13542402,34
198.30,1544433462,1652.76,51.493011,7.403726,164.77,13.37,-0.23,260.46,1,-104,-16,-8,4,38,12,13542402,34
199.30,1544433463,1666.12,51.492996,7.403534,164.54,13.39,0.02,262.16,1,-101,-16,-6,4,41,12,13542402,34
200.30,1544433464,1679.51,51.492985,7.403343,164.30,13.47,0.08,264.13,1,-101,-16,-6,4,41,12,13542402,34
201.30,1544433465,1693.00,51.492978,7.403149,164.26,13.23,-0.24,265.49,1,-103,-18,-6,4,41,12,13542402,34
202.30,1544433466,1706.24,51.492974,7.402956,164.56,12.47,-0.76,266.57,1,-103,-18,-6,4,41,12,13542402,34
203.30,1544433467,1718.69,51.492972,7.402784,165.02,11.40,-1.06,267.70,1,-101,-17,-7,3,41,12,13542402,34
204.30,1544433468,1730.09,51.492973,7.402623,165.44,10.29,-1.11,268.82,1,-101,-17,-7,3,41,12,13542402,34
205.29,1544433469,1740.36,51.492977,7.402501,165.13,9.44,-0.86,269.88,1,-96,-12,-7,6,43,10,13542403,35
206.29,1544433470,1749.77,51.492980,7.402379,164.58,8.31,-1.14,270.63,1,-96,-12,-7,6,43,10,13542403,35
207.30,1544433471,1758.17,51.492984,7.402268,163.77,6.95,-1.34,271.21,1,-91,-12,0,8,47,10,13542403,35
208.29,1544433472,1765.06,51.492988,7.402181,162.96,5.33,-1.64,271.03,1,-91,-12,0,8,47,10,13542403,35
209.30,1544433473,1770.40,51.492992,7.402122,162.89,3.14,-2.19,270.57,1,-91,-12,0,8,47,10,13542403,35
210.29,1544433474,1773.53,51.492994,7.402091,162.82,1.15,-2.00,269.83,1,-90,-10,2,6,46,10,13542403,35
211.29,1544433475,1774.68,51.492994,7.402091,162.81,0.00,-1.15,269.83,1,-90,-10,2,6,46,10,13542403,35
212.29,1544433476,1774.68,51.492994,7.402091,162.80,0.00,0.00,269.83,1,-88,-11,4,6,47,10,13542403,35
213.29,1544433477,1774.68,51.492994,7.402091,162.78,0.00,0.00,269.83,1,-88,-11,4,6,47,10,13542403,35
214.29,1544433478,1774.68,51.492994,7.402091,162.76,0.00,0.00,269.83,1,-92,-12,4,6,49,10,13542403,35
215.29,1544433479,1774.68,51.492994,7.402091,162.73,0.00,0.00,269.83,1,-92,-12,4,6,49,10,13542403,35
216.29,1544433480,1774.68,51.492994,7.402091,162.71,0.00,0.00,269.83,1,-92,-13,4,4,49,10,13542403,35
217.29,1544433481,1774.68,51.492994,7.402091,162.50,0.00,0.00,273.79,1,-92,-13,4,4,49,10,13542403,35
218.29,1544433482,1774.68,51.492994,7.402091,162.33,0.00,0.00,273.30,1,-89,-12,3,6,49,10,13542403,35
219.29,1544433483,1774.68,51.492998,7.401925,161.11,6.14,0.00,272.55,1,-89,-12,3,6,49,10,13542403,35
220.29,1544433484,1780.81,51.492975,7.401859,160.39,6.11,-0.03,241.47,1,-89,-10,3,6,47,10,13542403,35
221.29,1544433485,1786.93,51.492936,7.401808,160.24,5.63,-0.47,211.53,1,-89,-10,3,6,47,10,13542403,35
222.29,1544433486,1792.55,51.492878,7.401779,160.57,7.32,1.69,191.92,1,-92,-13,4,5,46,10,13542403,35
223.29,1544433487,1799.88,51.492807,7.401758,160.99,8.01,0.69,189.39,1,-92,-13,4,5,46,10,13542403,35
224.29,1544433488,1807.90,51.492744,7.401749,161.25,8.58,0.56,187.86,1,-94,-14,0,5,45,10,13542403,35
225.29,1544433489,1816.47,51.492661,7.401741,161.53,9.98,1.41,185.96,1,-94,-14,0,5,45,10,13542403,35
226.30,1544433490,1826.47,51.492561,7.401737,161.48,10.91,0.93,184.14,1,-96,-14,-1,6,43,10,13542403,35
227.29,1544433491,1837.37,51.492463,7.401734,161.56,11.53,0.62,182.91,1,-96,-14,-1,6,43,10,13542403,35
228.30,1544433492,1848.99,51.492361,7.401732,161.61,12.12,0.58,182.27,1,-98,-14,-1,5,41,10,13542403,35
229.29,1544433493,1861.02,51.492251,7.401731,161.76,12.16,0.04,181.74,1,-98,-14,-1,5,41,10,13542403,35
230.30,1544433494,1873.19,51.492139,7.401731,161.78,12.18,0.02,181.23,1,-98,-14,-1,5,41,10,13542403,35
231.30,1544433495,1885.37,51.492025,7.401731,161.90,12.22,0.04,180.78,1,-101,-15,-3,4,40,10,13542403,35
232.29,1544433496,1897.58,51.491916,7.401732,161.97,12.44,0.22,180.59,1,-101,-15,-3,4,40,10,13542403,35
233.30,1544433497,1910.03,51.491801,7.401730,162.49,12.53,0.10,181.13,1,-103,-16,-5,4,38,10,13542403,35
234.30,1544433498,1922.56,51.491689,7.401729,162.74,12.53,-0.01,181.05,1,-103,-16,-5,4,38,10,13542403,35
235.30,1544433499,1935.09,51.491578,7.401729,162.96,12.62,0.09,181.05,1,-103,-16,-5,4,39,10,13542403,35
236.30,1544433500,1947.72,51.491468,7.401729,163.12,12.54,-0.07,180.99,1,-103,-16,-5,4,39,10,13542403,35
237.30,1544433501,1960.26,51.491351,7.401727,163.58,12.57,0.03,180.71,1,-103,-18,-6,4,40,10,13542403,35
238.30,1544433502,1972.84,51.491240,7.401726,164.00,12.71,0.14,181.02,1,-103,-18,-6,4,40,10,13542403,35
239.30,1544433503,1985.55,51.491125,7.401724,164.49,12.86,0.15,180.93,1,-101,-16,-6,4,41,10,13542403,35
240.30,1544433504,1998.41,51.491012,7.401724,165.17,12.86,0.01,179.94,1,-101,-16,-6,4,41,10,13542403,35
241.30,1544433505,2011.27,51.490895,7.401723,165.72,12.82,-0.04,180.35,1,-104,-17,-7,3,37,10,13542403,35
242.30,1544433506,2024.08,51.490783,7.401715,166.54,12.52,-0.31,181.33,1,-104,-17,-7,3,37,10,13542403,35
243.30,1544433507,2036.64,51.490673,7.401711,167.07,12.51,-0.00,180.78,1,-109,-18,-7,4,34,10,13542403,35
244.30,1544433508,2049.12,51.490558,7.401706,167.36,12.61,0.10,180.60,1,-109,-18,-7,4,34,10,13542403,35
245.30,1544433509,2061.73,51.490449,7.401703,167.39,12.64,0.03,180.43,1,-108,-18,-8,3,36,10,13542403,35
246.30,1544433510,2074.36,51.490342,7.401701,167.19,12.19,-0.45,179.57,1,-108,-18,-8,3,36,10,13542403,35
247.30,1544433511,2086.56,51.490232,7.401696,167.42,11.72,-0.47,179.21,1,-107,-18,-9,3,37,10,13542403,35
248.30,1544433512,2098.28,51.490131,7.401693,167.76,11.28,-0.45,178.83,1,-107,-18,-9,3,37,10,13542403,35
249.30,1544433513,2109.64,51.490031,7.401699,167.94,10.63,-0.64,178.00,1,-107,-19,-9,3,37,10,13542403,35
250.30,1544433514,2120.22,51.489936,7.401710,168.49,10.02,-0.61,178.07,1,-107,-19,-9,3,37,10,13542403,35
251.30,1544433515,2130.21,51.489848,7.401721,169.03,9.27,-0.75,178.97,1,-107,-19,-9,3,37,10,13542403,35
252.29,1544433516,2139.45,51.489766,7.401725,169.50,8.30,-0.97,179.83,1,-103,-16,-3,4,40,16,13880067,38
253.29,1544433517,2147.75,51.489694,7.401726,169.85,6.85,-1.45,180.16,1,-103,-16,-3,4,40,16,13880067,38
254.30,1544433518,2154.64,51.489654,7.401728,170.08,4.40,-2.43,179.21,1,-100,-15,-3,4,40,16,13880067,38
255.30,1544433519,2159.03,51.489629,7.401730,170.11,1.34,-3.08,181.20,1,-100,-15,-3,4,40,16,13880067,38
256.30,1544433520,2160.37,51.489629,7.401730,170.11,0.00,-1.34,181.20,1,-104,-17,-5,4,38,16,13880067,38
257.30,1544433521,2160.37,51.489629,7.401730,170.12,0.00,0.00,181.20,1,-104,-17,-5,4,38,16,13880067,38
258.30,1544433522,2160.37,51.489629,7.401730,170.12,0.00,0.00,181.20,1,-103,-16,-3,4,38,16,13880067,38
259.30,1544433523,2160.37,51.489629,7.401730,170.14,0.00,0.00,181.20,1,-103,-16,-3,4,38,16,13880067,38
260.30,1544433524,2160.37,51.489629,7.401730,170.15,0.00,0.00,181.20,1,-105,-18,-4,3,38,16,13880067,38
261.30,1544433525,2160.37,51.489629,7.401730,170.16,0.00,0.00,181.20,1,-105,-18,-4,3,38,16,13880067,38
262.30,1544433526,2160.37,51.489629,7.401730,170.16,0.00,0.00,181.20,1,-105,-18,-5,3,38,16,13880067,38
263.30,1544433527,2160.37,51.489629,7.401730,170.17,0.00,0.00,181.20,1,-105,-18,-5,3,38,16,13880067,38
264.30,1544433528,2160.37,51.489629,7.401730,170.18,0.00,0.00,181.20,1,-105,-19,-6,3,39,16,13880067,38
265.30,1544433529,2160.37,51.489629,7.401730,170.19,0.00,0.00,181.20,1,-105,-19,-6,3,39,16,13880067,38
266.30,1544433530,2160.37,51.489629,7.401730,170.20,0.00,0.00,181.20,1,-105,-18,-6,3,38,16,13880067,38
267.30,1544433531,2160.37,51.489629,7.401730,170.21,0.00,0.00,181.20,1,-105,-18,-6,3,38,16,13880067,38
268.30,1544433532,2160.37,51.489629,7.401730,170.22,0.00,0.00,181.20,1,-105,-18,-6,4,38,16,13880067,38
269.30,1544433533,2160.37,51.489629,7.401730,170.23,0.00,0.00,181.20,1,-105,-18,-6,4,38,16,13880067,38
270.31,1544433534,2160.37,51.489629,7.401730,170.36,0.00,0.00,181.20,1,-108,-19,-5,4,36,16,13880067,38
271.30,1544433535,2160.37,51.489629,7.401730,170.50,0.00,0.00,184.83,1,-108,-19,-5,4,36,16,13880067,38
272.30,1544433536,2160.37,51.489629,7.401730,170.63,0.00,0.00,183.44,1,-108,-19,-5,4,36,16,13880067,38
273.30,1544433537,2160.37,51.489531,7.401730,170.77,3.00,0.00,182.60,1,-104,-17,-5,4,38,16,13880067,38
274.30,1544433538,2163.36,51.489498,7.401731,170.89,2.49,-0.51,181.67,1,-104,-17,-5,4,38,16,13880067,38
275.30,1544433539,2165.85,51.489471,7.401734,171.01,1.89,-0.60,181.09,1,-104,-15,-5,5,38,43,12893954,316
276.30,1544433540,2167.74,51.489460,7.401737,171.10,1.43,-0.45,180.37,1,-104,-15,-5,5,38,43,12893954,316
277.30,1544433541,2169.17,51.489453,7.401738,171.17,0.86,-0.57,180.37,1,-102,-16,-5,5,39,43,12893954,316
278.30,1544433542,2170.03,51.489453,7.401740,171.23,0.45,-0.41,180.37,1,-102,-16,-5,5,39,43,12893954,316
279.30,1544433543,2170.48,51.489453,7.401740,171.29,0.00,-0.45,180.37,1,-104,-17,-6,4,39,43,12893954,316
280.30,1544433544,2170.48,51.489453,7.401740,171.35,0.00,0.00,152.89,1,-104,-17,-6,4,39,43,12893954,316
281.29,1544433545,2170.48,51.489453,7.401740,171.41,0.00,0.00,127.32,1,-107,-19,-8,2,38,43,12893954,316
282.30,1544433546,2170.48,51.489418,7.401843,172.12,4.55,0.00,89.63,1,-107,-19,-8,2,38,43,12893954,316
283.29,1544433547,2175.00,51.489414,7.401936,172.65,6.75,2.22,88.98,1,-107,-18,-8,2,36,43,12893954,316
284.29,1544433548,2181.78,51.489413,7.402051,173.35,8.79,2.03,88.62,1,-107,-18,-8,2,36,43,12893954,316
285.29,1544433549,2190.57,51.489414,7.402175,173.91,9.80,1.01,89.15,1,-108,-18,-8,1,36,43,12893954,316
286.30,1544433550,2200.39,51.489412,7.402323,174.37,10.58,0.77,89.95,1,-108,-18,-8,1,36,43,12893954,316
287.30,1544433551,2210.96,51.489410,7.402489,174.82,11.33,0.75,90.68,1,-108,-19,-9,1,36,43,12893954,316
288.30,1544433552,2222.29,51.489408,7.402668,175.11,11.77,0.44,90.71,1,-108,-19,-9,1,36,43,12893954,316
289.30,1544433553,2234.07,51.489406,7.402823,175.18,11.62,-0.15,91.10,1,-103,-14,-10,4,37,26,12894977,27
290.30,1544433554,2245.70,51.489403,7.402990,175.27,11.39,-0.23,91.06,1,-103,-14,-10,4,37,26,12894977,27
291.31,1544433555,2257.18,51.489400,7.403163,175.48,11.60,0.21,91.34,1,-103,-14,-6,4,37,26,12894977,27
292.30,1544433556,2268.68,51.489398,7.403329,175.64,11.66,0.06,90.77,1,-103,-14,-6,4,37,26,12894977,27
293.30,1544433557,2280.35,51.489395,7.403496,175.81,11.81,0.15,91.27,1,-103,-14,-6,4,37,26,12894977,27
294.30,1544433558,2292.14,51.489393,7.403669,176.04,12.07,0.26,90.49,1,-106,-18,-6,4,38,26,12894977,27
295.29,1544433559,2304.20,51.489390,7.403844,176.27,12.51,0.44,90.97,1,-106,-18,-6,4,38,26,12894977,27
296.30,1544433560,2316.73,51.489388,7.404029,176.51,12.85,0.33,90.51,1,-104,-16,-6,4,38,26,12894977,27
297.30,1544433561,2329.57,51.489389,7.404225,176.65,13.03,0.19,89.91,1,-104,-16,-6,4,38,26,12894977,27
298.29,1544433562,2342.59,51.489391,7.404409,176.90,12.80,-0.24,89.12,1,-106,-17,-7,4,36,26,12894977,27
299.30,1544433563,2355.40,51.489392,7.404595,177.23,12.41,-0.38,89.57,1,-106,-17,-7,4,36,26,12894977,27
300.30,1544433564,2367.81,51.489392,7.404781,177.52,12.59,0.17,90.68,1,-108,-21,-11,1,38,26,12894977,27
301.30,1544433565,2380.45,51.489389,7.404975,177.87,12.47,-0.11,91.27,1,-108,-21,-11,1,38,26,12894977,27
302.30,1544433566,2392.87,51.489386,7.405142,178.14,12.12,-0.36,90.85,1,-99,-16,-8,4,42,12,13884162,52
303.30,1544433567,2405.00,51.489386,7.405310,178.43,12.06,-0.06,89.53,1,-99,-16,-8,4,42,12,13884162,52
304.30,1544433568,2417.05,51.489391,7.405484,178.74,12.30,0.24,87.82,1,-96,-15,-3,4,45,12,13884162,52
305.30,1544433569,2429.35,51.489396,7.405671,179.04,12.20,-0.10,87.21,1,-96,-15,-3,4,45,12,13884162,52
306.29,1544433570,2441.52,51.489407,7.405839,179.23,11.96,-0.25,85.86,1,-95,-15,-4,5,46,12,13884162,52
307.30,1544433571,2453.56,51.489422,7.405998,179.44,11.68,-0.28,83.62,1,-95,-15,-4,5,46,12,13884162,52
308.29,1544433572,2465.16,51.489443,7.406170,179.71,12.17,0.49,80.82,1,-92,-13,-1,7,47,12,13884162,52
309.29,1544433573,2477.33,51.489469,7.406355,179.75,12.70,0.54,78.73,1,-92,-13,-1,7,47,12,13884162,52
310.30,1544433574,2490.11,51.489503,7.406550,179.75,13.11,0.40,77.58,1,-88,-12,4,7,50,12,13884162,52
311.29,1544433575,2503.15,51.489538,7.406718,179.64,13.20,0.09,77.21,1,-88,-12,4,7,50,12,13884162,52
312.30,1544433576,2516.47,51.489570,7.406896,179.77,13.27,0.07,78.21,1,-88,-12,4,9,50,12,13884162,52
313.30,1544433577,2529.63,51.489602,7.407092,179.71,13.16,-0.11,78.73,1,-88,-12,4,9,50,12,13884162,52
314.30,1544433578,2542.79,51.489632,7.407277,179.60,13.08,-0.07,78.83,1,-88,-12,4,9,50,12,13884162,52
315.29,1544433579,2555.86,51.489661,7.407459,179.40,13.06,-0.03,78.92,1,-89,-13,3,5,49,12,13884162,52
316.29,1544433580,2568.92,51.489691,7.407645,179.12,12.92,-0.14,78.35,1,-89,-13,3,5,49,12,13884162,52
317.30,1544433581,2581.86,51.489717,7.407824,178.66,12.99,0.07,78.69,1,-90,-14,1,6,50,12,13884162,52
318.30,1544433582,2594.85,51.489741,7.408017,178.21,13.04,0.05,79.80,1,-90,-14,1,6,50,12,13884162,52
319.29,1544433583,2607.87,51.489763,7.408201,177.62,13.14,0.10,78.88,1,-94,-16,-4,4,47,12,13884162,52
320.30,1544433584,2621.05,51.489786,7.408383,177.11,13.30,0.16,78.39,1,-94,-16,-4,4,47,12,13884162,52
321.29,1544433585,2634.31,51.489811,7.408573,176.55,13.41,0.10,77.86,1,-94,-12,-9,5,44,21,13880067,38
322.29,1544433586,2647.73,51.489838,7.408763,176.16,13.48,0.08,77.30,1,-94,-12,-9,5,44,21,13880067,38
323.30,1544433587,2661.25,51.489865,7.408955,175.69,13.58,0.09,77.78,1,-97,-15,-6,5,43,21,13880067,38
324.30,1544433588,2674.84,51.489893,7.409143,175.08,13.61,0.03,78.01,1,-97,-15,-6,5,43,21,13880067,38
325.29,1544433589,2688.40,51.489920,7.409331,174.21,13.61,0.00,77.96,1,-106,-20,-10,1,40,21,13880067,38
326.30,1544433590,2702.03,51.489945,7.409521,173.58,13.70,0.09,78.29,1,-106,-20,-10,1,40,21,13880067,38
327.30,1544433591,2715.76,51.489968,7.409709,172.79,13.16,-0.54,78.51,1,-99,-12,-3,5,42,13,13416962,275
328.30,1544433592,2728.91,51.489992,7.409892,171.93,13.00,-0.15,78.51,1,-99,-12,-3,5,42,13,13416962,275
329.30,1544433593,2741.88,51.490013,7.410073,171.32,12.95,-0.05,79.08,1,-98,-12,-2,6,41,13,13416962,275
330.30,1544433594,2754.86,51.490035,7.410239,170.50,12.89,-0.06,78.60,1,-98,-12,-2,6,41,13,13416962,275
331.30,1544433595,2767.73,51.490057,7.410406,169.50,12.75,-0.14,78.81,1,-99,-14,-2,5,41,13,13416962,275
332.30,1544433596,2780.49,51.490077,7.410564,168.99,12.66,-0.09,78.35,1,-99,-14,-2,5,41,13,13416962,275
333.30,1544433597,2793.25,51.490105,7.410749,168.27,12.54,-0.12,77.38,1,-99,-14,-1,4,40,13,13416962,275
334.29,1544433598,2805.68,51.490131,7.410923,167.56,12.63,0.09,76.40,1,-99,-14,-1,4,40,13,13416962,275
335.30,1544433599,2818.32,51.490157,7.411103,166.75,12.49,-0.14,77.21,1,-99,-14,-1,4,40,13,13416962,275
336.30,1544433600,2830.83,51.490178,7.411270,166.23,12.18,-0.31,78.66,1,-101,-14,-2,5,40,13,13416962,275
