time_s,timestamp_ms,distance_m,latitude,longitude,altitude,velocity_mps,acceleration_mpss,direction,isRegistered,rsrp_dbm,rsrq_db,rssnr_db,cqi,ss,ta,ci,pci
5.05,1544517875,62.43,51.490274,7.412197,160.94,12.98,0.00,78.15,0,-121,-15,0,0,14,0,0,347
6.05,1544517876,75.41,51.490297,7.412380,160.48,13.24,0.00,77.68,0,-121,-15,0,0,14,0,0,347
7.05,1544517877,88.68,51.490321,7.412573,160.25,13.09,0.00,77.93,0,-118,-13,0,0,17,0,0,347
8.05,1544517878,101.80,51.490346,7.412763,160.04,13.49,0.00,78.74,0,-118,-13,0,0,17,0,0,347
11.05,1544517881,141.39,51.490422,7.413326,160.32,13.23,0.00,78.34,0,-122,-16,0,0,15,0,0,347
11.05,1544517881,141.40,51.490422,7.413326,160.32,13.23,0.00,78.34,0,-123,-18,0,0,16,0,0,356
12.05,1544517882,154.62,51.490452,7.413535,160.48,13.02,0.00,78.57,0,-122,-16,0,0,15,0,0,347
12.05,1544517882,154.62,51.490452,7.413535,160.48,13.02,0.00,78.57,0,-123,-18,0,0,16,0,0,356
13.05,1544517883,167.59,51.490477,7.413709,160.46,12.96,0.00,78.35,0,-119,-14,0,0,13,0,0,356
13.05,1544517883,167.59,51.490477,7.413709,160.46,12.96,0.00,78.35,0,-122,-16,0,0,13,0,0,347
13.05,1544517883,167.61,51.490477,7.413709,160.46,12.96,0.00,78.35,0,-126,-19,0,0,12,0,0,385
13.05,1544517883,167.61,51.490477,7.413709,160.46,12.96,0.00,78.35,0,-114,-17,0,0,22,0,0,274
14.06,1544517884,180.63,51.490500,7.413881,160.37,13.27,0.00,78.34,0,-119,-14,0,0,13,0,0,356
14.06,1544517884,180.65,51.490500,7.413881,160.37,13.27,0.00,78.34,0,-122,-16,0,0,13,0,0,347
14.06,1544517884,180.66,51.490500,7.413881,160.37,13.27,0.00,78.34,0,-126,-19,0,0,12,0,0,385
14.06,1544517884,180.66,51.490500,7.413881,160.37,13.27,0.00,78.34,0,-114,-17,0,0,22,0,0,274
45.05,1544517915,391.35,51.490571,7.416972,155.91,5.97,0.00,102.67,0,-112,-10,0,0,18,0,0,385
46.05,1544517916,397.31,51.490558,7.417071,156.11,7.24,0.00,100.69,0,-112,-10,0,0,18,0,0,385
47.05,1544517917,404.57,51.490572,7.417163,156.16,6.65,0.00,72.72,0,-110,-10,0,0,20,0,0,385
47.06,1544517917,404.58,51.490572,7.417163,156.16,6.65,0.00,72.72,0,-109,-14,0,0,25,0,0,333
47.06,1544517917,404.58,51.490572,7.417163,156.16,6.65,0.00,72.72,0,-110,-16,0,0,25,0,0,137
48.05,1544517918,411.19,51.490626,7.417214,155.86,6.97,0.00,28.03,0,-110,-10,0,0,20,0,0,385
48.05,1544517918,411.19,51.490626,7.417214,155.86,6.97,0.00,28.03,0,-109,-14,0,0,25,0,0,333
48.05,1544517918,411.19,51.490626,7.417214,155.86,6.97,0.00,28.03,0,-110,-16,0,0,25,0,0,137
49.05,1544517919,418.16,51.490705,7.417241,155.68,8.48,0.00,1.70,0,-114,-11,0,0,16,0,0,347
50.05,1544517920,426.65,51.490802,7.417219,155.89,10.14,0.00,357.71,0,-114,-11,0,0,16,0,0,347
51.05,1544517921,436.80,51.490911,7.417193,156.25,11.64,0.00,354.70,0,-111,-14,0,0,22,0,0,347
52.05,1544517922,448.43,51.491030,7.417158,156.57,13.45,0.00,352.64,0,-111,-14,0,0,22,0,0,347
53.05,1544517923,461.87,51.491142,7.417117,156.99,13.81,0.00,351.39,0,-110,-13,0,0,20,0,0,347
54.05,1544517924,475.74,51.491254,7.417075,157.41,13.19,0.00,350.43,0,-110,-13,0,0,20,0,0,347
55.05,1544517925,488.87,51.491351,7.417028,157.83,12.48,0.00,349.46,0,-111,-13,0,0,23,0,0,347
55.05,1544517925,488.89,51.491351,7.417028,157.83,12.48,0.00,349.46,0,-112,-13,0,0,22,0,0,216
56.05,1544517926,501.36,51.491467,7.416981,158.05,11.68,0.00,348.74,0,-111,-13,0,0,23,0,0,347
56.05,1544517926,501.36,51.491467,7.416981,158.05,11.68,0.00,348.74,0,-112,-13,0,0,22,0,0,216
57.05,1544517927,513.09,51.491575,7.416936,157.92,11.74,0.00,347.53,0,-110,-14,0,0,23,0,0,347
57.05,1544517927,513.09,51.491575,7.416936,157.92,11.74,0.00,347.53,0,-111,-13,0,0,22,0,0,216
58.05,1544517928,524.77,51.491672,7.416893,157.59,11.86,0.00,346.11,0,-110,-14,0,0,23,0,0,347
58.05,1544517928,524.78,51.491672,7.416893,157.59,11.86,0.00,346.11,0,-111,-13,0,0,22,0,0,216
59.05,1544517929,536.63,51.491766,7.416843,157.33,11.50,0.00,344.23,0,-110,-14,0,0,23,0,0,347
59.05,1544517929,536.64,51.491766,7.416843,157.33,11.50,0.00,344.23,0,-111,-13,0,0,22,0,0,216
60.05,1544517930,548.18,51.491850,7.416787,157.09,11.19,0.00,341.61,0,-110,-13,0,0,23,0,0,216
60.06,1544517930,548.20,51.491850,7.416787,157.09,11.19,0.00,341.61,0,-112,-15,0,0,24,0,0,347
61.05,1544517931,559.36,51.491936,7.416724,157.02,10.98,0.00,338.46,0,-110,-13,0,0,23,0,0,216
61.05,1544517931,559.37,51.491936,7.416724,157.02,10.98,0.00,338.46,0,-112,-15,0,0,24,0,0,347
62.06,1544517932,570.36,51.492033,7.416648,156.89,10.90,0.00,335.57,0,-112,-14,0,0,23,0,0,347
62.06,1544517932,570.36,51.492033,7.416648,156.89,10.90,0.00,335.57,0,-113,-14,0,0,23,0,0,289
63.05,1544517933,581.19,51.492130,7.416565,156.93,10.27,0.00,333.38,0,-112,-14,0,0,23,0,0,347
63.05,1544517933,581.19,51.492130,7.416565,156.93,10.27,0.00,333.38,0,-113,-14,0,0,23,0,0,289
64.05,1544517934,591.51,51.492215,7.416486,157.13,11.12,0.00,332.36,0,-108,-15,0,0,24,0,0,289
65.05,1544517935,602.63,51.492308,7.416399,157.24,11.38,0.00,332.36,0,-108,-15,0,0,24,0,0,289
66.05,1544517936,614.00,51.492395,7.416324,157.13,12.09,0.00,333.82,0,-100,-12,0,0,31,0,0,289
67.06,1544517937,626.13,51.492487,7.416254,156.68,11.96,0.00,335.86,0,-100,-12,0,0,31,0,0,289
68.05,1544517938,638.00,51.492582,7.416196,156.21,11.88,0.00,338.89,0,-108,-11,0,0,25,0,0,289
69.05,1544517939,649.91,51.492686,7.416142,155.58,12.10,0.00,341.73,0,-108,-11,0,0,25,0,0,289
144.05,1544518014,1611.60,51.493142,7.404777,162.80,15.44,0.00,258.29,0,-108,-11,0,0,22,0,0,356
145.05,1544518015,1627.05,51.493111,7.404554,162.77,15.43,0.00,258.23,0,-108,-11,0,0,22,0,0,356
146.05,1544518016,1642.46,51.493079,7.404334,163.10,15.25,0.00,258.55,0,-111,-11,0,0,20,0,0,356
147.05,1544518017,1657.71,51.493051,7.404128,163.34,14.90,0.00,258.51,0,-111,-11,0,0,20,0,0,356
148.05,1544518018,1672.62,51.493024,7.403921,163.46,14.56,0.00,258.92,0,-109,-10,0,0,23,0,0,356
149.05,1544518019,1687.10,51.493001,7.403711,163.40,14.41,0.00,260.17,0,-109,-10,0,0,23,0,0,356
154.05,1544518024,1757.61,51.492967,7.402731,161.50,11.80,0.00,268.26,0,-111,-10,0,0,20,0,0,356
154.05,1544518024,1757.61,51.492967,7.402731,161.50,11.80,0.00,268.26,0,-112,-10,0,0,18,0,0,123
154.05,1544518024,1757.63,51.492967,7.402731,161.50,11.80,0.00,268.26,0,-113,-11,0,0,16,0,0,125
155.05,1544518025,1769.37,51.492966,7.402556,161.35,10.38,0.00,269.12,0,-111,-10,0,0,20,0,0,356
155.05,1544518025,1769.38,51.492966,7.402556,161.35,10.38,0.00,269.12,0,-112,-10,0,0,18,0,0,123
155.05,1544518025,1769.38,51.492966,7.402556,161.35,10.38,0.00,269.12,0,-113,-11,0,0,16,0,0,125
156.05,1544518026,1779.79,51.492968,7.402408,161.53,9.22,0.00,269.89,0,-109,-11,0,0,20,0,0,356
156.06,1544518026,1779.80,51.492968,7.402408,161.53,9.22,0.00,269.89,0,-114,-14,0,0,19,0,0,355
157.05,1544518027,1788.99,51.492971,7.402293,161.52,7.90,0.00,270.28,0,-109,-11,0,0,20,0,0,356
157.05,1544518027,1789.00,51.492971,7.402293,161.52,7.90,0.00,270.28,0,-114,-14,0,0,19,0,0,355
158.05,1544518028,1796.87,51.492974,7.402194,161.43,6.01,0.00,270.07,0,-108,-9,0,0,21,0,0,356
158.05,1544518028,1796.87,51.492974,7.402194,161.43,6.01,0.00,270.07,0,-114,-15,0,0,21,0,0,355
159.05,1544518029,1802.90,51.492975,7.402112,161.44,4.35,0.00,269.59,0,-108,-9,0,0,21,0,0,356
159.06,1544518029,1802.90,51.492975,7.402112,161.44,4.35,0.00,269.59,0,-114,-15,0,0,21,0,0,355
173.05,1544518043,1827.48,51.492817,7.401758,156.89,8.76,0.00,189.57,0,-116,-13,0,0,20,0,0,356
174.05,1544518044,1836.23,51.492729,7.401749,157.31,10.26,0.00,186.33,0,-116,-13,0,0,20,0,0,356
175.05,1544518045,1846.52,51.492623,7.401742,157.83,11.33,0.00,184.87,0,-115,-13,0,0,23,0,0,356
176.05,1544518046,1857.81,51.492495,7.401745,158.09,12.35,0.00,183.48,0,-115,-13,0,0,23,0,0,356
177.05,1544518047,1870.17,51.492389,7.401749,158.47,13.10,0.00,182.43,0,-117,-11,0,0,14,0,0,356
178.05,1544518048,1883.31,51.492275,7.401752,158.82,13.53,0.00,181.82,0,-117,-11,0,0,14,0,0,356
179.05,1544518049,1896.84,51.492159,7.401758,159.17,13.85,0.00,181.45,0,-115,-11,0,0,15,0,0,356
180.05,1544518050,1910.65,51.492032,7.401766,159.71,14.12,0.00,180.69,0,-115,-11,0,0,15,0,0,356
181.05,1544518051,1924.77,51.491904,7.401772,160.31,14.39,0.00,181.00,0,-113,-17,0,0,26,0,0,356
182.05,1544518052,1939.16,51.491776,7.401776,161.03,14.28,0.00,180.74,0,-113,-17,0,0,26,0,0,356
183.06,1544518053,1953.60,51.491647,7.401777,161.92,14.48,0.00,180.51,0,-115,-16,0,0,20,0,0,356
184.05,1544518054,1967.96,51.491516,7.401776,163.02,14.56,0.00,180.85,0,-115,-16,0,0,20,0,0,356
185.05,1544518055,1982.47,51.491378,7.401767,164.74,14.43,0.00,181.15,0,-115,-16,0,0,20,0,0,356
186.05,1544518056,1996.93,51.491248,7.401763,165.88,14.44,0.00,181.26,0,-110,-13,0,0,22,0,0,356
187.05,1544518057,2011.34,51.491121,7.401759,166.49,14.38,0.00,180.86,0,-110,-13,0,0,22,0,0,356
188.05,1544518058,2025.72,51.490989,7.401756,167.02,14.30,0.00,181.08,0,-111,-10,0,0,19,0,0,356
189.05,1544518059,2040.06,51.490861,7.401754,167.66,14.33,0.00,180.87,0,-111,-10,0,0,19,0,0,356
190.06,1544518060,2054.43,51.490730,7.401748,168.37,14.45,0.00,180.93,0,-115,-11,0,0,16,0,0,356
191.05,1544518061,2068.79,51.490603,7.401742,169.10,14.38,0.00,180.93,0,-115,-11,0,0,16,0,0,356
192.05,1544518062,2083.19,51.490473,7.401740,169.67,14.19,0.00,180.46,0,-113,-17,0,0,24,0,0,356
193.05,1544518063,2097.38,51.490337,7.401735,170.97,14.11,0.00,179.51,0,-113,-17,0,0,24,0,0,356
194.05,1544518064,2111.48,51.490209,7.401733,172.30,13.88,0.00,178.96,0,-111,-11,0,0,22,0,0,356
195.05,1544518065,2125.36,51.490085,7.401738,173.31,13.12,0.00,178.50,0,-111,-11,0,0,22,0,0,356
196.05,1544518066,2138.49,51.489973,7.401746,174.03,11.95,0.00,179.12,0,-107,-11,0,0,22,0,0,356
197.05,1544518067,2150.41,51.489878,7.401746,174.62,9.47,0.00,179.81,0,-107,-11,0,0,22,0,0,356
198.05,1544518068,2159.92,51.489808,7.401748,174.96,7.77,0.00,179.66,0,-109,-9,0,0,20,0,0,356
199.05,1544518069,2167.69,51.489745,7.401750,175.20,6.15,0.00,180.24,0,-109,-9,0,0,20,0,0,356
200.06,1544518070,2173.85,51.489698,7.401749,175.19,3.87,0.00,180.95,0,-110,-10,0,0,18,0,0,356
201.05,1544518071,2177.69,51.489669,7.401750,175.14,2.09,0.00,181.50,0,-110,-10,0,0,18,0,0,356
202.05,1544518072,2179.78,51.489662,7.401753,175.07,1.06,0.00,181.50,0,-109,-15,0,0,26,0,0,356
203.05,1544518073,2180.84,51.489662,7.401753,175.07,0.00,0.00,181.50,0,-109,-15,0,0,26,0,0,356
204.05,1544518074,2180.84,51.489662,7.401753,175.06,0.00,0.00,181.50,0,-111,-12,0,0,20,0,0,356
205.05,1544518075,2180.84,51.489662,7.401753,175.04,0.00,0.00,181.50,0,-111,-12,0,0,20,0,0,356
206.06,1544518076,2180.84,51.489662,7.401753,174.92,0.00,0.00,182.68,0,-111,-11,0,0,21,0,0,356
207.05,1544518077,2180.84,51.489662,7.401753,174.82,0.00,0.00,181.68,0,-111,-11,0,0,21,0,0,356
208.05,1544518078,2180.84,51.489626,7.401756,174.73,2.86,0.00,179.86,0,-111,-11,0,0,21,0,0,356
209.05,1544518079,2183.71,51.489593,7.401756,174.26,5.33,0.00,179.88,0,-109,-9,0,0,20,0,0,356
210.05,1544518080,2189.04,51.489528,7.401755,174.01,7.18,0.00,179.94,0,-109,-9,0,0,20,0,0,356
211.06,1544518081,2196.30,51.489452,7.401798,174.46,7.60,0.00,155.86,0,-109,-9,0,0,19,0,0,356
212.05,1544518082,2203.80,51.489409,7.401866,174.83,6.88,0.00,133.06,0,-109,-9,0,0,19,0,0,356
213.05,1544518083,2210.69,51.489395,7.401987,175.15,7.18,0.00,96.27,0,-109,-9,0,0,20,0,0,356
214.05,1544518084,2217.88,51.489388,7.402143,175.66,9.74,0.00,94.27,0,-109,-9,0,0,20,0,0,356
215.05,1544518085,2227.61,51.489385,7.402269,176.04,8.01,0.00,93.63,0,-109,-10,0,0,20,0,0,356
216.05,1544518086,2235.63,51.489386,7.402375,176.35,6.15,0.00,92.72,0,-109,-10,0,0,20,0,0,356
217.05,1544518087,2241.74,51.489385,7.402459,176.48,5.06,0.00,91.92,0,-110,-10,0,0,20,0,0,356
218.05,1544518088,2246.80,51.489383,7.402540,176.78,4.91,0.00,91.52,0,-110,-10,0,0,20,0,0,356
219.05,1544518089,2251.74,51.489384,7.402612,176.95,5.41,0.00,91.12,0,-108,-9,0,0,19,0,0,356
220.05,1544518090,2257.13,51.489386,7.402702,177.26,5.66,0.00,90.40,0,-108,-9,0,0,19,0,0,356
221.05,1544518091,2262.79,51.489387,7.402782,177.50,5.85,0.00,91.28,0,-110,-11,0,0,22,0,0,356
222.05,1544518092,2268.65,51.489387,7.402856,177.53,5.88,0.00,91.63,0,-110,-11,0,0,22,0,0,356
223.05,1544518093,2274.52,51.489385,7.402936,177.37,6.40,0.00,92.37,0,-109,-11,0,0,20,0,0,356
224.05,1544518094,2280.92,51.489383,7.403036,177.14,7.65,0.00,91.70,0,-109,-11,0,0,20,0,0,356
225.05,1544518095,2288.58,51.489380,7.403146,177.03,8.02,0.00,90.72,0,-111,-15,0,0,23,0,0,356
226.05,1544518096,2296.61,51.489381,7.403277,177.12,8.02,0.00,90.52,0,-111,-15,0,0,23,0,0,356
227.06,1544518097,2304.67,51.489383,7.403403,177.04,8.19,0.00,91.51,0,-113,-11,0,0,19,0,0,356
227.06,1544518097,2304.68,51.489383,7.403403,177.04,8.19,0.00,91.51,0,-116,-15,0,0,19,0,0,289
228.05,1544518098,2312.83,51.489384,7.403524,176.96,8.23,0.00,91.05,0,-113,-11,0,0,19,0,0,356
228.05,1544518098,2312.83,51.489384,7.403524,176.96,8.23,0.00,91.05,0,-116,-15,0,0,19,0,0,289
229.05,1544518099,2321.06,51.489384,7.403644,176.90,8.41,0.00,90.77,0,-113,-11,0,0,19,0,0,356
229.05,1544518099,2321.06,51.489384,7.403644,176.90,8.41,0.00,90.77,0,-116,-15,0,0,19,0,0,289
230.05,1544518100,2329.45,51.489385,7.403770,177.21,9.05,0.00,90.75,0,-109,-11,0,0,21,0,0,356
231.05,1544518101,2338.50,51.489385,7.403900,177.19,9.35,0.00,90.36,0,-109,-11,0,0,21,0,0,356
232.05,1544518102,2347.86,51.489384,7.404023,177.36,9.48,0.00,90.37,0,-113,-16,0,0,24,0,0,356
232.05,1544518102,2347.87,51.489384,7.404023,177.36,9.48,0.00,90.37,0,-116,-20,0,0,24,0,0,289
233.05,1544518103,2357.36,51.489384,7.404164,177.66,9.67,0.00,90.66,0,-113,-16,0,0,24,0,0,356
233.05,1544518103,2357.37,51.489384,7.404164,177.66,9.67,0.00,90.66,0,-116,-20,0,0,24,0,0,289
234.05,1544518104,2366.99,51.489383,7.404298,177.97,9.61,0.00,91.06,0,-113,-13,0,0,19,0,0,356
234.05,1544518104,2366.99,51.489383,7.404298,177.97,9.61,0.00,91.06,0,-116,-15,0,0,19,0,0,289
235.05,1544518105,2376.60,51.489381,7.404431,178.23,9.36,0.00,90.37,0,-113,-13,0,0,19,0,0,356
235.05,1544518105,2376.61,51.489381,7.404431,178.23,9.36,0.00,90.37,0,-116,-15,0,0,19,0,0,289
236.05,1544518106,2385.96,51.489379,7.404571,178.51,9.58,0.00,90.21,0,-115,-18,0,0,24,0,0,356
237.05,1544518107,2395.57,51.489379,7.404717,178.96,9.69,0.00,90.57,0,-115,-18,0,0,24,0,0,356
238.05,1544518108,2405.26,51.489378,7.404863,179.27,9.78,0.00,90.63,0,-112,-15,0,0,25,0,0,356
238.05,1544518108,2405.27,51.489378,7.404863,179.27,9.78,0.00,90.63,0,-115,-18,0,0,25,0,0,385
239.05,1544518109,2415.01,51.489377,7.405002,179.60,9.71,0.00,89.91,0,-112,-15,0,0,25,0,0,356
239.05,1544518109,2415.02,51.489377,7.405002,179.60,9.71,0.00,89.91,0,-115,-18,0,0,25,0,0,385
240.05,1544518110,2424.72,51.489377,7.405138,179.95,10.06,0.00,89.09,0,-108,-12,0,0,24,0,0,356
241.05,1544518111,2434.80,51.489382,7.405302,179.96,10.50,0.00,87.84,0,-108,-12,0,0,24,0,0,356
242.05,1544518112,2445.30,51.489390,7.405458,180.11,10.48,0.00,86.60,0,-103,-13,0,0,30,0,0,356
242.05,1544518112,2445.30,51.489390,7.405458,180.11,10.48,0.00,86.60,0,-119,-13,0,0,14,0,0,337
242.05,1544518112,2445.31,51.489390,7.405458,180.11,10.48,0.00,86.60,0,-120,-14,0,0,14,0,0,125
243.05,1544518113,2455.77,51.489399,7.405604,180.39,10.21,0.00,85.39,0,-103,-13,0,0,30,0,0,356
243.05,1544518113,2455.77,51.489399,7.405604,180.39,10.21,0.00,85.39,0,-119,-13,0,0,14,0,0,337
243.05,1544518113,2455.77,51.489399,7.405604,180.39,10.21,0.00,85.39,0,-120,-14,0,0,14,0,0,125
244.06,1544518114,2466.04,51.489405,7.405706,180.99,9.40,0.00,84.26,0,-110,-17,0,0,31,0,0,385
244.06,1544518114,2466.05,51.489405,7.405706,180.99,9.40,0.00,84.26,0,-111,-15,0,0,31,0,0,356
244.06,1544518114,2466.05,51.489405,7.405706,180.99,9.40,0.00,84.26,0,-115,-10,0,0,14,0,0,337
244.06,1544518114,2466.07,51.489405,7.405706,180.99,9.40,0.00,84.26,0,-119,-13,0,0,14,0,0,125
245.06,1544518115,2475.45,51.489418,7.405849,181.19,9.56,0.00,82.39,0,-110,-17,0,0,31,0,0,385
245.06,1544518115,2475.45,51.489418,7.405849,181.19,9.56,0.00,82.39,0,-111,-15,0,0,31,0,0,356
245.06,1544518115,2475.46,51.489418,7.405849,181.19,9.56,0.00,82.39,0,-115,-10,0,0,14,0,0,337
245.06,1544518115,2475.47,51.489418,7.405849,181.19,9.56,0.00,82.39,0,-119,-13,0,0,14,0,0,125
246.06,1544518116,2485.00,51.489436,7.405994,181.07,9.83,0.00,80.68,0,-114,-18,0,0,24,0,0,356
246.06,1544518116,2485.00,51.489436,7.405994,181.07,9.83,0.00,80.68,0,-117,-11,0,0,13,0,0,337
246.06,1544518116,2485.01,51.489436,7.405994,181.07,9.83,0.00,80.68,0,-118,-13,0,0,14,0,0,125
247.06,1544518117,2494.82,51.489456,7.406148,180.76,10.63,0.00,79.83,0,-114,-18,0,0,24,0,0,356
247.06,1544518117,2494.82,51.489456,7.406148,180.76,10.63,0.00,79.83,0,-117,-11,0,0,13,0,0,337
247.06,1544518117,2494.84,51.489456,7.406148,180.76,10.63,0.00,79.83,0,-118,-13,0,0,14,0,0,125
248.06,1544518118,2505.47,51.489476,7.406289,180.78,10.37,0.00,78.45,0,-112,-16,0,0,24,0,0,385
248.06,1544518118,2505.48,51.489476,7.406289,180.78,10.37,0.00,78.45,0,-115,-17,0,0,24,0,0,356
248.06,1544518118,2505.48,51.489476,7.406289,180.78,10.37,0.00,78.45,0,-114,-10,0,0,15,0,0,337
248.06,1544518118,2505.49,51.489476,7.406289,180.78,10.37,0.00,78.45,0,-120,-15,0,0,15,0,0,490
249.05,1544518119,2515.78,51.489503,7.406436,181.30,10.92,0.00,77.67,0,-112,-16,0,0,24,0,0,385
249.05,1544518119,2515.78,51.489503,7.406436,181.30,10.92,0.00,77.67,0,-115,-17,0,0,24,0,0,356
249.05,1544518119,2515.79,51.489503,7.406436,181.30,10.92,0.00,77.67,0,-114,-10,0,0,15,0,0,337
249.05,1544518119,2515.79,51.489503,7.406436,181.30,10.92,0.00,77.67,0,-120,-15,0,0,15,0,0,490
250.06,1544518120,2526.85,51.489529,7.406584,181.73,10.71,0.00,77.21,0,-109,-14,0,0,24,0,0,385
250.07,1544518120,2526.87,51.489529,7.406584,181.73,10.71,0.00,77.21,0,-115,-17,0,0,22,0,0,356
250.07,1544518120,2526.88,51.489529,7.406584,181.73,10.71,0.00,77.21,0,-111,-10,0,0,18,0,0,337
250.07,1544518120,2526.88,51.489529,7.406584,181.73,10.71,0.00,77.21,0,-118,-15,0,0,18,0,0,118
251.06,1544518121,2537.48,51.489555,7.406733,182.03,10.48,0.00,77.58,0,-109,-14,0,0,24,0,0,385
251.06,1544518121,2537.48,51.489555,7.406733,182.03,10.48,0.00,77.58,0,-115,-17,0,0,22,0,0,356
251.06,1544518121,2537.49,51.489555,7.406733,182.03,10.48,0.00,77.58,0,-111,-10,0,0,18,0,0,337
251.06,1544518121,2537.50,51.489555,7.406733,182.03,10.48,0.00,77.58,0,-118,-15,0,0,18,0,0,118
252.06,1544518122,2547.95,51.489578,7.406888,182.11,10.25,0.00,78.68,0,-109,-14,0,0,24,0,0,385
252.06,1544518122,2547.96,51.489578,7.406888,182.11,10.25,0.00,78.68,0,-115,-17,0,0,22,0,0,356
252.06,1544518122,2547.96,51.489578,7.406888,182.11,10.25,0.00,78.68,0,-111,-10,0,0,18,0,0,337
252.06,1544518122,2547.97,51.489578,7.406888,182.11,10.25,0.00,78.68,0,-118,-15,0,0,18,0,0,118
253.06,1544518123,2558.19,51.489600,7.407033,182.14,10.09,0.00,79.12,0,-107,-13,0,0,27,0,0,385
253.06,1544518123,2558.20,51.489600,7.407033,182.14,10.09,0.00,79.12,0,-108,-7,0,0,18,0,0,337
253.06,1544518123,2558.20,51.489600,7.407033,182.14,10.09,0.00,79.12,0,-115,-14,0,0,18,0,0,289
254.06,1544518124,2568.28,51.489623,7.407177,182.15,10.42,0.00,78.49,0,-107,-13,0,0,27,0,0,385
254.06,1544518124,2568.29,51.489623,7.407177,182.15,10.42,0.00,78.49,0,-108,-7,0,0,18,0,0,337
254.06,1544518124,2568.29,51.489623,7.407177,182.15,10.42,0.00,78.49,0,-115,-14,0,0,18,0,0,289
255.05,1544518125,2578.69,51.489645,7.407326,182.09,10.44,0.00,77.83,0,-105,-14,0,0,28,0,0,385
255.06,1544518125,2578.70,51.489645,7.407326,182.09,10.44,0.00,77.83,0,-106,-6,0,0,20,0,0,337
256.06,1544518126,2589.15,51.489668,7.407464,182.05,10.32,0.00,77.54,0,-105,-14,0,0,28,0,0,385
256.06,1544518126,2589.16,51.489668,7.407464,182.05,10.32,0.00,77.54,0,-106,-6,0,0,20,0,0,337
257.06,1544518127,2599.48,51.489693,7.407611,181.75,10.15,0.00,78.22,0,-111,-16,0,0,24,0,0,385
257.06,1544518127,2599.49,51.489693,7.407611,181.75,10.15,0.00,78.22,0,-116,-18,0,0,23,0,0,356
257.06,1544518127,2599.49,51.489693,7.407611,181.75,10.15,0.00,78.22,0,-107,-7,0,0,20,0,0,337
258.06,1544518128,2609.62,51.489713,7.407755,181.38,9.48,0.00,78.55,0,-111,-16,0,0,24,0,0,385
258.06,1544518128,2609.62,51.489713,7.407755,181.38,9.48,0.00,78.55,0,-116,-18,0,0,23,0,0,356
258.06,1544518128,2609.63,51.489713,7.407755,181.38,9.48,0.00,78.55,0,-107,-7,0,0,20,0,0,337
259.05,1544518129,2619.08,51.489731,7.407892,180.61,9.93,0.00,78.00,0,-114,-17,0,0,26,0,0,385
259.05,1544518129,2619.09,51.489731,7.407892,180.61,9.93,0.00,78.00,0,-107,-6,0,0,18,0,0,337
260.05,1544518130,2629.02,51.489749,7.408032,179.96,10.13,0.00,79.00,0,-114,-17,0,0,26,0,0,385
260.06,1544518130,2629.03,51.489749,7.408032,179.96,10.13,0.00,79.00,0,-107,-6,0,0,18,0,0,337
261.05,1544518131,2639.11,51.489767,7.408166,179.01,9.88,0.00,78.64,0,-109,-16,0,0,28,0,0,385
261.05,1544518131,2639.11,51.489767,7.408166,179.01,9.88,0.00,78.64,0,-109,-9,0,0,22,0,0,337
261.05,1544518131,2639.11,51.489767,7.408166,179.01,9.88,0.00,78.64,0,-114,-13,0,0,21,0,0,125
262.05,1544518132,2649.01,51.489783,7.408294,178.29,9.15,0.00,77.98,0,-109,-16,0,0,28,0,0,385
262.05,1544518132,2649.02,51.489783,7.408294,178.29,9.15,0.00,77.98,0,-109,-9,0,0,22,0,0,337
262.06,1544518132,2649.03,51.489783,7.408294,178.29,9.15,0.00,77.98,0,-114,-13,0,0,21,0,0,125
263.06,1544518133,2658.17,51.489799,7.408424,177.73,8.79,0.00,77.82,0,-108,-13,0,0,25,0,0,385
263.06,1544518133,2658.17,51.489799,7.408424,177.73,8.79,0.00,77.82,0,-114,-18,0,0,26,0,0,386
263.06,1544518133,2658.18,51.489799,7.408424,177.73,8.79,0.00,77.82,0,-111,-9,0,0,19,0,0,337
263.06,1544518133,2658.19,51.489799,7.408424,177.73,8.79,0.00,77.82,0,-113,-10,0,0,19,0,0,125
264.06,1544518134,2666.97,51.489818,7.408554,177.47,8.18,0.00,77.55,0,-108,-13,0,0,25,0,0,385
264.06,1544518134,2666.98,51.489818,7.408554,177.47,8.18,0.00,77.55,0,-114,-18,0,0,26,0,0,386
264.06,1544518134,2666.98,51.489818,7.408554,177.47,8.18,0.00,77.55,0,-111,-9,0,0,19,0,0,337
264.06,1544518134,2666.99,51.489818,7.408554,177.47,8.18,0.00,77.55,0,-113,-10,0,0,19,0,0,125
265.06,1544518135,2675.15,51.489835,7.408671,176.72,8.14,0.00,76.88,0,-110,-14,0,0,23,0,0,385
265.06,1544518135,2675.16,51.489835,7.408671,176.72,8.14,0.00,76.88,0,-115,-17,0,0,23,0,0,356
265.06,1544518135,2675.16,51.489835,7.408671,176.72,8.14,0.00,76.88,0,-110,-10,0,0,19,0,0,337
265.06,1544518135,2675.16,51.489835,7.408671,176.72,8.14,0.00,76.88,0,-112,-11,0,0,19,0,0,125
266.06,1544518136,2683.29,51.489859,7.408807,176.37,10.11,0.00,74.07,0,-110,-14,0,0,23,0,0,385
266.06,1544518136,2683.29,51.489859,7.408807,176.37,10.11,0.00,74.07,0,-115,-17,0,0,23,0,0,356
266.06,1544518136,2683.30,51.489859,7.408807,176.37,10.11,0.00,74.07,0,-110,-10,0,0,19,0,0,337
266.06,1544518136,2683.31,51.489859,7.408807,176.37,10.11,0.00,74.07,0,-112,-11,0,0,19,0,0,125
267.06,1544518137,2693.41,51.489885,7.408959,176.06,10.52,0.00,73.11,0,-111,-13,0,0,24,0,0,385
267.06,1544518137,2693.41,51.489885,7.408959,176.06,10.52,0.00,73.11,0,-110,-7,0,0,17,0,0,337
267.06,1544518137,2693.42,51.489885,7.408959,176.06,10.52,0.00,73.11,0,-117,-14,0,0,17,0,0,322
268.05,1544518138,2703.91,51.489911,7.409104,175.49,11.38,0.00,75.61,0,-111,-13,0,0,24,0,0,385
268.06,1544518138,2703.92,51.489911,7.409104,175.49,11.38,0.00,75.61,0,-110,-7,0,0,17,0,0,337
268.06,1544518138,2703.92,51.489911,7.409104,175.49,11.38,0.00,75.61,0,-117,-14,0,0,17,0,0,322
269.06,1544518139,2715.30,51.489932,7.409262,175.00,11.66,0.00,78.32,0,-104,-11,0,0,26,0,0,385
269.06,1544518139,2715.31,51.489932,7.409262,175.00,11.66,0.00,78.32,0,-112,-9,0,0,16,0,0,337
269.06,1544518139,2715.31,51.489932,7.409262,175.00,11.66,0.00,78.32,0,-117,-14,0,0,16,0,0,125
270.05,1544518140,2726.90,51.489952,7.409428,174.21,11.67,0.00,79.04,0,-104,-11,0,0,26,0,0,385
270.05,1544518140,2726.90,51.489952,7.409428,174.21,11.67,0.00,79.04,0,-112,-9,0,0,16,0,0,337
270.05,1544518140,2726.90,51.489952,7.409428,174.21,11.67,0.00,79.04,0,-117,-14,0,0,16,0,0,125
271.06,1544518141,2738.68,51.489968,7.409603,173.54,12.07,0.00,79.84,0,-107,-17,0,0,31,0,0,385
271.06,1544518141,2738.70,51.489968,7.409603,173.54,12.07,0.00,79.84,0,-113,-7,0,0,14,0,0,337
271.06,1544518141,2738.70,51.489968,7.409603,173.54,12.07,0.00,79.84,0,-120,-14,0,0,14,0,0,322
272.05,1544518142,2750.64,51.489985,7.409767,173.05,12.12,0.00,79.31,0,-107,-17,0,0,31,0,0,385
272.05,1544518142,2750.64,51.489985,7.409767,173.05,12.12,0.00,79.31,0,-113,-7,0,0,14,0,0,337
272.05,1544518142,2750.64,51.489985,7.409767,173.05,12.12,0.00,79.31,0,-120,-14,0,0,14,0,0,322
273.05,1544518143,2762.75,51.490005,7.409937,172.69,12.09,0.00,78.83,0,-107,-17,0,0,31,0,0,385
273.05,1544518143,2762.75,51.490005,7.409937,172.69,12.09,0.00,78.83,0,-113,-7,0,0,14,0,0,337
273.05,1544518143,2762.76,51.490005,7.409937,172.69,12.09,0.00,78.83,0,-120,-14,0,0,14,0,0,322
274.05,1544518144,2774.85,51.490026,7.410101,172.14,12.14,0.00,78.92,0,-120,-10,0,0,11,0,0,337
274.05,1544518144,2774.85,51.490026,7.410101,172.14,12.14,0.00,78.92,0,-121,-15,0,0,13,0,0,125
275.05,1544518145,2787.04,51.490045,7.410264,171.66,12.31,0.00,78.81,0,-120,-10,0,0,11,0,0,337
275.05,1544518145,2787.04,51.490045,7.410264,171.66,12.31,0.00,78.81,0,-121,-15,0,0,13,0,0,125
276.05,1544518146,2799.33,51.490065,7.410433,171.24,12.35,0.00,78.47,0,-111,-18,0,0,28,0,0,385
276.05,1544518146,2799.34,51.490065,7.410433,171.24,12.35,0.00,78.47,0,-114,-9,0,0,15,0,0,337
276.05,1544518146,2799.34,51.490065,7.410433,171.24,12.35,0.00,78.47,0,-120,-16,0,0,15,0,0,310
277.05,1544518147,2811.70,51.490087,7.410609,170.53,12.00,0.00,78.08,0,-111,-18,0,0,28,0,0,385
277.06,1544518147,2811.71,51.490087,7.410609,170.53,12.00,0.00,78.08,0,-114,-9,0,0,15,0,0,337
277.06,1544518147,2811.71,51.490087,7.410609,170.53,12.00,0.00,78.08,0,-120,-16,0,0,15,0,0,310
278.05,1544518148,2823.70,51.490110,7.410785,169.80,12.18,0.00,77.60,0,-115,-9,0,0,13,0,0,337
278.06,1544518148,2823.72,51.490110,7.410785,169.80,12.18,0.00,77.60,0,-121,-15,0,0,13,0,0,322
279.05,1544518149,2835.86,51.490133,7.410958,169.30,12.08,0.00,76.97,0,-115,-9,0,0,13,0,0,337
279.05,1544518149,2835.87,51.490133,7.410958,169.30,12.08,0.00,76.97,0,-121,-15,0,0,13,0,0,322
