time_s,timestamp_ms,distance_m,latitude,longitude,altitude,velocity_mps,acceleration_mpss,direction,isRegistered,rsrp_dbm,rsrq_db,rssnr_db,cqi,ss,ta,ci,pci
0.03,1544433265,0.00,51.490285,7.412097,164.83,11.63,0.00,77.48,1,-92,-6,10,15,45,1,26385408,95
1.04,1544433266,11.68,51.490308,7.412258,164.42,11.95,0.32,78.26,1,-92,-6,10,15,45,1,26385408,95
2.04,1544433267,23.63,51.490331,7.412438,163.83,12.60,0.65,79.12,1,-90,-7,7,15,43,1,26385408,95
3.04,1544433268,36.23,51.490351,7.412610,163.16,12.74,0.15,78.55,1,-90,-7,7,15,43,1,26385408,95
4.04,1544433269,48.97,51.490378,7.412796,162.84,12.93,0.18,77.86,1,-90,-6,12,15,46,1,26385408,95
5.04,1544433270,61.88,51.490408,7.412971,162.74,12.76,-0.17,78.26,1,-90,-6,12,15,46,1,26385408,95
6.04,1544433271,74.65,51.490435,7.413151,162.40,12.73,-0.03,78.56,1,-89,-6,9,15,47,1,26385408,95
7.04,1544433272,87.38,51.490462,7.413321,162.12,12.77,0.05,78.83,1,-89,-6,9,15,47,1,26385408,95
8.04,1544433273,100.15,51.490487,7.413510,161.56,12.99,0.21,78.50,1,-90,-6,15,15,46,1,26385408,95
9.04,1544433274,113.13,51.490513,7.413696,161.25,13.22,0.23,78.63,1,-90,-6,15,15,46,1,26385408,95
10.04,1544433275,126.36,51.490534,7.413869,160.59,13.13,-0.10,78.54,1,-91,-6,7,15,46,1,26385408,95
11.04,1544433276,139.49,51.490556,7.414063,159.95,13.18,0.05,78.28,1,-91,-6,7,15,46,1,26385408,95
12.04,1544433277,152.73,51.490580,7.414244,159.43,12.99,-0.18,77.85,1,-80,-6,10,15,57,1,26385408,95
13.03,1544433278,165.61,51.490603,7.414431,158.88,13.13,0.14,78.14,1,-80,-6,10,15,57,1,26385408,95
14.03,1544433279,178.75,51.490626,7.414613,158.39,13.01,-0.13,78.51,1,-85,-5,23,15,51,1,26385408,95
15.04,1544433280,191.79,51.490648,7.414816,158.12,13.07,0.06,79.36,1,-85,-5,23,15,51,1,26385408,95
16.04,1544433281,204.88,51.490662,7.414985,157.81,12.79,-0.27,80.47,1,-86,-5,17,10,49,1,26385408,95
17.04,1544433282,217.66,51.490676,7.415166,157.25,12.82,0.03,81.48,1,-86,-5,17,10,49,1,26385408,95
18.04,1544433283,230.57,51.490688,7.415340,156.92,12.55,-0.27,82.46,1,-85,-6,3,6,51,4,29391105,167
19.04,1544433284,243.02,51.490696,7.415537,156.44,12.34,-0.22,83.96,1,-85,-6,3,6,51,4,29391105,167
20.04,1544433285,255.36,51.490702,7.415746,155.97,12.13,-0.21,85.86,1,-85,-6,3,6,51,4,29391105,167
21.04,1544433286,267.50,51.490700,7.415889,155.81,11.78,-0.35,87.89,1,-86,-7,23,11,51,4,29391105,167
22.04,1544433287,279.28,51.490696,7.416054,155.77,11.30,-0.48,90.24,1,-86,-7,23,11,51,4,29391105,167
23.04,1544433288,290.56,51.490689,7.416214,155.71,10.04,-1.26,92.65,1,-84,-8,18,12,54,4,29391105,167
24.04,1544433289,300.61,51.490678,7.416332,155.94,8.87,-1.17,95.54,1,-84,-8,18,12,54,4,29391105,167
25.04,1544433290,309.49,51.490653,7.416437,156.04,7.43,-1.44,110.73,1,-83,-7,18,12,55,4,29391105,167
26.04,1544433291,316.93,51.490633,7.416548,155.78,5.75,-1.68,108.07,1,-83,-7,18,12,55,4,29391105,167
27.04,1544433292,322.67,51.490617,7.416633,155.73,5.11,-0.63,107.90,1,-85,-6,19,12,48,4,29391105,167
28.04,1544433293,327.78,51.490608,7.416695,155.74,3.90,-1.21,106.24,1,-85,-6,19,12,48,4,29391105,167
29.04,1544433294,331.69,51.490601,7.416747,155.73,2.86,-1.05,103.70,1,-88,-6,14,11,49,4,29391105,167
30.04,1544433295,334.54,51.490596,7.416780,155.70,1.90,-0.96,104.41,1,-88,-6,14,11,49,4,29391105,167
31.03,1544433296,336.43,51.490591,7.416805,155.69,1.20,-0.70,103.29,1,-83,-6,22,12,55,4,29391105,167
32.03,1544433297,337.63,51.490589,7.416816,155.72,0.80,-0.40,103.29,1,-83,-6,22,12,55,4,29391105,167
33.03,1544433298,338.43,51.490589,7.416816,155.73,0.00,-0.80,103.29,1,-82,-7,19,14,54,4,29391105,167
34.03,1544433299,338.43,51.490589,7.416816,155.73,0.00,0.00,103.29,1,-82,-7,19,14,54,4,29391105,167
35.04,1544433300,338.43,51.490589,7.416816,155.73,0.00,0.00,103.29,1,-84,-6,20,13,49,4,29391105,167
36.04,1544433301,338.43,51.490589,7.416816,155.72,0.00,0.00,103.29,1,-84,-6,20,13,49,4,29391105,167
37.04,1544433302,338.43,51.490589,7.416816,155.72,0.00,0.00,103.29,1,-82,-6,24,15,53,4,29391105,167
38.04,1544433303,338.43,51.490589,7.416816,155.60,0.00,0.00,103.29,1,-82,-6,24,15,53,4,29391105,167
39.05,1544433304,338.43,51.490589,7.416816,155.50,0.00,0.00,103.29,1,-81,-5,22,14,55,4,29391105,167
40.04,1544433305,338.43,51.490589,7.416816,155.49,0.00,0.00,103.29,1,-81,-5,22,14,55,4,29391105,167
41.04,1544433306,338.43,51.490589,7.416816,155.49,0.00,0.00,103.29,1,-81,-5,22,14,55,4,29391105,167
42.04,1544433307,338.43,51.490589,7.416816,155.49,0.00,0.00,103.29,1,-81,-6,25,14,57,4,29391105,167
43.04,1544433308,338.43,51.490589,7.416816,155.50,0.00,0.00,103.29,1,-81,-6,25,14,57,4,29391105,167
44.04,1544433309,338.43,51.490589,7.416816,155.51,0.00,0.00,103.29,1,-83,-6,25,15,53,4,29391105,167
45.04,1544433310,338.43,51.490589,7.416816,155.53,0.00,0.00,103.29,1,-83,-6,25,15,53,4,29391105,167
46.04,1544433311,338.43,51.490589,7.416816,155.54,0.00,0.00,103.29,1,-82,-6,25,12,56,4,29391105,167
47.04,1544433312,338.43,51.490589,7.416816,155.56,0.00,0.00,103.29,1,-82,-6,25,12,56,4,29391105,167
48.04,1544433313,338.43,51.490589,7.416816,155.57,0.00,0.00,103.29,1,-82,-6,24,15,56,4,29391105,167
49.04,1544433314,338.43,51.490589,7.416816,155.59,0.00,0.00,103.29,1,-82,-6,24,15,56,4,29391105,167
50.04,1544433315,338.43,51.490589,7.416816,155.60,0.00,0.00,103.29,1,-81,-7,23,14,57,4,29391105,167
51.03,1544433316,338.43,51.490589,7.416816,155.61,0.00,0.00,103.29,1,-81,-7,23,14,57,4,29391105,167
52.03,1544433317,338.43,51.490589,7.416816,155.63,0.00,0.00,103.29,1,-81,-5,22,11,56,4,29391105,167
53.03,1544433318,338.43,51.490589,7.416816,155.64,0.00,0.00,103.29,1,-81,-5,22,11,56,4,29391105,167
54.03,1544433319,338.43,51.490589,7.416816,155.72,0.00,0.00,107.45,1,-81,-5,20,11,54,4,29391105,167
55.04,1544433320,338.43,51.490589,7.416816,155.79,0.00,0.00,106.66,1,-81,-5,20,11,54,4,29391105,167
56.04,1544433321,338.43,51.490559,7.416961,155.87,3.71,0.00,104.45,1,-82,-6,28,15,55,4,29391105,167
57.04,1544433322,342.15,51.490550,7.417025,156.58,4.20,0.49,102.80,1,-82,-6,28,15,55,4,29391105,167
58.04,1544433323,346.34,51.490542,7.417094,157.04,4.36,0.16,99.06,1,-83,-6,19,15,52,4,29391105,167
59.04,1544433324,350.71,51.490554,7.417168,157.47,4.49,0.13,71.36,1,-83,-6,19,15,52,4,29391105,167
60.04,1544433325,355.23,51.490581,7.417209,157.57,4.63,0.13,47.64,1,-86,-7,20,11,52,4,29391105,167
61.04,1544433326,359.83,51.490615,7.417236,157.75,4.99,0.36,26.89,1,-86,-7,20,11,52,4,29391105,167
62.04,1544433327,364.82,51.490663,7.417234,157.92,6.22,1.23,0.68,1,-86,-7,20,11,52,4,29391105,167
63.04,1544433328,371.05,51.490727,7.417225,158.49,7.04,0.82,356.84,1,-89,-7,19,14,48,4,29391105,167
64.03,1544433329,378.07,51.490804,7.417206,158.83,8.41,1.37,353.66,1,-89,-7,19,14,48,4,29391105,167
65.04,1544433330,386.49,51.490891,7.417193,159.37,9.18,0.77,352.30,1,-94,-7,13,12,43,4,29391105,167
66.04,1544433331,395.67,51.490978,7.417167,159.93,8.91,-0.27,351.12,1,-94,-7,13,12,43,4,29391105,167
67.04,1544433332,404.58,51.491066,7.417137,160.22,9.13,0.22,350.24,1,-97,-7,25,15,39,4,29391105,167
68.04,1544433333,413.72,51.491150,7.417105,160.39,9.10,-0.02,349.78,1,-97,-7,25,15,39,4,29391105,167
69.04,1544433334,422.81,51.491237,7.417064,160.08,9.25,0.15,348.41,1,-92,-6,11,15,46,4,29391105,167
70.04,1544433335,432.05,51.491319,7.417028,159.89,9.90,0.65,348.03,1,-92,-6,11,15,46,4,29391105,167
71.04,1544433336,441.97,51.491404,7.416993,159.62,10.53,0.63,349.00,1,-94,-7,8,11,44,4,29391105,167
72.04,1544433337,452.51,51.491492,7.416962,159.33,9.65,-0.88,349.08,1,-94,-7,8,11,44,4,29391105,167
73.03,1544433338,462.13,51.491572,7.416932,159.18,9.56,-0.10,348.64,1,-96,-9,7,5,42,4,29391105,167
74.03,1544433339,471.68,51.491659,7.416894,159.07,9.91,0.35,346.93,1,-96,-9,7,5,42,4,29391105,167
75.04,1544433340,481.66,51.491740,7.416843,159.35,10.00,0.09,344.76,1,-95,-9,2,8,43,4,29391105,167
76.04,1544433341,491.60,51.491825,7.416782,159.72,10.20,0.20,342.45,1,-95,-9,2,8,43,4,29391105,167
77.04,1544433342,501.81,51.491911,7.416723,159.84,10.44,0.24,339.69,1,-90,-5,17,12,45,4,29391105,167
78.04,1544433343,512.25,51.491987,7.416661,160.05,10.81,0.37,337.25,1,-90,-5,17,12,45,4,29391105,167
79.04,1544433344,523.06,51.492068,7.416592,159.69,10.67,-0.14,334.42,1,-86,-5,27,10,50,4,29391105,167
80.04,1544433345,533.74,51.492156,7.416508,159.15,12.06,1.39,332.87,1,-86,-5,27,10,50,4,29391105,167
81.05,1544433347,545.93,51.492251,7.416416,158.63,12.18,0.11,331.57,1,-91,-7,5,12,47,4,29391105,167
82.03,1544433347,557.93,51.492355,7.416323,158.34,12.33,0.15,332.84,1,-91,-7,5,12,47,4,29391105,167
83.03,1544433348,570.28,51.492444,7.416254,157.92,11.26,-1.07,335.36,1,-91,-7,5,12,47,4,29391105,167
84.04,1544433349,581.57,51.492535,7.416190,156.74,11.55,0.29,337.37,1,-91,-6,13,15,45,4,29391105,167
85.04,1544433350,593.11,51.492627,7.416146,155.69,12.30,0.75,340.84,1,-91,-6,13,15,45,4,29391105,167
86.04,1544433351,605.42,51.492756,7.416137,154.69,13.67,1.37,356.58,1,-98,-9,7,15,38,4,29391105,167
87.04,1544433352,619.07,51.492889,7.416124,153.84,13.80,0.14,355.61,1,-98,-9,7,15,38,4,29391105,167
88.04,1544433353,632.89,51.493011,7.416110,153.47,13.29,-0.52,355.99,1,-100,-8,12,15,39,4,29391105,167
89.04,1544433354,646.16,51.493135,7.416082,152.75,12.76,-0.52,352.87,1,-100,-8,12,15,39,4,29391105,167
90.04,1544433355,658.96,51.493257,7.416049,152.13,12.65,-0.12,350.99,1,-96,-9,4,13,41,4,29391105,167
91.05,1544433356,671.68,51.493375,7.416009,152.17,12.65,0.01,350.17,1,-96,-9,4,13,41,4,29391105,167
92.04,1544433357,684.25,51.493483,7.415965,151.75,12.62,-0.03,349.69,1,-98,-9,5,6,41,4,29391105,167
93.03,1544433358,696.81,51.493596,7.415916,151.81,12.44,-0.18,349.27,1,-98,-9,5,6,41,4,29391105,167
94.04,1544433359,709.31,51.493700,7.415864,152.07,11.99,-0.44,348.28,1,-98,-9,6,8,41,4,29391105,167
95.04,1544433360,721.27,51.493797,7.415825,152.35,11.13,-0.86,348.71,1,-98,-9,6,8,41,4,29391105,167
96.04,1544433361,732.40,51.493896,7.415788,152.77,10.79,-0.34,348.71,1,-92,-10,8,8,49,4,29391105,167
97.04,1544433362,743.23,51.493988,7.415747,153.35,10.03,-0.76,346.62,1,-92,-10,8,8,49,4,29391105,167
98.04,1544433363,753.26,51.494071,7.415700,153.87,9.27,-0.77,344.50,1,-91,-8,1,14,48,4,29391105,167
99.04,1544433364,762.52,51.494148,7.415656,153.63,8.33,-0.94,344.94,1,-91,-8,1,14,48,4,29391105,167
100.04,1544433365,770.86,51.494212,7.415626,153.02,7.24,-1.09,346.30,1,-89,-7,12,15,48,4,29391105,167
101.04,1544433366,778.11,51.494276,7.415590,153.30,5.60,-1.63,346.13,1,-89,-7,12,15,48,4,29391105,167
102.04,1544433367,783.71,51.494312,7.415568,153.83,4.59,-1.01,346.48,1,-90,-8,8,10,49,4,29391105,167
103.04,1544433368,788.29,51.494342,7.415550,153.89,3.70,-0.89,346.94,1,-90,-8,8,10,49,4,29391105,167
104.04,1544433369,791.99,51.494353,7.415551,153.96,1.86,-1.83,348.41,1,-90,-8,8,10,49,4,29391105,167
105.04,1544433370,793.86,51.494353,7.415551,153.96,0.00,-1.86,348.41,1,-94,-10,11,6,47,4,29391105,167
106.04,1544433371,793.86,51.494353,7.415551,153.96,0.00,0.00,348.41,1,-94,-10,11,6,47,4,29391105,167
107.04,1544433372,793.86,51.494353,7.415551,153.95,0.00,0.00,348.41,1,-93,-8,10,15,46,4,29391105,167
108.04,1544433373,793.86,51.494353,7.415551,153.93,0.00,0.00,348.41,1,-93,-8,10,15,46,4,29391105,167
109.04,1544433374,793.86,51.494353,7.415551,153.92,0.00,0.00,348.41,1,-93,-8,7,15,46,4,29391105,167
110.04,1544433375,793.86,51.494353,7.415551,153.90,0.00,0.00,348.41,1,-93,-8,7,15,46,4,29391105,167
111.04,1544433376,793.86,51.494353,7.415551,153.87,0.00,0.00,348.41,1,-92,-8,13,15,48,4,29391105,167
112.04,1544433377,793.86,51.494353,7.415551,153.84,0.00,0.00,348.41,1,-92,-8,13,15,48,4,29391105,167
113.04,1544433378,793.86,51.494353,7.415551,153.81,0.00,0.00,348.41,1,-92,-8,8,6,47,4,29391105,167
114.04,1544433379,793.86,51.494353,7.415551,153.77,0.00,0.00,348.41,1,-92,-8,8,6,47,4,29391105,167
115.04,1544433380,793.86,51.494353,7.415551,153.73,0.00,0.00,348.41,1,-92,-8,8,6,47,4,29391105,167
116.04,1544433381,793.86,51.494353,7.415551,153.69,0.00,0.00,348.41,1,-92,-8,8,6,47,4,29391105,167
117.04,1544433382,793.86,51.494353,7.415551,153.64,0.00,0.00,348.41,1,-93,-11,7,5,49,4,29391105,167
118.04,1544433383,793.86,51.494353,7.415551,153.59,0.00,0.00,348.41,1,-93,-11,7,5,49,4,29391105,167
119.04,1544433384,793.86,51.494353,7.415551,153.54,0.00,0.00,348.41,1,-96,-8,11,11,43,4,29391105,167
120.04,1544433385,793.86,51.494353,7.415551,153.49,0.00,0.00,348.41,1,-96,-8,11,11,43,4,29391105,167
121.04,1544433386,793.86,51.494353,7.415551,153.44,0.00,0.00,348.41,1,-92,-8,7,9,47,4,29391105,167
122.04,1544433387,793.86,51.494353,7.415551,153.00,0.00,0.00,348.41,1,-92,-8,7,9,47,4,29391105,167
123.04,1544433388,793.86,51.494353,7.415551,152.59,0.00,0.00,348.41,1,-95,-10,6,6,45,4,29391105,167
124.04,1544433389,793.86,51.494353,7.415551,152.22,0.00,0.00,349.77,1,-95,-10,6,6,45,4,29391105,167
125.04,1544433390,793.86,51.494353,7.415551,151.86,0.00,0.00,4.66,1,-95,-10,6,6,45,4,29391105,167
126.04,1544433391,793.86,51.494427,7.415567,151.53,2.81,0.00,346.69,1,-93,-11,5,6,50,4,29391105,167
127.04,1544433392,796.66,51.494455,7.415566,151.22,1.70,-1.11,348.42,1,-93,-11,5,6,50,4,29391105,167
128.04,1544433393,798.36,51.494468,7.415569,150.95,0.69,-1.01,348.42,1,-94,-8,10,8,45,4,29391105,167
129.04,1544433394,799.05,51.494468,7.415569,150.93,0.00,-0.69,348.42,1,-94,-8,10,8,45,4,29391105,167
130.04,1544433395,799.05,51.494468,7.415569,150.76,0.00,0.00,348.42,1,-95,-10,4,6,47,4,29391105,167
131.04,1544433396,799.05,51.494468,7.415569,150.64,0.00,0.00,335.27,1,-95,-10,4,6,47,4,29391105,167
132.04,1544433397,799.05,51.494468,7.415569,150.48,0.00,0.00,312.86,1,-90,-9,5,15,51,4,29391105,167
133.04,1544433398,799.05,51.494539,7.415440,150.19,6.02,0.00,290.84,1,-90,-9,5,15,51,4,29391105,167
134.04,1544433399,805.06,51.494531,7.415314,150.23,6.93,0.91,256.03,1,-92,-10,5,5,46,4,29391105,167
135.04,1544433400,812.03,51.494515,7.415196,150.55,8.23,1.29,256.37,1,-92,-10,5,5,46,4,29391105,167
136.04,1544433401,820.25,51.494496,7.415057,150.91,9.54,1.31,257.46,1,-93,-13,4,8,49,4,29391105,167
137.04,1544433402,829.79,51.494479,7.414922,151.59,10.48,0.93,257.91,1,-93,-13,4,8,49,4,29391105,167
138.04,1544433403,840.25,51.494458,7.414752,152.12,10.82,0.35,258.50,1,-97,-10,10,10,43,4,29391105,167
139.04,1544433404,851.08,51.494435,7.414589,152.72,11.64,0.82,258.49,1,-97,-10,10,10,43,4,29391105,167
140.04,1544433405,862.70,51.494415,7.414437,153.46,12.39,0.76,258.01,1,-92,-8,5,6,46,3,29391104,165
141.05,1544433406,875.19,51.494390,7.414253,154.06,12.64,0.25,258.23,1,-92,-8,5,6,46,3,29391104,165
142.04,1544433407,887.73,51.494366,7.414069,154.62,12.31,-0.33,257.90,1,-91,-8,7,8,46,3,29391104,165
143.04,1544433408,900.02,51.494345,7.413900,155.48,12.23,-0.08,257.61,1,-91,-8,7,8,46,3,29391104,165
144.05,1544433410,912.40,51.494319,7.413729,156.55,12.39,0.16,256.96,1,-89,-8,8,8,50,3,29391104,165
145.04,1544433410,924.68,51.494294,7.413548,157.44,12.45,0.06,257.39,1,-89,-8,8,8,50,3,29391104,165
146.04,1544433411,937.11,51.494271,7.413373,158.47,12.53,0.08,258.29,1,-89,-8,8,8,50,3,29391104,165
147.04,1544433412,949.64,51.494248,7.413191,159.52,12.97,0.45,258.56,1,-89,-8,10,7,48,3,29391104,165
148.04,1544433413,962.60,51.494224,7.413010,160.26,13.12,0.14,257.76,1,-89,-8,10,7,48,3,29391104,165
149.04,1544433414,975.72,51.494199,7.412826,161.00,13.04,-0.08,258.23,1,-86,-6,17,9,51,3,29391104,165
150.04,1544433415,988.74,51.494176,7.412636,162.05,13.07,0.03,258.19,1,-86,-6,17,9,51,3,29391104,165
151.04,1544433416,1001.83,51.494151,7.412442,163.02,13.02,-0.05,258.55,1,-79,-5,13,9,57,3,29391104,165
152.04,1544433417,1014.86,51.494127,7.412264,163.94,13.21,0.19,258.34,1,-79,-5,13,9,57,3,29391104,165
153.03,1544433418,1028.01,51.494103,7.412076,164.69,13.23,0.03,257.88,1,-77,-6,14,8,53,3,29391104,165
154.04,1544433419,1041.28,51.494080,7.411892,165.27,13.24,0.01,258.83,1,-77,-6,14,8,53,3,29391104,165
155.04,1544433420,1054.53,51.494055,7.411694,165.74,13.69,0.45,258.34,1,-83,-6,16,10,53,3,29391104,165
156.04,1544433421,1068.20,51.494030,7.411500,166.16,13.80,0.11,258.43,1,-83,-6,16,10,53,3,29391104,165
157.04,1544433422,1082.02,51.494005,7.411293,166.43,13.85,0.05,258.09,1,-79,-7,14,10,59,3,29391104,165
158.03,1544433423,1095.84,51.493980,7.411108,166.69,13.73,-0.12,257.96,1,-79,-7,14,10,59,3,29391104,165
159.04,1544433424,1109.61,51.493956,7.410925,166.93,13.46,-0.27,257.94,1,-82,-7,24,12,56,3,29391104,165
160.04,1544433425,1123.07,51.493930,7.410738,166.88,13.38,-0.08,258.36,1,-82,-7,24,12,56,3,29391104,165
161.04,1544433426,1136.45,51.493906,7.410543,166.97,13.53,0.15,257.85,1,-80,-6,20,15,57,3,29391104,165
162.04,1544433427,1149.97,51.493882,7.410351,167.07,13.66,0.13,258.05,1,-80,-6,20,15,57,3,29391104,165
163.04,1544433428,1163.67,51.493858,7.410154,166.97,13.71,0.05,257.88,1,-85,-7,16,10,51,3,29391104,165
164.04,1544433429,1177.37,51.493837,7.409969,166.78,13.79,0.08,257.84,1,-85,-7,16,10,51,3,29391104,165
165.05,1544433430,1191.27,51.493814,7.409780,166.63,13.63,-0.16,257.93,1,-88,-7,13,11,49,3,29391104,165
166.04,1544433431,1204.81,51.493789,7.409589,166.39,13.49,-0.15,257.78,1,-88,-7,13,11,49,3,29391104,165
167.04,1544433432,1218.29,51.493762,7.409388,166.43,13.65,0.16,258.20,1,-88,-7,13,11,49,3,29391104,165
168.04,1544433433,1231.94,51.493735,7.409191,166.60,13.73,0.08,258.01,1,-82,-10,12,10,59,3,29391104,165
169.04,1544433434,1245.67,51.493709,7.409014,166.71,13.39,-0.34,257.83,1,-82,-10,12,10,59,3,29391104,165
170.04,1544433435,1259.06,51.493682,7.408821,166.94,13.35,-0.04,257.52,1,-81,-8,13,10,58,3,29391104,165
171.04,1544433436,1272.44,51.493657,7.408630,167.12,13.59,0.24,257.89,1,-81,-8,13,10,58,3,29391104,165
172.04,1544433437,1286.00,51.493631,7.408439,167.45,13.74,0.15,258.41,1,-86,-11,7,9,56,3,29391104,165
173.04,1544433438,1299.75,51.493604,7.408250,167.84,13.88,0.14,258.62,1,-86,-11,7,9,56,3,29391104,165
174.04,1544433439,1313.63,51.493576,7.408051,168.28,14.16,0.28,258.57,1,-84,-7,7,6,54,3,29391106,166
175.04,1544433440,1327.79,51.493549,7.407840,168.58,14.49,0.33,258.71,1,-84,-7,7,6,54,3,29391106,166
176.04,1544433441,1342.29,51.493522,7.407630,168.84,14.94,0.45,258.14,1,-82,-7,16,11,56,3,29391106,166
177.04,1544433442,1357.21,51.493493,7.407414,169.11,15.02,0.08,257.82,1,-82,-7,16,11,56,3,29391106,166
178.04,1544433443,1372.22,51.493467,7.407219,168.97,14.69,-0.33,257.90,1,-82,-6,22,12,56,3,29391106,166
179.04,1544433444,1386.92,51.493439,7.407017,168.42,14.54,-0.15,258.25,1,-82,-6,22,12,56,3,29391106,166
180.04,1544433445,1401.46,51.493414,7.406812,168.06,14.26,-0.28,257.99,1,-83,-7,19,10,55,3,29391106,166
181.04,1544433446,1415.74,51.493390,7.406605,168.04,14.63,0.37,258.04,1,-83,-7,19,10,55,3,29391106,166
182.04,1544433447,1430.38,51.493363,7.406388,168.28,14.85,0.21,257.80,1,-85,-7,17,9,53,3,29391106,166
183.04,1544433448,1445.20,51.493336,7.406166,168.72,15.01,0.16,257.74,1,-85,-7,17,9,53,3,29391106,166
184.04,1544433449,1460.21,51.493307,7.405966,168.73,14.85,-0.16,257.72,1,-92,-7,16,9,45,3,29391106,166
185.04,1544433450,1475.06,51.493277,7.405762,168.65,14.82,-0.03,258.03,1,-92,-7,16,9,45,3,29391106,166
186.04,1544433451,1489.98,51.493248,7.405554,168.59,14.85,0.03,257.98,1,-92,-7,14,10,45,3,29391106,166
187.04,1544433452,1504.71,51.493219,7.405345,168.48,14.89,0.04,258.00,1,-92,-7,14,10,45,3,29391106,166
188.04,1544433453,1519.61,51.493189,7.405130,168.38,14.91,0.03,258.02,1,-92,-7,14,10,45,3,29391106,166
189.04,1544433454,1534.51,51.493160,7.404919,168.30,14.89,-0.03,257.62,1,-91,-7,8,10,47,3,29391106,166
190.04,1544433455,1549.39,51.493131,7.404710,168.22,14.57,-0.32,258.13,1,-91,-7,8,10,47,3,29391106,166
191.04,1544433456,1563.99,51.493104,7.404505,168.17,14.45,-0.11,258.18,1,-91,-8,7,6,47,3,29391106,166
192.04,1544433457,1578.42,51.493078,7.404299,168.20,14.26,-0.19,258.59,1,-91,-8,7,6,47,3,29391106,166
193.04,1544433458,1592.69,51.493054,7.404095,168.35,13.76,-0.50,258.55,1,-91,-8,11,7,48,3,29391106,166
194.04,1544433459,1606.44,51.493032,7.403907,168.41,13.55,-0.21,258.98,1,-91,-8,11,7,48,3,29391106,166
195.04,1544433460,1620.03,51.493015,7.403727,168.02,13.30,-0.25,260.21,1,-92,-9,5,10,46,3,29391106,166
196.04,1544433461,1633.32,51.493000,7.403529,167.72,13.32,0.02,261.98,1,-92,-9,5,10,46,3,29391106,166
197.04,1544433462,1646.64,51.492991,7.403324,167.63,13.42,0.11,263.91,1,-92,-10,2,8,50,3,29391106,166
198.04,1544433463,1660.06,51.492985,7.403130,167.56,13.21,-0.21,265.56,1,-92,-10,2,8,50,3,29391106,166
199.04,1544433464,1673.28,51.492990,7.402971,167.33,12.44,-0.78,266.84,1,-96,-13,0,6,47,3,29391106,166
200.04,1544433465,1685.72,51.492991,7.402782,167.25,11.32,-1.12,267.89,1,-96,-13,0,6,47,3,29391106,166
201.04,1544433466,1697.06,51.492994,7.402639,166.64,10.23,-1.09,269.00,1,-97,-9,8,11,43,3,29391106,166
202.04,1544433467,1707.24,51.492996,7.402502,165.77,9.50,-0.73,269.92,1,-97,-9,8,11,43,3,29391106,166
203.04,1544433468,1716.77,51.493000,7.402378,164.88,8.29,-1.21,270.49,1,-93,-7,3,6,45,6,26385410,94
204.04,1544433469,1725.05,51.493003,7.402275,163.69,6.94,-1.35,270.89,1,-93,-7,3,6,45,6,26385410,94
205.04,1544433470,1731.99,51.493005,7.402181,162.83,5.25,-1.69,270.28,1,-90,-7,25,9,48,6,26385410,94
206.04,1544433471,1737.23,51.493007,7.402115,162.75,3.19,-2.06,269.76,1,-90,-7,25,9,48,6,26385410,94
207.05,1544433473,1740.46,51.493007,7.402081,162.67,1.17,-1.99,269.97,1,-92,-7,24,11,46,6,26385410,94
208.04,1544433473,1741.61,51.493007,7.402081,162.66,0.00,-1.19,269.97,1,-92,-7,24,11,46,6,26385410,94
209.04,1544433474,1741.61,51.493007,7.402081,162.65,0.00,0.00,269.97,1,-92,-7,24,11,46,6,26385410,94
210.04,1544433475,1741.61,51.493007,7.402081,162.64,0.00,0.00,269.97,1,-91,-6,25,8,47,6,26385410,94
211.04,1544433476,1741.61,51.493007,7.402081,162.63,0.00,0.00,269.97,1,-91,-6,25,8,47,6,26385410,94
212.04,1544433477,1741.61,51.493007,7.402081,162.62,0.00,0.00,269.97,1,-91,-6,11,8,47,6,26385410,94
213.04,1544433478,1741.61,51.493007,7.402081,162.61,0.00,0.00,269.97,1,-91,-6,11,8,47,6,26385410,94
214.04,1544433479,1741.61,51.493007,7.402081,162.57,0.00,0.00,276.57,1,-92,-8,7,8,48,6,26385410,94
215.04,1544433480,1741.61,51.493010,7.401997,162.12,0.00,0.00,275.03,1,-92,-8,7,8,48,6,26385410,94
216.04,1544433481,1741.61,51.493012,7.401922,161.74,6.07,0.00,273.66,1,-92,-10,7,8,47,6,26385410,94
217.04,1544433482,1747.67,51.492990,7.401859,161.64,6.63,0.56,243.04,1,-92,-10,7,8,47,6,26385410,94
218.04,1544433483,1754.30,51.492931,7.401791,161.72,6.02,-0.61,210.17,1,-92,-8,12,10,46,6,26385410,94
219.04,1544433484,1760.32,51.492869,7.401759,162.06,7.03,1.00,193.73,1,-92,-8,12,10,46,6,26385410,94
220.04,1544433485,1767.34,51.492797,7.401738,162.61,8.21,1.19,190.51,1,-89,-7,27,10,50,6,26385410,94
221.04,1544433486,1775.59,51.492726,7.401734,163.17,8.97,0.75,187.75,1,-89,-7,27,10,50,6,26385410,94
222.04,1544433487,1784.52,51.492631,7.401746,163.96,10.05,1.09,174.54,1,-91,-9,20,12,49,6,26385410,94
223.04,1544433488,1794.60,51.492536,7.401755,164.91,10.92,0.87,176.18,1,-91,-9,20,12,49,6,26385410,94
224.04,1544433489,1805.51,51.492444,7.401756,165.77,11.90,0.97,177.62,1,-86,-7,18,13,51,6,26385410,94
225.04,1544433490,1817.39,51.492339,7.401763,166.31,12.21,0.32,178.61,1,-86,-7,18,13,51,6,26385410,94
226.04,1544433491,1829.62,51.492225,7.401762,166.67,12.29,0.08,179.55,1,-90,-7,15,11,48,6,26385410,94
227.04,1544433492,1841.91,51.492114,7.401761,167.11,12.11,-0.18,180.30,1,-90,-7,15,11,48,6,26385410,94
228.04,1544433493,1854.10,51.492001,7.401761,167.36,12.23,0.12,181.02,1,-86,-8,30,11,54,6,26385410,94
229.04,1544433494,1866.24,51.491901,7.401754,167.15,12.45,0.22,180.95,1,-86,-8,30,11,54,6,26385410,94
230.04,1544433495,1878.69,51.491786,7.401748,167.01,12.52,0.07,180.69,1,-86,-8,30,11,54,6,26385410,94
231.04,1544433496,1891.26,51.491676,7.401746,167.09,12.64,0.12,180.75,1,-86,-6,25,12,51,6,26385410,94
232.04,1544433497,1903.85,51.491559,7.401736,167.50,12.69,0.05,180.96,1,-86,-6,25,12,51,6,26385410,94
233.03,1544433498,1916.52,51.491443,7.401732,167.98,12.66,-0.04,181.39,1,-87,-8,16,13,51,6,26385410,94
234.03,1544433499,1929.18,51.491328,7.401726,168.25,12.58,-0.08,181.45,1,-87,-8,16,13,51,6,26385410,94
235.04,1544433500,1941.77,51.491216,7.401723,168.32,12.70,0.12,181.08,1,-87,-6,17,11,50,6,26385410,94
236.04,1544433501,1954.49,51.491107,7.401724,168.16,12.87,0.18,180.48,1,-87,-6,17,11,50,6,26385410,94
237.04,1544433502,1967.35,51.490991,7.401720,168.16,12.93,0.06,180.71,1,-83,-7,33,12,54,6,26385410,94
238.04,1544433503,1980.30,51.490873,7.401720,167.96,12.85,-0.08,180.51,1,-83,-7,33,12,54,6,26385410,94
239.04,1544433504,1993.14,51.490749,7.401715,168.52,12.56,-0.30,180.63,1,-83,-6,17,15,54,6,26385410,94
240.04,1544433505,2005.70,51.490649,7.401711,169.19,12.65,0.09,180.59,1,-83,-6,17,15,54,6,26385410,94
241.04,1544433506,2018.37,51.490533,7.401715,169.89,12.75,0.10,180.24,1,-83,-5,21,12,53,6,26385410,94
242.04,1544433507,2031.10,51.490405,7.401714,170.36,12.71,-0.04,180.48,1,-83,-5,21,12,53,6,26385410,94
243.04,1544433508,2043.82,51.490300,7.401716,170.70,12.11,-0.59,179.59,1,-82,-7,32,15,55,6,26385410,94
244.04,1544433509,2055.92,51.490199,7.401724,170.85,11.71,-0.40,179.14,1,-82,-7,32,15,55,6,26385410,94
245.04,1544433510,2067.64,51.490103,7.401733,170.85,11.36,-0.35,178.53,1,-82,-6,28,12,55,6,26385410,94
246.04,1544433511,2079.01,51.490002,7.401741,171.00,10.97,-0.40,178.08,1,-82,-6,28,12,55,6,26385410,94
247.04,1544433512,2089.97,51.489908,7.401743,171.03,9.97,-1.00,177.65,1,-81,-6,36,15,56,6,26385410,94
248.04,1544433513,2099.94,51.489826,7.401748,171.27,9.18,-0.79,177.99,1,-81,-6,36,15,56,6,26385410,94
249.05,1544433515,2109.21,51.489749,7.401750,171.60,8.33,-0.84,179.41,1,-76,-6,32,11,59,6,26385410,94
250.04,1544433515,2117.45,51.489681,7.401749,171.80,6.84,-1.50,180.16,1,-76,-6,32,11,59,6,26385410,94
251.03,1544433516,2124.27,51.489642,7.401752,171.83,3.87,-2.99,180.77,1,-76,-6,32,11,59,6,26385410,94
252.04,1544433517,2128.15,51.489615,7.401752,171.88,1.41,-2.45,183.21,1,-69,-7,21,13,63,6,26385410,94
253.04,1544433518,2129.56,51.489615,7.401752,171.89,0.00,-1.42,183.21,1,-69,-7,21,13,63,6,26385410,94
254.04,1544433519,2129.56,51.489615,7.401752,171.90,0.00,0.00,183.21,1,-64,-7,24,13,63,6,26385410,94
255.04,1544433520,2129.56,51.489615,7.401752,171.91,0.00,0.00,183.21,1,-64,-7,24,13,63,6,26385410,94
256.04,1544433521,2129.56,51.489615,7.401752,171.93,0.00,0.00,183.21,1,-66,-5,40,13,63,6,26385410,94
257.04,1544433522,2129.56,51.489615,7.401752,171.96,0.00,0.00,183.21,1,-66,-5,40,13,63,6,26385410,94
258.04,1544433523,2129.56,51.489615,7.401752,171.98,0.00,0.00,183.21,1,-66,-6,32,13,63,6,26385410,94
259.04,1544433524,2129.56,51.489615,7.401752,172.01,0.00,0.00,183.21,1,-66,-6,32,13,63,6,26385410,94
260.04,1544433525,2129.56,51.489615,7.401752,172.04,0.00,0.00,183.21,1,-66,-7,40,13,63,6,26385410,94
261.04,1544433526,2129.56,51.489615,7.401752,172.07,0.00,0.00,183.21,1,-66,-7,40,13,63,6,26385410,94
262.04,1544433527,2129.56,51.489615,7.401752,172.10,0.00,0.00,183.21,1,-66,-5,40,13,63,6,26385410,94
263.04,1544433528,2129.56,51.489615,7.401752,172.13,0.00,0.00,183.21,1,-66,-5,40,13,63,6,26385410,94
264.04,1544433529,2129.56,51.489615,7.401752,172.16,0.00,0.00,183.21,1,-66,-6,30,13,63,6,26385410,94
265.04,1544433530,2129.56,51.489615,7.401752,172.19,0.00,0.00,183.21,1,-66,-6,30,13,63,6,26385410,94
266.04,1544433531,2129.56,51.489615,7.401752,172.22,0.00,0.00,183.21,1,-66,-5,34,13,63,6,26385410,94
267.04,1544433532,2129.56,51.489615,7.401752,172.53,0.00,0.00,183.21,1,-66,-5,34,13,63,6,26385410,94
268.04,1544433533,2129.56,51.489615,7.401752,172.79,0.00,0.00,182.61,1,-68,-6,28,14,63,6,26385410,94
269.04,1544433534,2129.56,51.489543,7.401756,173.04,0.00,0.00,182.25,1,-68,-6,28,14,63,6,26385410,94
270.04,1544433535,2129.56,51.489499,7.401754,173.33,2.95,0.00,181.67,1,-69,-6,16,14,63,6,26385410,94
271.04,1544433536,2132.49,51.489471,7.401755,173.59,2.51,-0.45,181.01,1,-69,-6,16,14,63,6,26385410,94
272.04,1544433537,2135.00,51.489457,7.401759,173.82,1.97,-0.54,180.29,1,-69,-6,16,14,63,6,26385410,94
273.04,1544433538,2136.96,51.489444,7.401764,174.04,1.57,-0.39,178.80,1,-71,-7,29,13,63,6,26385410,94
274.04,1544433539,2138.54,51.489438,7.401768,174.21,0.85,-0.72,178.80,1,-71,-7,29,13,63,6,26385410,94
275.04,1544433540,2139.39,51.489437,7.401772,174.36,0.41,-0.45,178.80,1,-68,-6,33,12,63,6,26385410,94
276.04,1544433541,2139.80,51.489437,7.401772,174.41,0.00,-0.41,178.80,1,-68,-6,33,12,63,6,26385410,94
277.04,1544433542,2139.80,51.489437,7.401772,174.45,0.00,0.00,154.60,1,-67,-6,27,12,63,6,26385410,94
278.04,1544433543,2139.80,51.489437,7.401772,174.52,0.00,0.00,119.76,1,-67,-6,27,12,63,6,26385410,94
279.04,1544433544,2139.80,51.489389,7.401896,174.84,4.84,0.00,98.18,1,-69,-5,37,12,63,6,26385410,94
280.04,1544433545,2144.63,51.489386,7.401985,175.61,6.72,1.88,94.79,1,-69,-5,37,12,63,6,26385410,94
281.04,1544433546,2151.36,51.489386,7.402104,176.72,8.72,2.00,93.19,1,-70,-5,31,12,63,6,26385410,94
282.04,1544433547,2160.08,51.489387,7.402233,177.61,9.83,1.11,92.00,1,-70,-5,31,12,63,6,26385410,94
283.04,1544433548,2169.89,51.489387,7.402379,178.34,10.66,0.84,91.23,1,-71,-5,28,10,63,6,26385410,94
284.03,1544433549,2180.51,51.489388,7.402543,178.93,11.29,0.63,90.72,1,-71,-5,28,10,63,6,26385410,94
285.04,1544433550,2191.85,51.489389,7.402701,179.30,11.72,0.43,91.09,1,-71,-5,22,12,63,6,26385410,94
286.04,1544433551,2203.57,51.489389,7.402867,179.74,11.57,-0.15,91.15,1,-71,-5,22,12,63,6,26385410,94
287.04,1544433552,2215.16,51.489388,7.403040,180.28,11.41,-0.16,90.92,1,-70,-5,35,12,63,6,26385410,94
288.04,1544433553,2226.55,51.489389,7.403210,180.97,11.69,0.28,90.72,1,-70,-5,35,12,63,6,26385410,94
289.04,1544433554,2238.25,51.489387,7.403373,181.35,11.80,0.11,91.06,1,-72,-6,15,12,63,6,26385410,94
290.04,1544433555,2250.04,51.489386,7.403546,181.68,11.76,-0.04,90.89,1,-72,-6,15,12,63,6,26385410,94
291.04,1544433556,2261.89,51.489386,7.403718,182.07,12.07,0.30,90.39,1,-71,-5,16,15,63,6,26385410,94
292.03,1544433557,2273.83,51.489384,7.403892,182.31,12.49,0.42,90.25,1,-71,-5,16,15,63,6,26385410,94
293.03,1544433558,2286.33,51.489389,7.404066,182.70,12.90,0.41,89.43,1,-71,-5,16,15,63,6,26385410,94
294.04,1544433559,2299.24,51.489392,7.404258,183.07,13.06,0.16,89.07,1,-75,-8,16,11,62,6,26385410,94
295.04,1544433560,2312.34,51.489395,7.404452,183.37,12.89,-0.17,88.43,1,-75,-8,16,11,62,6,26385410,94
296.04,1544433561,2325.21,51.489398,7.404642,183.78,12.44,-0.45,89.09,1,-77,-9,16,10,63,6,26385410,94
297.04,1544433562,2337.65,51.489403,7.404798,183.97,12.52,0.08,90.19,1,-77,-9,16,10,63,6,26385410,94
298.04,1544433563,2350.16,51.489404,7.404989,184.18,12.42,-0.10,90.92,1,-74,-7,8,6,63,2,26385408,95
299.04,1544433564,2362.59,51.489404,7.405172,184.68,12.14,-0.28,90.57,1,-74,-7,8,6,63,2,26385408,95
300.04,1544433565,2374.73,51.489404,7.405353,185.26,12.04,-0.11,89.30,1,-76,-7,18,12,62,2,26385408,95
301.05,1544433567,2386.90,51.489407,7.405527,185.53,12.34,0.30,87.72,1,-76,-7,18,12,62,2,26385408,95
302.04,1544433567,2399.10,51.489413,7.405698,185.44,12.12,-0.22,85.76,1,-74,-8,22,15,63,2,26385408,95
303.03,1544433568,2411.19,51.489424,7.405862,185.16,12.06,-0.06,83.86,1,-74,-8,22,15,63,2,26385408,95
304.04,1544433569,2423.26,51.489440,7.406026,184.86,11.92,-0.14,82.21,1,-76,-7,19,9,61,2,26385408,95
305.04,1544433570,2435.18,51.489465,7.406175,184.46,12.08,0.16,79.88,1,-76,-7,19,9,61,2,26385408,95
306.04,1544433571,2447.28,51.489491,7.406343,183.98,12.67,0.59,78.52,1,-77,-7,24,11,61,2,26385408,95
307.04,1544433572,2459.94,51.489518,7.406539,183.69,13.02,0.34,78.09,1,-77,-7,24,11,61,2,26385408,95
308.04,1544433573,2472.97,51.489545,7.406722,183.45,13.19,0.17,77.67,1,-75,-6,23,9,62,2,26385408,95
309.04,1544433574,2486.14,51.489573,7.406915,183.35,13.21,0.02,77.77,1,-75,-6,23,9,62,2,26385408,95
310.04,1544433575,2499.35,51.489602,7.407121,183.66,13.10,-0.11,77.77,1,-73,-6,12,9,63,2,26385408,95
311.03,1544433576,2512.41,51.489630,7.407319,184.04,13.03,-0.07,78.36,1,-73,-6,12,9,63,2,26385408,95
312.05,1544433578,2525.61,51.489654,7.407487,184.15,13.00,-0.03,78.45,1,-74,-8,15,10,63,2,26385408,95
313.04,1544433578,2538.49,51.489682,7.407681,184.32,12.87,-0.14,79.34,1,-74,-8,15,10,63,2,26385408,95
314.04,1544433579,2551.35,51.489705,7.407827,183.97,12.93,0.07,79.80,1,-74,-8,15,10,63,2,26385408,95
315.04,1544433580,2564.31,51.489725,7.408009,183.46,13.36,0.43,80.80,1,-81,-8,12,13,57,2,26385408,95
316.04,1544433581,2577.65,51.489745,7.408199,182.77,13.18,-0.18,80.39,1,-81,-8,12,13,57,2,26385408,95
317.04,1544433582,2590.83,51.489768,7.408383,182.54,13.30,0.12,79.29,1,-81,-7,8,6,57,2,26385408,95
318.04,1544433583,2604.15,51.489792,7.408589,182.01,13.45,0.14,78.59,1,-81,-7,8,6,57,2,26385408,95
319.04,1544433584,2617.58,51.489816,7.408781,181.41,13.57,0.12,78.01,1,-80,-6,13,11,55,2,26385408,95
320.04,1544433585,2631.15,51.489840,7.408966,180.96,13.57,-0.00,77.99,1,-80,-6,13,11,55,2,26385408,95
321.04,1544433586,2644.77,51.489867,7.409160,180.45,13.59,0.03,78.13,1,-79,-5,16,10,57,2,26385408,95
322.04,1544433587,2658.29,51.489893,7.409348,179.90,13.66,0.06,78.37,1,-79,-5,16,10,57,2,26385408,95
323.03,1544433588,2671.93,51.489919,7.409533,179.26,13.57,-0.08,78.15,1,-74,-7,16,12,63,2,26385408,95
324.03,1544433589,2685.51,51.489945,7.409721,178.40,13.30,-0.27,78.78,1,-74,-7,16,12,63,2,26385408,95
325.03,1544433590,2698.81,51.489967,7.409895,177.30,13.02,-0.28,78.34,1,-78,-8,16,9,61,2,26385408,95
326.04,1544433591,2711.86,51.489990,7.410075,176.21,12.97,-0.05,78.69,1,-78,-8,16,9,61,2,26385408,95
327.04,1544433592,2724.83,51.490011,7.410250,175.24,12.96,-0.02,79.17,1,-80,-5,15,8,55,2,26385408,95
328.04,1544433593,2737.79,51.490034,7.410430,174.13,12.84,-0.12,78.56,1,-80,-5,15,8,55,2,26385408,95
329.04,1544433594,2750.62,51.490058,7.410611,173.08,12.71,-0.12,78.23,1,-78,-6,18,11,59,2,26385408,95
330.04,1544433595,2763.35,51.490085,7.410781,172.12,12.56,-0.15,77.28,1,-78,-6,18,11,59,2,26385408,95
331.04,1544433596,2775.92,51.490112,7.410956,171.21,12.45,-0.11,76.67,1,-85,-6,19,10,52,2,26385408,95
332.03,1544433597,2788.31,51.490139,7.411136,170.06,12.34,-0.11,77.31,1,-85,-6,19,10,52,2,26385408,95
333.04,1544433598,2800.70,51.490166,7.411299,168.96,12.33,-0.01,78.20,1,-82,-7,12,8,51,2,26385408,95
334.03,1544433599,2812.99,51.490190,7.411475,168.31,12.23,-0.09,78.99,1,-82,-7,12,8,51,2,26385408,95
335.04,1544433600,2825.26,51.490212,7.411645,167.95,12.18,-0.05,79.23,1,-82,-7,12,8,51,2,26385408,95
336.04,1544433601,2837.43,51.490235,7.411829,167.72,12.14,-0.04,78.74,1,-91,-7,9,8,45,2,26385408,95
