time_s,timestamp_ms,distance_m,latitude,longitude,altitude,velocity_mps,acceleration_mpss,direction,isRegistered,rsrp_dbm,rsrq_db,rssnr_db,cqi,ss,ta,ci,pci
11.63,1544518159,152.57,51.490475,7.413707,156.96,13.56,0.00,78.42,0,-103,-15,0,0,37,0,0,436
11.63,1544518159,152.57,51.490475,7.413707,156.96,13.56,0.00,78.42,0,-106,-18,0,0,37,0,0,52
11.63,1544518159,152.57,51.490475,7.413707,156.96,13.56,0.00,78.42,0,-106,-17,0,0,37,0,0,229
11.63,1544518159,152.57,51.490475,7.413707,156.96,13.56,0.00,78.42,0,-83,-9,0,0,53,0,0,450
11.64,1544518159,152.58,51.490475,7.413707,156.96,13.56,0.00,78.42,0,-84,-11,0,0,53,0,0,451
11.64,1544518159,152.58,51.490475,7.413707,156.96,13.56,0.00,78.42,0,-225,-225,0,0,63,0,0,149
12.63,1544518160,166.03,51.490500,7.413894,156.09,13.43,0.00,78.24,0,-103,-15,0,0,37,0,0,436
12.63,1544518160,166.03,51.490500,7.413894,156.09,13.43,0.00,78.24,0,-106,-18,0,0,37,0,0,52
12.63,1544518160,166.05,51.490500,7.413894,156.09,13.43,0.00,78.24,0,-106,-17,0,0,37,0,0,229
12.63,1544518160,166.06,51.490500,7.413894,156.09,13.43,0.00,78.24,0,-83,-9,0,0,53,0,0,450
12.63,1544518160,166.06,51.490500,7.413894,156.09,13.43,0.00,78.24,0,-84,-11,0,0,53,0,0,451
12.63,1544518160,166.07,51.490500,7.413894,156.09,13.43,0.00,78.24,0,-225,-225,0,0,63,0,0,149
13.62,1544518161,179.41,51.490525,7.414093,155.21,13.35,0.00,77.96,0,-103,-18,0,0,41,0,0,450
14.62,1544518162,192.75,51.490552,7.414288,153.99,13.39,0.00,77.40,0,-103,-18,0,0,41,0,0,450
15.63,1544518163,206.18,51.490581,7.414478,153.20,13.47,0.00,78.25,0,-102,-17,0,0,41,0,0,450
15.63,1544518163,206.18,51.490581,7.414478,153.20,13.47,0.00,78.25,0,-103,-18,0,0,41,0,0,451
15.63,1544518163,206.20,51.490581,7.414478,153.20,13.47,0.00,78.25,0,-104,-19,0,0,42,0,0,62
16.62,1544518164,219.59,51.490605,7.414669,152.68,13.17,0.00,78.02,0,-102,-17,0,0,41,0,0,450
16.62,1544518164,219.59,51.490605,7.414669,152.68,13.17,0.00,78.02,0,-103,-18,0,0,41,0,0,451
16.62,1544518164,219.59,51.490605,7.414669,152.68,13.17,0.00,78.02,0,-104,-19,0,0,42,0,0,62
17.63,1544518165,232.81,51.490630,7.414855,152.56,13.45,0.00,78.79,0,-104,-17,0,0,39,0,0,451
17.63,1544518165,232.82,51.490630,7.414855,152.56,13.45,0.00,78.79,0,-105,-18,0,0,39,0,0,450
18.63,1544518166,246.25,51.490650,7.415045,152.68,13.30,0.00,79.42,0,-104,-17,0,0,39,0,0,451
18.63,1544518166,246.27,51.490650,7.415045,152.68,13.30,0.00,79.42,0,-105,-18,0,0,39,0,0,450
19.63,1544518167,259.55,51.490664,7.415219,152.83,13.12,0.00,80.81,0,-99,-13,0,0,40,0,0,62
19.63,1544518167,259.56,51.490664,7.415219,152.83,13.12,0.00,80.81,0,-104,-19,0,0,40,0,0,451
19.63,1544518167,259.58,51.490664,7.415219,152.83,13.12,0.00,80.81,0,-105,-20,0,0,40,0,0,450
20.63,1544518168,272.74,51.490675,7.415400,153.02,12.78,0.00,82.26,0,-99,-13,0,0,40,0,0,62
20.63,1544518168,272.75,51.490675,7.415400,153.02,12.78,0.00,82.26,0,-104,-19,0,0,40,0,0,451
20.63,1544518168,272.75,51.490675,7.415400,153.02,12.78,0.00,82.26,0,-105,-20,0,0,40,0,0,450
21.63,1544518169,285.45,51.490685,7.415602,152.93,12.77,0.00,83.83,0,-96,-14,0,0,43,0,0,62
22.62,1544518170,298.21,51.490688,7.415783,152.91,12.64,0.00,85.75,0,-96,-14,0,0,43,0,0,62
26.62,1544518174,345.98,51.490656,7.416413,152.12,9.30,0.00,96.02,0,-91,-11,0,0,51,0,0,275
27.63,1544518175,355.28,51.490642,7.416550,151.67,8.37,0.00,97.76,0,-91,-11,0,0,51,0,0,275
28.63,1544518176,363.66,51.490626,7.416660,151.11,6.81,0.00,100.07,0,-91,-10,0,0,49,0,0,275
29.63,1544518177,370.45,51.490617,7.416728,151.06,5.37,0.00,101.30,0,-91,-10,0,0,49,0,0,275
30.63,1544518178,375.84,51.490608,7.416802,151.06,4.64,0.00,101.94,0,-90,-12,0,0,52,0,0,275
31.63,1544518179,380.47,51.490598,7.416837,151.09,2.47,0.00,102.89,0,-90,-12,0,0,52,0,0,275
32.62,1544518180,382.92,51.490598,7.416837,151.09,0.00,0.00,102.89,0,-92,-12,0,0,49,0,0,275
32.62,1544518180,382.92,51.490598,7.416837,151.09,0.00,0.00,102.89,0,-98,-18,0,0,49,0,0,274
33.63,1544518181,382.92,51.490598,7.416837,151.10,0.00,0.00,102.89,0,-92,-12,0,0,49,0,0,275
33.63,1544518181,382.92,51.490598,7.416837,151.10,0.00,0.00,102.89,0,-98,-18,0,0,49,0,0,274
34.63,1544518182,382.92,51.490598,7.416837,151.10,0.00,0.00,102.89,0,-103,-15,0,0,37,0,0,452
34.63,1544518182,382.92,51.490598,7.416837,151.10,0.00,0.00,102.89,0,-104,-17,0,0,38,0,0,306
34.63,1544518182,382.92,51.490598,7.416837,151.10,0.00,0.00,102.89,0,-104,-17,0,0,39,0,0,61
34.63,1544518182,382.92,51.490598,7.416837,151.10,0.00,0.00,102.89,0,-93,-12,0,0,48,0,0,275
34.63,1544518182,382.92,51.490598,7.416837,151.10,0.00,0.00,102.89,0,-99,-17,0,0,48,0,0,274
35.63,1544518183,382.92,51.490598,7.416837,151.11,0.00,0.00,102.89,0,-103,-15,0,0,37,0,0,452
35.63,1544518183,382.92,51.490598,7.416837,151.11,0.00,0.00,102.89,0,-104,-17,0,0,38,0,0,306
35.63,1544518183,382.92,51.490598,7.416837,151.11,0.00,0.00,102.89,0,-104,-17,0,0,39,0,0,61
35.63,1544518183,382.92,51.490598,7.416837,151.11,0.00,0.00,102.89,0,-93,-12,0,0,48,0,0,275
35.63,1544518183,382.92,51.490598,7.416837,151.11,0.00,0.00,102.89,0,-99,-17,0,0,48,0,0,274
36.63,1544518184,382.92,51.490598,7.416837,151.12,0.00,0.00,102.89,0,-104,-19,0,0,40,0,0,61
36.63,1544518184,382.92,51.490598,7.416837,151.12,0.00,0.00,102.89,0,-104,-20,0,0,41,0,0,264
36.63,1544518184,382.92,51.490598,7.416837,151.12,0.00,0.00,102.89,0,-104,-19,0,0,40,0,0,306
36.63,1544518184,382.92,51.490598,7.416837,151.12,0.00,0.00,102.89,0,-93,-11,0,0,48,0,0,275
36.63,1544518184,382.92,51.490598,7.416837,151.12,0.00,0.00,102.89,0,-98,-16,0,0,48,0,0,274
37.63,1544518185,382.92,51.490598,7.416837,151.13,0.00,0.00,102.89,0,-104,-19,0,0,40,0,0,61
37.63,1544518185,382.92,51.490598,7.416837,151.13,0.00,0.00,102.89,0,-104,-20,0,0,41,0,0,264
37.63,1544518185,382.92,51.490598,7.416837,151.13,0.00,0.00,102.89,0,-104,-19,0,0,40,0,0,306
37.63,1544518185,382.92,51.490598,7.416837,151.13,0.00,0.00,102.89,0,-93,-11,0,0,48,0,0,275
37.63,1544518185,382.92,51.490598,7.416837,151.13,0.00,0.00,102.89,0,-98,-16,0,0,48,0,0,274
38.63,1544518186,382.92,51.490598,7.416837,151.14,0.00,0.00,102.89,0,-104,-18,0,0,40,0,0,306
38.63,1544518186,382.92,51.490598,7.416837,151.14,0.00,0.00,102.89,0,-104,-19,0,0,40,0,0,61
38.63,1544518186,382.92,51.490598,7.416837,151.14,0.00,0.00,102.89,0,-104,-19,0,0,41,0,0,264
38.63,1544518186,382.92,51.490598,7.416837,151.14,0.00,0.00,102.89,0,-94,-12,0,0,47,0,0,275
38.63,1544518186,382.92,51.490598,7.416837,151.14,0.00,0.00,102.89,0,-99,-16,0,0,47,0,0,274
39.63,1544518187,382.92,51.490598,7.416837,151.15,0.00,0.00,102.89,0,-104,-18,0,0,40,0,0,306
39.63,1544518187,382.92,51.490598,7.416837,151.15,0.00,0.00,102.89,0,-104,-19,0,0,40,0,0,61
39.63,1544518187,382.92,51.490598,7.416837,151.15,0.00,0.00,102.89,0,-104,-19,0,0,41,0,0,264
39.63,1544518187,382.92,51.490598,7.416837,151.15,0.00,0.00,102.89,0,-94,-12,0,0,47,0,0,275
39.63,1544518187,382.92,51.490598,7.416837,151.15,0.00,0.00,102.89,0,-99,-16,0,0,47,0,0,274
40.63,1544518188,382.92,51.490598,7.416837,151.16,0.00,0.00,102.89,0,-103,-19,0,0,41,0,0,306
40.63,1544518188,382.92,51.490598,7.416837,151.16,0.00,0.00,102.89,0,-103,-19,0,0,41,0,0,61
40.63,1544518188,382.92,51.490598,7.416837,151.16,0.00,0.00,102.89,0,-92,-11,0,0,48,0,0,275
40.63,1544518188,382.92,51.490598,7.416837,151.16,0.00,0.00,102.89,0,-98,-17,0,0,48,0,0,274
41.63,1544518189,382.92,51.490598,7.416837,151.17,0.00,0.00,102.89,0,-103,-19,0,0,41,0,0,306
41.63,1544518189,382.92,51.490598,7.416837,151.17,0.00,0.00,102.89,0,-103,-19,0,0,41,0,0,61
41.63,1544518189,382.92,51.490598,7.416837,151.17,0.00,0.00,102.89,0,-92,-11,0,0,48,0,0,275
41.63,1544518189,382.92,51.490598,7.416837,151.17,0.00,0.00,102.89,0,-98,-17,0,0,48,0,0,274
42.63,1544518190,382.92,51.490598,7.416837,151.18,0.00,0.00,102.89,0,-103,-19,0,0,41,0,0,306
42.63,1544518190,382.92,51.490598,7.416837,151.18,0.00,0.00,102.89,0,-103,-19,0,0,41,0,0,61
42.63,1544518190,382.92,51.490598,7.416837,151.18,0.00,0.00,102.89,0,-92,-11,0,0,48,0,0,275
42.63,1544518190,382.92,51.490598,7.416837,151.18,0.00,0.00,102.89,0,-99,-16,0,0,48,0,0,274
43.63,1544518191,382.92,51.490598,7.416837,151.19,0.00,0.00,102.89,0,-103,-19,0,0,41,0,0,306
43.63,1544518191,382.92,51.490598,7.416837,151.19,0.00,0.00,102.89,0,-103,-19,0,0,41,0,0,61
43.63,1544518191,382.92,51.490598,7.416837,151.19,0.00,0.00,102.89,0,-92,-11,0,0,48,0,0,275
43.63,1544518191,382.92,51.490598,7.416837,151.19,0.00,0.00,102.89,0,-99,-16,0,0,48,0,0,274
44.63,1544518192,382.92,51.490598,7.416837,151.20,0.00,0.00,102.89,0,-103,-18,0,0,41,0,0,306
44.64,1544518192,382.92,51.490598,7.416837,151.20,0.00,0.00,102.89,0,-104,-19,0,0,41,0,0,61
44.64,1544518192,382.92,51.490598,7.416837,151.20,0.00,0.00,102.89,0,-93,-11,0,0,48,0,0,275
44.64,1544518192,382.92,51.490598,7.416837,151.20,0.00,0.00,102.89,0,-99,-16,0,0,48,0,0,274
45.63,1544518193,382.92,51.490598,7.416837,151.21,0.00,0.00,102.89,0,-103,-18,0,0,41,0,0,306
45.63,1544518193,382.92,51.490598,7.416837,151.21,0.00,0.00,102.89,0,-104,-19,0,0,41,0,0,61
45.63,1544518193,382.92,51.490598,7.416837,151.21,0.00,0.00,102.89,0,-93,-11,0,0,48,0,0,275
45.63,1544518193,382.92,51.490598,7.416837,151.21,0.00,0.00,102.89,0,-99,-16,0,0,48,0,0,274
46.63,1544518194,382.92,51.490598,7.416837,151.21,0.00,0.00,102.89,0,-103,-18,0,0,41,0,0,306
46.63,1544518194,382.92,51.490598,7.416837,151.21,0.00,0.00,102.89,0,-104,-19,0,0,41,0,0,61
46.63,1544518194,382.92,51.490598,7.416837,151.21,0.00,0.00,102.89,0,-93,-11,0,0,48,0,0,275
46.63,1544518194,382.92,51.490598,7.416837,151.21,0.00,0.00,102.89,0,-99,-16,0,0,48,0,0,274
47.63,1544518195,382.92,51.490598,7.416837,151.22,0.00,0.00,102.89,0,-103,-19,0,0,41,0,0,306
47.63,1544518195,382.92,51.490598,7.416837,151.22,0.00,0.00,102.89,0,-104,-20,0,0,41,0,0,61
47.63,1544518195,382.92,51.490598,7.416837,151.22,0.00,0.00,102.89,0,-93,-12,0,0,48,0,0,275
47.63,1544518195,382.92,51.490598,7.416837,151.22,0.00,0.00,102.89,0,-98,-16,0,0,48,0,0,274
48.63,1544518196,382.92,51.490598,7.416837,151.23,0.00,0.00,102.89,0,-103,-19,0,0,41,0,0,306
48.63,1544518196,382.92,51.490598,7.416837,151.23,0.00,0.00,102.89,0,-104,-20,0,0,41,0,0,61
48.63,1544518196,382.92,51.490598,7.416837,151.23,0.00,0.00,102.89,0,-93,-12,0,0,48,0,0,275
48.63,1544518196,382.92,51.490598,7.416837,151.23,0.00,0.00,102.89,0,-98,-16,0,0,48,0,0,274
49.63,1544518197,382.92,51.490598,7.416837,151.24,0.00,0.00,102.89,0,-104,-17,0,0,39,0,0,306
49.63,1544518197,382.92,51.490598,7.416837,151.24,0.00,0.00,102.89,0,-104,-18,0,0,39,0,0,61
49.63,1544518197,382.92,51.490598,7.416837,151.24,0.00,0.00,102.89,0,-93,-11,0,0,46,0,0,275
49.63,1544518197,382.92,51.490598,7.416837,151.24,0.00,0.00,102.89,0,-99,-16,0,0,46,0,0,274
50.63,1544518198,382.92,51.490598,7.416837,151.24,0.00,0.00,102.89,0,-104,-17,0,0,39,0,0,306
50.63,1544518198,382.92,51.490598,7.416837,151.24,0.00,0.00,102.89,0,-104,-18,0,0,39,0,0,61
50.63,1544518198,382.92,51.490598,7.416837,151.24,0.00,0.00,102.89,0,-93,-11,0,0,46,0,0,275
50.63,1544518198,382.92,51.490598,7.416837,151.24,0.00,0.00,102.89,0,-99,-16,0,0,46,0,0,274
51.63,1544518199,382.92,51.490598,7.416837,151.25,0.00,0.00,102.89,0,-103,-17,0,0,40,0,0,306
51.63,1544518199,382.92,51.490598,7.416837,151.25,0.00,0.00,102.89,0,-104,-18,0,0,40,0,0,452
51.63,1544518199,382.92,51.490598,7.416837,151.25,0.00,0.00,102.89,0,-104,-18,0,0,40,0,0,61
51.63,1544518199,382.92,51.490598,7.416837,151.25,0.00,0.00,102.89,0,-92,-11,0,0,46,0,0,275
51.63,1544518199,382.92,51.490598,7.416837,151.25,0.00,0.00,102.89,0,-99,-16,0,0,46,0,0,274
52.63,1544518200,382.92,51.490598,7.416837,151.26,0.00,0.00,102.89,0,-103,-17,0,0,40,0,0,306
52.63,1544518200,382.92,51.490598,7.416837,151.26,0.00,0.00,102.89,0,-104,-18,0,0,40,0,0,452
52.63,1544518200,382.92,51.490598,7.416837,151.26,0.00,0.00,102.89,0,-104,-18,0,0,40,0,0,61
52.63,1544518200,382.92,51.490598,7.416837,151.26,0.00,0.00,102.89,0,-92,-11,0,0,46,0,0,275
52.63,1544518200,382.92,51.490598,7.416837,151.26,0.00,0.00,102.89,0,-99,-16,0,0,46,0,0,274
53.63,1544518201,382.92,51.490598,7.416837,151.27,0.00,0.00,102.89,0,-103,-20,0,0,42,0,0,264
53.63,1544518201,382.92,51.490598,7.416837,151.27,0.00,0.00,102.89,0,-104,-20,0,0,41,0,0,61
53.63,1544518201,382.92,51.490598,7.416837,151.27,0.00,0.00,102.89,0,-104,-20,0,0,41,0,0,452
53.63,1544518201,382.92,51.490598,7.416837,151.27,0.00,0.00,102.89,0,-94,-12,0,0,48,0,0,275
53.63,1544518201,382.92,51.490598,7.416837,151.27,0.00,0.00,102.89,0,-99,-16,0,0,48,0,0,274
54.63,1544518202,382.92,51.490598,7.416837,151.28,0.00,0.00,102.89,0,-103,-20,0,0,42,0,0,264
54.63,1544518202,382.92,51.490598,7.416837,151.28,0.00,0.00,102.89,0,-104,-20,0,0,41,0,0,61
54.63,1544518202,382.92,51.490598,7.416837,151.28,0.00,0.00,102.89,0,-104,-20,0,0,41,0,0,452
54.63,1544518202,382.92,51.490598,7.416837,151.28,0.00,0.00,102.89,0,-94,-12,0,0,48,0,0,275
54.63,1544518202,382.92,51.490598,7.416837,151.28,0.00,0.00,102.89,0,-99,-16,0,0,48,0,0,274
55.63,1544518203,382.92,51.490598,7.416837,151.29,0.00,0.00,102.89,0,-104,-19,0,0,41,0,0,452
55.63,1544518203,382.92,51.490598,7.416837,151.29,0.00,0.00,102.89,0,-105,-19,0,0,40,0,0,61
55.63,1544518203,382.92,51.490598,7.416837,151.29,0.00,0.00,102.89,0,-105,-19,0,0,40,0,0,264
55.63,1544518203,382.92,51.490598,7.416837,151.29,0.00,0.00,102.89,0,-94,-12,0,0,47,0,0,275
55.63,1544518203,382.92,51.490598,7.416837,151.29,0.00,0.00,102.89,0,-99,-16,0,0,47,0,0,274
56.63,1544518204,382.92,51.490598,7.416837,151.30,0.00,0.00,102.89,0,-104,-19,0,0,41,0,0,452
56.63,1544518204,382.92,51.490598,7.416837,151.30,0.00,0.00,102.89,0,-105,-19,0,0,40,0,0,61
56.63,1544518204,382.92,51.490598,7.416837,151.30,0.00,0.00,102.89,0,-105,-19,0,0,40,0,0,264
56.63,1544518204,382.92,51.490598,7.416837,151.30,0.00,0.00,102.89,0,-94,-12,0,0,47,0,0,275
56.63,1544518204,382.92,51.490598,7.416837,151.30,0.00,0.00,102.89,0,-99,-16,0,0,47,0,0,274
57.63,1544518205,382.92,51.490598,7.416837,151.32,0.00,0.00,102.89,0,-103,-19,0,0,41,0,0,306
57.63,1544518205,382.92,51.490598,7.416837,151.32,0.00,0.00,102.89,0,-104,-20,0,0,41,0,0,452
57.63,1544518205,382.92,51.490598,7.416837,151.32,0.00,0.00,102.89,0,-104,-19,0,0,40,0,0,61
57.63,1544518205,382.92,51.490598,7.416837,151.32,0.00,0.00,102.89,0,-93,-13,0,0,48,0,0,275
57.63,1544518205,382.92,51.490598,7.416837,151.32,0.00,0.00,102.89,0,-99,-17,0,0,48,0,0,274
58.63,1544518206,382.92,51.490598,7.416837,151.54,0.00,0.00,95.79,0,-103,-19,0,0,41,0,0,306
58.63,1544518206,382.92,51.490598,7.416837,151.54,0.00,0.00,95.79,0,-104,-20,0,0,41,0,0,452
58.63,1544518206,382.92,51.490598,7.416837,151.54,0.00,0.00,95.79,0,-104,-19,0,0,40,0,0,61
58.63,1544518206,382.92,51.490598,7.416837,151.54,0.00,0.00,95.79,0,-93,-13,0,0,48,0,0,275
58.63,1544518206,382.92,51.490598,7.416837,151.54,0.00,0.00,95.79,0,-99,-17,0,0,48,0,0,274
59.63,1544518207,382.92,51.490587,7.416942,151.79,0.00,0.00,98.63,0,-92,-11,0,0,49,0,0,275
59.63,1544518207,382.92,51.490587,7.416942,151.79,0.00,0.00,98.63,0,-98,-17,0,0,49,0,0,274
60.63,1544518208,382.93,51.490577,7.417017,154.27,4.61,0.00,99.44,0,-92,-11,0,0,49,0,0,275
60.63,1544518208,382.93,51.490577,7.417017,154.27,4.61,0.00,99.44,0,-98,-17,0,0,49,0,0,274
61.63,1544518209,387.53,51.490568,7.417102,156.23,5.00,0.00,97.19,0,-103,-20,0,0,42,0,0,61
61.63,1544518209,387.54,51.490568,7.417102,156.23,5.00,0.00,97.19,0,-91,-12,0,0,50,0,0,275
62.63,1544518210,392.52,51.490584,7.417165,157.73,5.71,0.00,65.91,0,-103,-20,0,0,42,0,0,61
62.63,1544518210,392.52,51.490584,7.417165,157.73,5.71,0.00,65.91,0,-91,-12,0,0,50,0,0,275
63.63,1544518211,398.23,51.490624,7.417241,158.56,5.55,0.00,42.59,0,-93,-9,0,0,46,0,0,275
64.63,1544518212,403.78,51.490689,7.417269,158.95,7.34,0.00,14.54,0,-93,-9,0,0,46,0,0,275
65.63,1544518213,411.16,51.490755,7.417259,158.70,8.59,0.00,354.85,0,-85,-7,0,0,51,0,0,275
66.63,1544518214,419.71,51.490827,7.417241,157.85,8.71,0.00,353.27,0,-85,-7,0,0,51,0,0,275
67.63,1544518215,428.42,51.490902,7.417211,157.35,8.75,0.00,352.48,0,-85,-7,0,0,51,0,0,275
68.63,1544518216,437.18,51.490988,7.417174,157.10,9.23,0.00,351.36,0,-83,-7,0,0,55,0,0,275
69.63,1544518217,446.40,51.491076,7.417132,156.86,8.98,0.00,350.12,0,-83,-7,0,0,55,0,0,275
70.63,1544518218,455.40,51.491151,7.417092,156.85,9.20,0.00,349.42,0,-87,-7,0,0,50,0,0,275
71.62,1544518219,464.56,51.491226,7.417052,156.87,9.00,0.00,348.78,0,-87,-7,0,0,50,0,0,275
72.63,1544518220,473.58,51.491303,7.417013,156.92,8.84,0.00,348.43,0,-86,-8,0,0,51,0,0,275
73.63,1544518221,482.42,51.491373,7.416978,156.81,8.67,0.00,347.54,0,-86,-8,0,0,51,0,0,275
74.63,1544518222,491.10,51.491449,7.416945,156.52,8.95,0.00,347.17,0,-90,-10,0,0,49,0,0,275
75.63,1544518223,500.04,51.491528,7.416915,156.42,8.95,0.00,346.51,0,-90,-10,0,0,49,0,0,275
76.63,1544518224,509.00,51.491606,7.416883,156.50,8.82,0.00,345.58,0,-104,-18,0,0,39,0,0,306
76.63,1544518224,509.02,51.491606,7.416883,156.50,8.82,0.00,345.58,0,-105,-20,0,0,39,0,0,59
76.63,1544518224,509.02,51.491606,7.416883,156.50,8.82,0.00,345.58,0,-106,-20,0,0,40,0,0,339
76.63,1544518224,509.03,51.491606,7.416883,156.50,8.82,0.00,345.58,0,-94,-11,0,0,46,0,0,275
77.63,1544518225,517.82,51.491674,7.416850,156.44,8.59,0.00,344.77,0,-104,-18,0,0,39,0,0,306
77.63,1544518225,517.83,51.491674,7.416850,156.44,8.59,0.00,344.77,0,-105,-20,0,0,39,0,0,59
77.63,1544518225,517.83,51.491674,7.416850,156.44,8.59,0.00,344.77,0,-106,-20,0,0,40,0,0,339
77.63,1544518225,517.84,51.491674,7.416850,156.44,8.59,0.00,344.77,0,-94,-11,0,0,46,0,0,275
78.62,1544518226,526.38,51.491749,7.416811,156.19,8.43,0.00,343.19,0,-106,-20,0,0,40,0,0,59
78.62,1544518226,526.39,51.491749,7.416811,156.19,8.43,0.00,343.19,0,-95,-12,0,0,46,0,0,275
78.62,1544518226,526.39,51.491749,7.416811,156.19,8.43,0.00,343.19,0,-102,-19,0,0,46,0,0,385
79.63,1544518227,534.86,51.491810,7.416775,155.90,8.53,0.00,341.66,0,-106,-20,0,0,40,0,0,59
79.63,1544518227,534.86,51.491810,7.416775,155.90,8.53,0.00,341.66,0,-95,-12,0,0,46,0,0,275
79.63,1544518227,534.86,51.491810,7.416775,155.90,8.53,0.00,341.66,0,-102,-19,0,0,46,0,0,385
80.64,1544518228,543.46,51.491890,7.416723,155.86,9.07,0.00,339.58,0,-107,-19,0,0,38,0,0,284
80.64,1544518228,543.46,51.491890,7.416723,155.86,9.07,0.00,339.58,0,-107,-20,0,0,38,0,0,339
80.64,1544518228,543.47,51.491890,7.416723,155.86,9.07,0.00,339.58,0,-98,-12,0,0,43,0,0,275
80.64,1544518228,543.48,51.491890,7.416723,155.86,9.07,0.00,339.58,0,-101,-14,0,0,43,0,0,65
81.63,1544518229,552.44,51.491954,7.416674,155.31,9.22,0.00,337.30,0,-107,-19,0,0,38,0,0,284
81.63,1544518229,552.44,51.491954,7.416674,155.31,9.22,0.00,337.30,0,-107,-20,0,0,38,0,0,339
81.63,1544518229,552.45,51.491954,7.416674,155.31,9.22,0.00,337.30,0,-98,-12,0,0,43,0,0,275
81.63,1544518229,552.46,51.491954,7.416674,155.31,9.22,0.00,337.30,0,-101,-14,0,0,43,0,0,65
82.63,1544518230,561.67,51.492019,7.416618,154.98,7.47,0.00,334.27,0,-102,-16,0,0,39,0,0,306
82.63,1544518230,561.67,51.492019,7.416618,154.98,7.47,0.00,334.27,0,-106,-20,0,0,39,0,0,284
82.63,1544518230,561.67,51.492019,7.416618,154.98,7.47,0.00,334.27,0,-99,-13,0,0,43,0,0,65
82.63,1544518230,561.68,51.492019,7.416618,154.98,7.47,0.00,334.27,0,-99,-13,0,0,44,0,0,275
83.62,1544518231,569.06,51.492088,7.416560,154.48,8.04,0.00,333.32,0,-102,-16,0,0,39,0,0,306
83.62,1544518231,569.07,51.492088,7.416560,154.48,8.04,0.00,333.32,0,-106,-20,0,0,39,0,0,284
83.62,1544518231,569.07,51.492088,7.416560,154.48,8.04,0.00,333.32,0,-99,-13,0,0,43,0,0,65
83.62,1544518231,569.07,51.492088,7.416560,154.48,8.04,0.00,333.32,0,-99,-13,0,0,44,0,0,275
84.62,1544518232,577.12,51.492161,7.416494,154.61,8.31,0.00,331.98,0,-104,-17,0,0,39,0,0,306
84.62,1544518232,577.12,51.492161,7.416494,154.61,8.31,0.00,331.98,0,-106,-20,0,0,39,0,0,339
84.62,1544518232,577.12,51.492161,7.416494,154.61,8.31,0.00,331.98,0,-100,-14,0,0,43,0,0,65
84.62,1544518232,577.13,51.492161,7.416494,154.61,8.31,0.00,331.98,0,-100,-14,0,0,43,0,0,275
85.63,1544518233,585.47,51.492228,7.416429,155.04,8.10,0.00,330.06,0,-104,-17,0,0,39,0,0,306
85.63,1544518233,585.48,51.492228,7.416429,155.04,8.10,0.00,330.06,0,-106,-20,0,0,39,0,0,339
85.63,1544518233,585.48,51.492228,7.416429,155.04,8.10,0.00,330.06,0,-100,-14,0,0,43,0,0,65
85.63,1544518233,585.49,51.492228,7.416429,155.04,8.10,0.00,330.06,0,-100,-14,0,0,43,0,0,275
86.64,1544518234,593.66,51.492303,7.416357,155.65,8.71,0.00,330.99,0,-101,-16,0,0,40,0,0,306
86.64,1544518234,593.66,51.492303,7.416357,155.65,8.71,0.00,330.99,0,-104,-19,0,0,41,0,0,146
86.64,1544518234,593.66,51.492303,7.416357,155.65,8.71,0.00,330.99,0,-105,-20,0,0,41,0,0,303
86.64,1544518234,593.67,51.492303,7.416357,155.65,8.71,0.00,330.99,0,-100,-14,0,0,43,0,0,275
86.64,1544518234,593.68,51.492303,7.416357,155.65,8.71,0.00,330.99,0,-102,-17,0,0,43,0,0,65
87.63,1544518235,602.29,51.492369,7.416303,156.72,8.35,0.00,332.27,0,-101,-16,0,0,40,0,0,306
87.63,1544518235,602.30,51.492369,7.416303,156.72,8.35,0.00,332.27,0,-104,-19,0,0,41,0,0,146
87.63,1544518235,602.30,51.492369,7.416303,156.72,8.35,0.00,332.27,0,-105,-20,0,0,41,0,0,303
87.63,1544518235,602.30,51.492369,7.416303,156.72,8.35,0.00,332.27,0,-100,-14,0,0,43,0,0,275
87.63,1544518235,602.31,51.492369,7.416303,156.72,8.35,0.00,332.27,0,-102,-17,0,0,43,0,0,65
88.63,1544518236,610.65,51.492453,7.416239,157.50,9.22,0.00,334.10,0,-101,-16,0,0,40,0,0,306
88.63,1544518236,610.65,51.492453,7.416239,157.50,9.22,0.00,334.10,0,-104,-19,0,0,41,0,0,146
88.63,1544518236,610.66,51.492453,7.416239,157.50,9.22,0.00,334.10,0,-105,-20,0,0,41,0,0,303
88.63,1544518236,610.67,51.492453,7.416239,157.50,9.22,0.00,334.10,0,-100,-14,0,0,43,0,0,275
88.63,1544518236,610.67,51.492453,7.416239,157.50,9.22,0.00,334.10,0,-102,-17,0,0,43,0,0,65
89.63,1544518237,619.85,51.492526,7.416192,158.88,9.00,0.00,336.12,0,-105,-18,0,0,38,0,0,306
89.63,1544518237,619.85,51.492526,7.416192,158.88,9.00,0.00,336.12,0,-105,-18,0,0,38,0,0,146
89.63,1544518237,619.86,51.492526,7.416192,158.88,9.00,0.00,336.12,0,-107,-20,0,0,38,0,0,375
89.63,1544518237,619.87,51.492526,7.416192,158.88,9.00,0.00,336.12,0,-99,-13,0,0,43,0,0,275
89.63,1544518237,619.88,51.492526,7.416192,158.88,9.00,0.00,336.12,0,-105,-18,0,0,42,0,0,65
90.63,1544518238,628.90,51.492597,7.416157,159.51,8.79,0.00,339.81,0,-105,-18,0,0,38,0,0,306
90.63,1544518238,628.91,51.492597,7.416157,159.51,8.79,0.00,339.81,0,-105,-18,0,0,38,0,0,146
90.63,1544518238,628.92,51.492597,7.416157,159.51,8.79,0.00,339.81,0,-107,-20,0,0,38,0,0,375
90.63,1544518238,628.93,51.492597,7.416157,159.51,8.79,0.00,339.81,0,-99,-13,0,0,43,0,0,275
90.63,1544518238,628.93,51.492597,7.416157,159.51,8.79,0.00,339.81,0,-105,-18,0,0,42,0,0,65
91.62,1544518239,637.62,51.492672,7.416122,159.99,8.24,0.00,341.07,0,-104,-19,0,0,41,0,0,146
91.63,1544518239,637.63,51.492672,7.416122,159.99,8.24,0.00,341.07,0,-97,-10,0,0,43,0,0,275
92.63,1544518240,645.87,51.492768,7.416084,159.70,8.78,0.00,343.73,0,-104,-19,0,0,41,0,0,146
92.63,1544518240,645.87,51.492768,7.416084,159.70,8.78,0.00,343.73,0,-97,-10,0,0,43,0,0,275
93.63,1544518241,654.66,51.492860,7.416047,159.58,9.52,0.00,344.60,0,-104,-18,0,0,41,0,0,146
93.63,1544518241,654.67,51.492860,7.416047,159.58,9.52,0.00,344.60,0,-100,-10,0,0,40,0,0,275
94.63,1544518242,664.16,51.492946,7.416009,159.13,9.38,0.00,342.26,0,-104,-18,0,0,41,0,0,146
94.63,1544518242,664.16,51.492946,7.416009,159.13,9.38,0.00,342.26,0,-100,-10,0,0,40,0,0,275
95.63,1544518243,673.57,51.493028,7.415973,157.95,8.96,0.00,341.62,0,-109,-17,0,0,34,0,0,146
95.63,1544518243,673.57,51.493028,7.415973,157.95,8.96,0.00,341.62,0,-110,-19,0,0,35,0,0,339
95.63,1544518243,673.58,51.493028,7.415973,157.95,8.96,0.00,341.62,0,-111,-20,0,0,35,0,0,144
95.63,1544518243,673.59,51.493028,7.415973,157.95,8.96,0.00,341.62,0,-102,-10,0,0,37,0,0,275
95.63,1544518243,673.60,51.493028,7.415973,157.95,8.96,0.00,341.62,0,-106,-12,0,0,36,0,0,37
96.63,1544518244,682.54,51.493113,7.415941,157.14,9.34,0.00,344.05,0,-109,-17,0,0,34,0,0,146
96.63,1544518244,682.54,51.493113,7.415941,157.14,9.34,0.00,344.05,0,-110,-19,0,0,35,0,0,339
96.63,1544518244,682.55,51.493113,7.415941,157.14,9.34,0.00,344.05,0,-111,-20,0,0,35,0,0,144
96.63,1544518244,682.56,51.493113,7.415941,157.14,9.34,0.00,344.05,0,-102,-10,0,0,37,0,0,275
96.63,1544518244,682.57,51.493113,7.415941,157.14,9.34,0.00,344.05,0,-106,-12,0,0,36,0,0,37
97.63,1544518245,691.85,51.493199,7.415910,156.68,9.15,0.00,343.67,0,-108,-19,0,0,37,0,0,339
97.63,1544518245,691.85,51.493199,7.415910,156.68,9.15,0.00,343.67,0,-109,-19,0,0,37,0,0,306
97.63,1544518245,691.86,51.493199,7.415910,156.68,9.15,0.00,343.67,0,-104,-12,0,0,37,0,0,275
97.63,1544518245,691.87,51.493199,7.415910,156.68,9.15,0.00,343.67,0,-105,-14,0,0,39,0,0,34
98.63,1544518246,701.00,51.493290,7.415882,156.15,8.96,0.00,344.86,0,-108,-19,0,0,37,0,0,339
98.63,1544518246,701.01,51.493290,7.415882,156.15,8.96,0.00,344.86,0,-109,-19,0,0,37,0,0,306
98.63,1544518246,701.01,51.493290,7.415882,156.15,8.96,0.00,344.86,0,-104,-12,0,0,37,0,0,275
98.63,1544518246,701.02,51.493290,7.415882,156.15,8.96,0.00,344.86,0,-105,-14,0,0,39,0,0,34
99.63,1544518247,709.96,51.493373,7.415865,155.30,8.14,0.00,347.71,0,-109,-18,0,0,36,0,0,339
99.63,1544518247,709.97,51.493373,7.415865,155.30,8.14,0.00,347.71,0,-110,-19,0,0,36,0,0,146
99.63,1544518247,709.97,51.493373,7.415865,155.30,8.14,0.00,347.71,0,-110,-19,0,0,36,0,0,59
99.63,1544518247,709.98,51.493373,7.415865,155.30,8.14,0.00,347.71,0,-104,-16,0,0,40,0,0,34
99.63,1544518247,709.98,51.493373,7.415865,155.30,8.14,0.00,347.71,0,-106,-17,0,0,40,0,0,275
100.63,1544518248,718.15,51.493444,7.415853,154.80,8.67,0.00,348.45,0,-109,-18,0,0,36,0,0,339
100.63,1544518248,718.15,51.493444,7.415853,154.80,8.67,0.00,348.45,0,-110,-19,0,0,36,0,0,146
100.63,1544518248,718.16,51.493444,7.415853,154.80,8.67,0.00,348.45,0,-110,-19,0,0,36,0,0,59
100.63,1544518248,718.17,51.493444,7.415853,154.80,8.67,0.00,348.45,0,-104,-16,0,0,40,0,0,34
100.64,1544518248,718.18,51.493444,7.415853,154.80,8.67,0.00,348.45,0,-106,-17,0,0,40,0,0,275
101.63,1544518249,726.77,51.493520,7.415838,154.48,8.67,0.00,348.79,0,-110,-19,0,0,34,0,0,306
101.63,1544518249,726.78,51.493520,7.415838,154.48,8.67,0.00,348.79,0,-110,-20,0,0,35,0,0,146
101.63,1544518249,726.78,51.493520,7.415838,154.48,8.67,0.00,348.79,0,-110,-19,0,0,34,0,0,375
101.63,1544518249,726.79,51.493520,7.415838,154.48,8.67,0.00,348.79,0,-105,-12,0,0,36,0,0,34
101.63,1544518249,726.80,51.493520,7.415838,154.48,8.67,0.00,348.79,0,-107,-14,0,0,35,0,0,275
102.63,1544518250,735.44,51.493599,7.415821,154.24,8.59,0.00,348.58,0,-110,-19,0,0,34,0,0,306
102.63,1544518250,735.44,51.493599,7.415821,154.24,8.59,0.00,348.58,0,-110,-20,0,0,35,0,0,146
102.63,1544518250,735.45,51.493599,7.415821,154.24,8.59,0.00,348.58,0,-110,-19,0,0,34,0,0,375
102.63,1544518250,735.45,51.493599,7.415821,154.24,8.59,0.00,348.58,0,-105,-12,0,0,36,0,0,34
102.63,1544518250,735.46,51.493599,7.415821,154.24,8.59,0.00,348.58,0,-107,-14,0,0,35,0,0,275
103.63,1544518251,744.03,51.493689,7.415800,154.15,8.79,0.00,347.95,0,-104,-13,0,0,37,0,0,34
103.63,1544518251,744.04,51.493689,7.415800,154.15,8.79,0.00,347.95,0,-105,-12,0,0,37,0,0,275
104.63,1544518252,752.82,51.493767,7.415783,153.75,9.00,0.00,348.28,0,-104,-13,0,0,37,0,0,34
104.63,1544518252,752.83,51.493767,7.415783,153.75,9.00,0.00,348.28,0,-105,-12,0,0,37,0,0,275
105.63,1544518253,761.83,51.493835,7.415765,152.77,8.54,0.00,347.58,0,-110,-18,0,0,34,0,0,375
105.63,1544518253,761.84,51.493835,7.415765,152.77,8.54,0.00,347.58,0,-111,-19,0,0,34,0,0,306
105.63,1544518253,761.85,51.493835,7.415765,152.77,8.54,0.00,347.58,0,-103,-15,0,0,40,0,0,34
105.63,1544518253,761.85,51.493835,7.415765,152.77,8.54,0.00,347.58,0,-104,-16,0,0,41,0,0,275
106.63,1544518254,770.37,51.493930,7.415735,152.01,8.96,0.00,348.05,0,-110,-18,0,0,34,0,0,375
106.63,1544518254,770.38,51.493930,7.415735,152.01,8.96,0.00,348.05,0,-111,-19,0,0,34,0,0,306
106.63,1544518254,770.39,51.493930,7.415735,152.01,8.96,0.00,348.05,0,-103,-15,0,0,40,0,0,34
106.63,1544518254,770.40,51.493930,7.415735,152.01,8.96,0.00,348.05,0,-104,-16,0,0,41,0,0,275
107.63,1544518255,779.41,51.494020,7.415702,151.59,9.49,0.00,345.72,0,-112,-19,0,0,32,0,0,339
107.64,1544518255,779.42,51.494020,7.415702,151.59,9.49,0.00,345.72,0,-113,-19,0,0,32,0,0,375
107.64,1544518255,779.43,51.494020,7.415702,151.59,9.49,0.00,345.72,0,-113,-20,0,0,32,0,0,264
107.64,1544518255,779.43,51.494020,7.415702,151.59,9.49,0.00,345.72,0,-100,-12,0,0,42,0,0,34
108.63,1544518256,788.84,51.494098,7.415669,151.42,10.60,0.00,344.18,0,-112,-19,0,0,32,0,0,339
108.63,1544518256,788.85,51.494098,7.415669,151.42,10.60,0.00,344.18,0,-113,-19,0,0,32,0,0,375
108.63,1544518256,788.86,51.494098,7.415669,151.42,10.60,0.00,344.18,0,-113,-20,0,0,32,0,0,264
108.63,1544518256,788.87,51.494098,7.415669,151.42,10.60,0.00,344.18,0,-100,-12,0,0,42,0,0,34
109.63,1544518257,799.42,51.494187,7.415631,151.61,11.17,0.00,344.73,0,-112,-19,0,0,32,0,0,339
109.63,1544518257,799.43,51.494187,7.415631,151.61,11.17,0.00,344.73,0,-113,-19,0,0,32,0,0,375
109.63,1544518257,799.43,51.494187,7.415631,151.61,11.17,0.00,344.73,0,-113,-20,0,0,32,0,0,264
109.63,1544518257,799.45,51.494187,7.415631,151.61,11.17,0.00,344.73,0,-100,-12,0,0,42,0,0,34
110.63,1544518258,810.65,51.494271,7.415598,151.88,10.79,0.00,345.39,0,-113,-19,0,0,33,0,0,367
110.63,1544518258,810.66,51.494271,7.415598,151.88,10.79,0.00,345.39,0,-113,-20,0,0,33,0,0,16
110.63,1544518258,810.67,51.494271,7.415598,151.88,10.79,0.00,345.39,0,-114,-20,0,0,32,0,0,313
110.63,1544518258,810.68,51.494271,7.415598,151.88,10.79,0.00,345.39,0,-103,-15,0,0,42,0,0,34
110.63,1544518258,810.68,51.494271,7.415598,151.88,10.79,0.00,345.39,0,-105,-17,0,0,41,0,0,37
110.64,1544518258,810.69,51.494271,7.415598,151.88,10.79,0.00,345.39,0,0,0,0,0,63,0,0,303
110.64,1544518258,810.70,51.494271,7.415598,151.88,10.79,0.00,345.39,0,0,0,0,0,63,0,0,382
111.63,1544518259,821.38,51.494355,7.415566,152.17,10.03,0.00,346.06,0,-113,-19,0,0,33,0,0,367
111.63,1544518259,821.39,51.494355,7.415566,152.17,10.03,0.00,346.06,0,-113,-20,0,0,33,0,0,16
111.63,1544518259,821.40,51.494355,7.415566,152.17,10.03,0.00,346.06,0,-114,-20,0,0,32,0,0,313
111.63,1544518259,821.40,51.494355,7.415566,152.17,10.03,0.00,346.06,0,-103,-15,0,0,42,0,0,34
111.63,1544518259,821.41,51.494355,7.415566,152.17,10.03,0.00,346.06,0,-105,-17,0,0,41,0,0,37
111.63,1544518259,821.41,51.494355,7.415566,152.17,10.03,0.00,346.06,0,0,0,0,0,63,0,0,303
111.63,1544518259,821.42,51.494355,7.415566,152.17,10.03,0.00,346.06,0,0,0,0,0,63,0,0,382
112.63,1544518260,831.42,51.494438,7.415527,153.00,7.94,0.00,346.45,0,-110,-17,0,0,33,0,0,367
112.63,1544518260,831.43,51.494438,7.415527,153.00,7.94,0.00,346.45,0,-111,-18,0,0,32,0,0,16
112.63,1544518260,831.44,51.494438,7.415527,153.00,7.94,0.00,346.45,0,-113,-19,0,0,32,0,0,17
112.63,1544518260,831.44,51.494438,7.415527,153.00,7.94,0.00,346.45,0,-103,-15,0,0,41,0,0,34
112.63,1544518260,831.45,51.494438,7.415527,153.00,7.94,0.00,346.45,0,-103,-15,0,0,40,0,0,37
112.63,1544518260,831.46,51.494438,7.415527,153.00,7.94,0.00,346.45,0,0,0,0,0,63,0,0,303
112.63,1544518260,831.46,51.494438,7.415527,153.00,7.94,0.00,346.45,0,0,0,0,0,63,0,0,382
113.62,1544518261,839.33,51.494509,7.415500,153.57,6.24,0.00,344.80,0,-110,-17,0,0,33,0,0,367
113.62,1544518261,839.33,51.494509,7.415500,153.57,6.24,0.00,344.80,0,-111,-18,0,0,32,0,0,16
113.62,1544518261,839.33,51.494509,7.415500,153.57,6.24,0.00,344.80,0,-113,-19,0,0,32,0,0,17
113.63,1544518261,839.33,51.494509,7.415500,153.57,6.24,0.00,344.80,0,-103,-15,0,0,41,0,0,34
113.63,1544518261,839.33,51.494509,7.415500,153.57,6.24,0.00,344.80,0,-103,-15,0,0,40,0,0,37
113.63,1544518261,839.33,51.494509,7.415500,153.57,6.24,0.00,344.80,0,0,0,0,0,63,0,0,303
113.63,1544518261,839.34,51.494509,7.415500,153.57,6.24,0.00,344.80,0,0,0,0,0,63,0,0,382
114.63,1544518262,845.59,51.494542,7.415416,153.33,6.29,0.00,311.67,0,-109,-17,0,0,33,0,0,367
114.63,1544518262,845.59,51.494542,7.415416,153.33,6.29,0.00,311.67,0,-109,-17,0,0,33,0,0,17
114.63,1544518262,845.60,51.494542,7.415416,153.33,6.29,0.00,311.67,0,-110,-18,0,0,33,0,0,16
114.63,1544518262,845.60,51.494542,7.415416,153.33,6.29,0.00,311.67,0,-101,-15,0,0,43,0,0,37
114.63,1544518262,845.60,51.494542,7.415416,153.33,6.29,0.00,311.67,0,-102,-17,0,0,44,0,0,34
114.63,1544518262,845.61,51.494542,7.415416,153.33,6.29,0.00,311.67,0,0,0,0,0,63,0,0,303
115.63,1544518263,851.88,51.494547,7.415329,153.58,7.56,0.00,283.78,0,-109,-17,0,0,33,0,0,367
115.63,1544518263,851.89,51.494547,7.415329,153.58,7.56,0.00,283.78,0,-109,-17,0,0,33,0,0,17
115.63,1544518263,851.89,51.494547,7.415329,153.58,7.56,0.00,283.78,0,-110,-18,0,0,33,0,0,16
115.63,1544518263,851.89,51.494547,7.415329,153.58,7.56,0.00,283.78,0,-101,-15,0,0,43,0,0,37
115.63,1544518263,851.90,51.494547,7.415329,153.58,7.56,0.00,283.78,0,-102,-17,0,0,44,0,0,34
115.63,1544518263,851.91,51.494547,7.415329,153.58,7.56,0.00,283.78,0,0,0,0,0,63,0,0,303
116.63,1544518264,859.44,51.494537,7.415208,154.20,8.56,0.00,261.42,0,-109,-18,0,0,34,0,0,16
116.63,1544518264,859.45,51.494537,7.415208,154.20,8.56,0.00,261.42,0,-110,-18,0,0,34,0,0,450
116.63,1544518264,859.45,51.494537,7.415208,154.20,8.56,0.00,261.42,0,-111,-19,0,0,33,0,0,62
117.63,1544518265,868.00,51.494522,7.415068,154.96,8.89,0.00,261.94,0,-109,-18,0,0,34,0,0,16
117.63,1544518265,868.01,51.494522,7.415068,154.96,8.89,0.00,261.94,0,-110,-18,0,0,34,0,0,450
117.63,1544518265,868.01,51.494522,7.415068,154.96,8.89,0.00,261.94,0,-111,-19,0,0,33,0,0,62
120.63,1544518268,898.94,51.494468,7.414588,154.92,12.20,0.00,259.36,0,-104,-20,0,0,41,0,0,65
120.63,1544518268,898.95,51.494468,7.414588,154.92,12.20,0.00,259.36,0,-111,-17,0,0,33,0,0,306
120.63,1544518268,898.96,51.494468,7.414588,154.92,12.20,0.00,259.36,0,-111,-18,0,0,32,0,0,62
120.63,1544518268,898.98,51.494468,7.414588,154.92,12.20,0.00,259.36,0,-111,-17,0,0,33,0,0,450
121.63,1544518269,911.14,51.494439,7.414434,154.88,12.58,0.00,258.61,0,-104,-20,0,0,41,0,0,65
121.63,1544518269,911.14,51.494439,7.414434,154.88,12.58,0.00,258.61,0,-111,-17,0,0,33,0,0,306
121.63,1544518269,911.16,51.494439,7.414434,154.88,12.58,0.00,258.61,0,-111,-18,0,0,32,0,0,62
121.63,1544518269,911.17,51.494439,7.414434,154.88,12.58,0.00,258.61,0,-111,-17,0,0,33,0,0,450
122.63,1544518270,923.65,51.494412,7.414230,154.86,13.44,0.00,258.26,0,-105,-19,0,0,40,0,0,37
122.63,1544518270,923.66,51.494412,7.414230,154.86,13.44,0.00,258.26,0,-105,-19,0,0,40,0,0,65
123.63,1544518271,937.09,51.494390,7.414036,154.79,13.34,0.00,257.75,0,-105,-19,0,0,40,0,0,37
123.63,1544518271,937.09,51.494390,7.414036,154.79,13.34,0.00,257.75,0,-105,-19,0,0,40,0,0,65
124.62,1544518272,950.40,51.494366,7.413844,155.11,13.25,0.00,257.73,0,-104,-18,0,0,40,0,0,38
124.63,1544518272,950.42,51.494366,7.413844,155.11,13.25,0.00,257.73,0,-105,-19,0,0,40,0,0,65
125.63,1544518273,963.70,51.494340,7.413656,155.57,12.91,0.00,257.21,0,-104,-18,0,0,40,0,0,38
125.63,1544518273,963.71,51.494340,7.413656,155.57,12.91,0.00,257.21,0,-105,-19,0,0,40,0,0,65
126.62,1544518274,976.55,51.494314,7.413463,155.65,12.95,0.00,257.21,0,-102,-18,0,0,41,0,0,38
127.62,1544518275,989.52,51.494287,7.413277,155.76,13.10,0.00,257.60,0,-102,-18,0,0,41,0,0,38
128.63,1544518276,1002.76,51.494264,7.413089,155.80,13.27,0.00,258.48,0,-100,-17,0,0,43,0,0,38
128.64,1544518276,1002.77,51.494264,7.413089,155.80,13.27,0.00,258.48,0,-101,-18,0,0,43,0,0,37
128.64,1544518276,1002.77,51.494264,7.413089,155.80,13.27,0.00,258.48,0,0,0,0,0,63,0,0,303
128.64,1544518276,1002.79,51.494264,7.413089,155.80,13.27,0.00,258.48,0,0,0,0,0,63,0,0,382
129.63,1544518277,1015.90,51.494241,7.412902,155.88,13.32,0.00,258.71,0,-100,-17,0,0,43,0,0,38
129.63,1544518277,1015.93,51.494241,7.412902,155.88,13.32,0.00,258.71,0,-101,-18,0,0,43,0,0,37
129.63,1544518277,1015.93,51.494241,7.412902,155.88,13.32,0.00,258.71,0,0,0,0,0,63,0,0,303
129.63,1544518277,1015.94,51.494241,7.412902,155.88,13.32,0.00,258.71,0,0,0,0,0,63,0,0,382
130.63,1544518278,1029.30,51.494217,7.412706,156.46,13.63,0.00,258.02,0,-100,-17,0,0,43,0,0,38
130.63,1544518278,1029.30,51.494217,7.412706,156.46,13.63,0.00,258.02,0,-101,-18,0,0,43,0,0,37
130.63,1544518278,1029.32,51.494217,7.412706,156.46,13.63,0.00,258.02,0,0,0,0,0,63,0,0,303
130.63,1544518278,1029.33,51.494217,7.412706,156.46,13.63,0.00,258.02,0,0,0,0,0,63,0,0,382
131.63,1544518279,1042.87,51.494194,7.412508,157.28,13.66,0.00,257.55,0,-97,-15,0,0,43,0,0,38
131.63,1544518279,1042.88,51.494194,7.412508,157.28,13.66,0.00,257.55,0,-100,-18,0,0,43,0,0,37
131.63,1544518279,1042.90,51.494194,7.412508,157.28,13.66,0.00,257.55,0,0,0,0,0,63,0,0,382
131.63,1544518279,1042.90,51.494194,7.412508,157.28,13.66,0.00,257.55,0,0,0,0,0,63,0,0,303
132.63,1544518280,1056.52,51.494173,7.412318,157.91,13.37,0.00,258.19,0,-97,-15,0,0,43,0,0,38
132.63,1544518280,1056.52,51.494173,7.412318,157.91,13.37,0.00,258.19,0,-100,-18,0,0,43,0,0,37
132.63,1544518280,1056.54,51.494173,7.412318,157.91,13.37,0.00,258.19,0,0,0,0,0,63,0,0,382
132.63,1544518280,1056.55,51.494173,7.412318,157.91,13.37,0.00,258.19,0,0,0,0,0,63,0,0,303
133.63,1544518281,1069.90,51.494149,7.412126,158.92,13.21,0.00,257.48,0,-100,-16,0,0,42,0,0,65
133.63,1544518281,1069.91,51.494149,7.412126,158.92,13.21,0.00,257.48,0,-102,-18,0,0,42,0,0,38
133.63,1544518281,1069.93,51.494149,7.412126,158.92,13.21,0.00,257.48,0,0,0,0,0,63,0,0,382
133.63,1544518281,1069.93,51.494149,7.412126,158.92,13.21,0.00,257.48,0,-225,-225,0,0,63,0,0,303
134.63,1544518282,1083.13,51.494125,7.411945,159.87,13.02,0.00,257.49,0,-100,-16,0,0,42,0,0,65
134.63,1544518282,1083.15,51.494125,7.411945,159.87,13.02,0.00,257.49,0,-102,-18,0,0,42,0,0,38
134.63,1544518282,1083.15,51.494125,7.411945,159.87,13.02,0.00,257.49,0,0,0,0,0,63,0,0,382
134.63,1544518282,1083.16,51.494125,7.411945,159.87,13.02,0.00,257.49,0,-225,-225,0,0,63,0,0,303
135.63,1544518283,1096.14,51.494101,7.411769,160.35,13.15,0.00,257.93,0,-99,-15,0,0,41,0,0,34
135.63,1544518283,1096.14,51.494101,7.411769,160.35,13.15,0.00,257.93,0,-101,-17,0,0,41,0,0,65
135.63,1544518283,1096.16,51.494101,7.411769,160.35,13.15,0.00,257.93,0,-104,-20,0,0,41,0,0,37
135.63,1544518283,1096.17,51.494101,7.411769,160.35,13.15,0.00,257.93,0,-103,-13,0,0,36,0,0,450
135.63,1544518283,1096.17,51.494101,7.411769,160.35,13.15,0.00,257.93,0,-108,-18,0,0,36,0,0,22
136.63,1544518284,1109.30,51.494075,7.411578,161.12,13.15,0.00,257.64,0,-99,-15,0,0,41,0,0,34
136.63,1544518284,1109.30,51.494075,7.411578,161.12,13.15,0.00,257.64,0,-101,-17,0,0,41,0,0,65
136.63,1544518284,1109.32,51.494075,7.411578,161.12,13.15,0.00,257.64,0,-104,-20,0,0,41,0,0,37
136.63,1544518284,1109.33,51.494075,7.411578,161.12,13.15,0.00,257.64,0,-103,-13,0,0,36,0,0,450
136.63,1544518284,1109.34,51.494075,7.411578,161.12,13.15,0.00,257.64,0,-108,-18,0,0,36,0,0,22
137.63,1544518285,1122.43,51.494049,7.411391,161.48,13.27,0.00,257.67,0,-97,-17,0,0,46,0,0,38
137.63,1544518285,1122.44,51.494049,7.411391,161.48,13.27,0.00,257.67,0,-99,-19,0,0,46,0,0,65
137.63,1544518285,1122.44,51.494049,7.411391,161.48,13.27,0.00,257.67,0,-100,-12,0,0,38,0,0,450
138.63,1544518286,1135.69,51.494022,7.411200,161.80,13.48,0.00,257.94,0,-97,-17,0,0,46,0,0,38
138.63,1544518286,1135.69,51.494022,7.411200,161.80,13.48,0.00,257.94,0,-99,-19,0,0,46,0,0,65
138.63,1544518286,1135.70,51.494022,7.411200,161.80,13.48,0.00,257.94,0,-100,-12,0,0,38,0,0,450
139.63,1544518287,1149.18,51.493997,7.411011,162.11,13.63,0.00,258.21,0,-95,-15,0,0,46,0,0,38
139.63,1544518287,1149.19,51.493997,7.411011,162.11,13.63,0.00,258.21,0,-103,-12,0,0,36,0,0,450
140.63,1544518288,1162.86,51.493969,7.410810,162.44,13.62,0.00,258.63,0,-95,-15,0,0,46,0,0,38
140.63,1544518288,1162.86,51.493969,7.410810,162.44,13.62,0.00,258.63,0,-103,-12,0,0,36,0,0,450
141.63,1544518289,1176.42,51.493946,7.410625,162.69,13.54,0.00,258.50,0,-95,-15,0,0,46,0,0,38
141.63,1544518289,1176.42,51.493946,7.410625,162.69,13.54,0.00,258.50,0,-99,-12,0,0,39,0,0,450
142.63,1544518290,1189.96,51.493920,7.410435,162.93,13.41,0.00,258.08,0,-95,-15,0,0,46,0,0,38
142.63,1544518290,1189.97,51.493920,7.410435,162.93,13.41,0.00,258.08,0,-99,-12,0,0,39,0,0,450
143.63,1544518291,1203.38,51.493893,7.410263,163.37,13.49,0.00,258.18,0,-98,-16,0,0,44,0,0,38
143.63,1544518291,1203.40,51.493893,7.410263,163.37,13.49,0.00,258.18,0,-100,-19,0,0,44,0,0,65
143.63,1544518291,1203.40,51.493893,7.410263,163.37,13.49,0.00,258.18,0,-102,-13,0,0,37,0,0,450
144.63,1544518292,1216.89,51.493865,7.410089,164.10,13.33,0.00,257.68,0,-98,-16,0,0,44,0,0,38
144.63,1544518292,1216.90,51.493865,7.410089,164.10,13.33,0.00,257.68,0,-100,-19,0,0,44,0,0,65
144.63,1544518292,1216.90,51.493865,7.410089,164.10,13.33,0.00,257.68,0,-102,-13,0,0,37,0,0,450
145.63,1544518293,1230.22,51.493838,7.409906,164.61,13.51,0.00,257.72,0,-102,-18,0,0,42,0,0,38
145.63,1544518293,1230.22,51.493838,7.409906,164.61,13.51,0.00,257.72,0,-102,-18,0,0,42,0,0,65
145.63,1544518293,1230.23,51.493838,7.409906,164.61,13.51,0.00,257.72,0,-98,-12,0,0,40,0,0,450
145.63,1544518293,1230.25,51.493838,7.409906,164.61,13.51,0.00,257.72,0,-103,-18,0,0,41,0,0,76
146.63,1544518294,1243.75,51.493809,7.409715,165.07,13.86,0.00,257.39,0,-102,-18,0,0,42,0,0,38
146.63,1544518294,1243.76,51.493809,7.409715,165.07,13.86,0.00,257.39,0,-102,-18,0,0,42,0,0,65
146.63,1544518294,1243.77,51.493809,7.409715,165.07,13.86,0.00,257.39,0,-98,-12,0,0,40,0,0,450
146.63,1544518294,1243.77,51.493809,7.409715,165.07,13.86,0.00,257.39,0,-103,-18,0,0,41,0,0,76
147.63,1544518295,1257.58,51.493778,7.409511,165.73,14.31,0.00,257.77,0,-98,-13,0,0,41,0,0,450
147.63,1544518295,1257.64,51.493778,7.409511,165.73,14.31,0.00,257.77,0,-104,-20,0,0,41,0,0,76
148.63,1544518296,1271.89,51.493751,7.409308,166.09,14.21,0.00,258.43,0,-98,-13,0,0,41,0,0,450
148.63,1544518296,1271.91,51.493751,7.409308,166.09,14.21,0.00,258.43,0,-104,-20,0,0,41,0,0,76
149.63,1544518297,1286.20,51.493726,7.409102,166.40,14.25,0.00,258.08,0,-97,-17,0,0,46,0,0,38
149.63,1544518297,1286.23,51.493726,7.409102,166.40,14.25,0.00,258.08,0,-97,-13,0,0,42,0,0,450
150.63,1544518298,1300.41,51.493700,7.408895,166.75,14.43,0.00,257.74,0,-97,-17,0,0,46,0,0,38
150.63,1544518298,1300.42,51.493700,7.408895,166.75,14.43,0.00,257.74,0,-97,-13,0,0,42,0,0,450
151.63,1544518299,1314.77,51.493674,7.408689,167.10,14.69,0.00,257.83,0,-97,-17,0,0,46,0,0,38
151.63,1544518299,1314.78,51.493674,7.408689,167.10,14.69,0.00,257.83,0,-97,-13,0,0,42,0,0,450
152.63,1544518300,1329.47,51.493646,7.408478,167.43,14.90,0.00,258.32,0,-95,-13,0,0,43,0,0,38
152.63,1544518300,1329.48,51.493646,7.408478,167.43,14.90,0.00,258.32,0,-97,-13,0,0,42,0,0,450
153.63,1544518301,1344.37,51.493618,7.408264,167.45,15.20,0.00,258.47,0,-95,-13,0,0,43,0,0,38
153.63,1544518301,1344.38,51.493618,7.408264,167.45,15.20,0.00,258.47,0,-97,-13,0,0,42,0,0,450
154.63,1544518302,1359.59,51.493590,7.408054,167.56,15.17,0.00,258.80,0,-99,-15,0,0,42,0,0,38
154.63,1544518302,1359.59,51.493590,7.408054,167.56,15.17,0.00,258.80,0,-103,-19,0,0,42,0,0,65
154.63,1544518302,1359.61,51.493590,7.408054,167.56,15.17,0.00,258.80,0,-92,-12,0,0,46,0,0,450
154.63,1544518302,1359.62,51.493590,7.408054,167.56,15.17,0.00,258.80,0,0,0,0,0,63,0,0,382
154.63,1544518302,1359.64,51.493590,7.408054,167.56,15.17,0.00,258.80,0,-225,-225,0,0,63,0,0,130
155.63,1544518303,1374.75,51.493561,7.407844,167.50,15.39,0.00,258.59,0,-99,-15,0,0,42,0,0,38
155.63,1544518303,1374.77,51.493561,7.407844,167.50,15.39,0.00,258.59,0,-103,-19,0,0,42,0,0,65
155.63,1544518303,1374.77,51.493561,7.407844,167.50,15.39,0.00,258.59,0,-92,-12,0,0,46,0,0,450
155.63,1544518303,1374.78,51.493561,7.407844,167.50,15.39,0.00,258.59,0,0,0,0,0,63,0,0,382
155.63,1544518303,1374.80,51.493561,7.407844,167.50,15.39,0.00,258.59,0,-225,-225,0,0,63,0,0,130
156.63,1544518304,1390.12,51.493533,7.407624,167.48,15.09,0.00,258.24,0,-101,-16,0,0,41,0,0,38
156.63,1544518304,1390.13,51.493533,7.407624,167.48,15.09,0.00,258.24,0,-104,-20,0,0,41,0,0,65
156.63,1544518304,1390.15,51.493533,7.407624,167.48,15.09,0.00,258.24,0,-89,-12,0,0,50,0,0,450
156.63,1544518304,1390.15,51.493533,7.407624,167.48,15.09,0.00,258.24,0,0,0,0,0,63,0,0,382
156.63,1544518304,1390.16,51.493533,7.407624,167.48,15.09,0.00,258.24,0,-225,-225,0,0,63,0,0,130
157.63,1544518305,1405.23,51.493505,7.407415,167.54,14.81,0.00,257.74,0,-101,-16,0,0,41,0,0,38
157.63,1544518305,1405.24,51.493505,7.407415,167.54,14.81,0.00,257.74,0,-104,-20,0,0,41,0,0,65
157.63,1544518305,1405.26,51.493505,7.407415,167.54,14.81,0.00,257.74,0,-89,-12,0,0,50,0,0,450
157.63,1544518305,1405.26,51.493505,7.407415,167.54,14.81,0.00,257.74,0,0,0,0,0,63,0,0,382
157.63,1544518305,1405.27,51.493505,7.407415,167.54,14.81,0.00,257.74,0,-225,-225,0,0,63,0,0,130
158.63,1544518306,1420.07,51.493478,7.407202,167.49,14.58,0.00,257.96,0,-101,-17,0,0,41,0,0,65
158.63,1544518306,1420.08,51.493478,7.407202,167.49,14.58,0.00,257.96,0,-101,-17,0,0,41,0,0,38
158.63,1544518306,1420.08,51.493478,7.407202,167.49,14.58,0.00,257.96,0,-88,-12,0,0,50,0,0,450
158.63,1544518306,1420.10,51.493478,7.407202,167.49,14.58,0.00,257.96,0,-225,-225,0,0,63,0,0,130
158.63,1544518306,1420.11,51.493478,7.407202,167.49,14.58,0.00,257.96,0,-225,-225,0,0,63,0,0,382
158.63,1544518306,1420.11,51.493478,7.407202,167.49,14.58,0.00,257.96,0,-225,-225,0,0,63,0,0,149
159.64,1544518307,1434.80,51.493451,7.407000,167.65,14.55,0.00,257.58,0,-101,-17,0,0,41,0,0,65
159.64,1544518307,1434.81,51.493451,7.407000,167.65,14.55,0.00,257.58,0,-101,-17,0,0,41,0,0,38
159.64,1544518307,1434.83,51.493451,7.407000,167.65,14.55,0.00,257.58,0,-88,-12,0,0,50,0,0,450
159.64,1544518307,1434.83,51.493451,7.407000,167.65,14.55,0.00,257.58,0,-225,-225,0,0,63,0,0,130
159.64,1544518307,1434.84,51.493451,7.407000,167.65,14.55,0.00,257.58,0,-225,-225,0,0,63,0,0,382
159.64,1544518307,1434.86,51.493451,7.407000,167.65,14.55,0.00,257.58,0,-225,-225,0,0,63,0,0,149
160.63,1544518308,1449.23,51.493422,7.406801,168.02,14.45,0.00,257.72,0,-101,-18,0,0,42,0,0,38
160.63,1544518308,1449.23,51.493422,7.406801,168.02,14.45,0.00,257.72,0,-102,-19,0,0,42,0,0,65
160.63,1544518308,1449.25,51.493422,7.406801,168.02,14.45,0.00,257.72,0,-88,-12,0,0,49,0,0,450
160.63,1544518308,1449.26,51.493422,7.406801,168.02,14.45,0.00,257.72,0,-225,-225,0,0,63,0,0,130
161.63,1544518309,1463.62,51.493393,7.406602,168.30,14.25,0.00,258.13,0,-101,-18,0,0,42,0,0,38
161.63,1544518309,1463.64,51.493393,7.406602,168.30,14.25,0.00,258.13,0,-102,-19,0,0,42,0,0,65
161.63,1544518309,1463.65,51.493393,7.406602,168.30,14.25,0.00,258.13,0,-88,-12,0,0,49,0,0,450
161.63,1544518309,1463.65,51.493393,7.406602,168.30,14.25,0.00,258.13,0,-225,-225,0,0,63,0,0,130
162.63,1544518310,1477.88,51.493365,7.406397,168.66,13.98,0.00,258.04,0,-99,-17,0,0,43,0,0,38
162.63,1544518310,1477.89,51.493365,7.406397,168.66,13.98,0.00,258.04,0,-86,-12,0,0,52,0,0,450
162.63,1544518310,1477.89,51.493365,7.406397,168.66,13.98,0.00,258.04,0,-225,-225,0,0,63,0,0,130
162.63,1544518310,1477.90,51.493365,7.406397,168.66,13.98,0.00,258.04,0,-225,-225,0,0,63,0,0,382
163.63,1544518311,1491.84,51.493338,7.406208,169.00,13.94,0.00,258.43,0,-99,-17,0,0,43,0,0,38
163.63,1544518311,1491.85,51.493338,7.406208,169.00,13.94,0.00,258.43,0,-86,-12,0,0,52,0,0,450
163.63,1544518311,1491.87,51.493338,7.406208,169.00,13.94,0.00,258.43,0,-225,-225,0,0,63,0,0,130
163.63,1544518311,1491.88,51.493338,7.406208,169.00,13.94,0.00,258.43,0,-225,-225,0,0,63,0,0,382
164.63,1544518312,1505.81,51.493313,7.406000,169.18,13.87,0.00,258.02,0,-103,-19,0,0,42,0,0,38
164.63,1544518312,1505.81,51.493313,7.406000,169.18,13.87,0.00,258.02,0,-89,-11,0,0,49,0,0,450
165.63,1544518313,1519.63,51.493288,7.405802,169.31,13.73,0.00,257.86,0,-103,-19,0,0,42,0,0,38
165.63,1544518313,1519.65,51.493288,7.405802,169.31,13.73,0.00,257.86,0,-89,-11,0,0,49,0,0,450
166.63,1544518314,1533.38,51.493264,7.405609,169.42,13.87,0.00,257.71,0,-97,-17,0,0,46,0,0,35
166.63,1544518314,1533.39,51.493264,7.405609,169.42,13.87,0.00,257.71,0,-88,-12,0,0,49,0,0,450
167.63,1544518315,1547.24,51.493242,7.405411,169.61,14.18,0.00,257.78,0,-97,-17,0,0,46,0,0,35
167.63,1544518315,1547.24,51.493242,7.405411,169.61,14.18,0.00,257.78,0,-88,-12,0,0,49,0,0,450
168.63,1544518316,1561.45,51.493215,7.405226,169.82,14.49,0.00,257.70,0,-106,-19,0,0,39,0,0,38
168.63,1544518316,1561.47,51.493215,7.405226,169.82,14.49,0.00,257.70,0,-106,-19,0,0,39,0,0,35
168.63,1544518316,1561.47,51.493215,7.405226,169.82,14.49,0.00,257.70,0,-91,-13,0,0,48,0,0,450
168.63,1544518316,1561.48,51.493215,7.405226,169.82,14.49,0.00,257.70,0,-96,-16,0,0,49,0,0,313
169.63,1544518317,1575.95,51.493187,7.405014,169.97,14.90,0.00,258.13,0,-106,-19,0,0,39,0,0,38
169.63,1544518317,1575.96,51.493187,7.405014,169.97,14.90,0.00,258.13,0,-106,-19,0,0,39,0,0,35
169.63,1544518317,1575.98,51.493187,7.405014,169.97,14.90,0.00,258.13,0,-91,-13,0,0,48,0,0,450
169.63,1544518317,1575.98,51.493187,7.405014,169.97,14.90,0.00,258.13,0,-96,-16,0,0,49,0,0,313
170.64,1544518318,1591.03,51.493157,7.404816,170.01,14.72,0.00,257.96,0,-107,-19,0,0,37,0,0,35
170.64,1544518318,1591.04,51.493157,7.404816,170.01,14.72,0.00,257.96,0,-108,-20,0,0,37,0,0,52
170.64,1544518318,1591.04,51.493157,7.404816,170.01,14.72,0.00,257.96,0,-108,-20,0,0,37,0,0,436
170.64,1544518318,1591.06,51.493157,7.404816,170.01,14.72,0.00,257.96,0,-86,-11,0,0,53,0,0,450
171.63,1544518319,1605.56,51.493130,7.404611,169.96,14.49,0.00,258.16,0,-107,-19,0,0,37,0,0,35
171.63,1544518319,1605.57,51.493130,7.404611,169.96,14.49,0.00,258.16,0,-108,-20,0,0,37,0,0,52
171.63,1544518319,1605.59,51.493130,7.404611,169.96,14.49,0.00,258.16,0,-108,-20,0,0,37,0,0,436
171.63,1544518319,1605.59,51.493130,7.404611,169.96,14.49,0.00,258.16,0,-86,-11,0,0,53,0,0,450
172.63,1544518320,1620.09,51.493101,7.404407,169.89,14.44,0.00,258.34,0,-107,-19,0,0,37,0,0,35
172.63,1544518320,1620.09,51.493101,7.404407,169.89,14.44,0.00,258.34,0,-108,-20,0,0,37,0,0,52
172.63,1544518320,1620.10,51.493101,7.404407,169.89,14.44,0.00,258.34,0,-108,-20,0,0,37,0,0,436
172.63,1544518320,1620.12,51.493101,7.404407,169.89,14.44,0.00,258.34,0,-86,-11,0,0,53,0,0,450
173.63,1544518321,1634.48,51.493076,7.404199,169.67,14.32,0.00,258.48,0,-106,-18,0,0,37,0,0,35
173.63,1544518321,1634.50,51.493076,7.404199,169.67,14.32,0.00,258.48,0,-107,-19,0,0,37,0,0,38
173.63,1544518321,1634.51,51.493076,7.404199,169.67,14.32,0.00,258.48,0,-89,-12,0,0,49,0,0,450
174.63,1544518322,1648.82,51.493052,7.403994,169.37,14.39,0.00,258.83,0,-106,-18,0,0,37,0,0,35
174.63,1544518322,1648.83,51.493052,7.403994,169.37,14.39,0.00,258.83,0,-107,-19,0,0,37,0,0,38
174.63,1544518322,1648.83,51.493052,7.403994,169.37,14.39,0.00,258.83,0,-89,-12,0,0,49,0,0,450
175.63,1544518323,1663.20,51.493031,7.403789,168.89,14.26,0.00,259.91,0,-106,-17,0,0,36,0,0,35
175.63,1544518323,1663.20,51.493031,7.403789,168.89,14.26,0.00,259.91,0,-108,-19,0,0,36,0,0,436
175.63,1544518323,1663.21,51.493031,7.403789,168.89,14.26,0.00,259.91,0,-90,-12,0,0,48,0,0,450
176.63,1544518324,1677.47,51.493017,7.403596,168.66,14.26,0.00,262.08,0,-106,-17,0,0,36,0,0,35
176.63,1544518324,1677.49,51.493017,7.403596,168.66,14.26,0.00,262.08,0,-108,-19,0,0,36,0,0,436
176.63,1544518324,1677.50,51.493017,7.403596,168.66,14.26,0.00,262.08,0,-90,-12,0,0,48,0,0,450
177.63,1544518325,1691.73,51.493006,7.403388,168.55,13.90,0.00,264.62,0,-100,-16,0,0,42,0,0,398
177.63,1544518325,1691.75,51.493006,7.403388,168.55,13.90,0.00,264.62,0,-100,-16,0,0,42,0,0,35
177.63,1544518325,1691.75,51.493006,7.403388,168.55,13.90,0.00,264.62,0,-104,-20,0,0,42,0,0,38
177.63,1544518325,1691.76,51.493006,7.403388,168.55,13.90,0.00,264.62,0,-89,-12,0,0,49,0,0,450
177.63,1544518325,1691.77,51.493006,7.403388,168.55,13.90,0.00,264.62,0,0,0,0,0,63,0,0,130
178.63,1544518326,1705.64,51.492997,7.403184,168.68,13.25,0.00,265.81,0,-100,-16,0,0,42,0,0,398
178.63,1544518326,1705.65,51.492997,7.403184,168.68,13.25,0.00,265.81,0,-100,-16,0,0,42,0,0,35
178.63,1544518326,1705.65,51.492997,7.403184,168.68,13.25,0.00,265.81,0,-104,-20,0,0,42,0,0,38
178.63,1544518326,1705.67,51.492997,7.403184,168.68,13.25,0.00,265.81,0,-89,-12,0,0,49,0,0,450
178.63,1544518326,1705.68,51.492997,7.403184,168.68,13.25,0.00,265.81,0,0,0,0,0,63,0,0,130
179.63,1544518327,1718.88,51.492988,7.402994,168.98,12.46,0.00,266.37,0,-102,-16,0,0,39,0,0,398
179.63,1544518327,1718.88,51.492988,7.402994,168.98,12.46,0.00,266.37,0,-102,-16,0,0,39,0,0,35
179.63,1544518327,1718.89,51.492988,7.402994,168.98,12.46,0.00,266.37,0,-93,-11,0,0,45,0,0,450
179.63,1544518327,1718.90,51.492988,7.402994,168.98,12.46,0.00,266.37,0,0,0,0,0,63,0,0,130
180.63,1544518328,1731.40,51.492984,7.402829,169.05,11.49,0.00,266.97,0,-102,-16,0,0,39,0,0,398
180.63,1544518328,1731.40,51.492984,7.402829,169.05,11.49,0.00,266.97,0,-102,-16,0,0,39,0,0,35
180.63,1544518328,1731.41,51.492984,7.402829,169.05,11.49,0.00,266.97,0,-93,-11,0,0,45,0,0,450
180.63,1544518328,1731.42,51.492984,7.402829,169.05,11.49,0.00,266.97,0,0,0,0,0,63,0,0,130
