time_s,timestamp_ms,distance_m,latitude,longitude,altitude,velocity_mps,acceleration_mpss,direction,isRegistered,rsrp_dbm,rsrq_db,rssnr_db,cqi,ss,ta,ci,pci,id,payload_mb,throughput_mbits,rtt_ms,f_mhz
10.64,1544593321,113.66,51.449031,7.488411,257.98,13.16,-0.02,182.11,1,-99,-7,11,9,25,7,13415170,315,0,6.00,2.03,60.00,860
26.13,1544593336,330.38,51.447071,7.487906,261.92,13.36,0.70,175.77,1,-112,-16,-6,4,22,7,13415170,315,1,8.00,2.26,3177.00,860
32.74,1544593342,410.22,51.446402,7.488274,264.64,13.69,-0.05,158.51,1,-106,-13,-2,6,25,7,13415170,315,2,0.10,0.70,876.00,860
42.63,1544593353,554.16,51.445438,7.489725,273.33,15.19,0.14,129.92,1,-103,-13,3,6,28,7,13415170,315,3,3.00,0.28,3651.00,860
54.81,1544593365,707.08,51.444662,7.491523,280.00,4.87,-1.45,127.28,1,-110,-16,-4,4,21,24,13417219,440,4,8.00,1.10,2695.00,860
65.08,1544593375,716.01,51.444630,7.491592,280.03,0.00,0.00,126.58,1,-112,-12,0,7,18,24,13417219,440,5,0.50,0.37,1809.00,860
76.08,1544593387,716.01,51.444630,7.491592,279.69,0.00,0.00,126.58,1,-111,-12,0,6,20,24,13417219,440,6,7.00,1.55,2800.00,860
84.94,1544593395,716.01,51.444568,7.491684,273.26,0.00,0.00,155.17,1,-111,-14,-2,5,20,24,13417219,440,7,7.00,1.33,1767.00,860
93.32,1544593404,788.06,51.443845,7.491009,274.12,14.37,1.39,214.70,1,-106,-14,-1,5,26,24,13417219,440,8,2.00,0.92,1177.00,860
103.95,1544593414,937.28,51.442780,7.489732,276.05,14.64,-0.63,215.93,1,-107,-14,-1,8,26,24,13417219,440,9,1.00,0.83,1817.00,860
113.92,1544593425,1086.40,51.441717,7.488355,278.78,15.16,0.08,225.04,1,-96,-15,0,8,34,24,13417219,440,10,0.50,0.81,1965.00,860
121.92,1544593432,1211.26,51.441016,7.486892,281.19,15.55,-0.04,232.71,1,-95,-10,9,9,34,24,13417219,440,11,10.00,7.91,687.00,860
130.87,1544593441,1349.95,51.440280,7.485285,286.81,15.77,-0.05,232.11,1,-94,-13,6,11,38,24,13417219,440,12,5.00,9.50,282.00,860
140.59,1544593451,1508.34,51.439436,7.483451,288.88,16.05,-0.00,236.80,1,-99,-9,1,6,27,24,13417219,440,13,0.50,8.15,89.00,860
150.58,1544593461,1656.84,51.438754,7.481407,291.31,14.31,-0.11,241.89,1,-96,-8,5,9,32,24,13417219,440,14,2.00,24.35,57.00,860
160.58,1544593471,1807.70,51.438066,7.479372,287.00,15.10,-0.09,241.11,1,-95,-10,3,9,34,24,13417219,440,15,4.00,16.68,68.00,860
170.57,1544593480,1956.21,51.437392,7.477349,289.30,13.51,-0.43,243.65,1,-84,-5,4,12,40,19,13523715,6,16,8.00,15.65,82.00,860
180.58,1544593491,2063.87,51.437490,7.476209,293.14,8.86,0.91,25.29,1,-92,-7,4,10,33,19,13523715,6,17,8.00,14.59,64.00,860
190.59,1544593501,2201.36,51.438313,7.477852,295.79,19.70,1.42,55.22,1,-96,-8,1,7,28,19,13523715,6,18,4.00,5.64,149.00,860
200.66,1544593510,2427.61,51.439464,7.480652,291.96,24.92,-0.33,54.64,1,-103,-9,-4,6,26,22,13417219,440,19,1.00,4.04,99.00,860
210.64,1544593521,2675.47,51.440973,7.483183,289.54,24.58,-0.11,38.49,1,-106,-15,-9,6,27,22,13415426,265,20,1.00,1.36,61.00,860
224.46,1544593535,3014.19,51.443617,7.485497,277.59,20.94,-1.97,22.98,1,-103,-18,-11,3,27,22,13415426,265,21,1.00,0.50,3932.00,860
237.23,1544593548,3215.38,51.444594,7.487249,273.83,12.57,-0.79,127.44,1,-114,-17,-9,4,21,24,13417219,440,22,2.00,0.24,7068.00,860
245.54,1544593556,3323.45,51.443849,7.487062,270.81,14.48,0.20,245.27,1,-111,-15,-8,4,22,24,13417219,440,23,8.00,0.50,10934.00,860
256.94,1544593567,3512.10,51.443712,7.484238,265.68,21.76,0.30,269.11,1,-114,-16,-13,5,21,21,13415426,265,24,1.00,0.29,2250.00,860
266.63,1544593577,3728.01,51.443639,7.481101,262.39,22.08,0.09,265.64,1,-110,-15,-5,4,23,21,13415426,265,25,0.10,0.09,3415.00,860
279.08,1544593589,4034.61,51.443317,7.476709,264.02,25.12,0.31,262.03,1,-101,-13,3,5,30,16,13415426,265,26,8.00,1.03,1759.00,1865
284.59,1544593595,4164.78,51.443113,7.474842,263.66,27.71,0.61,258.10,1,-107,-15,0,7,26,16,13415426,265,27,7.00,0.84,1466.00,860
296.00,1544593606,4533.04,51.442422,7.469657,251.86,31.62,0.02,257.86,1,-101,-13,4,7,30,16,13415426,265,28,10.00,0.91,2319.00,860
306.49,1544593616,4853.04,51.441904,7.465150,244.85,32.36,-0.06,260.94,1,-112,-15,-7,4,22,16,13415426,265,29,0.10,0.13,3795.00,860
313.24,1544593624,5079.70,51.441676,7.461900,242.34,33.02,0.18,265.13,1,-102,-15,-1,8,31,13,13415427,264,30,1.00,1.08,1171.00,860
324.24,1544593634,5442.41,51.441566,7.456692,239.59,32.36,-0.62,270.77,1,-103,-15,2,7,27,13,13415427,264,31,10.00,1.32,1741.00,860
333.44,1544593644,5717.89,51.441685,7.452736,237.88,31.03,0.32,275.48,1,-99,-10,8,10,28,13,13415427,264,32,8.00,1.43,5039.00,860
343.98,1544593655,6025.34,51.442042,7.448343,235.68,31.49,0.60,279.45,1,-106,-16,1,6,25,13,13415427,264,33,6.00,1.26,760.00,860
366.49,1544593676,6827.37,51.444005,7.437211,226.74,35.74,0.30,291.13,1,-106,-14,3,5,27,27,13246978,157,34,5.00,2.90,3223.00,860
364.98,1544593675,6756.75,51.443778,7.438169,228.52,35.10,0.38,290.49,1,-106,-14,-2,9,25,27,13246978,157,35,2.00,0.97,1735.00,860
375.05,1544593686,7149.86,51.445203,7.433009,211.03,36.01,-0.11,299.48,1,-111,-15,0,5,22,34,13395457,264,36,10.00,9.04,1020.00,860
387.16,1544593697,7567.46,51.447513,7.428341,193.31,33.66,-0.07,316.56,1,-93,-13,9,13,31,34,13395457,111,37,2.00,23.99,794.00,860
391.18,1544593701,7702.74,51.448443,7.427084,187.70,34.34,0.32,322.68,1,-98,-9,8,11,24,34,13395457,111,38,10.00,11.06,347.00,860
401.26,1544593711,8047.18,51.451112,7.424644,173.84,34.29,-0.19,337.19,1,-94,-13,0,7,34,34,13395457,111,39,3.00,1.74,589.00,860
413.07,1544593723,8466.87,51.454685,7.422786,159.95,35.66,-0.04,343.72,1,-98,-19,-7,1,34,15,13523459,175,40,5.00,7.85,1017.00,860
420.71,1544593730,8714.30,51.456809,7.421677,156.58,35.31,0.07,338.72,1,-90,-11,8,10,39,15,13523459,175,41,0.50,4.16,75.00,860
430.57,1544593741,9073.75,51.459687,7.419350,154.84,36.56,0.17,328.31,1,-88,-7,-5,6,37,10,13395457,111,42,4.00,25.93,57.00,860
440.62,1544593751,9443.58,51.462316,7.416104,153.97,37.65,0.26,317.49,1,-89,-9,10,14,39,10,13395457,111,43,7.00,35.49,60.00,860
450.62,1544593760,9825.39,51.464640,7.412055,155.26,38.80,0.14,308.56,1,-79,-6,19,10,45,4,13395458,112,44,5.00,10.15,66.00,860
460.56,1544593771,10208.43,51.466753,7.407744,157.20,36.57,-0.35,308.68,1,-84,-6,7,9,40,5,13395458,112,45,6.00,39.77,52.00,860
470.57,1544593781,10578.73,51.468937,7.403690,159.47,38.17,0.22,312.77,1,-90,-9,-6,6,46,11,13395458,112,46,6.00,5.75,47.00,860
480.59,1544593790,10953.70,51.471317,7.399912,163.20,33.32,-1.01,317.55,1,-89,-13,2,10,39,18,13022465,205,47,8.00,12.81,50.00,860
490.65,1544593800,11265.53,51.473443,7.397051,168.99,28.34,-0.64,320.90,1,-87,-6,21,12,35,18,13022465,205,48,4.00,15.80,52.00,860
500.56,1544593811,11531.50,51.475362,7.394807,169.63,23.68,-0.58,328.98,1,-74,-6,35,12,51,18,13022465,205,49,10.00,45.90,55.00,860
510.59,1544593821,11756.79,51.477136,7.393314,172.32,19.96,-0.63,337.11,1,-75,-5,29,14,49,18,13022465,205,50,0.50,25.97,49.00,860
520.56,1544593831,11934.52,51.478648,7.393385,175.89,15.54,-0.47,32.47,1,-80,-6,23,15,46,18,13022465,205,51,7.00,36.18,50.00,860
530.57,1544593841,12062.89,51.479701,7.393695,186.94,10.92,-0.43,339.28,1,-95,-8,12,12,32,18,13022465,205,52,6.00,21.48,45.00,860
540.57,1544593851,12163.74,51.480429,7.393927,188.56,12.42,0.90,56.62,1,-96,-9,1,5,32,18,13022465,205,53,8.00,15.27,44.00,860
550.58,1544593860,12324.94,51.481206,7.395958,193.52,17.21,-0.25,59.95,1,-91,-10,6,9,36,12,13532162,198,54,6.00,7.89,71.00,860
560.58,1544593870,12485.20,51.481964,7.397876,194.76,14.56,0.05,53.67,1,-100,-14,-4,5,30,12,13532162,198,55,0.10,5.93,45.00,860
570.56,1544593881,12619.81,51.482874,7.399199,193.92,12.69,0.17,36.85,1,-96,-12,-2,9,34,12,13532162,198,56,6.00,24.82,46.00,860
580.57,1544593891,12766.17,51.484002,7.400371,194.50,15.89,-0.18,36.71,1,-98,-9,4,11,30,8,13532163,200,57,0.50,5.16,52.00,860
590.59,1544593901,12917.75,51.485009,7.401815,195.66,14.45,0.03,41.90,1,-94,-9,13,12,31,8,13532163,200,58,9.00,25.84,60.00,860
600.59,1544593910,13030.08,51.485734,7.402787,194.09,7.41,-0.19,346.70,1,-98,-9,6,11,29,8,13532163,200,59,4.00,15.63,51.00,860
610.63,1544593921,13134.95,51.486544,7.402000,189.80,12.66,0.35,332.95,1,-104,-12,-1,4,28,8,13532163,200,60,2.00,2.14,84.00,860
620.60,1544593931,13273.20,51.487828,7.401644,182.77,14.88,0.40,357.62,1,-79,-4,1,15,39,11,13067528,356,61,7.00,46.86,66.00,1865
630.59,1544593941,13415.35,51.489079,7.401725,166.11,10.37,-1.85,359.85,1,-104,-6,14,1,20,11,13067528,356,62,1.00,30.65,64.00,1865
640.56,1544593951,13448.56,51.489342,7.401753,161.75,0.00,0.00,1.05,1,-98,-6,14,15,26,11,13067528,356,63,9.00,61.64,68.00,1865
650.56,1544593961,13448.56,51.489342,7.401753,162.03,0.00,0.00,1.05,1,-98,-5,14,1,25,11,13067528,356,64,10.00,56.18,64.00,1865
660.56,1544593970,13448.56,51.489342,7.401753,162.30,0.00,0.00,1.05,1,-99,-6,16,14,24,11,13067528,356,65,8.00,58.88,55.00,1865
670.58,1544593981,13454.50,51.489456,7.401972,171.74,7.80,1.86,77.93,1,-106,-6,8,2,20,11,13067528,356,66,0.50,16.19,99.00,1865
680.57,1544593991,13570.60,51.489446,7.403668,183.31,12.74,-0.15,90.66,1,-110,-8,8,11,15,11,13067528,356,67,4.00,20.57,82.00,1865
690.58,1544594000,13697.49,51.489432,7.405499,187.22,12.31,0.02,86.70,1,-101,-9,10,15,25,71,13067274,289,68,5.00,39.53,55.00,1865
700.59,1544594011,13824.00,51.489650,7.407278,180.50,12.66,-0.07,78.09,1,-98,-6,11,11,24,71,13067274,289,69,9.00,49.35,75.00,1865