time_s,timestamp_ms,distance_m,latitude,longitude,altitude,velocity_mps,acceleration_mpss,direction,isRegistered,rsrp_dbm,rsrq_db,rssnr_db,cqi,ss,ta,ci,pci
58.12,1544593368,712.93,51.444649,7.491586,279.43,0.00,0.00,127.88,0,-109,-18,0,0,34,0,0,431
59.13,1544593369,712.93,51.444649,7.491586,279.43,0.00,0.00,127.88,0,-109,-18,0,0,34,0,0,431
60.12,1544593370,712.93,51.444649,7.491586,279.44,0.00,0.00,127.88,0,-110,-14,0,0,30,0,0,431
61.12,1544593371,712.93,51.444649,7.491586,279.44,0.00,0.00,127.88,0,-110,-14,0,0,30,0,0,431
62.13,1544593372,712.93,51.444649,7.491586,279.45,0.00,0.00,127.88,0,-109,-17,0,0,34,0,0,431
63.12,1544593373,712.93,51.444649,7.491586,279.47,0.00,0.00,127.88,0,-109,-17,0,0,34,0,0,431
64.12,1544593374,712.93,51.444649,7.491586,279.48,0.00,0.00,127.88,0,-111,-14,0,0,28,0,0,431
65.12,1544593375,712.93,51.444649,7.491586,279.50,0.00,0.00,127.88,0,-111,-14,0,0,28,0,0,431
66.13,1544593376,712.93,51.444649,7.491586,279.51,0.00,0.00,127.88,0,-112,-14,0,0,27,0,0,431
67.12,1544593377,712.93,51.444649,7.491586,279.52,0.00,0.00,127.88,0,-112,-14,0,0,27,0,0,431
68.12,1544593378,712.93,51.444649,7.491586,279.53,0.00,0.00,127.88,0,-110,-13,0,0,29,0,0,431
69.12,1544593379,712.93,51.444649,7.491586,279.54,0.00,0.00,127.88,0,-110,-13,0,0,29,0,0,431
70.13,1544593380,712.93,51.444649,7.491586,279.55,0.00,0.00,127.88,0,-108,-14,0,0,30,0,0,431
71.13,1544593381,712.93,51.444649,7.491586,279.56,0.00,0.00,127.88,0,-108,-14,0,0,30,0,0,431
72.13,1544593382,712.93,51.444649,7.491586,279.56,0.00,0.00,127.88,0,-110,-14,0,0,29,0,0,431
73.12,1544593383,712.93,51.444649,7.491586,279.57,0.00,0.00,127.88,0,-110,-14,0,0,29,0,0,431
74.12,1544593384,712.93,51.444649,7.491586,279.58,0.00,0.00,127.88,0,-110,-14,0,0,29,0,0,431
75.12,1544593385,712.93,51.444649,7.491586,279.59,0.00,0.00,127.88,0,-109,-13,0,0,29,0,0,431
76.12,1544593386,712.93,51.444649,7.491586,279.59,0.00,0.00,127.88,0,-109,-13,0,0,29,0,0,431
77.12,1544593387,712.93,51.444649,7.491586,279.60,0.00,0.00,127.88,0,-110,-13,0,0,29,0,0,431
78.12,1544593388,712.93,51.444649,7.491586,279.61,0.00,0.00,127.88,0,-110,-13,0,0,29,0,0,431
79.13,1544593389,712.93,51.444649,7.491586,279.62,0.00,0.00,127.88,0,-109,-13,0,0,30,0,0,431
80.12,1544593390,712.93,51.444649,7.491586,279.63,0.00,0.00,127.88,0,-109,-13,0,0,30,0,0,431
81.12,1544593391,712.93,51.444649,7.491586,279.66,0.00,0.00,127.88,0,-109,-14,0,0,31,0,0,431
82.12,1544593392,712.93,51.444649,7.491586,279.67,0.00,0.00,128.41,0,-109,-14,0,0,31,0,0,431
83.12,1544593393,712.93,51.444608,7.491676,279.70,0.00,0.00,129.38,0,-106,-13,0,0,34,0,0,431
84.12,1544593394,712.93,51.444563,7.491721,279.86,1.79,0.00,151.26,0,-106,-13,0,0,34,0,0,431
104.12,1544593414,951.68,51.442659,7.489607,278.34,14.54,0.00,215.46,0,-86,-13,0,0,54,0,0,431
105.12,1544593415,966.28,51.442538,7.489472,278.48,15.52,0.00,215.96,0,-86,-13,0,0,54,0,0,431
108.12,1544593418,1010.11,51.442211,7.489081,279.41,15.53,0.00,217.58,0,-86,-10,0,0,49,0,0,431
109.12,1544593419,1025.62,51.442100,7.488940,279.59,15.20,0.00,218.39,0,-86,-10,0,0,49,0,0,431
110.12,1544593420,1040.81,51.441992,7.488798,279.66,15.03,0.00,219.77,0,-78,-12,0,0,60,0,0,431
111.12,1544593421,1055.78,51.441881,7.488644,279.36,15.59,0.00,221.40,0,-78,-12,0,0,60,0,0,431
112.12,1544593422,1071.38,51.441785,7.488499,278.80,14.42,0.00,223.16,0,-82,-9,0,0,53,0,0,431
113.12,1544593423,1085.86,51.441691,7.488346,278.14,14.54,0.00,225.32,0,-82,-9,0,0,53,0,0,431
127.12,1544593437,1300.06,51.440506,7.485818,276.59,15.86,0.00,232.34,0,-77,-9,0,0,58,0,0,430
128.12,1544593438,1315.93,51.440425,7.485637,277.72,15.53,0.00,232.47,0,-77,-9,0,0,58,0,0,430
129.12,1544593439,1331.46,51.440342,7.485450,278.48,16.00,0.00,232.98,0,-84,-10,0,0,52,0,0,430
130.12,1544593440,1347.46,51.440253,7.485264,279.10,15.89,0.00,232.46,0,-84,-10,0,0,52,0,0,430
131.12,1544593441,1363.30,51.440167,7.485087,279.52,15.44,0.00,232.57,0,-84,-11,0,0,54,0,0,431
132.12,1544593442,1378.72,51.440082,7.484913,280.05,15.40,0.00,233.25,0,-84,-11,0,0,54,0,0,431
154.12,1544593464,1719.11,51.438434,7.480613,286.12,15.75,0.00,240.70,0,-108,-9,0,0,26,0,0,38
155.12,1544593465,1734.87,51.438361,7.480403,285.88,16.08,0.00,240.81,0,-108,-9,0,0,26,0,0,38
156.13,1544593466,1751.08,51.438285,7.480194,285.59,15.99,0.00,240.90,0,-105,-8,0,0,29,0,0,38
157.13,1544593467,1766.98,51.438219,7.479998,285.63,16.05,0.00,241.13,0,-105,-8,0,0,29,0,0,38
158.12,1544593468,1782.98,51.438154,7.479802,285.89,15.13,0.00,241.14,0,-105,-8,0,0,29,0,0,38
159.16,1544593469,1798.70,51.438086,7.479600,286.35,15.67,0.00,241.07,0,-106,-13,0,0,32,0,0,38
160.12,1544593470,1813.75,51.438017,7.479405,286.55,15.73,0.00,240.33,0,-106,-13,0,0,32,0,0,38
161.13,1544593471,1829.54,51.437943,7.479200,286.52,15.73,0.00,240.79,0,-107,-9,0,0,28,0,0,38
161.13,1544593471,1829.54,51.437943,7.479200,286.52,15.73,0.00,240.79,0,-113,-14,0,0,27,0,0,70
162.13,1544593472,1845.25,51.437875,7.478998,286.84,15.42,0.00,241.21,0,-107,-9,0,0,28,0,0,38
162.13,1544593472,1845.27,51.437875,7.478998,286.84,15.42,0.00,241.21,0,-113,-14,0,0,27,0,0,70
163.13,1544593473,1860.67,51.437803,7.478777,286.50,15.69,0.00,242.11,0,-108,-9,0,0,26,0,0,38
163.13,1544593473,1860.69,51.437803,7.478777,286.50,15.69,0.00,242.11,0,-113,-14,0,0,26,0,0,70
164.13,1544593474,1876.36,51.437733,7.478565,286.09,15.68,0.00,242.44,0,-108,-9,0,0,26,0,0,38
164.13,1544593474,1876.38,51.437733,7.478565,286.09,15.68,0.00,242.44,0,-113,-14,0,0,26,0,0,70
165.13,1544593475,1892.04,51.437672,7.478377,286.45,15.09,0.00,241.91,0,-108,-9,0,0,26,0,0,38
165.13,1544593475,1892.04,51.437672,7.478377,286.45,15.09,0.00,241.91,0,-113,-13,0,0,26,0,0,70
166.13,1544593476,1907.13,51.437605,7.478173,286.90,15.57,0.00,241.33,0,-108,-9,0,0,26,0,0,38
166.13,1544593476,1907.14,51.437605,7.478173,286.90,15.57,0.00,241.33,0,-113,-13,0,0,26,0,0,70
167.13,1544593477,1922.72,51.437538,7.477974,287.30,15.60,0.00,241.69,0,-108,-10,0,0,28,0,0,38
167.13,1544593477,1922.74,51.437538,7.477974,287.30,15.60,0.00,241.69,0,-114,-14,0,0,27,0,0,70
167.13,1544593477,1922.75,51.437538,7.477974,287.30,15.60,0.00,241.69,0,-107,-12,0,0,32,0,0,391
167.13,1544593477,1922.75,51.437538,7.477974,287.30,15.60,0.00,241.69,0,-107,-13,0,0,32,0,0,213
167.13,1544593477,1922.77,51.437538,7.477974,287.30,15.60,0.00,241.69,0,-107,-13,0,0,32,0,0,80
168.13,1544593478,1938.30,51.437470,7.477769,287.97,15.55,0.00,242.05,0,-108,-10,0,0,28,0,0,38
168.13,1544593478,1938.32,51.437470,7.477769,287.97,15.55,0.00,242.05,0,-114,-14,0,0,27,0,0,70
168.13,1544593478,1938.32,51.437470,7.477769,287.97,15.55,0.00,242.05,0,-107,-12,0,0,32,0,0,391
168.13,1544593478,1938.34,51.437470,7.477769,287.97,15.55,0.00,242.05,0,-107,-13,0,0,32,0,0,213
168.13,1544593478,1938.35,51.437470,7.477769,287.97,15.55,0.00,242.05,0,-107,-13,0,0,32,0,0,80
169.13,1544593479,1953.87,51.437406,7.477576,288.29,14.87,0.00,242.30,0,-111,-10,0,0,25,0,0,38
169.13,1544593479,1953.89,51.437406,7.477576,288.29,14.87,0.00,242.30,0,-113,-13,0,0,26,0,0,70
169.13,1544593479,1953.90,51.437406,7.477576,288.29,14.87,0.00,242.30,0,-105,-13,0,0,33,0,0,457
169.13,1544593479,1953.92,51.437406,7.477576,288.29,14.87,0.00,242.30,0,-106,-13,0,0,33,0,0,80
169.13,1544593479,1953.92,51.437406,7.477576,288.29,14.87,0.00,242.30,0,-108,-14,0,0,32,0,0,213
170.13,1544593480,1968.74,51.437342,7.477381,288.38,14.51,0.00,241.69,0,-111,-10,0,0,25,0,0,38
170.13,1544593480,1968.75,51.437342,7.477381,288.38,14.51,0.00,241.69,0,-113,-13,0,0,26,0,0,70
170.13,1544593480,1968.77,51.437342,7.477381,288.38,14.51,0.00,241.69,0,-105,-13,0,0,33,0,0,457
170.13,1544593480,1968.77,51.437342,7.477381,288.38,14.51,0.00,241.69,0,-106,-13,0,0,33,0,0,80
170.13,1544593480,1968.78,51.437342,7.477381,288.38,14.51,0.00,241.69,0,-108,-14,0,0,32,0,0,213
171.13,1544593481,1983.23,51.437285,7.477193,288.28,13.77,0.00,242.38,0,-112,-14,0,0,27,0,0,70
171.13,1544593481,1983.25,51.437285,7.477193,288.28,13.77,0.00,242.38,0,-113,-13,0,0,26,0,0,38
171.13,1544593481,1983.26,51.437285,7.477193,288.28,13.77,0.00,242.38,0,-105,-14,0,0,35,0,0,457
171.13,1544593481,1983.27,51.437285,7.477193,288.28,13.77,0.00,242.38,0,-107,-15,0,0,33,0,0,80
171.13,1544593481,1983.27,51.437285,7.477193,288.28,13.77,0.00,242.38,0,-108,-16,0,0,34,0,0,213
172.13,1544593482,1997.02,51.437232,7.477010,288.09,13.11,0.00,245.06,0,-112,-14,0,0,27,0,0,70
172.13,1544593482,1997.03,51.437232,7.477010,288.09,13.11,0.00,245.06,0,-113,-13,0,0,26,0,0,38
172.13,1544593482,1997.04,51.437232,7.477010,288.09,13.11,0.00,245.06,0,-105,-14,0,0,35,0,0,457
172.13,1544593482,1997.04,51.437232,7.477010,288.09,13.11,0.00,245.06,0,-107,-15,0,0,33,0,0,80
172.13,1544593482,1997.05,51.437232,7.477010,288.09,13.11,0.00,245.06,0,-108,-16,0,0,34,0,0,213
173.13,1544593483,2010.14,51.437192,7.476830,287.83,12.63,0.00,248.76,0,-113,-14,0,0,28,0,0,70
173.13,1544593483,2010.15,51.437192,7.476830,287.83,12.63,0.00,248.76,0,-115,-17,0,0,28,0,0,38
173.13,1544593483,2010.16,51.437192,7.476830,287.83,12.63,0.00,248.76,0,-110,-14,0,0,30,0,0,391
173.13,1544593483,2010.17,51.437192,7.476830,287.83,12.63,0.00,248.76,0,-110,-14,0,0,30,0,0,80
173.13,1544593483,2010.17,51.437192,7.476830,287.83,12.63,0.00,248.76,0,-110,-15,0,0,31,0,0,213
174.13,1544593484,2022.74,51.437174,7.476655,287.51,10.73,0.00,262.32,0,-113,-14,0,0,28,0,0,70
174.13,1544593484,2022.75,51.437174,7.476655,287.51,10.73,0.00,262.32,0,-115,-17,0,0,28,0,0,38
174.13,1544593484,2022.76,51.437174,7.476655,287.51,10.73,0.00,262.32,0,-110,-14,0,0,30,0,0,391
174.13,1544593484,2022.77,51.437174,7.476655,287.51,10.73,0.00,262.32,0,-110,-14,0,0,30,0,0,80
174.13,1544593484,2022.77,51.437174,7.476655,287.51,10.73,0.00,262.32,0,-110,-15,0,0,31,0,0,213
219.19,1544593529,2909.38,51.442669,7.484811,280.46,24.25,0.00,25.06,0,-74,-9,0,0,61,0,0,429
220.12,1544593530,2932.08,51.442867,7.484952,280.04,24.18,0.00,24.21,0,-74,-9,0,0,61,0,0,429
221.12,1544593531,2956.17,51.443064,7.485095,279.71,24.03,0.00,23.62,0,-74,-9,0,0,61,0,0,429
222.12,1544593532,2980.25,51.443261,7.485236,279.49,23.88,0.00,23.42,0,-81,-11,0,0,57,0,0,430
223.12,1544593533,3004.10,51.443454,7.485369,279.40,22.92,0.00,23.15,0,-81,-11,0,0,57,0,0,430
259.12,1544593569,3593.59,51.443715,7.483285,261.18,21.31,0.00,267.81,0,-85,-8,0,0,49,0,0,430
260.12,1544593570,3614.95,51.443705,7.482983,261.36,21.21,0.00,267.73,0,-85,-8,0,0,49,0,0,430
264.12,1544593574,3700.47,51.443662,7.481742,262.19,21.85,0.00,266.40,0,-93,-12,0,0,45,0,0,429
265.12,1544593575,3722.32,51.443647,7.481425,262.25,22.07,0.00,265.78,0,-93,-12,0,0,45,0,0,429
266.12,1544593576,3744.37,51.443631,7.481106,262.27,22.16,0.00,265.41,0,-96,-11,0,0,41,0,0,429
267.12,1544593577,3766.55,51.443612,7.480786,262.28,22.23,0.00,265.23,0,-96,-11,0,0,41,0,0,429
285.12,1544593595,4208.65,51.443041,7.474451,255.77,28.32,0.00,256.91,0,-101,-17,0,0,42,0,0,397
286.12,1544593596,4237.00,51.442981,7.474036,255.00,28.74,0.00,257.19,0,-101,-17,0,0,42,0,0,397
287.12,1544593597,4265.71,51.442922,7.473622,254.23,29.46,0.00,257.49,0,-98,-10,0,0,38,0,0,397
288.12,1544593598,4295.17,51.442864,7.473192,253.53,30.22,0.00,258.05,0,-98,-10,0,0,38,0,0,397
289.13,1544593599,4325.45,51.442807,7.472762,252.76,31.13,0.00,258.48,0,-106,-8,0,0,28,0,0,430
289.13,1544593599,4325.45,51.442807,7.472762,252.76,31.13,0.00,258.48,0,-109,-11,0,0,27,0,0,72
290.12,1544593600,4356.55,51.442748,7.472318,252.02,31.44,0.00,258.71,0,-106,-8,0,0,28,0,0,430
290.13,1544593600,4356.58,51.442748,7.472318,252.02,31.44,0.00,258.71,0,-109,-11,0,0,27,0,0,72
293.12,1544593603,4451.15,51.442572,7.470982,249.88,31.57,0.00,258.31,0,-106,-8,0,0,27,0,0,430
294.12,1544593604,4482.75,51.442515,7.470538,249.01,31.47,0.00,258.45,0,-106,-8,0,0,27,0,0,430
295.13,1544593605,4514.25,51.442460,7.470100,248.27,31.53,0.00,258.11,0,-112,-10,0,0,24,0,0,397
295.13,1544593605,4514.28,51.442460,7.470100,248.27,31.53,0.00,258.11,0,-113,-12,0,0,25,0,0,72
296.12,1544593606,4545.75,51.442405,7.469660,247.67,31.78,0.00,258.40,0,-112,-10,0,0,24,0,0,397
296.13,1544593606,4545.78,51.442405,7.469660,247.67,31.78,0.00,258.40,0,-113,-12,0,0,25,0,0,72
299.13,1544593609,4640.80,51.442230,7.468309,245.69,31.38,0.00,258.64,0,-112,-12,0,0,26,0,0,72
299.13,1544593609,4640.83,51.442230,7.468309,245.69,31.38,0.00,258.64,0,-112,-11,0,0,25,0,0,397
300.12,1544593610,4672.08,51.442173,7.467864,244.68,31.61,0.00,258.79,0,-112,-12,0,0,26,0,0,72
300.13,1544593610,4672.12,51.442173,7.467864,244.68,31.61,0.00,258.79,0,-112,-11,0,0,25,0,0,397
301.13,1544593611,4703.73,51.442117,7.467419,243.68,31.82,0.00,258.87,0,-110,-13,0,0,29,0,0,118
301.13,1544593611,4703.76,51.442117,7.467419,243.68,31.82,0.00,258.87,0,-111,-15,0,0,29,0,0,72
301.13,1544593611,4703.76,51.442117,7.467419,243.68,31.82,0.00,258.87,0,-114,-17,0,0,29,0,0,157
302.13,1544593612,4735.58,51.442069,7.466974,242.82,32.12,0.00,259.37,0,-110,-13,0,0,29,0,0,118
302.13,1544593612,4735.61,51.442069,7.466974,242.82,32.12,0.00,259.37,0,-111,-15,0,0,29,0,0,72
302.13,1544593612,4735.65,51.442069,7.466974,242.82,32.12,0.00,259.37,0,-114,-17,0,0,29,0,0,157
303.13,1544593613,4767.90,51.442019,7.466517,242.03,32.56,0.00,259.64,0,-106,-11,0,0,30,0,0,118
303.13,1544593613,4767.93,51.442019,7.466517,242.03,32.56,0.00,259.64,0,-110,-14,0,0,30,0,0,72
304.12,1544593614,4800.20,51.441969,7.466058,241.32,32.54,0.00,260.16,0,-106,-11,0,0,30,0,0,118
304.13,1544593614,4800.23,51.441969,7.466058,241.32,32.54,0.00,260.16,0,-110,-14,0,0,30,0,0,72
305.13,1544593615,4832.77,51.441926,7.465599,240.71,32.39,0.00,260.65,0,-106,-11,0,0,30,0,0,118
305.13,1544593615,4832.81,51.441926,7.465599,240.71,32.39,0.00,260.65,0,-110,-14,0,0,30,0,0,72
306.12,1544593616,4865.13,51.441882,7.465143,240.20,32.43,0.00,260.72,0,-109,-14,0,0,32,0,0,72
306.13,1544593616,4865.16,51.441882,7.465143,240.20,32.43,0.00,260.72,0,-111,-17,0,0,32,0,0,157
307.13,1544593617,4897.59,51.441841,7.464687,239.59,32.55,0.00,261.34,0,-109,-14,0,0,32,0,0,72
307.13,1544593617,4897.62,51.441841,7.464687,239.59,32.55,0.00,261.34,0,-111,-17,0,0,32,0,0,157
308.13,1544593618,4930.15,51.441806,7.464233,238.85,32.38,0.00,262.27,0,-109,-12,0,0,29,0,0,72
308.13,1544593618,4930.18,51.441806,7.464233,238.85,32.38,0.00,262.27,0,-105,-17,0,0,41,0,0,51
308.13,1544593618,4930.18,51.441806,7.464233,238.85,32.38,0.00,262.27,0,-105,-17,0,0,40,0,0,448
309.13,1544593619,4962.53,51.441771,7.463768,238.08,32.36,0.00,262.83,0,-109,-12,0,0,29,0,0,72
309.13,1544593619,4962.59,51.441771,7.463768,238.08,32.36,0.00,262.83,0,-105,-17,0,0,41,0,0,51
309.13,1544593619,4962.63,51.441771,7.463768,238.08,32.36,0.00,262.83,0,-105,-17,0,0,40,0,0,448
310.13,1544593620,4994.96,51.441740,7.463301,237.34,32.46,0.00,263.55,0,-109,-10,0,0,27,0,0,72
310.13,1544593620,4994.99,51.441740,7.463301,237.34,32.46,0.00,263.55,0,-113,-14,0,0,27,0,0,430
310.13,1544593620,4994.99,51.441740,7.463301,237.34,32.46,0.00,263.55,0,-114,-13,0,0,25,0,0,397
310.13,1544593620,4995.02,51.441740,7.463301,237.34,32.46,0.00,263.55,0,-103,-11,0,0,34,0,0,448
310.13,1544593620,4995.06,51.441740,7.463301,237.34,32.46,0.00,263.55,0,-105,-13,0,0,34,0,0,449
311.13,1544593621,5027.42,51.441710,7.462834,236.59,32.57,0.00,264.25,0,-109,-10,0,0,27,0,0,72
311.13,1544593621,5027.45,51.441710,7.462834,236.59,32.57,0.00,264.25,0,-113,-14,0,0,27,0,0,430
311.13,1544593621,5027.48,51.441710,7.462834,236.59,32.57,0.00,264.25,0,-114,-13,0,0,25,0,0,397
311.13,1544593621,5027.51,51.441710,7.462834,236.59,32.57,0.00,264.25,0,-103,-11,0,0,34,0,0,448
311.13,1544593621,5027.55,51.441710,7.462834,236.59,32.57,0.00,264.25,0,-105,-13,0,0,34,0,0,449
312.13,1544593622,5059.92,51.441680,7.462367,235.94,32.76,0.00,264.34,0,-105,-10,0,0,31,0,0,72
312.13,1544593622,5059.95,51.441680,7.462367,235.94,32.76,0.00,264.34,0,-111,-14,0,0,31,0,0,430
313.13,1544593623,5092.68,51.441659,7.461899,235.42,33.04,0.00,265.15,0,-105,-10,0,0,31,0,0,72
313.13,1544593623,5092.71,51.441659,7.461899,235.42,33.04,0.00,265.15,0,-111,-14,0,0,31,0,0,430
314.13,1544593624,5125.75,51.441636,7.461426,234.92,33.36,0.00,265.46,0,-102,-9,0,0,32,0,0,72
314.13,1544593624,5125.78,51.441636,7.461426,234.92,33.36,0.00,265.46,0,-100,-14,0,0,43,0,0,449
314.13,1544593624,5125.82,51.441636,7.461426,234.92,33.36,0.00,265.46,0,-101,-16,0,0,44,0,0,448
315.13,1544593625,5159.08,51.441613,7.460945,234.49,33.62,0.00,266.00,0,-102,-9,0,0,32,0,0,72
315.13,1544593625,5159.11,51.441613,7.460945,234.49,33.62,0.00,266.00,0,-100,-14,0,0,43,0,0,449
315.13,1544593625,5159.15,51.441613,7.460945,234.49,33.62,0.00,266.00,0,-101,-16,0,0,44,0,0,448
316.13,1544593626,5192.73,51.441596,7.460462,234.09,33.60,0.00,266.37,0,-103,-9,0,0,32,0,0,72
316.13,1544593626,5192.76,51.441596,7.460462,234.09,33.60,0.00,266.37,0,-107,-11,0,0,30,0,0,35
316.13,1544593626,5192.79,51.441596,7.460462,234.09,33.60,0.00,266.37,0,-96,-12,0,0,44,0,0,449
316.13,1544593626,5192.79,51.441596,7.460462,234.09,33.60,0.00,266.37,0,-96,-13,0,0,46,0,0,54
317.13,1544593627,5226.32,51.441580,7.459990,233.72,32.81,0.00,267.21,0,-103,-9,0,0,32,0,0,72
317.13,1544593627,5226.35,51.441580,7.459990,233.72,32.81,0.00,267.21,0,-107,-11,0,0,30,0,0,35
317.13,1544593627,5226.39,51.441580,7.459990,233.72,32.81,0.00,267.21,0,-96,-12,0,0,44,0,0,449
317.13,1544593627,5226.39,51.441580,7.459990,233.72,32.81,0.00,267.21,0,-96,-13,0,0,46,0,0,54
318.12,1544593628,5258.96,51.441572,7.459521,233.47,32.46,0.00,268.07,0,-103,-10,0,0,34,0,0,35
318.12,1544593628,5259.00,51.441572,7.459521,233.47,32.46,0.00,268.07,0,-94,-14,0,0,52,0,0,449
319.12,1544593629,5291.42,51.441564,7.459054,233.29,32.50,0.00,268.44,0,-103,-10,0,0,34,0,0,35
319.12,1544593629,5291.42,51.441564,7.459054,233.29,32.50,0.00,268.44,0,-94,-14,0,0,52,0,0,449
320.13,1544593630,5324.18,51.441556,7.458585,233.11,32.71,0.00,268.75,0,-95,-12,0,0,50,0,0,449
321.12,1544593631,5356.63,51.441553,7.458112,232.97,32.92,0.00,269.23,0,-95,-12,0,0,50,0,0,449
327.12,1544593637,5550.73,51.441568,7.455352,232.48,30.06,0.00,271.28,0,-92,-9,0,0,46,0,0,449
328.12,1544593638,5580.79,51.441581,7.454926,232.70,29.76,0.00,272.17,0,-92,-9,0,0,46,0,0,449
329.12,1544593639,5610.57,51.441595,7.454494,232.86,29.86,0.00,272.60,0,-92,-9,0,0,44,0,0,430
330.12,1544593640,5640.38,51.441613,7.454059,232.81,30.13,0.00,273.52,0,-92,-9,0,0,44,0,0,430
383.12,1544593693,7445.61,51.446663,7.429743,197.10,33.99,0.00,311.20,0,-94,-9,0,0,44,0,0,70
384.13,1544593694,7479.77,51.446865,7.429388,196.50,34.05,0.00,312.50,0,-94,-9,0,0,44,0,0,70
385.12,1544593695,7513.68,51.447073,7.429040,195.86,33.91,0.00,313.97,0,-97,-8,0,0,39,0,0,70
386.12,1544593696,7547.59,51.447291,7.428693,194.74,33.55,0.00,315.52,0,-97,-8,0,0,39,0,0,70
387.13,1544593697,7581.35,51.447513,7.428352,193.63,33.46,0.00,316.65,0,-98,-8,0,0,39,0,0,70
388.12,1544593698,7614.61,51.447736,7.428021,192.41,33.61,0.00,317.78,0,-98,-8,0,0,39,0,0,70
389.12,1544593699,7648.19,51.447968,7.427695,190.79,33.72,0.00,319.03,0,-98,-8,0,0,39,0,0,70
390.12,1544593700,7681.98,51.448203,7.427376,189.12,33.98,0.00,320.50,0,-108,-11,0,0,28,0,0,40
390.13,1544593700,7682.01,51.448203,7.427376,189.12,33.98,0.00,320.50,0,-111,-12,0,0,28,0,0,312
390.13,1544593700,7682.05,51.448203,7.427376,189.12,33.98,0.00,320.50,0,-98,-7,0,0,38,0,0,70
391.12,1544593701,7715.96,51.448446,7.427066,187.23,34.06,0.00,322.11,0,-108,-11,0,0,28,0,0,40
391.13,1544593701,7715.99,51.448446,7.427066,187.23,34.06,0.00,322.11,0,-111,-12,0,0,28,0,0,312
391.13,1544593701,7716.02,51.448446,7.427066,187.23,34.06,0.00,322.11,0,-98,-7,0,0,38,0,0,70
392.12,1544593702,7750.02,51.448687,7.426779,185.35,34.14,0.00,323.63,0,-96,-18,0,0,53,0,0,70
393.12,1544593703,7784.12,51.448936,7.426500,183.70,34.17,0.00,325.03,0,-96,-18,0,0,53,0,0,70
394.13,1544593704,7818.36,51.449195,7.426227,181.76,34.23,0.00,326.65,0,-108,-12,0,0,30,0,0,40
394.13,1544593704,7818.39,51.449195,7.426227,181.76,34.23,0.00,326.65,0,-111,-16,0,0,30,0,0,312
394.13,1544593704,7818.39,51.449195,7.426227,181.76,34.23,0.00,326.65,0,-94,-18,0,0,56,0,0,70
395.12,1544593705,7852.55,51.449454,7.425967,179.87,34.35,0.00,327.98,0,-108,-12,0,0,30,0,0,40
395.13,1544593705,7852.59,51.449454,7.425967,179.87,34.35,0.00,327.98,0,-111,-16,0,0,30,0,0,312
395.13,1544593705,7852.59,51.449454,7.425967,179.87,34.35,0.00,327.98,0,-94,-18,0,0,56,0,0,70
396.12,1544593706,7886.90,51.449721,7.425718,178.11,34.33,0.00,329.52,0,-107,-9,0,0,29,0,0,40
396.13,1544593706,7886.94,51.449721,7.425718,178.11,34.33,0.00,329.52,0,-94,-19,0,0,56,0,0,70
397.12,1544593707,7921.24,51.449993,7.425479,176.30,34.41,0.00,330.90,0,-107,-9,0,0,29,0,0,40
397.13,1544593707,7921.27,51.449993,7.425479,176.30,34.41,0.00,330.90,0,-94,-19,0,0,56,0,0,70
398.12,1544593708,7955.65,51.450270,7.425249,174.52,34.59,0.00,332.52,0,-91,-20,0,0,55,0,0,56
398.13,1544593708,7955.68,51.450270,7.425249,174.52,34.59,0.00,332.52,0,-94,-20,0,0,53,0,0,133
398.13,1544593708,7955.72,51.450270,7.425249,174.52,34.59,0.00,332.52,0,-107,-9,0,0,28,0,0,27
398.13,1544593708,7955.75,51.450270,7.425249,174.52,34.59,0.00,332.52,0,-107,-9,0,0,29,0,0,40
399.12,1544593709,7990.23,51.450544,7.425023,172.87,34.64,0.00,333.08,0,-91,-20,0,0,55,0,0,56
399.13,1544593709,7990.27,51.450544,7.425023,172.87,34.64,0.00,333.08,0,-94,-20,0,0,53,0,0,133
399.13,1544593709,7990.27,51.450544,7.425023,172.87,34.64,0.00,333.08,0,-107,-9,0,0,28,0,0,27
399.13,1544593709,7990.30,51.450544,7.425023,172.87,34.64,0.00,333.08,0,-107,-9,0,0,29,0,0,40
400.13,1544593710,8024.94,51.450823,7.424819,171.46,34.56,0.00,335.38,0,-91,-19,0,0,55,0,0,51
400.13,1544593710,8024.97,51.450823,7.424819,171.46,34.56,0.00,335.38,0,-101,-9,0,0,34,0,0,377
400.13,1544593710,8024.97,51.450823,7.424819,171.46,34.56,0.00,335.38,0,-106,-13,0,0,33,0,0,40
400.13,1544593710,8025.01,51.450823,7.424819,171.46,34.56,0.00,335.38,0,-106,-14,0,0,34,0,0,119
400.13,1544593710,8025.04,51.450823,7.424819,171.46,34.56,0.00,335.38,0,0,0,0,0,63,0,0,452
401.13,1544593711,8059.46,51.451105,7.424628,170.11,34.39,0.00,337.02,0,-91,-19,0,0,55,0,0,51
401.13,1544593711,8059.49,51.451105,7.424628,170.11,34.39,0.00,337.02,0,-101,-9,0,0,34,0,0,377
401.13,1544593711,8059.53,51.451105,7.424628,170.11,34.39,0.00,337.02,0,-106,-13,0,0,33,0,0,40
401.13,1544593711,8059.53,51.451105,7.424628,170.11,34.39,0.00,337.02,0,-106,-14,0,0,34,0,0,119
401.13,1544593711,8059.56,51.451105,7.424628,170.11,34.39,0.00,337.02,0,0,0,0,0,63,0,0,452
402.13,1544593712,8093.85,51.451381,7.424451,168.83,34.56,0.00,338.24,0,-87,-15,0,0,57,0,0,376
402.13,1544593712,8093.89,51.451381,7.424451,168.83,34.56,0.00,338.24,0,-88,-15,0,0,55,0,0,230
402.13,1544593712,8093.92,51.451381,7.424451,168.83,34.56,0.00,338.24,0,-90,-18,0,0,55,0,0,51
402.13,1544593712,8093.96,51.451381,7.424451,168.83,34.56,0.00,338.24,0,-225,-225,0,0,63,0,0,289
402.13,1544593712,8093.96,51.451381,7.424451,168.83,34.56,0.00,338.24,0,0,0,0,0,63,0,0,452
403.14,1544593713,8128.80,51.451670,7.424281,167.34,34.86,0.00,339.68,0,-87,-15,0,0,57,0,0,376
403.14,1544593713,8128.83,51.451670,7.424281,167.34,34.86,0.00,339.68,0,-88,-15,0,0,55,0,0,230
403.14,1544593713,8128.87,51.451670,7.424281,167.34,34.86,0.00,339.68,0,-90,-18,0,0,55,0,0,51
403.14,1544593713,8128.87,51.451670,7.424281,167.34,34.86,0.00,339.68,0,-225,-225,0,0,63,0,0,289
403.14,1544593713,8128.90,51.451670,7.424281,167.34,34.86,0.00,339.68,0,0,0,0,0,63,0,0,452
404.12,1544593714,8163.21,51.451961,7.424119,166.01,34.88,0.00,341.03,0,-89,-16,0,0,54,0,0,230
404.12,1544593714,8163.24,51.451961,7.424119,166.01,34.88,0.00,341.03,0,-225,-225,0,0,63,0,0,289
405.13,1544593715,8198.20,51.452249,7.423956,164.81,34.77,0.00,341.29,0,-89,-16,0,0,54,0,0,230
405.13,1544593715,8198.20,51.452249,7.423956,164.81,34.77,0.00,341.29,0,-225,-225,0,0,63,0,0,289
406.12,1544593716,8232.86,51.452544,7.423793,163.83,35.03,0.00,341.89,0,-81,-13,0,0,63,0,0,230
407.12,1544593717,8267.89,51.452853,7.423640,162.77,35.10,0.00,342.69,0,-81,-13,0,0,63,0,0,230
413.12,1544593723,8479.40,51.454678,7.422801,156.78,35.56,0.00,343.73,0,-84,-14,0,0,55,0,0,119
414.12,1544593724,8515.03,51.454987,7.422656,155.97,35.56,0.00,343.45,0,-84,-14,0,0,55,0,0,119
415.12,1544593725,8550.63,51.455288,7.422503,155.02,35.34,0.00,342.61,0,-87,-8,0,0,46,0,0,119
416.12,1544593726,8585.97,51.455591,7.422349,154.08,35.17,0.00,341.94,0,-87,-8,0,0,46,0,0,119
417.12,1544593727,8621.13,51.455890,7.422185,153.31,35.13,0.00,341.13,0,-81,-6,0,0,52,0,0,119
418.12,1544593728,8656.23,51.456190,7.422020,152.71,35.16,0.00,340.63,0,-81,-6,0,0,52,0,0,119
419.12,1544593729,8691.46,51.456488,7.421845,152.22,35.13,0.00,339.68,0,-78,-9,0,0,56,0,0,230
419.12,1544593729,8691.46,51.456488,7.421845,152.22,35.13,0.00,339.68,0,-89,-11,0,0,49,0,0,119
419.13,1544593729,8691.50,51.456488,7.421845,152.22,35.13,0.00,339.68,0,-93,-7,0,0,41,0,0,377
420.12,1544593730,8726.45,51.456786,7.421662,151.66,35.33,0.00,338.44,0,-78,-9,0,0,56,0,0,230
420.12,1544593730,8726.45,51.456786,7.421662,151.66,35.33,0.00,338.44,0,-89,-11,0,0,49,0,0,119
420.12,1544593730,8726.45,51.456786,7.421662,151.66,35.33,0.00,338.44,0,-93,-7,0,0,41,0,0,377
421.12,1544593731,8761.78,51.457082,7.421477,151.10,35.58,0.00,337.56,0,-82,-10,0,0,53,0,0,230
421.12,1544593731,8761.78,51.457082,7.421477,151.10,35.58,0.00,337.56,0,-90,-13,0,0,49,0,0,119
422.12,1544593732,8797.36,51.457377,7.421277,150.52,35.59,0.00,336.30,0,-82,-10,0,0,53,0,0,230
422.12,1544593732,8797.40,51.457377,7.421277,150.52,35.59,0.00,336.30,0,-90,-13,0,0,49,0,0,119
423.13,1544593733,8833.27,51.457673,7.421074,149.97,35.70,0.00,335.39,0,-85,-15,0,0,59,0,0,230
423.13,1544593733,8833.31,51.457673,7.421074,149.97,35.70,0.00,335.39,0,-86,-18,0,0,59,0,0,69
423.13,1544593733,8833.34,51.457673,7.421074,149.97,35.70,0.00,335.39,0,-88,-20,0,0,60,0,0,386
423.13,1544593733,8833.34,51.457673,7.421074,149.97,35.70,0.00,335.39,0,-90,-8,0,0,45,0,0,119
424.13,1544593734,8868.86,51.457962,7.420858,149.66,35.81,0.00,334.43,0,-85,-15,0,0,59,0,0,230
424.13,1544593734,8868.90,51.457962,7.420858,149.66,35.81,0.00,334.43,0,-86,-18,0,0,59,0,0,69
424.13,1544593734,8868.93,51.457962,7.420858,149.66,35.81,0.00,334.43,0,-88,-20,0,0,60,0,0,386
424.13,1544593734,8868.93,51.457962,7.420858,149.66,35.81,0.00,334.43,0,-90,-8,0,0,45,0,0,119
425.12,1544593735,8904.60,51.458253,7.420626,149.42,36.01,0.00,333.26,0,-87,-13,0,0,52,0,0,70
425.13,1544593735,8904.63,51.458253,7.420626,149.42,36.01,0.00,333.26,0,-88,-14,0,0,52,0,0,69
426.12,1544593736,8940.61,51.458542,7.420386,149.14,36.18,0.00,332.25,0,-87,-13,0,0,52,0,0,70
426.13,1544593736,8940.64,51.458542,7.420386,149.14,36.18,0.00,332.25,0,-88,-14,0,0,52,0,0,69
427.13,1544593737,8977.08,51.458836,7.420139,148.79,36.28,0.00,331.30,0,-82,-13,0,0,57,0,0,69
427.13,1544593737,8977.08,51.458836,7.420139,148.79,36.28,0.00,331.30,0,-86,-18,0,0,58,0,0,386
427.13,1544593737,8977.11,51.458836,7.420139,148.79,36.28,0.00,331.30,0,-90,-11,0,0,50,0,0,39
428.12,1544593738,9013.03,51.459121,7.419878,148.67,36.33,0.00,330.42,0,-82,-13,0,0,57,0,0,69
428.12,1544593738,9013.06,51.459121,7.419878,148.67,36.33,0.00,330.42,0,-86,-18,0,0,58,0,0,386
428.13,1544593738,9013.10,51.459121,7.419878,148.67,36.33,0.00,330.42,0,-90,-11,0,0,50,0,0,39
429.12,1544593739,9049.40,51.459409,7.419614,148.54,36.44,0.00,329.54,0,-82,-13,0,0,57,0,0,69
429.12,1544593739,9049.40,51.459409,7.419614,148.54,36.44,0.00,329.54,0,-86,-18,0,0,58,0,0,386
429.13,1544593739,9049.44,51.459409,7.419614,148.54,36.44,0.00,329.54,0,-90,-11,0,0,50,0,0,39
430.13,1544593740,9085.87,51.459688,7.419338,148.40,36.52,0.00,328.09,0,-75,-9,0,0,59,0,0,69
431.13,1544593741,9122.39,51.459963,7.419052,148.26,36.61,0.00,326.89,0,-75,-9,0,0,59,0,0,69
432.13,1544593742,9159.00,51.460233,7.418758,148.38,36.79,0.00,325.77,0,-80,-10,0,0,57,0,0,230
432.13,1544593742,9159.00,51.460233,7.418758,148.38,36.79,0.00,325.77,0,-81,-7,0,0,52,0,0,93
432.13,1544593742,9159.03,51.460233,7.418758,148.38,36.79,0.00,325.77,0,-88,-8,0,0,48,0,0,119
433.13,1544593743,9195.89,51.460504,7.418463,148.50,36.82,0.00,324.88,0,-80,-10,0,0,57,0,0,230
433.13,1544593743,9195.93,51.460504,7.418463,148.50,36.82,0.00,324.88,0,-81,-7,0,0,52,0,0,93
433.13,1544593743,9195.97,51.460504,7.418463,148.50,36.82,0.00,324.88,0,-88,-8,0,0,48,0,0,119
434.12,1544593744,9232.56,51.460770,7.418152,148.59,36.92,0.00,323.67,0,-84,-14,0,0,57,0,0,230
435.12,1544593745,9269.48,51.461039,7.417837,148.68,37.00,0.00,322.80,0,-84,-14,0,0,57,0,0,230
446.12,1544593756,9683.97,51.463755,7.413772,150.59,38.37,0.00,311.34,0,-86,-8,0,0,48,0,0,132
447.12,1544593757,9722.31,51.463981,7.413353,150.90,38.47,0.00,310.52,0,-86,-8,0,0,48,0,0,132
448.13,1544593758,9761.12,51.464207,7.412931,151.16,38.53,0.00,309.77,0,-94,-12,0,0,44,0,0,431
448.13,1544593758,9761.16,51.464207,7.412931,151.16,38.53,0.00,309.77,0,-96,-13,0,0,43,0,0,57
448.13,1544593758,9761.20,51.464207,7.412931,151.16,38.53,0.00,309.77,0,-97,-8,0,0,37,0,0,93
449.18,1544593759,9801.69,51.464424,7.412505,151.28,38.66,0.00,309.13,0,-94,-12,0,0,44,0,0,431
449.18,1544593759,9801.73,51.464424,7.412505,151.28,38.66,0.00,309.13,0,-96,-13,0,0,43,0,0,57
449.18,1544593759,9801.73,51.464424,7.412505,151.28,38.66,0.00,309.13,0,-97,-8,0,0,37,0,0,93
450.12,1544593760,9838.03,51.464642,7.412076,151.37,38.83,0.00,308.55,0,-94,-12,0,0,44,0,0,431
450.13,1544593760,9838.07,51.464642,7.412076,151.37,38.83,0.00,308.55,0,-96,-13,0,0,43,0,0,57
450.13,1544593760,9838.11,51.464642,7.412076,151.37,38.83,0.00,308.55,0,-97,-8,0,0,37,0,0,93
453.13,1544593763,9954.92,51.465294,7.410743,151.95,38.93,0.00,308.09,0,-98,-14,0,0,42,0,0,132
453.13,1544593763,9954.96,51.465294,7.410743,151.95,38.93,0.00,308.09,0,-99,-14,0,0,41,0,0,57
453.13,1544593763,9955.00,51.465294,7.410743,151.95,38.93,0.00,308.09,0,-99,-14,0,0,41,0,0,386
453.13,1544593763,9955.00,51.465294,7.410743,151.95,38.93,0.00,308.09,0,-106,-12,0,0,32,0,0,93
453.13,1544593763,9955.03,51.465294,7.410743,151.95,38.93,0.00,308.09,0,-108,-13,0,0,31,0,0,377
454.13,1544593764,9994.00,51.465509,7.410305,152.46,38.22,0.00,308.15,0,-98,-14,0,0,42,0,0,132
454.13,1544593764,9994.04,51.465509,7.410305,152.46,38.22,0.00,308.15,0,-99,-14,0,0,41,0,0,57
454.13,1544593764,9994.08,51.465509,7.410305,152.46,38.22,0.00,308.15,0,-99,-14,0,0,41,0,0,386
454.13,1544593764,9994.08,51.465509,7.410305,152.46,38.22,0.00,308.15,0,-106,-12,0,0,32,0,0,93
454.13,1544593764,9994.11,51.465509,7.410305,152.46,38.22,0.00,308.15,0,-108,-13,0,0,31,0,0,377
455.13,1544593765,10032.14,51.465723,7.409866,152.98,38.14,0.00,308.09,0,-93,-12,0,0,45,0,0,132
455.13,1544593765,10032.18,51.465723,7.409866,152.98,38.14,0.00,308.09,0,-95,-13,0,0,44,0,0,386
455.13,1544593765,10032.18,51.465723,7.409866,152.98,38.14,0.00,308.09,0,-96,-13,0,0,41,0,0,431
455.13,1544593765,10032.22,51.465723,7.409866,152.98,38.14,0.00,308.09,0,-106,-11,0,0,32,0,0,93
455.13,1544593765,10032.26,51.465723,7.409866,152.98,38.14,0.00,308.09,0,-107,-14,0,0,33,0,0,266
456.13,1544593766,10070.28,51.465934,7.409435,153.45,38.11,0.00,308.14,0,-93,-12,0,0,45,0,0,132
456.13,1544593766,10070.28,51.465934,7.409435,153.45,38.11,0.00,308.14,0,-95,-13,0,0,44,0,0,386
456.13,1544593766,10070.32,51.465934,7.409435,153.45,38.11,0.00,308.14,0,-96,-13,0,0,41,0,0,431
456.13,1544593766,10070.36,51.465934,7.409435,153.45,38.11,0.00,308.14,0,-106,-11,0,0,32,0,0,93
456.13,1544593766,10070.40,51.465934,7.409435,153.45,38.11,0.00,308.14,0,-107,-14,0,0,33,0,0,266
457.13,1544593767,10108.32,51.466145,7.409006,153.94,38.09,0.00,308.06,0,-103,-13,0,0,37,0,0,377
457.13,1544593767,10108.36,51.466145,7.409006,153.94,38.09,0.00,308.06,0,-103,-14,0,0,36,0,0,266
458.13,1544593768,10146.41,51.466355,7.408578,154.43,37.53,0.00,308.32,0,-103,-13,0,0,37,0,0,377
458.13,1544593768,10146.45,51.466355,7.408578,154.43,37.53,0.00,308.32,0,-103,-14,0,0,36,0,0,266
459.13,1544593769,10183.94,51.466562,7.408157,154.90,36.91,0.00,308.63,0,-96,-18,0,0,47,0,0,69
459.13,1544593769,10183.98,51.466562,7.408157,154.90,36.91,0.00,308.63,0,-97,-19,0,0,47,0,0,376
459.13,1544593769,10183.98,51.466562,7.408157,154.90,36.91,0.00,308.63,0,-96,-9,0,0,39,0,0,377
460.13,1544593770,10220.85,51.466765,7.407742,155.22,36.62,0.00,308.95,0,-96,-18,0,0,47,0,0,69
460.13,1544593770,10220.88,51.466765,7.407742,155.22,36.62,0.00,308.95,0,-97,-19,0,0,47,0,0,376
460.13,1544593770,10220.88,51.466765,7.407742,155.22,36.62,0.00,308.95,0,-96,-9,0,0,39,0,0,377
461.13,1544593771,10257.62,51.466972,7.407333,155.48,36.49,0.00,309.12,0,-92,-13,0,0,46,0,0,376
461.13,1544593771,10257.65,51.466972,7.407333,155.48,36.49,0.00,309.12,0,-96,-15,0,0,45,0,0,57
461.13,1544593771,10257.69,51.466972,7.407333,155.48,36.49,0.00,309.12,0,-97,-16,0,0,45,0,0,132
461.13,1544593771,10257.73,51.466972,7.407333,155.48,36.49,0.00,309.12,0,-94,-9,0,0,40,0,0,377
461.13,1544593771,10257.76,51.466972,7.407333,155.48,36.49,0.00,309.12,0,-100,-11,0,0,38,0,0,93
462.13,1544593772,10293.99,51.467179,7.406926,155.72,36.49,0.00,309.36,0,-92,-13,0,0,46,0,0,376
462.13,1544593772,10294.03,51.467179,7.406926,155.72,36.49,0.00,309.36,0,-96,-15,0,0,45,0,0,57
462.13,1544593772,10294.03,51.467179,7.406926,155.72,36.49,0.00,309.36,0,-97,-16,0,0,45,0,0,132
462.13,1544593772,10294.07,51.467179,7.406926,155.72,36.49,0.00,309.36,0,-94,-9,0,0,40,0,0,377
462.13,1544593772,10294.10,51.467179,7.406926,155.72,36.49,0.00,309.36,0,-100,-11,0,0,38,0,0,93
463.13,1544593773,10330.56,51.467388,7.406519,156.02,36.64,0.00,309.99,0,-89,-14,0,0,50,0,0,376
463.13,1544593773,10330.59,51.467388,7.406519,156.02,36.64,0.00,309.99,0,-93,-17,0,0,49,0,0,431
463.13,1544593773,10330.59,51.467388,7.406519,156.02,36.64,0.00,309.99,0,-94,-18,0,0,49,0,0,69
463.13,1544593773,10330.63,51.467388,7.406519,156.02,36.64,0.00,309.99,0,-88,-8,0,0,45,0,0,377
463.13,1544593773,10330.67,51.467388,7.406519,156.02,36.64,0.00,309.99,0,-94,-12,0,0,43,0,0,93
464.12,1544593774,10366.97,51.467607,7.406118,156.10,36.76,0.00,310.40,0,-89,-14,0,0,50,0,0,376
464.12,1544593774,10366.97,51.467607,7.406118,156.10,36.76,0.00,310.40,0,-93,-17,0,0,49,0,0,431
464.12,1544593774,10366.97,51.467607,7.406118,156.10,36.76,0.00,310.40,0,-94,-18,0,0,49,0,0,69
464.12,1544593774,10367.01,51.467607,7.406118,156.10,36.76,0.00,310.40,0,-88,-8,0,0,45,0,0,377
464.12,1544593774,10367.01,51.467607,7.406118,156.10,36.76,0.00,310.40,0,-94,-12,0,0,43,0,0,93
465.12,1544593775,10403.80,51.467827,7.405713,156.18,37.03,0.00,310.74,0,-87,-11,0,0,50,0,0,376
465.13,1544593775,10403.84,51.467827,7.405713,156.18,37.03,0.00,310.74,0,-80,-6,0,0,53,0,0,377
466.13,1544593776,10440.87,51.468041,7.405312,156.56,37.21,0.00,311.05,0,-87,-11,0,0,50,0,0,376
466.13,1544593776,10440.87,51.468041,7.405312,156.56,37.21,0.00,311.05,0,-80,-6,0,0,53,0,0,377
467.13,1544593777,10478.16,51.468269,7.404906,156.70,37.60,0.00,311.66,0,-95,-13,0,0,44,0,0,69
467.13,1544593777,10478.19,51.468269,7.404906,156.70,37.60,0.00,311.66,0,-98,-17,0,0,45,0,0,230
467.13,1544593777,10478.23,51.468269,7.404906,156.70,37.60,0.00,311.66,0,-98,-16,0,0,44,0,0,431
467.13,1544593777,10478.27,51.468269,7.404906,156.70,37.60,0.00,311.66,0,-105,-14,0,0,35,0,0,119
467.13,1544593777,10478.27,51.468269,7.404906,156.70,37.60,0.00,311.66,0,-107,-14,0,0,33,0,0,377
468.13,1544593778,10515.76,51.468491,7.404505,157.26,37.73,0.00,311.99,0,-95,-13,0,0,44,0,0,69
468.13,1544593778,10515.76,51.468491,7.404505,157.26,37.73,0.00,311.99,0,-98,-17,0,0,45,0,0,230
468.13,1544593778,10515.80,51.468491,7.404505,157.26,37.73,0.00,311.99,0,-98,-16,0,0,44,0,0,431
468.13,1544593778,10515.83,51.468491,7.404505,157.26,37.73,0.00,311.99,0,-105,-14,0,0,35,0,0,119
468.13,1544593778,10515.87,51.468491,7.404505,157.26,37.73,0.00,311.99,0,-107,-14,0,0,33,0,0,377
469.14,1544593779,10553.83,51.468713,7.404106,158.43,37.92,0.00,312.39,0,-99,-15,0,0,42,0,0,230
469.14,1544593779,10553.83,51.468713,7.404106,158.43,37.92,0.00,312.39,0,-101,-17,0,0,42,0,0,69
469.14,1544593779,10553.86,51.468713,7.404106,158.43,37.92,0.00,312.39,0,-102,-18,0,0,41,0,0,376
469.14,1544593779,10553.90,51.468713,7.404106,158.43,37.92,0.00,312.39,0,-107,-13,0,0,32,0,0,377
469.14,1544593779,10553.94,51.468713,7.404106,158.43,37.92,0.00,312.39,0,-108,-15,0,0,34,0,0,119
470.13,1544593780,10591.40,51.468946,7.403702,159.68,38.18,0.00,312.90,0,-99,-15,0,0,42,0,0,230
470.13,1544593780,10591.40,51.468946,7.403702,159.68,38.18,0.00,312.90,0,-101,-17,0,0,42,0,0,69
470.13,1544593780,10591.44,51.468946,7.403702,159.68,38.18,0.00,312.90,0,-102,-18,0,0,41,0,0,376
470.13,1544593780,10591.48,51.468946,7.403702,159.68,38.18,0.00,312.90,0,-107,-13,0,0,32,0,0,377
470.13,1544593780,10591.48,51.468946,7.403702,159.68,38.18,0.00,312.90,0,-108,-15,0,0,34,0,0,119
471.12,1544593781,10629.35,51.469183,7.403297,160.93,38.62,0.00,313.29,0,-99,-15,0,0,42,0,0,230
471.12,1544593781,10629.39,51.469183,7.403297,160.93,38.62,0.00,313.29,0,-101,-17,0,0,42,0,0,69
471.12,1544593781,10629.39,51.469183,7.403297,160.93,38.62,0.00,313.29,0,-102,-18,0,0,41,0,0,376
471.12,1544593781,10629.39,51.469183,7.403297,160.93,38.62,0.00,313.29,0,-107,-13,0,0,32,0,0,377
471.12,1544593781,10629.43,51.469183,7.403297,160.93,38.62,0.00,313.29,0,-108,-15,0,0,34,0,0,119
472.13,1544593782,10668.12,51.469416,7.402898,161.96,38.84,0.00,313.58,0,-101,-18,0,0,43,0,0,230
472.13,1544593782,10668.20,51.469416,7.402898,161.96,38.84,0.00,313.58,0,-101,-18,0,0,43,0,0,69
472.13,1544593782,10668.20,51.469416,7.402898,161.96,38.84,0.00,313.58,0,-103,-18,0,0,41,0,0,57
472.13,1544593782,10668.24,51.469416,7.402898,161.96,38.84,0.00,313.58,0,-109,-14,0,0,32,0,0,119
472.13,1544593782,10668.28,51.469416,7.402898,161.96,38.84,0.00,313.58,0,-110,-14,0,0,30,0,0,377
473.13,1544593783,10707.00,51.469669,7.402489,162.83,39.18,0.00,314.14,0,-101,-18,0,0,43,0,0,230
473.13,1544593783,10707.04,51.469669,7.402489,162.83,39.18,0.00,314.14,0,-101,-18,0,0,43,0,0,69
473.13,1544593783,10707.08,51.469669,7.402489,162.83,39.18,0.00,314.14,0,-103,-18,0,0,41,0,0,57
473.13,1544593783,10707.12,51.469669,7.402489,162.83,39.18,0.00,314.14,0,-109,-14,0,0,32,0,0,119
473.13,1544593783,10707.16,51.469669,7.402489,162.83,39.18,0.00,314.14,0,-110,-14,0,0,30,0,0,377
474.13,1544593784,10746.46,51.469919,7.402085,163.45,39.16,0.00,314.57,0,-99,-18,0,0,45,0,0,137
474.13,1544593784,10746.50,51.469919,7.402085,163.45,39.16,0.00,314.57,0,-100,-19,0,0,46,0,0,376
474.13,1544593784,10746.50,51.469919,7.402085,163.45,39.16,0.00,314.57,0,-101,-20,0,0,45,0,0,132
474.13,1544593784,10746.54,51.469919,7.402085,163.45,39.16,0.00,314.57,0,-101,-8,0,0,33,0,0,74
474.14,1544593784,10746.58,51.469919,7.402085,163.45,39.16,0.00,314.57,0,-103,-11,0,0,33,0,0,266
474.14,1544593784,10746.62,51.469919,7.402085,163.45,39.16,0.00,314.57,0,-107,-13,0,0,32,0,0,119
474.14,1544593784,10746.62,51.469919,7.402085,163.45,39.16,0.00,314.57,0,0,0,0,0,63,0,0,423
475.13,1544593785,10785.43,51.470170,7.401689,164.07,38.32,0.00,315.21,0,-99,-18,0,0,45,0,0,137
475.13,1544593785,10785.47,51.470170,7.401689,164.07,38.32,0.00,315.21,0,-100,-19,0,0,46,0,0,376
475.13,1544593785,10785.47,51.470170,7.401689,164.07,38.32,0.00,315.21,0,-101,-20,0,0,45,0,0,132
475.13,1544593785,10785.50,51.470170,7.401689,164.07,38.32,0.00,315.21,0,-101,-8,0,0,33,0,0,74
475.13,1544593785,10785.54,51.470170,7.401689,164.07,38.32,0.00,315.21,0,-103,-11,0,0,33,0,0,266
475.13,1544593785,10785.58,51.470170,7.401689,164.07,38.32,0.00,315.21,0,-107,-13,0,0,32,0,0,119
475.13,1544593785,10785.58,51.470170,7.401689,164.07,38.32,0.00,315.21,0,0,0,0,0,63,0,0,423
476.12,1544593786,10823.59,51.470412,7.401306,164.53,37.28,0.00,315.72,0,-100,-14,0,0,39,0,0,376
476.13,1544593786,10823.63,51.470412,7.401306,164.53,37.28,0.00,315.72,0,-101,-15,0,0,39,0,0,137
477.12,1544593787,10860.86,51.470648,7.400936,164.90,36.46,0.00,316.16,0,-100,-14,0,0,39,0,0,376
477.13,1544593787,10860.90,51.470648,7.400936,164.90,36.46,0.00,316.16,0,-101,-15,0,0,39,0,0,137
478.12,1544593788,10897.32,51.470884,7.400582,165.20,35.25,0.00,316.37,0,-103,-15,0,0,39,0,0,57
478.12,1544593788,10897.32,51.470884,7.400582,165.20,35.25,0.00,316.37,0,-105,-20,0,0,40,0,0,431
478.13,1544593788,10897.36,51.470884,7.400582,165.20,35.25,0.00,316.37,0,-105,-14,0,0,35,0,0,376
479.12,1544593789,10932.57,51.471113,7.400239,165.53,34.44,0.00,317.13,0,-103,-15,0,0,39,0,0,57
479.13,1544593789,10932.60,51.471113,7.400239,165.53,34.44,0.00,317.13,0,-105,-20,0,0,40,0,0,431
479.13,1544593789,10932.64,51.471113,7.400239,165.53,34.44,0.00,317.13,0,-105,-14,0,0,35,0,0,376
480.13,1544593790,10967.11,51.471338,7.399910,165.91,33.26,0.00,317.55,0,-105,-15,0,0,35,0,0,56
480.13,1544593790,10967.14,51.471338,7.399910,165.91,33.26,0.00,317.55,0,-106,-16,0,0,37,0,0,90
480.13,1544593790,10967.14,51.471338,7.399910,165.91,33.26,0.00,317.55,0,-106,-17,0,0,37,0,0,205
480.13,1544593790,10967.17,51.471338,7.399910,165.91,33.26,0.00,317.55,0,-94,-5,0,0,39,0,0,74
481.13,1544593791,11000.33,51.471564,7.399585,166.08,32.81,0.00,318.38,0,-105,-15,0,0,35,0,0,56
481.13,1544593791,11000.36,51.471564,7.399585,166.08,32.81,0.00,318.38,0,-106,-16,0,0,37,0,0,90
481.13,1544593791,11000.36,51.471564,7.399585,166.08,32.81,0.00,318.38,0,-106,-17,0,0,37,0,0,205
481.13,1544593791,11000.40,51.471564,7.399585,166.08,32.81,0.00,318.38,0,-94,-5,0,0,39,0,0,74
486.13,1544593796,11159.04,51.472649,7.398130,165.75,30.72,0.00,319.88,0,-103,-14,0,0,39,0,0,56
486.13,1544593796,11159.07,51.472649,7.398130,165.75,30.72,0.00,319.88,0,-105,-15,0,0,38,0,0,392
486.13,1544593796,11159.10,51.472649,7.398130,165.75,30.72,0.00,319.88,0,-110,-17,0,0,33,0,0,163
487.12,1544593797,11189.61,51.472859,7.397849,165.85,30.40,0.00,320.14,0,-103,-14,0,0,39,0,0,56
487.12,1544593797,11189.61,51.472859,7.397849,165.85,30.40,0.00,320.14,0,-105,-15,0,0,38,0,0,392
487.12,1544593797,11189.61,51.472859,7.397849,165.85,30.40,0.00,320.14,0,-110,-17,0,0,33,0,0,163
488.12,1544593798,11220.13,51.473064,7.397574,166.02,29.75,0.00,320.35,0,-103,-10,0,0,33,0,0,392
488.13,1544593798,11220.16,51.473064,7.397574,166.02,29.75,0.00,320.35,0,-106,-12,0,0,33,0,0,56
488.13,1544593798,11220.19,51.473064,7.397574,166.02,29.75,0.00,320.35,0,-107,-14,0,0,33,0,0,431
488.13,1544593798,11220.22,51.473064,7.397574,166.02,29.75,0.00,320.35,0,-90,-5,0,0,43,0,0,74
489.13,1544593799,11249.94,51.473267,7.397303,166.32,29.08,0.00,320.45,0,-103,-10,0,0,33,0,0,392
489.13,1544593799,11249.94,51.473267,7.397303,166.32,29.08,0.00,320.45,0,-106,-12,0,0,33,0,0,56
489.13,1544593799,11249.96,51.473267,7.397303,166.32,29.08,0.00,320.45,0,-107,-14,0,0,33,0,0,431
489.13,1544593799,11249.99,51.473267,7.397303,166.32,29.08,0.00,320.45,0,-90,-5,0,0,43,0,0,74
490.13,1544593800,11279.25,51.473469,7.397045,166.61,28.38,0.00,321.11,0,-106,-16,0,0,35,0,0,431
490.13,1544593800,11279.28,51.473469,7.397045,166.61,28.38,0.00,321.11,0,-107,-17,0,0,35,0,0,56
490.14,1544593800,11279.30,51.473469,7.397045,166.61,28.38,0.00,321.11,0,-107,-17,0,0,35,0,0,392
490.14,1544593800,11279.30,51.473469,7.397045,166.61,28.38,0.00,321.11,0,-90,-5,0,0,42,0,0,74
490.14,1544593800,11279.33,51.473469,7.397045,166.61,28.38,0.00,321.11,0,0,0,0,0,63,0,0,486
491.13,1544593801,11307.40,51.473665,7.396791,166.77,28.18,0.00,321.76,0,-106,-16,0,0,35,0,0,431
491.13,1544593801,11307.43,51.473665,7.396791,166.77,28.18,0.00,321.76,0,-107,-17,0,0,35,0,0,56
491.13,1544593801,11307.46,51.473665,7.396791,166.77,28.18,0.00,321.76,0,-107,-17,0,0,35,0,0,392
491.13,1544593801,11307.46,51.473665,7.396791,166.77,28.18,0.00,321.76,0,-90,-5,0,0,42,0,0,74
491.13,1544593801,11307.48,51.473665,7.396791,166.77,28.18,0.00,321.76,0,0,0,0,0,63,0,0,486
492.13,1544593802,11335.55,51.473860,7.396542,167.06,27.86,0.00,321.87,0,-106,-16,0,0,35,0,0,431
492.13,1544593802,11335.58,51.473860,7.396542,167.06,27.86,0.00,321.87,0,-107,-17,0,0,35,0,0,56
492.13,1544593802,11335.61,51.473860,7.396542,167.06,27.86,0.00,321.87,0,-107,-17,0,0,35,0,0,392
492.13,1544593802,11335.63,51.473860,7.396542,167.06,27.86,0.00,321.87,0,-90,-5,0,0,42,0,0,74
492.13,1544593802,11335.66,51.473860,7.396542,167.06,27.86,0.00,321.87,0,0,0,0,0,63,0,0,486
493.13,1544593803,11363.44,51.474057,7.396304,167.55,27.28,0.00,322.89,0,-105,-16,0,0,37,0,0,431
493.13,1544593803,11363.44,51.474057,7.396304,167.55,27.28,0.00,322.89,0,-108,-17,0,0,35,0,0,78
493.13,1544593803,11363.46,51.474057,7.396304,167.55,27.28,0.00,322.89,0,0,0,0,0,63,0,0,486
494.13,1544593804,11390.69,51.474250,7.396068,167.97,26.97,0.00,323.11,0,-105,-16,0,0,37,0,0,431
494.13,1544593804,11390.71,51.474250,7.396068,167.97,26.97,0.00,323.11,0,-108,-17,0,0,35,0,0,78
494.13,1544593804,11390.74,51.474250,7.396068,167.97,26.97,0.00,323.11,0,0,0,0,0,63,0,0,486
495.13,1544593805,11417.69,51.474442,7.395836,168.49,26.71,0.00,323.39,0,-105,-14,0,0,36,0,0,431
495.13,1544593805,11417.71,51.474442,7.395836,168.49,26.71,0.00,323.39,0,-106,-16,0,0,35,0,0,392
495.13,1544593805,11417.74,51.474442,7.395836,168.49,26.71,0.00,323.39,0,-107,-16,0,0,35,0,0,310
496.12,1544593806,11444.34,51.474633,7.395612,168.94,26.21,0.00,324.20,0,-105,-14,0,0,36,0,0,431
496.13,1544593806,11444.36,51.474633,7.395612,168.94,26.21,0.00,324.20,0,-106,-16,0,0,35,0,0,392
496.13,1544593806,11444.36,51.474633,7.395612,168.94,26.21,0.00,324.20,0,-107,-16,0,0,35,0,0,310
497.13,1544593807,11470.76,51.474820,7.395394,169.46,25.56,0.00,324.72,0,-103,-12,0,0,35,0,0,392
497.13,1544593807,11470.78,51.474820,7.395394,169.46,25.56,0.00,324.72,0,-104,-13,0,0,34,0,0,431
497.13,1544593807,11470.81,51.474820,7.395394,169.46,25.56,0.00,324.72,0,-105,-14,0,0,34,0,0,78
498.13,1544593808,11496.19,51.475010,7.395194,169.88,24.93,0.00,326.89,0,-103,-12,0,0,35,0,0,392
498.13,1544593808,11496.19,51.475010,7.395194,169.88,24.93,0.00,326.89,0,-104,-13,0,0,34,0,0,431
498.13,1544593808,11496.21,51.475010,7.395194,169.88,24.93,0.00,326.89,0,-105,-14,0,0,34,0,0,78
499.13,1544593809,11521.07,51.475196,7.395009,170.11,24.37,0.00,328.29,0,-101,-13,0,0,38,0,0,392
499.13,1544593809,11521.10,51.475196,7.395009,170.11,24.37,0.00,328.29,0,-104,-16,0,0,38,0,0,163
499.13,1544593809,11521.12,51.475196,7.395009,170.11,24.37,0.00,328.29,0,-105,-16,0,0,38,0,0,436
500.12,1544593810,11545.41,51.475379,7.394824,170.29,23.91,0.00,328.54,0,-101,-13,0,0,38,0,0,392
500.13,1544593810,11545.44,51.475379,7.394824,170.29,23.91,0.00,328.54,0,-104,-16,0,0,38,0,0,163
500.13,1544593810,11545.46,51.475379,7.394824,170.29,23.91,0.00,328.54,0,-105,-16,0,0,38,0,0,436
501.12,1544593811,11569.30,51.475557,7.394649,170.52,23.40,0.00,328.91,0,-93,-8,0,0,41,0,0,392
502.12,1544593812,11592.73,51.475743,7.394488,170.40,23.56,0.00,333.02,0,-93,-8,0,0,41,0,0,392
503.12,1544593813,11616.29,51.475923,7.394320,170.43,23.22,0.00,330.58,0,-89,-7,0,0,43,0,0,392
504.12,1544593814,11639.51,51.476101,7.394157,170.65,22.93,0.00,331.32,0,-89,-7,0,0,43,0,0,392
505.12,1544593815,11662.43,51.476282,7.394003,170.83,22.68,0.00,332.64,0,-91,-8,0,0,42,0,0,392
506.12,1544593816,11685.08,51.476461,7.393853,171.06,22.47,0.00,333.47,0,-91,-8,0,0,42,0,0,392
507.12,1544593817,11707.55,51.476641,7.393716,171.30,21.77,0.00,334.65,0,-95,-10,0,0,41,0,0,392
508.12,1544593818,11729.34,51.476816,7.393584,171.55,21.28,0.00,335.11,0,-95,-10,0,0,41,0,0,392
509.12,1544593819,11750.62,51.476985,7.393457,171.70,20.58,0.00,335.54,0,-96,-9,0,0,39,0,0,392
510.12,1544593820,11771.19,51.477152,7.393347,171.86,20.04,0.00,337.15,0,-96,-9,0,0,39,0,0,392
511.13,1544593821,11791.40,51.477319,7.393248,171.98,19.39,0.00,339.61,0,-93,-9,0,0,45,0,0,392
512.13,1544593822,11810.65,51.477482,7.393158,172.05,18.83,0.00,340.99,0,-93,-9,0,0,45,0,0,392
513.12,1544593823,11829.44,51.477636,7.393087,172.34,18.22,0.00,343.53,0,-93,-9,0,0,45,0,0,392
514.12,1544593824,11847.65,51.477796,7.393033,172.54,17.79,0.00,347.25,0,-92,-8,0,0,42,0,0,392
515.12,1544593825,11865.44,51.477956,7.393039,172.71,17.42,0.00,0.68,0,-92,-8,0,0,42,0,0,392
516.12,1544593826,11882.84,51.478116,7.393055,172.81,16.90,0.00,3.29,0,-88,-7,0,0,45,0,0,392
517.12,1544593827,11899.74,51.478273,7.393090,172.77,16.73,0.00,6.80,0,-88,-7,0,0,45,0,0,392
518.12,1544593828,11916.48,51.478418,7.393140,172.88,16.59,0.00,10.85,0,-91,-7,0,0,42,0,0,392
519.12,1544593829,11933.08,51.478544,7.393254,173.44,15.89,0.00,28.69,0,-91,-7,0,0,42,0,0,392
520.12,1544593830,11948.97,51.478664,7.393366,174.10,15.62,0.00,29.75,0,-87,-6,0,0,46,0,0,392
521.12,1544593831,11964.57,51.478785,7.393481,174.83,14.94,0.00,30.25,0,-87,-6,0,0,46,0,0,392
522.12,1544593832,11979.54,51.478911,7.393600,175.42,14.29,0.00,31.11,0,-86,-7,0,0,46,0,0,392
522.13,1544593832,11979.56,51.478911,7.393600,175.42,14.29,0.00,31.11,0,0,0,0,0,63,0,0,450
522.13,1544593832,11979.56,51.478911,7.393600,175.42,14.29,0.00,31.11,0,0,0,0,0,63,0,0,101
523.13,1544593833,11993.95,51.479020,7.393706,176.26,13.24,0.00,29.50,0,-86,-7,0,0,46,0,0,392
523.13,1544593833,11993.96,51.479020,7.393706,176.26,13.24,0.00,29.50,0,0,0,0,0,63,0,0,450
523.13,1544593833,11993.97,51.479020,7.393706,176.26,13.24,0.00,29.50,0,0,0,0,0,63,0,0,101
545.12,1544593855,12254.66,51.480809,7.394871,193.73,16.92,0.00,57.89,0,-87,-12,0,0,51,0,0,52
546.12,1544593856,12271.58,51.480888,7.395086,194.97,17.20,0.00,58.51,0,-87,-12,0,0,51,0,0,52
549.12,1544593859,12323.41,51.481130,7.395734,196.10,17.32,0.00,60.03,0,-89,-15,0,0,52,0,0,52
550.12,1544593860,12340.71,51.481209,7.395953,196.30,17.30,0.00,60.03,0,-89,-15,0,0,52,0,0,52
551.12,1544593861,12357.98,51.481284,7.396165,196.60,17.02,0.00,60.04,0,-91,-14,0,0,49,0,0,52
552.12,1544593862,12375.00,51.481360,7.396379,196.81,16.70,0.00,59.68,0,-91,-14,0,0,49,0,0,52
553.13,1544593863,12391.93,51.481433,7.396584,197.13,16.47,0.00,59.29,0,-93,-17,0,0,50,0,0,52
553.13,1544593863,12391.95,51.481433,7.396584,197.13,16.47,0.00,59.29,0,-93,-18,0,0,51,0,0,431
553.14,1544593863,12391.97,51.481433,7.396584,197.13,16.47,0.00,59.29,0,-103,-18,0,0,41,0,0,408
553.14,1544593863,12391.97,51.481433,7.396584,197.13,16.47,0.00,59.29,0,-104,-17,0,0,40,0,0,448
554.14,1544593864,12408.49,51.481509,7.396789,197.17,16.27,0.00,58.67,0,-93,-17,0,0,50,0,0,52
554.14,1544593864,12408.49,51.481509,7.396789,197.17,16.27,0.00,58.67,0,-93,-18,0,0,51,0,0,431
554.14,1544593864,12408.51,51.481509,7.396789,197.17,16.27,0.00,58.67,0,-103,-18,0,0,41,0,0,408
554.14,1544593864,12408.52,51.481509,7.396789,197.17,16.27,0.00,58.67,0,-104,-17,0,0,40,0,0,448
555.12,1544593865,12424.52,51.481585,7.396989,196.86,16.06,0.00,58.23,0,-93,-17,0,0,50,0,0,52
555.12,1544593865,12424.52,51.481585,7.396989,196.86,16.06,0.00,58.23,0,-93,-18,0,0,51,0,0,431
555.13,1544593865,12424.54,51.481585,7.396989,196.86,16.06,0.00,58.23,0,-103,-18,0,0,41,0,0,408
555.13,1544593865,12424.54,51.481585,7.396989,196.86,16.06,0.00,58.23,0,-104,-17,0,0,40,0,0,448
556.13,1544593866,12440.63,51.481664,7.397183,196.24,15.66,0.00,57.45,0,-93,-14,0,0,47,0,0,52
556.13,1544593866,12440.63,51.481664,7.397183,196.24,15.66,0.00,57.45,0,-96,-17,0,0,47,0,0,163
556.13,1544593866,12440.65,51.481664,7.397183,196.24,15.66,0.00,57.45,0,-98,-19,0,0,47,0,0,431
556.13,1544593866,12440.66,51.481664,7.397183,196.24,15.66,0.00,57.45,0,-107,-16,0,0,37,0,0,378
556.13,1544593866,12440.68,51.481664,7.397183,196.24,15.66,0.00,57.45,0,-107,-18,0,0,37,0,0,448
557.13,1544593867,12456.26,51.481740,7.397369,195.43,15.35,0.00,56.67,0,-93,-14,0,0,47,0,0,52
557.13,1544593867,12456.27,51.481740,7.397369,195.43,15.35,0.00,56.67,0,-96,-17,0,0,47,0,0,163
557.13,1544593867,12456.29,51.481740,7.397369,195.43,15.35,0.00,56.67,0,-98,-19,0,0,47,0,0,431
557.13,1544593867,12456.30,51.481740,7.397369,195.43,15.35,0.00,56.67,0,-107,-16,0,0,37,0,0,378
557.13,1544593867,12456.30,51.481740,7.397369,195.43,15.35,0.00,56.67,0,-107,-18,0,0,37,0,0,448
558.12,1544593868,12471.57,51.481816,7.397542,194.74,14.82,0.00,55.81,0,-93,-11,0,0,44,0,0,52
558.12,1544593868,12471.59,51.481816,7.397542,194.74,14.82,0.00,55.81,0,-108,-14,0,0,33,0,0,448
559.12,1544593869,12486.40,51.481891,7.397711,194.16,14.47,0.00,54.82,0,-93,-11,0,0,44,0,0,52
559.12,1544593869,12486.41,51.481891,7.397711,194.16,14.47,0.00,54.82,0,-108,-14,0,0,33,0,0,448
560.12,1544593870,12500.86,51.481971,7.397877,193.74,14.64,0.00,53.57,0,-90,-11,0,0,46,0,0,52
560.12,1544593870,12500.87,51.481971,7.397877,193.74,14.64,0.00,53.57,0,-102,-12,0,0,35,0,0,448
561.13,1544593871,12515.57,51.482052,7.398041,193.56,14.44,0.00,52.28,0,-90,-11,0,0,46,0,0,52
561.13,1544593871,12515.58,51.482052,7.398041,193.56,14.44,0.00,52.28,0,-102,-12,0,0,35,0,0,448
562.12,1544593872,12529.89,51.482134,7.398197,193.54,14.18,0.00,50.96,0,-86,-12,0,0,52,0,0,52
562.12,1544593872,12529.91,51.482134,7.398197,193.54,14.18,0.00,50.96,0,-98,-11,0,0,40,0,0,448
563.12,1544593873,12544.09,51.482217,7.398343,193.70,13.87,0.00,49.15,0,-86,-12,0,0,52,0,0,52
563.12,1544593873,12544.10,51.482217,7.398343,193.70,13.87,0.00,49.15,0,-98,-11,0,0,40,0,0,448
564.12,1544593874,12558.01,51.482302,7.398479,194.03,13.61,0.00,46.83,0,-85,-9,0,0,50,0,0,52
564.12,1544593874,12558.01,51.482302,7.398479,194.03,13.61,0.00,46.83,0,-95,-9,0,0,40,0,0,448
565.12,1544593875,12571.61,51.482391,7.398610,194.51,13.47,0.00,44.40,0,-85,-9,0,0,50,0,0,52
565.12,1544593875,12571.63,51.482391,7.398610,194.51,13.47,0.00,44.40,0,-95,-9,0,0,40,0,0,448
566.12,1544593876,12585.09,51.482485,7.398735,194.77,13.13,0.00,42.15,0,-87,-9,0,0,47,0,0,52
566.12,1544593876,12585.10,51.482485,7.398735,194.77,13.13,0.00,42.15,0,-102,-11,0,0,35,0,0,448
567.12,1544593877,12598.23,51.482579,7.398853,194.76,12.86,0.00,40.35,0,-87,-9,0,0,47,0,0,52
567.13,1544593877,12598.24,51.482579,7.398853,194.76,12.86,0.00,40.35,0,-102,-11,0,0,35,0,0,448
568.12,1544593878,12611.08,51.482666,7.398955,194.78,12.47,0.00,38.91,0,-83,-11,0,0,54,0,0,392
568.12,1544593878,12611.09,51.482666,7.398955,194.78,12.47,0.00,38.91,0,-89,-12,0,0,48,0,0,449
569.18,1544593879,12624.20,51.482766,7.399066,194.59,12.69,0.00,37.37,0,-83,-11,0,0,54,0,0,392
569.18,1544593879,12624.22,51.482766,7.399066,194.59,12.69,0.00,37.37,0,-89,-12,0,0,48,0,0,449
570.13,1544593880,12636.25,51.482866,7.399173,194.37,13.00,0.00,36.34,0,-82,-11,0,0,56,0,0,392
570.13,1544593880,12636.26,51.482866,7.399173,194.37,13.00,0.00,36.34,0,-98,-12,0,0,40,0,0,449
571.12,1544593881,12649.19,51.482967,7.399286,193.81,14.03,0.00,35.49,0,-82,-11,0,0,56,0,0,392
571.12,1544593881,12649.21,51.482967,7.399286,193.81,14.03,0.00,35.49,0,-98,-12,0,0,40,0,0,449
572.12,1544593882,12663.23,51.483068,7.399389,193.45,14.23,0.00,34.79,0,-97,-13,0,0,43,0,0,449
573.12,1544593883,12677.46,51.483179,7.399500,193.30,14.48,0.00,33.84,0,-97,-13,0,0,43,0,0,449
574.13,1544593884,12692.02,51.483293,7.399614,193.41,14.50,0.00,34.03,0,-97,-15,0,0,46,0,0,449
575.12,1544593885,12706.44,51.483412,7.399736,193.67,14.69,0.00,34.18,0,-97,-15,0,0,46,0,0,449
576.12,1544593886,12721.18,51.483521,7.399847,193.95,15.08,0.00,34.51,0,-97,-15,0,0,46,0,0,449
581.12,1544593891,12799.18,51.484103,7.400500,194.09,15.71,0.00,37.66,0,-102,-11,0,0,36,0,0,313
582.12,1544593892,12814.88,51.484216,7.400640,193.83,15.39,0.00,38.33,0,-102,-11,0,0,36,0,0,313
583.12,1544593893,12830.27,51.484321,7.400777,193.30,15.32,0.00,39.15,0,-101,-11,0,0,36,0,0,313
584.12,1544593894,12845.65,51.484428,7.400919,192.75,15.36,0.00,39.75,0,-101,-11,0,0,36,0,0,313
585.12,1544593895,12861.00,51.484533,7.401066,192.07,15.21,0.00,40.41,0,-99,-10,0,0,36,0,0,313
586.12,1544593896,12876.21,51.484636,7.401209,191.49,14.99,0.00,41.34,0,-99,-10,0,0,36,0,0,313
587.12,1544593897,12891.21,51.484733,7.401355,191.18,14.97,0.00,42.13,0,-100,-10,0,0,36,0,0,313
587.13,1544593897,12891.23,51.484733,7.401355,191.18,14.97,0.00,42.13,0,-104,-13,0,0,36,0,0,451
588.12,1544593898,12906.18,51.484833,7.401507,191.13,14.69,0.00,42.51,0,-100,-10,0,0,36,0,0,313
588.12,1544593898,12906.18,51.484833,7.401507,191.13,14.69,0.00,42.51,0,-104,-13,0,0,36,0,0,451
589.15,1544593899,12921.33,51.484932,7.401655,191.02,14.57,0.00,42.07,0,-98,-9,0,0,36,0,0,313
590.12,1544593900,12935.43,51.485028,7.401801,190.85,14.45,0.00,41.97,0,-98,-9,0,0,36,0,0,313
591.12,1544593901,12949.84,51.485118,7.401933,190.86,14.25,0.00,42.87,0,-100,-13,0,0,40,0,0,313
592.12,1544593902,12964.12,51.485210,7.402080,190.88,13.96,0.00,44.13,0,-100,-13,0,0,40,0,0,313
604.12,1544593914,13082.14,51.485980,7.402524,190.88,10.84,0.00,324.77,0,-99,-8,0,0,37,0,0,451
605.12,1544593915,13092.96,51.486061,7.402429,189.69,11.54,0.00,325.16,0,-99,-8,0,0,37,0,0,451
606.12,1544593916,13104.50,51.486151,7.402327,188.38,12.12,0.00,326.55,0,-96,-9,0,0,39,0,0,451
607.12,1544593917,13116.63,51.486246,7.402226,186.98,11.70,0.00,327.55,0,-96,-9,0,0,39,0,0,451
608.12,1544593918,13128.33,51.486341,7.402129,185.76,11.85,0.00,329.33,0,-100,-9,0,0,35,0,0,451
608.12,1544593918,13128.34,51.486341,7.402129,185.76,11.85,0.00,329.33,0,-103,-12,0,0,34,0,0,313
609.16,1544593919,13140.61,51.486439,7.402041,184.94,12.42,0.00,331.41,0,-100,-9,0,0,35,0,0,451
609.16,1544593919,13140.61,51.486439,7.402041,184.94,12.42,0.00,331.41,0,-103,-12,0,0,34,0,0,313
610.12,1544593920,13152.54,51.486551,7.401958,184.56,12.84,0.00,333.92,0,-102,-11,0,0,36,0,0,313
610.12,1544593920,13152.55,51.486551,7.401958,184.56,12.84,0.00,333.92,0,-103,-13,0,0,36,0,0,451
611.12,1544593921,13165.38,51.486655,7.401893,184.22,13.05,0.00,337.01,0,-102,-11,0,0,36,0,0,313
611.12,1544593921,13165.39,51.486655,7.401893,184.22,13.05,0.00,337.01,0,-103,-13,0,0,36,0,0,451
612.13,1544593922,13178.51,51.486756,7.401849,183.90,13.58,0.00,339.49,0,-97,-19,0,0,48,0,0,172
612.13,1544593922,13178.52,51.486756,7.401849,183.90,13.58,0.00,339.49,0,-97,-18,0,0,47,0,0,16
612.13,1544593922,13178.53,51.486756,7.401849,183.90,13.58,0.00,339.49,0,-98,-18,0,0,47,0,0,229
612.13,1544593922,13178.53,51.486756,7.401849,183.90,13.58,0.00,339.49,0,-97,-12,0,0,42,0,0,313
612.13,1544593922,13178.55,51.486756,7.401849,183.90,13.58,0.00,339.49,0,-98,-13,0,0,42,0,0,451
613.13,1544593923,13192.08,51.486874,7.401801,183.25,13.62,0.00,342.19,0,-97,-19,0,0,48,0,0,172
613.13,1544593923,13192.10,51.486874,7.401801,183.25,13.62,0.00,342.19,0,-97,-18,0,0,47,0,0,16
613.13,1544593923,13192.11,51.486874,7.401801,183.25,13.62,0.00,342.19,0,-98,-18,0,0,47,0,0,229
613.13,1544593923,13192.11,51.486874,7.401801,183.25,13.62,0.00,342.19,0,-97,-12,0,0,42,0,0,313
613.13,1544593923,13192.12,51.486874,7.401801,183.25,13.62,0.00,342.19,0,-98,-13,0,0,42,0,0,451
614.13,1544593924,13205.72,51.487004,7.401754,182.62,13.65,0.00,344.99,0,-94,-15,0,0,47,0,0,13
614.13,1544593924,13205.73,51.487004,7.401754,182.62,13.65,0.00,344.99,0,-95,-15,0,0,47,0,0,436
614.13,1544593924,13205.74,51.487004,7.401754,182.62,13.65,0.00,344.99,0,-96,-16,0,0,47,0,0,229
614.13,1544593924,13205.76,51.487004,7.401754,182.62,13.65,0.00,344.99,0,-95,-9,0,0,39,0,0,451
614.13,1544593924,13205.76,51.487004,7.401754,182.62,13.65,0.00,344.99,0,-97,-10,0,0,39,0,0,313
615.13,1544593925,13219.38,51.487134,7.401722,182.18,13.89,0.00,347.86,0,-94,-15,0,0,47,0,0,13
615.13,1544593925,13219.40,51.487134,7.401722,182.18,13.89,0.00,347.86,0,-95,-15,0,0,47,0,0,436
615.13,1544593925,13219.41,51.487134,7.401722,182.18,13.89,0.00,347.86,0,-96,-16,0,0,47,0,0,229
615.13,1544593925,13219.41,51.487134,7.401722,182.18,13.89,0.00,347.86,0,-95,-9,0,0,39,0,0,451
615.13,1544593925,13219.42,51.487134,7.401722,182.18,13.89,0.00,347.86,0,-97,-10,0,0,39,0,0,313
616.14,1544593926,13233.40,51.487262,7.401697,181.93,14.43,0.00,350.54,0,-96,-15,0,0,46,0,0,229
616.14,1544593926,13233.41,51.487262,7.401697,181.93,14.43,0.00,350.54,0,-96,-15,0,0,47,0,0,13
616.14,1544593926,13233.43,51.487262,7.401697,181.93,14.43,0.00,350.54,0,-97,-17,0,0,47,0,0,16
616.14,1544593926,13233.43,51.487262,7.401697,181.93,14.43,0.00,350.54,0,-92,-8,0,0,43,0,0,313
616.14,1544593926,13233.44,51.487262,7.401697,181.93,14.43,0.00,350.54,0,-93,-10,0,0,43,0,0,451
617.13,1544593927,13247.80,51.487390,7.401681,181.69,14.73,0.00,352.71,0,-96,-15,0,0,46,0,0,229
617.13,1544593927,13247.80,51.487390,7.401681,181.69,14.73,0.00,352.71,0,-96,-15,0,0,47,0,0,13
617.13,1544593927,13247.81,51.487390,7.401681,181.69,14.73,0.00,352.71,0,-97,-17,0,0,47,0,0,16
617.13,1544593927,13247.81,51.487390,7.401681,181.69,14.73,0.00,352.71,0,-92,-8,0,0,43,0,0,313
617.14,1544593927,13247.83,51.487390,7.401681,181.69,14.73,0.00,352.71,0,-93,-10,0,0,43,0,0,451
618.13,1544593928,13262.41,51.487514,7.401679,181.73,14.63,0.00,354.82,0,-96,-15,0,0,46,0,0,229
618.13,1544593928,13262.43,51.487514,7.401679,181.73,14.63,0.00,354.82,0,-96,-15,0,0,47,0,0,13
618.13,1544593928,13262.43,51.487514,7.401679,181.73,14.63,0.00,354.82,0,-97,-17,0,0,47,0,0,16
618.13,1544593928,13262.44,51.487514,7.401679,181.73,14.63,0.00,354.82,0,-92,-8,0,0,43,0,0,313
618.13,1544593928,13262.46,51.487514,7.401679,181.73,14.63,0.00,354.82,0,-93,-10,0,0,43,0,0,451
619.12,1544593929,13277.02,51.487643,7.401678,181.59,14.66,0.00,356.37,0,-98,-17,0,0,45,0,0,398
619.13,1544593929,13277.03,51.487643,7.401678,181.59,14.66,0.00,356.37,0,-99,-18,0,0,44,0,0,13
619.13,1544593929,13277.04,51.487643,7.401678,181.59,14.66,0.00,356.37,0,-88,-9,0,0,47,0,0,313
619.13,1544593929,13277.09,51.487643,7.401678,181.59,14.66,0.00,356.37,0,-92,-13,0,0,48,0,0,451
620.13,1544593930,13291.69,51.487778,7.401683,181.34,14.84,0.00,357.62,0,-98,-17,0,0,45,0,0,398
620.13,1544593930,13291.70,51.487778,7.401683,181.34,14.84,0.00,357.62,0,-99,-18,0,0,44,0,0,13
620.13,1544593930,13291.72,51.487778,7.401683,181.34,14.84,0.00,357.62,0,-88,-9,0,0,47,0,0,313
620.13,1544593930,13291.73,51.487778,7.401683,181.34,14.84,0.00,357.62,0,-92,-13,0,0,48,0,0,451
621.12,1544593931,13306.52,51.487916,7.401684,181.04,14.78,0.00,358.61,0,-100,-14,0,0,40,0,0,229
621.13,1544593931,13306.53,51.487916,7.401684,181.04,14.78,0.00,358.61,0,-92,-7,0,0,42,0,0,313
621.13,1544593931,13306.55,51.487916,7.401684,181.04,14.78,0.00,358.61,0,-94,-9,0,0,41,0,0,451
622.12,1544593932,13321.28,51.488047,7.401691,180.85,14.67,0.00,359.36,0,-100,-14,0,0,40,0,0,229
622.12,1544593932,13321.30,51.488047,7.401691,180.85,14.67,0.00,359.36,0,-92,-7,0,0,42,0,0,313
622.13,1544593932,13321.31,51.488047,7.401691,180.85,14.67,0.00,359.36,0,-94,-9,0,0,41,0,0,451
623.13,1544593933,13335.99,51.488178,7.401700,180.66,14.65,0.00,359.81,0,-101,-16,0,0,41,0,0,436
623.13,1544593933,13336.00,51.488178,7.401700,180.66,14.65,0.00,359.81,0,-103,-17,0,0,41,0,0,38
623.13,1544593933,13336.00,51.488178,7.401700,180.66,14.65,0.00,359.81,0,-103,-18,0,0,41,0,0,16
623.13,1544593933,13336.01,51.488178,7.401700,180.66,14.65,0.00,359.81,0,-90,-6,0,0,43,0,0,451
623.13,1544593933,13336.03,51.488178,7.401700,180.66,14.65,0.00,359.81,0,-94,-10,0,0,41,0,0,313
624.13,1544593934,13350.65,51.488312,7.401710,180.33,14.60,0.00,0.19,0,-101,-16,0,0,41,0,0,436
624.13,1544593934,13350.70,51.488312,7.401710,180.33,14.60,0.00,0.19,0,-103,-17,0,0,41,0,0,38
624.13,1544593934,13350.71,51.488312,7.401710,180.33,14.60,0.00,0.19,0,-103,-18,0,0,41,0,0,16
624.13,1544593934,13350.71,51.488312,7.401710,180.33,14.60,0.00,0.19,0,-90,-6,0,0,43,0,0,451
624.13,1544593934,13350.72,51.488312,7.401710,180.33,14.60,0.00,0.19,0,-94,-10,0,0,41,0,0,313
625.12,1544593935,13365.23,51.488441,7.401717,180.07,14.45,0.00,0.81,0,-100,-14,0,0,40,0,0,34
625.13,1544593935,13365.24,51.488441,7.401717,180.07,14.45,0.00,0.81,0,-101,-13,0,0,40,0,0,436
625.13,1544593935,13365.25,51.488441,7.401717,180.07,14.45,0.00,0.81,0,-102,-16,0,0,40,0,0,35
625.13,1544593935,13365.25,51.488441,7.401717,180.07,14.45,0.00,0.81,0,-85,-6,0,0,48,0,0,451
626.13,1544593936,13379.69,51.488564,7.401720,179.51,14.11,0.00,0.29,0,-100,-14,0,0,40,0,0,34
626.13,1544593936,13379.70,51.488564,7.401720,179.51,14.11,0.00,0.29,0,-101,-13,0,0,40,0,0,436
626.13,1544593936,13379.70,51.488564,7.401720,179.51,14.11,0.00,0.29,0,-102,-16,0,0,40,0,0,35
626.13,1544593936,13379.72,51.488564,7.401720,179.51,14.11,0.00,0.29,0,-85,-6,0,0,48,0,0,451
627.12,1544593937,13393.79,51.488687,7.401720,178.89,13.81,0.00,359.76,0,-102,-13,0,0,36,0,0,436
627.13,1544593937,13393.80,51.488687,7.401720,178.89,13.81,0.00,359.76,0,-103,-13,0,0,35,0,0,316
627.13,1544593937,13393.82,51.488687,7.401720,178.89,13.81,0.00,359.76,0,-105,-15,0,0,35,0,0,38
627.13,1544593937,13393.82,51.488687,7.401720,178.89,13.81,0.00,359.76,0,-86,-6,0,0,45,0,0,451
628.13,1544593938,13407.61,51.488808,7.401723,178.33,13.69,0.00,0.40,0,-102,-13,0,0,36,0,0,436
628.13,1544593938,13407.63,51.488808,7.401723,178.33,13.69,0.00,0.40,0,-103,-13,0,0,35,0,0,316
628.13,1544593938,13407.63,51.488808,7.401723,178.33,13.69,0.00,0.40,0,-105,-15,0,0,35,0,0,38
628.13,1544593938,13407.64,51.488808,7.401723,178.33,13.69,0.00,0.40,0,-86,-6,0,0,45,0,0,451
629.12,1544593939,13421.28,51.488924,7.401724,177.70,12.24,0.00,359.68,0,-105,-15,0,0,36,0,0,436
629.12,1544593939,13421.28,51.488924,7.401724,177.70,12.24,0.00,359.68,0,-105,-13,0,0,35,0,0,16
629.12,1544593939,13421.29,51.488924,7.401724,177.70,12.24,0.00,359.68,0,-106,-13,0,0,33,0,0,316
629.13,1544593939,13421.30,51.488924,7.401724,177.70,12.24,0.00,359.68,0,-88,-7,0,0,45,0,0,451
630.13,1544593940,13433.54,51.489029,7.401724,176.97,10.52,0.00,359.73,0,-105,-15,0,0,36,0,0,436
630.13,1544593940,13433.55,51.489029,7.401724,176.97,10.52,0.00,359.73,0,-105,-13,0,0,35,0,0,16
630.13,1544593940,13433.56,51.489029,7.401724,176.97,10.52,0.00,359.73,0,-106,-13,0,0,33,0,0,316
630.13,1544593940,13433.57,51.489029,7.401724,176.97,10.52,0.00,359.73,0,-88,-7,0,0,45,0,0,451
631.12,1544593941,13444.01,51.489115,7.401726,176.21,8.25,0.00,0.57,0,-102,-11,0,0,34,0,0,16
631.12,1544593941,13444.01,51.489115,7.401726,176.21,8.25,0.00,0.57,0,-103,-12,0,0,34,0,0,316
631.12,1544593941,13444.01,51.489115,7.401726,176.21,8.25,0.00,0.57,0,-104,-13,0,0,35,0,0,436
631.12,1544593941,13444.02,51.489115,7.401726,176.21,8.25,0.00,0.57,0,-88,-8,0,0,45,0,0,451
631.12,1544593941,13444.02,51.489115,7.401726,176.21,8.25,0.00,0.57,0,-93,-12,0,0,45,0,0,450
632.13,1544593942,13452.30,51.489180,7.401727,175.51,6.18,0.00,1.48,0,-102,-11,0,0,34,0,0,16
632.13,1544593942,13452.30,51.489180,7.401727,175.51,6.18,0.00,1.48,0,-103,-12,0,0,34,0,0,316
632.13,1544593942,13452.30,51.489180,7.401727,175.51,6.18,0.00,1.48,0,-104,-13,0,0,35,0,0,436
632.13,1544593942,13452.31,51.489180,7.401727,175.51,6.18,0.00,1.48,0,-88,-8,0,0,45,0,0,451
632.13,1544593942,13452.31,51.489180,7.401727,175.51,6.18,0.00,1.48,0,-93,-12,0,0,45,0,0,450
633.13,1544593943,13458.48,51.489234,7.401730,174.93,4.90,0.00,1.50,0,-92,-8,0,0,42,0,0,436
633.13,1544593943,13458.48,51.489234,7.401730,174.93,4.90,0.00,1.50,0,-95,-9,0,0,39,0,0,16
633.13,1544593943,13458.49,51.489234,7.401730,174.93,4.90,0.00,1.50,0,-85,-7,0,0,49,0,0,451
633.13,1544593943,13458.49,51.489234,7.401730,174.93,4.90,0.00,1.50,0,-88,-10,0,0,49,0,0,450
633.13,1544593943,13458.49,51.489234,7.401730,174.93,4.90,0.00,1.50,0,0,0,0,0,63,0,0,181
633.13,1544593943,13458.50,51.489234,7.401730,174.93,4.90,0.00,1.50,0,0,0,0,0,63,0,0,130
634.13,1544593944,13463.38,51.489261,7.401734,174.91,2.59,0.00,1.95,0,-92,-8,0,0,42,0,0,436
634.13,1544593944,13463.38,51.489261,7.401734,174.91,2.59,0.00,1.95,0,-95,-9,0,0,39,0,0,16
634.13,1544593944,13463.38,51.489261,7.401734,174.91,2.59,0.00,1.95,0,-85,-7,0,0,49,0,0,451
634.13,1544593944,13463.39,51.489261,7.401734,174.91,2.59,0.00,1.95,0,-88,-10,0,0,49,0,0,450
634.13,1544593944,13463.39,51.489261,7.401734,174.91,2.59,0.00,1.95,0,0,0,0,0,63,0,0,181
634.13,1544593944,13463.39,51.489261,7.401734,174.91,2.59,0.00,1.95,0,0,0,0,0,63,0,0,130
635.13,1544593945,13465.97,51.489261,7.401734,174.91,0.00,0.00,1.95,0,-98,-11,0,0,39,0,0,16
635.13,1544593945,13465.97,51.489261,7.401734,174.91,0.00,0.00,1.95,0,-101,-14,0,0,39,0,0,436
635.13,1544593945,13465.97,51.489261,7.401734,174.91,0.00,0.00,1.95,0,-84,-10,0,0,53,0,0,450
635.13,1544593945,13465.97,51.489261,7.401734,174.91,0.00,0.00,1.95,0,-85,-11,0,0,53,0,0,451
635.13,1544593945,13465.97,51.489261,7.401734,174.91,0.00,0.00,1.95,0,0,0,0,0,63,0,0,130
635.13,1544593945,13465.97,51.489261,7.401734,174.91,0.00,0.00,1.95,0,-225,-225,0,0,63,0,0,149
635.13,1544593945,13465.97,51.489261,7.401734,174.91,0.00,0.00,1.95,0,0,0,0,0,63,0,0,181
636.13,1544593946,13465.97,51.489261,7.401734,174.91,0.00,0.00,1.95,0,-98,-11,0,0,39,0,0,16
636.13,1544593946,13465.97,51.489261,7.401734,174.91,0.00,0.00,1.95,0,-101,-14,0,0,39,0,0,436
636.13,1544593946,13465.97,51.489261,7.401734,174.91,0.00,0.00,1.95,0,-84,-10,0,0,53,0,0,450
636.13,1544593946,13465.97,51.489261,7.401734,174.91,0.00,0.00,1.95,0,-85,-11,0,0,53,0,0,451
636.13,1544593946,13465.97,51.489261,7.401734,174.91,0.00,0.00,1.95,0,0,0,0,0,63,0,0,130
636.13,1544593946,13465.97,51.489261,7.401734,174.91,0.00,0.00,1.95,0,-225,-225,0,0,63,0,0,149
636.13,1544593946,13465.97,51.489261,7.401734,174.91,0.00,0.00,1.95,0,0,0,0,0,63,0,0,181
637.14,1544593947,13465.97,51.489261,7.401734,174.92,0.00,0.00,1.95,0,-97,-10,0,0,39,0,0,16
637.14,1544593947,13465.97,51.489261,7.401734,174.92,0.00,0.00,1.95,0,-101,-15,0,0,39,0,0,436
637.14,1544593947,13465.97,51.489261,7.401734,174.92,0.00,0.00,1.95,0,-103,-15,0,0,39,0,0,316
637.14,1544593947,13465.97,51.489261,7.401734,174.92,0.00,0.00,1.95,0,-82,-8,0,0,51,0,0,451
637.14,1544593947,13465.97,51.489261,7.401734,174.92,0.00,0.00,1.95,0,-88,-10,0,0,51,0,0,450
637.14,1544593947,13465.97,51.489261,7.401734,174.92,0.00,0.00,1.95,0,0,0,0,0,63,0,0,130
637.14,1544593947,13465.97,51.489261,7.401734,174.92,0.00,0.00,1.95,0,0,0,0,0,63,0,0,181
637.14,1544593947,13465.97,51.489261,7.401734,174.92,0.00,0.00,1.95,0,-225,-225,0,0,63,0,0,149
638.13,1544593948,13465.97,51.489261,7.401734,174.92,0.00,0.00,1.95,0,-97,-10,0,0,39,0,0,16
638.13,1544593948,13465.97,51.489261,7.401734,174.92,0.00,0.00,1.95,0,-101,-15,0,0,39,0,0,436
638.13,1544593948,13465.97,51.489261,7.401734,174.92,0.00,0.00,1.95,0,-103,-15,0,0,39,0,0,316
638.13,1544593948,13465.97,51.489261,7.401734,174.92,0.00,0.00,1.95,0,-82,-8,0,0,51,0,0,451
638.13,1544593948,13465.97,51.489261,7.401734,174.92,0.00,0.00,1.95,0,-88,-10,0,0,51,0,0,450
638.13,1544593948,13465.97,51.489261,7.401734,174.92,0.00,0.00,1.95,0,0,0,0,0,63,0,0,130
638.13,1544593948,13465.97,51.489261,7.401734,174.92,0.00,0.00,1.95,0,0,0,0,0,63,0,0,181
638.13,1544593948,13465.97,51.489261,7.401734,174.92,0.00,0.00,1.95,0,-225,-225,0,0,63,0,0,149
639.13,1544593949,13465.97,51.489261,7.401734,174.91,0.00,0.00,1.95,0,-97,-10,0,0,39,0,0,16
639.13,1544593949,13465.97,51.489261,7.401734,174.91,0.00,0.00,1.95,0,-101,-15,0,0,39,0,0,436
639.13,1544593949,13465.97,51.489261,7.401734,174.91,0.00,0.00,1.95,0,-103,-15,0,0,39,0,0,316
639.13,1544593949,13465.97,51.489261,7.401734,174.91,0.00,0.00,1.95,0,-82,-8,0,0,51,0,0,451
639.13,1544593949,13465.97,51.489261,7.401734,174.91,0.00,0.00,1.95,0,-88,-10,0,0,51,0,0,450
639.13,1544593949,13465.97,51.489261,7.401734,174.91,0.00,0.00,1.95,0,0,0,0,0,63,0,0,130
639.13,1544593949,13465.97,51.489261,7.401734,174.91,0.00,0.00,1.95,0,0,0,0,0,63,0,0,181
639.13,1544593949,13465.97,51.489261,7.401734,174.91,0.00,0.00,1.95,0,-225,-225,0,0,63,0,0,149
640.13,1544593950,13465.97,51.489261,7.401734,174.91,0.00,0.00,1.95,0,-97,-10,0,0,39,0,0,16
640.13,1544593950,13465.97,51.489261,7.401734,174.91,0.00,0.00,1.95,0,-101,-14,0,0,39,0,0,436
640.13,1544593950,13465.97,51.489261,7.401734,174.91,0.00,0.00,1.95,0,-103,-15,0,0,38,0,0,316
640.13,1544593950,13465.97,51.489261,7.401734,174.91,0.00,0.00,1.95,0,-83,-9,0,0,52,0,0,451
640.13,1544593950,13465.97,51.489261,7.401734,174.91,0.00,0.00,1.95,0,-88,-12,0,0,52,0,0,450
640.13,1544593950,13465.97,51.489261,7.401734,174.91,0.00,0.00,1.95,0,0,0,0,0,63,0,0,130
640.13,1544593950,13465.97,51.489261,7.401734,174.91,0.00,0.00,1.95,0,0,0,0,0,63,0,0,181
640.14,1544593950,13465.97,51.489261,7.401734,174.91,0.00,0.00,1.95,0,-225,-225,0,0,63,0,0,149
641.13,1544593951,13465.97,51.489261,7.401734,174.91,0.00,0.00,1.95,0,-97,-10,0,0,39,0,0,16
641.13,1544593951,13465.97,51.489261,7.401734,174.91,0.00,0.00,1.95,0,-101,-14,0,0,39,0,0,436
641.13,1544593951,13465.97,51.489261,7.401734,174.91,0.00,0.00,1.95,0,-103,-15,0,0,38,0,0,316
641.13,1544593951,13465.97,51.489261,7.401734,174.91,0.00,0.00,1.95,0,-83,-9,0,0,52,0,0,451
641.13,1544593951,13465.97,51.489261,7.401734,174.91,0.00,0.00,1.95,0,-88,-12,0,0,52,0,0,450
641.13,1544593951,13465.97,51.489261,7.401734,174.91,0.00,0.00,1.95,0,0,0,0,0,63,0,0,130
641.13,1544593951,13465.97,51.489261,7.401734,174.91,0.00,0.00,1.95,0,0,0,0,0,63,0,0,181
641.13,1544593951,13465.97,51.489261,7.401734,174.91,0.00,0.00,1.95,0,-225,-225,0,0,63,0,0,149
642.13,1544593952,13465.97,51.489261,7.401734,174.91,0.00,0.00,1.95,0,-83,-9,0,0,51,0,0,451
643.12,1544593953,13465.97,51.489261,7.401734,174.91,0.00,0.00,1.95,0,-83,-9,0,0,51,0,0,451
644.12,1544593954,13465.97,51.489261,7.401734,174.91,0.00,0.00,1.95,0,-82,-9,0,0,52,0,0,451
645.12,1544593955,13465.97,51.489261,7.401734,174.91,0.00,0.00,1.95,0,-82,-9,0,0,52,0,0,451
646.12,1544593956,13465.97,51.489261,7.401734,174.92,0.00,0.00,1.95,0,-83,-8,0,0,50,0,0,451
647.12,1544593957,13465.97,51.489261,7.401734,174.93,0.00,0.00,1.95,0,-83,-8,0,0,50,0,0,451
648.12,1544593958,13465.97,51.489261,7.401734,174.94,0.00,0.00,1.95,0,-83,-8,0,0,50,0,0,451
649.12,1544593959,13465.97,51.489261,7.401734,174.95,0.00,0.00,1.95,0,-83,-8,0,0,50,0,0,451
650.13,1544593960,13465.97,51.489261,7.401734,174.96,0.00,0.00,1.95,0,-83,-7,0,0,49,0,0,451
651.12,1544593961,13465.97,51.489261,7.401734,174.98,0.00,0.00,1.95,0,-83,-7,0,0,49,0,0,451
652.12,1544593962,13465.97,51.489261,7.401734,175.00,0.00,0.00,1.95,0,-83,-8,0,0,50,0,0,451
653.13,1544593963,13465.97,51.489261,7.401734,175.02,0.00,0.00,1.95,0,-83,-8,0,0,50,0,0,451
654.13,1544593964,13465.97,51.489261,7.401734,175.04,0.00,0.00,1.95,0,-83,-8,0,0,50,0,0,451
655.12,1544593965,13465.97,51.489261,7.401734,175.06,0.00,0.00,1.95,0,-83,-8,0,0,50,0,0,451
656.12,1544593966,13465.97,51.489261,7.401734,175.09,0.00,0.00,1.95,0,-83,-8,0,0,50,0,0,451
657.12,1544593967,13465.97,51.489261,7.401734,175.10,0.00,0.00,1.95,0,-83,-8,0,0,50,0,0,451
658.12,1544593968,13465.97,51.489261,7.401734,175.12,0.00,0.00,1.95,0,-83,-10,0,0,51,0,0,451
659.12,1544593969,13465.97,51.489261,7.401734,175.13,0.00,0.00,1.95,0,-83,-10,0,0,51,0,0,451
660.13,1544593970,13465.97,51.489261,7.401734,175.16,0.00,0.00,1.95,0,-83,-9,0,0,51,0,0,451
661.12,1544593971,13465.97,51.489261,7.401734,175.18,0.00,0.00,1.95,0,-83,-9,0,0,51,0,0,451
662.12,1544593972,13465.97,51.489261,7.401734,175.20,0.00,0.00,1.95,0,-83,-9,0,0,51,0,0,451
663.13,1544593973,13465.97,51.489261,7.401734,175.23,0.00,0.00,1.95,0,-87,-15,0,0,55,0,0,450
664.12,1544593974,13465.97,51.489261,7.401734,175.25,0.00,0.00,1.95,0,-87,-15,0,0,55,0,0,450
665.12,1544593975,13465.97,51.489261,7.401734,175.28,0.00,0.00,1.95,0,-87,-15,0,0,55,0,0,450
666.12,1544593976,13465.97,51.489261,7.401734,175.56,0.00,0.00,10.04,0,-87,-15,0,0,55,0,0,450
667.12,1544593977,13465.97,51.489334,7.401756,175.83,0.00,0.00,7.74,0,-84,-13,0,0,55,0,0,450
668.12,1544593978,13465.97,51.489392,7.401793,178.46,5.10,0.00,22.82,0,-84,-13,0,0,55,0,0,450
669.12,1544593979,13471.08,51.489443,7.401828,180.34,5.18,0.00,23.45,0,-85,-10,0,0,52,0,0,450
670.12,1544593980,13476.24,51.489467,7.401955,181.53,7.67,0.00,77.81,0,-85,-10,0,0,52,0,0,450
671.12,1544593981,13483.92,51.489477,7.402079,182.37,8.97,0.00,81.23,0,-79,-11,0,0,60,0,0,450
672.12,1544593982,13492.90,51.489482,7.402216,182.69,10.16,0.00,84.05,0,-79,-11,0,0,60,0,0,450
673.12,1544593983,13503.10,51.489486,7.402382,183.33,11.13,0.00,86.40,0,-86,-9,0,0,49,0,0,450
674.12,1544593984,13514.23,51.489487,7.402557,184.14,11.99,0.00,87.86,0,-86,-9,0,0,49,0,0,450
675.12,1544593985,13526.22,51.489484,7.402740,184.99,12.86,0.00,88.91,0,-86,-8,0,0,48,0,0,450
676.12,1544593986,13539.08,51.489480,7.402932,185.88,13.57,0.00,89.65,0,-86,-8,0,0,48,0,0,450
690.12,1544594000,13719.68,51.489426,7.405539,193.78,12.27,0.00,86.84,0,-73,-9,0,0,62,0,0,452
691.12,1544594001,13731.93,51.489436,7.405695,193.25,12.21,0.00,85.01,0,-73,-9,0,0,62,0,0,452
692.12,1544594002,13744.19,51.489451,7.405862,192.34,12.26,0.00,83.28,0,-81,-15,0,0,61,0,0,452
693.13,1544594003,13756.47,51.489468,7.406029,190.93,12.53,0.00,81.51,0,-81,-15,0,0,61,0,0,452
694.12,1544594004,13768.98,51.489493,7.406217,190.23,12.97,0.00,79.86,0,-81,-15,0,0,61,0,0,452
695.12,1544594005,13781.96,51.489518,7.406391,189.57,12.90,0.00,79.10,0,-81,-15,0,0,61,0,0,452
698.12,1544594008,13820.54,51.489598,7.406933,186.90,12.78,0.00,77.70,0,-79,-15,0,0,63,0,0,452
699.12,1544594009,13833.33,51.489624,7.407114,186.09,12.85,0.00,77.66,0,-79,-15,0,0,63,0,0,452
700.12,1544594010,13846.13,51.489650,7.407296,185.46,12.71,0.00,78.03,0,-80,-15,0,0,62,0,0,452
701.12,1544594011,13858.90,51.489677,7.407473,184.98,12.70,0.00,78.76,0,-80,-15,0,0,62,0,0,452
702.14,1544594012,13871.76,51.489701,7.407650,184.33,13.08,0.00,77.94,0,-80,-15,0,0,62,0,0,452
703.13,1544594013,13884.69,51.489727,7.407837,183.79,13.28,0.00,78.54,0,-80,-15,0,0,62,0,0,452
704.12,1544594014,13897.93,51.489749,7.408025,183.64,13.32,0.00,79.27,0,-80,-15,0,0,62,0,0,452
705.12,1544594015,13911.27,51.489771,7.408200,183.18,13.10,0.00,78.51,0,-83,-12,0,0,55,0,0,452
706.12,1544594016,13924.36,51.489795,7.408383,182.37,13.42,0.00,78.12,0,-83,-12,0,0,55,0,0,452
707.12,1544594017,13937.80,51.489821,7.408569,181.71,13.57,0.00,77.37,0,-87,-10,0,0,49,0,0,452
708.12,1544594018,13951.36,51.489848,7.408754,181.22,13.73,0.00,78.05,0,-87,-10,0,0,49,0,0,452
709.12,1544594019,13965.07,51.489873,7.408947,180.74,13.79,0.00,78.06,0,-90,-14,0,0,50,0,0,452
710.12,1544594020,13978.85,51.489900,7.409141,180.40,13.81,0.00,77.59,0,-90,-14,0,0,50,0,0,452
711.12,1544594021,13992.68,51.489928,7.409334,179.88,14.04,0.00,77.88,0,-92,-13,0,0,49,0,0,452
712.12,1544594022,14006.74,51.489956,7.409533,179.44,14.14,0.00,78.29,0,-92,-13,0,0,49,0,0,452
713.12,1544594023,14020.86,51.489981,7.409732,179.01,14.01,0.00,78.82,0,-92,-10,0,0,43,0,0,452
714.12,1544594024,14034.86,51.490011,7.409950,178.42,14.11,0.00,78.88,0,-92,-10,0,0,43,0,0,452
715.12,1544594025,14048.99,51.490031,7.410136,177.62,13.55,0.00,79.37,0,-90,-8,0,0,44,0,0,452
716.12,1544594026,14062.52,51.490050,7.410316,176.47,13.09,0.00,79.35,0,-90,-8,0,0,44,0,0,452
717.12,1544594027,14075.62,51.490071,7.410494,174.92,12.93,0.00,78.41,0,-93,-10,0,0,43,0,0,452
718.12,1544594028,14088.55,51.490096,7.410677,173.46,12.63,0.00,78.30,0,-93,-10,0,0,43,0,0,452
719.12,1544594029,14101.18,51.490123,7.410853,172.24,12.76,0.00,77.67,0,-94,-9,0,0,41,0,0,452
720.12,1544594030,14113.94,51.490150,7.411032,171.20,13.06,0.00,78.19,0,-94,-9,0,0,41,0,0,452
721.12,1544594031,14127.01,51.490180,7.411237,170.35,13.27,0.00,78.32,0,-96,-9,0,0,39,0,0,452
722.12,1544594032,14140.21,51.490207,7.411438,169.77,13.23,0.00,78.10,0,-96,-9,0,0,39,0,0,452
