time_s,timestamp_ms,distance_m,latitude,longitude,altitude,velocity_mps,acceleration_mpss,direction,isRegistered,rsrp_dbm,rsrq_db,rssnr_db,cqi,ss,ta,ci,pci
0.03,1545025365,0.00,51.450106,7.488259,251.16,7.59,0.00,165.63,1,-109,-11,1,7,28,13,12918809,429
1.04,1545025366,7.62,51.450038,7.488287,250.98,8.22,0.63,166.63,1,-106,-9,10,9,29,13,12918809,429
2.04,1545025367,15.84,51.449959,7.488313,250.62,8.94,0.72,167.54,1,-106,-9,10,9,29,13,12918809,429
3.03,1545025368,24.78,51.449877,7.488339,250.25,9.65,0.71,168.54,1,-106,-9,4,8,29,13,12918809,429
4.03,1545025369,34.41,51.449786,7.488363,249.91,10.52,0.87,169.65,1,-106,-9,4,8,29,13,12918809,429
5.03,1545025370,44.96,51.449693,7.488385,249.51,11.15,0.62,171.34,1,-105,-9,8,10,30,13,12918809,429
6.03,1545025371,56.09,51.449593,7.488401,249.07,11.66,0.52,172.82,1,-105,-9,8,10,30,13,12918809,429
7.03,1545025372,67.77,51.449481,7.488411,248.27,12.46,0.80,174.54,1,-105,-8,8,6,30,13,12918809,429
8.03,1545025373,80.23,51.449364,7.488420,247.69,13.03,0.57,176.30,1,-105,-8,8,6,30,13,12918809,429
9.03,1545025374,93.26,51.449237,7.488424,247.30,13.59,0.55,178.22,1,-103,-7,18,7,30,13,12918809,429
10.03,1545025375,106.84,51.449107,7.488417,246.87,13.49,-0.10,180.27,1,-103,-7,18,7,30,13,12918809,429
11.03,1545025376,120.30,51.448986,7.488403,246.93,13.53,0.04,182.85,1,-101,-6,25,12,31,13,12918809,429
12.03,1545025377,133.85,51.448862,7.488380,246.86,13.62,0.08,185.54,1,-101,-6,25,12,31,13,12918809,429
13.03,1545025378,147.50,51.448738,7.488352,246.91,13.84,0.22,188.14,1,-101,-7,15,9,32,13,12918809,429
14.03,1545025379,161.34,51.448617,7.488306,247.36,14.08,0.24,189.82,1,-101,-7,15,9,32,13,12918809,429
15.03,1545025380,175.38,51.448491,7.488250,247.96,14.29,0.20,191.43,1,-99,-5,11,15,33,13,12918809,429
16.03,1545025381,189.71,51.448366,7.488189,248.37,14.31,0.02,192.56,1,-99,-5,11,15,33,13,12918809,429
17.04,1545025382,204.03,51.448235,7.488130,248.65,14.49,0.18,193.11,1,-98,-6,15,11,35,13,12918809,429
18.03,1545025383,218.50,51.448107,7.488072,248.90,14.47,-0.02,193.63,1,-98,-6,15,11,35,13,12918809,429
19.05,1545025384,233.13,51.447976,7.488018,248.99,14.53,0.07,193.25,1,-101,-7,13,10,32,13,12918809,429
20.03,1545025385,247.50,51.447854,7.487973,249.22,14.38,-0.15,192.46,1,-101,-7,13,10,32,13,12918809,429
21.03,1545025386,261.88,51.447731,7.487930,249.40,14.41,0.02,191.95,1,-101,-7,13,10,32,13,12918809,429
22.03,1545025387,276.26,51.447613,7.487901,249.36,14.02,-0.39,189.83,1,-97,-7,14,10,37,13,12918809,429
23.03,1545025388,290.31,51.447491,7.487882,249.27,14.03,0.01,186.40,1,-97,-7,14,10,37,13,12918809,429
24.03,1545025389,304.33,51.447370,7.487872,249.38,13.67,-0.36,183.50,1,-98,-8,14,9,36,13,12918809,429
25.04,1545025390,318.03,51.447249,7.487871,249.49,13.68,0.01,181.11,1,-98,-8,14,9,36,13,12918809,429
26.03,1545025391,331.67,51.447133,7.487884,250.00,13.61,-0.07,178.37,1,-97,-9,15,11,38,13,12918809,429
27.03,1545025392,345.29,51.447009,7.487908,250.64,13.63,0.02,175.08,1,-97,-9,15,11,38,13,12918809,429
28.03,1545025393,358.95,51.446886,7.487945,251.16,13.73,0.10,171.84,1,-98,-11,14,9,40,13,12918809,429
29.03,1545025394,372.68,51.446766,7.487996,251.60,13.76,0.02,168.57,1,-98,-11,14,9,40,13,12918809,429
30.03,1545025395,386.41,51.446637,7.488063,251.88,13.92,0.16,165.21,1,-100,-6,14,9,32,13,12918809,429
31.03,1545025396,400.32,51.446524,7.488134,252.24,13.94,0.03,161.97,1,-100,-6,14,9,32,13,12918809,429
32.03,1545025397,414.29,51.446409,7.488222,252.65,14.13,0.19,158.65,1,-99,-7,16,10,34,13,12918809,429
33.03,1545025398,428.43,51.446296,7.488324,253.40,14.23,0.10,155.66,1,-99,-7,16,10,34,13,12918809,429
34.03,1545025399,442.66,51.446187,7.488433,254.21,14.27,0.04,152.53,1,-96,-5,17,11,36,13,12918809,429
35.03,1545025400,456.93,51.446081,7.488554,255.04,14.39,0.12,149.35,1,-96,-5,17,11,36,13,12918809,429
36.03,1545025401,471.32,51.445976,7.488690,256.03,14.55,0.16,145.86,1,-96,-6,19,11,36,13,12918809,429
37.03,1545025402,485.87,51.445870,7.488843,257.07,14.72,0.17,142.62,1,-96,-6,19,11,36,13,12918809,429
38.03,1545025403,500.59,51.445770,7.489006,258.28,14.87,0.15,139.26,1,-96,-5,20,11,36,13,12918809,429
39.03,1545025404,515.47,51.445674,7.489179,259.04,15.03,0.15,136.47,1,-96,-5,20,11,36,13,12918809,429
40.04,1545025405,530.60,51.445585,7.489353,259.62,15.11,0.09,133.79,1,-97,-6,15,15,35,13,12918809,429
41.03,1545025406,545.57,51.445496,7.489541,260.53,15.29,0.18,131.58,1,-97,-6,15,15,35,13,12918809,429
42.03,1545025407,560.86,51.445414,7.489721,261.69,15.24,-0.05,129.95,1,-97,-6,15,15,35,13,12918809,429
43.04,1545025408,576.15,51.445336,7.489899,262.66,15.02,-0.22,128.68,1,-99,-11,13,9,39,13,12918809,429
44.03,1545025409,591.15,51.445260,7.490071,263.67,14.39,-0.63,128.04,1,-99,-11,13,9,39,13,12918809,429
45.03,1545025410,605.52,51.445183,7.490247,265.03,13.89,-0.49,127.14,1,-102,-8,9,8,32,13,12918809,429
46.04,1545025411,619.44,51.445113,7.490413,266.08,13.85,-0.05,126.20,1,-102,-8,9,8,32,13,12918809,429
47.04,1545025412,633.29,51.445050,7.490572,267.06,13.08,-0.77,125.40,1,-100,-7,8,15,33,13,12918809,429
48.04,1545025413,646.36,51.444983,7.490736,267.85,12.66,-0.42,124.90,1,-100,-7,8,15,33,13,12918809,429
49.03,1545025414,658.97,51.444917,7.490891,268.65,12.41,-0.25,125.57,1,-99,-7,8,15,34,13,12918809,429
50.03,1545025415,671.38,51.444853,7.491044,268.97,11.93,-0.48,126.06,1,-99,-7,8,15,34,13,12918809,429
51.03,1545025416,683.31,51.444794,7.491179,269.52,10.84,-1.09,127.05,1,-101,-7,13,15,32,13,12918809,429
52.03,1545025417,694.19,51.444746,7.491295,269.80,9.55,-1.29,127.77,1,-101,-7,13,15,32,13,12918809,429
53.03,1545025418,703.75,51.444702,7.491393,270.46,7.49,-2.07,126.92,1,-103,-7,4,9,33,13,12918809,429
54.04,1545025419,711.25,51.444669,7.491469,271.39,5.96,-1.52,127.07,1,-103,-7,4,9,33,13,12918809,429
55.04,1545025420,717.22,51.444642,7.491529,272.29,4.66,-1.30,127.23,1,-104,-10,2,8,34,13,12918809,429
56.04,1545025421,721.88,51.444623,7.491573,272.36,2.99,-1.67,127.70,1,-104,-10,2,8,34,13,12918809,429
57.04,1545025422,724.86,51.444617,7.491588,272.45,0.43,-2.57,127.70,1,-100,-6,12,15,32,13,12918809,429
58.03,1545025423,725.29,51.444617,7.491588,272.46,0.00,-0.43,127.70,1,-100,-6,12,15,32,13,12918809,429
59.03,1545025424,725.29,51.444617,7.491588,272.47,0.00,0.00,127.70,1,-104,-6,13,15,29,13,12918809,429
60.15,1545025425,725.29,51.444617,7.491588,272.47,0.00,0.00,127.70,1,-104,-6,13,15,29,13,12918809,429
61.13,1545025426,725.29,51.444617,7.491588,272.48,0.00,0.00,127.70,1,-102,-9,14,9,33,13,12918809,429
62.13,1545025427,725.29,51.444617,7.491588,272.48,0.00,0.00,127.70,1,-102,-9,14,9,33,13,12918809,429
63.14,1545025428,725.29,51.444617,7.491588,272.47,0.00,0.00,127.70,1,-103,-11,13,9,37,13,12918809,429
64.14,1545025429,725.29,51.444617,7.491588,272.46,0.00,0.00,127.70,1,-103,-11,13,9,37,13,12918809,429
65.13,1545025430,725.29,51.444617,7.491588,272.45,0.00,0.00,127.70,1,-103,-11,13,9,37,13,12918809,429
66.13,1545025431,725.29,51.444617,7.491588,272.43,0.00,0.00,127.70,1,-104,-8,13,10,30,13,12918809,429
67.13,1545025432,725.29,51.444617,7.491588,272.41,0.00,0.00,127.70,1,-104,-8,13,10,30,13,12918809,429
68.13,1545025433,725.29,51.444617,7.491588,272.39,0.00,0.00,127.70,1,-104,-8,13,10,30,13,12918809,429
69.13,1545025434,725.29,51.444617,7.491588,272.37,0.00,0.00,127.70,1,-104,-8,13,10,30,13,12918809,429
70.13,1545025435,725.29,51.444617,7.491588,272.35,0.00,0.00,127.70,1,-102,-8,13,10,32,13,12918809,429
71.13,1545025436,725.29,51.444617,7.491588,272.34,0.00,0.00,127.70,1,-102,-8,13,10,32,13,12918809,429
72.13,1545025437,725.29,51.444617,7.491588,272.32,0.00,0.00,127.70,1,-102,-9,14,10,33,13,12918809,429
73.13,1545025438,725.29,51.444617,7.491588,272.31,0.00,0.00,127.70,1,-102,-9,14,10,33,13,12918809,429
74.13,1545025439,725.29,51.444617,7.491588,272.29,0.00,0.00,127.70,1,-103,-7,14,10,32,13,12918809,429
75.14,1545025440,725.29,51.444617,7.491588,272.28,0.00,0.00,127.70,1,-103,-7,14,10,32,13,12918809,429
76.14,1545025441,725.29,51.444617,7.491588,272.27,0.00,0.00,127.70,1,-104,-8,13,8,32,13,12918809,429
77.14,1545025442,725.29,51.444617,7.491588,272.27,0.00,0.00,127.70,1,-104,-8,13,8,32,13,12918809,429
78.14,1545025443,725.29,51.444617,7.491588,272.27,0.00,0.00,127.70,1,-103,-11,12,12,36,13,12918809,429
79.13,1545025444,725.29,51.444617,7.491588,272.26,0.00,0.00,127.70,1,-103,-11,12,12,36,13,12918809,429
80.13,1545025445,725.29,51.444617,7.491588,272.27,0.00,0.00,127.70,1,-99,-11,13,10,36,13,12918809,429
81.13,1545025446,725.29,51.444617,7.491588,272.27,0.00,0.00,127.70,1,-99,-11,13,10,36,13,12918809,429
82.13,1545025447,725.29,51.444617,7.491588,272.27,0.00,0.00,127.70,1,-99,-9,13,11,33,13,12918809,429
83.14,1545025448,725.29,51.444617,7.491588,272.28,0.00,0.00,127.70,1,-99,-9,13,11,33,13,12918809,429
84.13,1545025449,725.29,51.444616,7.491593,272.33,0.00,0.00,139.21,1,-103,-8,11,11,31,13,12918809,429
85.14,1545025450,725.29,51.444598,7.491623,272.35,0.00,0.00,137.81,1,-103,-8,11,11,31,13,12918809,429
86.14,1545025451,725.29,51.444571,7.491671,272.29,2.18,0.00,135.18,1,-101,-8,11,10,34,13,12918809,429
87.13,1545025452,727.45,51.444517,7.491709,272.14,3.98,1.82,160.01,1,-101,-8,11,10,34,13,12918809,429
88.13,1545025453,731.42,51.444459,7.491730,271.58,5.15,1.17,168.21,1,-101,-8,11,10,34,13,12918809,429
89.13,1545025454,736.57,51.444402,7.491682,271.34,6.21,1.06,209.43,1,-95,-6,12,12,37,13,12918809,429
90.13,1545025455,742.78,51.444338,7.491606,271.08,7.16,0.95,216.73,1,-95,-6,12,12,37,13,12918809,429
91.13,1545025456,749.94,51.444270,7.491520,271.40,10.24,3.08,217.91,1,-90,-6,15,15,42,13,12918809,429
92.13,1545025457,760.18,51.444191,7.491424,272.09,10.80,0.56,217.50,1,-90,-6,15,15,42,13,12918809,429
93.13,1545025458,770.98,51.444106,7.491326,272.54,11.95,1.16,216.15,1,-88,-6,14,15,45,13,12918809,429
94.13,1545025459,782.93,51.444014,7.491225,272.79,12.90,0.95,215.52,1,-88,-6,14,15,45,13,12918809,429
95.13,1545025460,795.83,51.443916,7.491121,273.09,13.64,0.74,214.91,1,-83,-6,16,15,49,13,12918809,429
96.13,1545025461,809.47,51.443814,7.491008,272.77,14.70,1.06,215.42,1,-83,-6,16,15,49,13,12918809,429
97.13,1545025462,824.16,51.443710,7.490897,272.46,15.27,0.57,215.88,1,-76,-5,19,15,55,13,12918809,429
98.13,1545025463,839.43,51.443591,7.490756,271.93,15.96,0.69,216.72,1,-76,-5,19,15,55,13,12918809,429
99.13,1545025464,855.38,51.443469,7.490610,271.72,16.46,0.49,216.69,1,-75,-4,19,15,58,13,12918809,429
100.13,1545025465,871.87,51.443347,7.490466,271.93,16.67,0.21,216.50,1,-75,-4,19,15,58,13,12918809,429
101.13,1545025466,888.50,51.443220,7.490315,272.40,17.10,0.43,216.08,1,-92,-11,17,15,46,13,12918809,429
102.13,1545025467,905.63,51.443092,7.490160,273.03,16.86,-0.23,216.28,1,-92,-11,17,15,46,13,12918809,429
103.13,1545025468,922.48,51.442969,7.490012,273.81,16.52,-0.35,216.16,1,-90,-6,16,8,42,13,12918809,429
104.13,1545025469,939.00,51.442852,7.489871,274.64,15.95,-0.56,216.09,1,-90,-6,16,8,42,13,12918809,429
105.13,1545025470,954.97,51.442744,7.489738,275.22,15.59,-0.36,216.27,1,-87,-8,12,14,46,13,12918809,429
106.13,1545025471,970.56,51.442633,7.489605,275.65,15.77,0.18,216.70,1,-87,-8,12,14,46,13,12918809,429
107.14,1545025472,986.46,51.442521,7.489466,275.96,15.80,0.02,216.00,1,-86,-7,21,13,48,13,12918809,429
108.13,1545025473,1002.13,51.442408,7.489333,275.77,15.77,-0.03,216.28,1,-86,-7,21,13,48,13,12918809,429
109.13,1545025474,1017.90,51.442296,7.489201,275.42,15.91,0.15,216.62,1,-86,-7,21,13,48,13,12918809,429
110.13,1545025475,1033.77,51.442174,7.489055,275.13,16.44,0.53,217.02,1,-85,-7,20,15,49,13,12918809,429
111.13,1545025476,1050.24,51.442059,7.488906,275.18,16.23,-0.21,217.75,1,-85,-7,20,15,49,13,12918809,429
112.13,1545025477,1066.49,51.441950,7.488759,275.37,15.94,-0.29,218.94,1,-83,-6,23,15,50,13,12918809,429
113.13,1545025478,1082.43,51.441846,7.488608,275.57,15.93,-0.01,220.96,1,-83,-6,23,15,50,13,12918809,429
114.13,1545025479,1098.36,51.441751,7.488455,275.69,15.64,-0.29,223.21,1,-76,-7,16,15,59,13,12918809,429
115.13,1545025480,1114.00,51.441656,7.488291,275.81,16.10,0.46,225.54,1,-76,-7,16,15,59,13,12918809,429
116.13,1545025481,1130.10,51.441559,7.488105,275.66,16.13,0.04,227.33,1,-82,-10,10,15,55,1,12918810,429
117.13,1545025482,1146.23,51.441468,7.487922,275.75,15.95,-0.19,229.30,1,-82,-10,10,15,55,1,12918810,429
118.13,1545025483,1162.16,51.441378,7.487735,276.08,15.98,0.04,230.63,1,-79,-6,22,13,52,1,12918810,431
119.13,1545025484,1178.14,51.441286,7.487538,276.30,15.97,-0.01,231.37,1,-79,-6,22,13,52,1,12918810,431
120.13,1545025485,1194.13,51.441199,7.487345,276.58,16.03,0.06,231.82,1,-79,-6,32,15,53,1,12918810,431
121.14,1545025486,1210.18,51.441108,7.487146,276.94,16.19,0.16,232.16,1,-79,-6,32,15,53,1,12918810,431
122.13,1545025487,1226.35,51.441025,7.486958,277.00,16.08,-0.11,232.63,1,-77,-6,26,15,56,1,12918810,431
123.13,1545025488,1242.39,51.440941,7.486772,277.07,16.22,0.14,232.68,1,-77,-6,26,15,56,1,12918810,431
124.13,1545025489,1258.59,51.440853,7.486579,277.19,16.33,0.11,232.73,1,-74,-5,26,15,58,1,12918810,431
125.13,1545025490,1274.98,51.440767,7.486390,277.90,16.24,-0.09,233.08,1,-74,-5,26,15,58,1,12918810,431
126.13,1545025491,1291.21,51.440678,7.486194,278.58,16.53,0.28,232.82,1,-75,-6,19,15,58,1,12918810,431
127.13,1545025492,1307.74,51.440587,7.485999,279.38,16.60,0.08,233.11,1,-75,-6,19,15,58,1,12918810,431
128.14,1545025493,1324.46,51.440497,7.485809,279.89,16.51,-0.10,232.58,1,-76,-8,11,12,58,1,12918810,431
129.13,1545025494,1340.85,51.440409,7.485616,280.04,16.73,0.23,232.43,1,-76,-8,11,12,58,1,12918810,431
130.13,1545025495,1357.58,51.440324,7.485427,280.18,16.40,-0.33,232.18,1,-76,-8,11,12,58,1,12918810,431
131.14,1545025496,1374.03,51.440239,7.485245,280.34,16.43,0.03,231.90,1,-83,-10,18,11,53,1,12918810,431
132.14,1545025497,1390.44,51.440151,7.485062,280.29,16.19,-0.24,231.60,1,-83,-10,18,11,53,1,12918810,431
133.14,1545025498,1406.63,51.440063,7.484882,280.70,15.81,-0.38,230.80,1,-74,-7,15,15,60,4,12918811,430
134.14,1545025499,1422.45,51.439973,7.484704,280.69,16.04,0.24,231.21,1,-74,-7,15,15,60,4,12918811,430
135.13,1545025500,1438.46,51.439883,7.484517,280.49,16.50,0.46,231.82,1,-74,-7,18,15,60,4,12918811,430
136.13,1545025501,1454.94,51.439787,7.484318,280.44,16.64,0.14,232.34,1,-74,-7,18,15,60,4,12918811,430
137.13,1545025502,1471.59,51.439695,7.484128,280.88,17.04,0.40,232.52,1,-74,-6,21,15,58,4,12918811,430
138.13,1545025503,1488.63,51.439604,7.483930,281.12,16.66,-0.38,233.10,1,-74,-6,21,15,58,4,12918811,430
139.13,1545025504,1505.29,51.439507,7.483720,281.18,16.44,-0.22,233.64,1,-76,-6,27,15,56,4,12918811,430
140.13,1545025505,1521.75,51.439424,7.483521,281.85,16.28,-0.16,234.57,1,-76,-6,27,15,56,4,12918811,430
141.13,1545025506,1538.01,51.439346,7.483328,282.03,15.47,-0.82,235.91,1,-77,-6,15,13,55,4,12918811,430
142.13,1545025507,1553.47,51.439268,7.483131,282.56,15.77,0.31,236.51,1,-77,-6,15,13,55,4,12918811,430
143.13,1545025508,1569.27,51.439195,7.482932,282.83,14.95,-0.82,237.48,1,-84,-6,20,14,48,4,12918811,430
144.13,1545025509,1584.21,51.439129,7.482744,282.74,14.25,-0.70,238.61,1,-84,-6,20,14,48,4,12918811,430
145.13,1545025510,1598.45,51.439063,7.482552,282.36,14.45,0.20,240.31,1,-89,-5,22,12,42,4,12918811,430
146.13,1545025511,1612.91,51.439001,7.482356,282.33,14.68,0.23,241.15,1,-89,-5,22,12,42,4,12918811,430
147.13,1545025512,1627.58,51.438939,7.482162,282.29,14.63,-0.05,240.81,1,-94,-6,17,12,38,4,12918811,430
148.13,1545025513,1642.21,51.438877,7.481967,281.86,14.30,-0.33,239.70,1,-94,-6,17,12,38,4,12918811,430
149.14,1545025514,1656.60,51.438819,7.481791,282.01,13.38,-0.91,240.36,1,-99,-6,11,8,33,4,12918811,430
150.13,1545025515,1669.90,51.438759,7.481606,281.84,14.20,0.83,241.14,1,-99,-6,11,8,33,4,12918811,430
151.13,1545025516,1684.09,51.438699,7.481421,282.77,14.41,0.20,240.73,1,-99,-6,11,8,33,4,12918811,430
152.13,1545025517,1698.51,51.438637,7.481237,282.96,14.27,-0.14,240.88,1,-102,-7,12,11,31,4,12918811,430
153.13,1545025518,1712.78,51.438573,7.481051,283.67,14.69,0.42,240.86,1,-102,-7,12,11,31,4,12918811,430
154.13,1545025519,1727.47,51.438509,7.480865,284.03,14.86,0.17,240.44,1,-104,-7,7,10,29,4,12918811,430
155.13,1545025520,1742.32,51.438448,7.480699,284.97,14.61,-0.25,239.25,1,-104,-7,7,10,29,4,12918811,430
156.13,1545025521,1756.94,51.438384,7.480527,285.35,14.79,0.18,239.82,1,-105,-7,7,10,27,4,12918811,430
157.13,1545025522,1771.73,51.438318,7.480346,285.19,14.76,-0.03,240.17,1,-105,-7,7,10,27,4,12918811,430
158.13,1545025523,1786.51,51.438254,7.480146,284.70,14.80,0.03,240.50,1,-105,-8,-4,7,31,4,12918811,430
159.13,1545025524,1801.30,51.438187,7.479943,284.07,15.34,0.55,241.35,1,-105,-8,-4,7,31,4,12918811,430
160.13,1545025525,1816.65,51.438122,7.479739,283.42,14.89,-0.46,240.86,1,-111,-12,1,6,26,4,12918811,430
161.13,1545025526,1831.53,51.438054,7.479535,282.96,15.79,0.90,240.12,1,-111,-12,1,6,26,4,12918811,430
162.14,1545025527,1847.35,51.437985,7.479329,282.45,15.50,-0.29,240.93,1,-113,-13,-2,6,27,4,12918811,430
163.14,1545025528,1862.85,51.437922,7.479129,281.70,14.55,-0.95,241.75,1,-113,-13,-2,6,27,4,12918811,430
164.14,1545025529,1877.43,51.437861,7.478931,281.26,14.40,-0.15,242.58,1,-112,-12,-2,6,26,4,12918811,430
165.14,1545025530,1891.82,51.437799,7.478735,281.05,14.16,-0.25,241.37,1,-112,-12,-2,6,26,4,12918811,430
166.14,1545025531,1905.97,51.437734,7.478534,280.61,14.24,0.08,240.88,1,-112,-17,-6,4,31,4,12918811,430
167.14,1545025532,1920.20,51.437669,7.478342,280.77,14.30,0.06,240.25,1,-112,-17,-6,4,31,4,12918811,430
168.14,1545025533,1934.51,51.437609,7.478152,280.86,14.03,-0.27,241.41,1,-112,-12,-7,7,26,4,12918811,430
169.14,1545025534,1948.52,51.437551,7.477968,281.05,14.28,0.26,242.03,1,-112,-12,-7,7,26,4,12918811,430
170.14,1545025535,1962.81,51.437494,7.477778,281.17,14.61,0.33,242.80,1,-115,-14,-5,5,26,4,12918811,430
171.14,1545025536,1977.44,51.437436,7.477593,280.81,14.06,-0.56,242.34,1,-115,-14,-5,5,26,4,12918811,430
172.15,1545025537,1991.61,51.437377,7.477416,280.74,13.88,-0.18,242.42,1,-115,-13,-4,6,24,4,12918811,430
173.14,1545025538,2005.38,51.437323,7.477251,280.51,13.23,-0.65,242.81,1,-115,-13,-4,6,24,4,12918811,430
174.14,1545025539,2018.61,51.437272,7.477077,279.95,13.33,0.10,244.48,1,-115,-13,-4,6,24,4,12918811,430
175.14,1545025540,2031.94,51.437232,7.476902,280.07,12.66,-0.68,247.27,1,-114,-13,-4,6,25,4,12918811,430
176.13,1545025541,2044.53,51.437200,7.476729,280.45,12.58,-0.08,250.16,1,-114,-13,-4,6,25,4,12918811,430
177.14,1545025542,2057.17,51.437201,7.476558,280.74,12.16,-0.41,269.03,1,-113,-11,-3,7,24,4,12918811,430
178.14,1545025543,2069.35,51.437208,7.476396,280.76,10.60,-1.56,272.95,1,-113,-11,-3,7,24,4,12918811,430
179.14,1545025544,2079.93,51.437259,7.476283,281.38,9.20,-1.40,309.23,1,-109,-9,0,6,26,4,12918811,430
180.13,1545025545,2089.08,51.437332,7.476213,281.81,8.62,-0.58,334.73,1,-109,-9,0,6,26,4,12918811,430
181.13,1545025546,2097.69,51.437415,7.476179,282.25,8.47,-0.15,353.78,1,-109,-8,3,10,26,4,12918811,430
182.13,1545025547,2106.18,51.437485,7.476199,282.77,9.26,0.79,19.11,1,-109,-8,3,10,26,4,12918811,430
183.13,1545025548,2115.43,51.437548,7.476263,283.08,9.59,0.33,42.15,1,-103,-7,7,9,30,4,12918811,430
184.13,1545025549,2125.00,51.437619,7.476359,283.24,10.61,1.02,44.75,1,-103,-7,7,9,30,4,12918811,430
185.13,1545025550,2135.61,51.437690,7.476478,282.87,11.47,0.87,46.89,1,-87,-6,16,15,45,4,12918811,430
186.13,1545025551,2147.10,51.437764,7.476615,282.56,12.64,1.16,49.12,1,-87,-6,16,15,45,4,12918811,430
187.13,1545025552,2159.75,51.437839,7.476776,282.56,14.13,1.49,51.04,1,-94,-6,14,15,36,4,12918811,430
188.13,1545025553,2173.88,51.437916,7.476948,282.47,15.16,1.03,52.42,1,-94,-6,14,15,36,4,12918811,430
189.13,1545025554,2189.04,51.438000,7.477131,282.05,16.50,1.34,53.58,1,-89,-5,21,15,43,4,12918811,430
190.14,1545025555,2205.63,51.438088,7.477336,281.66,17.26,0.75,54.85,1,-89,-5,21,15,43,4,12918811,430
191.13,1545025556,2222.82,51.438175,7.477545,281.50,17.76,0.50,55.46,1,-87,-6,29,15,44,4,12918811,430
192.13,1545025557,2240.54,51.438258,7.477755,281.43,18.20,0.44,56.25,1,-87,-6,29,15,44,4,12918811,430
193.14,1545025558,2258.87,51.438348,7.477984,281.29,18.40,0.19,56.39,1,-88,-5,24,15,43,4,12918811,430
194.13,1545025559,2277.12,51.438442,7.478216,281.33,18.64,0.25,57.19,1,-88,-5,24,15,43,4,12918811,430
195.13,1545025560,2295.78,51.438536,7.478439,281.12,18.69,0.05,57.06,1,-88,-5,24,15,43,4,12918811,430
196.13,1545025561,2314.47,51.438631,7.478659,281.13,18.45,-0.24,56.21,1,-91,-11,23,15,46,4,12918811,430
197.13,1545025562,2332.94,51.438722,7.478878,281.23,17.87,-0.58,56.99,1,-91,-11,23,15,46,4,12918811,430
198.13,1545025563,2350.81,51.438809,7.479089,281.50,17.53,-0.34,56.45,1,-94,-5,22,12,37,4,12918811,430
199.13,1545025564,2368.32,51.438895,7.479300,281.95,17.30,-0.23,55.73,1,-94,-5,22,12,37,4,12918811,430
200.13,1545025565,2385.65,51.438976,7.479500,282.66,17.03,-0.27,55.79,1,-95,-5,21,13,37,4,12918811,430
201.13,1545025566,2402.66,51.439055,7.479697,283.66,16.65,-0.37,56.36,1,-95,-5,21,13,37,4,12918811,430
202.13,1545025567,2419.28,51.439133,7.479892,284.69,16.59,-0.07,55.90,1,-98,-7,20,12,35,4,12918811,430
203.13,1545025568,2435.89,51.439216,7.480093,285.41,16.58,-0.01,56.08,1,-98,-7,20,12,35,4,12918811,430
204.13,1545025569,2452.43,51.439298,7.480291,286.05,16.78,0.20,55.31,1,-94,-9,18,12,41,4,12918811,430
205.13,1545025570,2469.23,51.439384,7.480497,286.21,16.51,-0.28,55.35,1,-94,-9,18,12,41,4,12918811,430
206.13,1545025571,2485.78,51.439469,7.480687,286.31,16.60,0.09,54.37,1,-94,-5,17,11,36,4,12918811,430
207.13,1545025572,2502.38,51.439561,7.480886,286.27,16.59,-0.01,53.76,1,-94,-5,17,11,36,4,12918811,430
208.13,1545025573,2518.96,51.439655,7.481081,285.47,17.07,0.48,52.90,1,-92,-5,29,13,39,4,12918811,430
209.13,1545025574,2536.03,51.439748,7.481274,284.43,17.94,0.88,52.40,1,-92,-5,29,13,39,4,12918811,430
210.13,1545025575,2553.99,51.439850,7.481473,283.37,18.55,0.60,51.53,1,-92,-6,31,12,40,4,12918811,430
211.13,1545025576,2572.52,51.439959,7.481683,282.01,19.30,0.75,50.72,1,-92,-6,31,12,40,4,12918811,430
212.13,1545025577,2591.78,51.440080,7.481899,280.52,19.93,0.63,49.50,1,-89,-11,22,11,48,4,12918811,430
213.13,1545025578,2611.69,51.440211,7.482123,279.27,20.96,1.04,47.62,1,-89,-11,22,11,48,4,12918811,430
214.14,1545025579,2632.90,51.440344,7.482337,278.36,21.71,0.74,45.97,1,-88,-6,22,10,44,4,12918811,430
215.13,1545025580,2654.39,51.440492,7.482551,277.96,21.66,-0.05,42.47,1,-88,-6,22,10,44,4,12918811,430
216.13,1545025581,2676.07,51.440647,7.482764,277.87,22.28,0.62,41.31,1,-88,-6,22,10,44,4,12918811,430
217.13,1545025582,2698.37,51.440806,7.482974,278.08,22.57,0.29,39.81,1,-86,-8,22,12,48,4,12918811,430
218.13,1545025583,2720.92,51.440957,7.483175,278.55,22.51,-0.06,38.88,1,-86,-8,22,12,48,4,12918811,430
219.13,1545025584,2743.42,51.441112,7.483363,279.03,22.11,-0.40,36.74,1,-82,-6,17,15,50,4,12918811,430
220.13,1545025585,2765.55,51.441271,7.483552,279.30,21.96,-0.15,36.27,1,-82,-6,17,15,50,4,12918811,430
221.14,1545025586,2787.53,51.441431,7.483727,279.38,21.66,-0.30,35.02,1,-82,-7,25,15,50,4,12918811,430
222.13,1545025587,2809.10,51.441593,7.483892,279.39,21.30,-0.36,32.60,1,-82,-7,25,15,50,4,12918811,430
223.13,1545025588,2830.40,51.441755,7.484049,279.09,20.94,-0.36,30.49,1,-79,-7,25,15,54,4,12918811,430
224.13,1545025589,2851.32,51.441916,7.484192,278.79,20.41,-0.53,28.58,1,-79,-7,25,15,54,4,12918811,430
225.13,1545025590,2871.72,51.442075,7.484338,278.28,20.31,-0.09,27.58,1,-81,-11,24,15,56,4,12918811,430
226.13,1545025591,2892.08,51.442227,7.484462,277.50,19.73,-0.58,26.96,1,-81,-11,24,15,56,4,12918811,430
227.13,1545025592,2911.80,51.442382,7.484588,276.80,19.55,-0.18,26.69,1,-76,-6,33,15,51,4,12918811,430
228.13,1545025593,2931.37,51.442540,7.484708,276.38,19.01,-0.54,25.66,1,-76,-6,33,15,51,4,12918811,430
229.13,1545025594,2950.40,51.442695,7.484825,276.04,18.61,-0.40,24.80,1,-77,-7,25,6,57,4,12918811,430
230.14,1545025595,2969.10,51.442850,7.484938,275.66,18.60,-0.01,24.30,1,-77,-7,25,6,57,4,12918811,430
231.14,1545025596,2987.63,51.443009,7.485053,275.37,18.95,0.35,24.25,1,-75,-11,14,10,63,4,12918811,430
232.13,1545025597,3006.50,51.443169,7.485169,275.12,19.11,0.16,24.09,1,-75,-11,14,10,63,4,12918811,430
233.13,1545025598,3025.67,51.443328,7.485283,274.82,18.96,-0.15,23.34,1,-88,-12,10,8,50,4,12918811,430
234.13,1545025599,3044.62,51.443485,7.485397,274.49,18.84,-0.12,23.60,1,-88,-12,10,8,50,4,12918811,430
235.14,1545025600,3063.61,51.443639,7.485507,274.15,17.99,-0.84,23.37,1,-70,-5,29,12,62,2,12918809,429
236.13,1545025601,3081.44,51.443783,7.485602,273.72,17.13,-0.87,22.54,1,-70,-5,29,12,62,2,12918809,429
237.13,1545025602,3098.59,51.443916,7.485689,273.18,16.23,-0.90,21.81,1,-70,-5,29,12,62,2,12918809,429
238.13,1545025603,3114.80,51.444045,7.485775,272.53,15.55,-0.68,21.74,1,-66,-7,30,15,63,2,12918809,429
239.13,1545025604,3130.35,51.444173,7.485857,272.07,15.02,-0.53,21.70,1,-66,-7,30,15,63,2,12918809,429
240.14,1545025605,3145.40,51.444294,7.485932,271.49,13.81,-1.21,22.27,1,-69,-6,28,15,63,2,12918809,429
241.13,1545025606,3159.18,51.444406,7.486010,270.66,13.32,-0.49,24.33,1,-69,-6,28,15,63,2,12918809,429
242.13,1545025607,3172.47,51.444503,7.486091,269.72,12.38,-0.94,27.84,1,-75,-6,27,15,58,2,12918809,429
243.13,1545025608,3184.85,51.444582,7.486211,269.07,12.09,-0.28,42.94,1,-75,-6,27,15,58,2,12918809,429
244.13,1545025609,3196.93,51.444649,7.486337,268.39,11.89,-0.21,46.51,1,-75,-10,27,14,61,2,12918809,429
245.13,1545025610,3208.83,51.444692,7.486501,267.89,11.84,-0.05,67.68,1,-75,-10,27,14,61,2,12918809,429
246.13,1545025611,3220.70,51.444709,7.486668,267.50,12.03,0.19,81.56,1,-78,-6,27,15,54,2,12918809,429
247.13,1545025612,3232.72,51.444720,7.486850,267.27,12.34,0.31,85.61,1,-78,-6,27,15,54,2,12918809,429
248.13,1545025613,3245.08,51.444687,7.487030,266.91,12.69,0.35,106.95,1,-81,-5,18,15,50,2,12918809,429
249.13,1545025614,3257.76,51.444625,7.487194,266.13,12.58,-0.11,121.00,1,-81,-5,18,15,50,2,12918809,429
250.13,1545025615,3270.34,51.444546,7.487325,265.54,12.29,-0.30,134.28,1,-79,-6,32,15,53,2,12918809,429
251.13,1545025616,3282.63,51.444455,7.487412,264.93,12.35,0.07,149.51,1,-79,-6,32,15,53,2,12918809,429
252.13,1545025617,3294.98,51.444362,7.487489,264.10,12.46,0.11,153.28,1,-64,-5,32,15,63,2,12918809,429
253.13,1545025618,3307.45,51.444256,7.487515,263.61,12.20,-0.26,174.41,1,-64,-5,32,15,63,2,12918809,429
254.13,1545025619,3319.65,51.444154,7.487504,263.28,12.19,-0.01,187.07,1,-63,-5,34,15,63,2,12918809,429
255.13,1545025620,3331.85,51.444055,7.487453,263.04,12.30,0.11,201.69,1,-63,-5,34,15,63,2,12918809,429
256.15,1545025621,3344.29,51.443960,7.487359,262.96,12.39,0.09,214.62,1,-68,-4,34,15,62,2,12918809,429
257.13,1545025622,3356.53,51.443878,7.487230,263.34,12.54,0.16,229.05,1,-68,-4,34,15,62,2,12918809,429
258.13,1545025623,3369.08,51.443814,7.487058,263.80,13.18,0.64,242.45,1,-68,-4,34,15,62,2,12918809,429
259.13,1545025624,3382.26,51.443780,7.486862,264.22,13.49,0.31,257.94,1,-76,-5,27,14,55,2,12918809,429
260.13,1545025625,3395.71,51.443756,7.486673,264.88,14.26,0.77,260.65,1,-76,-5,27,14,55,2,12918809,429
261.13,1545025626,3410.01,51.443739,7.486471,265.59,15.05,0.79,263.16,1,-75,-5,27,15,57,2,12918809,429
262.13,1545025627,3425.05,51.443727,7.486251,266.22,16.19,1.13,264.78,1,-75,-5,27,15,57,2,12918809,429
263.13,1545025628,3441.23,51.443714,7.486006,266.63,17.19,1.01,265.76,1,-80,-11,28,14,57,2,12918809,429
264.14,1545025629,3458.48,51.443705,7.485744,266.97,18.26,1.06,266.41,1,-80,-11,28,14,57,2,12918809,429
265.13,1545025630,3476.69,51.443698,7.485457,266.80,19.70,1.44,266.96,1,-81,-5,26,15,51,2,12918809,429
266.13,1545025631,3496.41,51.443699,7.485197,266.30,18.19,-1.51,269.39,1,-81,-5,26,15,51,2,12918809,429
267.13,1545025632,3514.60,51.443729,7.484954,266.33,18.19,0.00,267.56,1,-93,-6,16,12,39,2,12918809,429
268.13,1545025633,3532.80,51.443746,7.484645,266.73,23.19,5.00,268.56,1,-93,-6,16,12,39,2,12918809,429
269.13,1545025634,3555.99,51.443740,7.484313,266.47,23.69,0.49,268.84,1,-85,-6,24,14,48,2,12918809,429
270.13,1545025635,3579.67,51.443728,7.483951,266.03,23.87,0.18,268.49,1,-85,-6,24,14,48,2,12918809,429
271.13,1545025636,3603.47,51.443721,7.483589,266.21,23.93,0.06,268.41,1,-75,-5,17,15,58,2,12918809,429
272.13,1545025637,3627.40,51.443710,7.483239,266.33,23.68,-0.24,268.06,1,-75,-5,17,15,58,2,12918809,429
273.13,1545025638,3651.11,51.443700,7.482902,266.29,23.36,-0.33,267.19,1,-88,-9,12,10,48,2,12918809,429
274.13,1545025639,3674.51,51.443690,7.482564,266.16,23.25,-0.11,267.33,1,-88,-9,12,10,48,2,12918809,429
275.13,1545025640,3697.79,51.443676,7.482230,266.08,23.13,-0.12,266.86,1,-92,-13,6,8,48,2,12918809,429
276.13,1545025641,3720.92,51.443662,7.481895,266.08,23.22,0.08,266.55,1,-92,-13,6,8,48,2,12918809,429
277.14,1545025642,3744.30,51.443651,7.481569,265.81,23.65,0.43,266.42,1,-91,-7,18,10,42,4,12918811,430
278.13,1545025643,3767.78,51.443638,7.481228,265.62,24.16,0.51,266.12,1,-91,-7,18,10,42,4,12918811,430
279.13,1545025644,3791.94,51.443623,7.480889,265.29,23.97,-0.19,265.44,1,-91,-7,18,10,42,4,12918811,430
280.14,1545025645,3815.93,51.443610,7.480549,265.12,24.20,0.23,264.67,1,-92,-7,27,9,41,4,12918811,430
281.13,1545025646,3840.01,51.443587,7.480204,264.71,24.59,0.39,263.57,1,-92,-7,27,9,41,4,12918811,430
282.13,1545025647,3864.62,51.443563,7.479850,264.19,25.02,0.43,262.89,1,-89,-7,12,11,45,4,12918811,430
283.13,1545025648,3889.64,51.443535,7.479482,263.88,25.30,0.28,262.84,1,-89,-7,12,11,45,4,12918811,430
284.13,1545025649,3914.94,51.443502,7.479108,263.64,25.92,0.63,262.32,1,-88,-8,18,13,46,4,12918811,430
285.13,1545025650,3940.84,51.443469,7.478732,263.55,26.36,0.43,262.54,1,-88,-8,18,13,46,4,12918811,430
286.13,1545025651,3967.25,51.443438,7.478350,263.58,26.37,0.01,262.53,1,-85,-5,20,13,47,4,12918811,430
287.13,1545025652,3993.65,51.443407,7.477976,263.47,26.05,-0.32,262.89,1,-85,-5,20,13,47,4,12918811,430
288.13,1545025653,4019.70,51.443378,7.477606,263.36,25.69,-0.36,262.37,1,-84,-6,20,15,48,4,12918811,430
289.13,1545025654,4045.38,51.443348,7.477239,263.07,25.34,-0.34,261.95,1,-84,-6,20,15,48,4,12918811,430
290.13,1545025655,4070.73,51.443316,7.476873,262.78,25.22,-0.12,261.48,1,-87,-11,18,15,49,4,12918811,430
291.13,1545025656,4095.88,51.443285,7.476510,262.42,25.18,-0.04,261.40,1,-87,-11,18,15,49,4,12918811,430
292.13,1545025657,4121.06,51.443252,7.476164,261.44,25.42,0.24,260.73,1,-83,-6,18,15,47,4,12918811,430
293.13,1545025658,4146.50,51.443220,7.475809,260.19,25.82,0.40,260.07,1,-83,-6,18,15,47,4,12918811,430
294.13,1545025659,4172.39,51.443182,7.475424,259.11,26.33,0.51,260.37,1,-84,-5,20,15,47,4,12918811,430
295.14,1545025660,4198.80,51.443138,7.475042,258.26,26.87,0.53,259.04,1,-84,-5,20,15,47,4,12918811,430
296.13,1545025661,4225.56,51.443089,7.474651,257.58,27.68,0.82,258.12,1,-95,-6,11,11,37,4,12918811,430
297.13,1545025662,4253.24,51.443033,7.474255,256.95,28.48,0.80,257.31,1,-95,-6,11,11,37,4,12918811,430
298.14,1545025663,4281.98,51.442975,7.473852,256.20,28.98,0.49,256.64,1,-103,-7,7,9,31,13,12935194,430
299.13,1545025664,4310.73,51.442917,7.473443,255.72,28.85,-0.13,257.07,1,-103,-7,7,9,31,13,12935194,430
300.14,1545025665,4339.61,51.442863,7.473049,255.20,28.38,-0.47,257.64,1,-103,-7,7,9,31,13,12935194,430
301.14,1545025666,4368.02,51.442809,7.472661,254.56,27.92,-0.46,257.84,1,-107,-8,5,8,26,13,12935194,397
302.14,1545025667,4395.97,51.442754,7.472269,254.05,27.57,-0.35,258.28,1,-107,-8,5,8,26,13,12935194,397
303.13,1545025668,4423.45,51.442704,7.471881,253.53,27.62,0.05,258.37,1,-106,-7,8,10,26,13,12935194,397
304.13,1545025669,4451.07,51.442657,7.471509,253.00,27.60,-0.02,258.46,1,-106,-7,8,10,26,13,12935194,397
305.13,1545025670,4478.67,51.442607,7.471127,252.30,27.68,0.08,258.21,1,-110,-8,9,6,23,13,12935194,397
306.14,1545025671,4506.37,51.442557,7.470736,251.58,27.91,0.24,258.01,1,-110,-8,9,6,23,13,12935194,397
307.13,1545025672,4534.26,51.442507,7.470343,250.75,28.03,0.11,257.88,1,-112,-10,5,5,24,12,12935170,397
308.13,1545025673,4562.29,51.442457,7.469947,249.91,28.26,0.23,257.54,1,-112,-10,5,5,24,12,12935170,397
309.14,1545025674,4590.83,51.442406,7.469540,248.77,28.36,0.10,258.01,1,-98,-8,1,7,35,12,12935170,448
310.14,1545025675,4618.93,51.442357,7.469133,247.51,28.31,-0.05,258.43,1,-98,-8,1,7,35,12,12935170,448
311.13,1545025676,4647.21,51.442303,7.468721,246.41,28.32,0.02,258.22,1,-99,-12,1,7,37,12,12935170,448
312.13,1545025677,4675.51,51.442250,7.468315,245.53,28.35,0.03,258.21,1,-99,-12,1,7,37,12,12935170,448
313.13,1545025678,4703.89,51.442198,7.467911,244.65,28.72,0.37,258.54,1,-99,-13,-4,6,38,12,12935170,448
314.13,1545025679,4732.60,51.442146,7.467501,243.81,29.03,0.32,258.96,1,-99,-13,-4,6,38,12,12935170,448
315.14,1545025680,4761.67,51.442098,7.467086,243.01,29.26,0.22,259.38,1,-103,-13,-5,2,34,12,12935170,448
316.14,1545025681,4790.92,51.442050,7.466667,242.32,29.31,0.06,259.72,1,-103,-13,-5,2,34,12,12935170,448
317.14,1545025682,4820.32,51.442006,7.466245,241.70,29.40,0.09,260.41,1,-102,-14,-3,6,35,12,12935170,448
318.14,1545025683,4849.75,51.441962,7.465830,241.06,29.32,-0.08,260.54,1,-102,-14,-3,6,35,12,12935170,448
319.15,1545025684,4879.34,51.441918,7.465409,240.41,29.95,0.62,260.70,1,-103,-15,-1,4,36,12,12935170,448
320.14,1545025685,4908.99,51.441879,7.464982,239.72,30.31,0.37,261.44,1,-103,-15,-1,4,36,12,12935170,448
321.14,1545025686,4939.30,51.441840,7.464551,238.92,30.61,0.30,262.22,1,-103,-15,-1,4,36,12,12935170,448
322.14,1545025687,4969.85,51.441801,7.464111,238.16,31.03,0.42,262.39,1,-104,-12,-2,5,32,12,12935170,448
323.14,1545025688,5000.97,51.441768,7.463662,237.43,31.52,0.49,262.65,1,-104,-12,-2,5,32,12,12935170,448
324.14,1545025689,5032.43,51.441734,7.463205,236.79,31.84,0.32,263.35,1,-102,-12,0,5,34,12,12935170,448
325.14,1545025690,5064.27,51.441705,7.462735,236.29,32.54,0.69,263.98,1,-102,-12,0,5,34,12,12935170,448
326.13,1545025691,5096.72,51.441676,7.462260,235.90,33.00,0.46,264.87,1,-96,-15,-8,4,41,12,12935170,448
327.13,1545025692,5129.71,51.441649,7.461784,235.55,33.26,0.26,264.96,1,-96,-15,-8,4,41,12,12935170,448
328.13,1545025693,5162.97,51.441628,7.461308,234.94,33.80,0.54,265.13,1,-101,-14,-7,6,38,12,12935170,448
329.14,1545025694,5196.87,51.441609,7.460809,234.52,34.45,0.65,266.15,1,-101,-14,-7,6,38,12,12935170,448
330.14,1545025695,5231.36,51.441589,7.460302,234.25,35.17,0.71,266.93,1,-96,-19,-1,6,43,12,12935170,448
331.14,1545025696,5266.49,51.441575,7.459790,234.20,35.61,0.44,267.46,1,-96,-19,-1,6,43,12,12935170,448
332.14,1545025697,5302.06,51.441560,7.459279,234.24,35.53,-0.08,268.16,1,-94,-19,-2,4,45,12,12935171,448
333.14,1545025698,5337.56,51.441555,7.458774,234.10,35.29,-0.24,268.90,1,-94,-19,-2,4,45,12,12935171,448
334.14,1545025699,5372.95,51.441550,7.458274,234.30,35.41,0.12,268.94,1,-90,-14,0,11,48,15,14301697,449
335.13,1545025700,5408.15,51.441546,7.457761,234.76,35.58,0.17,269.76,1,-90,-14,0,11,48,15,14301697,449
336.13,1545025701,5443.76,51.441547,7.457248,235.21,35.74,0.16,270.10,1,-83,-9,9,4,50,15,14301697,54
337.13,1545025702,5479.39,51.441547,7.456739,235.65,35.57,-0.16,270.06,1,-83,-9,9,4,50,15,14301697,54
338.13,1545025703,5515.04,51.441548,7.456245,235.89,34.92,-0.65,270.68,1,-82,-10,12,11,52,15,14301697,54
339.13,1545025704,5550.03,51.441548,7.455738,235.80,34.97,0.05,270.83,1,-82,-10,12,11,52,15,14301697,54
340.14,1545025705,5585.34,51.441550,7.455235,235.62,35.02,0.05,270.89,1,-84,-7,11,15,46,15,14301697,54
341.13,1545025706,5620.02,51.441567,7.454738,235.04,34.87,-0.15,272.64,1,-84,-7,11,15,46,15,14301697,54
342.13,1545025707,5654.89,51.441585,7.454243,234.42,34.90,0.02,273.06,1,-84,-7,11,15,46,15,14301697,54
343.13,1545025708,5689.79,51.441613,7.453736,233.91,35.11,0.21,274.55,1,-82,-13,5,3,50,15,14301697,54
344.13,1545025709,5724.83,51.441639,7.453233,233.47,35.30,0.19,275.13,1,-82,-13,5,3,50,15,14301697,54
345.13,1545025710,5760.16,51.441667,7.452724,233.11,35.51,0.21,275.29,1,-83,-9,9,15,49,15,14301697,54
346.13,1545025711,5795.71,51.441700,7.452213,232.66,35.69,0.18,275.63,1,-83,-9,9,15,49,15,14301697,54
347.13,1545025712,5831.36,51.441732,7.451714,232.18,35.69,0.00,276.33,1,-79,-5,26,15,48,15,14301697,54
348.13,1545025713,5867.06,51.441770,7.451221,232.23,35.08,-0.61,277.13,1,-79,-5,26,15,48,15,14301697,54
349.13,1545025714,5902.14,51.441810,7.450725,232.55,35.24,0.16,277.69,1,-78,-5,32,15,51,15,14301697,54
350.14,1545025715,5937.66,51.441850,7.450228,232.87,35.34,0.10,277.98,1,-78,-5,32,15,51,15,14301697,54
351.13,1545025716,5972.62,51.441898,7.449726,233.26,35.62,0.28,278.35,1,-73,-5,24,15,55,15,14301697,54
352.13,1545025717,6008.27,51.441946,7.449220,233.50,35.79,0.17,278.74,1,-73,-5,24,15,55,15,14301697,54
353.13,1545025718,6044.10,51.441993,7.448716,233.33,35.22,-0.57,279.17,1,-72,-5,21,10,57,15,14301697,54
354.13,1545025719,6079.36,51.442048,7.448222,233.11,34.74,-0.49,279.59,1,-72,-5,21,10,57,15,14301697,54
355.13,1545025720,6114.09,51.442103,7.447723,232.63,34.82,0.08,280.31,1,-70,-5,20,15,57,15,14301697,54
356.13,1545025721,6148.91,51.442165,7.447227,232.13,34.94,0.12,281.12,1,-70,-5,20,15,57,15,14301697,54
357.13,1545025722,6183.85,51.442226,7.446726,231.41,35.10,0.16,281.81,1,-65,-6,29,15,63,15,14301697,54
358.13,1545025723,6218.95,51.442291,7.446227,230.85,35.09,-0.00,281.94,1,-65,-6,29,15,63,15,14301697,54
359.13,1545025724,6254.04,51.442362,7.445718,230.14,35.41,0.31,282.67,1,-62,-6,31,15,63,15,14301697,54
360.13,1545025725,6289.45,51.442433,7.445216,229.52,35.43,0.02,283.11,1,-62,-6,31,15,63,15,14301697,54
361.14,1545025726,6325.02,51.442505,7.444710,229.06,35.54,0.11,283.57,1,-63,-6,27,15,63,15,14301697,54
362.13,1545025727,6360.35,51.442581,7.444210,228.68,35.59,0.04,283.78,1,-63,-6,27,15,63,15,14301697,54
363.13,1545025728,6395.90,51.442658,7.443706,228.48,35.70,0.11,284.37,1,-63,-6,27,15,63,15,14301697,54
364.13,1545025729,6431.70,51.442739,7.443212,228.32,35.44,-0.25,284.89,1,-61,-8,28,15,63,15,14301697,54
365.13,1545025730,6467.15,51.442820,7.442717,228.22,35.41,-0.04,285.44,1,-61,-8,28,15,63,15,14301697,54
366.13,1545025731,6502.55,51.442902,7.442225,227.95,35.59,0.19,285.85,1,-65,-6,23,11,63,15,14301697,54
367.13,1545025732,6538.15,51.442992,7.441730,227.58,35.71,0.11,286.27,1,-65,-6,23,11,63,15,14301697,54
368.13,1545025733,6573.89,51.443085,7.441241,226.93,35.79,0.08,286.73,1,-66,-6,16,10,63,15,14301697,54
369.13,1545025734,6609.67,51.443181,7.440763,226.15,35.23,-0.56,287.37,1,-66,-6,16,10,63,15,14301697,54
370.14,1545025735,6644.94,51.443277,7.440282,225.34,34.65,-0.58,288.04,1,-70,-5,10,6,61,1,14301699,56
371.13,1545025736,6679.41,51.443373,7.439805,224.64,34.78,0.13,288.29,1,-70,-5,10,6,61,1,14301699,56
372.13,1545025737,6714.33,51.443476,7.439333,223.98,34.85,0.08,288.89,1,-67,-6,29,12,63,1,14301699,56
373.13,1545025738,6749.14,51.443579,7.438860,223.27,35.05,0.20,289.16,1,-67,-6,29,12,63,1,14301699,56
374.13,1545025739,6784.20,51.443689,7.438391,222.67,35.17,0.12,290.01,1,-66,-5,32,12,63,1,14301699,56
375.13,1545025740,6819.37,51.443800,7.437914,221.98,35.91,0.74,289.93,1,-66,-5,32,12,63,1,14301699,56
376.13,1545025741,6855.28,51.443914,7.437425,221.24,36.23,0.32,290.67,1,-67,-5,31,12,63,1,14301699,56
377.13,1545025742,6891.50,51.444035,7.436936,220.57,36.47,0.25,291.57,1,-67,-5,31,12,63,1,14301699,56
378.13,1545025743,6928.01,51.444156,7.436450,219.84,35.93,-0.54,292.02,1,-75,-5,27,13,55,1,14301699,56
379.13,1545025744,6963.91,51.444273,7.435979,218.71,35.88,-0.05,291.72,1,-75,-5,27,13,55,1,14301699,56
380.13,1545025745,6999.65,51.444400,7.435516,217.82,35.35,-0.54,293.20,1,-79,-5,20,11,51,1,14301699,56
381.13,1545025746,7035.07,51.444524,7.435050,217.02,34.97,-0.38,294.00,1,-79,-5,20,11,51,1,14301699,56
382.14,1545025747,7070.28,51.444657,7.434591,216.18,34.86,-0.11,295.04,1,-82,-9,17,12,50,1,14301699,56
383.13,1545025748,7104.90,51.444792,7.434139,215.22,34.71,-0.15,295.76,1,-82,-9,17,12,50,1,14301699,56
384.13,1545025749,7139.58,51.444938,7.433703,214.13,34.51,-0.21,297.62,1,-82,-9,17,12,50,1,14301699,56
385.13,1545025750,7174.22,51.445091,7.433269,213.05,34.68,0.18,298.72,1,-82,-6,16,10,48,1,14301699,56
386.13,1545025751,7208.84,51.445247,7.432834,211.92,34.69,0.01,299.74,1,-82,-6,16,10,48,1,14301699,56
387.13,1545025752,7243.60,51.445407,7.432398,210.89,34.74,0.05,300.98,1,-90,-10,13,6,45,1,14301699,56
388.13,1545025753,7278.31,51.445574,7.431975,209.89,34.60,-0.14,302.97,1,-90,-10,13,6,45,1,14301699,56
389.13,1545025754,7312.91,51.445744,7.431567,208.75,34.28,-0.33,303.99,1,-90,-6,15,9,41,1,14301699,56
390.13,1545025755,7347.15,51.445919,7.431167,207.53,34.26,-0.02,305.33,1,-90,-6,15,9,41,1,14301699,56
391.14,1545025756,7381.51,51.446098,7.430777,206.22,34.27,0.02,306.65,1,-89,-6,16,9,42,1,14301699,56
392.13,1545025757,7415.75,51.446288,7.430389,204.77,34.25,-0.02,308.35,1,-89,-6,16,9,42,1,14301699,56
393.13,1545025758,7450.00,51.446483,7.430011,203.45,34.36,0.11,310.03,1,-90,-15,5,4,47,1,14301699,56
394.13,1545025759,7484.37,51.446679,7.429649,202.27,34.16,-0.21,311.12,1,-90,-15,5,4,47,1,14301699,56
395.14,1545025760,7518.62,51.446883,7.429294,201.07,34.29,0.14,312.70,1,-97,-12,2,6,39,1,14301699,56
396.13,1545025761,7552.78,51.447101,7.428933,199.72,34.21,-0.08,314.42,1,-97,-12,2,6,39,1,14301699,56
397.13,1545025762,7587.03,51.447317,7.428579,198.29,34.32,0.11,314.70,1,-97,-9,2,4,37,1,14301699,56
398.13,1545025763,7621.32,51.447540,7.428242,196.77,34.36,0.04,316.84,1,-97,-9,2,4,37,1,14301699,56
399.14,1545025764,7655.75,51.447769,7.427917,195.21,34.45,0.09,318.43,1,-103,-10,11,4,32,1,14301699,56
400.14,1545025765,7690.23,51.448006,7.427596,193.63,34.82,0.37,319.66,1,-103,-10,11,4,32,1,14301699,56
401.14,1545025766,7725.01,51.448246,7.427271,192.17,35.13,0.32,320.66,1,-92,-13,-2,7,44,19,13806082,70
402.14,1545025767,7760.18,51.448496,7.426962,190.49,35.69,0.56,322.53,1,-92,-13,-2,7,44,19,13806082,70
403.13,1545025768,7795.69,51.448756,7.426659,188.76,36.08,0.38,324.03,1,-93,-17,-5,7,45,19,13806082,70
404.13,1545025769,7831.88,51.449023,7.426366,187.14,36.02,-0.06,325.61,1,-93,-17,-5,7,45,19,13806082,70
405.14,1545025770,7868.19,51.449300,7.426082,185.53,36.06,0.04,327.09,1,-94,-16,0,7,43,19,13806082,70
406.13,1545025771,7903.96,51.449584,7.425809,183.77,36.28,0.22,328.71,1,-94,-16,0,7,43,19,13806082,70
407.13,1545025772,7940.24,51.449867,7.425557,182.13,36.47,0.19,330.85,1,-94,-16,0,7,43,19,13806082,70
408.13,1545025773,7976.68,51.450157,7.425315,180.46,36.72,0.24,332.32,1,-90,-15,3,5,47,19,13806082,70
409.13,1545025774,8013.43,51.450448,7.425084,179.00,36.88,0.17,333.51,1,-90,-15,3,5,47,19,13806082,70
410.14,1545025775,8050.38,51.450753,7.424855,177.52,37.15,0.27,335.26,1,-94,-15,2,6,44,19,13806082,70
411.14,1545025776,8087.50,51.451059,7.424644,176.31,36.85,-0.30,336.69,1,-94,-15,2,6,44,19,13806082,70
412.14,1545025777,8124.43,51.451369,7.424449,174.97,36.51,-0.34,338.57,1,-92,-14,2,5,45,19,13806082,70
413.14,1545025778,8160.98,51.451675,7.424265,173.43,36.21,-0.30,339.58,1,-92,-14,2,5,45,19,13806082,70
414.14,1545025779,8197.08,51.451983,7.424081,171.67,36.31,0.11,340.33,1,-83,-12,-6,6,53,19,12897027,230
415.14,1545025780,8233.50,51.452295,7.423910,169.85,36.41,0.10,341.24,1,-83,-12,-6,6,53,19,12897027,230
416.13,1545025781,8269.77,51.452601,7.423744,168.12,36.12,-0.30,341.97,1,-85,-10,6,6,49,19,12897027,230
417.13,1545025782,8305.85,51.452911,7.423593,166.64,35.84,-0.28,342.91,1,-85,-10,6,6,49,19,12897027,230
418.13,1545025783,8341.73,51.453222,7.423443,165.35,35.80,-0.04,343.49,1,-81,-13,9,11,56,19,12897027,230
419.13,1545025784,8377.53,51.453533,7.423293,164.09,35.88,0.08,343.65,1,-81,-13,9,11,56,19,12897027,230
420.13,1545025785,8413.35,51.453845,7.423143,162.97,36.02,0.14,343.88,1,-81,-9,4,9,54,19,12897027,230
421.13,1545025786,8449.37,51.454158,7.422992,161.94,36.08,0.06,343.69,1,-81,-9,4,9,54,19,12897027,230
422.13,1545025787,8485.49,51.454469,7.422854,160.92,35.78,-0.31,343.93,1,-81,-15,3,9,57,19,12897027,230
423.14,1545025788,8521.37,51.454773,7.422720,159.93,35.26,-0.51,343.45,1,-81,-15,3,9,57,19,12897027,230
424.14,1545025789,8556.59,51.455069,7.422588,159.30,34.71,-0.55,343.30,1,-73,-9,1,6,62,10,13806082,70
425.13,1545025790,8591.27,51.455366,7.422445,158.64,34.16,-0.55,342.67,1,-73,-9,1,6,62,10,13806082,70
426.14,1545025791,8625.73,51.455662,7.422290,158.13,34.04,-0.12,341.63,1,-72,-8,6,14,62,10,13806082,70
427.13,1545025792,8659.46,51.455953,7.422139,157.64,33.73,-0.31,341.19,1,-72,-8,6,14,62,10,13806082,70
428.13,1545025793,8693.19,51.456239,7.421984,157.15,33.47,-0.26,340.60,1,-72,-8,6,14,62,10,13806082,70
429.13,1545025794,8726.66,51.456513,7.421824,157.02,33.16,-0.31,339.32,1,-72,-8,4,7,63,10,13806082,70
430.13,1545025795,8759.82,51.456798,7.421651,156.82,33.12,-0.04,338.38,1,-72,-8,4,7,63,10,13806082,70
431.13,1545025796,8792.84,51.457072,7.421465,156.69,33.18,0.06,337.32,1,-81,-8,-3,6,52,10,13806082,70
432.14,1545025797,8826.15,51.457342,7.421286,156.45,33.30,0.12,336.49,1,-81,-8,-3,6,52,10,13806082,70
433.14,1545025798,8859.55,51.457612,7.421089,156.18,33.36,0.06,335.68,1,-82,-13,0,4,56,10,13806082,70
434.14,1545025799,8892.88,51.457883,7.420886,155.83,33.51,0.15,334.46,1,-82,-13,0,4,56,10,13806082,70
435.14,1545025800,8926.42,51.458149,7.420688,155.29,33.79,0.28,333.72,1,-84,-13,0,9,53,20,13806082,70
436.14,1545025801,8960.25,51.458423,7.420469,155.10,34.21,0.42,332.80,1,-84,-13,0,9,53,20,13806082,70
437.14,1545025802,8994.38,51.458691,7.420253,154.69,33.95,-0.26,331.93,1,-81,-11,3,6,55,20,12897027,230
438.14,1545025803,9028.34,51.458954,7.420020,154.45,33.39,-0.56,330.84,1,-81,-11,3,6,55,20,12897027,230
439.14,1545025804,9061.66,51.459218,7.419785,154.27,33.20,-0.20,329.99,1,-83,-16,-2,4,58,20,12897027,230
440.14,1545025805,9094.89,51.459482,7.419535,153.87,33.47,0.27,328.99,1,-83,-16,-2,4,58,20,12897027,230
441.13,1545025806,9128.23,51.459743,7.419277,153.35,33.47,-0.00,327.81,1,-84,-10,-3,6,52,7,13806081,230
442.14,1545025807,9161.79,51.460000,7.419010,152.58,33.61,0.14,326.52,1,-84,-10,-3,6,52,7,13806081,230
443.14,1545025808,9195.44,51.460255,7.418743,151.81,33.79,0.18,325.89,1,-78,-12,13,8,60,7,13806081,69
444.14,1545025809,9229.20,51.460500,7.418467,151.40,34.02,0.23,324.95,1,-78,-12,13,8,60,7,13806081,69
445.13,1545025810,9263.08,51.460747,7.418188,151.33,34.26,0.25,324.07,1,-79,-7,16,8,53,7,13806081,69
446.14,1545025811,9297.48,51.460995,7.417886,151.53,34.68,0.41,322.99,1,-79,-7,16,8,53,7,13806081,69
447.14,1545025812,9332.33,51.461246,7.417580,151.65,34.91,0.23,322.43,1,-80,-8,7,8,53,7,13806081,69
448.13,1545025813,9367.00,51.461485,7.417267,151.97,35.10,0.19,320.75,1,-80,-8,7,8,53,7,13806081,69
449.13,1545025814,9402.10,51.461727,7.416944,152.42,35.40,0.31,319.89,1,-80,-8,7,8,53,7,13806081,69
450.13,1545025815,9437.53,51.461967,7.416613,152.84,35.54,0.14,319.32,1,-72,-8,16,12,61,7,13806081,69
451.13,1545025816,9473.00,51.462210,7.416277,153.22,35.80,0.27,318.47,1,-72,-8,16,12,61,7,13806081,69
452.14,1545025817,9508.91,51.462446,7.415928,153.61,36.08,0.28,317.21,1,-75,-9,12,12,60,7,13806081,69
453.13,1545025818,9544.85,51.462683,7.415563,153.90,36.32,0.24,315.88,1,-75,-9,12,12,60,7,13806081,69
454.13,1545025819,9581.13,51.462911,7.415195,154.16,36.52,0.20,314.66,1,-75,-7,15,11,59,7,13806081,69
455.13,1545025820,9617.68,51.463142,7.414823,154.43,36.69,0.17,314.15,1,-75,-7,15,11,59,7,13806081,69
456.14,1545025821,9654.51,51.463367,7.414436,154.59,37.03,0.34,312.75,1,-83,-9,11,8,52,7,13806081,69
457.13,1545025822,9691.36,51.463593,7.414045,154.73,37.33,0.30,311.83,1,-83,-9,11,8,52,7,13806081,69
458.14,1545025823,9728.92,51.463813,7.413645,154.75,37.14,-0.19,311.12,1,-84,-12,7,7,54,7,13806081,69
459.14,1545025824,9766.09,51.464030,7.413249,154.75,36.50,-0.64,310.40,1,-84,-12,7,7,54,7,13806081,69
460.14,1545025825,9802.60,51.464238,7.412849,154.72,36.08,-0.42,309.62,1,-88,-8,14,15,45,7,13806081,69
461.13,1545025826,9838.57,51.464445,7.412453,154.64,36.01,-0.07,309.22,1,-88,-8,14,15,45,7,13806081,69
462.14,1545025827,9874.69,51.464653,7.412053,154.54,36.08,0.07,308.71,1,-92,-11,5,7,45,7,13806081,69
463.14,1545025828,9910.77,51.464854,7.411645,154.45,36.21,0.13,308.25,1,-92,-11,5,7,45,7,13806081,69
464.14,1545025829,9946.95,51.465056,7.411238,154.35,36.46,0.25,308.28,1,-90,-17,1,4,49,7,13806081,69
465.14,1545025830,9983.45,51.465259,7.410828,154.33,36.57,0.11,308.31,1,-90,-17,1,4,49,7,13806081,69
466.14,1545025831,10019.98,51.465460,7.410420,154.38,35.73,-0.84,308.11,1,-91,-19,-5,1,44,7,13806081,69
467.14,1545025832,10055.71,51.465658,7.410017,154.53,35.31,-0.42,308.10,1,-91,-19,-5,1,44,7,13806081,69
468.14,1545025833,10091.27,51.465856,7.409611,154.78,35.31,-0.00,308.16,1,-87,-8,-7,6,45,15,13495554,132
469.14,1545025834,10126.33,51.466050,7.409211,155.06,34.85,-0.46,308.56,1,-87,-8,-7,6,45,15,13495554,132
470.14,1545025835,10161.22,51.466244,7.408815,155.46,34.96,0.11,308.12,1,-87,-8,-7,6,45,15,13495554,132
471.13,1545025836,10196.08,51.466438,7.408419,155.86,35.22,0.26,308.57,1,-84,-10,-6,6,49,31,13884419,386
472.14,1545025837,10231.33,51.466635,7.408022,156.17,35.41,0.19,308.64,1,-84,-10,-6,6,49,31,13884419,386
473.14,1545025838,10266.89,51.466831,7.407622,156.57,34.92,-0.49,308.85,1,-95,-14,-2,5,44,31,13884419,386
474.14,1545025839,10301.77,51.467025,7.407234,156.92,34.04,-0.88,309.16,1,-95,-14,-2,5,44,31,13884419,386
475.14,1545025840,10335.81,51.467223,7.406852,157.15,34.12,0.08,309.51,1,-92,-14,-3,5,46,31,13884419,386
476.14,1545025841,10369.93,51.467421,7.406469,157.39,34.40,0.28,309.82,1,-92,-14,-3,5,46,31,13884419,386
477.14,1545025842,10404.36,51.467622,7.406082,157.59,34.68,0.27,310.39,1,-90,-12,0,4,46,31,13884419,386
478.14,1545025843,10438.97,51.467825,7.405704,157.93,34.88,0.21,310.60,1,-90,-12,0,4,46,31,13884419,386
479.14,1545025844,10473.78,51.468030,7.405326,158.34,35.03,0.15,311.16,1,-91,-14,-2,4,47,31,13884419,386
480.14,1545025845,10508.84,51.468242,7.404948,158.73,35.44,0.42,311.70,1,-91,-14,-2,4,47,31,13884419,386
481.14,1545025846,10544.32,51.468452,7.404574,159.24,34.71,-0.74,312.44,1,-98,-12,-2,4,38,18,13806081,386
482.14,1545025847,10579.03,51.468659,7.404205,159.69,34.15,-0.56,312.53,1,-98,-12,-2,4,38,18,13806081,386
483.14,1545025848,10613.25,51.468866,7.403838,160.12,34.12,-0.02,312.60,1,-94,-12,0,6,42,18,13806081,69
484.14,1545025849,10647.30,51.469077,7.403480,160.65,34.16,0.04,313.14,1,-94,-12,0,6,42,18,13806081,69
485.14,1545025850,10681.46,51.469286,7.403124,160.99,34.09,-0.07,313.41,1,-102,-17,-4,5,39,18,13806081,69
486.14,1545025851,10715.52,51.469500,7.402775,161.27,33.85,-0.25,314.18,1,-102,-17,-4,5,39,18,13806081,69
487.14,1545025852,10749.40,51.469709,7.402436,161.63,32.93,-0.92,314.34,1,-102,-16,-9,5,37,18,13806081,69
488.14,1545025853,10782.33,51.469915,7.402100,161.91,32.49,-0.44,314.84,1,-102,-16,-9,5,37,18,13806081,69
489.15,1545025854,10815.18,51.470117,7.401769,162.27,32.36,-0.13,315.02,1,-97,-12,-3,6,40,34,13884419,386
490.14,1545025855,10847.18,51.470323,7.401462,162.65,31.52,-0.85,317.24,1,-97,-12,-3,6,40,34,13884419,386
491.14,1545025856,10878.71,51.470530,7.401166,163.25,30.47,-1.05,318.41,1,-97,-12,-3,6,40,34,13884419,386
492.14,1545025857,10909.12,51.470725,7.400888,164.24,29.42,-1.05,319.22,1,-101,-13,1,6,36,34,13884419,386
493.13,1545025858,10938.48,51.470911,7.400623,165.44,27.96,-1.46,317.85,1,-101,-13,1,6,36,34,13884419,386
494.13,1545025859,10966.47,51.471089,7.400361,166.58,27.20,-0.77,317.16,1,-110,-19,-11,1,34,34,13884419,386
495.13,1545025860,10993.53,51.471089,7.400361,166.58,27.20,0.00,317.16,1,-110,-19,-11,1,34,34,13884419,386
496.13,1545025861,11020.81,51.471438,7.399843,168.66,25.60,-1.59,316.99,1,-107,-14,-7,5,37,40,13507073,57
497.13,1545025862,11046.41,51.471606,7.399591,169.77,25.48,-0.13,317.87,1,-107,-14,-7,5,37,40,13507073,57
498.13,1545025863,11071.84,51.471769,7.399350,170.73,24.96,-0.52,318.08,1,-104,-11,-2,5,31,40,13507073,57
499.14,1545025864,11096.95,51.471934,7.399114,171.51,24.54,-0.42,318.31,1,-104,-11,-2,5,31,40,13507073,57
500.14,1545025865,11121.46,51.472100,7.398877,172.23,24.27,-0.27,318.79,1,-111,-15,-5,1,29,40,13507073,57
501.14,1545025866,11145.73,51.472264,7.398641,173.01,24.28,0.01,318.66,1,-111,-15,-5,1,29,40,13507073,57
502.14,1545025867,11170.01,51.472428,7.398406,173.68,24.36,0.09,318.76,1,-109,-15,-5,4,31,40,13507073,57
503.14,1545025868,11194.40,51.472593,7.398175,174.22,24.43,0.06,318.93,1,-109,-15,-5,4,31,40,13507073,57
504.41,1545025869,11225.47,51.472759,7.397945,174.63,24.38,-0.03,319.25,1,-108,-16,-6,4,35,40,13507073,57
505.41,1545025870,11250.00,51.472928,7.397721,174.95,24.30,-0.08,319.76,1,-108,-16,-6,4,35,40,13507073,57
506.42,1545025871,11274.32,51.473097,7.397496,175.22,24.36,0.06,320.25,1,-107,-13,-5,4,32,40,13507073,57
507.42,1545025872,11298.71,51.473266,7.397276,175.42,24.24,-0.11,320.61,1,-107,-13,-5,4,32,40,13507073,57
508.42,1545025873,11323.10,51.473440,7.397056,175.61,24.11,-0.13,320.78,1,-106,-11,-3,6,30,58,14301699,56
509.41,1545025874,11347.02,51.473611,7.396833,175.74,24.12,0.01,320.86,1,-106,-11,-3,6,30,58,14301699,56
510.41,1545025875,11371.13,51.473782,7.396611,175.80,24.21,0.09,321.47,1,-106,-11,-3,6,30,58,14301699,56
511.41,1545025876,11395.34,51.473958,7.396393,175.99,24.44,0.23,322.22,1,-109,-16,-4,4,31,37,13565441,56
512.41,1545025877,11419.78,51.474131,7.396177,176.18,24.62,0.18,322.83,1,-109,-16,-4,4,31,37,13565441,56
513.41,1545025878,11444.35,51.474307,7.395968,176.36,24.60,-0.02,323.59,1,-89,-21,-10,2,48,37,13565441,431
514.41,1545025879,11468.95,51.474486,7.395756,176.43,24.16,-0.44,324.02,1,-89,-21,-10,2,48,37,13565441,431
515.41,1545025880,11493.11,51.474662,7.395549,176.51,23.80,-0.35,324.60,1,-103,-13,-13,4,34,37,13565441,431
516.41,1545025881,11516.84,51.474841,7.395352,176.84,23.81,0.00,325.85,1,-103,-13,-13,4,34,37,13565441,431
517.42,1545025882,11540.79,51.475027,7.395159,177.10,23.83,0.02,327.47,1,-104,-14,-13,5,34,37,13565441,431
518.42,1545025883,11564.64,51.475211,7.394975,177.14,24.40,0.57,328.61,1,-104,-14,-13,5,34,37,13565441,431
519.42,1545025884,11589.02,51.475399,7.394800,177.37,24.72,0.32,329.62,1,-104,-14,-3,5,34,37,13565441,431
520.41,1545025885,11613.72,51.475589,7.394621,177.51,25.23,0.51,329.69,1,-104,-14,-3,5,34,37,13565441,431
521.41,1545025886,11638.95,51.475782,7.394440,177.78,24.87,-0.35,330.01,1,-102,-17,-7,1,42,37,13565441,431
522.41,1545025887,11663.82,51.475976,7.394266,177.95,24.59,-0.28,330.81,1,-102,-17,-7,1,42,37,13565441,431
523.41,1545025888,11688.41,51.476173,7.394091,177.93,24.46,-0.14,331.12,1,-105,-15,-8,3,35,37,13565441,431
524.41,1545025889,11712.87,51.476368,7.393928,177.99,24.16,-0.30,332.61,1,-105,-15,-8,3,35,37,13565441,431
525.42,1545025890,11737.08,51.476561,7.393775,178.08,23.53,-0.62,334.05,1,-104,-15,-7,4,35,37,13565441,431
526.41,1545025891,11760.56,51.476749,7.393627,178.07,23.29,-0.24,334.69,1,-104,-15,-7,4,35,37,13565441,431
527.41,1545025892,11783.85,51.476933,7.393489,177.82,22.93,-0.36,335.53,1,-105,-15,-6,5,34,37,13565441,431
528.41,1545025893,11806.79,51.477121,7.393360,177.51,21.69,-1.24,337.29,1,-105,-15,-6,5,34,37,13565441,431
529.42,1545025894,11828.63,51.477302,7.393251,176.93,20.65,-1.04,340.26,1,-106,-16,-4,4,35,37,13565441,431
530.41,1545025895,11849.13,51.477475,7.393157,176.54,19.54,-1.11,341.52,1,-106,-16,-4,4,35,37,13565441,431
531.41,1545025896,11868.66,51.477643,7.393102,176.29,18.64,-0.90,348.88,1,-106,-16,-4,4,35,37,13565441,431
532.41,1545025897,11887.32,51.477815,7.393055,176.10,18.31,-0.33,351.52,1,-97,-12,-1,6,39,37,13565441,431
533.41,1545025898,11905.61,51.477980,7.393034,176.16,18.55,0.24,354.98,1,-97,-12,-1,6,39,37,13565441,431
534.41,1545025899,11924.15,51.478144,7.393072,176.26,18.70,0.15,8.39,1,-102,-16,-6,3,36,37,13565441,431
535.41,1545025900,11942.87,51.478300,7.393124,176.48,18.71,0.00,10.71,1,-102,-16,-6,3,36,37,13565441,431
536.41,1545025901,11961.58,51.478462,7.393201,176.64,19.11,0.41,14.76,1,-108,-15,-8,2,31,37,13565441,431
537.41,1545025902,11980.59,51.478617,7.393350,176.63,19.41,0.30,31.54,1,-108,-15,-8,2,31,37,13565441,431
538.41,1545025903,12000.10,51.478761,7.393492,176.70,18.54,-0.87,32.51,1,-85,-5,18,6,48,11,13884163,392
539.41,1545025904,12018.59,51.478900,7.393634,176.75,17.35,-1.19,32.18,1,-85,-5,18,6,48,11,13884163,392
540.41,1545025905,12035.99,51.479026,7.393757,177.12,15.95,-1.40,30.03,1,-87,-12,14,11,48,11,13884163,392
541.42,1545025906,12052.03,51.479160,7.393815,177.80,14.96,-0.98,13.88,1,-87,-12,14,11,48,11,13884163,392
542.41,1545025907,12066.86,51.479296,7.393820,178.13,14.62,-0.34,0.09,1,-83,-8,15,9,49,11,13884163,392
543.41,1545025908,12081.49,51.479426,7.393788,178.51,14.56,-0.05,346.93,1,-83,-8,15,9,49,11,13884163,392
544.41,1545025909,12096.04,51.479551,7.393742,178.83,14.29,-0.28,344.63,1,-80,-9,10,12,53,11,13884163,392
545.41,1545025910,12110.35,51.479674,7.393674,179.23,14.99,0.71,340.60,1,-80,-9,10,12,53,11,13884163,392
546.41,1545025911,12125.33,51.479780,7.393602,180.24,14.09,-0.91,338.18,1,-77,-7,16,14,55,11,13884163,392
547.41,1545025912,12139.42,51.479888,7.393530,181.25,13.06,-1.02,337.20,1,-77,-7,16,14,55,11,13884163,392
548.41,1545025913,12152.48,51.479991,7.393459,181.93,11.82,-1.24,338.66,1,-77,-8,14,15,56,11,13884163,392
549.41,1545025914,12164.33,51.480088,7.393450,182.57,10.11,-1.71,0.60,1,-77,-8,14,15,56,11,13884163,392
550.42,1545025915,12174.51,51.480166,7.393484,183.45,10.15,0.04,15.59,1,-80,-7,17,15,52,11,13884163,392
551.41,1545025916,12184.58,51.480252,7.393559,184.08,10.51,0.36,33.52,1,-80,-7,17,15,52,11,13884163,392
552.41,1545025917,12195.10,51.480307,7.393663,184.86,11.25,0.74,52.16,1,-80,-7,17,15,52,11,13884163,392
553.41,1545025918,12206.30,51.480369,7.393790,185.36,12.48,1.24,54.65,1,-88,-11,13,12,48,11,13884163,392
554.41,1545025919,12218.81,51.480428,7.393935,185.47,13.33,0.85,56.83,1,-88,-11,13,12,48,11,13884163,392
555.41,1545025920,12232.13,51.480488,7.394092,185.38,13.23,-0.10,57.91,1,-86,-7,19,1,46,11,13884163,392
556.41,1545025921,12245.36,51.480550,7.394260,185.21,13.42,0.19,58.48,1,-86,-7,19,1,46,11,13884163,392
557.41,1545025922,12258.78,51.480617,7.394432,184.98,14.14,0.73,57.97,1,-79,-6,6,1,54,11,13884163,392
558.41,1545025923,12272.91,51.480687,7.394614,184.65,14.96,0.82,57.36,1,-79,-6,6,1,54,11,13884163,392
559.41,1545025924,12287.88,51.480761,7.394801,184.16,16.00,1.04,57.70,1,-80,-6,16,4,51,11,13884163,392
560.41,1545025925,12303.90,51.480838,7.394992,183.77,16.77,0.77,57.72,1,-80,-6,16,4,51,11,13884163,392
561.41,1545025926,12320.65,51.480919,7.395199,183.24,18.07,1.30,58.38,1,-78,-6,16,4,54,11,13884163,392
562.42,1545025927,12338.85,51.481001,7.395412,182.57,18.10,0.02,58.74,1,-78,-6,16,4,54,11,13884163,392
563.41,1545025928,12356.78,51.481082,7.395632,181.96,17.88,-0.21,59.52,1,-84,-11,11,8,51,11,13884163,392
564.41,1545025929,12374.74,51.481164,7.395854,181.55,17.61,-0.27,60.05,1,-84,-11,11,8,51,11,13884163,392
565.41,1545025930,12392.30,51.481246,7.396075,181.33,17.39,-0.23,59.81,1,-85,-7,26,10,47,11,13884163,392
566.41,1545025931,12409.71,51.481327,7.396293,181.37,17.42,0.03,59.20,1,-85,-7,26,10,47,11,13884163,392
567.41,1545025932,12427.16,51.481406,7.396512,181.50,17.26,-0.16,58.79,1,-84,-7,20,8,48,11,13884163,392
568.41,1545025933,12444.42,51.481489,7.396724,181.66,17.31,0.05,58.32,1,-84,-7,20,8,48,11,13884163,392
569.42,1545025934,12461.75,51.481571,7.396939,181.82,17.43,0.11,57.95,1,-94,-12,3,7,43,11,13884163,392
570.42,1545025935,12479.17,51.481655,7.397147,181.93,17.27,-0.16,57.30,1,-94,-12,3,7,43,11,13884163,392
571.42,1545025936,12496.53,51.481740,7.397353,181.91,17.14,-0.13,56.69,1,-88,-9,20,7,45,11,13884163,392
572.41,1545025937,12513.55,51.481827,7.397556,181.77,17.07,-0.07,55.74,1,-88,-9,20,7,45,11,13884163,392
573.41,1545025938,12530.60,51.481916,7.397752,181.39,16.94,-0.13,54.54,1,-88,-9,20,7,45,11,13884163,392
574.41,1545025939,12547.56,51.482008,7.397940,180.98,16.55,-0.38,53.14,1,-90,-10,20,8,45,11,13884163,392
575.41,1545025940,12564.11,51.482103,7.398122,180.70,16.06,-0.49,51.48,1,-90,-10,20,8,45,11,13884163,392
576.41,1545025941,12580.19,51.482195,7.398287,180.33,14.96,-1.09,49.71,1,-83,-9,9,9,50,11,13884163,392
577.41,1545025942,12595.13,51.482287,7.398444,179.69,14.08,-0.89,47.78,1,-83,-9,9,9,50,11,13884163,392
578.41,1545025943,12609.23,51.482378,7.398585,179.41,13.26,-0.82,45.44,1,-84,-10,20,9,50,11,13884163,392
579.41,1545025944,12622.48,51.482471,7.398715,179.63,12.82,-0.43,42.86,1,-84,-10,20,9,50,11,13884163,392
580.41,1545025945,12635.29,51.482559,7.398830,180.30,12.40,-0.42,40.70,1,-90,-11,16,6,46,11,13884163,392
581.41,1545025946,12647.69,51.482648,7.398937,181.17,11.76,-0.64,38.84,1,-90,-11,16,6,46,11,13884163,392
582.41,1545025947,12659.47,51.482730,7.399027,181.88,11.40,-0.36,37.36,1,-82,-8,9,6,50,6,13884162,52
583.41,1545025948,12670.86,51.482816,7.399117,182.24,10.84,-0.56,35.21,1,-82,-8,9,6,50,6,13884162,52
584.41,1545025949,12681.71,51.482903,7.399203,182.49,10.32,-0.52,33.41,1,-83,-7,11,9,48,6,13884162,52
585.41,1545025950,12692.02,51.482994,7.399291,182.63,11.89,1.57,34.10,1,-83,-7,11,9,48,6,13884162,52
586.41,1545025951,12703.91,51.483087,7.399380,182.47,11.99,0.10,34.34,1,-79,-7,7,12,53,6,13884162,52
587.41,1545025952,12715.90,51.483188,7.399481,182.28,12.34,0.35,34.28,1,-79,-7,7,12,53,6,13884162,52
588.41,1545025953,12728.24,51.483295,7.399588,182.04,12.77,0.44,33.97,1,-76,-6,17,11,56,6,13884162,52
589.41,1545025954,12741.00,51.483405,7.399695,181.79,13.46,0.69,33.55,1,-76,-6,17,11,56,6,13884162,52
590.41,1545025955,12754.45,51.483514,7.399801,181.26,14.24,0.79,34.19,1,-85,-7,13,8,47,6,13884162,52
591.41,1545025956,12768.70,51.483620,7.399909,180.58,14.80,0.55,33.96,1,-85,-7,13,8,47,6,13884162,52
592.42,1545025957,12783.63,51.483724,7.400013,179.94,14.97,0.17,34.40,1,-79,-5,18,9,51,6,13884162,52
593.41,1545025958,12798.48,51.483830,7.400126,179.33,14.59,-0.38,35.04,1,-79,-5,18,9,51,6,13884162,52
594.41,1545025959,12813.08,51.483937,7.400245,178.89,14.28,-0.31,35.85,1,-79,-5,18,9,51,6,13884162,52
595.41,1545025960,12827.35,51.484041,7.400368,178.53,13.94,-0.34,36.80,1,-71,-4,31,14,60,6,13884162,52
596.41,1545025961,12841.29,51.484141,7.400489,178.40,13.74,-0.20,37.43,1,-71,-4,31,14,60,6,13884162,52
597.41,1545025962,12855.04,51.484233,7.400608,178.26,13.56,-0.18,38.00,1,-85,-7,22,8,46,6,13884162,52
598.41,1545025963,12868.60,51.484320,7.400723,177.96,13.29,-0.27,38.87,1,-85,-7,22,8,46,6,13884162,52
599.41,1545025964,12881.88,51.484411,7.400853,177.88,13.42,0.13,40.05,1,-83,-6,24,7,48,6,13884162,52
600.41,1545025965,12895.31,51.484503,7.400981,177.98,13.00,-0.42,40.49,1,-83,-6,24,7,48,6,13884162,52
601.41,1545025966,12908.32,51.484588,7.401108,178.36,12.87,-0.13,41.05,1,-82,-5,19,11,47,6,13884162,52
602.41,1545025967,12921.17,51.484670,7.401228,178.79,12.57,-0.30,41.69,1,-82,-5,19,11,47,6,13884162,52
603.41,1545025968,12933.75,51.484749,7.401351,179.14,12.27,-0.30,42.17,1,-83,-6,22,9,48,6,13884162,52
604.41,1545025969,12946.03,51.484826,7.401471,179.79,11.77,-0.50,41.73,1,-83,-6,22,9,48,6,13884162,52
605.41,1545025970,12957.81,51.484903,7.401584,180.48,11.61,-0.16,41.03,1,-85,-7,19,11,46,6,13884162,52
606.41,1545025971,12969.42,51.484977,7.401692,180.94,11.08,-0.52,40.87,1,-85,-7,19,11,46,6,13884162,52
607.41,1545025972,12980.49,51.485047,7.401795,181.24,10.45,-0.64,41.79,1,-83,-6,14,10,48,6,13884162,52
608.41,1545025973,12990.95,51.485118,7.401906,181.82,10.26,-0.19,42.87,1,-83,-6,14,10,48,6,13884162,52
609.41,1545025974,13001.19,51.485185,7.402012,182.56,10.04,-0.22,43.83,1,-80,-5,15,9,51,6,13884162,52
610.41,1545025975,13011.23,51.485243,7.402117,183.07,9.71,-0.33,44.89,1,-80,-5,15,9,51,6,13884162,52
611.41,1545025976,13020.95,51.485301,7.402224,183.63,9.40,-0.32,45.95,1,-77,-5,19,12,52,6,13884162,52
612.41,1545025977,13030.34,51.485353,7.402325,184.00,8.59,-0.81,46.99,1,-77,-5,19,12,52,6,13884162,52
613.41,1545025978,13038.94,51.485401,7.402417,184.32,8.02,-0.56,48.08,1,-80,-6,22,9,50,6,13884162,52
614.41,1545025979,13046.95,51.485446,7.402507,184.50,7.61,-0.42,48.94,1,-80,-6,22,9,50,6,13884162,52
615.42,1545025980,13054.62,51.485486,7.402593,184.68,7.14,-0.47,49.84,1,-83,-5,26,11,48,6,13884162,52
616.41,1545025981,13061.70,51.485521,7.402669,184.63,6.85,-0.29,50.53,1,-83,-5,26,11,48,6,13884162,52
617.41,1545025982,13068.55,51.485566,7.402730,184.63,6.85,0.00,36.86,1,-83,-5,26,11,48,6,13884162,52
618.41,1545025983,13075.40,51.485628,7.402761,184.34,7.29,0.44,15.00,1,-78,-6,21,10,53,6,13884162,52
619.41,1545025984,13082.69,51.485695,7.402759,184.33,7.71,0.42,354.15,1,-78,-6,21,10,53,6,13884162,52
620.41,1545025985,13090.40,51.485764,7.402715,184.43,8.33,0.61,335.03,1,-80,-5,17,11,48,6,13884162,52
621.41,1545025986,13098.73,51.485824,7.402642,184.08,9.24,0.92,320.92,1,-80,-5,17,11,48,6,13884162,52
622.41,1545025987,13107.97,51.485888,7.402562,183.62,9.73,0.49,321.17,1,-81,-5,17,11,49,6,13884162,52
623.41,1545025988,13117.71,51.485953,7.402481,183.36,10.01,0.28,322.36,1,-81,-5,17,11,49,6,13884162,52
624.41,1545025989,13127.72,51.486027,7.402393,183.24,10.80,0.79,323.52,1,-85,-6,17,9,46,6,13884162,52
625.41,1545025990,13138.51,51.486110,7.402304,182.92,11.35,0.55,324.52,1,-85,-6,17,9,46,6,13884162,52
626.41,1545025991,13149.88,51.486189,7.402218,182.54,11.35,-0.00,325.85,1,-85,-6,12,9,45,6,13884162,52
627.41,1545025992,13161.23,51.486276,7.402135,182.09,11.52,0.18,328.28,1,-85,-6,12,9,45,6,13884162,52
628.41,1545025993,13172.75,51.486367,7.402059,181.75,11.38,-0.14,330.99,1,-84,-7,18,8,47,6,13884162,52
629.41,1545025994,13184.13,51.486455,7.401992,181.67,11.10,-0.28,333.24,1,-84,-7,18,8,47,6,13884162,52
630.44,1545025995,13195.56,51.486540,7.401936,181.89,10.80,-0.30,335.10,1,-88,-7,11,8,45,6,13884162,52
631.41,1545025996,13206.05,51.486633,7.401880,182.11,10.58,-0.22,337.18,1,-88,-7,11,8,45,6,13884162,52
632.42,1545025997,13216.65,51.486727,7.401831,182.28,10.67,0.10,339.48,1,-92,-11,3,5,43,6,13884162,52
633.42,1545025998,13227.32,51.486828,7.401784,182.56,10.83,0.16,341.35,1,-92,-11,3,5,43,6,13884162,52
634.42,1545025999,13238.14,51.486928,7.401747,182.85,11.06,0.23,343.22,1,-96,-16,-3,3,45,6,13884162,52
635.42,1545026000,13249.20,51.487028,7.401714,182.81,10.96,-0.10,345.53,1,-96,-16,-3,3,45,6,13884162,52
636.42,1545026001,13260.25,51.487131,7.401689,182.85,10.74,-0.22,348.00,1,-94,-12,-5,5,43,6,13884162,52
637.42,1545026002,13270.89,51.487229,7.401673,182.65,10.61,-0.13,350.46,1,-94,-12,-5,5,43,6,13884162,52
638.41,1545026003,13281.46,51.487324,7.401663,182.39,10.57,-0.04,352.23,1,-94,-12,-5,5,43,6,13884162,52
639.42,1545026004,13292.07,51.487422,7.401659,182.05,10.53,-0.04,354.39,1,-93,-11,-4,6,43,6,13884162,52
640.42,1545026005,13302.60,51.487517,7.401665,181.63,10.60,0.07,356.42,1,-93,-11,-4,6,43,6,13884162,52
641.42,1545026006,13313.22,51.487612,7.401673,181.09,10.71,0.11,358.23,1,-92,-11,3,5,44,6,13884162,52
642.42,1545026007,13323.91,51.487707,7.401681,180.44,10.58,-0.13,359.20,1,-92,-11,3,5,44,6,13884162,52
643.42,1545026008,13334.51,51.487802,7.401692,179.71,10.58,0.00,0.04,1,-92,-10,2,6,42,6,13884162,52
644.42,1545026009,13345.08,51.487899,7.401703,179.24,10.65,0.07,0.62,1,-92,-10,2,6,42,6,13884162,52
645.41,1545026010,13355.72,51.487995,7.401714,178.77,10.64,-0.01,0.53,1,-97,-10,14,5,37,6,13884162,52
646.41,1545026011,13366.36,51.488086,7.401717,178.39,10.64,-0.00,359.80,1,-97,-10,14,5,37,6,13884162,52
647.41,1545026012,13377.00,51.488184,7.401724,178.17,10.90,0.26,0.20,1,-98,-10,-4,5,36,6,13884162,52
648.41,1545026013,13387.89,51.488290,7.401729,177.80,11.25,0.35,0.61,1,-98,-10,-4,5,36,6,13884162,52
649.42,1545026014,13399.16,51.488387,7.401732,177.56,11.42,0.17,0.69,1,-103,-15,-1,1,35,6,13884162,52
650.42,1545026015,13410.57,51.488492,7.401736,177.52,11.65,0.23,0.63,1,-103,-15,-1,1,35,6,13884162,52
651.41,1545026016,13422.16,51.488603,7.401736,177.21,11.62,-0.03,0.06,1,-101,-14,-4,2,38,6,13884162,52
652.41,1545026017,13433.81,51.488699,7.401737,176.63,10.75,-0.87,0.37,1,-101,-14,-4,2,38,6,13884162,52
653.41,1545026018,13444.57,51.488785,7.401735,176.05,9.48,-1.26,359.88,1,-106,-15,-6,1,34,6,13884162,52
654.41,1545026019,13454.06,51.488860,7.401739,175.76,8.46,-1.02,0.62,1,-106,-15,-6,1,34,6,13884162,52
655.42,1545026020,13462.52,51.488933,7.401742,175.61,7.19,-1.27,0.11,1,-107,-15,-6,3,32,6,13884162,52
656.42,1545026021,13469.71,51.489003,7.401744,175.51,6.03,-1.16,0.86,1,-107,-15,-6,3,32,6,13884162,52
657.42,1545026022,13475.78,51.489050,7.401744,175.33,4.92,-1.11,0.19,1,-97,-21,-9,1,45,6,13884162,52
658.41,1545026023,13480.66,51.489088,7.401746,175.43,4.43,-0.49,0.69,1,-97,-21,-9,1,45,6,13884162,52
659.41,1545026024,13485.09,51.489126,7.401747,175.47,3.66,-0.77,359.99,1,-97,-21,-9,1,45,6,13884162,52
660.42,1545026025,13488.76,51.489156,7.401748,175.49,3.04,-0.62,0.39,1,-108,-17,-9,2,33,6,13884162,52
661.42,1545026026,13491.80,51.489183,7.401748,175.49,2.99,-0.05,0.73,1,-108,-17,-9,2,33,6,13884162,52
662.42,1545026027,13494.79,51.489206,7.401754,175.56,1.55,-1.45,0.13,1,-107,-19,-12,1,37,6,13884162,52
663.42,1545026028,13496.34,51.489206,7.401754,175.57,0.00,-1.55,0.13,1,-107,-19,-12,1,37,6,13884162,52
664.42,1545026029,13496.34,51.489206,7.401754,175.59,0.00,0.00,0.13,1,-83,-7,7,2,48,4,13828121,450
665.42,1545026030,13496.34,51.489206,7.401754,175.60,0.00,0.00,0.13,1,-83,-7,7,2,48,4,13828121,450
666.41,1545026031,13496.34,51.489206,7.401754,175.62,0.00,0.00,0.13,1,-85,-8,9,10,46,4,13828121,450
667.41,1545026032,13496.34,51.489206,7.401754,175.65,0.00,0.00,0.13,1,-85,-8,9,10,46,4,13828121,450
668.41,1545026033,13496.34,51.489206,7.401754,175.67,0.00,0.00,0.13,1,-86,-8,5,10,46,4,13828121,450
669.41,1545026034,13496.34,51.489206,7.401754,175.69,0.00,0.00,0.13,1,-86,-8,5,10,46,4,13828121,450
670.41,1545026035,13496.34,51.489206,7.401754,175.72,0.00,0.00,0.13,1,-86,-8,16,13,45,4,13828121,450
671.41,1545026036,13496.34,51.489206,7.401754,175.74,0.00,0.00,0.13,1,-86,-8,16,13,45,4,13828121,450
672.41,1545026037,13496.34,51.489206,7.401754,175.75,0.00,0.00,0.13,1,-86,-7,14,13,45,4,13828121,450
673.41,1545026038,13496.34,51.489206,7.401754,175.77,0.00,0.00,0.13,1,-86,-7,14,13,45,4,13828121,450
674.41,1545026039,13496.34,51.489206,7.401754,175.78,0.00,0.00,0.13,1,-85,-7,14,14,44,4,13828121,450
675.41,1545026040,13496.34,51.489206,7.401754,175.79,0.00,0.00,0.13,1,-85,-7,14,14,44,4,13828121,450
676.41,1545026041,13496.34,51.489206,7.401754,175.80,0.00,0.00,0.13,1,-85,-7,17,13,45,4,13828121,450
677.41,1545026042,13496.34,51.489206,7.401754,175.93,0.00,0.00,3.20,1,-85,-7,17,13,45,4,13828121,450
678.42,1545026043,13496.34,51.489269,7.401764,177.43,0.00,0.00,2.35,1,-90,-10,7,10,47,4,13828121,450
679.41,1545026044,13496.34,51.489306,7.401765,178.44,5.04,0.00,1.44,1,-90,-10,7,10,47,4,13828121,450
680.41,1545026045,13501.38,51.489347,7.401782,179.06,4.78,-0.26,14.97,1,-90,-10,7,10,47,4,13828121,450
681.41,1545026046,13506.16,51.489392,7.401837,179.44,5.33,0.55,41.18,1,-86,-8,17,11,48,4,13828121,450
682.41,1545026047,13511.50,51.489409,7.401920,179.74,6.80,1.46,70.17,1,-86,-8,17,11,48,4,13828121,450
683.41,1545026048,13518.27,51.489408,7.402014,179.97,9.15,2.36,86.38,1,-88,-9,19,12,47,4,13828121,450
684.41,1545026049,13527.45,51.489413,7.402158,180.00,10.28,1.13,88.34,1,-88,-9,19,12,47,4,13828121,450
685.41,1545026050,13537.73,51.489414,7.402323,180.11,11.61,1.34,89.07,1,-87,-8,20,14,47,4,13828121,450
686.41,1545026051,13549.35,51.489416,7.402502,180.07,12.68,1.06,89.41,1,-87,-8,20,14,47,4,13828121,450
687.41,1545026052,13562.01,51.489416,7.402701,179.67,13.80,1.12,90.19,1,-89,-10,14,11,46,4,13828121,450
688.41,1545026053,13575.82,51.489414,7.402896,178.98,13.88,0.08,90.62,1,-89,-10,14,11,46,4,13828121,450
689.41,1545026054,13589.70,51.489411,7.403087,178.18,13.44,-0.44,90.85,1,-86,-8,20,15,48,4,13828121,450
690.41,1545026055,13603.14,51.489407,7.403277,177.53,13.20,-0.24,90.87,1,-86,-8,20,15,48,4,13828121,450
691.41,1545026056,13616.34,51.489404,7.403460,177.01,12.87,-0.33,91.08,1,-85,-7,24,15,48,4,13828121,450
692.41,1545026057,13629.21,51.489399,7.403644,176.62,12.45,-0.43,90.64,1,-85,-7,24,15,48,4,13828121,450
693.41,1545026058,13641.66,51.489395,7.403811,176.49,10.77,-1.67,90.91,1,-80,-7,16,15,53,4,13828121,450
694.41,1545026059,13652.42,51.489392,7.403954,176.68,8.94,-1.83,90.35,1,-80,-7,16,15,53,4,13828121,450
695.41,1545026060,13661.37,51.489388,7.404072,176.54,9.12,0.18,89.90,1,-78,-7,23,15,55,4,13828121,450
696.41,1545026061,13670.48,51.489390,7.404205,176.48,9.75,0.62,90.59,1,-78,-7,23,15,55,4,13828121,450
697.41,1545026062,13680.23,51.489390,7.404359,176.69,10.88,1.13,91.08,1,-79,-8,20,9,55,4,13828121,450
698.41,1545026063,13691.11,51.489386,7.404519,176.78,11.77,0.89,91.95,1,-79,-8,20,9,55,4,13828121,450
699.42,1545026064,13702.96,51.489380,7.404694,176.89,12.17,0.39,91.61,1,-75,-10,12,9,62,4,13828121,450
700.41,1545026065,13715.03,51.489376,7.404873,177.03,12.32,0.15,91.10,1,-75,-10,12,9,62,4,13828121,450
701.41,1545026066,13727.37,51.489374,7.405049,176.75,12.44,0.12,90.41,1,-75,-10,12,9,62,4,13828121,450
702.41,1545026067,13739.80,51.489375,7.405231,176.16,11.99,-0.45,89.25,1,-74,-10,5,15,61,4,13828121,450
703.41,1545026068,13751.80,51.489378,7.405412,175.54,11.99,-0.00,87.64,1,-74,-10,5,15,61,4,13828121,450
704.41,1545026069,13763.79,51.489385,7.405581,175.33,11.90,-0.08,86.19,1,-75,-8,13,13,59,4,13828121,450
705.41,1545026070,13775.69,51.489396,7.405749,175.01,11.81,-0.10,84.62,1,-75,-8,13,13,59,4,13828121,450
706.41,1545026071,13787.50,51.489407,7.405928,174.93,12.74,0.93,83.76,1,-78,-9,11,15,58,4,13828121,450
707.41,1545026072,13800.24,51.489426,7.406106,174.93,12.64,-0.09,81.82,1,-78,-9,11,15,58,4,13828121,450
708.41,1545026073,13812.88,51.489448,7.406276,174.70,12.72,0.08,80.34,1,-79,-9,11,12,57,4,13828121,450
709.41,1545026074,13825.60,51.489475,7.406448,174.61,12.99,0.27,79.04,1,-79,-9,11,12,57,4,13828121,450
710.41,1545026075,13838.59,51.489503,7.406626,174.49,13.20,0.21,78.54,1,-74,-10,12,15,63,4,13828121,450
711.41,1545026076,13851.79,51.489531,7.406809,174.27,13.03,-0.17,78.66,1,-74,-10,12,15,63,4,13828121,450
712.41,1545026077,13864.82,51.489561,7.406992,174.01,12.93,-0.09,77.95,1,-76,-8,5,11,58,4,13828121,450
713.41,1545026078,13877.76,51.489590,7.407177,173.89,12.90,-0.03,77.97,1,-76,-8,5,11,58,4,13828121,450
714.41,1545026079,13890.64,51.489618,7.407359,173.84,12.97,0.07,78.16,1,-77,-8,14,15,58,4,13828121,450
715.41,1545026080,13903.63,51.489644,7.407547,173.47,13.21,0.23,79.11,1,-77,-8,14,15,58,4,13828121,450
716.41,1545026081,13916.84,51.489670,7.407740,172.87,13.39,0.18,79.42,1,-82,-9,10,12,52,4,13828121,450
717.41,1545026082,13930.23,51.489696,7.407938,172.05,13.56,0.17,79.75,1,-82,-9,10,12,52,4,13828121,450
718.41,1545026083,13943.79,51.489720,7.408131,171.32,13.63,0.07,79.39,1,-85,-10,10,11,51,4,13828121,450
719.41,1545026084,13957.41,51.489743,7.408323,170.56,13.79,0.16,78.87,1,-85,-10,10,11,51,4,13828121,450
720.42,1545026085,13971.31,51.489770,7.408521,169.98,13.99,0.20,78.49,1,-88,-12,10,10,51,4,13828121,450
721.41,1545026086,13985.21,51.489795,7.408721,169.30,14.23,0.23,78.21,1,-88,-12,10,10,51,4,13828121,450
722.41,1545026087,13999.43,51.489822,7.408916,168.89,14.18,-0.04,77.87,1,-88,-12,10,10,51,4,13828121,450
723.41,1545026088,14013.60,51.489852,7.409128,169.03,14.16,-0.02,77.94,1,-90,-9,2,9,45,4,13828121,450
724.41,1545026089,14027.77,51.489876,7.409318,168.75,14.17,0.01,77.80,1,-90,-9,2,9,45,4,13828121,450
725.41,1545026090,14041.94,51.489901,7.409512,168.44,14.13,-0.04,78.23,1,-91,-9,10,9,45,4,13828121,450
726.41,1545026091,14056.08,51.489929,7.409707,168.00,13.98,-0.15,78.39,1,-91,-9,10,9,45,4,13828121,450
727.41,1545026092,14070.05,51.489955,7.409898,167.49,13.60,-0.38,79.01,1,-95,-11,-4,8,43,4,13828121,450
728.41,1545026093,14083.65,51.489978,7.410079,166.66,13.57,-0.03,78.91,1,-95,-11,-4,8,43,4,13828121,450
729.41,1545026094,14097.22,51.490005,7.410270,165.87,13.08,-0.50,79.46,1,-92,-11,6,7,45,4,13828121,450
730.41,1545026095,14110.30,51.490029,7.410443,164.69,12.58,-0.50,78.73,1,-92,-11,6,7,45,4,13828121,450
731.41,1545026096,14122.89,51.490052,7.410622,163.35,12.29,-0.29,78.03,1,-96,-10,7,7,40,4,13828121,450
732.41,1545026097,14135.17,51.490077,7.410789,162.41,12.13,-0.16,78.15,1,-96,-10,7,7,40,4,13828121,450
733.41,1545026098,14147.30,51.490101,7.410957,161.49,11.93,-0.20,78.05,1,-94,-8,9,10,40,4,13828121,450
734.41,1545026099,14159.24,51.490127,7.411125,160.70,11.67,-0.27,78.54,1,-94,-8,9,10,40,4,13828121,450
