time_s,timestamp_ms,distance_m,latitude,longitude,altitude,velocity_mps,acceleration_mpss,direction,isRegistered,rsrp_dbm,rsrq_db,rssnr_db,cqi,ss,ta,ci,pci,id,payload_mb,throughput_mbits,rtt_ms,txPower_dbm,f_mhz
10.35,1545110773,94.40,51.449218,7.488436,253.88,12.74,0.16,178.66,1,-95,-5,10,14,28,7,13415170,315,0,3.00,7.45,49.00,18.81,890
20.36,1545110784,230.78,51.447969,7.488051,255.43,13.55,-0.01,193.83,1,-111,-11,-1,8,19,7,13415170,315,1,5.00,2.72,61.00,21.05,890
32.54,1545110796,394.28,51.446539,7.488119,261.17,14.43,0.27,163.61,1,-113,-17,-5,4,22,12,13415170,265,2,1.00,2.97,703.00,19.05,890
40.36,1545110803,512.64,51.445647,7.489206,265.39,15.08,0.38,136.46,1,-101,-6,11,7,24,12,13415170,315,3,3.00,4.85,66.00,20.02,890
50.41,1545110813,661.22,51.444871,7.490970,271.47,14.03,-0.55,126.20,1,-106,-8,-1,8,22,12,13415170,315,4,9.00,3.80,66.00,20.94,890
61.81,1545110825,721.23,51.444625,7.491587,272.58,0.00,0.00,129.35,1,-111,-15,-1,6,22,24,13417219,440,5,4.00,2.37,833.00,20.98,890
72.07,1545110835,721.23,51.444625,7.491587,272.64,0.00,0.00,129.35,1,-109,-14,0,6,25,24,13417219,440,6,6.00,3.10,978.00,20.59,890
81.96,1545110845,721.23,51.444625,7.491587,272.57,0.00,0.00,131.80,1,-109,-14,0,6,25,24,13417219,440,7,1.00,1.14,1096.00,20.59,890
90.44,1545110853,767.62,51.444104,7.491344,272.78,12.15,0.88,215.44,1,-110,-16,-2,5,24,24,13417219,440,8,0.10,3.42,67.00,19.00,890
100.94,1545110864,912.85,51.443028,7.490089,274.54,15.16,-0.02,217.00,1,-120,-16,-4,3,17,22,13417219,142,9,8.00,2.97,60.00,21.56,890
121.21,1545110884,1210.68,51.441065,7.487078,278.66,15.19,0.09,232.90,1,-118,-10,3,6,11,85,13067273,288,11,0.50,0.61,1616.00,20.86,1770
130.88,1545110894,1349.72,51.440297,7.485425,281.40,15.72,-0.15,232.95,1,-119,-10,4,5,9,85,13067273,288,12,0.50,2.20,264.00,20.86,1770
140.38,1545110904,1503.96,51.439442,7.483604,287.85,15.61,0.14,234.87,1,-99,-8,5,7,28,20,13417219,440,13,9.00,10.96,57.00,17.09,890
150.38,1545110913,1658.66,51.438708,7.481513,291.67,16.55,0.73,242.47,1,-100,-7,10,10,26,20,13417219,440,14,7.00,9.06,65.00,19.31,890
160.39,1545110924,1833.41,51.437937,7.479281,291.67,17.09,-0.73,241.79,1,-97,-8,5,12,30,20,13417219,440,15,8.00,11.29,58.00,16.62,890
170.37,1545110933,1989.10,51.437282,7.477272,287.25,14.51,-1.05,243.32,1,-89,-6,16,12,36,19,13523715,6,16,3.00,12.36,71.00,19.66,890
180.42,1545110944,2097.77,51.437534,7.476225,288.35,9.59,0.51,41.68,1,-95,-7,13,11,31,19,13523715,6,17,4.00,8.70,106.00,19.59,890
190.69,1545110954,2239.24,51.438370,7.477959,290.26,19.78,1.01,55.02,1,-95,-7,-1,8,31,19,13523715,6,18,0.50,3.00,67.00,20.53,890
200.34,1545110964,2469.23,51.439577,7.480773,285.68,24.30,-0.73,52.60,1,-104,-8,8,7,24,22,13417219,440,19,0.50,4.29,56.00,20.42,890
210.34,1545110973,2707.37,51.441002,7.483236,275.97,23.65,-0.10,39.07,1,-105,-10,3,7,24,22,13415426,265,20,4.00,0.68,49.00,21.50,890
225.65,1545110989,3059.58,51.443748,7.485537,265.85,20.25,-1.17,21.53,1,-112,-22,-16,2,28,22,13415426,265,21,1.00,0.81,146.00,18.48,890
242.73,1545111006,3310.27,51.444049,7.487475,261.87,13.82,0.75,194.00,1,-99,-23,-16,2,33,25,13417219,440,23,0.50,0.35,6007.00,18.91,890
280.44,1545111043,4204.21,51.443050,7.474680,261.81,27.71,-0.49,259.16,1,-103,-9,13,12,24,17,13415426,265,27,1.00,3.58,66.00,20.30,890
290.89,1545111054,4476.87,51.442568,7.470893,251.86,27.96,0.30,258.02,1,-103,-7,23,8,24,14,13415426,265,28,3.00,0.52,103.00,17.09,890
307.39,1545111070,4995.58,51.441728,7.463451,237.60,32.78,0.37,263.20,1,-108,-16,-11,2,33,13,13415427,264,29,0.50,0.33,5375.00,17.94,890
312.65,1545111076,5162.79,51.441596,7.461051,233.54,33.67,-0.14,266.16,1,-106,-13,-16,1,25,13,13415427,264,30,2.00,1.14,1702.00,19.86,890
323.48,1545111086,5533.77,51.441513,7.455695,234.58,34.67,0.34,271.02,1,-108,-16,-12,1,26,14,13415427,264,31,6.00,2.08,1262.00,19.38,890
333.59,1545111097,5878.92,51.441771,7.450728,231.32,35.29,0.18,277.47,1,-89,-21,-9,1,44,14,13415427,264,32,7.00,2.22,682.00,21.16,890
341.88,1545111105,6164.38,51.442186,7.446673,229.54,36.10,-0.01,281.39,1,-99,-13,10,7,33,14,13415427,264,33,6.00,1.35,572.00,19.08,890
354.00,1545111117,6623.37,51.443257,7.440301,222.24,35.10,0.30,287.83,1,-112,-16,-13,2,24,14,13415427,264,34,9.00,2.12,1384.00,20.42,890
365.44,1545111128,7008.86,51.444500,7.435145,211.68,35.39,0.48,294.02,1,-108,-14,-15,3,26,25,13246978,157,35,3.00,1.15,1669.00,21.52,890
374.53,1545111138,7320.07,51.445869,7.431283,198.34,33.22,-0.30,304.98,1,-94,-21,-12,5,36,32,13395457,111,36,0.50,0.35,1477.00,19.39,890
380.87,1545111144,7522.05,51.447028,7.429038,189.66,35.03,0.19,313.56,1,-101,-13,3,11,30,32,13395457,111,37,8.00,3.25,556.00,20.30,890
390.41,1545111153,7889.90,51.449598,7.425743,180.01,37.22,0.03,328.88,1,-101,-10,-5,8,28,32,13395457,111,38,9.00,8.97,160.00,20.17,890
400.76,1545111164,8261.93,51.452688,7.423652,164.87,36.49,-0.09,342.13,1,-93,-5,-9,6,32,15,13523459,175,39,5.00,13.53,221.00,19.30,890
412.50,1545111175,8702.81,51.456453,7.421807,154.04,37.21,0.19,339.44,1,-96,-10,-1,15,44,15,13395457,111,40,9.00,7.94,48.00,17.80,890
421.36,1545111185,9041.49,51.459195,7.419746,150.64,37.17,-0.40,329.62,1,-94,-15,-3,9,41,16,13523459,175,41,7.00,13.74,657.00,11.42,890
450.52,1545111214,10158.68,51.466325,7.408609,151.89,36.88,-0.08,308.24,1,-86,-7,10,15,39,5,13395458,112,44,1.00,10.20,49.00,8.73,890
460.39,1545111223,10512.59,51.468356,7.404718,154.99,33.66,0.03,311.92,1,-79,-6,22,14,46,5,13395458,112,45,0.10,4.71,58.00,-0.43,890
470.39,1545111234,10839.78,51.470403,7.401327,160.24,30.97,-0.45,316.34,1,-89,-6,9,10,37,17,13022465,205,46,9.00,15.56,52.00,16.50,890
480.39,1545111244,11121.21,51.472242,7.398601,164.75,26.19,-0.08,318.96,1,-90,-5,16,12,37,17,13022465,205,47,10.00,16.23,57.00,16.97,890
500.32,1545111263,11640.19,51.475988,7.394212,172.30,25.86,-0.29,331.06,1,-75,-5,31,15,51,17,13022465,205,49,2.00,14.16,57.00,-4.72,890
510.39,1545111274,11869.68,51.477860,7.393010,175.99,19.06,-0.34,353.58,1,-73,-6,18,15,52,17,13022465,205,50,10.00,16.63,51.00,0.75,890
530.57,1545111294,12169.85,51.480307,7.393640,184.09,11.33,0.94,54.86,1,-95,-10,8,12,33,17,13022465,205,52,1.00,9.51,141.00,20.41,890
540.44,1545111303,12324.01,51.481038,7.395563,181.11,17.31,-0.01,59.69,1,-88,-8,6,12,41,12,13532162,198,53,4.00,14.12,72.00,18.41,890
550.42,1545111313,12479.39,51.481756,7.397467,179.46,13.75,-0.30,55.84,1,-96,-12,1,7,36,12,13532162,198,54,0.10,4.71,64.00,18.86,890
560.34,1545111324,12583.63,51.482351,7.398536,181.99,6.76,0.35,43.45,1,-96,-9,-1,6,33,11,13022465,198,55,10.00,11.55,58.00,18.53,890
570.36,1545111334,12682.79,51.483097,7.399380,183.29,13.90,0.97,33.35,1,-91,-8,7,9,35,8,13532163,200,56,6.00,17.22,46.00,15.88,890
580.35,1545111343,12828.50,51.484177,7.400586,186.41,15.11,0.01,37.92,1,-103,-9,4,7,28,8,13532163,200,57,2.00,12.31,55.00,20.31,890
590.34,1545111353,12980.54,51.485200,7.402055,185.51,14.62,-0.23,44.17,1,-94,-7,10,10,33,8,13532163,200,58,3.00,10.17,56.00,19.45,890
600.38,1545111363,13082.02,51.485833,7.402615,183.09,8.97,0.64,324.43,1,-98,-7,5,8,27,8,13532163,200,59,8.00,7.94,59.00,16.69,890
610.36,1545111374,13202.50,51.486803,7.401782,184.53,13.12,0.05,340.17,1,-103,-10,-2,7,27,17,13531906,361,60,2.00,4.21,54.00,20.08,890
630.37,1545111393,13471.10,51.489188,7.401714,179.89,8.79,-1.82,1.20,1,-105,-6,11,10,20,11,13067528,356,62,10.00,10.91,58.00,21.08,1770
640.43,1545111404,13552.04,51.489430,7.402778,179.65,11.65,0.37,90.76,1,-110,-8,6,12,15,11,13067528,356,63,0.50,6.56,69.00,20.30,1770
650.34,1545111413,13679.78,51.489372,7.404613,179.67,13.18,-0.20,91.13,1,-112,-11,2,9,16,11,13067528,356,64,0.10,4.79,50.00,20.59,1770