time_s,timestamp_ms,distance_m,latitude,longitude,altitude,velocity_mps,acceleration_mpss,direction,isRegistered,rsrp_dbm,rsrq_db,rssnr_db,cqi,ss,ta,ci,pci
0.08,1545025365,0.00,51.450152,7.488231,252.06,6.73,0.00,167.95,1,-98,-10,11,8,43,6,28371201,66
1.08,1545025366,6.76,51.450088,7.488254,252.03,7.56,0.82,167.21,1,-101,-11,14,9,41,6,28371201,66
2.08,1545025367,14.31,51.450025,7.488285,251.89,8.20,0.65,166.49,1,-101,-11,14,9,41,6,28371201,66
3.08,1545025368,22.51,51.449943,7.488318,251.74,8.49,0.28,167.44,1,-99,-10,6,8,41,6,28371201,66
4.08,1545025369,31.00,51.449857,7.488349,251.81,9.27,0.79,168.25,1,-99,-10,6,8,41,6,28371201,66
5.09,1545025370,40.37,51.449770,7.488376,251.86,10.14,0.86,169.82,1,-100,-11,8,11,41,6,28371201,66
6.08,1545025371,50.41,51.449673,7.488399,252.14,10.79,0.66,171.63,1,-100,-11,8,11,41,6,28371201,66
7.08,1545025372,61.20,51.449577,7.488419,252.15,11.85,1.06,172.90,1,-100,-11,8,11,41,6,28371201,66
8.08,1545025373,73.05,51.449476,7.488434,252.24,12.33,0.48,174.41,1,-101,-10,8,8,41,6,28371201,66
9.08,1545025374,85.38,51.449358,7.488440,252.08,13.13,0.80,176.15,1,-101,-10,8,8,41,6,28371201,66
10.08,1545025375,98.47,51.449246,7.488446,251.81,13.54,0.41,178.06,1,-102,-11,9,8,41,6,28371201,66
11.08,1545025376,112.05,51.449117,7.488443,251.47,13.73,0.19,179.93,1,-102,-11,9,8,41,6,28371201,66
12.08,1545025377,125.75,51.448991,7.488426,251.19,13.30,-0.44,182.81,1,-103,-12,3,5,39,6,28371201,66
13.08,1545025378,139.10,51.448866,7.488399,250.81,13.59,0.29,185.65,1,-103,-12,3,5,39,6,28371201,66
14.08,1545025379,152.69,51.448744,7.488359,250.39,13.52,-0.07,187.52,1,-103,-11,0,5,39,6,28371201,66
15.08,1545025380,166.20,51.448630,7.488311,250.03,13.78,0.26,189.30,1,-103,-11,0,5,39,6,28371201,66
16.08,1545025381,179.98,51.448511,7.488263,250.19,14.15,0.37,190.76,1,-107,-12,1,5,35,6,28371201,66
17.08,1545025382,194.16,51.448381,7.488213,250.24,14.12,-0.03,191.54,1,-107,-12,1,5,35,6,28371201,66
18.09,1545025383,208.31,51.448243,7.488155,249.77,14.41,0.28,192.59,1,-107,-12,0,5,33,6,28371201,66
19.08,1545025384,222.70,51.448121,7.488098,249.94,14.51,0.10,193.34,1,-107,-12,0,5,33,6,28371201,66
20.08,1545025385,237.18,51.448002,7.488042,250.09,14.48,-0.03,192.35,1,-106,-9,0,5,34,9,27771909,271
21.08,1545025386,251.66,51.447879,7.487993,250.17,14.50,0.02,191.80,1,-106,-9,0,5,34,9,27771909,271
22.08,1545025387,266.14,51.447746,7.487942,249.92,14.16,-0.34,191.45,1,-105,-10,-1,5,39,9,27771909,271
23.08,1545025388,280.34,51.447615,7.487907,249.84,13.72,-0.43,189.97,1,-105,-10,-1,5,39,9,27771909,271
24.08,1545025389,294.07,51.447488,7.487880,250.13,13.51,-0.21,188.70,1,-107,-13,-3,6,39,9,27771909,271
25.08,1545025390,307.56,51.447363,7.487861,250.41,13.13,-0.38,186.90,1,-107,-13,-3,6,39,9,27771909,271
26.10,1545025391,320.91,51.447237,7.487859,250.72,13.27,0.14,184.44,1,-104,-10,0,10,38,9,27771909,271
27.08,1545025392,333.91,51.447116,7.487902,251.11,13.74,0.48,171.68,1,-104,-10,0,10,38,9,27771909,271
28.08,1545025393,347.65,51.446983,7.487944,251.19,13.85,0.10,170.75,1,-104,-10,0,10,38,9,27771909,271
29.08,1545025394,361.53,51.446857,7.487994,250.97,13.70,-0.15,168.76,1,-105,-11,2,5,38,9,27771909,271
30.08,1545025395,375.24,51.446739,7.488052,251.00,13.88,0.18,166.35,1,-105,-11,2,5,38,9,27771909,271
31.08,1545025396,389.15,51.446622,7.488117,251.68,13.92,0.03,163.79,1,-108,-10,5,8,33,9,27771909,271
32.08,1545025397,403.01,51.446514,7.488186,252.83,13.84,-0.08,161.47,1,-108,-10,5,8,33,9,27771909,271
33.09,1545025398,416.92,51.446398,7.488269,254.42,13.77,-0.07,158.83,1,-107,-11,-1,6,38,9,27771909,271
34.08,1545025399,430.66,51.446291,7.488360,255.52,13.92,0.16,155.87,1,-107,-11,-1,6,38,9,27771909,271
35.08,1545025400,444.57,51.446180,7.488465,256.52,14.25,0.32,152.45,1,-106,-12,0,7,37,9,27771909,271
36.08,1545025401,458.83,51.446064,7.488586,257.79,14.49,0.24,149.32,1,-106,-12,0,7,37,9,27771909,271
37.08,1545025402,473.31,51.445944,7.488730,258.90,14.57,0.08,145.82,1,-104,-10,3,11,37,9,27771909,271
38.08,1545025403,487.86,51.445855,7.488859,259.64,14.73,0.16,142.68,1,-104,-10,3,11,37,9,27771909,271
39.08,1545025404,502.58,51.445761,7.489008,260.26,14.76,0.03,139.23,1,-102,-8,10,12,36,9,27771909,271
40.08,1545025405,517.28,51.445668,7.489173,260.74,14.98,0.23,136.57,1,-102,-8,10,12,36,9,27771909,271
41.08,1545025406,532.32,51.445572,7.489362,261.70,15.07,0.09,133.72,1,-105,-11,-4,8,37,9,27771909,271
42.08,1545025407,547.39,51.445484,7.489555,262.30,15.31,0.24,131.34,1,-105,-11,-4,8,37,9,27771909,271
43.08,1545025408,562.70,51.445392,7.489749,262.82,15.27,-0.04,130.13,1,-108,-15,-7,4,45,9,27771909,271
44.08,1545025409,577.99,51.445320,7.489919,263.45,15.05,-0.22,128.94,1,-108,-15,-7,4,45,9,27771909,271
45.08,1545025410,593.04,51.445248,7.490078,263.81,14.49,-0.56,128.13,1,-111,-17,-13,4,43,9,27771909,271
46.08,1545025411,607.52,51.445178,7.490242,264.24,14.27,-0.22,127.85,1,-111,-17,-13,4,43,9,27771909,271
47.09,1545025412,621.91,51.445107,7.490407,264.89,13.88,-0.38,128.51,1,-111,-15,-9,5,38,6,27771909,271
48.08,1545025413,635.68,51.445040,7.490568,265.44,13.40,-0.49,127.71,1,-111,-15,-9,5,38,6,27771909,271
49.08,1545025414,649.09,51.444969,7.490737,265.89,12.82,-0.58,126.83,1,-111,-15,-9,5,38,6,27771909,271
50.08,1545025415,661.88,51.444909,7.490884,266.09,12.48,-0.33,125.99,1,-103,-11,-11,6,42,6,27771907,272
51.08,1545025416,674.36,51.444845,7.491033,266.43,12.21,-0.27,126.35,1,-103,-11,-11,6,42,6,27771907,272
52.08,1545025417,686.56,51.444790,7.491163,266.45,10.97,-1.25,127.26,1,-107,-12,-4,6,42,6,27771907,272
53.08,1545025418,697.54,51.444740,7.491278,266.25,9.55,-1.42,127.24,1,-107,-12,-4,6,42,6,27771907,272
54.08,1545025419,707.07,51.444698,7.491377,266.04,7.44,-2.11,127.03,1,-102,-18,-13,7,52,6,27771907,272
55.08,1545025420,714.52,51.444662,7.491461,266.12,5.96,-1.48,127.43,1,-102,-18,-13,7,52,6,27771907,272
56.08,1545025421,720.48,51.444636,7.491517,266.64,4.66,-1.30,127.04,1,-102,-19,-16,5,51,6,27771907,272
57.08,1545025422,725.14,51.444611,7.491574,266.69,2.96,-1.70,126.17,1,-102,-19,-16,5,51,6,27771907,272
58.08,1545025423,728.09,51.444605,7.491595,266.75,0.38,-2.59,126.17,1,-107,-12,-14,6,44,6,27771907,272
59.08,1545025424,728.47,51.444605,7.491595,266.75,0.00,-0.38,126.17,1,-107,-12,-14,6,44,6,27771907,272
60.08,1545025425,728.47,51.444605,7.491595,266.75,0.00,0.00,126.17,1,-108,-10,-6,7,37,6,27771907,272
61.09,1545025426,728.47,51.444605,7.491595,266.74,0.00,0.00,126.17,1,-108,-10,-6,7,37,6,27771907,272
62.08,1545025427,728.47,51.444605,7.491595,266.74,0.00,0.00,126.17,1,-109,-10,-5,7,37,6,27771907,272
63.08,1545025428,728.47,51.444605,7.491595,266.73,0.00,0.00,126.17,1,-109,-10,-5,7,37,6,27771907,272
64.08,1545025429,728.47,51.444605,7.491595,266.72,0.00,0.00,126.17,1,-108,-9,-3,5,34,6,27771907,272
65.08,1545025430,728.47,51.444605,7.491595,266.72,0.00,0.00,126.17,1,-108,-9,-3,5,34,6,27771907,272
66.08,1545025431,728.47,51.444605,7.491595,266.72,0.00,0.00,126.17,1,-107,-10,-3,6,38,6,27771907,272
67.08,1545025432,728.47,51.444605,7.491595,266.73,0.00,0.00,126.17,1,-107,-10,-3,6,38,6,27771907,272
68.09,1545025433,728.47,51.444605,7.491595,266.73,0.00,0.00,126.17,1,-107,-10,-3,5,38,6,27771907,272
69.08,1545025434,728.47,51.444605,7.491595,266.74,0.00,0.00,126.17,1,-107,-10,-3,5,38,6,27771907,272
70.08,1545025435,728.47,51.444605,7.491595,266.74,0.00,0.00,126.17,1,-107,-10,-3,5,38,6,27771907,272
71.08,1545025436,728.47,51.444605,7.491595,266.74,0.00,0.00,126.17,1,-107,-10,-2,6,36,6,27771907,272
72.08,1545025437,728.47,51.444605,7.491595,266.74,0.00,0.00,126.17,1,-107,-10,-2,6,36,6,27771907,272
73.08,1545025438,728.47,51.444605,7.491595,266.73,0.00,0.00,126.17,1,-108,-10,-3,4,38,6,27771907,272
74.08,1545025439,728.47,51.444605,7.491595,266.72,0.00,0.00,126.17,1,-108,-10,-3,4,38,6,27771907,272
75.08,1545025440,728.47,51.444605,7.491595,266.71,0.00,0.00,126.17,1,-107,-10,-4,4,38,6,27771907,272
76.08,1545025441,728.47,51.444605,7.491595,266.70,0.00,0.00,126.17,1,-107,-10,-4,4,38,6,27771907,272
77.08,1545025442,728.47,51.444605,7.491595,266.69,0.00,0.00,126.17,1,-107,-9,-4,5,38,6,27771907,272
78.08,1545025443,728.47,51.444605,7.491595,266.68,0.00,0.00,126.17,1,-107,-9,-4,5,38,6,27771907,272
79.08,1545025444,728.47,51.444605,7.491595,266.67,0.00,0.00,126.17,1,-107,-10,-4,5,37,6,27771907,272
80.08,1545025445,728.47,51.444605,7.491595,266.66,0.00,0.00,126.17,1,-107,-10,-4,5,37,6,27771907,272
81.08,1545025446,728.47,51.444605,7.491595,266.65,0.00,0.00,126.17,1,-108,-9,-4,5,37,6,27771907,272
82.08,1545025447,728.47,51.444605,7.491595,266.63,0.00,0.00,126.17,1,-108,-9,-4,5,37,6,27771907,272
83.08,1545025448,728.47,51.444605,7.491595,266.62,0.00,0.00,126.17,1,-108,-9,-3,5,36,6,27771907,272
84.08,1545025449,728.47,51.444605,7.491595,266.61,0.00,0.00,126.17,1,-108,-9,-3,5,36,6,27771907,272
85.08,1545025450,728.47,51.444601,7.491600,266.50,0.00,0.00,140.67,1,-109,-10,-5,4,37,6,27771907,272
86.08,1545025451,728.47,51.444590,7.491627,266.41,0.00,0.00,125.94,1,-109,-10,-5,4,37,6,27771907,272
87.08,1545025452,728.47,51.444552,7.491685,265.42,2.26,0.00,137.91,1,-105,-7,1,10,34,6,27771907,272
88.08,1545025453,730.73,51.444505,7.491711,265.12,4.05,1.79,161.42,1,-105,-7,1,10,34,6,27771907,272
89.09,1545025454,734.81,51.444441,7.491709,264.95,5.40,1.34,185.85,1,-97,-6,19,15,41,6,27771907,272
90.08,1545025455,740.17,51.444398,7.491668,265.39,6.47,1.08,209.78,1,-97,-6,19,15,41,6,27771907,272
91.08,1545025456,746.63,51.444335,7.491595,265.96,9.20,2.73,216.33,1,-97,-6,19,15,41,6,27771907,272
92.08,1545025457,755.83,51.444275,7.491520,267.01,10.13,0.93,216.76,1,-95,-7,15,15,44,6,27771907,272
93.08,1545025458,765.97,51.444199,7.491432,268.07,10.74,0.61,216.31,1,-95,-7,15,15,44,6,27771907,272
94.08,1545025459,776.69,51.444113,7.491332,269.05,12.15,1.41,215.70,1,-89,-5,19,12,49,6,27771907,272
95.08,1545025460,788.81,51.444021,7.491226,269.87,12.90,0.75,215.35,1,-89,-5,19,12,49,6,27771907,272
96.08,1545025461,801.74,51.443918,7.491110,270.78,13.83,0.93,215.05,1,-80,-5,31,13,58,6,27771907,272
97.08,1545025462,815.57,51.443811,7.490991,271.61,14.73,0.90,215.45,1,-80,-5,31,13,58,6,27771907,272
98.08,1545025463,830.30,51.443702,7.490864,272.54,15.48,0.75,216.44,1,-74,-5,32,15,63,6,27771907,272
99.08,1545025464,845.78,51.443591,7.490736,273.51,16.05,0.57,216.63,1,-74,-5,32,15,63,6,27771907,272
100.08,1545025465,861.79,51.443472,7.490594,274.03,16.49,0.44,216.72,1,-71,-4,33,15,63,6,27771907,272
101.08,1545025466,878.28,51.443346,7.490445,274.19,16.74,0.26,216.64,1,-71,-4,33,15,63,6,27771907,272
102.08,1545025467,895.03,51.443226,7.490303,274.06,17.00,0.26,216.35,1,-90,-7,25,13,48,6,27771907,272
103.08,1545025468,912.08,51.443105,7.490160,273.92,16.74,-0.26,216.44,1,-90,-7,25,13,48,6,27771907,272
104.08,1545025469,928.82,51.442985,7.490017,273.79,16.28,-0.45,216.35,1,-89,-6,24,15,48,6,27771907,272
105.08,1545025470,945.08,51.442870,7.489885,273.96,15.97,-0.31,216.65,1,-89,-6,24,15,48,6,27771907,272
106.08,1545025471,961.06,51.442754,7.489743,273.92,15.61,-0.36,216.22,1,-77,-5,32,15,59,6,27771907,272
107.08,1545025472,976.68,51.442636,7.489595,274.06,15.55,-0.06,216.65,1,-77,-5,32,15,59,6,27771907,272
108.08,1545025473,992.22,51.442517,7.489451,274.88,15.69,0.14,216.18,1,-66,-4,31,15,63,6,27771907,272
109.08,1545025474,1007.91,51.442405,7.489322,275.35,15.72,0.03,216.87,1,-66,-4,31,15,63,6,27771907,272
110.09,1545025475,1023.77,51.442296,7.489194,275.85,15.55,-0.17,217.05,1,-69,-5,33,15,63,6,27771907,272
111.08,1545025476,1039.18,51.442177,7.489057,276.29,15.62,0.07,217.41,1,-69,-5,33,15,63,6,27771907,272
112.08,1545025477,1054.81,51.442064,7.488914,277.05,16.07,0.45,218.33,1,-69,-5,33,15,63,6,27771907,272
113.08,1545025478,1070.87,51.441947,7.488757,278.07,15.77,-0.30,219.89,1,-66,-5,33,15,63,6,27771907,272
114.08,1545025479,1086.64,51.441836,7.488593,278.50,15.41,-0.36,222.26,1,-66,-5,33,15,63,6,27771907,272
115.08,1545025480,1102.06,51.441735,7.488423,279.15,15.54,0.14,224.52,1,-66,-5,33,15,63,6,27771907,272
116.08,1545025481,1117.59,51.441642,7.488257,279.85,15.89,0.34,226.30,1,-66,-5,33,15,63,6,27771907,272
117.08,1545025482,1133.49,51.441540,7.488069,279.60,16.37,0.49,227.90,1,-68,-6,32,15,63,6,27771907,272
118.08,1545025483,1149.84,51.441442,7.487880,279.85,15.96,-0.41,229.33,1,-68,-6,32,15,63,6,27771907,272
119.08,1545025484,1165.81,51.441356,7.487698,280.19,15.93,-0.03,230.67,1,-74,-5,27,15,62,6,27771907,272
120.08,1545025485,1181.77,51.441267,7.487504,280.39,16.06,0.13,231.35,1,-74,-5,27,15,62,6,27771907,272
121.08,1545025486,1197.80,51.441183,7.487318,280.65,16.00,-0.06,231.68,1,-79,-5,21,15,57,6,27771907,272
122.08,1545025487,1213.77,51.441100,7.487138,281.24,15.97,-0.03,232.38,1,-79,-5,21,15,57,6,27771907,272
123.08,1545025488,1229.80,51.441024,7.486962,281.59,16.18,0.21,232.99,1,-81,-7,22,15,58,6,27771907,272
124.08,1545025489,1245.96,51.440936,7.486769,281.52,16.25,0.07,232.67,1,-81,-7,22,15,58,6,27771907,272
125.08,1545025490,1262.20,51.440841,7.486568,281.40,16.47,0.22,231.75,1,-78,-5,15,6,58,1,27771908,270
126.08,1545025491,1278.67,51.440754,7.486388,281.77,16.02,-0.46,232.70,1,-78,-5,15,6,58,1,27771908,270
127.08,1545025492,1294.70,51.440663,7.486196,281.92,16.07,0.05,232.43,1,-81,-7,16,15,58,1,27771908,270
128.08,1545025493,1310.77,51.440573,7.485995,282.05,16.40,0.33,232.85,1,-81,-7,16,15,58,1,27771908,270
129.08,1545025494,1327.19,51.440490,7.485807,281.77,16.52,0.12,232.01,1,-79,-7,16,15,61,1,27771908,270
130.08,1545025495,1343.69,51.440401,7.485617,281.15,16.50,-0.02,231.97,1,-79,-7,16,15,61,1,27771908,270
131.08,1545025496,1360.20,51.440317,7.485436,280.91,16.44,-0.06,232.33,1,-75,-6,29,15,62,1,27771908,270
132.08,1545025497,1376.59,51.440232,7.485246,280.61,16.47,0.03,233.17,1,-75,-6,29,15,62,1,27771908,270
133.08,1545025498,1393.09,51.440146,7.485054,280.52,16.41,-0.06,233.80,1,-75,-6,29,15,62,1,27771908,270
134.08,1545025499,1409.51,51.440055,7.484859,280.35,16.23,-0.17,233.31,1,-74,-7,15,14,63,1,27771908,270
135.08,1545025500,1425.75,51.439963,7.484668,279.74,16.48,0.25,232.91,1,-74,-7,15,14,63,1,27771908,270
136.08,1545025501,1442.23,51.439868,7.484468,279.22,16.51,0.03,233.70,1,-73,-5,31,15,63,1,27771908,270
137.08,1545025502,1458.72,51.439780,7.484279,279.02,16.58,0.07,233.03,1,-73,-5,31,15,63,1,27771908,270
138.08,1545025503,1475.32,51.439685,7.484075,279.30,17.01,0.43,232.68,1,-71,-5,29,15,63,1,27771908,270
139.08,1545025504,1492.31,51.439595,7.483885,279.53,16.90,-0.11,233.45,1,-71,-5,29,15,63,1,27771908,270
140.08,1545025505,1509.23,51.439506,7.483688,279.70,16.32,-0.58,234.18,1,-72,-5,25,1,63,1,27771908,270
141.08,1545025506,1525.54,51.439421,7.483478,280.13,16.60,0.28,235.20,1,-72,-5,25,1,63,1,27771908,270
142.08,1545025507,1542.14,51.439352,7.483291,280.71,16.08,-0.52,236.67,1,-77,-7,22,15,61,1,27771908,270
143.08,1545025508,1558.25,51.439270,7.483085,280.61,15.48,-0.59,237.57,1,-77,-7,22,15,61,1,27771908,270
144.08,1545025509,1573.74,51.439194,7.482888,281.35,14.83,-0.66,238.70,1,-79,-5,24,15,57,1,27771908,270
145.08,1545025510,1588.53,51.439123,7.482692,281.91,14.57,-0.26,239.41,1,-79,-5,24,15,57,1,27771908,270
146.08,1545025511,1603.11,51.439057,7.482504,282.92,14.19,-0.37,239.89,1,-80,-5,29,15,54,1,27771908,270
147.08,1545025512,1617.30,51.438999,7.482322,283.49,14.09,-0.10,240.40,1,-80,-5,29,15,54,1,27771908,270
148.08,1545025513,1631.40,51.438935,7.482125,284.06,14.04,-0.06,240.78,1,-85,-5,29,15,51,1,27771908,270
149.08,1545025514,1645.42,51.438873,7.481938,285.06,13.56,-0.47,240.80,1,-85,-5,29,15,51,1,27771908,270
150.08,1545025515,1659.00,51.438819,7.481776,286.08,13.88,0.32,240.38,1,-91,-7,19,12,46,1,27771908,270
151.08,1545025516,1672.88,51.438756,7.481597,287.06,13.97,0.09,239.72,1,-91,-7,19,12,46,1,27771908,270
152.08,1545025517,1686.83,51.438693,7.481420,287.78,14.00,0.03,239.68,1,-94,-5,18,12,40,1,27771908,270
153.08,1545025518,1700.82,51.438623,7.481223,288.39,14.76,0.75,240.27,1,-94,-5,18,12,40,1,27771908,270
154.08,1545025519,1715.68,51.438555,7.481026,289.12,15.17,0.41,240.59,1,-96,-6,15,12,39,1,27771908,270
155.08,1545025520,1730.78,51.438487,7.480831,289.79,14.55,-0.63,239.61,1,-96,-6,15,12,39,1,27771908,270
156.08,1545025521,1745.31,51.438420,7.480641,290.12,14.42,-0.13,239.00,1,-96,-6,15,12,39,1,27771908,270
157.08,1545025522,1759.75,51.438352,7.480448,290.76,14.35,-0.07,239.70,1,-98,-6,16,12,37,1,27771908,270
158.08,1545025523,1774.10,51.438287,7.480269,291.46,14.65,0.30,240.40,1,-98,-6,16,12,37,1,27771908,270
159.08,1545025524,1788.74,51.438217,7.480074,291.76,15.40,0.75,240.55,1,-99,-5,18,12,36,1,27771908,270
160.08,1545025525,1804.13,51.438144,7.479868,292.08,15.29,-0.11,240.65,1,-99,-5,18,12,36,1,27771908,270
161.08,1545025526,1819.45,51.438077,7.479676,292.43,15.37,0.08,241.04,1,-101,-6,10,12,34,1,27771908,270
162.08,1545025527,1834.82,51.438014,7.479479,292.93,15.98,0.61,240.41,1,-101,-6,10,12,34,1,27771908,270
163.08,1545025528,1850.82,51.437952,7.479290,293.03,15.18,-0.80,240.82,1,-105,-8,8,10,34,1,27771908,270
164.08,1545025529,1866.02,51.437894,7.479102,293.26,14.75,-0.43,241.55,1,-105,-8,8,10,34,1,27771908,270
165.08,1545025530,1880.75,51.437839,7.478923,292.91,13.77,-0.99,242.30,1,-104,-10,5,10,37,1,27771908,270
166.08,1545025531,1894.48,51.437779,7.478739,292.33,13.92,0.16,241.95,1,-104,-10,5,10,37,1,27771908,270
167.08,1545025532,1908.41,51.437716,7.478540,292.04,14.09,0.16,241.66,1,-104,-11,4,5,37,1,27771908,270
168.08,1545025533,1922.54,51.437651,7.478349,291.86,13.29,-0.80,241.08,1,-104,-11,4,5,37,1,27771908,270
169.08,1545025534,1935.82,51.437590,7.478165,291.71,13.11,-0.17,242.08,1,-106,-9,1,6,34,1,27771908,270
170.09,1545025535,1949.00,51.437531,7.477980,291.45,13.71,0.60,242.49,1,-106,-9,1,6,34,1,27771908,270
171.08,1545025536,1962.64,51.437470,7.477786,291.05,14.58,0.87,241.49,1,-107,-8,-1,6,32,1,27771908,270
172.08,1545025537,1977.24,51.437406,7.477599,290.62,14.13,-0.44,241.99,1,-107,-8,-1,6,32,1,27771908,270
173.08,1545025538,1991.35,51.437345,7.477412,290.49,13.33,-0.80,242.25,1,-109,-10,0,5,33,1,27771908,270
174.08,1545025539,2004.71,51.437287,7.477235,290.20,12.48,-0.85,242.80,1,-109,-10,0,5,33,1,27771908,270
175.09,1545025540,2017.32,51.437232,7.477044,290.17,11.61,-0.86,244.69,1,-108,-11,4,8,34,1,27771908,270
176.08,1545025541,2028.79,51.437193,7.476866,290.57,11.97,0.36,248.24,1,-108,-11,4,8,34,1,27771908,270
177.08,1545025542,2040.77,51.437162,7.476696,290.78,11.99,0.01,251.46,1,-108,-11,4,8,34,1,27771908,270
178.08,1545025543,2052.75,51.437162,7.476531,290.68,11.87,-0.12,268.80,1,-105,-8,6,6,35,1,27771908,270
179.08,1545025544,2064.60,51.437185,7.476359,290.39,10.33,-1.54,284.49,1,-105,-8,6,6,35,1,27771908,270
180.08,1545025545,2074.94,51.437230,7.476225,290.22,9.37,-0.96,304.93,1,-100,-6,12,9,37,1,27771908,270
181.08,1545025546,2084.33,51.437304,7.476142,290.09,8.56,-0.81,326.89,1,-100,-6,12,9,37,1,27771908,270
182.08,1545025547,2092.86,51.437378,7.476120,289.97,8.09,-0.47,353.56,1,-97,-6,16,10,41,1,27771908,270
183.08,1545025548,2100.95,51.437480,7.476148,289.78,9.24,1.15,18.81,1,-97,-6,16,10,41,1,27771908,270
184.08,1545025549,2110.19,51.437562,7.476230,289.60,9.30,0.05,42.47,1,-84,-5,20,15,51,1,27771908,270
185.08,1545025550,2119.50,51.437639,7.476345,289.26,10.47,1.17,45.44,1,-84,-5,20,15,51,1,27771908,270
186.08,1545025551,2129.95,51.437708,7.476486,288.86,11.68,1.21,47.37,1,-74,-5,34,15,63,1,27771908,270
187.08,1545025552,2141.64,51.437783,7.476641,288.34,13.07,1.39,49.14,1,-74,-5,34,15,63,1,27771908,270
188.08,1545025553,2154.71,51.437857,7.476805,288.23,14.22,1.15,50.91,1,-79,-4,29,15,58,1,27771908,270
189.08,1545025554,2168.93,51.437943,7.476998,288.30,15.38,1.16,52.19,1,-79,-4,29,15,58,1,27771908,270
190.08,1545025555,2184.29,51.438017,7.477175,288.55,16.53,1.15,53.28,1,-83,-4,28,15,55,1,27771908,270
191.08,1545025556,2200.84,51.438099,7.477367,288.80,17.31,0.78,54.15,1,-83,-4,28,15,55,1,27771908,270
192.08,1545025557,2218.13,51.438187,7.477582,289.10,17.70,0.39,54.77,1,-82,-5,29,15,55,1,27771908,270
193.08,1545025558,2235.81,51.438273,7.477795,289.13,18.19,0.49,55.27,1,-82,-5,29,15,55,1,27771908,270
194.08,1545025559,2254.02,51.438363,7.478020,289.18,18.42,0.23,55.66,1,-82,-5,31,15,55,1,27771908,270
195.08,1545025560,2272.46,51.438450,7.478247,288.76,18.50,0.07,56.23,1,-82,-5,31,15,55,1,27771908,270
196.09,1545025561,2291.09,51.438537,7.478463,288.65,18.61,0.11,56.70,1,-82,-5,31,13,55,1,27771908,270
197.08,1545025562,2309.57,51.438628,7.478691,288.89,18.32,-0.29,57.30,1,-82,-5,31,13,55,1,27771908,270
198.08,1545025563,2327.89,51.438717,7.478913,289.25,17.79,-0.53,56.65,1,-82,-5,31,13,55,1,27771908,270
199.08,1545025564,2345.68,51.438806,7.479135,289.87,17.60,-0.19,56.43,1,-85,-6,30,12,52,1,27771908,270
200.08,1545025565,2363.30,51.438895,7.479344,289.82,17.22,-0.38,56.09,1,-85,-6,30,12,52,1,27771908,270
201.08,1545025566,2380.51,51.438979,7.479542,289.31,16.76,-0.46,56.11,1,-86,-5,30,15,51,1,27771908,270
202.08,1545025567,2397.21,51.439063,7.479741,288.75,16.85,0.10,55.75,1,-86,-5,30,15,51,1,27771908,270
203.08,1545025568,2414.09,51.439146,7.479933,287.97,16.37,-0.48,56.22,1,-87,-5,28,15,50,1,27771908,270
204.08,1545025569,2430.48,51.439234,7.480138,287.60,16.33,-0.04,55.90,1,-87,-5,28,15,50,1,27771908,270
205.08,1545025570,2446.81,51.439314,7.480333,287.68,16.66,0.33,55.44,1,-88,-5,28,14,49,1,27771908,270
206.08,1545025571,2463.47,51.439402,7.480533,287.98,16.61,-0.05,54.98,1,-88,-5,28,14,49,1,27771908,270
207.08,1545025572,2480.08,51.439486,7.480727,288.21,16.42,-0.19,54.34,1,-89,-5,25,14,49,1,27771908,270
208.08,1545025573,2496.50,51.439576,7.480917,288.45,16.38,-0.04,53.58,1,-89,-5,25,14,49,1,27771908,270
209.08,1545025574,2512.88,51.439673,7.481120,288.37,16.28,-0.11,54.09,1,-88,-6,27,1,49,1,27771908,270
210.08,1545025575,2529.14,51.439773,7.481321,287.91,17.69,1.41,53.73,1,-88,-6,27,1,49,1,27771908,270
211.08,1545025576,2546.83,51.439866,7.481513,287.01,18.43,0.74,53.16,1,-87,-6,29,15,50,1,27771908,270
212.08,1545025577,2565.22,51.439966,7.481715,286.12,19.35,0.92,51.86,1,-87,-6,29,15,50,1,27771908,270
213.08,1545025578,2584.59,51.440078,7.481921,284.94,19.93,0.58,50.16,1,-85,-6,26,15,51,1,27771908,270
214.08,1545025579,2604.52,51.440199,7.482135,284.40,20.35,0.42,49.01,1,-85,-6,26,15,51,1,27771908,270
215.08,1545025580,2624.91,51.440328,7.482360,283.90,21.02,0.67,48.21,1,-87,-6,28,12,51,1,27771908,270
216.08,1545025581,2645.91,51.440471,7.482572,283.15,21.60,0.58,44.37,1,-87,-6,28,12,51,1,27771908,270
217.08,1545025582,2667.53,51.440621,7.482780,282.52,22.05,0.44,42.27,1,-85,-5,22,13,52,1,27771908,270
218.08,1545025583,2689.58,51.440778,7.482994,281.87,22.22,0.17,41.00,1,-85,-5,22,13,52,1,27771908,270
219.09,1545025584,2711.97,51.440923,7.483186,281.65,22.36,0.14,40.83,1,-85,-7,13,15,54,1,27771908,270
220.08,1545025585,2734.15,51.441084,7.483386,281.55,21.97,-0.39,38.85,1,-85,-7,13,15,54,1,27771908,270
221.10,1545025586,2756.52,51.441246,7.483588,281.42,21.59,-0.38,38.91,1,-85,-6,18,12,52,1,27771908,270
222.08,1545025587,2777.65,51.441413,7.483770,281.35,21.30,-0.29,34.62,1,-85,-6,18,12,52,1,27771908,270
223.08,1545025588,2799.02,51.441579,7.483933,281.03,21.41,0.11,32.47,1,-85,-6,18,12,52,1,27771908,270
224.08,1545025589,2820.40,51.441744,7.484082,280.29,21.03,-0.38,30.50,1,-89,-9,16,9,52,1,27771908,270
225.08,1545025590,2841.47,51.441904,7.484219,279.47,20.57,-0.46,29.23,1,-89,-9,16,9,52,1,27771908,270
226.08,1545025591,2862.06,51.442059,7.484348,278.74,20.12,-0.45,27.96,1,-94,-11,24,12,48,1,27771908,270
227.08,1545025592,2882.16,51.442220,7.484480,278.09,19.87,-0.25,27.17,1,-94,-11,24,12,48,1,27771908,270
228.08,1545025593,2902.01,51.442391,7.484607,277.41,19.45,-0.42,26.48,1,-86,-6,23,14,52,1,27771909,271
229.08,1545025594,2921.46,51.442552,7.484728,276.87,19.01,-0.44,25.53,1,-86,-6,23,14,52,1,27771909,271
230.08,1545025595,2940.47,51.442712,7.484844,276.63,18.71,-0.30,24.71,1,-82,-7,12,12,57,1,27771909,271
231.08,1545025596,2959.17,51.442865,7.484956,276.29,18.56,-0.15,24.48,1,-82,-7,12,12,57,1,27771909,271
232.08,1545025597,2977.68,51.443014,7.485065,275.55,18.97,0.41,24.32,1,-77,-7,26,15,61,1,27771909,271
233.08,1545025598,2996.68,51.443174,7.485179,274.98,19.14,0.17,23.86,1,-77,-7,26,15,61,1,27771909,271
234.08,1545025599,3015.84,51.443333,7.485288,274.50,19.10,-0.03,23.64,1,-75,-5,28,14,62,1,27771909,271
235.08,1545025600,3034.94,51.443482,7.485390,273.73,18.82,-0.28,23.77,1,-75,-5,28,14,62,1,27771909,271
236.08,1545025601,3053.77,51.443629,7.485488,272.85,18.17,-0.65,23.24,1,-78,-5,29,13,60,1,27771909,271
237.08,1545025602,3071.94,51.443773,7.485582,271.95,17.02,-1.15,22.55,1,-78,-5,29,13,60,1,27771909,271
238.08,1545025603,3088.95,51.443911,7.485671,271.12,16.25,-0.77,21.71,1,-70,-5,29,12,63,1,27771909,271
239.08,1545025604,3105.21,51.444042,7.485751,270.25,15.61,-0.64,21.39,1,-70,-5,29,12,63,1,27771909,271
240.08,1545025605,3120.81,51.444165,7.485826,269.39,15.03,-0.58,21.50,1,-68,-4,26,12,63,1,27771909,271
241.09,1545025606,3135.95,51.444288,7.485903,268.82,13.88,-1.15,22.31,1,-68,-4,26,12,63,1,27771909,271
242.08,1545025607,3149.71,51.444413,7.485998,268.32,12.80,-1.09,24.82,1,-71,-6,31,13,63,1,27771909,271
243.08,1545025608,3162.52,51.444515,7.486090,267.96,12.31,-0.49,28.45,1,-71,-6,31,13,63,1,27771909,271
244.09,1545025609,3174.97,51.444594,7.486211,267.69,12.26,-0.05,43.47,1,-72,-6,31,12,63,1,27771909,271
245.08,1545025610,3187.12,51.444664,7.486343,267.57,11.81,-0.46,47.52,1,-72,-6,31,12,63,1,27771909,271
246.08,1545025611,3198.92,51.444705,7.486503,267.42,11.75,-0.05,68.04,1,-72,-6,31,12,63,1,27771909,271
247.08,1545025612,3210.65,51.444721,7.486662,267.08,12.10,0.34,80.65,1,-77,-5,24,12,59,1,27771909,271
248.08,1545025613,3222.76,51.444716,7.486852,266.57,12.28,0.19,94.40,1,-77,-5,24,12,59,1,27771909,271
249.08,1545025614,3235.06,51.444683,7.487018,266.29,12.39,0.11,107.85,1,-83,-6,26,15,55,1,27771909,271
250.08,1545025615,3247.44,51.444626,7.487187,266.34,12.53,0.14,120.98,1,-83,-6,26,15,55,1,27771909,271
251.08,1545025616,3259.98,51.444551,7.487322,266.25,12.30,-0.23,135.02,1,-81,-6,7,12,57,1,27771909,271
252.08,1545025617,3272.24,51.444459,7.487423,265.89,12.26,-0.03,148.96,1,-81,-6,7,12,57,1,27771909,271
253.08,1545025618,3284.52,51.444366,7.487510,266.07,12.39,0.13,153.04,1,-69,-6,21,12,63,1,27771909,271
254.08,1545025619,3296.93,51.444264,7.487534,266.11,12.15,-0.25,173.85,1,-69,-6,21,12,63,1,27771909,271
255.08,1545025620,3309.07,51.444148,7.487547,266.01,12.15,0.00,177.64,1,-70,-5,22,12,63,1,27771909,271
256.08,1545025621,3321.22,51.444046,7.487485,265.75,12.40,0.25,201.60,1,-70,-5,22,12,63,1,27771909,271
257.08,1545025622,3333.61,51.443956,7.487386,265.36,12.82,0.41,214.92,1,-72,-6,27,12,63,1,27771909,271
258.08,1545025623,3346.43,51.443879,7.487251,264.94,12.79,-0.02,229.68,1,-72,-6,27,12,63,1,27771909,271
259.08,1545025624,3359.22,51.443823,7.487083,264.65,13.32,0.53,243.52,1,-77,-5,20,12,60,1,27771909,271
260.08,1545025625,3372.56,51.443792,7.486880,264.49,13.53,0.21,258.22,1,-77,-5,20,12,60,1,27771909,271
261.08,1545025626,3386.07,51.443770,7.486685,264.18,14.26,0.73,260.92,1,-82,-6,24,12,56,1,27771909,271
262.08,1545025627,3400.34,51.443755,7.486472,263.71,15.12,0.86,263.40,1,-82,-6,24,12,56,1,27771909,271
263.08,1545025628,3415.44,51.443744,7.486238,263.39,16.18,1.06,264.90,1,-81,-6,28,12,57,1,27771909,271
264.08,1545025629,3431.64,51.443733,7.485984,262.83,17.22,1.03,265.89,1,-81,-6,28,12,57,1,27771909,271
265.09,1545025630,3449.00,51.443727,7.485747,262.63,18.20,0.98,266.61,1,-81,-6,28,12,57,1,27771909,271
266.08,1545025631,3467.05,51.443719,7.485499,262.44,19.20,1.00,267.60,1,-81,-6,28,12,57,1,27771909,271
267.08,1545025632,3486.25,51.443708,7.485227,262.52,17.85,-1.35,266.40,1,-81,-6,28,12,57,1,27771909,271
268.08,1545025633,3504.08,51.443696,7.484925,262.53,19.79,1.94,265.91,1,-88,-6,27,12,49,1,27771909,271
269.08,1545025634,3523.89,51.443688,7.484604,262.86,23.32,3.53,267.47,1,-88,-6,27,12,49,1,27771909,271
270.08,1545025635,3547.23,51.443686,7.484253,262.65,23.71,0.38,268.45,1,-72,-5,32,12,63,1,27771909,271
271.08,1545025636,3570.96,51.443688,7.483928,261.78,23.92,0.21,268.44,1,-72,-5,32,12,63,1,27771909,271
272.08,1545025637,3594.81,51.443687,7.483574,261.01,23.95,0.03,268.36,1,-69,-7,30,12,63,1,27771909,271
273.08,1545025638,3618.76,51.443685,7.483224,260.01,23.62,-0.33,267.45,1,-69,-7,30,12,63,1,27771909,271
274.08,1545025639,3642.30,51.443680,7.482875,259.00,23.47,-0.14,267.20,1,-76,-5,27,15,59,1,27771909,271
275.08,1545025640,3665.85,51.443674,7.482539,258.03,23.20,-0.28,267.10,1,-76,-5,27,15,59,1,27771909,271
276.08,1545025641,3689.07,51.443667,7.482211,257.04,23.12,-0.08,266.75,1,-80,-5,24,15,56,1,27771909,271
277.08,1545025642,3712.19,51.443660,7.481874,256.14,23.32,0.20,266.43,1,-80,-5,24,15,56,1,27771909,271
278.08,1545025643,3735.50,51.443650,7.481527,255.49,23.73,0.41,266.32,1,-87,-6,25,12,49,1,27771909,271
279.08,1545025644,3759.23,51.443639,7.481181,255.09,24.15,0.43,266.27,1,-87,-6,25,12,49,1,27771909,271
280.08,1545025645,3783.45,51.443623,7.480836,254.77,24.00,-0.15,265.63,1,-90,-6,26,10,47,1,27771909,271
281.08,1545025646,3807.36,51.443607,7.480491,254.57,24.22,0.22,264.95,1,-90,-6,26,10,47,1,27771909,271
282.08,1545025647,3831.62,51.443583,7.480144,254.48,24.61,0.39,263.59,1,-90,-6,9,11,47,1,27771909,271
283.08,1545025648,3856.21,51.443560,7.479794,254.35,25.12,0.51,263.05,1,-90,-6,9,11,47,1,27771909,271
284.08,1545025649,3881.35,51.443530,7.479436,254.28,25.46,0.34,262.38,1,-89,-6,18,11,46,1,27771909,271
285.08,1545025650,3906.81,51.443500,7.479074,254.28,25.89,0.43,262.33,1,-89,-6,18,11,46,1,27771909,271
286.09,1545025651,3933.01,51.443471,7.478707,254.31,26.31,0.42,262.42,1,-89,-6,13,11,48,1,27771909,271
287.08,1545025652,3958.98,51.443442,7.478331,254.33,26.35,0.03,262.61,1,-89,-6,13,11,48,1,27771909,271
288.08,1545025653,3985.32,51.443413,7.477959,254.25,26.05,-0.30,262.70,1,-89,-6,13,11,48,1,27771909,271
289.08,1545025654,4011.37,51.443384,7.477591,254.18,25.77,-0.28,262.35,1,-88,-6,17,15,47,1,27771909,271
290.08,1545025655,4037.17,51.443354,7.477226,254.13,25.37,-0.40,261.88,1,-88,-6,17,15,47,1,27771909,271
291.08,1545025656,4062.59,51.443321,7.476869,254.09,25.23,-0.14,261.34,1,-91,-6,2,15,45,1,27771909,271
292.08,1545025657,4087.71,51.443288,7.476510,253.98,25.19,-0.04,261.01,1,-91,-6,2,15,45,1,27771909,271
293.08,1545025658,4112.90,51.443257,7.476153,253.99,25.38,0.20,260.77,1,-87,-9,11,11,51,1,27771909,271
294.08,1545025659,4138.30,51.443222,7.475785,254.12,25.84,0.46,260.97,1,-87,-9,11,11,51,1,27771909,271
295.08,1545025660,4164.15,51.443186,7.475418,254.00,26.31,0.47,260.03,1,-86,-8,19,10,50,1,27771909,271
296.08,1545025661,4190.49,51.443143,7.475039,253.84,26.95,0.64,258.92,1,-86,-8,19,10,50,1,27771909,271
297.08,1545025662,4217.44,51.443094,7.474652,253.51,27.75,0.80,257.88,1,-101,-9,8,9,35,1,27771909,271
298.08,1545025663,4245.16,51.443041,7.474251,253.12,28.71,0.97,256.98,1,-101,-9,8,9,35,1,27771909,271
299.08,1545025664,4273.96,51.442982,7.473847,252.75,28.91,0.20,256.73,1,-106,-10,-4,5,35,10,27771909,271
300.08,1545025665,4302.87,51.442923,7.473443,252.40,28.55,-0.36,256.90,1,-106,-10,-4,5,35,10,27771909,271
301.08,1545025666,4331.37,51.442866,7.473046,251.97,28.19,-0.37,257.67,1,-96,-6,7,14,39,10,30422273,155
302.08,1545025667,4359.50,51.442816,7.472654,251.41,27.70,-0.49,257.85,1,-96,-6,7,14,39,10,30422273,155
303.08,1545025668,4387.19,51.442765,7.472264,250.81,27.54,-0.16,258.40,1,-105,-9,4,12,35,10,30422273,155
304.08,1545025669,4414.73,51.442715,7.471876,250.21,27.57,0.04,258.50,1,-105,-9,4,12,35,10,30422273,155
305.08,1545025670,4442.41,51.442666,7.471489,249.50,27.54,-0.03,258.38,1,-108,-9,4,11,34,10,30422273,155
306.08,1545025671,4469.92,51.442616,7.471098,248.72,27.73,0.19,258.16,1,-108,-9,4,11,34,10,30422273,155
307.09,1545025672,4497.90,51.442566,7.470703,247.94,27.93,0.20,258.00,1,-109,-8,1,6,30,10,30422273,155
308.08,1545025673,4525.58,51.442515,7.470306,247.21,28.13,0.20,257.96,1,-109,-8,1,6,30,10,30422273,155
309.08,1545025674,4553.71,51.442464,7.469909,246.44,28.21,0.08,258.06,1,-109,-8,1,6,30,10,30422273,155
310.08,1545025675,4581.95,51.442411,7.469507,245.47,28.44,0.23,257.89,1,-109,-8,7,7,30,10,30422273,155
311.08,1545025676,4610.36,51.442359,7.469104,244.54,28.43,-0.01,258.18,1,-109,-8,7,7,30,10,30422273,155
312.08,1545025677,4638.65,51.442308,7.468706,243.67,28.35,-0.09,258.36,1,-111,-10,4,10,31,10,30422273,155
313.08,1545025678,4667.00,51.442257,7.468308,242.88,28.48,0.13,258.44,1,-111,-10,4,10,31,10,30422273,155
314.08,1545025679,4695.56,51.442206,7.467904,242.05,28.73,0.25,258.61,1,-108,-11,2,5,35,10,30422273,155
315.08,1545025680,4724.29,51.442157,7.467488,241.50,29.09,0.36,259.05,1,-108,-11,2,5,35,10,30422273,155
316.08,1545025681,4753.32,51.442106,7.467073,240.93,29.27,0.18,259.20,1,-105,-8,0,6,34,27,31281409,195
317.08,1545025682,4782.59,51.442056,7.466659,240.41,29.32,0.06,259.69,1,-105,-8,0,6,34,27,31281409,195
318.08,1545025683,4812.00,51.442011,7.466239,239.99,29.58,0.26,260.12,1,-102,-10,8,12,39,27,31281409,195
319.08,1545025684,4841.55,51.441965,7.465819,239.47,29.62,0.04,260.33,1,-102,-10,8,12,39,27,31281409,195
320.08,1545025685,4871.14,51.441921,7.465395,239.02,29.96,0.33,260.94,1,-99,-6,12,14,38,27,31281409,195
321.08,1545025686,4901.07,51.441882,7.464966,238.58,30.23,0.28,261.36,1,-99,-6,12,14,38,27,31281409,195
322.08,1545025687,4931.33,51.441842,7.464532,238.16,30.64,0.41,261.89,1,-99,-9,12,7,39,27,31281409,195
323.08,1545025688,4962.07,51.441806,7.464092,237.69,31.10,0.46,262.38,1,-99,-9,12,7,39,27,31281409,195
324.08,1545025689,4993.14,51.441769,7.463645,237.34,31.61,0.51,263.06,1,-100,-8,11,12,39,27,31281409,195
325.08,1545025690,5024.65,51.441733,7.463191,236.84,31.88,0.27,263.32,1,-100,-8,11,12,39,27,31281409,195
326.08,1545025691,5056.65,51.441705,7.462736,236.38,32.51,0.63,263.99,1,-106,-11,9,7,36,27,31281409,195
327.08,1545025692,5089.13,51.441675,7.462268,235.93,32.93,0.43,264.67,1,-106,-11,9,7,36,27,31281409,195
328.09,1545025693,5122.29,51.441650,7.461804,235.34,33.48,0.54,265.23,1,-102,-7,9,11,36,27,31281409,195
329.08,1545025694,5155.50,51.441625,7.461326,234.77,34.06,0.59,265.58,1,-102,-7,9,11,36,27,31281409,195
330.08,1545025695,5189.43,51.441599,7.460829,234.40,34.61,0.54,266.01,1,-102,-7,9,11,36,27,31281409,195
331.08,1545025696,5224.18,51.441582,7.460327,234.06,35.07,0.46,266.95,1,-101,-7,9,8,37,27,31281409,195
332.08,1545025697,5259.25,51.441568,7.459814,233.50,35.62,0.55,267.50,1,-101,-7,9,8,37,27,31281409,195
333.08,1545025698,5294.90,51.441562,7.459291,232.67,35.48,-0.14,268.32,1,-104,-8,6,6,35,27,31281409,195
334.08,1545025699,5330.41,51.441556,7.458776,231.61,35.31,-0.16,268.75,1,-104,-8,6,6,35,27,31281409,195
335.08,1545025700,5365.73,51.441556,7.458264,230.60,35.46,0.15,269.34,1,-107,-9,3,5,35,27,31281409,195
336.08,1545025701,5401.15,51.441553,7.457748,229.92,35.56,0.09,269.85,1,-107,-9,3,5,35,27,31281409,195
337.08,1545025702,5436.71,51.441554,7.457239,229.21,35.71,0.16,270.35,1,-102,-8,0,6,37,27,31281409,195
338.08,1545025703,5472.43,51.441556,7.456724,228.67,35.60,-0.11,270.14,1,-102,-8,0,6,37,27,31281409,195
339.08,1545025704,5507.99,51.441559,7.456219,228.41,34.99,-0.61,270.32,1,-99,-7,11,13,41,18,33527552,376
340.08,1545025705,5543.02,51.441561,7.455720,228.46,34.91,-0.09,270.80,1,-99,-7,11,13,41,18,33527552,376
341.08,1545025706,5577.75,51.441571,7.455224,228.40,34.68,-0.22,271.79,1,-88,-6,18,11,50,18,33527552,376
342.08,1545025707,5612.50,51.441576,7.454732,228.45,34.70,0.01,272.39,1,-88,-6,18,11,50,18,33527552,376
343.08,1545025708,5647.24,51.441590,7.454239,228.70,35.01,0.31,273.07,1,-80,-7,19,11,59,18,33527552,376
344.08,1545025709,5682.28,51.441610,7.453743,228.99,35.16,0.15,274.10,1,-80,-7,19,11,59,18,33527552,376
345.08,1545025710,5717.44,51.441632,7.453240,229.41,35.26,0.11,275.04,1,-82,-5,22,11,56,18,33527552,376
346.08,1545025711,5752.67,51.441659,7.452736,229.77,35.48,0.21,275.12,1,-82,-5,22,11,56,18,33527552,376
347.08,1545025712,5788.18,51.441687,7.452228,229.92,35.66,0.18,275.74,1,-80,-5,28,11,58,18,33527552,376
348.08,1545025713,5823.80,51.441723,7.451715,229.82,35.65,-0.01,276.23,1,-80,-5,28,11,58,18,33527552,376
349.09,1545025714,5859.73,51.441756,7.451208,229.60,35.05,-0.59,277.12,1,-82,-5,26,11,57,18,33527552,376
350.08,1545025715,5894.54,51.441797,7.450709,229.39,35.16,0.11,277.60,1,-82,-5,26,11,57,18,33527552,376
351.08,1545025716,5929.63,51.441842,7.450211,229.06,35.30,0.14,277.95,1,-82,-5,26,11,57,18,33527552,376
352.08,1545025717,5964.89,51.441887,7.449709,228.58,35.64,0.34,278.53,1,-83,-4,28,11,55,18,33527552,376
353.08,1545025718,6000.64,51.441934,7.449198,228.16,35.75,0.11,278.60,1,-83,-4,28,11,55,18,33527552,376
354.08,1545025719,6036.35,51.441987,7.448694,227.86,35.19,-0.56,279.05,1,-83,-5,29,15,55,18,33527552,376
355.08,1545025720,6071.57,51.442040,7.448198,227.60,34.73,-0.45,279.73,1,-83,-5,29,15,55,18,33527552,376
356.08,1545025721,6106.30,51.442099,7.447705,227.46,34.83,0.10,280.37,1,-82,-5,24,14,55,18,33527552,376
357.08,1545025722,6140.99,51.442159,7.447215,227.28,34.97,0.14,280.99,1,-82,-5,24,14,55,18,33527552,376
358.08,1545025723,6176.06,51.442224,7.446726,227.14,35.09,0.12,281.61,1,-76,-5,28,14,61,18,33527552,376
359.08,1545025724,6211.15,51.442290,7.446231,226.85,35.15,0.05,282.28,1,-76,-5,28,14,61,18,33527552,376
360.08,1545025725,6246.30,51.442360,7.445737,226.70,35.37,0.23,282.65,1,-72,-5,30,14,63,18,33527552,376
361.08,1545025726,6281.56,51.442431,7.445230,226.55,35.45,0.08,282.98,1,-72,-5,30,14,63,18,33527552,376
362.08,1545025727,6317.05,51.442502,7.444724,226.43,35.41,-0.05,283.29,1,-68,-7,30,15,63,18,33527552,376
363.08,1545025728,6352.53,51.442578,7.444221,226.43,35.54,0.13,283.83,1,-68,-7,30,15,63,18,33527552,376
364.08,1545025729,6388.10,51.442654,7.443723,226.52,35.70,0.16,284.28,1,-70,-5,20,15,63,18,33527552,376
365.08,1545025730,6423.76,51.442735,7.443226,226.59,35.50,-0.20,284.87,1,-70,-5,20,15,63,18,33527552,376
366.08,1545025731,6459.26,51.442817,7.442735,226.61,35.50,0.00,285.39,1,-69,-5,28,15,63,18,33527552,376
367.08,1545025732,6494.79,51.442899,7.442241,226.47,35.53,0.03,285.56,1,-69,-5,28,15,63,18,33527552,376
368.08,1545025733,6530.32,51.442988,7.441751,226.17,35.82,0.29,286.15,1,-73,-5,30,12,63,18,33527552,376
369.08,1545025734,6566.14,51.443077,7.441254,225.72,35.75,-0.06,286.95,1,-73,-5,30,12,63,18,33527552,376
370.08,1545025735,6601.93,51.443176,7.440759,224.92,35.27,-0.48,287.60,1,-75,-4,24,13,61,18,33527552,376
371.07,1545025736,6636.99,51.443274,7.440294,223.94,34.92,-0.35,288.13,1,-75,-4,24,13,61,18,33527552,376
372.08,1545025737,6671.98,51.443370,7.439817,223.09,34.85,-0.07,288.55,1,-75,-4,24,13,61,18,33527552,376
373.08,1545025738,6706.90,51.443473,7.439345,222.39,34.89,0.04,288.89,1,-81,-7,22,13,58,18,33527552,376
374.08,1545025739,6741.80,51.443576,7.438867,221.78,35.02,0.13,289.48,1,-81,-7,22,13,58,18,33527552,376
375.08,1545025740,6776.85,51.443681,7.438389,221.30,35.39,0.37,289.65,1,-77,-5,22,15,58,18,33527552,376
376.08,1545025741,6812.24,51.443796,7.437911,220.68,35.69,0.29,290.56,1,-77,-5,22,15,58,18,33527552,376
377.08,1545025742,6847.78,51.443911,7.437421,219.89,36.04,0.36,291.09,1,-81,-5,21,13,57,18,33527552,376
378.08,1545025743,6883.97,51.444033,7.436939,218.94,36.35,0.31,291.70,1,-81,-5,21,13,57,18,33527552,376
379.08,1545025744,6920.28,51.444156,7.436458,217.73,35.84,-0.51,292.27,1,-81,-6,20,15,57,2,33527554,375
380.08,1545025745,6956.23,51.444279,7.435991,216.48,35.52,-0.32,292.54,1,-81,-6,20,15,57,2,33527554,375
381.08,1545025746,6991.58,51.444405,7.435535,215.33,35.28,-0.25,293.38,1,-84,-6,14,15,52,2,33527554,375
382.08,1545025747,7026.85,51.444533,7.435095,214.08,34.91,-0.37,294.43,1,-84,-6,14,15,52,2,33527554,375
383.08,1545025748,7061.83,51.444664,7.434646,212.89,34.78,-0.13,295.15,1,-81,-8,12,15,59,2,33527554,375
384.08,1545025749,7096.68,51.444804,7.434187,211.57,34.63,-0.15,295.87,1,-81,-8,12,15,59,2,33527554,375
385.08,1545025750,7131.27,51.444946,7.433737,210.57,34.61,-0.02,297.01,1,-84,-7,8,11,55,2,33527554,375
386.08,1545025751,7165.88,51.445087,7.433300,209.80,34.87,0.26,297.68,1,-84,-7,8,11,55,2,33527554,375
387.08,1545025752,7200.75,51.445243,7.432868,209.15,34.89,0.02,300.04,1,-85,-6,6,11,53,2,33527554,375
388.08,1545025753,7235.61,51.445402,7.432422,208.24,35.04,0.15,300.70,1,-85,-6,6,11,53,2,33527554,375
389.08,1545025754,7270.68,51.445562,7.431985,207.21,34.88,-0.15,300.79,1,-87,-7,4,11,51,2,33527554,375
390.08,1545025755,7305.56,51.445737,7.431576,206.23,34.30,-0.59,304.34,1,-87,-7,4,11,51,2,33527554,375
391.08,1545025756,7339.93,51.445915,7.431190,205.45,34.01,-0.28,305.89,1,-86,-7,7,12,53,2,33527554,375
392.08,1545025757,7373.77,51.446093,7.430805,204.52,33.94,-0.07,306.64,1,-86,-7,7,12,53,2,33527554,375
393.08,1545025758,7407.78,51.446285,7.430424,203.59,33.91,-0.03,308.24,1,-86,-7,7,12,53,2,33527554,375
394.08,1545025759,7441.73,51.446483,7.430044,202.51,34.41,0.50,309.76,1,-74,-5,24,15,62,2,33527554,375
395.08,1545025760,7476.14,51.446687,7.429667,201.24,34.34,-0.08,310.94,1,-74,-5,24,15,62,2,33527554,375
396.08,1545025761,7510.48,51.446894,7.429305,200.36,34.21,-0.13,312.66,1,-72,-6,29,15,63,2,33527554,375
397.08,1545025762,7544.65,51.447107,7.428955,199.38,34.15,-0.06,314.41,1,-72,-6,29,15,63,2,33527554,375
398.08,1545025763,7578.84,51.447326,7.428610,198.22,33.94,-0.21,315.82,1,-80,-5,10,15,57,2,33527554,375
399.08,1545025764,7612.78,51.447547,7.428278,197.06,34.40,0.45,317.42,1,-80,-5,10,15,57,2,33527554,375
400.08,1545025765,7647.11,51.447773,7.427952,195.64,34.38,-0.02,318.75,1,-85,-6,8,12,52,2,33527554,375
401.08,1545025766,7681.56,51.448014,7.427629,194.10,34.73,0.35,320.00,1,-85,-6,8,12,52,2,33527554,375
402.08,1545025767,7716.29,51.448266,7.427311,192.59,35.48,0.74,321.93,1,-86,-5,10,15,53,2,33527554,375
403.08,1545025768,7751.66,51.448531,7.426994,190.65,35.72,0.24,323.29,1,-86,-5,10,15,53,2,33527554,375
404.08,1545025769,7787.52,51.448800,7.426688,188.53,35.86,0.14,324.55,1,-91,-6,8,12,46,2,33527554,375
405.08,1545025770,7823.35,51.449069,7.426396,186.52,35.85,-0.01,325.94,1,-91,-6,8,12,46,2,33527554,375
406.08,1545025771,7859.20,51.449341,7.426119,184.62,35.95,0.10,327.71,1,-93,-7,10,13,46,2,33527554,375
407.08,1545025772,7895.15,51.449617,7.425854,182.85,36.56,0.61,329.64,1,-93,-7,10,13,46,2,33527554,375
408.08,1545025773,7931.72,51.449895,7.425588,181.07,36.60,0.03,330.16,1,-96,-7,24,10,42,2,33527554,375
409.08,1545025774,7968.28,51.450183,7.425339,179.32,36.71,0.11,331.86,1,-96,-7,24,10,42,2,33527554,375
410.08,1545025775,8005.14,51.450474,7.425098,177.38,36.83,0.12,333.45,1,-97,-7,4,10,41,2,33527554,375
411.08,1545025776,8041.86,51.450774,7.424868,175.48,36.94,0.11,335.04,1,-97,-7,4,10,41,2,33527554,375
412.08,1545025777,8078.69,51.451079,7.424646,173.86,36.77,-0.17,336.36,1,-102,-13,1,4,42,50,27771140,375
413.08,1545025778,8115.58,51.451387,7.424445,172.55,36.58,-0.19,338.24,1,-102,-13,1,4,42,50,27771140,375
414.09,1545025779,8152.56,51.451693,7.424258,171.41,36.42,-0.16,339.80,1,-99,-8,-2,6,41,37,29568770,414
415.08,1545025780,8188.62,51.451998,7.424078,170.53,36.45,0.03,340.45,1,-99,-8,-2,6,41,37,29568770,414
416.08,1545025781,8225.07,51.452302,7.423916,169.62,36.27,-0.18,341.22,1,-99,-8,-2,6,41,37,29568770,414
417.08,1545025782,8261.42,51.452597,7.423760,168.39,36.02,-0.25,342.23,1,-103,-12,-3,6,40,44,28365057,224
418.08,1545025783,8297.33,51.452902,7.423603,167.25,35.86,-0.16,342.98,1,-103,-12,-3,6,40,44,28365057,224
419.08,1545025784,8333.16,51.453211,7.423457,165.94,35.92,0.06,343.58,1,-96,-10,-2,6,44,47,27771140,49
420.08,1545025785,8369.22,51.453523,7.423313,164.62,36.03,0.10,343.94,1,-96,-10,-2,6,44,47,27771140,49
421.08,1545025786,8405.29,51.453830,7.423168,163.35,35.87,-0.16,344.10,1,-97,-12,1,6,47,47,27771140,49
422.08,1545025787,8441.15,51.454139,7.423026,162.14,36.02,0.15,344.13,1,-97,-12,1,6,47,47,27771140,49
423.08,1545025788,8477.13,51.454449,7.422880,160.98,35.76,-0.25,343.96,1,-103,-15,0,4,44,47,27771140,49
424.08,1545025789,8512.93,51.454756,7.422736,159.84,35.15,-0.61,343.53,1,-103,-15,0,4,44,47,27771140,49
425.08,1545025790,8547.98,51.455057,7.422595,158.74,34.66,-0.50,343.21,1,-90,-8,-3,6,49,26,29563905,97
426.08,1545025791,8582.53,51.455353,7.422454,157.70,34.25,-0.41,342.67,1,-90,-8,-3,6,49,26,29563905,97
427.08,1545025792,8616.89,51.455644,7.422301,156.73,33.95,-0.31,341.66,1,-99,-17,-4,1,49,10,33837570,97
428.08,1545025793,8650.87,51.455934,7.422148,155.86,33.68,-0.27,341.15,1,-99,-17,-4,1,49,10,33837570,97
429.08,1545025794,8684.58,51.456219,7.421988,155.12,33.47,-0.21,340.42,1,-96,-12,-3,6,47,10,33837570,370
430.08,1545025795,8718.12,51.456499,7.421822,154.49,33.18,-0.29,339.33,1,-96,-12,-3,6,47,10,33837570,370
431.08,1545025796,8751.07,51.456777,7.421654,154.04,32.93,-0.25,338.65,1,-97,-13,-7,6,46,15,27770883,35
432.08,1545025797,8784.23,51.457050,7.421472,153.73,33.05,0.12,337.38,1,-97,-13,-7,6,46,15,27770883,35
433.08,1545025798,8817.08,51.457322,7.421288,153.50,33.17,0.12,336.53,1,-95,-15,-2,8,48,15,27770883,35
434.08,1545025799,8850.42,51.457593,7.421090,153.32,33.35,0.18,335.56,1,-95,-15,-2,8,48,15,27770883,35
435.09,1545025800,8883.98,51.457866,7.420884,153.16,33.63,0.27,334.49,1,-98,-14,-4,6,47,15,27770883,35
436.08,1545025801,8917.37,51.458142,7.420674,153.01,33.96,0.33,333.56,1,-98,-14,-4,6,47,15,27770883,35
437.08,1545025802,8951.29,51.458413,7.420450,152.92,34.20,0.24,332.71,1,-98,-14,-4,6,47,15,27770883,35
438.08,1545025803,8985.42,51.458683,7.420219,152.83,33.94,-0.26,331.65,1,-82,-5,1,6,55,27,33527554,375
439.08,1545025804,9019.32,51.458953,7.419988,152.57,33.38,-0.55,330.90,1,-82,-5,1,6,55,27,33527554,375
440.08,1545025805,9052.74,51.459211,7.419754,152.47,33.34,-0.04,329.99,1,-86,-9,3,6,51,10,27770883,35
441.08,1545025806,9085.98,51.459472,7.419513,152.33,33.32,-0.02,329.05,1,-86,-9,3,6,51,10,27770883,35
442.08,1545025807,9119.46,51.459726,7.419257,152.07,33.45,0.13,327.79,1,-80,-11,4,11,58,10,27770883,35
443.08,1545025808,9152.88,51.459984,7.418990,152.03,33.52,0.07,326.51,1,-80,-11,4,11,58,10,27770883,35
444.08,1545025809,9186.37,51.460241,7.418722,152.12,33.73,0.21,325.95,1,-87,-6,0,6,49,28,33527554,375
445.08,1545025810,9220.10,51.460496,7.418442,152.27,34.05,0.31,324.91,1,-87,-6,0,6,49,28,33527554,375
446.08,1545025811,9254.14,51.460751,7.418158,152.41,34.28,0.24,324.05,1,-83,-8,1,6,56,9,27770883,35
447.08,1545025812,9288.39,51.460994,7.417864,152.76,34.53,0.25,323.06,1,-83,-8,1,6,56,9,27770883,35
448.08,1545025813,9322.99,51.461235,7.417560,153.21,34.74,0.22,322.03,1,-81,-7,12,15,57,9,27770883,35
449.08,1545025814,9357.73,51.461477,7.417243,153.43,35.06,0.32,320.79,1,-81,-7,12,15,57,9,27770883,35
450.08,1545025815,9392.86,51.461722,7.416921,153.59,35.41,0.36,320.17,1,-84,-8,11,15,56,9,27770883,35
451.08,1545025816,9428.20,51.461962,7.416588,153.70,35.49,0.07,319.26,1,-84,-8,11,15,56,9,27770883,35
452.08,1545025817,9463.55,51.462198,7.416259,153.74,35.73,0.24,319.31,1,-80,-7,22,15,55,9,27770883,35
453.08,1545025818,9499.39,51.462430,7.415908,153.78,36.06,0.33,316.92,1,-80,-7,22,15,55,9,27770883,35
454.08,1545025819,9535.45,51.462669,7.415549,153.76,36.37,0.30,315.99,1,-83,-7,11,13,55,9,27770883,35
455.08,1545025820,9571.78,51.462903,7.415176,153.81,36.58,0.22,314.90,1,-83,-7,11,13,55,9,27770883,35
456.09,1545025821,9608.65,51.463134,7.414797,153.90,36.77,0.19,313.89,1,-75,-6,24,12,62,9,27770883,35
457.08,1545025822,9645.13,51.463368,7.414407,153.54,37.01,0.24,313.04,1,-75,-6,24,12,62,9,27770883,35
458.08,1545025823,9682.18,51.463595,7.414003,153.01,37.34,0.33,311.85,1,-75,-6,24,12,62,9,27770883,35
459.08,1545025824,9719.51,51.463816,7.413604,152.36,37.18,-0.16,311.22,1,-88,-7,10,11,50,9,27770883,35
460.08,1545025825,9756.62,51.464030,7.413201,151.66,36.55,-0.64,310.48,1,-88,-7,10,11,50,9,27770883,35
461.08,1545025826,9793.27,51.464238,7.412804,151.30,36.19,-0.35,309.60,1,-87,-8,18,12,51,9,27770883,35
462.08,1545025827,9829.43,51.464441,7.412404,151.39,36.10,-0.09,309.21,1,-87,-8,18,12,51,9,27770883,35
463.08,1545025828,9865.54,51.464645,7.412010,151.66,36.13,0.03,308.79,1,-77,-10,14,11,58,9,27770883,35
464.08,1545025829,9901.63,51.464849,7.411609,151.92,36.24,0.11,308.27,1,-77,-10,14,11,58,9,27770883,35
465.08,1545025830,9937.94,51.465057,7.411200,152.09,36.45,0.22,308.26,1,-95,-12,7,8,43,9,27770883,35
466.08,1545025831,9974.39,51.465260,7.410784,152.06,36.66,0.21,308.10,1,-95,-12,7,8,43,9,27770883,35
467.08,1545025832,10011.05,51.465462,7.410372,151.90,35.83,-0.83,308.00,1,-94,-8,3,2,41,4,27770885,33
468.08,1545025833,10046.92,51.465661,7.409968,151.65,35.35,-0.49,308.06,1,-94,-8,3,2,41,4,27770885,33
469.08,1545025834,10082.16,51.465857,7.409567,151.47,35.36,0.02,308.10,1,-72,-5,28,14,63,4,27770885,33
470.08,1545025835,10117.59,51.466051,7.409167,151.38,34.98,-0.38,308.34,1,-72,-5,28,14,63,4,27770885,33
471.08,1545025836,10152.50,51.466244,7.408772,151.50,35.01,0.03,308.32,1,-94,-8,10,13,45,4,27770885,33
472.08,1545025837,10187.47,51.466438,7.408376,151.65,35.15,0.15,308.69,1,-94,-8,10,13,45,4,27770885,33
473.08,1545025838,10222.62,51.466633,7.407982,151.90,35.42,0.27,308.81,1,-87,-9,7,12,48,4,27770885,33
474.08,1545025839,10258.11,51.466833,7.407593,151.96,35.09,-0.32,309.14,1,-87,-9,7,12,48,4,27770885,33
475.08,1545025840,10293.21,51.467031,7.407209,152.13,34.22,-0.87,309.48,1,-83,-6,16,15,50,4,27770885,33
476.08,1545025841,10327.43,51.467227,7.406828,152.42,34.36,0.14,309.58,1,-83,-6,16,15,50,4,27770885,33
477.09,1545025842,10362.03,51.467425,7.406444,152.54,34.45,0.09,309.86,1,-85,-6,18,15,52,4,27770885,33
478.08,1545025843,10396.21,51.467629,7.406064,152.52,34.75,0.30,310.48,1,-85,-6,18,15,52,4,27770885,33
479.08,1545025844,10430.99,51.467832,7.405681,152.56,35.01,0.26,310.69,1,-85,-6,18,15,52,4,27770885,33
480.08,1545025845,10466.00,51.468037,7.405304,152.96,35.22,0.21,311.32,1,-85,-7,6,12,51,4,27770885,33
481.08,1545025846,10501.22,51.468245,7.404925,153.52,35.45,0.23,311.38,1,-85,-7,6,12,51,4,27770885,33
482.08,1545025847,10536.60,51.468459,7.404547,153.89,34.81,-0.64,312.13,1,-85,-8,4,15,54,4,27770885,33
483.08,1545025848,10571.45,51.468670,7.404175,154.25,34.24,-0.57,312.64,1,-85,-8,4,15,54,4,27770885,33
484.08,1545025849,10605.68,51.468878,7.403808,154.46,34.25,0.01,312.80,1,-84,-8,-3,9,52,4,27770885,33
485.08,1545025850,10639.96,51.469086,7.403443,154.63,34.30,0.06,313.10,1,-84,-8,-3,9,52,4,27770885,33
486.08,1545025851,10674.27,51.469299,7.403083,155.23,34.16,-0.15,313.40,1,-83,-5,6,15,56,19,27771140,49
487.08,1545025852,10708.42,51.469512,7.402730,155.59,34.13,-0.03,314.36,1,-83,-5,6,15,56,19,27771140,49
488.08,1545025853,10742.55,51.469726,7.402391,155.98,32.89,-1.24,314.75,1,-82,-4,33,10,57,19,27771140,49
489.08,1545025854,10775.44,51.469934,7.402057,156.46,32.53,-0.36,315.11,1,-82,-4,33,10,57,19,27771140,49
490.08,1545025855,10808.00,51.470138,7.401732,157.32,32.36,-0.17,315.33,1,-80,-4,30,11,58,19,27771140,49
491.09,1545025856,10840.72,51.470347,7.401417,158.15,31.56,-0.80,317.14,1,-80,-4,30,11,58,19,27771140,49
492.08,1545025857,10871.83,51.470552,7.401126,158.91,30.09,-1.49,318.84,1,-80,-6,20,14,57,19,27771140,49
493.08,1545025858,10901.92,51.470747,7.400850,159.66,28.99,-1.10,318.56,1,-80,-6,20,14,57,19,27771140,49
494.08,1545025859,10930.91,51.470933,7.400582,160.58,27.86,-1.13,317.76,1,-83,-6,21,12,55,19,27771140,49
495.08,1545025860,10958.83,51.471116,7.400317,161.67,27.19,-0.67,317.45,1,-83,-6,21,12,55,19,27771140,49
496.08,1545025861,10986.04,51.471295,7.400055,162.72,26.43,-0.76,317.08,1,-87,-6,19,12,49,19,27771140,49
497.08,1545025862,11012.47,51.471467,7.399804,163.74,25.51,-0.92,317.30,1,-87,-6,19,12,49,19,27771140,49
498.09,1545025863,11038.15,51.471632,7.399559,164.49,25.07,-0.43,317.52,1,-87,-6,25,11,51,19,27771140,49
499.08,1545025864,11063.03,51.471797,7.399315,165.05,24.90,-0.17,318.10,1,-87,-6,25,11,51,19,27771140,49
500.08,1545025865,11087.91,51.471958,7.399074,165.41,24.58,-0.33,318.08,1,-87,-6,25,11,51,19,27771140,49
501.08,1545025866,11112.46,51.472119,7.398841,165.77,24.17,-0.41,318.68,1,-86,-6,29,12,51,19,27771140,49
502.08,1545025867,11136.65,51.472281,7.398608,166.14,24.16,-0.01,318.65,1,-86,-6,29,12,51,19,27771140,49
503.08,1545025868,11160.81,51.472444,7.398377,166.60,24.19,0.03,318.51,1,-86,-6,19,12,52,19,27771140,49
504.08,1545025869,11185.01,51.472610,7.398149,167.14,24.28,0.08,318.96,1,-86,-6,19,12,52,19,27771140,49
505.08,1545025870,11209.31,51.472778,7.397919,167.58,24.25,-0.03,319.00,1,-84,-5,19,15,54,19,27771140,49
506.08,1545025871,11233.53,51.472945,7.397691,167.89,24.22,-0.03,319.69,1,-84,-5,19,15,54,19,27771140,49
507.08,1545025872,11257.78,51.473115,7.397467,168.21,24.20,-0.02,320.12,1,-87,-6,30,15,51,19,27771140,49
508.08,1545025873,11281.97,51.473284,7.397245,168.54,24.16,-0.04,320.61,1,-87,-6,30,15,51,19,27771140,49
509.08,1545025874,11306.13,51.473452,7.397025,168.92,24.09,-0.07,320.89,1,-86,-6,13,15,52,19,27771140,49
510.08,1545025875,11330.24,51.473623,7.396807,169.24,24.10,0.01,321.19,1,-86,-6,13,15,52,19,27771140,49
511.08,1545025876,11354.29,51.473794,7.396589,169.55,24.17,0.08,321.33,1,-83,-6,17,13,55,19,27771140,49
512.08,1545025877,11378.44,51.473966,7.396371,169.83,24.30,0.12,322.00,1,-83,-6,17,13,55,19,27771140,49
513.08,1545025878,11402.79,51.474143,7.396157,170.14,24.49,0.19,322.75,1,-88,-7,13,15,52,19,27771140,49
514.08,1545025879,11427.30,51.474323,7.395941,170.45,24.44,-0.05,323.29,1,-88,-7,13,15,52,19,27771140,49
515.08,1545025880,11451.72,51.474501,7.395734,170.84,24.06,-0.38,324.02,1,-87,-10,9,12,55,19,27771140,49
516.08,1545025881,11475.77,51.474677,7.395526,171.40,23.74,-0.32,324.90,1,-87,-10,9,12,55,19,27771140,49
517.08,1545025882,11499.51,51.474857,7.395329,172.23,23.65,-0.09,325.18,1,-87,-7,15,15,51,19,27771140,49
518.08,1545025883,11523.16,51.475040,7.395130,173.09,23.69,0.04,326.54,1,-87,-7,15,15,51,19,27771140,49
519.09,1545025884,11547.07,51.475225,7.394948,174.08,24.33,0.63,328.76,1,-83,-6,25,15,53,19,27771140,49
520.08,1545025885,11571.08,51.475415,7.394761,174.92,24.90,0.57,329.70,1,-83,-6,25,15,53,19,27771140,49
521.08,1545025886,11596.08,51.475606,7.394575,175.65,25.07,0.17,329.62,1,-83,-6,25,15,53,19,27771140,49
522.08,1545025887,11621.10,51.475801,7.394397,176.35,24.68,-0.40,330.19,1,-82,-7,30,14,56,19,27771140,49
523.08,1545025888,11645.80,51.475990,7.394222,177.00,24.44,-0.24,330.29,1,-82,-7,30,14,56,19,27771140,49
524.08,1545025889,11670.26,51.476184,7.394055,177.73,24.36,-0.08,332.03,1,-77,-6,33,15,62,19,27771140,49
525.08,1545025890,11694.60,51.476377,7.393890,178.29,24.06,-0.30,332.65,1,-77,-6,33,15,62,19,27771140,49
526.08,1545025891,11718.70,51.476571,7.393737,178.63,23.62,-0.43,334.15,1,-78,-7,26,15,62,19,27771140,49
527.08,1545025892,11742.30,51.476761,7.393587,178.92,23.26,-0.36,335.00,1,-78,-7,26,15,62,19,27771140,49
528.08,1545025893,11765.59,51.476952,7.393444,179.15,22.97,-0.29,335.91,1,-81,-7,18,15,57,19,27771140,49
529.08,1545025894,11788.56,51.477135,7.393319,179.39,21.78,-1.19,337.58,1,-81,-7,18,15,57,19,27771140,49
530.08,1545025895,11810.30,51.477312,7.393212,179.68,20.64,-1.15,340.21,1,-86,-9,26,10,54,19,27771140,49
531.08,1545025896,11830.97,51.477482,7.393132,179.90,19.71,-0.93,343.64,1,-86,-9,26,10,54,19,27771140,49
532.08,1545025897,11850.62,51.477634,7.393082,179.81,18.95,-0.76,347.87,1,-83,-11,14,9,58,19,27771140,49
533.08,1545025898,11869.63,51.477802,7.393035,179.72,18.52,-0.43,350.57,1,-83,-11,14,9,58,19,27771140,49
534.08,1545025899,11888.09,51.477977,7.393006,179.52,18.63,0.11,354.51,1,-83,-7,13,6,56,4,27771139,48
535.08,1545025900,11906.78,51.478161,7.393046,179.41,18.90,0.27,8.85,1,-83,-7,13,6,56,4,27771139,48
536.08,1545025901,11925.66,51.478320,7.393103,179.46,18.85,-0.05,11.37,1,-84,-6,17,12,53,4,27771139,48
537.08,1545025902,11944.51,51.478482,7.393180,179.24,19.02,0.17,15.32,1,-84,-6,17,12,53,4,27771139,48
538.08,1545025903,11963.53,51.478629,7.393327,179.04,19.35,0.33,30.72,1,-82,-5,11,15,54,4,27771139,48
539.08,1545025904,11982.85,51.478778,7.393478,178.54,18.74,-0.61,32.11,1,-82,-5,11,15,54,4,27771139,48
540.09,1545025905,12001.76,51.478915,7.393623,178.06,17.49,-1.24,31.61,1,-83,-5,25,15,52,4,27771139,48
541.08,1545025906,12019.14,51.479049,7.393749,178.18,15.80,-1.69,29.65,1,-83,-5,25,15,52,4,27771139,48
542.08,1545025907,12034.88,51.479188,7.393810,178.53,14.94,-0.87,13.72,1,-83,-5,25,15,52,4,27771139,48
543.08,1545025908,12049.86,51.479319,7.393824,178.81,14.40,-0.54,0.25,1,-85,-6,21,15,51,4,27771139,48
544.08,1545025909,12064.23,51.479447,7.393823,179.21,14.40,0.00,356.32,1,-85,-6,21,15,51,4,27771139,48
545.08,1545025910,12078.65,51.479553,7.393756,179.75,14.31,-0.09,339.40,1,-91,-7,20,11,47,4,27771139,48
546.08,1545025911,12092.96,51.479670,7.393677,179.99,14.62,0.31,337.40,1,-91,-7,20,11,47,4,27771139,48
547.08,1545025912,12107.58,51.479785,7.393593,180.46,13.92,-0.70,335.70,1,-91,-9,17,6,50,4,27771139,48
548.08,1545025913,12121.50,51.479894,7.393507,180.57,12.95,-0.97,335.36,1,-91,-9,17,6,50,4,27771139,48
549.08,1545025914,12134.45,51.479991,7.393439,180.76,11.40,-1.55,337.95,1,-90,-8,7,14,50,15,28365058,223
550.08,1545025915,12145.85,51.480083,7.393423,181.34,10.55,-0.85,358.47,1,-90,-8,7,14,50,15,28365058,223
551.08,1545025916,12156.42,51.480169,7.393451,181.66,10.19,-0.36,15.50,1,-86,-7,11,6,53,4,27771139,48
552.08,1545025917,12166.58,51.480255,7.393530,182.15,10.67,0.48,34.51,1,-86,-7,11,6,53,4,27771139,48
553.08,1545025918,12177.26,51.480317,7.393646,182.66,11.27,0.60,53.09,1,-85,-6,18,15,52,4,27771139,48
554.08,1545025919,12188.53,51.480381,7.393783,183.32,12.41,1.14,55.15,1,-85,-6,18,15,52,4,27771139,48
555.08,1545025920,12200.94,51.480446,7.393940,183.95,13.28,0.87,56.84,1,-85,-5,12,15,52,4,27771139,48
556.08,1545025921,12214.19,51.480513,7.394106,184.67,13.23,-0.04,58.02,1,-85,-5,12,15,52,4,27771139,48
557.08,1545025922,12227.46,51.480582,7.394277,185.37,13.30,0.07,58.58,1,-86,-8,15,11,53,4,27771139,48
558.08,1545025923,12240.76,51.480648,7.394444,185.77,14.12,0.82,57.67,1,-86,-8,15,11,53,4,27771139,48
559.08,1545025924,12254.86,51.480716,7.394621,186.08,14.97,0.85,57.24,1,-88,-6,13,9,49,4,27771139,48
560.08,1545025925,12269.84,51.480791,7.394811,186.24,16.08,1.12,57.80,1,-88,-6,13,9,49,4,27771139,48
561.09,1545025926,12286.04,51.480873,7.395016,186.49,17.01,0.92,57.91,1,-85,-5,34,12,52,4,27771139,48
562.08,1545025927,12302.90,51.480955,7.395230,186.61,17.94,0.93,58.77,1,-85,-5,34,12,52,4,27771139,48
563.08,1545025928,12320.83,51.481041,7.395450,186.87,18.12,0.18,58.88,1,-85,-5,34,12,52,4,27771139,48
564.08,1545025929,12338.99,51.481120,7.395671,187.05,17.88,-0.24,59.37,1,-80,-5,22,15,57,4,27771139,48
565.08,1545025930,12356.86,51.481203,7.395896,187.29,17.60,-0.28,60.09,1,-80,-5,22,15,57,4,27771139,48
566.08,1545025931,12374.46,51.481284,7.396113,187.69,17.33,-0.27,59.95,1,-87,-6,10,10,51,4,27771139,48
567.08,1545025932,12391.79,51.481362,7.396329,187.99,17.25,-0.08,59.64,1,-87,-6,10,10,51,4,27771139,48
568.08,1545025933,12409.04,51.481440,7.396541,188.46,17.32,0.07,59.23,1,-85,-5,29,13,51,4,27771139,48
569.08,1545025934,12426.34,51.481514,7.396751,188.83,17.31,-0.01,58.85,1,-85,-5,29,13,51,4,27771139,48
570.08,1545025935,12443.71,51.481588,7.396958,188.82,17.40,0.09,58.27,1,-84,-5,30,15,54,4,27771139,48
571.08,1545025936,12461.04,51.481666,7.397166,188.66,17.30,-0.10,57.54,1,-84,-5,30,15,54,4,27771139,48
572.08,1545025937,12478.38,51.481751,7.397370,188.59,17.16,-0.14,56.68,1,-86,-5,18,12,52,4,27771139,48
573.08,1545025938,12495.52,51.481833,7.397569,188.65,17.07,-0.09,55.83,1,-86,-5,18,12,52,4,27771139,48
574.08,1545025939,12512.61,51.481923,7.397765,188.67,16.87,-0.20,54.61,1,-81,-5,24,15,55,4,27771139,48
575.08,1545025940,12529.46,51.482017,7.397961,188.58,16.57,-0.30,53.14,1,-81,-5,24,15,55,4,27771139,48
576.08,1545025941,12546.04,51.482108,7.398140,188.38,15.95,-0.63,51.55,1,-82,-6,26,15,55,4,27771139,48
577.08,1545025942,12562.00,51.482200,7.398310,188.34,15.00,-0.95,49.73,1,-82,-6,26,15,55,4,27771139,48
578.08,1545025943,12576.98,51.482292,7.398466,188.20,14.08,-0.91,47.74,1,-79,-5,36,13,59,4,27771139,48
579.08,1545025944,12591.06,51.482385,7.398609,188.10,13.28,-0.80,45.47,1,-79,-5,36,13,59,4,27771139,48
580.08,1545025945,12604.38,51.482479,7.398738,188.22,12.81,-0.47,42.88,1,-85,-6,27,12,49,4,27771139,48
581.08,1545025946,12617.21,51.482566,7.398848,188.31,12.35,-0.46,40.74,1,-85,-6,27,12,49,4,27771139,48
582.08,1545025947,12629.57,51.482653,7.398949,188.34,11.72,-0.63,39.02,1,-87,-7,14,9,51,4,27771139,48
583.08,1545025948,12641.21,51.482739,7.399041,188.47,11.20,-0.53,37.72,1,-87,-7,14,9,51,4,27771139,48
584.08,1545025949,12652.43,51.482824,7.399132,188.49,10.68,-0.51,36.10,1,-87,-7,14,9,51,4,27771139,48
585.08,1545025950,12663.13,51.482915,7.399221,188.59,11.70,1.01,34.68,1,-80,-6,13,11,52,4,27771139,48
586.08,1545025951,12674.81,51.483004,7.399309,188.70,12.04,0.35,35.18,1,-80,-6,13,11,52,4,27771139,48
587.08,1545025952,12686.85,51.483096,7.399399,188.73,11.91,-0.13,34.61,1,-84,-6,25,12,48,4,27771139,48
588.08,1545025953,12698.77,51.483192,7.399491,188.62,12.33,0.42,33.63,1,-84,-6,25,12,48,4,27771139,48
589.08,1545025954,12711.10,51.483290,7.399587,188.77,12.71,0.38,34.52,1,-86,-7,25,12,47,4,27771139,48
590.08,1545025955,12723.85,51.483390,7.399689,188.86,13.49,0.78,33.78,1,-86,-7,25,12,47,4,27771139,48
591.08,1545025956,12737.36,51.483497,7.399800,188.87,14.30,0.81,34.33,1,-96,-9,8,6,44,4,27771139,48
592.08,1545025957,12751.59,51.483605,7.399916,189.16,14.94,0.64,34.20,1,-96,-9,8,6,44,4,27771139,48
593.08,1545025958,12766.56,51.483712,7.400028,188.86,14.97,0.03,34.63,1,-96,-9,5,6,45,4,27771139,48
594.08,1545025959,12781.52,51.483818,7.400144,188.47,14.55,-0.42,35.35,1,-96,-9,5,6,45,4,27771139,48
595.08,1545025960,12796.07,51.483923,7.400261,188.16,14.27,-0.28,36.09,1,-91,-7,2,6,46,9,28365058,223
596.08,1545025961,12810.37,51.484025,7.400384,187.75,13.89,-0.37,36.99,1,-91,-7,2,6,46,9,28365058,223
597.08,1545025962,12824.24,51.484128,7.400513,187.85,13.58,-0.31,37.93,1,-100,-8,24,8,39,9,28365058,223
598.08,1545025963,12837.82,51.484228,7.400646,187.90,13.41,-0.17,38.85,1,-100,-8,24,8,39,9,28365058,223
599.08,1545025964,12851.23,51.484325,7.400774,187.90,13.35,-0.06,39.45,1,-97,-8,13,7,42,9,28365058,223
600.08,1545025965,12864.61,51.484413,7.400899,187.85,13.36,0.01,40.11,1,-97,-8,13,7,42,9,28365058,223
601.08,1545025966,12878.00,51.484498,7.401020,187.73,13.21,-0.15,40.65,1,-97,-9,6,6,42,9,28365058,223
602.08,1545025967,12891.21,51.484586,7.401150,187.73,12.83,-0.38,41.26,1,-97,-9,6,6,42,9,28365058,223
603.09,1545025968,12904.15,51.484667,7.401268,187.54,12.57,-0.25,41.75,1,-100,-10,4,5,39,9,28365058,223
604.20,1545025969,12918.13,51.484749,7.401387,187.19,12.20,-0.34,42.19,1,-100,-10,4,5,39,9,28365058,223
605.19,1545025970,12930.16,51.484826,7.401511,187.19,11.83,-0.37,42.30,1,-101,-10,3,5,39,9,28365058,223
606.18,1545025971,12941.91,51.484900,7.401626,187.21,11.53,-0.30,41.91,1,-101,-10,3,5,39,9,28365058,223
607.18,1545025972,12953.42,51.484975,7.401738,187.34,11.01,-0.52,41.59,1,-101,-10,3,5,39,9,28365058,223
608.18,1545025973,12964.42,51.485046,7.401844,187.17,10.48,-0.54,42.21,1,-99,-8,6,10,38,9,28365058,223
609.18,1545025974,12974.90,51.485118,7.401946,187.01,10.10,-0.38,43.24,1,-99,-8,6,10,38,9,28365058,223
610.18,1545025975,12985.02,51.485183,7.402046,186.74,10.02,-0.08,44.00,1,-98,-8,10,9,41,9,28365058,223
611.18,1545025976,12995.04,51.485244,7.402144,186.40,9.75,-0.28,44.94,1,-98,-8,10,9,41,9,28365058,223
612.18,1545025977,13004.80,51.485303,7.402244,186.11,9.40,-0.35,45.97,1,-97,-8,9,10,42,9,28365058,223
613.18,1545025978,13014.18,51.485357,7.402338,185.94,8.63,-0.76,47.03,1,-97,-8,9,10,42,9,28365058,223
614.18,1545025979,13022.80,51.485402,7.402428,185.92,8.02,-0.61,48.19,1,-99,-8,7,4,39,9,28365058,223
615.18,1545025980,13030.82,51.485446,7.402520,185.88,7.56,-0.46,49.08,1,-99,-8,7,4,39,9,28365058,223
616.18,1545025981,13038.40,51.485486,7.402607,185.95,7.07,-0.49,49.84,1,-101,-8,6,5,37,9,28365058,223
617.18,1545025982,13045.47,51.485521,7.402687,185.77,6.83,-0.24,50.33,1,-101,-8,6,5,37,9,28365058,223
618.18,1545025983,13052.28,51.485567,7.402752,185.53,6.80,-0.03,36.72,1,-93,-5,4,6,43,16,29391105,167
619.18,1545025984,13059.07,51.485625,7.402785,185.37,7.37,0.57,14.28,1,-93,-5,4,6,43,16,29391105,167
620.18,1545025985,13066.45,51.485692,7.402783,185.16,7.75,0.38,353.78,1,-93,-6,7,9,44,16,29391105,167
621.18,1545025986,13074.17,51.485751,7.402742,184.92,8.19,0.44,334.33,1,-93,-6,7,9,44,16,29391105,167
622.18,1545025987,13082.37,51.485822,7.402676,184.58,8.94,0.75,330.27,1,-99,-9,-1,6,41,8,28365058,223
623.18,1545025988,13091.34,51.485890,7.402602,184.87,9.43,0.48,327.22,1,-99,-9,-1,6,41,8,28365058,223
624.18,1545025989,13100.75,51.485964,7.402522,185.25,10.11,0.68,326.37,1,-98,-8,3,10,40,8,28365058,223
625.18,1545025990,13110.86,51.486039,7.402432,185.46,10.57,0.46,325.63,1,-98,-8,3,10,40,8,28365058,223
626.19,1545025991,13121.57,51.486120,7.402338,185.53,11.33,0.75,326.01,1,-98,-9,5,5,40,8,28365058,223
627.18,1545025992,13132.79,51.486212,7.402243,185.42,11.33,-0.00,327.04,1,-98,-9,5,5,40,8,28365058,223
628.18,1545025993,13144.13,51.486300,7.402158,185.15,11.40,0.08,329.25,1,-98,-9,5,5,40,8,28365058,223
629.18,1545025994,13155.47,51.486385,7.402084,184.96,11.18,-0.23,331.60,1,-99,-7,1,6,39,14,33519104,128
630.18,1545025995,13166.65,51.486479,7.402010,184.69,10.99,-0.19,333.61,1,-99,-7,1,6,39,14,33519104,128
631.19,1545025996,13177.72,51.486572,7.401944,184.44,10.81,-0.18,335.25,1,-95,-8,9,9,45,14,33519104,128
632.18,1545025997,13188.47,51.486660,7.401889,183.94,10.56,-0.25,337.15,1,-95,-8,9,9,45,14,33519104,128
633.18,1545025998,13199.03,51.486742,7.401842,183.40,10.69,0.13,339.49,1,-95,-8,7,14,42,14,33519104,128
634.18,1545025999,13209.70,51.486836,7.401800,183.26,10.94,0.25,341.76,1,-95,-8,7,14,42,14,33519104,128
635.18,1545026000,13220.67,51.486923,7.401766,182.82,10.95,0.01,344.00,1,-102,-9,3,8,37,14,33519104,128
636.18,1545026001,13231.62,51.487019,7.401737,182.61,10.67,-0.28,346.27,1,-102,-9,3,8,37,14,33519104,128
637.18,1545026002,13242.27,51.487120,7.401713,182.23,10.71,0.04,348.74,1,-87,-6,8,15,43,16,27771139,48
638.18,1545026003,13252.98,51.487220,7.401692,181.89,10.49,-0.23,351.10,1,-87,-6,8,15,43,16,27771139,48
639.18,1545026004,13263.47,51.487312,7.401680,181.23,10.46,-0.03,353.29,1,-90,-6,4,15,43,16,27771139,48
640.18,1545026005,13273.93,51.487404,7.401676,181.10,10.45,-0.01,355.10,1,-90,-6,4,15,43,16,27771139,48
641.18,1545026006,13284.34,51.487499,7.401676,180.90,10.66,0.21,356.89,1,-83,-6,13,13,54,3,26385409,93
642.17,1545026007,13294.99,51.487592,7.401685,180.56,10.66,-0.01,358.22,1,-83,-6,13,13,54,3,26385409,93
643.18,1545026008,13305.68,51.487695,7.401690,180.17,10.72,0.06,358.96,1,-87,-8,18,10,52,3,26385409,93
644.18,1545026009,13316.40,51.487791,7.401697,179.98,10.56,-0.16,359.75,1,-87,-8,18,10,52,3,26385409,93
645.18,1545026010,13326.95,51.487886,7.401704,179.69,10.71,0.16,0.59,1,-88,-6,22,11,49,3,26385409,93
646.18,1545026011,13337.66,51.487987,7.401711,179.04,10.71,-0.00,359.88,1,-88,-6,22,11,49,3,26385409,93
647.19,1545026012,13348.50,51.488086,7.401718,178.26,10.75,0.04,0.11,1,-83,-6,14,13,55,3,26385409,93
648.18,1545026013,13359.12,51.488183,7.401721,177.36,10.85,0.11,0.46,1,-83,-6,14,13,55,3,26385409,93
649.18,1545026014,13369.97,51.488287,7.401723,176.73,11.18,0.33,0.35,1,-83,-6,14,13,55,3,26385409,93
650.18,1545026015,13381.17,51.488392,7.401722,176.24,11.42,0.24,0.59,1,-78,-5,28,15,59,3,26385409,93
651.18,1545026016,13392.57,51.488501,7.401722,175.95,11.86,0.44,0.49,1,-78,-5,28,15,59,3,26385409,93
652.18,1545026017,13404.47,51.488601,7.401723,175.62,11.68,-0.18,359.63,1,-82,-6,16,15,56,3,26385409,93
653.18,1545026018,13416.08,51.488697,7.401726,175.43,10.64,-1.04,359.18,1,-82,-6,16,15,56,3,26385409,93
654.18,1545026019,13426.77,51.488782,7.401730,175.29,9.49,-1.15,359.15,1,-83,-7,16,15,55,3,26385409,93
655.18,1545026020,13436.25,51.488859,7.401730,175.17,8.51,-0.99,0.11,1,-83,-7,16,15,55,3,26385409,93
656.18,1545026021,13444.77,51.488926,7.401732,175.10,7.20,-1.31,0.67,1,-87,-11,12,15,56,3,26385409,93
657.18,1545026022,13451.97,51.488987,7.401735,175.43,6.12,-1.08,0.29,1,-87,-11,12,15,56,3,26385409,93
658.18,1545026023,13458.08,51.489044,7.401735,175.60,4.93,-1.19,359.78,1,-78,-6,21,15,59,2,26385410,94
659.18,1545026024,13463.01,51.489083,7.401737,175.88,4.27,-0.67,0.27,1,-78,-6,21,15,59,2,26385410,94
660.19,1545026025,13467.32,51.489113,7.401737,175.90,3.68,-0.58,0.30,1,-79,-6,27,15,58,2,26385410,94
661.18,1545026026,13470.96,51.489144,7.401736,175.89,3.12,-0.56,359.47,1,-79,-6,27,15,58,2,26385410,94
662.18,1545026027,13474.08,51.489176,7.401736,175.88,3.05,-0.07,359.98,1,-76,-6,26,12,62,2,26385410,94
663.18,1545026028,13477.14,51.489198,7.401737,175.86,1.41,-1.63,0.45,1,-76,-6,26,12,62,2,26385410,94
664.18,1545026029,13478.55,51.489198,7.401737,175.85,0.00,-1.41,0.45,1,-68,-5,32,13,63,2,26385410,94
665.18,1545026030,13478.55,51.489198,7.401737,175.86,0.00,0.00,0.45,1,-68,-5,32,13,63,2,26385410,94
666.18,1545026031,13478.55,51.489198,7.401737,175.86,0.00,0.00,0.45,1,-68,-5,32,13,63,2,26385410,94
667.18,1545026032,13478.55,51.489198,7.401737,175.86,0.00,0.00,0.45,1,-68,-5,32,13,63,2,26385410,94
668.19,1545026033,13478.55,51.489198,7.401737,175.87,0.00,0.00,0.45,1,-67,-5,32,13,63,2,26385410,94
669.18,1545026034,13478.55,51.489198,7.401737,175.87,0.00,0.00,0.45,1,-67,-5,32,13,63,2,26385410,94
670.18,1545026035,13478.55,51.489198,7.401737,175.87,0.00,0.00,0.45,1,-67,-5,32,13,63,2,26385410,94
671.18,1545026036,13478.55,51.489198,7.401737,175.88,0.00,0.00,0.45,1,-67,-5,32,13,63,2,26385410,94
672.18,1545026037,13478.55,51.489198,7.401737,175.88,0.00,0.00,0.45,1,-67,-5,32,13,63,2,26385410,94
673.18,1545026038,13478.55,51.489198,7.401737,175.89,0.00,0.00,0.45,1,-67,-5,32,15,63,2,26385410,94
674.18,1545026039,13478.55,51.489198,7.401737,175.89,0.00,0.00,0.45,1,-67,-5,32,15,63,2,26385410,94
675.18,1545026040,13478.55,51.489198,7.401737,175.89,0.00,0.00,0.45,1,-67,-5,32,15,63,2,26385410,94
676.18,1545026041,13478.55,51.489198,7.401737,175.90,0.00,0.00,0.45,1,-67,-5,32,15,63,2,26385410,94
677.18,1545026042,13478.55,51.489198,7.401737,175.90,0.00,0.00,0.45,1,-67,-5,32,15,63,2,26385410,94
678.18,1545026043,13478.55,51.489198,7.401737,175.90,0.00,0.00,8.98,1,-67,-5,32,15,63,2,26385410,94
679.18,1545026044,13478.55,51.489265,7.401753,175.87,0.00,0.00,5.88,1,-75,-6,29,13,62,2,26385410,94
680.18,1545026045,13478.55,51.489317,7.401761,175.75,4.91,0.00,4.16,1,-75,-6,29,13,62,2,26385410,94
681.17,1545026046,13483.45,51.489347,7.401772,175.21,4.66,-0.25,8.03,1,-68,-6,31,13,63,2,26385410,94
682.17,1545026047,13488.11,51.489385,7.401831,174.61,5.21,0.55,51.72,1,-68,-6,31,13,63,2,26385410,94
683.18,1545026048,13493.32,51.489403,7.401902,174.09,6.91,1.70,72.57,1,-72,-7,30,12,63,2,26385410,94
684.18,1545026049,13500.25,51.489407,7.402017,173.90,9.14,2.23,87.18,1,-72,-7,30,12,63,2,26385410,94
685.18,1545026050,13509.39,51.489414,7.402179,173.70,10.33,1.18,88.06,1,-69,-5,32,12,63,2,26385410,94
686.18,1545026051,13519.73,51.489416,7.402330,173.90,11.54,1.21,88.79,1,-69,-5,32,12,63,2,26385410,94
687.18,1545026052,13531.26,51.489418,7.402507,174.26,12.80,1.27,89.42,1,-68,-5,31,11,63,2,26385410,94
688.18,1545026053,13544.06,51.489416,7.402715,174.42,13.77,0.96,89.89,1,-68,-5,31,11,63,2,26385410,94
689.18,1545026054,13557.92,51.489413,7.402911,174.54,13.80,0.04,90.31,1,-74,-6,30,12,63,2,26385410,94
690.18,1545026055,13571.65,51.489411,7.403114,174.74,13.42,-0.38,90.87,1,-74,-6,30,12,63,2,26385410,94
691.18,1545026056,13585.06,51.489409,7.403308,174.99,13.07,-0.36,90.78,1,-74,-6,30,12,63,2,26385410,94
692.18,1545026057,13598.10,51.489404,7.403493,175.05,12.84,-0.23,90.92,1,-70,-6,30,11,63,2,26385410,94
693.18,1545026058,13610.98,51.489401,7.403668,175.13,12.48,-0.36,90.91,1,-70,-6,30,11,63,2,26385410,94
694.18,1545026059,13623.44,51.489398,7.403827,175.45,10.81,-1.67,91.28,1,-68,-6,29,12,63,2,26385410,94
695.18,1545026060,13634.24,51.489395,7.403976,175.72,8.93,-1.88,90.31,1,-68,-6,29,12,63,2,26385410,94
696.18,1545026061,13643.18,51.489397,7.404100,175.80,9.16,0.23,89.90,1,-77,-7,22,11,63,2,26385410,94
697.18,1545026062,13652.32,51.489399,7.404235,175.87,9.91,0.76,90.74,1,-77,-7,22,11,63,2,26385410,94
698.18,1545026063,13662.26,51.489396,7.404388,176.14,10.88,0.97,91.32,1,-78,-10,14,10,63,2,26385410,94
699.18,1545026064,13673.14,51.489393,7.404552,176.45,11.89,1.01,91.67,1,-78,-10,14,10,63,2,26385410,94
700.17,1545026065,13684.96,51.489390,7.404729,176.82,12.19,0.30,90.83,1,-69,-5,16,6,63,2,26385408,95
701.17,1545026066,13697.16,51.489389,7.404909,177.20,12.30,0.12,89.87,1,-69,-5,16,6,63,2,26385408,95
702.17,1545026067,13709.47,51.489388,7.405094,177.67,12.16,-0.14,89.44,1,-68,-6,25,11,63,2,26385408,95
703.18,1545026068,13721.68,51.489391,7.405262,177.97,11.90,-0.26,88.70,1,-68,-6,25,11,63,2,26385408,95
704.18,1545026069,13733.57,51.489396,7.405433,177.98,12.02,0.12,87.40,1,-72,-5,24,12,63,2,26385408,95
705.18,1545026070,13745.60,51.489405,7.405586,177.65,11.98,-0.04,85.77,1,-72,-5,24,12,63,2,26385408,95
706.18,1545026071,13757.58,51.489418,7.405751,177.28,12.05,0.07,83.98,1,-75,-6,21,11,62,2,26385408,95
707.18,1545026072,13769.62,51.489435,7.405919,176.86,12.30,0.25,82.42,1,-75,-6,21,11,62,2,26385408,95
708.18,1545026073,13781.93,51.489457,7.406090,176.42,12.48,0.18,80.74,1,-74,-5,24,12,63,2,26385408,95
709.18,1545026074,13794.42,51.489482,7.406268,176.05,12.74,0.26,79.49,1,-74,-5,24,12,63,2,26385408,95
710.18,1545026075,13807.23,51.489510,7.406464,176.07,12.95,0.21,78.79,1,-73,-5,24,11,62,2,26385408,95
711.18,1545026076,13820.07,51.489540,7.406644,176.31,13.22,0.27,78.36,1,-73,-5,24,11,62,2,26385408,95
712.17,1545026077,13833.28,51.489567,7.406822,176.21,13.08,-0.14,77.86,1,-73,-5,24,11,62,2,26385408,95
713.18,1545026078,13846.37,51.489595,7.407001,175.92,12.99,-0.09,77.67,1,-71,-6,24,12,63,2,26385408,95
714.18,1545026079,13859.39,51.489621,7.407183,175.61,12.90,-0.09,77.86,1,-71,-6,24,12,63,2,26385408,95
715.18,1545026080,13872.29,51.489647,7.407368,175.35,12.98,0.08,78.13,1,-71,-6,22,15,63,2,26385408,95
716.18,1545026081,13885.27,51.489672,7.407554,175.14,13.18,0.20,78.89,1,-71,-6,22,15,63,2,26385408,95
717.18,1545026082,13898.45,51.489696,7.407741,175.01,13.37,0.19,79.37,1,-75,-5,21,12,61,2,26385408,95
718.18,1545026083,13911.81,51.489719,7.407933,174.64,13.54,0.17,79.71,1,-75,-5,21,12,61,2,26385408,95
719.18,1545026084,13925.36,51.489742,7.408133,174.36,13.64,0.11,79.19,1,-75,-4,23,12,59,2,26385408,95
720.18,1545026085,13939.06,51.489765,7.408331,174.08,13.85,0.21,78.84,1,-75,-4,23,12,59,2,26385408,95
721.18,1545026086,13952.83,51.489789,7.408528,173.80,14.12,0.27,78.48,1,-76,-5,21,12,60,2,26385408,95
722.18,1545026087,13967.07,51.489815,7.408713,173.08,14.18,0.05,77.62,1,-76,-5,21,12,60,2,26385408,95
723.18,1545026088,13981.16,51.489843,7.408914,172.45,14.22,0.04,77.59,1,-79,-8,21,10,61,2,26385408,95
724.18,1545026089,13995.39,51.489869,7.409109,172.00,14.11,-0.11,77.38,1,-79,-8,21,10,61,2,26385408,95
725.18,1545026090,14009.49,51.489897,7.409312,171.44,14.15,0.03,77.29,1,-75,-5,21,15,60,2,26385408,95
726.18,1545026091,14023.64,51.489924,7.409512,170.68,14.09,-0.05,78.26,1,-75,-5,21,15,60,2,26385408,95
727.18,1545026092,14037.73,51.489950,7.409704,170.02,13.92,-0.18,78.15,1,-76,-5,31,12,59,2,26385408,95
728.18,1545026093,14051.65,51.489975,7.409895,169.45,13.57,-0.34,78.52,1,-76,-5,31,12,59,2,26385408,95
729.18,1545026094,14065.21,51.489999,7.410094,168.69,13.30,-0.27,78.86,1,-76,-5,22,12,57,2,26385408,95
730.18,1545026095,14078.53,51.490019,7.410270,168.01,13.09,-0.22,78.95,1,-76,-5,22,12,57,2,26385408,95
731.18,1545026096,14091.60,51.490041,7.410454,167.38,12.69,-0.40,78.60,1,-83,-6,22,11,54,2,26385408,95
732.18,1545026097,14104.29,51.490064,7.410630,166.98,12.48,-0.21,78.24,1,-83,-6,22,11,54,2,26385408,95
733.18,1545026098,14116.86,51.490087,7.410797,166.50,12.14,-0.33,77.55,1,-87,-7,18,9,47,2,26385408,95
734.17,1545026099,14128.88,51.490111,7.410958,166.39,11.97,-0.18,77.82,1,-87,-7,18,9,47,2,26385408,95
