time_s,timestamp_ms,distance_m,latitude,longitude,altitude,velocity_mps,acceleration_mpss,direction,isRegistered,rsrp_dbm,rsrq_db,rssnr_db,cqi,ss,ta,ci,pci
0.00,1545283541,0.00,51.450027,7.488249,252.05,8.73,0.00,171.24,1,-96,-9,13,13,44,7,28371201,66
1.00,1545283542,8.72,51.449958,7.488277,252.33,9.32,0.59,169.98,1,-97,-9,14,13,42,7,28371201,66
2.00,1545283543,18.03,51.449869,7.488305,252.75,10.06,0.75,170.34,1,-97,-9,14,13,42,7,28371201,66
3.00,1545283544,28.11,51.449778,7.488337,253.02,10.52,0.45,170.69,1,-97,-10,4,12,45,7,28371201,66
4.00,1545283545,38.63,51.449685,7.488364,253.38,10.96,0.44,171.49,1,-97,-10,4,12,45,7,28371201,66
5.00,1545283546,49.59,51.449585,7.488385,253.79,11.50,0.54,172.92,1,-99,-10,6,8,42,7,28371201,66
6.00,1545283547,61.09,51.449486,7.488405,253.85,11.97,0.47,174.43,1,-99,-10,6,8,42,7,28371201,66
7.01,1545283548,73.06,51.449382,7.488417,253.57,11.90,-0.06,176.10,1,-101,-10,6,10,40,7,28371201,66
8.00,1545283549,84.96,51.449274,7.488422,253.64,11.95,0.05,177.80,1,-101,-10,6,10,40,7,28371201,66
9.00,1545283550,96.91,51.449152,7.488421,253.68,11.73,-0.23,179.68,1,-99,-9,3,10,41,7,28371201,66
10.14,1545283551,110.18,51.449035,7.488418,253.89,12.35,0.56,181.44,1,-99,-9,3,10,41,7,28371201,66
11.11,1545283552,122.15,51.448922,7.488402,254.34,12.88,0.55,183.37,1,-102,-10,4,7,38,7,28371201,66
12.11,1545283553,135.05,51.448802,7.488375,254.67,13.21,0.32,186.29,1,-102,-10,4,7,38,7,28371201,66
13.10,1545283554,148.20,51.448684,7.488336,255.51,13.62,0.41,188.71,1,-106,-10,4,5,34,7,28371201,66
14.11,1545283555,161.87,51.448559,7.488293,255.94,13.61,-0.01,190.34,1,-106,-10,4,5,34,7,28371201,66
15.11,1545283556,175.59,51.448430,7.488246,256.38,13.84,0.22,191.75,1,-109,-12,1,7,33,7,28371201,66
16.11,1545283557,189.35,51.448305,7.488194,256.82,13.78,-0.06,192.81,1,-109,-12,1,7,33,7,28371201,66
17.11,1545283558,203.10,51.448188,7.488145,257.32,13.56,-0.22,193.40,1,-109,-12,1,7,33,7,28371201,66
18.11,1545283559,216.66,51.448070,7.488095,257.86,13.53,-0.03,193.85,1,-111,-12,0,5,31,7,28371201,66
19.11,1545283560,230.20,51.450729,7.491038,258.35,13.57,0.04,193.39,1,-111,-12,0,5,31,7,28371201,66
20.10,1545283561,243.71,51.447835,7.487995,258.59,13.06,-0.51,192.42,1,-107,-11,-1,8,31,9,27771909,66
21.20,1545283562,258.09,51.447717,7.487951,258.57,12.39,-0.60,191.45,1,-107,-11,-1,8,31,9,27771909,66
22.20,1545283563,270.47,51.447592,7.487915,258.97,13.52,1.13,189.10,1,-105,-10,2,5,36,9,27771909,271
23.20,1545283564,283.99,51.447468,7.487886,259.34,13.42,-0.10,187.15,1,-105,-10,2,5,36,9,27771909,271
24.20,1545283565,297.41,51.447343,7.487863,259.49,13.13,-0.29,185.88,1,-105,-9,4,8,35,9,27771909,271
25.20,1545283566,310.53,51.447219,7.487853,259.82,13.24,0.11,183.94,1,-105,-9,4,8,35,9,27771909,271
26.21,1545283567,323.81,51.447102,7.487861,259.91,13.18,-0.06,182.23,1,-102,-9,5,10,36,9,27771909,271
27.21,1545283568,336.99,51.446991,7.487881,260.08,13.37,0.19,179.41,1,-102,-9,5,10,36,9,27771909,271
28.21,1545283569,350.36,51.446873,7.487943,260.03,14.05,0.68,165.85,1,-103,-8,2,5,37,9,27771909,271
29.21,1545283570,364.41,51.446738,7.488004,259.16,14.02,-0.02,165.00,1,-103,-8,2,5,37,9,27771909,271
30.21,1545283571,378.45,51.446608,7.488084,258.34,14.40,0.38,163.01,1,-104,-9,4,10,36,9,27771909,271
31.21,1545283572,392.91,51.446488,7.488163,258.26,14.53,0.13,160.50,1,-104,-9,4,10,36,9,27771909,271
32.21,1545283573,407.38,51.446370,7.488254,258.36,14.58,0.05,157.93,1,-104,-10,5,8,37,9,27771909,271
33.20,1545283574,421.92,51.446256,7.488352,258.86,14.63,0.05,155.13,1,-104,-10,5,8,37,9,27771909,271
34.21,1545283575,436.59,51.446150,7.488459,259.47,14.66,0.03,152.07,1,-104,-12,4,10,38,9,27771909,271
35.21,1545283576,451.27,51.446042,7.488582,259.67,14.90,0.24,149.16,1,-104,-12,4,10,38,9,27771909,271
36.21,1545283577,466.15,51.445916,7.488734,260.54,15.12,0.22,145.60,1,-101,-8,16,12,36,9,27771909,271
37.21,1545283578,481.26,51.445810,7.488882,261.69,15.16,0.04,142.31,1,-101,-8,16,12,36,9,27771909,271
38.21,1545283579,496.55,51.445709,7.489046,263.13,15.20,0.04,138.91,1,-104,-9,4,6,34,9,27771909,271
39.21,1545283580,511.62,51.445528,7.479498,264.54,15.24,0.04,135.98,1,-104,-9,4,6,34,9,27771909,271
40.21,1545283581,526.86,51.445536,7.489402,266.25,15.11,-0.13,133.82,1,-104,-9,4,6,34,9,27771909,271
41.21,1545283582,541.97,51.445453,7.489590,267.52,15.35,0.24,131.90,1,-106,-11,2,5,35,13,28371201,271
42.21,1545283583,557.36,51.445379,7.489770,268.30,15.54,0.19,130.48,1,-106,-11,2,5,35,13,28371201,271
43.21,1545283584,572.87,51.445300,7.489962,269.01,15.39,-0.16,129.09,1,-103,-8,4,7,34,13,28371201,66
44.21,1545283585,588.28,51.445224,7.490142,269.63,15.26,-0.13,128.42,1,-103,-8,4,7,34,13,28371201,66
45.21,1545283586,603.52,51.445146,7.490327,270.00,15.00,-0.25,127.96,1,-105,-9,4,6,33,13,28371201,66
46.21,1545283587,618.53,51.445069,7.490505,270.65,14.61,-0.40,127.76,1,-105,-9,4,6,33,13,28371201,66
47.21,1545283588,633.15,51.444993,7.490679,271.37,14.14,-0.47,127.45,1,-105,-10,5,10,35,13,28371201,66
48.21,1545283589,647.27,51.444923,7.490846,272.12,13.82,-0.32,127.79,1,-105,-10,5,10,35,13,28371201,66
49.20,1545283590,661.05,51.444864,7.490987,272.43,11.04,-2.79,126.79,1,-108,-9,4,5,31,13,28371201,66
50.20,1545283591,672.10,51.444811,7.491107,272.27,9.44,-1.60,126.92,1,-108,-9,4,5,31,13,28371201,66
51.21,1545283592,681.56,51.444766,7.491209,272.11,8.04,-1.39,126.90,1,-108,-9,3,7,29,13,28371201,66
52.21,1545283593,689.60,51.444723,7.491306,272.43,7.09,-0.95,126.65,1,-108,-9,3,7,29,13,28371201,66
53.21,1545283594,696.67,51.444693,7.491378,272.93,5.04,-2.05,127.20,1,-108,-8,1,6,31,6,27771907,272
54.21,1545283595,701.71,51.444669,7.491440,273.33,4.63,-0.40,127.49,1,-108,-8,1,6,31,6,27771907,272
55.20,1545283596,706.33,51.444646,7.491493,273.80,4.61,-0.02,127.38,1,-110,-9,3,5,30,6,27771907,272
56.21,1545283597,710.96,51.444619,7.491551,274.18,5.16,0.55,127.09,1,-110,-9,3,5,30,6,27771907,272
57.20,1545283598,716.11,51.444591,7.491613,274.94,5.63,0.47,127.62,1,-106,-9,4,12,33,6,27771907,272
58.20,1545283599,721.75,51.444552,7.491691,275.61,6.30,0.66,130.33,1,-106,-9,4,12,33,6,27771907,272
59.21,1545283600,728.06,51.443246,7.494510,276.15,6.20,-0.10,153.86,1,-98,-8,7,14,41,6,27771907,272
60.20,1545283601,734.24,51.444433,7.491755,276.84,6.55,0.34,183.47,1,-98,-8,7,14,41,6,27771907,272
61.21,1545283602,740.80,51.444390,7.491714,277.26,7.38,0.83,209.56,1,-98,-8,7,14,41,6,27771907,272
62.20,1545283603,748.17,51.444322,7.491646,277.12,7.91,0.53,211.29,1,-93,-7,14,8,45,6,27771907,272
63.20,1545283604,756.06,51.444247,7.491566,276.52,9.87,1.97,212.86,1,-93,-7,14,8,45,6,27771907,272
64.20,1545283605,765.96,51.444163,7.491470,275.74,10.66,0.79,213.78,1,-91,-7,14,15,48,6,27771907,272
65.20,1545283606,776.61,51.444077,7.491366,274.95,11.87,1.20,214.32,1,-91,-7,14,15,48,6,27771907,272
66.20,1545283607,788.48,51.443984,7.491256,274.22,12.52,0.66,214.44,1,-91,-6,26,11,47,6,27771907,272
67.20,1545283608,800.99,51.443887,7.491139,273.72,12.91,0.39,214.16,1,-91,-6,26,11,47,6,27771907,272
68.20,1545283609,813.90,51.443784,7.491016,273.24,14.42,1.50,214.70,1,-79,-5,33,15,59,6,27771907,272
69.20,1545283610,828.33,51.443678,7.490891,272.71,15.19,0.77,215.17,1,-79,-5,33,15,59,6,27771907,272
70.20,1545283611,843.54,51.443567,7.490757,272.29,15.84,0.65,215.60,1,-69,-5,32,15,63,6,27771907,272
71.20,1545283612,859.33,51.443457,7.490618,271.74,16.56,0.72,216.51,1,-69,-5,32,15,63,6,27771907,272
72.20,1545283613,875.90,51.443338,7.490471,270.93,17.02,0.46,216.47,1,-72,-5,32,13,63,6,27771907,272
73.20,1545283614,892.94,51.443212,7.490317,270.44,17.63,0.62,216.48,1,-72,-5,32,13,63,6,27771907,272
74.20,1545283615,910.55,51.443082,7.490163,270.20,17.98,0.34,216.56,1,-91,-6,26,12,47,6,27771907,272
75.20,1545283616,928.55,51.442952,7.490009,270.12,17.89,-0.09,216.52,1,-91,-6,26,12,47,6,27771907,272
76.20,1545283617,946.42,51.442828,7.489866,270.12,17.66,-0.23,216.48,1,-81,-5,31,13,55,6,27771907,272
77.20,1545283618,964.08,51.442699,7.489713,270.56,17.34,-0.32,215.73,1,-81,-5,31,13,55,6,27771907,272
78.20,1545283619,981.42,51.442569,7.489563,271.32,17.04,-0.30,215.89,1,-69,-4,22,12,63,6,27771907,272
79.20,1545283620,998.47,51.443246,7.494510,272.10,16.73,-0.31,216.39,1,-69,-4,22,12,63,6,27771907,272
80.22,1545283621,1015.47,51.442328,7.489277,272.74,16.28,-0.44,216.85,1,-70,-4,35,13,63,6,27771907,272
81.20,1545283622,1031.44,51.442212,7.489132,273.51,16.02,-0.27,217.27,1,-70,-4,35,13,63,6,27771907,272
82.20,1545283623,1047.46,51.442108,7.489003,274.27,15.71,-0.31,217.83,1,-70,-4,35,13,63,6,27771907,272
83.20,1545283624,1063.21,51.441997,7.488858,274.65,15.68,-0.03,218.54,1,-79,-5,33,15,58,6,27771907,272
84.20,1545283625,1078.89,51.441895,7.488717,274.71,15.52,-0.16,220.15,1,-79,-5,33,15,58,6,27771907,272
85.20,1545283626,1094.39,51.441799,7.488571,275.22,15.77,0.26,222.72,1,-61,-6,29,15,63,6,27771907,272
86.20,1545283627,1110.16,51.441700,7.488411,275.88,15.66,-0.11,224.59,1,-61,-6,29,15,63,6,27771907,272
87.20,1545283628,1125.82,51.441599,7.488230,276.57,15.27,-0.39,226.71,1,-65,-5,34,15,63,6,27771907,272
88.20,1545283629,1141.10,51.441508,7.488057,276.87,15.32,0.06,228.03,1,-65,-5,34,15,63,6,27771907,272
89.20,1545283630,1156.42,51.441422,7.487881,277.29,15.44,0.12,229.30,1,-73,-5,30,15,63,6,27771907,272
90.20,1545283631,1171.84,51.441332,7.487703,277.65,15.91,0.47,230.19,1,-73,-5,30,15,63,6,27771907,272
91.20,1545283632,1187.77,51.441243,7.487515,277.85,16.07,0.17,231.02,1,-77,-5,25,15,58,6,27771907,272
92.20,1545283633,1203.84,51.441156,7.487324,278.23,16.32,0.25,231.44,1,-77,-5,25,15,58,6,27771907,272
93.20,1545283634,1220.16,51.441070,7.487136,278.68,16.65,0.33,232.03,1,-80,-6,22,14,54,6,27771907,272
94.20,1545283635,1236.82,51.440985,7.486950,279.03,16.62,-0.02,232.55,1,-80,-6,22,14,54,6,27771907,272
95.20,1545283636,1253.45,51.440894,7.486751,278.90,16.59,-0.03,232.76,1,-86,-7,1,11,52,6,27771907,272
96.20,1545283637,1270.02,51.440806,7.486545,279.08,16.64,0.05,233.49,1,-86,-7,1,11,52,6,27771907,272
97.20,1545283638,1286.68,51.440719,7.486339,279.12,16.56,-0.07,233.86,1,-85,-9,12,11,55,6,27771907,272
98.20,1545283639,1303.24,51.440637,7.486144,279.31,16.78,0.22,233.42,1,-85,-9,12,11,55,6,27771907,272
99.20,1545283640,1320.02,51.443246,7.494510,279.61,16.73,-0.06,233.47,1,-82,-7,15,6,56,1,27771908,270
100.20,1545283641,1336.75,51.440467,7.485763,280.00,16.61,-0.11,232.92,1,-82,-7,15,6,56,1,27771908,270
101.21,1545283642,1353.48,51.440375,7.485567,280.34,16.82,0.20,232.38,1,-78,-6,29,15,59,1,27771908,270
102.20,1545283643,1370.16,51.440287,7.485380,280.65,16.72,-0.09,233.35,1,-78,-6,29,15,59,1,27771908,270
103.20,1545283644,1386.89,51.440205,7.485201,281.02,16.51,-0.22,232.77,1,-78,-6,29,15,59,1,27771908,270
104.20,1545283645,1403.40,51.440115,7.485011,281.33,16.64,0.14,232.32,1,-76,-6,31,13,61,1,27771908,270
105.20,1545283646,1420.04,51.440023,7.484817,281.56,16.71,0.06,232.32,1,-76,-6,31,13,61,1,27771908,270
106.20,1545283647,1436.73,51.439935,7.484632,282.17,16.55,-0.16,231.74,1,-71,-5,31,14,63,1,27771908,270
107.20,1545283648,1453.29,51.439841,7.484444,282.34,16.37,-0.17,232.35,1,-71,-5,31,14,63,1,27771908,270
108.20,1545283649,1469.65,51.439747,7.484252,282.90,16.22,-0.16,232.36,1,-68,-4,25,15,63,1,27771908,270
109.20,1545283650,1485.89,51.439656,7.484060,283.17,16.16,-0.06,233.10,1,-68,-4,25,15,63,1,27771908,270
110.20,1545283651,1502.03,51.439578,7.483875,283.30,16.24,0.09,234.08,1,-72,-5,30,15,63,1,27771908,270
111.20,1545283652,1518.29,51.439497,7.483693,283.92,16.32,0.07,234.50,1,-72,-5,30,15,63,1,27771908,270
112.20,1545283653,1534.62,51.439410,7.483494,284.47,16.11,-0.20,235.18,1,-71,-5,29,15,63,1,27771908,270
113.20,1545283654,1550.72,51.439330,7.483299,285.39,15.86,-0.25,236.28,1,-71,-5,29,15,63,1,27771908,270
114.20,1545283655,1566.56,51.439255,7.483102,286.11,15.56,-0.30,237.86,1,-75,-8,32,1,63,1,27771908,270
115.20,1545283656,1582.14,51.439179,7.482893,287.55,15.38,-0.18,239.08,1,-75,-8,32,1,63,1,27771908,270
116.20,1545283657,1597.50,51.439104,7.482691,288.41,15.72,0.34,239.71,1,-77,-5,21,1,59,1,27771908,270
117.20,1545283658,1613.22,51.439034,7.482481,289.51,15.98,0.26,240.70,1,-77,-5,21,1,59,1,27771908,270
118.20,1545283659,1629.20,51.438959,7.482268,290.32,16.42,0.44,241.28,1,-83,-5,30,15,52,1,27771908,270
119.20,1545283660,1645.62,51.436094,7.477380,290.58,16.81,0.39,240.54,1,-83,-5,30,15,52,1,27771908,270
120.21,1545283661,1662.49,51.438811,7.481834,290.84,16.26,-0.55,240.56,1,-92,-6,25,12,44,1,27771908,270
121.20,1545283662,1678.67,51.438737,7.481619,291.48,15.85,-0.41,240.58,1,-92,-6,25,12,44,1,27771908,270
122.21,1545283663,1694.65,51.438657,7.481384,291.40,16.72,0.86,240.57,1,-92,-8,27,13,45,1,27771908,270
123.20,1545283664,1711.28,51.438584,7.481168,291.08,16.57,-0.15,240.55,1,-92,-8,27,13,45,1,27771908,270
124.20,1545283665,1727.85,51.438513,7.480961,290.93,16.88,0.31,239.64,1,-92,-8,27,13,45,1,27771908,270
125.20,1545283666,1744.71,51.438435,7.480741,290.82,16.90,0.02,240.07,1,-95,-5,18,12,38,1,27771908,270
126.20,1545283667,1761.61,51.438357,7.480516,291.10,17.47,0.57,239.95,1,-95,-5,18,12,38,1,27771908,270
127.20,1545283668,1779.06,51.438284,7.480307,291.85,17.25,-0.22,240.55,1,-97,-6,28,14,36,1,27771908,270
128.20,1545283669,1796.33,51.438210,7.480084,292.52,17.07,-0.19,241.49,1,-97,-6,28,14,36,1,27771908,270
129.20,1545283670,1813.40,51.438140,7.479872,293.54,16.35,-0.72,242.19,1,-100,-7,22,9,35,1,27771908,270
130.20,1545283671,1829.75,51.438064,7.479648,293.96,16.25,-0.10,241.73,1,-100,-7,22,9,35,1,27771908,270
131.20,1545283672,1845.99,51.437991,7.479433,294.37,16.28,0.03,241.46,1,-101,-6,8,3,34,1,27771908,270
132.20,1545283673,1862.27,51.437918,7.479221,294.84,16.49,0.22,240.98,1,-101,-6,8,3,34,1,27771908,270
133.20,1545283674,1878.78,51.437844,7.479010,295.16,15.89,-0.60,240.86,1,-103,-7,7,11,34,1,27771908,270
134.21,1545283675,1894.70,51.437781,7.478827,295.58,15.30,-0.59,241.64,1,-103,-7,7,11,34,1,27771908,270
135.21,1545283676,1909.98,51.437711,7.478620,295.46,15.49,0.19,241.75,1,-104,-10,6,8,36,1,27771908,270
136.21,1545283677,1925.52,51.437644,7.478404,295.35,14.92,-0.57,241.43,1,-104,-10,6,8,36,1,27771908,270
137.21,1545283678,1940.41,51.437584,7.478222,294.85,14.83,-0.10,241.84,1,-104,-10,6,10,35,1,27771908,270
138.20,1545283679,1955.19,51.437519,7.478033,294.33,15.08,0.25,241.71,1,-104,-10,6,10,35,1,27771908,270
139.21,1545283680,1970.32,51.436094,7.477380,293.75,14.79,-0.29,242.29,1,-107,-8,7,6,31,1,27771908,270
140.21,1545283681,1985.11,51.437399,7.477672,293.27,13.02,-1.77,241.86,1,-107,-8,7,6,31,1,27771908,270
141.21,1545283682,1998.14,51.437341,7.477497,292.60,13.31,0.29,242.22,1,-106,-9,5,5,33,1,27771908,270
142.21,1545283683,2011.44,51.437282,7.477302,292.37,13.42,0.11,242.72,1,-106,-9,5,5,33,1,27771908,270
143.21,1545283684,2024.95,51.437227,7.477119,292.15,12.84,-0.58,243.48,1,-108,-11,5,7,34,1,27771908,270
144.21,1545283685,2037.68,51.437183,7.476945,292.06,12.67,-0.17,246.34,1,-108,-11,5,7,34,1,27771908,270
145.20,1545283686,2050.33,51.437150,7.476787,292.38,12.63,-0.04,248.75,1,-108,-11,5,7,34,1,27771908,270
146.20,1545283687,2062.96,51.437139,7.476620,292.66,11.30,-1.33,262.88,1,-105,-7,12,7,33,1,27771908,270
147.20,1545283688,2074.25,51.437148,7.476452,292.57,9.20,-2.09,277.18,1,-105,-7,12,7,33,1,27771908,270
148.20,1545283689,2083.45,51.437166,7.476319,292.19,8.38,-0.82,279.67,1,-100,-7,18,8,38,1,27771908,270
149.20,1545283690,2091.83,51.437226,7.476203,291.51,8.31,-0.07,310.26,1,-100,-7,18,8,38,1,27771908,270
150.20,1545283691,2100.12,51.437297,7.476134,291.01,7.81,-0.50,331.46,1,-97,-6,14,9,37,1,27771908,270
151.20,1545283692,2107.94,51.437383,7.476123,290.86,8.43,0.62,1.23,1,-97,-6,14,9,37,1,27771908,270
152.20,1545283693,2116.36,51.437467,7.476175,291.01,9.26,0.82,25.53,1,-91,-5,20,13,44,1,27771908,270
153.20,1545283694,2125.62,51.437540,7.476262,290.30,9.76,0.51,41.34,1,-91,-5,20,13,44,1,27771908,270
154.20,1545283695,2135.41,51.437623,7.476379,289.75,10.92,1.16,45.16,1,-81,-5,38,14,57,1,27771908,270
155.20,1545283696,2146.32,51.437700,7.476514,289.59,11.78,0.86,47.81,1,-81,-5,38,14,57,1,27771908,270
156.20,1545283697,2158.12,51.437777,7.476658,289.46,12.70,0.92,49.25,1,-81,-4,30,15,55,1,27771908,270
157.20,1545283698,2170.81,51.437854,7.476810,289.66,13.59,0.89,50.42,1,-81,-4,30,15,55,1,27771908,270
158.20,1545283699,2184.41,51.437937,7.476975,289.93,14.61,1.02,51.75,1,-80,-4,38,15,56,1,27771908,270
159.20,1545283700,2199.02,51.436094,7.477380,289.99,15.36,0.75,53.07,1,-80,-4,38,15,56,1,27771908,270
160.30,1545283701,2215.90,51.438107,7.477352,289.72,16.75,1.27,54.32,1,-77,-4,33,15,59,1,27771908,270
161.30,1545283702,2232.68,51.438198,7.477564,289.74,17.57,0.81,54.81,1,-77,-4,33,15,59,1,27771908,270
162.30,1545283703,2250.19,51.438293,7.477795,290.09,18.40,0.84,55.65,1,-76,-5,32,15,60,1,27771908,270
163.30,1545283704,2268.65,51.438380,7.478012,290.66,19.01,0.60,55.98,1,-76,-5,32,15,60,1,27771908,270
164.31,1545283705,2287.69,51.438476,7.478247,291.09,20.03,1.02,56.40,1,-79,-5,32,15,59,1,27771908,270
165.30,1545283706,2307.69,51.438583,7.478506,291.29,20.66,0.63,56.54,1,-79,-5,32,15,59,1,27771908,270
166.31,1545283707,2328.49,51.438691,7.478768,291.62,21.15,0.49,56.81,1,-82,-5,31,15,56,1,27771908,270
167.30,1545283708,2349.49,51.438791,7.479020,291.48,21.39,0.25,57.13,1,-82,-5,31,15,56,1,27771908,270
168.30,1545283709,2370.88,51.438888,7.479267,291.48,21.33,-0.06,57.12,1,-82,-5,31,15,56,1,27771908,270
169.30,1545283710,2392.21,51.438987,7.479523,291.51,21.45,0.12,56.80,1,-88,-5,29,15,50,1,27771908,270
170.31,1545283711,2413.70,51.439088,7.479781,291.79,21.30,-0.15,56.42,1,-88,-5,29,15,50,1,27771908,270
171.30,1545283712,2434.96,51.439198,7.480048,291.14,21.36,0.06,55.57,1,-88,-5,30,15,48,1,27771908,270
172.30,1545283713,2456.32,51.439310,7.480313,290.55,21.56,0.20,55.12,1,-88,-5,30,15,48,1,27771908,270
173.30,1545283714,2477.90,51.439421,7.480577,289.81,21.55,-0.01,54.73,1,-88,-5,13,15,49,1,27771908,270
174.30,1545283715,2499.43,51.439534,7.480836,289.00,21.31,-0.25,54.49,1,-88,-5,13,15,49,1,27771908,270
175.30,1545283716,2520.73,51.439657,7.481097,288.24,21.62,0.32,53.47,1,-88,-5,27,12,48,1,27771908,270
176.30,1545283717,2542.34,51.439776,7.481348,287.70,21.68,0.05,52.52,1,-88,-5,27,12,48,1,27771908,270
177.30,1545283718,2564.04,51.439906,7.481601,287.37,22.00,0.32,51.27,1,-86,-6,28,14,50,1,27771908,270
178.30,1545283719,2586.04,51.440043,7.481841,287.34,21.94,-0.06,48.51,1,-86,-6,28,14,50,1,27771908,270
179.30,1545283720,2607.98,51.436094,7.477380,287.20,22.05,0.11,47.73,1,-84,-6,23,12,52,1,27771908,270
180.30,1545283721,2629.96,51.440319,7.482309,286.64,22.27,0.23,44.69,1,-84,-6,23,12,52,1,27771908,270
181.30,1545283722,2652.30,51.440458,7.482518,285.96,22.13,-0.14,44.60,1,-84,-6,27,15,52,1,27771908,270
182.30,1545283723,2674.39,51.440614,7.482726,285.26,22.64,0.50,40.91,1,-84,-6,27,15,52,1,27771908,270
183.30,1545283724,2697.05,51.440770,7.482938,284.63,22.76,0.13,40.31,1,-84,-6,25,15,52,1,27771908,270
184.30,1545283725,2719.84,51.440932,7.483142,284.38,22.80,0.04,39.25,1,-84,-6,25,15,52,1,27771908,270
185.30,1545283726,2742.64,51.441093,7.483341,283.93,23.37,0.57,38.06,1,-84,-5,13,1,53,1,27771908,270
186.30,1545283727,2766.04,51.441265,7.483535,283.21,23.71,0.33,35.44,1,-84,-5,13,1,53,1,27771908,270
187.31,1545283728,2789.96,51.441445,7.483738,282.47,24.05,0.34,34.82,1,-83,-5,11,10,52,1,27771908,270
188.30,1545283729,2813.79,51.441630,7.483923,281.78,24.17,0.12,32.03,1,-83,-5,11,10,52,1,27771908,270
189.30,1545283730,2837.93,51.441823,7.484099,280.99,23.98,-0.19,30.35,1,-83,-5,11,10,52,1,27771908,270
190.30,1545283731,2861.94,51.442010,7.484269,280.14,23.57,-0.41,29.85,1,-88,-9,13,15,52,1,27771908,270
191.30,1545283732,2885.51,51.442203,7.484430,279.53,23.42,-0.14,27.52,1,-88,-9,13,15,52,1,27771908,270
192.30,1545283733,2908.86,51.442391,7.484589,279.14,23.38,-0.04,26.52,1,-85,-9,8,6,53,1,27771909,271
193.30,1545283734,2932.24,51.442579,7.484732,278.89,23.24,-0.14,25.80,1,-85,-9,8,6,53,1,27771909,271
194.30,1545283735,2955.53,51.442766,7.484876,278.67,23.10,-0.14,25.28,1,-83,-6,21,15,54,1,27771909,271
195.30,1545283736,2978.63,51.442952,7.485012,278.61,23.07,-0.03,24.48,1,-83,-6,21,15,54,1,27771909,271
196.30,1545283737,3001.71,51.443145,7.485151,278.27,23.01,-0.07,23.94,1,-70,-5,29,15,63,1,27771909,271
197.30,1545283738,3024.71,51.443333,7.485285,277.68,22.61,-0.40,23.57,1,-70,-5,29,15,63,1,27771909,271
198.30,1545283739,3047.34,51.443510,7.485408,276.94,21.62,-0.98,23.61,1,-83,-5,27,15,54,1,27771909,271
199.30,1545283740,3068.92,51.445528,7.479498,276.21,20.69,-0.94,22.14,1,-83,-5,27,15,54,1,27771909,271
200.30,1545283741,3089.61,51.443864,7.485633,275.29,19.96,-0.73,21.62,1,-68,-5,32,15,63,1,27771909,271
201.30,1545283742,3109.59,51.444024,7.485732,274.28,18.70,-1.25,21.49,1,-68,-5,32,15,63,1,27771909,271
202.30,1545283743,3128.22,51.444184,7.485826,273.11,17.80,-0.91,20.80,1,-68,-5,31,15,63,1,27771909,271
203.30,1545283744,3146.09,51.444320,7.485904,271.81,16.13,-1.66,21.60,1,-68,-5,31,15,63,1,27771909,271
204.30,1545283745,3162.22,51.444440,7.485994,270.55,14.86,-1.27,24.49,1,-72,-4,32,15,63,1,27771909,271
205.30,1545283746,3177.09,51.444547,7.486117,269.90,14.31,-0.56,37.86,1,-72,-4,32,15,63,1,27771909,271
206.30,1545283747,3191.39,51.444645,7.486245,270.00,13.64,-0.67,40.10,1,-78,-5,32,15,59,1,27771909,271
207.30,1545283748,3205.03,51.444733,7.486389,269.67,13.35,-0.29,41.94,1,-78,-5,32,15,59,1,27771909,271
208.31,1545283749,3218.51,51.444762,7.486576,269.33,13.04,-0.30,72.22,1,-78,-5,30,15,59,1,27771909,271
209.30,1545283750,3231.43,51.444763,7.486784,269.00,13.06,0.02,90.19,1,-78,-5,30,15,59,1,27771909,271
210.30,1545283751,3244.48,51.444727,7.486981,268.93,13.19,0.13,105.23,1,-78,-5,30,15,59,1,27771909,271
211.30,1545283752,3257.64,51.444677,7.487187,269.02,13.09,-0.11,109.32,1,-83,-5,29,15,53,1,27771909,271
212.30,1545283753,3270.72,51.444594,7.487336,269.03,13.19,0.11,130.30,1,-83,-5,29,15,53,1,27771909,271
213.30,1545283754,3283.97,51.444494,7.487452,268.91,12.87,-0.33,144.87,1,-79,-7,22,15,56,1,27771909,271
214.31,1545283755,3296.85,51.444385,7.487557,268.81,13.05,0.18,148.80,1,-79,-7,22,15,56,1,27771909,271
215.30,1545283756,3309.89,51.444258,7.487594,268.06,12.95,-0.10,170.34,1,-69,-5,28,12,63,1,27771909,271
216.30,1545283757,3322.84,51.444131,7.487557,267.25,13.74,0.79,189.49,1,-69,-5,28,12,63,1,27771909,271
217.30,1545283758,3336.56,51.444012,7.487466,266.58,13.78,0.04,205.73,1,-74,-5,24,12,63,1,27771909,271
218.30,1545283759,3350.35,51.443908,7.487333,265.90,13.59,-0.19,220.17,1,-74,-5,24,12,63,1,27771909,271
219.31,1545283760,3363.97,51.445528,7.479498,265.31,13.70,0.11,238.38,1,-80,-6,32,14,54,1,27771909,271
220.30,1545283761,3377.63,51.443788,7.486963,265.08,14.41,0.71,257.12,1,-80,-6,32,14,54,1,27771909,271
221.31,1545283762,3392.11,51.443758,7.486774,264.89,14.43,0.02,259.25,1,-81,-6,25,15,55,1,27771909,271
222.30,1545283763,3406.44,51.443738,7.486566,264.60,15.05,0.63,262.27,1,-81,-6,25,15,55,1,27771909,271
223.30,1545283764,3421.47,51.443725,7.486347,264.33,16.03,0.98,264.52,1,-81,-6,24,13,55,1,27771909,271
224.30,1545283765,3437.56,51.443719,7.486111,263.82,16.94,0.91,265.89,1,-81,-6,24,13,55,1,27771909,271
225.30,1545283766,3454.50,51.443711,7.485862,263.48,17.89,0.95,266.72,1,-82,-6,25,15,54,1,27771909,271
226.30,1545283767,3472.39,51.443705,7.485593,263.51,18.43,0.54,267.13,1,-82,-6,25,15,54,1,27771909,271
227.30,1545283768,3490.80,51.443699,7.485321,263.98,18.39,-0.04,267.60,1,-91,-6,26,15,46,1,27771909,271
228.30,1545283769,3509.23,51.443692,7.485043,264.55,18.96,0.57,267.98,1,-91,-6,26,15,46,1,27771909,271
229.30,1545283770,3528.17,51.443689,7.484738,264.36,20.40,1.45,268.74,1,-79,-5,30,15,57,1,27771909,271
230.41,1545283771,3550.80,51.443681,7.484093,264.52,22.78,2.14,268.77,1,-79,-5,30,15,57,1,27771909,271
231.40,1545283772,3573.28,51.443682,7.483773,264.66,23.56,0.79,268.47,1,-69,-5,31,15,63,1,27771909,271
232.40,1545283773,3596.87,51.443683,7.483438,264.66,24.31,0.75,268.00,1,-69,-5,31,15,63,1,27771909,271
233.41,1545283774,3621.42,51.443677,7.483087,264.62,25.02,0.71,267.41,1,-71,-6,31,15,63,1,27771909,271
234.40,1545283775,3646.24,51.443667,7.482723,264.62,25.77,0.75,267.11,1,-71,-6,31,15,63,1,27771909,271
235.40,1545283776,3672.01,51.443657,7.482348,264.58,26.38,0.61,267.04,1,-71,-6,31,15,63,1,27771909,271
236.40,1545283777,3698.36,51.443647,7.481971,264.51,26.31,-0.07,266.83,1,-80,-5,28,15,56,1,27771909,271
237.40,1545283778,3724.62,51.443637,7.481598,264.33,25.81,-0.50,266.59,1,-80,-5,28,15,56,1,27771909,271
238.40,1545283779,3750.43,51.443622,7.481230,263.99,25.29,-0.53,266.08,1,-87,-5,23,12,48,1,27771909,271
239.40,1545283780,3775.80,51.443606,7.480863,263.53,25.35,0.06,265.49,1,-87,-5,23,12,48,1,27771909,271
240.40,1545283781,3801.09,51.443584,7.480504,263.25,24.88,-0.47,264.31,1,-90,-6,11,12,46,1,27771909,271
241.40,1545283782,3825.99,51.443561,7.480147,263.01,24.79,-0.09,263.51,1,-90,-6,11,12,46,1,27771909,271
242.40,1545283783,3850.74,51.443531,7.479786,262.76,25.16,0.37,262.80,1,-90,-6,17,12,47,1,27771909,271
243.40,1545283784,3875.87,51.443501,7.479423,262.47,25.62,0.46,262.54,1,-90,-6,17,12,47,1,27771909,271
244.40,1545283785,3901.59,51.443471,7.479050,262.12,26.27,0.64,262.61,1,-89,-5,11,12,49,1,27771909,271
245.40,1545283786,3927.88,51.443439,7.478670,261.76,26.80,0.53,262.68,1,-89,-5,11,12,49,1,27771909,271
246.40,1545283787,3954.60,51.443408,7.478281,261.39,27.38,0.59,262.77,1,-88,-6,21,13,48,1,27771909,271
247.40,1545283788,3981.98,51.443376,7.477883,261.03,27.94,0.56,262.73,1,-88,-6,21,13,48,1,27771909,271
248.40,1545283789,4009.93,51.443343,7.477478,260.69,28.42,0.47,262.23,1,-88,-6,29,10,49,1,27771909,271
249.40,1545283790,4038.34,51.443311,7.477074,260.30,28.31,-0.11,261.93,1,-88,-6,29,10,49,1,27771909,271
250.40,1545283791,4066.65,51.443278,7.476674,259.83,28.12,-0.18,261.86,1,-93,-6,18,9,43,1,27771909,271
251.40,1545283792,4094.78,51.443244,7.476273,259.24,27.99,-0.14,261.82,1,-93,-6,18,9,43,1,27771909,271
252.40,1545283793,4122.82,51.443204,7.475876,258.48,27.82,-0.16,261.11,1,-86,-7,18,15,54,1,27771909,271
253.40,1545283794,4150.67,51.443166,7.475484,257.77,27.67,-0.16,260.83,1,-86,-7,18,15,54,1,27771909,271
254.41,1545283795,4178.55,51.443121,7.475094,257.18,27.85,0.18,259.90,1,-91,-8,10,7,48,1,27771909,271
255.40,1545283796,4206.10,51.443077,7.474700,256.59,28.04,0.19,259.11,1,-91,-8,10,7,48,1,27771909,271
256.40,1545283797,4234.14,51.443035,7.474314,255.79,28.34,0.30,259.04,1,-91,-8,10,7,48,1,27771909,271
257.40,1545283798,4262.56,51.442986,7.473906,255.11,28.66,0.32,258.93,1,-97,-7,9,11,41,1,27771909,271
258.40,1545283799,4291.16,51.442932,7.473493,254.36,29.15,0.49,258.39,1,-97,-7,9,11,41,1,27771909,271
259.40,1545283800,4320.28,51.442876,7.473080,253.79,29.68,0.53,258.13,1,-101,-8,1,6,36,10,30422273,155
260.41,1545283801,4350.14,51.442820,7.472659,253.30,30.56,0.88,257.59,1,-101,-8,1,6,36,10,30422273,155
261.40,1545283802,4380.61,51.442756,7.472227,252.83,31.28,0.72,257.05,1,-104,-8,4,8,31,10,30422273,155
262.40,1545283803,4411.83,51.442697,7.471787,252.64,31.98,0.70,258.26,1,-104,-8,4,8,31,10,30422273,155
263.40,1545283804,4443.81,51.442637,7.471337,252.26,32.69,0.71,258.16,1,-109,-9,4,7,31,10,30422273,155
264.40,1545283805,4476.63,51.442577,7.470884,251.78,32.76,0.06,258.50,1,-109,-9,4,7,31,10,30422273,155
265.40,1545283806,4509.22,51.442515,7.470430,251.38,32.76,0.01,258.78,1,-109,-8,7,12,30,10,30422273,155
266.40,1545283807,4541.98,51.442454,7.469977,251.03,32.64,-0.13,258.40,1,-109,-8,7,12,30,10,30422273,155
267.40,1545283808,4574.75,51.442394,7.469518,250.78,32.66,0.03,258.02,1,-106,-8,3,12,30,10,30422273,155
268.40,1545283809,4607.29,51.442332,7.469056,250.52,32.81,0.14,258.19,1,-106,-8,3,12,30,10,30422273,155
269.40,1545283810,4640.22,51.442270,7.468591,250.06,32.95,0.14,258.23,1,-109,-9,4,12,31,10,30422273,155
270.40,1545283811,4673.08,51.442209,7.468124,249.66,33.09,0.13,258.63,1,-109,-9,4,12,31,10,30422273,155
271.40,1545283812,4706.26,51.442150,7.467664,248.93,33.10,0.02,258.39,1,-108,-11,4,10,33,10,30422273,155
272.40,1545283813,4739.23,51.442092,7.467203,248.01,32.98,-0.12,258.99,1,-108,-11,4,10,33,10,30422273,155
273.40,1545283814,4772.21,51.442037,7.466735,247.06,32.52,-0.46,259.28,1,-103,-8,2,8,35,27,31281409,195
274.40,1545283815,4804.80,51.441981,7.466275,245.71,32.39,-0.13,259.73,1,-103,-8,2,8,35,27,31281409,195
275.41,1545283816,4837.32,51.441932,7.465817,244.49,32.18,-0.21,260.29,1,-99,-7,7,8,38,27,31281409,195
276.40,1545283817,4869.30,51.441885,7.465358,243.34,32.06,-0.12,260.75,1,-99,-7,7,8,38,27,31281409,195
277.40,1545283818,4901.36,51.441840,7.464905,242.43,31.87,-0.19,261.25,1,-99,-7,7,8,38,27,31281409,195
278.40,1545283819,4933.20,51.441799,7.464452,241.30,31.59,-0.28,261.80,1,-100,-6,8,14,37,27,31281409,195
279.40,1545283820,4964.82,51.441761,7.464004,240.39,31.52,-0.07,262.24,1,-100,-6,8,14,37,27,31281409,195
280.40,1545283821,4996.28,51.441729,7.463556,239.66,31.36,-0.16,262.89,1,-101,-6,12,13,35,27,31281409,195
281.40,1545283822,5027.70,51.441696,7.463110,239.18,31.40,0.04,263.26,1,-101,-6,12,13,35,27,31281409,195
282.40,1545283823,5059.13,51.441669,7.462660,238.74,31.51,0.11,264.26,1,-101,-5,24,12,35,27,31281409,195
283.40,1545283824,5090.64,51.441642,7.462203,238.25,31.75,0.24,264.79,1,-101,-5,24,12,35,27,31281409,195
284.40,1545283825,5122.39,51.441615,7.461740,237.91,32.09,0.35,265.20,1,-104,-8,9,6,34,27,31281409,195
285.40,1545283826,5154.51,51.441594,7.461278,237.64,32.40,0.31,265.54,1,-104,-8,9,6,34,27,31281409,195
286.40,1545283827,5186.85,51.441569,7.460812,236.90,32.76,0.36,266.15,1,-101,-7,10,12,36,27,31281409,195
287.40,1545283828,5219.67,51.441555,7.460345,235.93,33.16,0.40,266.98,1,-101,-7,10,12,36,27,31281409,195
288.40,1545283829,5252.80,51.441539,7.459871,235.41,32.67,-0.49,267.40,1,-103,-7,9,11,34,27,31281409,195
289.40,1545283830,5285.53,51.441522,7.459410,234.75,32.20,-0.46,267.83,1,-103,-7,9,11,34,27,31281409,195
290.40,1545283831,5317.64,51.441513,7.458952,234.17,31.42,-0.79,268.03,1,-104,-8,10,9,34,27,31281409,195
291.40,1545283832,5349.15,51.441507,7.458501,233.88,31.39,-0.03,268.73,1,-104,-8,10,9,34,27,31281409,195
292.40,1545283833,5380.51,51.441505,7.458046,233.53,31.52,0.13,269.16,1,-102,-8,6,6,36,27,31281409,195
293.41,1545283834,5412.18,51.441504,7.457592,232.90,31.79,0.27,269.76,1,-102,-8,6,6,36,27,31281409,195
294.40,1545283835,5443.91,51.441503,7.457127,232.42,31.97,0.18,269.93,1,-103,-9,5,8,36,27,31281409,195
295.40,1545283836,5475.85,51.441507,7.456668,231.95,31.72,-0.25,270.52,1,-103,-9,5,8,36,27,31281409,195
296.41,1545283837,5507.83,51.441511,7.456208,231.55,31.65,-0.07,270.68,1,-98,-5,5,12,34,25,27771908,270
297.40,1545283838,5539.19,51.441516,7.455756,231.15,31.14,-0.52,271.08,1,-98,-5,5,12,34,25,27771908,270
298.40,1545283839,5570.30,51.441523,7.455310,230.99,30.83,-0.31,271.39,1,-98,-5,5,12,34,25,27771908,270
299.40,1545283840,5601.17,51.441536,7.454864,230.63,30.94,0.10,272.19,1,-98,-6,4,12,36,16,33527552,270
300.40,1545283841,5632.01,51.441549,7.454428,230.19,30.77,-0.17,272.68,1,-98,-6,4,12,36,16,33527552,270
301.40,1545283842,5662.75,51.441569,7.453996,229.76,30.02,-0.74,273.97,1,-83,-5,22,14,54,16,33527552,376
302.40,1545283843,5692.80,51.441588,7.453570,229.36,29.32,-0.71,274.83,1,-83,-5,22,14,54,16,33527552,376
303.40,1545283844,5722.18,51.441612,7.453150,229.27,29.13,-0.18,274.99,1,-80,-5,22,15,52,16,33527552,376
304.40,1545283845,5751.25,51.441637,7.452731,229.19,29.12,-0.01,275.31,1,-80,-5,22,15,52,16,33527552,376
305.40,1545283846,5780.46,51.441662,7.452313,229.12,29.06,-0.06,275.60,1,-85,-4,23,11,48,16,33527552,376
306.40,1545283847,5809.51,51.441691,7.451902,229.00,28.63,-0.43,276.20,1,-85,-4,23,11,48,16,33527552,376
307.40,1545283848,5838.14,51.441720,7.451495,228.90,28.26,-0.37,276.65,1,-81,-4,22,10,55,16,33527552,376
308.40,1545283849,5866.32,51.441747,7.451097,228.81,27.35,-0.91,277.02,1,-81,-4,22,10,55,16,33527552,376
309.40,1545283850,5893.67,51.441778,7.450710,228.71,26.78,-0.57,277.41,1,-80,-4,24,15,56,16,33527552,376
310.40,1545283851,5920.45,51.441808,7.450332,228.47,26.22,-0.56,277.75,1,-80,-4,24,15,56,16,33527552,376
311.40,1545283852,5946.70,51.441839,7.449957,228.23,26.05,-0.18,277.82,1,-80,-6,31,13,57,16,33527552,376
312.40,1545283853,5972.70,51.441870,7.449585,227.93,26.00,-0.05,278.32,1,-80,-6,31,13,57,16,33527552,376
313.40,1545283854,5998.70,51.441906,7.449212,227.65,26.16,0.16,278.64,1,-81,-4,27,13,54,16,33527552,376
314.40,1545283855,6024.88,51.441942,7.448840,227.30,26.31,0.15,278.74,1,-81,-4,27,13,54,16,33527552,376
315.40,1545283856,6051.21,51.441980,7.448460,226.97,26.58,0.27,279.22,1,-81,-5,30,13,56,16,33527552,376
316.40,1545283857,6077.77,51.442022,7.448078,226.62,26.99,0.41,279.75,1,-81,-5,30,13,56,16,33527552,376
317.41,1545283858,6105.05,51.442065,7.447693,226.28,27.36,0.36,280.50,1,-81,-5,19,15,56,16,33527552,376
318.40,1545283859,6132.08,51.442113,7.447306,225.94,27.36,-0.00,280.98,1,-81,-5,19,15,56,16,33527552,376
319.40,1545283860,6159.44,51.442161,7.446919,225.63,27.33,-0.03,281.33,1,-81,-5,19,15,56,16,33527552,376
320.40,1545283861,6186.82,51.442211,7.446535,225.39,27.41,0.08,281.58,1,-77,-4,29,12,56,16,33527552,376
321.40,1545283862,6214.26,51.442265,7.446147,225.08,27.52,0.11,282.23,1,-77,-4,29,12,56,16,33527552,376
322.40,1545283863,6241.70,51.442320,7.445762,224.79,27.78,0.26,282.93,1,-74,-6,34,14,61,16,33527552,376
323.40,1545283864,6269.51,51.442376,7.445374,224.64,28.15,0.37,282.82,1,-74,-6,34,14,61,16,33527552,376
324.40,1545283865,6297.75,51.442437,7.444981,224.53,28.52,0.37,283.23,1,-73,-4,31,14,61,16,33527552,376
325.40,1545283866,6326.24,51.442498,7.444575,224.36,28.92,0.40,283.39,1,-73,-4,31,14,61,16,33527552,376
326.40,1545283867,6355.18,51.442559,7.444159,224.22,29.40,0.48,283.87,1,-73,-5,31,14,60,16,33527552,376
327.40,1545283868,6384.47,51.442622,7.443755,224.07,29.37,-0.03,283.86,1,-73,-5,31,14,60,16,33527552,376
328.40,1545283869,6413.96,51.442691,7.443349,223.86,28.92,-0.45,285.06,1,-72,-5,29,12,63,16,33527552,376
329.40,1545283870,6442.88,51.442761,7.442951,223.71,28.82,-0.10,285.35,1,-72,-5,29,12,63,16,33527552,376
330.40,1545283871,6471.61,51.442831,7.442552,223.49,29.10,0.28,285.62,1,-73,-6,29,13,63,16,33527552,376
331.40,1545283872,6500.72,51.442907,7.442149,223.26,29.35,0.25,286.21,1,-73,-6,29,13,63,16,33527552,376
332.40,1545283873,6530.13,51.442983,7.441739,222.82,29.83,0.48,286.43,1,-68,-6,30,15,63,16,33527552,376
333.40,1545283874,6559.93,51.443060,7.441326,222.40,30.22,0.39,286.83,1,-68,-6,30,15,63,16,33527552,376
334.40,1545283875,6590.24,51.443142,7.440908,221.89,30.03,-0.18,287.38,1,-76,-4,19,15,58,16,33527552,376
335.40,1545283876,6620.18,51.443225,7.440499,221.28,29.86,-0.18,287.72,1,-76,-4,19,15,58,16,33527552,376
336.40,1545283877,6650.01,51.443309,7.440090,220.61,29.97,0.11,287.81,1,-88,-6,22,12,48,16,33527552,376
337.40,1545283878,6680.06,51.443393,7.439679,219.96,30.31,0.34,287.99,1,-88,-6,22,12,48,16,33527552,376
338.40,1545283879,6710.34,51.443483,7.439262,219.24,30.62,0.31,288.69,1,-82,-5,18,12,54,16,33527552,376
339.40,1545283880,6740.90,51.443575,7.438841,218.42,31.03,0.42,289.28,1,-82,-5,18,12,54,16,33527552,376
340.40,1545283881,6772.05,51.443673,7.438416,217.61,31.52,0.49,289.85,1,-76,-5,28,12,58,16,33527552,376
341.40,1545283882,6803.45,51.443774,7.437983,216.85,32.01,0.49,290.49,1,-76,-5,28,12,58,16,33527552,376
342.40,1545283883,6835.46,51.443874,7.437550,216.13,32.17,0.16,290.74,1,-76,-5,28,12,58,16,33527552,376
343.40,1545283884,6867.75,51.443981,7.437120,215.53,32.08,-0.09,291.37,1,-81,-7,23,11,57,16,33527552,376
344.40,1545283885,6899.67,51.444087,7.436690,215.00,32.01,-0.07,291.52,1,-81,-7,23,11,57,16,33527552,376
345.40,1545283886,6931.68,51.444193,7.436262,214.48,32.13,0.12,292.33,1,-78,-6,3,6,59,1,33527554,375
346.40,1545283887,6963.81,51.444311,7.435819,213.90,32.18,0.05,292.97,1,-78,-6,3,6,59,1,33527554,375
347.40,1545283888,6996.03,51.444424,7.435400,213.08,32.26,0.07,293.89,1,-85,-6,11,14,51,1,33527554,375
348.40,1545283889,7028.29,51.444545,7.434979,212.08,32.32,0.06,294.57,1,-85,-6,11,14,51,1,33527554,375
349.40,1545283890,7060.57,51.444669,7.434550,210.97,32.61,0.29,295.46,1,-78,-5,13,11,54,1,33527554,375
350.40,1545283891,7093.21,51.444801,7.434128,209.87,32.63,0.02,296.03,1,-78,-5,13,11,54,1,33527554,375
351.40,1545283892,7125.88,51.444938,7.433713,208.95,32.43,-0.20,297.31,1,-87,-6,7,8,49,1,33527554,375
352.40,1545283893,7158.27,51.445079,7.433303,208.16,32.40,-0.02,298.43,1,-87,-6,7,8,49,1,33527554,375
353.40,1545283894,7190.68,51.445222,7.432901,207.39,32.26,-0.14,299.44,1,-84,-5,5,15,49,1,33527554,375
354.40,1545283895,7223.00,51.445373,7.432505,206.79,32.26,-0.00,301.47,1,-84,-5,5,15,49,1,33527554,375
355.40,1545283896,7255.19,51.445528,7.432111,205.77,32.30,0.05,302.60,1,-81,-6,10,15,56,1,33527554,375
356.40,1545283897,7287.53,51.445681,7.431719,204.42,32.31,0.00,303.60,1,-81,-6,10,15,56,1,33527554,375
357.40,1545283898,7319.86,51.445840,7.431339,202.80,32.34,0.04,304.67,1,-84,-6,14,11,54,1,33527554,375
358.40,1545283899,7352.14,51.446001,7.430958,201.16,32.19,-0.15,305.32,1,-84,-6,14,11,54,1,33527554,375
359.40,1545283900,7384.34,51.446169,7.430587,199.52,32.03,-0.16,306.83,1,-77,-4,17,15,55,1,33527554,375
360.40,1545283901,7416.37,51.446351,7.430220,197.77,32.18,0.15,308.57,1,-77,-4,17,15,55,1,33527554,375
361.41,1545283902,7448.78,51.446533,7.429852,196.06,32.19,0.00,309.35,1,-74,-8,21,12,60,1,33527554,375
362.40,1545283903,7480.77,51.446726,7.429511,194.45,32.62,0.44,311.07,1,-74,-8,21,12,60,1,33527554,375
363.40,1545283904,7513.36,51.446925,7.429157,192.93,32.59,-0.03,312.05,1,-74,-8,21,12,60,1,33527554,375
364.40,1545283905,7545.95,51.447133,7.428830,191.47,32.29,-0.29,314.40,1,-76,-5,15,11,56,1,33527554,375
365.40,1545283906,7578.24,51.447341,7.428510,190.07,32.09,-0.20,315.72,1,-76,-5,15,11,56,1,33527554,375
366.40,1545283907,7610.37,51.447551,7.428189,188.71,32.30,0.21,316.69,1,-83,-5,8,10,51,1,33527554,375
367.40,1545283908,7642.61,51.447765,7.427883,187.49,32.34,0.04,317.61,1,-83,-5,8,10,51,1,33527554,375
368.40,1545283909,7675.08,51.447988,7.427581,186.39,32.02,-0.31,319.56,1,-84,-5,10,10,49,1,33527554,375
369.40,1545283910,7707.00,51.448212,7.427283,185.36,31.98,-0.04,319.59,1,-84,-5,10,10,49,1,33527554,375
370.40,1545283911,7738.99,51.448434,7.427008,184.18,31.92,-0.07,321.74,1,-88,-6,-2,8,47,1,33527554,375
371.40,1545283912,7770.94,51.448663,7.426743,182.93,32.12,0.20,323.58,1,-88,-6,-2,8,47,1,33527554,375
372.40,1545283913,7803.03,51.448904,7.426480,181.71,32.39,0.27,325.30,1,-91,-7,4,7,46,1,33527554,375
373.40,1545283914,7835.42,51.449151,7.426223,180.49,32.59,0.20,326.32,1,-91,-7,4,7,46,1,33527554,375
374.40,1545283915,7868.01,51.449401,7.425970,179.32,32.93,0.33,327.64,1,-94,-7,11,10,42,1,33527554,375
375.40,1545283916,7901.04,51.449654,7.425731,178.11,33.08,0.15,329.27,1,-94,-7,11,10,42,1,33527554,375
376.40,1545283917,7934.02,51.449916,7.425493,176.94,33.27,0.18,330.53,1,-96,-7,10,7,41,1,33527554,375
377.40,1545283918,7967.26,51.450186,7.425266,175.80,33.33,0.07,332.21,1,-96,-7,10,7,41,1,33527554,375
378.40,1545283919,8000.62,51.450444,7.425060,174.30,33.70,0.36,333.58,1,-95,-6,7,10,41,1,33527554,375
379.40,1545283920,8034.31,51.450716,7.424856,172.63,33.73,0.03,335.10,1,-95,-6,7,10,41,1,33527554,375
380.40,1545283921,8068.18,51.450990,7.424663,171.34,33.52,-0.21,336.15,1,-101,-11,3,6,39,1,33527554,375
381.40,1545283922,8101.59,51.451268,7.424479,170.02,33.01,-0.50,337.75,1,-101,-11,3,6,39,1,33527554,375
382.41,1545283923,8134.94,51.451540,7.424309,169.08,32.50,-0.51,338.78,1,-103,-13,-1,6,40,50,27771140,49
383.40,1545283924,8167.21,51.451811,7.424150,168.20,32.18,-0.32,339.96,1,-103,-13,-1,6,40,50,27771140,49
384.40,1545283925,8199.42,51.452083,7.423996,167.38,32.25,0.07,340.62,1,-103,-13,-1,6,40,50,27771140,49
385.41,1545283926,8231.73,51.452365,7.423847,166.61,32.60,0.36,341.48,1,-106,-14,-3,5,37,37,29568770,414
386.41,1545283927,8264.33,51.452642,7.423703,165.65,32.42,-0.18,342.37,1,-106,-14,-3,5,37,37,29568770,414
387.40,1545283928,8296.66,51.452924,7.423568,164.67,32.16,-0.26,342.88,1,-102,-13,-3,5,41,37,29568770,414
388.40,1545283929,8328.79,51.453199,7.423436,163.79,31.96,-0.20,342.90,1,-102,-13,-3,5,41,37,29568770,414
389.40,1545283930,8360.75,51.453471,7.423307,163.05,31.81,-0.15,343.21,1,-95,-8,-3,6,44,47,27771140,49
390.40,1545283931,8392.46,51.453746,7.423177,162.44,31.63,-0.18,343.73,1,-95,-8,-3,6,44,47,27771140,49
391.40,1545283932,8424.12,51.454014,7.423058,161.74,31.28,-0.35,344.01,1,-93,-7,-6,3,43,47,27771140,49
392.40,1545283933,8455.40,51.454278,7.422940,161.02,30.76,-0.52,343.82,1,-93,-7,-6,3,43,47,27771140,49
393.40,1545283934,8486.22,51.454543,7.422822,160.27,30.55,-0.22,343.66,1,-98,-9,0,9,43,17,27770883,49
394.40,1545283935,8516.77,51.454803,7.422705,159.40,30.40,-0.14,343.36,1,-98,-9,0,9,43,17,27770883,49
395.40,1545283936,8547.11,51.455066,7.422586,158.60,30.34,-0.07,343.25,1,-93,-8,-2,6,45,11,33837570,370
396.40,1545283937,8577.57,51.455327,7.422457,157.95,30.09,-0.25,342.71,1,-93,-8,-2,6,45,11,33837570,370
397.40,1545283938,8607.54,51.455586,7.422329,157.38,29.99,-0.10,342.34,1,-91,-9,2,6,47,11,33837570,370
398.40,1545283939,8637.52,51.455839,7.422195,156.78,29.96,-0.02,341.42,1,-91,-9,2,6,47,11,33837570,370
399.40,1545283940,8667.49,51.456093,7.422059,156.14,29.99,0.03,340.60,1,-92,-9,-1,9,48,11,33837570,370
400.41,1545283941,8697.69,51.456344,7.421913,155.44,30.03,0.04,339.90,1,-92,-9,-1,9,48,11,33837570,370
401.40,1545283942,8727.50,51.456597,7.421764,154.77,30.04,0.02,339.06,1,-88,-11,-2,10,47,11,33837570,370
402.40,1545283943,8757.55,51.456849,7.421603,154.19,30.18,0.14,338.25,1,-88,-11,-2,10,47,11,33837570,370
403.41,1545283944,8788.00,51.457101,7.421439,153.72,30.32,0.13,337.36,1,-91,-13,-3,6,45,13,27770883,35
404.41,1545283945,8818.23,51.457355,7.421264,153.31,30.50,0.19,336.46,1,-91,-13,-3,6,45,13,27770883,35
405.41,1545283946,8848.70,51.457612,7.421086,153.01,30.82,0.32,335.52,1,-91,-13,-3,6,45,13,27770883,35
406.40,1545283947,8879.34,51.457866,7.420895,152.79,31.12,0.30,334.51,1,-94,-13,0,9,43,13,27770883,35
407.40,1545283948,8910.52,51.458116,7.420705,152.48,31.32,0.20,333.97,1,-94,-13,0,9,43,13,27770883,35
408.40,1545283949,8941.78,51.458367,7.420500,152.17,31.13,-0.19,332.92,1,-86,-7,14,15,48,13,27770883,35
409.40,1545283950,8972.90,51.458614,7.420296,151.96,30.86,-0.27,331.98,1,-86,-7,14,15,48,13,27770883,35
410.42,1545283951,9004.32,51.458855,7.420087,151.85,30.60,-0.25,331.34,1,-85,-6,1,6,51,28,33527554,375
411.40,1545283952,9034.41,51.459097,7.419880,151.89,30.42,-0.19,330.48,1,-85,-6,1,6,51,28,33527554,375
412.40,1545283953,9064.82,51.459330,7.419662,151.84,30.35,-0.07,329.31,1,-82,-8,3,6,54,10,27770883,35
413.40,1545283954,9095.14,51.459564,7.419440,151.77,30.33,-0.02,328.34,1,-82,-8,3,6,54,10,27770883,35
414.40,1545283955,9125.50,51.459794,7.419209,151.69,30.42,0.09,327.78,1,-83,-13,7,9,56,10,27770883,35
415.40,1545283956,9156.04,51.460027,7.418967,151.48,30.65,0.23,326.77,1,-83,-13,7,9,56,10,27770883,35
416.40,1545283957,9186.53,51.460263,7.418720,151.25,30.76,0.12,325.80,1,-85,-7,5,6,52,7,33837570,370
417.40,1545283958,9217.29,51.460489,7.418465,151.08,30.73,-0.03,324.84,1,-85,-7,5,6,52,7,33837570,370
418.40,1545283959,9248.06,51.460714,7.418209,150.97,30.67,-0.07,324.17,1,-84,-7,4,6,55,8,27770883,35
419.40,1545283960,9278.69,51.460931,7.417950,150.92,30.65,-0.02,323.14,1,-84,-7,4,6,55,8,27770883,35
420.40,1545283961,9309.34,51.461149,7.417687,150.89,30.70,0.05,322.63,1,-79,-7,16,9,59,8,27770883,35
421.40,1545283962,9340.06,51.461367,7.417420,150.83,30.86,0.16,322.48,1,-79,-7,16,9,59,8,27770883,35
422.40,1545283963,9370.92,51.461586,7.417137,150.77,31.17,0.31,320.67,1,-80,-7,13,10,58,8,27770883,35
423.40,1545283964,9402.15,51.461810,7.416843,150.77,31.46,0.29,319.89,1,-80,-7,13,10,58,8,27770883,35
424.40,1545283965,9433.67,51.462020,7.416545,150.82,31.67,0.22,319.08,1,-80,-5,8,6,55,31,33527554,375
425.40,1545283966,9465.28,51.462233,7.416236,150.87,32.53,0.86,318.05,1,-80,-5,8,6,55,31,33527554,375
426.40,1545283967,9497.72,51.462446,7.415919,150.93,33.03,0.50,316.79,1,-80,-5,8,6,55,31,33527554,375
427.40,1545283968,9530.81,51.462658,7.415589,151.13,33.46,0.43,315.72,1,-77,-6,13,11,59,6,27770883,35
428.40,1545283969,9564.20,51.462871,7.415256,151.40,33.86,0.41,315.02,1,-77,-6,13,11,59,6,27770883,35
429.40,1545283970,9598.06,51.463083,7.414911,151.53,34.26,0.40,314.35,1,-83,-6,11,6,53,6,27770883,35
430.40,1545283971,9632.33,51.463295,7.414550,151.75,34.56,0.30,313.03,1,-83,-6,11,6,53,6,27770883,35
431.40,1545283972,9666.85,51.463512,7.414179,151.87,34.84,0.28,312.18,1,-74,-6,24,15,63,6,27770883,35
432.40,1545283973,9701.72,51.463723,7.413798,152.00,35.14,0.30,311.40,1,-74,-6,24,15,63,6,27770883,35
433.40,1545283974,9736.86,51.463931,7.413420,152.04,35.41,0.27,310.82,1,-89,-7,13,7,48,6,27770883,35
434.40,1545283975,9772.34,51.464135,7.413034,152.02,34.91,-0.49,309.92,1,-89,-7,13,7,48,6,27770883,35
435.40,1545283976,9807.15,51.464334,7.412654,152.05,34.27,-0.64,309.68,1,-77,-7,16,1,53,6,27770883,35
436.40,1545283977,9841.46,51.464529,7.412274,152.03,34.23,-0.05,309.33,1,-77,-7,16,1,53,6,27770883,35
437.40,1545283978,9875.69,51.464719,7.411888,151.97,34.21,-0.02,308.56,1,-74,-8,21,12,57,6,27770883,35
438.40,1545283979,9909.86,51.464909,7.411502,151.95,34.18,-0.03,308.24,1,-74,-8,21,12,57,6,27770883,35
439.40,1545283980,9944.11,51.465101,7.411116,151.81,34.28,0.10,308.04,1,-97,-9,4,6,42,4,27770885,33
440.40,1545283981,9978.46,51.465291,7.410723,151.67,34.41,0.14,308.23,1,-97,-9,4,6,42,4,27770885,33
441.40,1545283982,10012.83,51.465482,7.410330,151.63,34.46,0.04,308.21,1,-96,-10,6,8,44,4,27770885,33
442.40,1545283983,10047.29,51.465674,7.409937,151.64,34.63,0.18,308.10,1,-96,-10,6,8,44,4,27770885,33
443.40,1545283984,10081.92,51.465866,7.409543,151.68,34.87,0.24,308.12,1,-81,-9,10,14,59,4,27770885,33
444.40,1545283985,10116.86,51.466059,7.409148,151.76,35.01,0.14,308.30,1,-81,-9,10,14,59,4,27770885,33
445.40,1545283986,10151.91,51.466254,7.408748,151.90,35.11,0.10,308.39,1,-94,-8,10,9,45,4,27770885,33
446.40,1545283987,10186.80,51.466451,7.408352,152.07,35.19,0.09,308.47,1,-94,-8,10,9,45,4,27770885,33
447.40,1545283988,10222.03,51.466645,7.407959,152.39,34.76,-0.43,308.85,1,-94,-8,10,9,45,4,27770885,33
448.40,1545283989,10256.80,51.466838,7.407569,152.82,34.64,-0.13,309.00,1,-93,-9,5,6,46,4,27770885,33
449.40,1545283990,10291.43,51.467031,7.407182,153.25,34.45,-0.19,309.43,1,-93,-9,5,6,46,4,27770885,33
450.40,1545283991,10325.92,51.467222,7.406797,153.71,34.32,-0.13,309.47,1,-81,-7,19,1,54,4,27770885,33
451.40,1545283992,10360.23,51.467420,7.406418,154.09,34.13,-0.18,309.93,1,-81,-7,19,1,54,4,27770885,33
452.40,1545283993,10394.47,51.467613,7.406047,154.51,33.36,-0.77,310.50,1,-84,-7,12,12,52,4,27770885,33
453.40,1545283994,10427.76,51.467805,7.405682,154.96,32.56,-0.80,310.87,1,-84,-7,12,12,52,4,27770885,33
454.40,1545283995,10460.38,51.467998,7.405330,155.28,32.03,-0.53,311.72,1,-79,-7,13,8,58,4,27770885,33
455.40,1545283996,10492.29,51.468185,7.404991,155.64,31.13,-0.90,311.48,1,-79,-7,13,8,58,4,27770885,33
456.40,1545283997,10523.42,51.468366,7.404659,155.93,30.57,-0.56,312.10,1,-86,-6,11,8,51,4,27770885,33
457.40,1545283998,10554.00,51.468549,7.404329,156.17,30.46,-0.11,312.45,1,-86,-6,11,8,51,4,27770885,33
458.40,1545283999,10584.46,51.468731,7.404005,156.46,30.51,0.05,312.58,1,-87,-8,4,5,51,19,27771140,49
459.40,1545284000,10614.97,51.468921,7.403674,156.84,30.59,0.08,312.68,1,-87,-8,4,5,51,19,27771140,49
460.40,1545284001,10645.56,51.469115,7.403356,157.42,30.99,0.40,313.48,1,-86,-7,16,14,52,19,27771140,49
461.40,1545284002,10676.59,51.469312,7.403028,157.75,30.96,-0.03,312.72,1,-86,-7,16,14,52,19,27771140,49
462.40,1545284003,10707.61,51.469506,7.402714,158.32,31.10,0.14,314.06,1,-88,-8,13,8,52,19,27771140,49
463.40,1545284004,10738.77,51.469710,7.402402,158.96,31.19,0.09,315.44,1,-88,-8,13,8,52,19,27771140,49
464.40,1545284005,10769.96,51.469914,7.402103,159.40,31.11,-0.08,317.03,1,-85,-7,14,15,53,19,27771140,49
465.40,1545284006,10801.00,51.470121,7.401802,159.81,30.76,-0.35,316.82,1,-85,-7,14,15,53,19,27771140,49
466.41,1545284007,10831.85,51.470327,7.401499,160.19,30.45,-0.30,317.13,1,-86,-6,18,10,52,19,27771140,49
467.40,1545284008,10862.12,51.470526,7.401204,160.55,30.04,-0.41,317.06,1,-86,-6,18,10,52,19,27771140,49
468.40,1545284009,10892.16,51.470720,7.400915,160.91,29.35,-0.69,316.77,1,-86,-6,18,10,52,19,27771140,49
469.40,1545284010,10921.66,51.470912,7.400631,161.16,28.66,-0.69,317.24,1,-85,-8,20,12,56,19,27771140,49
470.40,1545284011,10950.20,51.471096,7.400357,161.50,27.98,-0.68,317.21,1,-85,-8,20,12,56,19,27771140,49
471.40,1545284012,10978.21,51.471275,7.400088,161.82,27.30,-0.68,316.55,1,-85,-5,25,12,53,19,27771140,49
472.40,1545284013,11005.60,51.471450,7.399825,162.15,26.63,-0.67,317.55,1,-85,-5,25,12,53,19,27771140,49
473.40,1545284014,11032.20,51.471622,7.399567,162.47,26.28,-0.35,317.66,1,-85,-8,20,15,56,19,27771140,49
474.40,1545284015,11058.42,51.471793,7.399311,162.84,26.12,-0.16,318.02,1,-85,-8,20,15,56,19,27771140,49
475.40,1545284016,11084.49,51.471969,7.399059,163.20,26.07,-0.05,318.20,1,-86,-6,19,14,52,19,27771140,49
476.40,1545284017,11110.61,51.472142,7.398813,163.61,25.59,-0.47,318.61,1,-86,-6,19,14,52,19,27771140,49
477.40,1545284018,11136.20,51.472316,7.398566,164.16,24.94,-0.65,318.62,1,-82,-7,23,10,56,19,27771140,49
478.40,1545284019,11161.17,51.472486,7.398326,164.78,24.98,0.03,318.91,1,-82,-7,23,10,56,19,27771140,49
479.40,1545284020,11186.07,51.472660,7.398090,165.47,25.16,0.18,319.26,1,-84,-9,12,8,56,19,27771140,49
480.40,1545284021,11211.31,51.472832,7.397854,166.13,25.36,0.20,319.75,1,-84,-9,12,8,56,19,27771140,49
481.40,1545284022,11236.62,51.473007,7.397615,166.75,25.63,0.27,320.02,1,-85,-6,17,14,52,19,27771140,49
482.40,1545284023,11262.25,51.473186,7.397380,167.33,25.84,0.21,320.32,1,-85,-6,17,14,52,19,27771140,49
483.40,1545284024,11288.12,51.473365,7.397142,167.84,25.85,0.00,320.70,1,-88,-9,12,7,52,19,27771140,49
484.40,1545284025,11313.91,51.473545,7.396902,168.25,26.01,0.16,321.10,1,-88,-9,12,7,52,19,27771140,49
485.40,1545284026,11339.92,51.473726,7.396669,168.66,25.83,-0.18,321.66,1,-89,-9,15,12,50,19,27771140,49
486.40,1545284027,11365.82,51.473907,7.396438,169.12,25.46,-0.36,321.92,1,-89,-9,15,12,50,19,27771140,49
487.41,1545284028,11391.59,51.474087,7.396215,169.60,24.91,-0.55,322.78,1,-88,-7,13,15,50,19,27771140,49
488.40,1545284029,11416.19,51.474262,7.395998,170.16,24.33,-0.58,323.51,1,-88,-7,13,15,50,19,27771140,49
489.40,1545284030,11440.45,51.474436,7.395792,170.65,24.00,-0.33,324.13,1,-88,-7,13,15,50,19,27771140,49
490.40,1545284031,11464.55,51.474608,7.395589,171.08,23.92,-0.08,324.49,1,-84,-6,16,10,53,19,27771140,49
491.40,1545284032,11488.37,51.474780,7.395394,171.45,23.94,0.02,325.14,1,-84,-6,16,10,53,19,27771140,49
492.40,1545284033,11512.29,51.474954,7.395199,171.69,24.07,0.14,326.13,1,-85,-6,14,15,52,19,27771140,49
493.40,1545284034,11536.46,51.475141,7.395012,171.78,24.63,0.56,328.04,1,-85,-6,14,15,52,19,27771140,49
494.40,1545284035,11561.06,51.475335,7.394827,171.92,24.88,0.25,329.30,1,-83,-6,20,12,54,19,27771140,49
495.40,1545284036,11585.99,51.475538,7.394636,172.23,25.17,0.29,329.38,1,-83,-6,20,12,54,19,27771140,49
496.40,1545284037,11611.06,51.475734,7.394455,172.59,25.47,0.30,330.46,1,-80,-6,23,15,56,19,27771140,49
497.40,1545284038,11636.53,51.475935,7.394272,172.97,25.71,0.24,331.14,1,-80,-6,23,15,56,19,27771140,49
498.40,1545284039,11662.24,51.476137,7.394101,173.24,25.36,-0.35,331.74,1,-82,-8,19,13,57,19,27771140,49
499.40,1545284040,11687.60,51.476336,7.393928,173.51,24.98,-0.38,332.70,1,-82,-8,19,13,57,19,27771140,49
500.41,1545284041,11712.73,51.476536,7.393766,173.76,24.55,-0.43,333.67,1,-81,-7,22,13,56,19,27771140,49
501.40,1545284042,11737.23,51.476728,7.393621,174.05,23.94,-0.61,334.99,1,-81,-7,22,13,56,19,27771140,49
502.40,1545284043,11761.08,51.476918,7.393481,174.34,23.01,-0.94,336.38,1,-77,-6,20,15,60,19,27771140,49
503.40,1545284044,11784.11,51.477103,7.393357,174.68,21.96,-1.04,337.64,1,-77,-6,20,15,60,19,27771140,49
504.40,1545284045,11806.05,51.477278,7.393253,175.00,20.88,-1.09,339.98,1,-84,-9,12,12,56,19,27771140,49
505.40,1545284046,11826.99,51.477447,7.393165,175.23,19.57,-1.31,342.53,1,-84,-9,12,12,56,19,27771140,49
506.40,1545284047,11846.56,51.477614,7.393109,175.41,19.01,-0.56,348.30,1,-85,-10,19,9,55,19,27771140,49
507.40,1545284048,11865.55,51.477795,7.393057,175.33,18.59,-0.41,350.55,1,-85,-10,19,9,55,19,27771140,49
508.41,1545284049,11884.29,51.477954,7.393037,175.34,18.27,-0.32,354.41,1,-81,-7,9,6,56,4,27771139,48
509.40,1545284050,11902.41,51.478117,7.393081,175.63,17.89,-0.38,8.76,1,-81,-7,9,6,56,4,27771139,48
510.40,1545284051,11920.24,51.478283,7.393133,175.52,18.13,0.25,11.38,1,-81,-7,9,6,56,4,27771139,48
511.40,1545284052,11938.47,51.478440,7.393204,175.30,18.39,0.26,14.94,1,-86,-6,25,15,51,4,27771139,48
512.40,1545284053,11956.82,51.478589,7.393343,175.13,18.69,0.30,30.59,1,-86,-6,25,15,51,4,27771139,48
513.40,1545284054,11975.48,51.478726,7.393484,174.97,18.15,-0.54,32.12,1,-85,-6,24,15,51,4,27771139,48
514.40,1545284055,11993.61,51.478859,7.393630,175.07,17.02,-1.13,33.51,1,-85,-6,24,15,51,4,27771139,48
515.40,1545284056,12010.67,51.478987,7.393752,175.65,14.94,-2.08,31.36,1,-87,-6,13,15,50,4,27771139,48
516.40,1545284057,12025.59,51.479132,7.393831,176.33,14.06,-0.88,15.87,1,-87,-6,13,15,50,4,27771139,48
517.40,1545284058,12039.65,51.479252,7.393875,177.19,13.54,-0.52,12.04,1,-84,-7,28,15,55,4,27771139,48
518.40,1545284059,12053.17,51.479371,7.393854,178.26,13.62,0.08,354.04,1,-84,-7,28,15,55,4,27771139,48
519.40,1545284060,12066.80,51.479490,7.393824,179.19,13.95,0.33,350.76,1,-91,-7,14,8,47,4,27771139,48
520.40,1545284061,12080.74,51.479611,7.393738,180.34,14.20,0.25,334.82,1,-91,-7,14,8,47,4,27771139,48
521.40,1545284062,12094.94,51.479721,7.393651,181.69,14.38,0.18,334.31,1,-93,-9,13,8,46,4,27771139,48
522.40,1545284063,12109.36,51.479826,7.393561,182.89,13.78,-0.60,334.10,1,-93,-9,13,8,46,4,27771139,48
523.40,1545284064,12123.12,51.479935,7.393474,183.42,12.55,-1.23,335.00,1,-88,-7,8,6,51,15,28365058,223
524.40,1545284065,12135.67,51.480020,7.393439,183.75,10.28,-2.27,348.77,1,-88,-7,8,6,51,15,28365058,223
525.40,1545284066,12145.96,51.480101,7.393443,183.95,9.81,-0.48,5.22,1,-88,-7,12,12,48,4,27771139,48
526.40,1545284067,12155.76,51.480178,7.393492,184.05,9.48,-0.32,23.66,1,-88,-7,12,12,48,4,27771139,48
527.40,1545284068,12165.23,51.480261,7.393587,184.03,10.39,0.91,40.61,1,-85,-5,22,12,50,4,27771139,48
528.40,1545284069,12175.66,51.480332,7.393701,183.85,11.03,0.63,53.84,1,-85,-5,22,12,50,4,27771139,48
529.40,1545284070,12186.72,51.480391,7.393826,183.57,12.43,1.39,55.79,1,-84,-6,19,13,51,4,27771139,48
530.40,1545284071,12199.09,51.480455,7.393979,183.33,13.63,1.20,57.00,1,-84,-6,19,13,51,4,27771139,48
531.40,1545284072,12212.76,51.480516,7.394149,183.10,14.48,0.85,58.01,1,-84,-6,19,13,51,4,27771139,48
532.40,1545284073,12227.21,51.480590,7.394329,183.34,15.33,0.86,58.49,1,-86,-5,19,12,50,4,27771139,48
533.40,1545284074,12242.56,51.480665,7.394520,183.07,16.41,1.08,57.97,1,-86,-5,19,12,50,4,27771139,48
534.40,1545284075,12258.94,51.480746,7.394727,182.48,17.10,0.69,57.85,1,-82,-6,7,6,55,6,27771139,223
535.40,1545284076,12276.04,51.480830,7.394938,182.08,17.90,0.80,57.87,1,-82,-6,7,6,55,6,27771139,223
536.40,1545284077,12293.92,51.480916,7.395160,181.90,18.36,0.46,58.63,1,-83,-5,18,13,52,6,27771139,48
537.40,1545284078,12312.28,51.480997,7.395385,181.79,18.36,0.01,59.21,1,-83,-5,18,13,52,6,27771139,48
538.40,1545284079,12330.64,51.481081,7.395609,181.50,18.28,-0.08,59.37,1,-83,-5,20,13,53,6,27771139,48
539.40,1545284080,12348.95,51.481169,7.395842,181.34,18.16,-0.12,59.70,1,-83,-5,20,13,53,6,27771139,48
540.40,1545284081,12367.09,51.481252,7.396063,181.29,17.93,-0.22,59.34,1,-87,-7,11,15,50,6,27771139,48
541.40,1545284082,12385.04,51.481335,7.396286,181.52,17.81,-0.13,59.48,1,-87,-7,11,15,50,6,27771139,48
542.40,1545284083,12402.83,51.481413,7.396503,181.82,17.49,-0.32,60.28,1,-86,-7,8,7,48,6,27771139,48
543.40,1545284084,12420.32,51.481491,7.396715,182.45,17.27,-0.22,59.66,1,-86,-7,8,7,48,6,27771139,48
544.40,1545284085,12437.58,51.481572,7.396929,183.15,17.04,-0.23,58.92,1,-87,-6,15,15,46,6,27771139,48
545.40,1545284086,12454.65,51.481652,7.397133,183.67,16.98,-0.06,57.86,1,-87,-6,15,15,46,6,27771139,48
546.40,1545284087,12471.60,51.481729,7.397325,183.97,16.59,-0.40,57.03,1,-84,-5,19,15,49,6,27771139,48
547.40,1545284088,12488.20,51.481808,7.397508,184.16,15.84,-0.75,56.43,1,-84,-5,19,15,49,6,27771139,48
548.40,1545284089,12504.06,51.481892,7.397696,184.19,14.46,-1.38,55.13,1,-81,-5,25,15,53,6,27771139,48
549.40,1545284090,12518.53,51.481965,7.397852,184.00,12.95,-1.50,53.93,1,-81,-5,25,15,53,6,27771139,48
550.40,1545284091,12531.47,51.482033,7.397990,183.93,11.41,-1.54,52.83,1,-76,-5,27,15,57,6,27771139,48
551.40,1545284092,12542.87,51.482097,7.398120,184.09,9.88,-1.54,51.45,1,-76,-5,27,15,57,6,27771139,48
552.40,1545284093,12552.78,51.482155,7.398217,184.31,8.28,-1.59,50.16,1,-74,-4,24,15,56,6,27771139,48
553.40,1545284094,12561.04,51.482202,7.398296,184.52,6.95,-1.33,48.73,1,-74,-4,24,15,56,6,27771139,48
554.40,1545284095,12567.97,51.482241,7.398355,184.52,5.66,-1.30,47.72,1,-74,-4,24,15,56,6,27771139,48
555.40,1545284096,12573.64,51.482282,7.398413,184.85,4.65,-1.00,46.50,1,-74,-6,20,12,54,6,27771139,48
556.40,1545284097,12578.29,51.482312,7.398456,184.89,3.50,-1.15,45.29,1,-74,-6,20,12,54,6,27771139,48
557.40,1545284098,12581.80,51.482338,7.398492,184.94,2.50,-1.00,44.06,1,-78,-6,22,15,52,6,27771139,48
558.40,1545284099,12584.29,51.482352,7.398509,184.99,1.58,-0.93,45.04,1,-78,-6,22,15,52,6,27771139,48
559.40,1545284100,12585.87,51.482362,7.398521,185.05,0.57,-1.01,45.04,1,-83,-5,21,15,52,6,27771139,48
560.40,1545284101,12586.44,51.482362,7.398521,185.05,0.00,-0.57,45.04,1,-83,-5,21,15,52,6,27771139,48
561.40,1545284102,12586.44,51.482362,7.398521,185.05,0.00,0.00,45.04,1,-83,-5,22,15,53,6,27771139,48
562.40,1545284103,12586.44,51.482362,7.398521,185.05,0.00,0.00,45.04,1,-83,-5,22,15,53,6,27771139,48
563.40,1545284104,12586.44,51.482362,7.398521,185.05,0.00,0.00,45.04,1,-83,-5,22,12,53,6,27771139,48
564.40,1545284105,12586.44,51.482362,7.398521,185.05,0.00,0.00,45.04,1,-83,-5,22,12,53,6,27771139,48
565.40,1545284106,12586.44,51.482362,7.398521,185.05,0.00,0.00,45.04,1,-83,-5,19,11,52,6,27771139,48
566.40,1545284107,12586.44,51.482362,7.398521,185.04,0.00,0.00,45.04,1,-83,-5,19,11,52,6,27771139,48
567.40,1545284108,12586.44,51.482362,7.398521,185.04,0.00,0.00,45.04,1,-81,-5,22,11,54,6,27771139,48
568.40,1545284109,12586.44,51.482362,7.398521,185.04,0.00,0.00,45.04,1,-81,-5,22,11,54,6,27771139,48
569.40,1545284110,12586.44,51.482362,7.398521,185.03,0.00,0.00,45.04,1,-80,-5,20,12,53,6,27771139,48
570.40,1545284111,12586.44,51.482362,7.398521,185.03,0.00,0.00,45.04,1,-80,-5,20,12,53,6,27771139,48
571.40,1545284112,12586.44,51.482362,7.398521,185.03,0.00,0.00,45.04,1,-81,-6,21,12,54,6,27771139,48
572.40,1545284113,12586.44,51.482362,7.398521,185.03,0.00,0.00,45.04,1,-81,-6,21,12,54,6,27771139,48
573.41,1545284114,12586.44,51.482362,7.398521,185.03,0.00,0.00,45.04,1,-81,-7,21,12,55,6,27771139,48
574.40,1545284115,12586.44,51.482362,7.398521,185.03,0.00,0.00,45.04,1,-81,-7,21,12,55,6,27771139,48
575.40,1545284116,12586.44,51.482362,7.398521,185.02,0.00,0.00,45.04,1,-81,-7,21,12,55,6,27771139,48
576.40,1545284117,12586.44,51.482362,7.398521,185.02,0.00,0.00,45.04,1,-82,-5,24,15,51,6,27771139,48
577.40,1545284118,12586.44,51.482362,7.398521,185.02,0.00,0.00,45.04,1,-82,-5,24,15,51,6,27771139,48
578.40,1545284119,12586.44,51.482362,7.398521,185.02,0.00,0.00,45.04,1,-79,-5,21,12,53,6,27771139,48
579.40,1545284120,12586.44,51.482362,7.398521,185.01,0.00,0.00,45.04,1,-79,-5,21,12,53,6,27771139,48
580.40,1545284121,12586.44,51.482362,7.398521,185.01,0.00,0.00,45.04,1,-81,-5,21,12,52,6,27771139,48
581.40,1545284122,12586.44,51.482362,7.398521,185.00,0.00,0.00,45.04,1,-81,-5,21,12,52,6,27771139,48
582.40,1545284123,12586.44,51.482362,7.398521,184.95,0.00,0.00,45.04,1,-79,-6,20,15,55,6,27771139,48
583.40,1545284124,12586.44,51.482362,7.398521,184.92,0.00,0.00,44.58,1,-79,-6,20,15,55,6,27771139,48
584.40,1545284125,12586.44,51.482409,7.398595,184.81,0.00,0.00,43.87,1,-85,-5,24,12,53,6,27771139,48
585.40,1545284126,12586.44,51.482452,7.398658,185.03,5.83,0.00,42.07,1,-85,-5,24,12,53,6,27771139,48
586.40,1545284127,12592.27,51.482504,7.398728,185.34,7.28,1.45,40.87,1,-86,-6,13,12,51,6,27771139,48
587.40,1545284128,12599.53,51.482555,7.398796,185.46,8.26,0.98,39.78,1,-86,-6,13,12,51,6,27771139,48
588.40,1545284129,12607.79,51.482619,7.398874,185.66,9.76,1.50,38.50,1,-89,-6,16,11,48,6,27771139,48
589.40,1545284130,12617.57,51.482694,7.398961,185.92,10.57,0.81,37.27,1,-89,-6,16,11,48,6,27771139,48
590.40,1545284131,12628.14,51.482766,7.399040,186.40,10.89,0.32,36.40,1,-88,-6,11,15,48,6,27771139,48
591.40,1545284132,12639.01,51.482855,7.399138,186.48,11.61,0.71,34.40,1,-88,-6,11,15,48,6,27771139,48
592.41,1545284133,12650.74,51.482941,7.399222,186.38,12.46,0.84,32.44,1,-85,-8,14,9,52,6,27771139,48
593.40,1545284134,12663.07,51.483046,7.399327,186.35,13.55,1.11,32.89,1,-85,-8,14,9,52,6,27771139,48
594.41,1545284135,12676.74,51.483149,7.399432,186.11,14.51,0.95,33.64,1,-87,-5,12,15,49,6,27771139,48
595.40,1545284136,12691.12,51.483258,7.399539,186.19,15.03,0.52,33.88,1,-87,-5,12,15,49,6,27771139,48
596.40,1545284137,12706.15,51.483369,7.399649,186.12,15.18,0.15,33.99,1,-87,-5,12,15,49,6,27771139,48
597.40,1545284138,12721.33,51.483483,7.399759,186.33,15.33,0.15,34.35,1,-86,-5,14,12,49,6,27771139,48
598.40,1545284139,12736.71,51.483597,7.399877,186.16,15.40,0.07,34.88,1,-86,-5,14,12,49,6,27771139,48
599.40,1545284140,12752.11,51.483711,7.399994,186.52,15.81,0.41,35.30,1,-92,-6,12,15,43,6,27771139,48
600.40,1545284141,12767.87,51.483838,7.400127,187.33,16.22,0.42,35.83,1,-92,-6,12,15,43,6,27771139,48
601.40,1545284142,12784.09,51.483966,7.400278,188.09,16.23,0.01,36.25,1,-94,-7,3,11,43,9,28365058,48
602.40,1545284143,12800.34,51.484090,7.400425,188.79,16.36,0.13,36.72,1,-94,-7,3,11,43,9,28365058,48
603.40,1545284144,12816.69,51.484207,7.400578,189.26,16.32,-0.04,37.86,1,-94,-8,6,6,39,9,28365058,223
604.40,1545284145,12833.02,51.484324,7.400735,189.75,16.48,0.16,38.77,1,-94,-8,6,6,39,9,28365058,223
605.40,1545284146,12849.55,51.484430,7.400883,189.80,16.14,-0.35,39.11,1,-98,-6,11,15,39,9,28365058,223
606.40,1545284147,12865.69,51.484541,7.401039,190.08,16.34,0.21,40.07,1,-98,-6,11,15,39,9,28365058,223
607.40,1545284148,12882.00,51.484647,7.401199,189.88,16.10,-0.24,41.05,1,-96,-7,10,14,40,9,28365058,223
608.40,1545284149,12898.10,51.484743,7.401350,189.59,15.82,-0.29,41.88,1,-96,-7,10,14,40,9,28365058,223
609.40,1545284150,12913.90,51.484838,7.401508,189.13,15.53,-0.29,42.71,1,-98,-7,9,7,38,9,28365058,223
610.40,1545284151,12929.49,51.484942,7.401669,188.76,15.30,-0.23,42.27,1,-98,-7,9,7,38,9,28365058,223
611.40,1545284152,12944.76,51.485045,7.401822,188.23,15.14,-0.16,41.32,1,-98,-9,7,7,39,9,28365058,223
612.40,1545284153,12959.89,51.485145,7.401976,187.50,14.79,-0.35,42.40,1,-98,-9,7,7,39,9,28365058,223
613.40,1545284154,12974.67,51.485238,7.402128,186.70,14.53,-0.26,44.13,1,-96,-9,8,14,42,9,28365058,223
614.40,1545284155,12989.23,51.485327,7.402280,186.12,13.99,-0.54,45.75,1,-96,-9,8,14,42,9,28365058,223
615.41,1545284156,13003.27,51.485405,7.402419,185.72,12.65,-1.33,47.45,1,-100,-7,15,11,36,9,28365058,223
616.40,1545284157,13015.87,51.485476,7.402550,185.36,11.11,-1.55,48.09,1,-100,-7,15,11,36,9,28365058,223
617.40,1545284158,13026.99,51.485529,7.402654,185.34,9.24,-1.87,49.11,1,-100,-7,15,11,36,9,28365058,223
618.40,1545284159,13036.21,51.485581,7.402743,185.31,8.69,-0.56,45.16,1,-99,-8,7,8,40,9,28365058,223
619.40,1545284160,13044.91,51.485655,7.402785,185.24,8.68,-0.01,17.68,1,-99,-8,7,8,40,9,28365058,223
620.40,1545284161,13053.57,51.485723,7.402775,185.15,8.26,-0.42,349.65,1,-87,-5,3,6,50,16,29391105,167
621.40,1545284162,13061.85,51.485775,7.402718,184.95,8.56,0.30,327.11,1,-87,-5,3,6,50,16,29391105,167
622.40,1545284163,13070.38,51.485836,7.402645,184.50,9.35,0.79,325.66,1,-101,-8,2,6,37,8,28365058,223
623.40,1545284164,13079.73,51.485908,7.402560,184.12,9.79,0.45,324.67,1,-101,-8,2,6,37,8,28365058,223
624.40,1545284165,13089.54,51.485988,7.402463,183.99,10.85,1.05,323.75,1,-97,-8,13,15,38,8,28365058,223
625.40,1545284166,13100.38,51.486065,7.402369,183.73,11.35,0.51,324.75,1,-97,-8,13,15,38,8,28365058,223
626.40,1545284167,13111.73,51.486160,7.402269,183.44,12.55,1.20,325.60,1,-100,-9,6,6,39,8,28365058,223
627.40,1545284168,13124.31,51.486263,7.402168,183.44,13.31,0.76,327.68,1,-100,-9,6,6,39,8,28365058,223
628.40,1545284169,13137.60,51.486364,7.402071,183.88,13.25,-0.06,329.84,1,-101,-11,4,4,41,8,28365058,223
629.40,1545284170,13150.85,51.486468,7.401990,184.11,13.36,0.11,332.15,1,-101,-11,4,4,41,8,28365058,223
630.40,1545284171,13164.21,51.486581,7.401912,184.08,13.48,0.12,334.55,1,-94,-8,8,13,46,14,33519104,128
631.40,1545284172,13177.69,51.486691,7.401845,183.99,13.67,0.19,337.14,1,-94,-8,8,13,46,14,33519104,128
632.40,1545284173,13191.36,51.486797,7.401791,184.04,13.63,-0.04,340.17,1,-97,-12,7,7,43,14,33519104,128
633.40,1545284174,13204.99,51.486916,7.401742,184.13,13.91,0.28,342.86,1,-97,-12,7,7,43,14,33519104,128
634.40,1545284175,13218.89,51.487049,7.401694,183.92,13.98,0.07,345.24,1,-93,-7,5,6,41,17,27771139,48
635.40,1545284176,13232.88,51.487172,7.401667,183.41,14.30,0.31,348.10,1,-93,-7,5,6,41,17,27771139,48
636.41,1545284177,13247.30,51.487305,7.401653,182.78,14.56,0.26,350.94,1,-86,-5,8,6,49,3,26385409,93
637.40,1545284178,13261.71,51.487437,7.401646,182.14,14.61,0.05,353.83,1,-86,-5,8,6,49,3,26385409,93
638.40,1545284179,13276.33,51.487569,7.401645,181.62,14.51,-0.09,355.93,1,-86,-5,8,6,49,3,26385409,93
639.40,1545284180,13290.87,51.487703,7.401649,181.01,14.51,-0.00,357.37,1,-82,-5,21,15,54,3,26385409,93
640.41,1545284181,13305.50,51.487836,7.401657,180.40,14.55,0.04,358.38,1,-82,-5,21,15,54,3,26385409,93
641.40,1545284182,13319.88,51.487969,7.401663,179.66,14.43,-0.12,359.12,1,-88,-6,13,12,48,3,26385409,93
642.40,1545284183,13334.32,51.488094,7.401674,179.29,14.34,-0.10,359.59,1,-88,-6,13,12,48,3,26385409,93
643.40,1545284184,13348.67,51.488228,7.401688,178.86,14.14,-0.19,0.30,1,-85,-6,16,15,51,3,26385409,93
644.40,1545284185,13362.81,51.488353,7.401696,178.20,13.66,-0.48,0.31,1,-85,-6,16,15,51,3,26385409,93
645.40,1545284186,13376.46,51.488464,7.401707,177.93,12.78,-0.88,0.49,1,-76,-5,25,15,57,3,26385409,93
646.40,1545284187,13389.28,51.488578,7.401713,177.53,11.91,-0.87,0.16,1,-76,-5,25,15,57,3,26385409,93
647.40,1545284188,13401.16,51.488685,7.401716,177.40,10.96,-0.95,359.96,1,-84,-6,27,12,53,3,26385409,93
648.40,1545284189,13412.12,51.488777,7.401717,177.62,9.91,-1.04,359.96,1,-84,-6,27,12,53,3,26385409,93
649.40,1545284190,13422.03,51.488858,7.401721,177.58,8.57,-1.34,0.52,1,-81,-7,14,15,53,3,26385409,93
650.40,1545284191,13430.60,51.488928,7.401725,177.49,6.85,-1.72,0.65,1,-81,-7,14,15,53,3,26385409,93
651.40,1545284192,13437.44,51.488982,7.401727,177.56,5.42,-1.43,1.42,1,-82,-7,16,6,55,2,26385410,94
652.40,1545284193,13442.88,51.489033,7.401730,177.76,4.55,-0.87,0.68,1,-82,-7,16,6,55,2,26385410,94
653.40,1545284194,13447.43,51.489067,7.401732,177.77,3.73,-0.82,0.61,1,-81,-6,22,15,56,2,26385410,94
654.40,1545284195,13451.16,51.489091,7.401734,177.79,2.73,-1.00,0.47,1,-81,-6,22,15,56,2,26385410,94
655.40,1545284196,13453.89,51.489110,7.401736,177.80,2.00,-0.73,0.17,1,-82,-7,26,15,56,2,26385410,94
656.40,1545284197,13455.89,51.489110,7.401736,177.80,0.00,-2.00,0.17,1,-82,-7,26,15,56,2,26385410,94
657.41,1545284198,13455.89,51.489110,7.401736,177.79,0.00,0.00,0.17,1,-79,-7,29,15,59,2,26385410,94
658.40,1545284199,13455.89,51.489110,7.401736,177.79,0.00,0.00,0.17,1,-79,-7,29,15,59,2,26385410,94
659.40,1545284200,13455.89,51.489110,7.401736,177.79,0.00,0.00,0.17,1,-79,-7,29,15,59,2,26385410,94
660.40,1545284201,13455.89,51.489110,7.401736,177.77,0.00,0.00,0.17,1,-79,-6,28,15,58,2,26385410,94
661.40,1545284202,13455.89,51.489110,7.401736,177.76,0.00,0.00,0.17,1,-79,-6,28,15,58,2,26385410,94
662.40,1545284203,13455.89,51.489110,7.401736,177.60,0.00,0.00,0.17,1,-79,-8,25,15,60,2,26385410,94
663.40,1545284204,13455.89,51.489110,7.401736,177.46,0.00,0.00,357.29,1,-79,-8,25,15,60,2,26385410,94
664.40,1545284205,13455.89,51.489181,7.401736,176.45,0.00,0.00,358.32,1,-81,-8,24,10,59,2,26385410,94
665.40,1545284206,13455.89,51.489227,7.401734,175.80,5.13,0.00,359.01,1,-81,-8,24,10,59,2,26385410,94
666.40,1545284207,13461.02,51.489277,7.401735,175.30,5.75,0.61,359.77,1,-67,-4,31,14,63,2,26385410,94
667.40,1545284208,13466.77,51.489337,7.401758,175.47,5.73,-0.02,12.78,1,-67,-4,31,14,63,2,26385410,94
668.40,1545284209,13472.51,51.489377,7.401828,175.79,6.13,0.40,56.82,1,-70,-5,39,12,63,2,26385410,94
669.40,1545284210,13478.62,51.489406,7.401915,175.23,6.57,0.45,71.39,1,-70,-5,39,12,63,2,26385410,94
670.40,1545284211,13485.20,51.489411,7.402046,174.75,8.59,2.01,87.42,1,-71,-5,32,14,63,2,26385410,94
671.40,1545284212,13493.79,51.489414,7.402166,174.91,9.64,1.05,88.26,1,-71,-5,32,14,63,2,26385410,94
672.40,1545284213,13503.44,51.489414,7.402328,175.13,11.15,1.51,89.17,1,-72,-6,27,15,63,2,26385410,94
673.40,1545284214,13514.59,51.489415,7.402489,175.30,11.77,0.61,89.87,1,-72,-6,27,15,63,2,26385410,94
674.40,1545284215,13526.33,51.489412,7.402677,175.49,12.84,1.08,90.22,1,-72,-5,27,15,63,2,26385410,94
675.40,1545284216,13539.17,51.489409,7.402881,175.81,14.01,1.17,91.05,1,-72,-5,27,15,63,2,26385410,94
676.40,1545284217,13553.18,51.489407,7.403088,176.13,14.73,0.72,90.94,1,-72,-5,29,15,63,2,26385410,94
677.40,1545284218,13567.89,51.489406,7.403292,176.39,14.51,-0.22,90.96,1,-72,-5,29,15,63,2,26385410,94
678.41,1545284219,13582.53,51.489405,7.403490,176.56,14.13,-0.37,90.84,1,-72,-6,28,15,63,2,26385410,94
679.40,1545284220,13596.55,51.489403,7.403688,176.66,13.76,-0.37,90.59,1,-72,-6,28,15,63,2,26385410,94
680.40,1545284221,13610.31,51.489400,7.403881,176.83,13.52,-0.25,90.77,1,-72,-6,28,15,63,2,26385410,94
681.40,1545284222,13623.83,51.489398,7.404077,177.01,13.63,0.11,90.81,1,-72,-6,23,15,63,2,26385410,94
682.40,1545284223,13637.46,51.489396,7.404278,177.11,13.77,0.14,90.95,1,-72,-6,23,15,63,2,26385410,94
683.40,1545284224,13651.22,51.489394,7.404479,177.38,13.88,0.12,91.16,1,-80,-10,19,9,60,2,26385410,94
684.40,1545284225,13665.12,51.489393,7.404679,177.74,13.92,0.04,90.94,1,-80,-10,19,9,60,2,26385410,94
685.40,1545284226,13679.05,51.489391,7.404882,178.10,13.70,-0.22,90.12,1,-71,-7,14,6,63,2,26385408,95
686.40,1545284227,13692.79,51.489390,7.405082,178.43,13.55,-0.15,89.54,1,-71,-7,14,6,63,2,26385408,95
687.40,1545284228,13706.27,51.489393,7.405279,178.84,13.42,-0.13,88.23,1,-72,-5,15,12,63,2,26385408,95
688.40,1545284229,13719.70,51.489400,7.405471,179.02,13.43,0.01,86.68,1,-72,-5,15,12,63,2,26385408,95
689.40,1545284230,13733.13,51.489412,7.405666,179.22,13.34,-0.09,84.93,1,-72,-6,28,12,63,2,26385408,95
690.40,1545284231,13746.49,51.489430,7.405871,179.34,13.75,0.41,83.15,1,-72,-6,28,12,63,2,26385408,95
691.40,1545284232,13760.21,51.489453,7.406066,179.70,13.30,-0.45,81.58,1,-74,-5,19,15,63,2,26385408,95
692.40,1545284233,13773.53,51.489478,7.406249,179.96,13.31,0.02,80.39,1,-74,-5,19,15,63,2,26385408,95
693.40,1545284234,13786.82,51.489504,7.406438,179.95,13.35,0.04,79.50,1,-75,-7,19,15,61,2,26385408,95
694.40,1545284235,13800.18,51.489531,7.406619,179.73,13.57,0.22,78.80,1,-75,-7,19,15,61,2,26385408,95
695.40,1545284236,13813.75,51.489559,7.406806,179.36,13.78,0.21,78.38,1,-73,-5,25,13,61,2,26385408,95
696.40,1545284237,13827.56,51.489588,7.406999,178.89,13.89,0.10,77.91,1,-73,-5,25,13,61,2,26385408,95
697.40,1545284238,13841.40,51.489620,7.407202,178.86,14.10,0.21,77.79,1,-73,-5,25,15,63,2,26385408,95
698.40,1545284239,13855.54,51.489651,7.407403,178.82,14.44,0.34,78.31,1,-73,-5,25,15,63,2,26385408,95
699.41,1545284240,13870.09,51.489681,7.407605,178.75,14.54,0.10,78.51,1,-77,-5,25,13,60,2,26385408,95
700.40,1545284241,13884.50,51.489709,7.407815,178.88,14.48,-0.07,78.89,1,-77,-5,25,13,60,2,26385408,95
701.40,1545284242,13898.98,51.489738,7.408027,179.22,14.53,0.05,78.76,1,-77,-5,25,13,60,2,26385408,95
702.40,1545284243,13913.51,51.489767,7.408237,179.64,14.59,0.06,78.39,1,-74,-5,19,15,60,2,26385408,95
703.40,1545284244,13928.09,51.489799,7.408444,179.81,14.67,0.08,77.39,1,-74,-5,19,15,60,2,26385408,95
704.40,1545284245,13942.79,51.489829,7.408652,179.86,14.77,0.11,77.24,1,-77,-7,21,15,59,2,26385408,95
705.40,1545284246,13957.55,51.489861,7.408858,179.73,14.96,0.19,77.86,1,-77,-7,21,15,59,2,26385408,95
706.40,1545284247,13972.48,51.489892,7.409066,179.50,14.77,-0.20,77.63,1,-77,-5,26,15,55,2,26385408,95
707.40,1545284248,13987.25,51.489923,7.409272,179.25,14.59,-0.18,77.93,1,-77,-5,26,15,55,2,26385408,95
708.40,1545284249,14001.86,51.489953,7.409474,178.92,14.46,-0.13,78.15,1,-74,-5,27,15,59,2,26385408,95
709.40,1545284250,14016.29,51.489979,7.409681,178.44,14.28,-0.18,78.86,1,-74,-5,27,15,59,2,26385408,95
710.40,1545284251,14030.64,51.490003,7.409882,178.06,14.09,-0.19,78.79,1,-77,-6,26,10,57,2,26385408,95
711.40,1545284252,14044.65,51.490028,7.410075,177.53,13.95,-0.14,78.72,1,-77,-6,26,10,57,2,26385408,95
712.40,1545284253,14058.57,51.490051,7.410277,177.28,13.34,-0.61,78.61,1,-81,-8,21,12,57,2,26385408,95
713.40,1545284254,14071.94,51.490074,7.410457,176.81,12.72,-0.62,78.11,1,-81,-8,21,12,57,2,26385408,95
714.40,1545284255,14084.68,51.490094,7.410632,176.05,12.47,-0.25,78.02,1,-81,-5,23,12,55,2,26385408,95
715.40,1545284256,14097.13,51.490116,7.410806,175.59,12.25,-0.22,77.96,1,-81,-5,23,12,55,2,26385408,95
716.40,1545284257,14109.40,51.490141,7.410979,174.97,11.99,-0.26,77.63,1,-85,-5,17,12,49,2,26385408,95
