time_s,timestamp_ms,distance_m,latitude,longitude,altitude,velocity_mps,acceleration_mpss,direction,isRegistered,rsrp_dbm,rsrq_db,rssnr_db,cqi,ss,ta,ci,pci
59.73,1545283596,730.46,51.444502,7.491727,274.14,6.44,0.00,158.89,0,-104,-12,0,0,35,0,0,431
60.73,1545283597,736.89,51.444448,7.491734,274.61,6.01,0.00,183.22,0,-104,-12,0,0,35,0,0,431
76.73,1545283613,948.71,51.442840,7.489873,275.06,17.65,0.00,216.33,0,-92,-12,0,0,46,0,0,431
77.73,1545283614,966.35,51.442707,7.489720,274.59,17.60,0.00,215.61,0,-92,-12,0,0,46,0,0,431
82.73,1545283619,1048.43,51.442144,7.489036,273.65,15.46,0.00,218.18,0,-86,-10,0,0,51,0,0,431
83.72,1545283620,1063.86,51.442029,7.488886,274.16,15.17,0.00,218.77,0,-86,-10,0,0,51,0,0,431
84.73,1545283621,1079.07,51.441920,7.488733,274.03,15.24,0.00,219.87,0,-83,-11,0,0,54,0,0,431
85.73,1545283622,1094.31,51.441814,7.488573,273.82,15.27,0.00,222.71,0,-83,-11,0,0,54,0,0,431
86.73,1545283623,1109.58,51.441711,7.488403,273.64,15.39,0.00,224.38,0,-77,-10,0,0,58,0,0,431
87.73,1545283624,1124.99,51.441619,7.488238,273.35,15.20,0.00,226.84,0,-77,-10,0,0,58,0,0,431
88.73,1545283625,1140.30,51.441534,7.488069,273.78,15.34,0.00,228.43,0,-72,-6,0,0,60,0,0,431
89.73,1545283626,1155.54,51.441450,7.487890,274.23,15.39,0.00,229.64,0,-72,-6,0,0,60,0,0,431
90.72,1545283627,1170.88,51.441358,7.487702,274.68,15.80,0.00,230.59,0,-72,-6,0,0,60,0,0,431
101.72,1545283638,1350.91,51.440397,7.485587,282.53,16.68,0.00,232.75,0,-80,-9,0,0,55,0,0,430
102.72,1545283639,1367.61,51.440305,7.485392,283.72,16.75,0.00,233.32,0,-80,-9,0,0,55,0,0,430
103.72,1545283640,1384.34,51.440215,7.485201,284.73,16.37,0.00,233.04,0,-78,-8,0,0,58,0,0,430
104.73,1545283641,1400.78,51.440128,7.485012,285.18,16.22,0.00,233.21,0,-78,-8,0,0,58,0,0,430
105.73,1545283642,1417.01,51.440040,7.484820,285.11,16.38,0.00,232.66,0,-85,-12,0,0,53,0,0,431
106.73,1545283643,1433.38,51.439949,7.484640,284.94,16.28,0.00,232.87,0,-85,-12,0,0,53,0,0,431
128.73,1545283665,1791.24,51.438227,7.480099,288.93,17.08,0.00,240.36,0,-105,-8,0,0,29,0,0,38
129.73,1545283666,1808.32,51.438158,7.479895,288.10,16.43,0.00,240.95,0,-105,-8,0,0,29,0,0,38
130.73,1545283667,1824.86,51.438089,7.479696,287.52,16.12,0.00,241.54,0,-105,-8,0,0,29,0,0,38
131.73,1545283668,1840.87,51.438024,7.479493,287.47,16.61,0.00,241.89,0,-105,-8,0,0,29,0,0,38
132.73,1545283669,1857.48,51.437955,7.479282,287.33,16.26,0.00,241.87,0,-105,-8,0,0,29,0,0,38
133.73,1545283670,1873.74,51.437881,7.479064,287.09,16.16,0.00,241.59,0,-105,-11,0,0,31,0,0,38
134.73,1545283671,1889.90,51.437809,7.478852,287.37,14.84,0.00,241.89,0,-105,-11,0,0,31,0,0,38
135.73,1545283672,1904.76,51.437735,7.478637,287.16,15.93,0.00,242.37,0,-107,-12,0,0,30,0,0,38
135.73,1545283672,1904.78,51.437735,7.478637,287.16,15.93,0.00,242.37,0,-112,-16,0,0,30,0,0,70
136.72,1545283673,1920.59,51.437664,7.478423,286.95,16.02,0.00,242.55,0,-107,-12,0,0,30,0,0,38
136.72,1545283673,1920.59,51.437664,7.478423,286.95,16.02,0.00,242.55,0,-112,-16,0,0,30,0,0,70
137.73,1545283674,1936.71,51.437597,7.478215,286.88,14.99,0.00,241.95,0,-107,-11,0,0,29,0,0,38
137.73,1545283674,1936.72,51.437597,7.478215,286.88,14.99,0.00,241.95,0,-112,-15,0,0,28,0,0,70
138.72,1545283675,1951.63,51.437535,7.478023,287.19,15.01,0.00,241.58,0,-107,-11,0,0,29,0,0,38
138.72,1545283675,1951.63,51.437535,7.478023,287.19,15.01,0.00,241.58,0,-112,-15,0,0,28,0,0,70
139.73,1545283676,1966.72,51.437479,7.477843,287.30,14.39,0.00,241.68,0,-110,-12,0,0,28,0,0,38
139.73,1545283676,1966.74,51.437479,7.477843,287.30,14.39,0.00,241.68,0,-111,-13,0,0,27,0,0,70
139.73,1545283676,1966.75,51.437479,7.477843,287.30,14.39,0.00,241.68,0,-109,-15,0,0,32,0,0,65
139.73,1545283676,1966.76,51.437479,7.477843,287.30,14.39,0.00,241.68,0,-110,-16,0,0,32,0,0,71
139.73,1545283676,1966.78,51.437479,7.477843,287.30,14.39,0.00,241.68,0,-110,-16,0,0,33,0,0,457
140.73,1545283677,1981.14,51.437424,7.477671,287.01,13.54,0.00,242.34,0,-110,-12,0,0,28,0,0,38
140.73,1545283677,1981.14,51.437424,7.477671,287.01,13.54,0.00,242.34,0,-111,-13,0,0,27,0,0,70
140.73,1545283677,1981.15,51.437424,7.477671,287.01,13.54,0.00,242.34,0,-109,-15,0,0,32,0,0,65
140.73,1545283677,1981.16,51.437424,7.477671,287.01,13.54,0.00,242.34,0,-110,-16,0,0,32,0,0,71
140.73,1545283677,1981.18,51.437424,7.477671,287.01,13.54,0.00,242.34,0,-110,-16,0,0,33,0,0,457
141.73,1545283678,1994.69,51.437371,7.477502,287.70,13.36,0.00,242.79,0,-110,-11,0,0,27,0,0,38
141.73,1545283678,1994.70,51.437371,7.477502,287.70,13.36,0.00,242.79,0,-113,-13,0,0,26,0,0,70
141.73,1545283678,1994.71,51.437371,7.477502,287.70,13.36,0.00,242.79,0,-106,-12,0,0,32,0,0,213
141.73,1545283678,1994.71,51.437371,7.477502,287.70,13.36,0.00,242.79,0,-106,-13,0,0,33,0,0,457
141.74,1545283678,1994.73,51.437371,7.477502,287.70,13.36,0.00,242.79,0,-107,-15,0,0,34,0,0,80
142.73,1545283679,2008.01,51.437316,7.477330,288.01,12.97,0.00,243.35,0,-110,-11,0,0,27,0,0,38
142.73,1545283679,2008.02,51.437316,7.477330,288.01,12.97,0.00,243.35,0,-113,-13,0,0,26,0,0,70
142.73,1545283679,2008.03,51.437316,7.477330,288.01,12.97,0.00,243.35,0,-106,-12,0,0,32,0,0,213
142.73,1545283679,2008.05,51.437316,7.477330,288.01,12.97,0.00,243.35,0,-106,-13,0,0,33,0,0,457
142.73,1545283679,2008.05,51.437316,7.477330,288.01,12.97,0.00,243.35,0,-107,-15,0,0,34,0,0,80
143.73,1545283680,2021.00,51.437257,7.477132,287.84,12.98,0.00,243.92,0,-111,-10,0,0,25,0,0,70
143.73,1545283680,2021.01,51.437257,7.477132,287.84,12.98,0.00,243.92,0,-112,-9,0,0,23,0,0,38
143.73,1545283680,2021.03,51.437257,7.477132,287.84,12.98,0.00,243.92,0,-106,-13,0,0,34,0,0,457
143.73,1545283680,2021.03,51.437257,7.477132,287.84,12.98,0.00,243.92,0,-107,-14,0,0,33,0,0,213
143.73,1545283680,2021.04,51.437257,7.477132,287.84,12.98,0.00,243.92,0,-108,-15,0,0,33,0,0,456
144.73,1545283681,2033.96,51.437215,7.476962,288.17,12.33,0.00,246.53,0,-111,-10,0,0,25,0,0,70
144.73,1545283681,2033.98,51.437215,7.476962,288.17,12.33,0.00,246.53,0,-112,-9,0,0,23,0,0,38
144.73,1545283681,2033.99,51.437215,7.476962,288.17,12.33,0.00,246.53,0,-106,-13,0,0,34,0,0,457
144.73,1545283681,2034.00,51.437215,7.476962,288.17,12.33,0.00,246.53,0,-107,-14,0,0,33,0,0,213
144.73,1545283681,2034.01,51.437215,7.476962,288.17,12.33,0.00,246.53,0,-108,-15,0,0,33,0,0,456
145.73,1545283682,2046.28,51.437183,7.476804,288.72,12.05,0.00,250.00,0,-112,-10,0,0,23,0,0,70
145.73,1545283682,2046.28,51.437183,7.476804,288.72,12.05,0.00,250.00,0,-114,-9,0,0,21,0,0,38
145.73,1545283682,2046.29,51.437183,7.476804,288.72,12.05,0.00,250.00,0,-109,-15,0,0,33,0,0,213
145.73,1545283682,2046.30,51.437183,7.476804,288.72,12.05,0.00,250.00,0,-109,-16,0,0,33,0,0,457
145.73,1545283682,2046.30,51.437183,7.476804,288.72,12.05,0.00,250.00,0,-111,-17,0,0,32,0,0,80
146.73,1545283683,2058.33,51.437171,7.476625,288.64,11.41,0.00,263.12,0,-112,-10,0,0,23,0,0,70
146.73,1545283683,2058.34,51.437171,7.476625,288.64,11.41,0.00,263.12,0,-114,-9,0,0,21,0,0,38
146.73,1545283683,2058.34,51.437171,7.476625,288.64,11.41,0.00,263.12,0,-109,-15,0,0,33,0,0,213
146.73,1545283683,2058.35,51.437171,7.476625,288.64,11.41,0.00,263.12,0,-109,-16,0,0,33,0,0,457
146.73,1545283683,2058.37,51.437171,7.476625,288.64,11.41,0.00,263.12,0,-111,-17,0,0,32,0,0,80
147.73,1545283684,2069.72,51.437182,7.476468,288.97,9.22,0.00,277.47,0,-111,-10,0,0,24,0,0,70
148.73,1545283685,2078.93,51.437209,7.476333,289.29,8.77,0.00,290.03,0,-111,-10,0,0,24,0,0,70
193.73,1545283730,2927.34,51.442556,7.484740,277.01,23.38,0.00,25.85,0,-82,-14,0,0,58,0,0,429
194.72,1545283731,2950.61,51.442746,7.484882,276.47,23.32,0.00,25.26,0,-82,-14,0,0,58,0,0,429
195.73,1545283732,2974.01,51.442936,7.485024,275.95,23.21,0.00,24.86,0,-82,-14,0,0,58,0,0,429
196.73,1545283733,2997.23,51.443128,7.485160,275.55,23.10,0.00,23.82,0,-71,-7,0,0,61,0,0,429
197.73,1545283734,3020.31,51.443314,7.485289,275.08,22.68,0.00,23.55,0,-71,-7,0,0,61,0,0,429
198.73,1545283735,3042.98,51.443496,7.485418,274.70,22.49,0.00,23.50,0,-82,-7,0,0,51,0,0,429
199.73,1545283736,3065.63,51.443667,7.485538,274.26,20.58,0.00,22.89,0,-82,-7,0,0,51,0,0,429
233.72,1545283770,3609.38,51.443686,7.483438,263.87,24.29,0.00,268.35,0,-82,-14,0,0,57,0,0,430
234.73,1545283771,3633.77,51.443684,7.483084,263.69,25.14,0.00,267.48,0,-82,-14,0,0,57,0,0,430
235.73,1545283772,3659.08,51.443677,7.482711,263.66,25.35,0.00,267.53,0,-85,-8,0,0,48,0,0,430
236.73,1545283773,3684.26,51.443669,7.482327,263.59,26.47,0.00,267.00,0,-85,-8,0,0,48,0,0,430
237.73,1545283774,3710.78,51.443660,7.481948,263.59,26.34,0.00,266.94,0,-85,-8,0,0,48,0,0,430
238.73,1545283775,3737.07,51.443650,7.481577,263.55,25.75,0.00,266.67,0,-91,-11,0,0,46,0,0,429
239.73,1545283776,3762.85,51.443635,7.481216,263.61,25.32,0.00,266.25,0,-91,-11,0,0,46,0,0,429
240.72,1545283777,3788.09,51.443622,7.480858,263.16,25.35,0.00,265.90,0,-95,-11,0,0,42,0,0,429
241.72,1545283778,3813.42,51.443601,7.480504,262.61,24.79,0.00,264.26,0,-95,-11,0,0,42,0,0,429
259.73,1545283796,4303.11,51.442929,7.473479,255.97,29.01,0.00,258.46,0,-97,-6,0,0,35,0,0,397
260.73,1545283797,4332.18,51.442877,7.473078,255.38,29.54,0.00,258.02,0,-97,-6,0,0,35,0,0,397
261.73,1545283798,4361.67,51.442824,7.472659,254.79,30.27,0.00,257.50,0,-104,-11,0,0,34,0,0,397
262.73,1545283799,4391.97,51.442768,7.472226,253.99,30.85,0.00,257.70,0,-104,-11,0,0,34,0,0,397
263.73,1545283800,4422.82,51.442711,7.471781,252.81,31.72,0.00,258.26,0,-102,-6,0,0,31,0,0,397
264.73,1545283801,4454.58,51.442651,7.471327,251.92,32.67,0.00,258.39,0,-102,-6,0,0,31,0,0,397
265.73,1545283802,4487.25,51.442591,7.470871,251.28,33.09,0.00,258.63,0,-110,-9,0,0,25,0,0,397
266.73,1545283803,4520.34,51.442530,7.470408,250.56,32.65,0.00,258.16,0,-110,-9,0,0,25,0,0,397
267.73,1545283804,4553.06,51.442469,7.469951,250.01,32.12,0.00,258.42,0,-112,-12,0,0,26,0,0,397
267.73,1545283804,4553.06,51.442469,7.469951,250.01,32.12,0.00,258.42,0,-114,-15,0,0,27,0,0,72
267.73,1545283804,4553.09,51.442469,7.469951,250.01,32.12,0.00,258.42,0,-116,-15,0,0,25,0,0,118
268.73,1545283805,4585.18,51.442408,7.469500,248.92,32.37,0.00,258.23,0,-112,-12,0,0,26,0,0,397
268.73,1545283805,4585.21,51.442408,7.469500,248.92,32.37,0.00,258.23,0,-114,-15,0,0,27,0,0,72
268.73,1545283805,4585.24,51.442408,7.469500,248.92,32.37,0.00,258.23,0,-116,-15,0,0,25,0,0,118
269.72,1545283806,4617.36,51.442346,7.469044,247.59,32.68,0.00,258.66,0,-113,-15,0,0,28,0,0,72
270.73,1545283807,4650.17,51.442286,7.468593,246.10,32.70,0.00,258.61,0,-113,-15,0,0,28,0,0,72
271.73,1545283808,4682.90,51.442227,7.468135,244.68,33.02,0.00,258.79,0,-109,-9,0,0,26,0,0,72
271.73,1545283808,4682.94,51.442227,7.468135,244.68,33.02,0.00,258.79,0,-112,-10,0,0,23,0,0,397
272.73,1545283809,4715.89,51.442167,7.467671,243.10,32.99,0.00,258.77,0,-109,-9,0,0,26,0,0,72
272.73,1545283809,4715.92,51.442167,7.467671,243.10,32.99,0.00,258.77,0,-112,-10,0,0,23,0,0,397
273.73,1545283810,4748.94,51.442108,7.467211,241.56,32.60,0.00,259.13,0,-112,-13,0,0,27,0,0,72
273.73,1545283810,4748.97,51.442108,7.467211,241.56,32.60,0.00,259.13,0,-112,-13,0,0,27,0,0,118
273.73,1545283810,4749.01,51.442108,7.467211,241.56,32.60,0.00,259.13,0,-115,-15,0,0,26,0,0,157
274.73,1545283811,4781.54,51.442051,7.466749,240.05,32.57,0.00,258.98,0,-112,-13,0,0,27,0,0,72
274.73,1545283811,4781.57,51.442051,7.466749,240.05,32.57,0.00,258.98,0,-112,-13,0,0,27,0,0,118
274.73,1545283811,4781.61,51.442051,7.466749,240.05,32.57,0.00,258.98,0,-115,-15,0,0,26,0,0,157
275.73,1545283812,4814.18,51.442001,7.466293,238.73,32.21,0.00,259.63,0,-102,-15,0,0,40,0,0,229
275.73,1545283812,4814.21,51.442001,7.466293,238.73,32.21,0.00,259.63,0,-104,-17,0,0,39,0,0,51
275.73,1545283812,4814.24,51.442001,7.466293,238.73,32.21,0.00,259.63,0,-105,-19,0,0,39,0,0,54
275.73,1545283812,4814.27,51.442001,7.466293,238.73,32.21,0.00,259.63,0,-110,-10,0,0,27,0,0,118
275.73,1545283812,4814.27,51.442001,7.466293,238.73,32.21,0.00,259.63,0,-110,-11,0,0,26,0,0,72
275.74,1545283812,4814.31,51.442001,7.466293,238.73,32.21,0.00,259.63,0,-112,-13,0,0,26,0,0,430
275.74,1545283812,4814.34,51.442001,7.466293,238.73,32.21,0.00,259.63,0,-115,-13,0,0,24,0,0,157
276.73,1545283813,4846.41,51.441950,7.465824,237.72,32.19,0.00,259.97,0,-102,-15,0,0,40,0,0,229
276.73,1545283813,4846.41,51.441950,7.465824,237.72,32.19,0.00,259.97,0,-104,-17,0,0,39,0,0,51
276.73,1545283813,4846.45,51.441950,7.465824,237.72,32.19,0.00,259.97,0,-105,-19,0,0,39,0,0,54
276.73,1545283813,4846.48,51.441950,7.465824,237.72,32.19,0.00,259.97,0,-110,-10,0,0,27,0,0,118
276.74,1545283813,4846.51,51.441950,7.465824,237.72,32.19,0.00,259.97,0,-110,-11,0,0,26,0,0,72
276.74,1545283813,4846.51,51.441950,7.465824,237.72,32.19,0.00,259.97,0,-112,-13,0,0,26,0,0,430
276.74,1545283813,4846.54,51.441950,7.465824,237.72,32.19,0.00,259.97,0,-115,-13,0,0,24,0,0,157
277.74,1545283814,4878.87,51.441901,7.465365,236.89,32.03,0.00,260.52,0,-102,-14,0,0,38,0,0,229
277.74,1545283814,4878.90,51.441901,7.465365,236.89,32.03,0.00,260.52,0,-105,-16,0,0,37,0,0,51
277.74,1545283814,4878.93,51.441901,7.465365,236.89,32.03,0.00,260.52,0,-105,-18,0,0,38,0,0,54
277.74,1545283814,4878.93,51.441901,7.465365,236.89,32.03,0.00,260.52,0,-107,-10,0,0,29,0,0,118
277.74,1545283814,4878.96,51.441901,7.465365,236.89,32.03,0.00,260.52,0,-111,-13,0,0,28,0,0,72
277.74,1545283814,4878.99,51.441901,7.465365,236.89,32.03,0.00,260.52,0,-112,-16,0,0,29,0,0,430
278.73,1545283815,4910.61,51.441858,7.464910,236.19,31.82,0.00,260.91,0,-102,-14,0,0,38,0,0,229
278.73,1545283815,4910.64,51.441858,7.464910,236.19,31.82,0.00,260.91,0,-105,-16,0,0,37,0,0,51
278.73,1545283815,4910.64,51.441858,7.464910,236.19,31.82,0.00,260.91,0,-105,-18,0,0,38,0,0,54
278.73,1545283815,4910.67,51.441858,7.464910,236.19,31.82,0.00,260.91,0,-107,-10,0,0,29,0,0,118
278.73,1545283815,4910.71,51.441858,7.464910,236.19,31.82,0.00,260.91,0,-111,-13,0,0,28,0,0,72
278.74,1545283815,4910.74,51.441858,7.464910,236.19,31.82,0.00,260.91,0,-112,-16,0,0,29,0,0,430
279.73,1545283816,4942.44,51.441817,7.464464,235.55,31.58,0.00,261.67,0,-102,-14,0,0,38,0,0,229
279.73,1545283816,4942.47,51.441817,7.464464,235.55,31.58,0.00,261.67,0,-105,-16,0,0,37,0,0,51
279.73,1545283816,4942.50,51.441817,7.464464,235.55,31.58,0.00,261.67,0,-105,-18,0,0,38,0,0,54
279.73,1545283816,4942.50,51.441817,7.464464,235.55,31.58,0.00,261.67,0,-107,-10,0,0,29,0,0,118
279.73,1545283816,4942.53,51.441817,7.464464,235.55,31.58,0.00,261.67,0,-111,-13,0,0,28,0,0,72
279.74,1545283816,4942.56,51.441817,7.464464,235.55,31.58,0.00,261.67,0,-112,-16,0,0,29,0,0,430
280.73,1545283817,4973.95,51.441781,7.464014,235.05,31.51,0.00,262.19,0,-102,-13,0,0,38,0,0,229
280.73,1545283817,4973.98,51.441781,7.464014,235.05,31.51,0.00,262.19,0,-104,-15,0,0,37,0,0,51
280.73,1545283817,4974.01,51.441781,7.464014,235.05,31.51,0.00,262.19,0,-105,-16,0,0,37,0,0,54
281.73,1545283818,5005.33,51.441745,7.463566,234.70,31.26,0.00,262.86,0,-102,-13,0,0,38,0,0,229
281.73,1545283818,5005.33,51.441745,7.463566,234.70,31.26,0.00,262.86,0,-104,-15,0,0,37,0,0,51
281.73,1545283818,5005.36,51.441745,7.463566,234.70,31.26,0.00,262.86,0,-105,-16,0,0,37,0,0,54
282.74,1545283819,5037.15,51.441715,7.463119,234.38,31.35,0.00,263.41,0,-104,-14,0,0,36,0,0,229
282.74,1545283819,5037.19,51.441715,7.463119,234.38,31.35,0.00,263.41,0,-104,-15,0,0,36,0,0,449
282.74,1545283819,5037.19,51.441715,7.463119,234.38,31.35,0.00,263.41,0,-106,-16,0,0,36,0,0,54
283.73,1545283820,5068.06,51.441684,7.462671,234.26,31.60,0.00,264.15,0,-104,-14,0,0,36,0,0,229
283.73,1545283820,5068.09,51.441684,7.462671,234.26,31.60,0.00,264.15,0,-104,-15,0,0,36,0,0,449
283.73,1545283820,5068.13,51.441684,7.462671,234.26,31.60,0.00,264.15,0,-106,-16,0,0,36,0,0,54
284.73,1545283821,5099.54,51.441659,7.462215,234.23,31.78,0.00,264.84,0,-99,-11,0,0,38,0,0,449
284.73,1545283821,5099.57,51.441659,7.462215,234.23,31.78,0.00,264.84,0,-101,-10,0,0,36,0,0,229
284.73,1545283821,5099.60,51.441659,7.462215,234.23,31.78,0.00,264.84,0,-103,-14,0,0,37,0,0,54
285.73,1545283822,5131.45,51.441633,7.461757,234.22,32.12,0.00,265.06,0,-99,-11,0,0,38,0,0,449
285.73,1545283822,5131.48,51.441633,7.461757,234.22,32.12,0.00,265.06,0,-101,-10,0,0,36,0,0,229
285.73,1545283822,5131.48,51.441633,7.461757,234.22,32.12,0.00,265.06,0,-103,-14,0,0,37,0,0,54
286.73,1545283823,5163.63,51.441608,7.461293,234.17,32.46,0.00,265.76,0,-97,-11,0,0,40,0,0,449
286.73,1545283823,5163.66,51.441608,7.461293,234.17,32.46,0.00,265.76,0,-99,-11,0,0,40,0,0,229
286.73,1545283823,5163.66,51.441608,7.461293,234.17,32.46,0.00,265.76,0,-102,-13,0,0,38,0,0,54
286.73,1545283823,5163.70,51.441608,7.461293,234.17,32.46,0.00,265.76,0,-106,-10,0,0,30,0,0,118
286.73,1545283823,5163.73,51.441608,7.461293,234.17,32.46,0.00,265.76,0,-106,-9,0,0,29,0,0,72
286.73,1545283823,5163.73,51.441608,7.461293,234.17,32.46,0.00,265.76,0,-111,-11,0,0,27,0,0,35
287.73,1545283824,5196.12,51.441588,7.460823,234.13,32.86,0.00,266.33,0,-97,-11,0,0,40,0,0,449
287.73,1545283824,5196.16,51.441588,7.460823,234.13,32.86,0.00,266.33,0,-99,-11,0,0,40,0,0,229
287.73,1545283824,5196.19,51.441588,7.460823,234.13,32.86,0.00,266.33,0,-102,-13,0,0,38,0,0,54
287.74,1545283824,5196.22,51.441588,7.460823,234.13,32.86,0.00,266.33,0,-106,-10,0,0,30,0,0,118
287.74,1545283824,5196.22,51.441588,7.460823,234.13,32.86,0.00,266.33,0,-106,-9,0,0,29,0,0,72
287.74,1545283824,5196.25,51.441588,7.460823,234.13,32.86,0.00,266.33,0,-111,-11,0,0,27,0,0,35
288.73,1545283825,5228.82,51.441570,7.460346,234.06,33.15,0.00,266.87,0,-93,-11,0,0,43,0,0,449
288.73,1545283825,5228.85,51.441570,7.460346,234.06,33.15,0.00,266.87,0,-97,-13,0,0,43,0,0,229
288.73,1545283825,5228.85,51.441570,7.460346,234.06,33.15,0.00,266.87,0,-97,-15,0,0,43,0,0,54
289.73,1545283826,5262.10,51.441554,7.459876,233.99,32.94,0.00,267.21,0,-93,-11,0,0,43,0,0,449
289.73,1545283826,5262.14,51.441554,7.459876,233.99,32.94,0.00,267.21,0,-97,-13,0,0,43,0,0,229
289.73,1545283826,5262.17,51.441554,7.459876,233.99,32.94,0.00,267.21,0,-97,-15,0,0,43,0,0,54
290.72,1545283827,5294.81,51.441545,7.459413,233.97,31.89,0.00,267.79,0,-92,-11,0,0,46,0,0,54
290.72,1545283827,5294.81,51.441545,7.459413,233.97,31.89,0.00,267.79,0,-97,-17,0,0,46,0,0,448
290.73,1545283827,5294.84,51.441545,7.459413,233.97,31.89,0.00,267.79,0,-91,-6,0,0,41,0,0,72
291.73,1545283828,5326.73,51.441537,7.458958,233.93,31.53,0.00,268.62,0,-92,-11,0,0,46,0,0,54
291.73,1545283828,5326.73,51.441537,7.458958,233.93,31.53,0.00,268.62,0,-97,-17,0,0,46,0,0,448
291.73,1545283828,5326.76,51.441537,7.458958,233.93,31.53,0.00,268.62,0,-91,-6,0,0,41,0,0,72
292.73,1545283829,5358.32,51.441533,7.458506,233.93,31.55,0.00,269.15,0,-88,-7,0,0,46,0,0,54
293.73,1545283830,5389.94,51.441531,7.458053,233.86,31.60,0.00,269.17,0,-88,-7,0,0,46,0,0,54
298.73,1545283835,5548.95,51.441537,7.455773,232.72,31.19,0.00,271.09,0,-91,-6,0,0,42,0,0,449
299.73,1545283836,5579.95,51.441546,7.455330,232.27,30.96,0.00,271.55,0,-91,-6,0,0,42,0,0,449
300.73,1545283837,5610.85,51.441556,7.454887,231.76,30.95,0.00,272.36,0,-91,-6,0,0,42,0,0,449
334.73,1545283871,6569.32,51.443073,7.441343,224.59,30.13,0.00,286.73,0,-66,-6,0,0,63,0,0,56
334.73,1545283871,6569.35,51.443073,7.441343,224.59,30.13,0.00,286.73,0,-84,-9,0,0,51,0,0,74
335.73,1545283872,6599.45,51.443154,7.440922,224.19,30.01,0.00,287.50,0,-66,-6,0,0,63,0,0,56
335.73,1545283872,6599.48,51.443154,7.440922,224.19,30.01,0.00,287.50,0,-84,-9,0,0,51,0,0,74
363.73,1545283900,7494.02,51.446719,7.429553,191.62,32.20,0.00,311.64,0,-95,-12,0,0,44,0,0,70
364.73,1545283901,7526.09,51.446916,7.429195,190.25,32.69,0.00,312.20,0,-95,-12,0,0,44,0,0,70
365.73,1545283902,7558.81,51.447125,7.428855,188.87,32.28,0.00,314.37,0,-95,-12,0,0,44,0,0,70
366.73,1545283903,7591.06,51.447330,7.428536,187.73,32.17,0.00,315.62,0,-94,-7,0,0,39,0,0,70
367.73,1545283904,7623.26,51.447546,7.428224,186.63,32.38,0.00,317.05,0,-94,-7,0,0,39,0,0,70
368.73,1545283905,7655.60,51.447765,7.427920,185.35,32.25,0.00,318.49,0,-97,-7,0,0,36,0,0,70
369.73,1545283906,7687.95,51.447980,7.427624,184.08,32.29,0.00,318.64,0,-97,-7,0,0,36,0,0,70
370.72,1545283907,7720.05,51.448211,7.427334,182.89,31.83,0.00,321.10,0,-104,-8,0,0,29,0,0,74
370.72,1545283907,7720.05,51.448211,7.427334,182.89,31.83,0.00,321.10,0,-108,-9,0,0,28,0,0,312
371.73,1545283908,7751.94,51.448442,7.427046,181.67,32.13,0.00,321.44,0,-104,-8,0,0,29,0,0,74
371.73,1545283908,7751.97,51.448442,7.427046,181.67,32.13,0.00,321.44,0,-108,-9,0,0,28,0,0,312
380.72,1545283917,8048.37,51.450737,7.424891,168.57,33.69,0.00,335.23,0,-94,-11,0,0,45,0,0,51
381.73,1545283918,8082.39,51.451013,7.424697,167.64,33.35,0.00,336.53,0,-94,-11,0,0,45,0,0,51
382.73,1545283919,8115.67,51.451286,7.424519,166.71,33.24,0.00,338.00,0,-91,-13,0,0,49,0,0,230
382.73,1545283919,8115.70,51.451286,7.424519,166.71,33.24,0.00,338.00,0,-93,-14,0,0,49,0,0,376
382.73,1545283919,8115.70,51.451286,7.424519,166.71,33.24,0.00,338.00,0,-93,-13,0,0,46,0,0,132
382.73,1545283919,8115.74,51.451286,7.424519,166.71,33.24,0.00,338.00,0,-99,-7,0,0,35,0,0,119
382.73,1545283919,8115.77,51.451286,7.424519,166.71,33.24,0.00,338.00,0,-102,-9,0,0,33,0,0,377
382.74,1545283919,8115.80,51.451286,7.424519,166.71,33.24,0.00,338.00,0,-105,-11,0,0,33,0,0,27
383.73,1545283920,8148.95,51.451550,7.424347,165.89,32.56,0.00,338.98,0,-91,-13,0,0,49,0,0,230
383.73,1545283920,8148.98,51.451550,7.424347,165.89,32.56,0.00,338.98,0,-93,-14,0,0,49,0,0,376
383.73,1545283920,8148.98,51.451550,7.424347,165.89,32.56,0.00,338.98,0,-93,-13,0,0,46,0,0,132
383.73,1545283920,8149.01,51.451550,7.424347,165.89,32.56,0.00,338.98,0,-99,-7,0,0,35,0,0,119
383.74,1545283920,8149.04,51.451550,7.424347,165.89,32.56,0.00,338.98,0,-102,-9,0,0,33,0,0,377
383.74,1545283920,8149.08,51.451550,7.424347,165.89,32.56,0.00,338.98,0,-105,-11,0,0,33,0,0,27
384.74,1545283921,8181.80,51.451818,7.424189,165.02,32.32,0.00,339.88,0,-93,-14,0,0,48,0,0,70
384.74,1545283921,8181.80,51.451818,7.424189,165.02,32.32,0.00,339.88,0,-93,-13,0,0,48,0,0,230
384.74,1545283921,8181.83,51.451818,7.424189,165.02,32.32,0.00,339.88,0,-95,-16,0,0,46,0,0,51
384.74,1545283921,8181.86,51.451818,7.424189,165.02,32.32,0.00,339.88,0,-99,-12,0,0,39,0,0,119
384.74,1545283921,8181.89,51.451818,7.424189,165.02,32.32,0.00,339.88,0,-102,-13,0,0,38,0,0,27
385.73,1545283922,8213.79,51.452091,7.424029,164.31,32.36,0.00,340.83,0,-93,-14,0,0,48,0,0,70
385.73,1545283922,8213.83,51.452091,7.424029,164.31,32.36,0.00,340.83,0,-93,-13,0,0,48,0,0,230
385.73,1545283922,8213.86,51.452091,7.424029,164.31,32.36,0.00,340.83,0,-95,-16,0,0,46,0,0,51
385.73,1545283922,8213.89,51.452091,7.424029,164.31,32.36,0.00,340.83,0,-99,-12,0,0,39,0,0,119
385.73,1545283922,8213.89,51.452091,7.424029,164.31,32.36,0.00,340.83,0,-102,-13,0,0,38,0,0,27
386.73,1545283923,8246.13,51.452370,7.423880,163.35,32.61,0.00,341.43,0,-93,-14,0,0,48,0,0,70
386.73,1545283923,8246.16,51.452370,7.423880,163.35,32.61,0.00,341.43,0,-93,-13,0,0,48,0,0,230
386.73,1545283923,8246.19,51.452370,7.423880,163.35,32.61,0.00,341.43,0,-95,-16,0,0,46,0,0,51
386.73,1545283923,8246.19,51.452370,7.423880,163.35,32.61,0.00,341.43,0,-99,-12,0,0,39,0,0,119
386.73,1545283923,8246.22,51.452370,7.423880,163.35,32.61,0.00,341.43,0,-102,-13,0,0,38,0,0,27
391.72,1545283928,8407.00,51.453754,7.423200,158.56,31.65,0.00,343.63,0,-83,-8,0,0,52,0,0,70
391.72,1545283928,8407.00,51.453754,7.423200,158.56,31.65,0.00,343.63,0,-93,-12,0,0,44,0,0,40
391.72,1545283928,8407.00,51.453754,7.423200,158.56,31.65,0.00,343.63,0,-98,-12,0,0,41,0,0,27
392.72,1545283929,8438.69,51.454025,7.423080,157.74,31.25,0.00,343.94,0,-83,-8,0,0,52,0,0,70
392.72,1545283929,8438.69,51.454025,7.423080,157.74,31.25,0.00,343.94,0,-93,-12,0,0,44,0,0,40
392.72,1545283929,8438.69,51.454025,7.423080,157.74,31.25,0.00,343.94,0,-98,-12,0,0,41,0,0,27
393.73,1545283930,8469.97,51.454289,7.422963,156.93,30.72,0.00,344.27,0,-92,-12,0,0,49,0,0,119
394.73,1545283931,8500.72,51.454547,7.422849,156.34,30.55,0.00,344.07,0,-92,-12,0,0,49,0,0,119
397.73,1545283934,8592.01,51.455320,7.422494,154.86,30.12,0.00,342.93,0,-83,-10,0,0,54,0,0,230
397.73,1545283934,8592.04,51.455320,7.422494,154.86,30.12,0.00,342.93,0,-84,-6,0,0,47,0,0,119
398.73,1545283935,8622.13,51.455577,7.422370,154.48,30.03,0.00,342.45,0,-83,-10,0,0,54,0,0,230
398.73,1545283935,8622.16,51.455577,7.422370,154.48,30.03,0.00,342.45,0,-84,-6,0,0,47,0,0,119
399.73,1545283936,8652.31,51.455834,7.422236,154.13,30.00,0.00,341.52,0,-83,-8,0,0,50,0,0,119
399.73,1545283936,8652.31,51.455834,7.422236,154.13,30.00,0.00,341.52,0,-90,-11,0,0,46,0,0,377
400.73,1545283937,8682.16,51.456088,7.422098,153.70,30.06,0.00,340.82,0,-83,-8,0,0,50,0,0,119
400.73,1545283937,8682.19,51.456088,7.422098,153.70,30.06,0.00,340.82,0,-90,-11,0,0,46,0,0,377
401.73,1545283938,8712.16,51.456342,7.421950,153.27,30.09,0.00,340.04,0,-90,-10,0,0,46,0,0,119
402.73,1545283939,8742.28,51.456597,7.421797,152.92,30.11,0.00,339.18,0,-90,-10,0,0,46,0,0,119
403.73,1545283940,8772.42,51.456850,7.421634,152.66,30.26,0.00,338.50,0,-83,-9,0,0,53,0,0,230
403.73,1545283940,8772.42,51.456850,7.421634,152.66,30.26,0.00,338.50,0,-89,-9,0,0,47,0,0,119
404.73,1545283941,8802.65,51.457102,7.421465,152.44,30.33,0.00,337.43,0,-83,-9,0,0,53,0,0,230
404.73,1545283941,8802.68,51.457102,7.421465,152.44,30.33,0.00,337.43,0,-89,-9,0,0,47,0,0,119
405.73,1545283942,8833.22,51.457356,7.421296,152.21,30.57,0.00,336.58,0,-86,-11,0,0,51,0,0,230
405.74,1545283942,8833.25,51.457356,7.421296,152.21,30.57,0.00,336.58,0,-85,-8,0,0,48,0,0,119
406.73,1545283943,8863.57,51.457609,7.421109,151.82,30.86,0.00,335.48,0,-86,-11,0,0,51,0,0,230
406.73,1545283943,8863.57,51.457609,7.421109,151.82,30.86,0.00,335.48,0,-85,-8,0,0,48,0,0,119
407.73,1545283944,8894.40,51.457860,7.420925,151.60,31.07,0.00,334.51,0,-86,-11,0,0,51,0,0,230
407.73,1545283944,8894.43,51.457860,7.420925,151.60,31.07,0.00,334.51,0,-85,-8,0,0,48,0,0,119
408.73,1545283945,8925.53,51.458110,7.420726,151.42,31.38,0.00,333.74,0,-86,-9,0,0,50,0,0,230
408.73,1545283945,8925.56,51.458110,7.420726,151.42,31.38,0.00,333.74,0,-90,-10,0,0,46,0,0,376
408.73,1545283945,8925.59,51.458110,7.420726,151.42,31.38,0.00,333.74,0,-90,-12,0,0,48,0,0,386
408.73,1545283945,8925.62,51.458110,7.420726,151.42,31.38,0.00,333.74,0,-91,-8,0,0,42,0,0,119
409.73,1545283946,8956.91,51.458361,7.420527,151.29,31.29,0.00,333.04,0,-86,-9,0,0,50,0,0,230
409.73,1545283946,8956.94,51.458361,7.420527,151.29,31.29,0.00,333.04,0,-90,-10,0,0,46,0,0,376
409.73,1545283946,8956.94,51.458361,7.420527,151.29,31.29,0.00,333.04,0,-90,-12,0,0,48,0,0,386
409.73,1545283946,8956.97,51.458361,7.420527,151.29,31.29,0.00,333.04,0,-91,-8,0,0,42,0,0,119
410.73,1545283947,8988.14,51.458605,7.420320,151.18,30.85,0.00,332.04,0,-84,-9,0,0,52,0,0,70
410.73,1545283947,8988.17,51.458605,7.420320,151.18,30.85,0.00,332.04,0,-87,-13,0,0,52,0,0,69
411.73,1545283948,9019.02,51.458846,7.420116,151.06,30.57,0.00,331.26,0,-84,-9,0,0,52,0,0,70
411.73,1545283948,9019.05,51.458846,7.420116,151.06,30.57,0.00,331.26,0,-87,-13,0,0,52,0,0,69
412.73,1545283949,9049.65,51.459087,7.419899,150.95,30.43,0.00,330.51,0,-85,-10,0,0,51,0,0,69
412.73,1545283949,9049.68,51.459087,7.419899,150.95,30.43,0.00,330.51,0,-87,-12,0,0,51,0,0,70
412.73,1545283949,9049.71,51.459087,7.419899,150.95,30.43,0.00,330.51,0,-89,-11,0,0,49,0,0,386
412.73,1545283949,9049.71,51.459087,7.419899,150.95,30.43,0.00,330.51,0,-88,-11,0,0,49,0,0,39
412.73,1545283949,9049.74,51.459087,7.419899,150.95,30.43,0.00,330.51,0,-92,-15,0,0,49,0,0,40
413.73,1545283950,9080.08,51.459320,7.419681,150.92,30.27,0.00,329.33,0,-85,-10,0,0,51,0,0,69
413.73,1545283950,9080.11,51.459320,7.419681,150.92,30.27,0.00,329.33,0,-87,-12,0,0,51,0,0,70
413.73,1545283950,9080.11,51.459320,7.419681,150.92,30.27,0.00,329.33,0,-89,-11,0,0,49,0,0,386
413.73,1545283950,9080.14,51.459320,7.419681,150.92,30.27,0.00,329.33,0,-88,-11,0,0,49,0,0,39
413.73,1545283950,9080.17,51.459320,7.419681,150.92,30.27,0.00,329.33,0,-92,-15,0,0,49,0,0,40
414.73,1545283951,9110.26,51.459555,7.419458,150.76,30.27,0.00,328.46,0,-79,-7,0,0,55,0,0,69
415.73,1545283952,9140.53,51.459786,7.419225,150.58,30.49,0.00,327.64,0,-79,-7,0,0,55,0,0,69
416.73,1545283953,9171.02,51.460017,7.418991,150.37,30.62,0.00,326.84,0,-88,-9,0,0,47,0,0,119
417.73,1545283954,9201.64,51.460243,7.418746,150.14,30.76,0.00,325.65,0,-88,-9,0,0,47,0,0,119
418.73,1545283955,9232.44,51.460471,7.418495,149.91,30.75,0.00,324.91,0,-83,-8,0,0,51,0,0,230
418.73,1545283955,9232.47,51.460471,7.418495,149.91,30.75,0.00,324.91,0,-85,-7,0,0,49,0,0,119
418.73,1545283955,9232.50,51.460471,7.418495,149.91,30.75,0.00,324.91,0,-87,-7,0,0,48,0,0,93
419.73,1545283956,9263.24,51.460693,7.418238,149.72,30.71,0.00,324.17,0,-83,-8,0,0,51,0,0,230
419.73,1545283956,9263.31,51.460693,7.418238,149.72,30.71,0.00,324.17,0,-85,-7,0,0,49,0,0,119
419.73,1545283956,9263.34,51.460693,7.418238,149.72,30.71,0.00,324.17,0,-87,-7,0,0,48,0,0,93
420.73,1545283957,9293.90,51.460912,7.417978,149.44,30.57,0.00,323.15,0,-90,-13,0,0,50,0,0,119
421.72,1545283958,9324.32,51.461132,7.417715,149.11,30.63,0.00,322.31,0,-90,-13,0,0,50,0,0,119
437.73,1545283974,9856.27,51.464526,7.412287,151.70,34.27,0.00,309.27,0,-95,-11,0,0,41,0,0,431
437.73,1545283974,9856.30,51.464526,7.412287,151.70,34.27,0.00,309.27,0,-96,-12,0,0,42,0,0,132
437.73,1545283974,9856.33,51.464526,7.412287,151.70,34.27,0.00,309.27,0,-98,-8,0,0,36,0,0,93
437.73,1545283974,9856.37,51.464526,7.412287,151.70,34.27,0.00,309.27,0,-103,-13,0,0,35,0,0,119
438.73,1545283975,9890.54,51.464716,7.411902,152.14,34.20,0.00,308.51,0,-95,-11,0,0,41,0,0,431
438.73,1545283975,9890.57,51.464716,7.411902,152.14,34.20,0.00,308.51,0,-96,-12,0,0,42,0,0,132
438.73,1545283975,9890.61,51.464716,7.411902,152.14,34.20,0.00,308.51,0,-98,-8,0,0,36,0,0,93
438.73,1545283975,9890.61,51.464716,7.411902,152.14,34.20,0.00,308.51,0,-103,-13,0,0,35,0,0,119
439.73,1545283976,9924.67,51.464909,7.411511,152.46,34.16,0.00,308.18,0,-96,-8,0,0,42,0,0,119
440.73,1545283977,9958.86,51.465097,7.411128,152.76,34.25,0.00,308.06,0,-96,-8,0,0,42,0,0,119
441.73,1545283978,9993.12,51.465288,7.410742,152.99,34.35,0.00,308.05,0,-97,-13,0,0,41,0,0,132
441.73,1545283978,9993.12,51.465288,7.410742,152.99,34.35,0.00,308.05,0,-103,-13,0,0,36,0,0,93
441.73,1545283978,9993.15,51.465288,7.410742,152.99,34.35,0.00,308.05,0,-107,-15,0,0,33,0,0,119
442.73,1545283979,10027.46,51.465480,7.410350,153.09,34.44,0.00,308.04,0,-97,-13,0,0,41,0,0,132
442.73,1545283979,10027.50,51.465480,7.410350,153.09,34.44,0.00,308.04,0,-103,-13,0,0,36,0,0,93
442.73,1545283979,10027.53,51.465480,7.410350,153.09,34.44,0.00,308.04,0,-107,-15,0,0,33,0,0,119
443.73,1545283980,10062.01,51.465671,7.409961,153.18,34.61,0.00,308.00,0,-96,-11,0,0,41,0,0,431
443.73,1545283980,10062.04,51.465671,7.409961,153.18,34.61,0.00,308.00,0,-96,-12,0,0,41,0,0,132
443.73,1545283980,10062.08,51.465671,7.409961,153.18,34.61,0.00,308.00,0,-99,-13,0,0,40,0,0,376
443.73,1545283980,10062.11,51.465671,7.409961,153.18,34.61,0.00,308.00,0,-104,-10,0,0,33,0,0,377
443.73,1545283980,10062.11,51.465671,7.409961,153.18,34.61,0.00,308.00,0,-106,-13,0,0,33,0,0,93
444.73,1545283981,10096.75,51.465867,7.409564,153.09,34.72,0.00,307.91,0,-96,-11,0,0,41,0,0,431
444.74,1545283981,10096.79,51.465867,7.409564,153.09,34.72,0.00,307.91,0,-96,-12,0,0,41,0,0,132
444.74,1545283981,10096.86,51.465867,7.409564,153.09,34.72,0.00,307.91,0,-99,-13,0,0,40,0,0,376
444.74,1545283981,10096.86,51.465867,7.409564,153.09,34.72,0.00,307.91,0,-104,-10,0,0,33,0,0,377
444.74,1545283981,10096.89,51.465867,7.409564,153.09,34.72,0.00,307.91,0,-106,-13,0,0,33,0,0,93
445.73,1545283982,10131.27,51.466061,7.409169,153.08,34.88,0.00,308.12,0,-101,-13,0,0,39,0,0,266
445.73,1545283982,10131.30,51.466061,7.409169,153.08,34.88,0.00,308.12,0,-104,-15,0,0,39,0,0,377
446.72,1545283983,10165.97,51.466254,7.408775,153.19,35.06,0.00,308.35,0,-101,-13,0,0,39,0,0,266
446.72,1545283983,10165.97,51.466254,7.408775,153.19,35.06,0.00,308.35,0,-104,-15,0,0,39,0,0,377
447.74,1545283984,10201.53,51.466454,7.408370,153.02,35.17,0.00,308.40,0,-91,-9,0,0,44,0,0,376
447.74,1545283984,10201.53,51.466454,7.408370,153.02,35.17,0.00,308.40,0,-92,-11,0,0,44,0,0,57
447.74,1545283984,10201.56,51.466454,7.408370,153.02,35.17,0.00,308.40,0,-95,-11,0,0,42,0,0,69
447.74,1545283984,10201.60,51.466454,7.408370,153.02,35.17,0.00,308.40,0,-87,-7,0,0,46,0,0,377
448.73,1545283985,10236.45,51.466647,7.407974,152.72,34.77,0.00,308.76,0,-91,-9,0,0,44,0,0,376
448.73,1545283985,10236.49,51.466647,7.407974,152.72,34.77,0.00,308.76,0,-92,-11,0,0,44,0,0,57
448.73,1545283985,10236.52,51.466647,7.407974,152.72,34.77,0.00,308.76,0,-95,-11,0,0,42,0,0,69
448.73,1545283985,10236.52,51.466647,7.407974,152.72,34.77,0.00,308.76,0,-87,-7,0,0,46,0,0,377
449.73,1545283986,10271.26,51.466841,7.407583,152.47,34.59,0.00,309.06,0,-91,-9,0,0,44,0,0,376
449.73,1545283986,10271.29,51.466841,7.407583,152.47,34.59,0.00,309.06,0,-92,-11,0,0,44,0,0,57
449.73,1545283986,10271.33,51.466841,7.407583,152.47,34.59,0.00,309.06,0,-95,-11,0,0,42,0,0,69
449.73,1545283986,10271.36,51.466841,7.407583,152.47,34.59,0.00,309.06,0,-87,-7,0,0,46,0,0,377
450.73,1545283987,10305.82,51.467037,7.407193,152.27,34.38,0.00,309.37,0,-95,-11,0,0,42,0,0,57
450.73,1545283987,10305.85,51.467037,7.407193,152.27,34.38,0.00,309.37,0,-95,-11,0,0,41,0,0,376
450.73,1545283987,10305.89,51.467037,7.407193,152.27,34.38,0.00,309.37,0,-97,-12,0,0,41,0,0,431
450.73,1545283987,10305.92,51.467037,7.407193,152.27,34.38,0.00,309.37,0,-99,-10,0,0,37,0,0,93
450.73,1545283987,10305.92,51.467037,7.407193,152.27,34.38,0.00,309.37,0,-101,-11,0,0,37,0,0,377
451.73,1545283988,10340.23,51.467232,7.406813,152.22,34.30,0.00,309.51,0,-95,-11,0,0,42,0,0,57
451.73,1545283988,10340.23,51.467232,7.406813,152.22,34.30,0.00,309.51,0,-95,-11,0,0,41,0,0,376
451.73,1545283988,10340.27,51.467232,7.406813,152.22,34.30,0.00,309.51,0,-97,-12,0,0,41,0,0,431
451.73,1545283988,10340.30,51.467232,7.406813,152.22,34.30,0.00,309.51,0,-99,-10,0,0,37,0,0,93
451.73,1545283988,10340.34,51.467232,7.406813,152.22,34.30,0.00,309.51,0,-101,-11,0,0,37,0,0,377
452.73,1545283989,10374.50,51.467427,7.406434,152.23,34.10,0.00,309.83,0,-92,-10,0,0,44,0,0,376
452.73,1545283989,10374.54,51.467427,7.406434,152.23,34.10,0.00,309.83,0,-93,-11,0,0,44,0,0,69
452.73,1545283989,10374.54,51.467427,7.406434,152.23,34.10,0.00,309.83,0,-94,-11,0,0,43,0,0,431
452.73,1545283989,10374.57,51.467427,7.406434,152.23,34.10,0.00,309.83,0,-90,-7,0,0,45,0,0,377
452.73,1545283989,10374.60,51.467427,7.406434,152.23,34.10,0.00,309.83,0,-93,-11,0,0,44,0,0,93
453.73,1545283990,10408.63,51.467621,7.406062,152.31,33.36,0.00,310.19,0,-92,-10,0,0,44,0,0,376
453.73,1545283990,10408.66,51.467621,7.406062,152.31,33.36,0.00,310.19,0,-93,-11,0,0,44,0,0,69
453.73,1545283990,10408.66,51.467621,7.406062,152.31,33.36,0.00,310.19,0,-94,-11,0,0,43,0,0,431
453.73,1545283990,10408.70,51.467621,7.406062,152.31,33.36,0.00,310.19,0,-90,-7,0,0,45,0,0,377
453.73,1545283990,10408.73,51.467621,7.406062,152.31,33.36,0.00,310.19,0,-93,-11,0,0,44,0,0,93
454.73,1545283991,10441.92,51.467812,7.405700,152.45,32.58,0.00,310.50,0,-90,-8,0,0,44,0,0,376
454.73,1545283991,10441.95,51.467812,7.405700,152.45,32.58,0.00,310.50,0,-83,-6,0,0,50,0,0,377
455.73,1545283992,10474.47,51.468006,7.405351,152.66,31.92,0.00,311.13,0,-90,-8,0,0,44,0,0,376
455.73,1545283992,10474.50,51.468006,7.405351,152.66,31.92,0.00,311.13,0,-83,-6,0,0,50,0,0,377
456.72,1545283993,10506.26,51.468194,7.405007,152.84,31.23,0.00,311.29,0,-97,-11,0,0,40,0,0,69
456.72,1545283993,10506.26,51.468194,7.405007,152.84,31.23,0.00,311.29,0,-98,-11,0,0,39,0,0,376
456.72,1545283993,10506.26,51.468194,7.405007,152.84,31.23,0.00,311.29,0,-98,-12,0,0,39,0,0,431
456.73,1545283993,10506.29,51.468194,7.405007,152.84,31.23,0.00,311.29,0,-95,-9,0,0,40,0,0,93
456.73,1545283993,10506.29,51.468194,7.405007,152.84,31.23,0.00,311.29,0,-100,-11,0,0,38,0,0,119
457.73,1545283994,10537.67,51.468378,7.404674,153.01,30.78,0.00,312.05,0,-97,-11,0,0,40,0,0,69
457.73,1545283994,10537.67,51.468378,7.404674,153.01,30.78,0.00,312.05,0,-98,-11,0,0,39,0,0,376
457.73,1545283994,10537.70,51.468378,7.404674,153.01,30.78,0.00,312.05,0,-98,-12,0,0,39,0,0,431
457.73,1545283994,10537.73,51.468378,7.404674,153.01,30.78,0.00,312.05,0,-95,-9,0,0,40,0,0,93
457.73,1545283994,10537.73,51.468378,7.404674,153.01,30.78,0.00,312.05,0,-100,-11,0,0,38,0,0,119
458.73,1545283995,10568.48,51.468564,7.404349,153.22,30.63,0.00,312.35,0,-98,-15,0,0,42,0,0,230
458.73,1545283995,10568.51,51.468564,7.404349,153.22,30.63,0.00,312.35,0,-99,-16,0,0,43,0,0,431
458.73,1545283995,10568.51,51.468564,7.404349,153.22,30.63,0.00,312.35,0,-101,-14,0,0,40,0,0,57
458.73,1545283995,10568.54,51.468564,7.404349,153.22,30.63,0.00,312.35,0,-103,-11,0,0,34,0,0,93
458.73,1545283995,10568.57,51.468564,7.404349,153.22,30.63,0.00,312.35,0,-106,-12,0,0,32,0,0,377
458.73,1545283995,10568.57,51.468564,7.404349,153.22,30.63,0.00,312.35,0,-106,-12,0,0,32,0,0,119
459.73,1545283996,10599.08,51.468751,7.404027,153.42,30.64,0.00,312.70,0,-98,-15,0,0,42,0,0,230
459.73,1545283996,10599.11,51.468751,7.404027,153.42,30.64,0.00,312.70,0,-99,-16,0,0,43,0,0,431
459.73,1545283996,10599.14,51.468751,7.404027,153.42,30.64,0.00,312.70,0,-101,-14,0,0,40,0,0,57
459.73,1545283996,10599.17,51.468751,7.404027,153.42,30.64,0.00,312.70,0,-103,-11,0,0,34,0,0,93
459.73,1545283996,10599.20,51.468751,7.404027,153.42,30.64,0.00,312.70,0,-106,-12,0,0,32,0,0,377
459.73,1545283996,10599.20,51.468751,7.404027,153.42,30.64,0.00,312.70,0,-106,-12,0,0,32,0,0,119
460.73,1545283997,10629.69,51.468938,7.403704,153.62,30.69,0.00,312.88,0,-99,-14,0,0,40,0,0,230
460.73,1545283997,10629.72,51.468938,7.403704,153.62,30.69,0.00,312.88,0,-99,-14,0,0,41,0,0,386
460.73,1545283997,10629.72,51.468938,7.403704,153.62,30.69,0.00,312.88,0,-100,-16,0,0,41,0,0,376
461.73,1545283998,10660.34,51.469124,7.403385,154.10,30.86,0.00,313.30,0,-99,-14,0,0,40,0,0,230
461.73,1545283998,10660.37,51.469124,7.403385,154.10,30.86,0.00,313.30,0,-99,-14,0,0,41,0,0,386
461.73,1545283998,10660.40,51.469124,7.403385,154.10,30.86,0.00,313.30,0,-100,-16,0,0,41,0,0,376
462.73,1545283999,10691.30,51.469317,7.403050,154.71,30.98,0.00,313.10,0,-102,-13,0,0,36,0,0,386
462.73,1545283999,10691.30,51.469317,7.403050,154.71,30.98,0.00,313.10,0,-103,-14,0,0,37,0,0,230
462.73,1545283999,10691.30,51.469317,7.403050,154.71,30.98,0.00,313.10,0,-104,-15,0,0,36,0,0,376
463.73,1545284000,10722.19,51.469510,7.402735,154.72,31.10,0.00,314.20,0,-102,-13,0,0,36,0,0,386
463.73,1545284000,10722.22,51.469510,7.402735,154.72,31.10,0.00,314.20,0,-103,-14,0,0,37,0,0,230
463.73,1545284000,10722.25,51.469510,7.402735,154.72,31.10,0.00,314.20,0,-104,-15,0,0,36,0,0,376
464.73,1545284001,10753.29,51.469718,7.402414,154.92,31.27,0.00,315.64,0,-98,-12,0,0,40,0,0,386
464.73,1545284001,10753.32,51.469718,7.402414,154.92,31.27,0.00,315.64,0,-101,-14,0,0,40,0,0,137
464.73,1545284001,10753.35,51.469718,7.402414,154.92,31.27,0.00,315.64,0,-102,-15,0,0,39,0,0,230
465.73,1545284002,10784.62,51.469927,7.402107,155.22,31.11,0.00,317.03,0,-98,-12,0,0,40,0,0,386
465.73,1545284002,10784.65,51.469927,7.402107,155.22,31.11,0.00,317.03,0,-101,-14,0,0,40,0,0,137
465.73,1545284002,10784.68,51.469927,7.402107,155.22,31.11,0.00,317.03,0,-102,-15,0,0,39,0,0,230
466.73,1545284003,10815.79,51.470131,7.401807,155.71,30.77,0.00,316.81,0,-101,-16,0,0,43,0,0,137
466.73,1545284003,10815.82,51.470131,7.401807,155.71,30.77,0.00,316.81,0,-101,-16,0,0,42,0,0,376
466.73,1545284003,10815.85,51.470131,7.401807,155.71,30.77,0.00,316.81,0,-103,-19,0,0,42,0,0,132
466.74,1545284003,10815.88,51.470131,7.401807,155.71,30.77,0.00,316.81,0,-100,-8,0,0,34,0,0,74
467.73,1545284004,10846.47,51.470334,7.401511,156.33,30.52,0.00,317.06,0,-101,-16,0,0,43,0,0,137
467.73,1545284004,10846.50,51.470334,7.401511,156.33,30.52,0.00,317.06,0,-101,-16,0,0,42,0,0,376
467.73,1545284004,10846.53,51.470334,7.401511,156.33,30.52,0.00,317.06,0,-103,-19,0,0,42,0,0,132
467.73,1545284004,10846.53,51.470334,7.401511,156.33,30.52,0.00,317.06,0,-100,-8,0,0,34,0,0,74
468.74,1545284005,10877.20,51.470533,7.401218,156.93,29.98,0.00,316.45,0,-100,-17,0,0,44,0,0,376
468.74,1545284005,10877.23,51.470533,7.401218,156.93,29.98,0.00,316.45,0,-101,-20,0,0,45,0,0,137
468.74,1545284005,10877.26,51.470533,7.401218,156.93,29.98,0.00,316.45,0,-103,-17,0,0,41,0,0,57
468.74,1545284005,10877.26,51.470533,7.401218,156.93,29.98,0.00,316.45,0,-97,-7,0,0,37,0,0,74
469.73,1545284006,10906.94,51.470730,7.400925,157.61,29.28,0.00,316.48,0,-100,-17,0,0,44,0,0,376
469.73,1545284006,10906.97,51.470730,7.400925,157.61,29.28,0.00,316.48,0,-101,-20,0,0,45,0,0,137
469.73,1545284006,10907.00,51.470730,7.400925,157.61,29.28,0.00,316.48,0,-103,-17,0,0,41,0,0,57
469.73,1545284006,10907.00,51.470730,7.400925,157.61,29.28,0.00,316.48,0,-97,-7,0,0,37,0,0,74
470.73,1545284007,10936.25,51.470918,7.400643,158.28,28.66,0.00,317.26,0,-100,-17,0,0,44,0,0,376
470.73,1545284007,10936.25,51.470918,7.400643,158.28,28.66,0.00,317.26,0,-101,-20,0,0,45,0,0,137
470.73,1545284007,10936.28,51.470918,7.400643,158.28,28.66,0.00,317.26,0,-103,-17,0,0,41,0,0,57
470.73,1545284007,10936.31,51.470918,7.400643,158.28,28.66,0.00,317.26,0,-97,-7,0,0,37,0,0,74
471.73,1545284008,10964.91,51.471104,7.400364,158.96,27.95,0.00,317.35,0,-93,-20,0,0,54,0,0,230
471.73,1545284008,10964.93,51.471104,7.400364,158.96,27.95,0.00,317.35,0,-93,-6,0,0,39,0,0,74
472.73,1545284009,10992.80,51.471284,7.400093,159.58,27.16,0.00,317.36,0,-93,-20,0,0,54,0,0,230
472.73,1545284009,10992.83,51.471284,7.400093,159.58,27.16,0.00,317.36,0,-93,-6,0,0,39,0,0,74
473.73,1545284010,11020.01,51.471457,7.399831,160.14,26.81,0.00,317.47,0,-103,-16,0,0,39,0,0,56
473.73,1545284010,11020.01,51.471457,7.399831,160.14,26.81,0.00,317.47,0,-106,-19,0,0,38,0,0,431
473.73,1545284010,11020.04,51.471457,7.399831,160.14,26.81,0.00,317.47,0,-107,-20,0,0,38,0,0,69
473.73,1545284010,11020.07,51.471457,7.399831,160.14,26.81,0.00,317.47,0,-93,-6,0,0,39,0,0,74
474.73,1545284011,11046.82,51.471630,7.399571,160.69,26.30,0.00,317.43,0,-103,-16,0,0,39,0,0,56
474.73,1545284011,11046.85,51.471630,7.399571,160.69,26.30,0.00,317.43,0,-106,-19,0,0,38,0,0,431
474.73,1545284011,11046.85,51.471630,7.399571,160.69,26.30,0.00,317.43,0,-107,-20,0,0,38,0,0,69
474.73,1545284011,11046.88,51.471630,7.399571,160.69,26.30,0.00,317.43,0,-93,-6,0,0,39,0,0,74
475.73,1545284012,11073.09,51.471800,7.399317,161.15,26.09,0.00,317.84,0,-101,-9,0,0,34,0,0,56
475.73,1545284012,11073.12,51.471800,7.399317,161.15,26.09,0.00,317.84,0,-106,-12,0,0,31,0,0,163
476.73,1545284013,11099.19,51.471973,7.399063,161.53,26.01,0.00,317.90,0,-101,-9,0,0,34,0,0,56
476.73,1545284013,11099.21,51.471973,7.399063,161.53,26.01,0.00,317.90,0,-106,-12,0,0,31,0,0,163
477.73,1545284014,11125.17,51.472147,7.398819,161.88,25.48,0.00,318.30,0,-108,-14,0,0,34,0,0,392
478.72,1545284015,11150.55,51.472317,7.398580,162.13,25.01,0.00,318.75,0,-108,-14,0,0,34,0,0,392
481.73,1545284018,11225.77,51.472829,7.397864,163.36,25.24,0.00,319.54,0,-99,-14,0,0,49,0,0,392
481.73,1545284018,11225.80,51.472829,7.397864,163.36,25.24,0.00,319.54,0,-100,-19,0,0,47,0,0,57
482.73,1545284019,11251.01,51.473005,7.397625,163.86,25.52,0.00,319.93,0,-99,-14,0,0,49,0,0,392
482.73,1545284019,11251.04,51.473005,7.397625,163.86,25.52,0.00,319.93,0,-100,-19,0,0,47,0,0,57
483.73,1545284020,11276.53,51.473183,7.397383,164.35,25.71,0.00,320.25,0,-104,-11,0,0,32,0,0,392
483.73,1545284020,11276.55,51.473183,7.397383,164.35,25.71,0.00,320.25,0,-106,-13,0,0,33,0,0,431
483.73,1545284020,11276.55,51.473183,7.397383,164.35,25.71,0.00,320.25,0,-108,-15,0,0,33,0,0,57
484.73,1545284021,11302.21,51.473364,7.397146,164.83,25.77,0.00,320.64,0,-104,-11,0,0,32,0,0,392
484.73,1545284021,11302.24,51.473364,7.397146,164.83,25.77,0.00,320.64,0,-106,-13,0,0,33,0,0,431
484.73,1545284021,11302.27,51.473364,7.397146,164.83,25.77,0.00,320.64,0,-108,-15,0,0,33,0,0,57
485.73,1545284022,11328.03,51.473546,7.396908,165.30,25.94,0.00,320.98,0,-109,-15,0,0,31,0,0,392
485.73,1545284022,11328.03,51.473546,7.396908,165.30,25.94,0.00,320.98,0,-109,-15,0,0,32,0,0,431
486.73,1545284023,11353.92,51.473724,7.396673,165.77,25.83,0.00,321.46,0,-109,-15,0,0,31,0,0,392
486.73,1545284023,11353.95,51.473724,7.396673,165.77,25.83,0.00,321.46,0,-109,-15,0,0,32,0,0,431
487.73,1545284024,11379.81,51.473908,7.396443,166.22,25.72,0.00,322.22,0,-107,-13,0,0,33,0,0,431
487.73,1545284024,11379.81,51.473908,7.396443,166.22,25.72,0.00,322.22,0,-109,-15,0,0,33,0,0,78
487.73,1545284024,11379.83,51.473908,7.396443,166.22,25.72,0.00,322.22,0,-109,-15,0,0,32,0,0,57
488.73,1545284025,11405.50,51.474082,7.396229,166.65,24.96,0.00,323.06,0,-107,-13,0,0,33,0,0,431
488.73,1545284025,11405.52,51.474082,7.396229,166.65,24.96,0.00,323.06,0,-109,-15,0,0,33,0,0,78
488.73,1545284025,11405.52,51.474082,7.396229,166.65,24.96,0.00,323.06,0,-109,-15,0,0,32,0,0,57
492.73,1545284029,11502.55,51.474772,7.395428,167.65,23.94,0.00,325.56,0,-105,-10,0,0,30,0,0,120
492.73,1545284029,11502.55,51.474772,7.395428,167.65,23.94,0.00,325.56,0,-109,-14,0,0,34,0,0,57
492.73,1545284029,11502.58,51.474772,7.395428,167.65,23.94,0.00,325.56,0,-112,-17,0,0,35,0,0,310
493.73,1545284030,11526.49,51.474950,7.395236,167.82,23.85,0.00,325.25,0,-105,-10,0,0,30,0,0,120
493.73,1545284030,11526.52,51.474950,7.395236,167.82,23.85,0.00,325.25,0,-109,-14,0,0,34,0,0,57
493.73,1545284030,11526.54,51.474950,7.395236,167.82,23.85,0.00,325.25,0,-112,-17,0,0,35,0,0,310
494.73,1545284031,11550.34,51.475136,7.395047,168.05,24.52,0.00,327.39,0,-111,-13,0,0,28,0,0,378
494.73,1545284031,11550.34,51.475136,7.395047,168.05,24.52,0.00,327.39,0,-114,-14,0,0,26,0,0,74
494.73,1545284031,11550.37,51.475136,7.395047,168.05,24.52,0.00,327.39,0,-115,-13,0,0,24,0,0,312
495.73,1545284032,11574.87,51.475328,7.394861,168.26,24.90,0.00,328.65,0,-111,-13,0,0,28,0,0,378
495.73,1545284032,11574.89,51.475328,7.394861,168.26,24.90,0.00,328.65,0,-114,-14,0,0,26,0,0,74
495.73,1545284032,11574.92,51.475328,7.394861,168.26,24.90,0.00,328.65,0,-115,-13,0,0,24,0,0,312
496.73,1545284033,11599.71,51.475521,7.394676,168.51,25.14,0.00,328.71,0,-104,-8,0,0,29,0,0,449
497.73,1545284034,11624.88,51.475722,7.394494,168.68,25.62,0.00,330.06,0,-104,-8,0,0,29,0,0,449
498.73,1545284035,11650.47,51.475923,7.394312,168.94,25.76,0.00,330.68,0,-98,-6,0,0,34,0,0,449
498.73,1545284035,11650.47,51.475923,7.394312,168.94,25.76,0.00,330.68,0,-94,-7,0,0,39,0,0,392
499.73,1545284036,11676.23,51.476127,7.394136,169.16,25.59,0.00,331.33,0,-98,-6,0,0,34,0,0,449
499.73,1545284036,11676.26,51.476127,7.394136,169.16,25.59,0.00,331.33,0,-94,-7,0,0,39,0,0,392
500.73,1545284037,11701.89,51.476329,7.393970,169.34,24.93,0.00,332.51,0,-104,-8,0,0,30,0,0,449
500.73,1545284037,11701.92,51.476329,7.393970,169.34,24.93,0.00,332.51,0,-108,-11,0,0,28,0,0,312
500.73,1545284037,11701.94,51.476329,7.393970,169.34,24.93,0.00,332.51,0,-93,-7,0,0,39,0,0,392
500.73,1545284037,11701.97,51.476329,7.393970,169.34,24.93,0.00,332.51,0,-225,-225,0,0,63,0,0,101
500.73,1545284037,11701.99,51.476329,7.393970,169.34,24.93,0.00,332.51,0,0,0,0,0,63,0,0,323
501.74,1545284038,11727.00,51.476531,7.393810,169.68,24.41,0.00,333.68,0,-104,-8,0,0,30,0,0,449
501.74,1545284038,11727.02,51.476531,7.393810,169.68,24.41,0.00,333.68,0,-108,-11,0,0,28,0,0,312
501.74,1545284038,11727.04,51.476531,7.393810,169.68,24.41,0.00,333.68,0,-93,-7,0,0,39,0,0,392
501.74,1545284038,11727.07,51.476531,7.393810,169.68,24.41,0.00,333.68,0,-225,-225,0,0,63,0,0,101
501.74,1545284038,11727.07,51.476531,7.393810,169.68,24.41,0.00,333.68,0,0,0,0,0,63,0,0,323
502.73,1545284039,11751.19,51.476729,7.393657,170.31,23.77,0.00,334.83,0,-111,-15,0,0,32,0,0,312
503.73,1545284040,11774.94,51.476927,7.393513,170.85,23.17,0.00,336.04,0,-111,-15,0,0,32,0,0,312
504.73,1545284041,11798.17,51.477115,7.393388,171.27,21.98,0.00,337.12,0,-109,-14,0,0,30,0,0,312
504.73,1545284041,11798.19,51.477115,7.393388,171.27,21.98,0.00,337.12,0,-110,-14,0,0,30,0,0,120
504.73,1545284041,11798.21,51.477115,7.393388,171.27,21.98,0.00,337.12,0,-112,-16,0,0,30,0,0,378
505.73,1545284042,11820.12,51.477294,7.393282,171.66,20.67,0.00,339.42,0,-109,-14,0,0,30,0,0,312
505.73,1545284042,11820.12,51.477294,7.393282,171.66,20.67,0.00,339.42,0,-110,-14,0,0,30,0,0,120
505.73,1545284042,11820.14,51.477294,7.393282,171.66,20.67,0.00,339.42,0,-112,-16,0,0,30,0,0,378
506.72,1545284043,11840.68,51.477471,7.393194,172.07,19.71,0.00,343.38,0,-108,-12,0,0,29,0,0,120
506.73,1545284043,11840.70,51.477471,7.393194,172.07,19.71,0.00,343.38,0,-109,-13,0,0,30,0,0,378
506.73,1545284043,11840.70,51.477471,7.393194,172.07,19.71,0.00,343.38,0,-110,-12,0,0,28,0,0,312
506.73,1545284043,11840.70,51.477471,7.393194,172.07,19.71,0.00,343.38,0,-103,-10,0,0,36,0,0,431
507.73,1545284044,11860.51,51.477645,7.393135,172.44,18.98,0.00,348.76,0,-108,-12,0,0,29,0,0,120
507.73,1545284044,11860.53,51.477645,7.393135,172.44,18.98,0.00,348.76,0,-109,-13,0,0,30,0,0,378
507.73,1545284044,11860.53,51.477645,7.393135,172.44,18.98,0.00,348.76,0,-110,-12,0,0,28,0,0,312
507.73,1545284044,11860.55,51.477645,7.393135,172.44,18.98,0.00,348.76,0,-103,-10,0,0,36,0,0,431
508.73,1545284045,11879.57,51.477804,7.393091,172.72,18.49,0.00,350.98,0,-106,-12,0,0,31,0,0,120
508.73,1545284045,11879.57,51.477804,7.393091,172.72,18.49,0.00,350.98,0,-108,-11,0,0,29,0,0,312
509.72,1545284046,11897.87,51.477963,7.393068,172.97,18.47,0.00,354.66,0,-106,-12,0,0,31,0,0,120
509.72,1545284046,11897.87,51.477963,7.393068,172.97,18.47,0.00,354.66,0,-108,-11,0,0,29,0,0,312
515.73,1545284052,12008.38,51.478868,7.393629,176.75,17.15,0.00,32.55,0,-109,-12,0,0,30,0,0,312
516.73,1545284053,12025.53,51.478995,7.393753,177.44,15.22,0.00,30.26,0,-109,-12,0,0,30,0,0,312
527.73,1545284064,12169.18,51.480195,7.393478,182.88,10.33,0.00,21.01,0,-89,-13,0,0,53,0,0,52
528.73,1545284065,12179.51,51.480271,7.393565,183.52,10.77,0.00,39.27,0,-89,-13,0,0,53,0,0,52
540.73,1545284077,12364.28,51.481165,7.395870,187.12,18.20,0.00,59.51,0,-92,-13,0,0,51,0,0,52
541.73,1545284078,12382.44,51.481248,7.396091,186.94,17.97,0.00,59.53,0,-92,-13,0,0,51,0,0,52
542.73,1545284079,12400.43,51.481331,7.396313,186.84,17.78,0.00,59.50,0,-91,-11,0,0,49,0,0,52
542.73,1545284079,12400.44,51.481331,7.396313,186.84,17.78,0.00,59.50,0,-93,-8,0,0,45,0,0,431
543.73,1545284080,12418.23,51.481414,7.396529,186.90,17.57,0.00,59.34,0,-91,-11,0,0,49,0,0,52
543.73,1545284080,12418.24,51.481414,7.396529,186.90,17.57,0.00,59.34,0,-93,-8,0,0,45,0,0,431
544.73,1545284081,12435.77,51.481493,7.396742,186.92,17.29,0.00,58.41,0,-95,-10,0,0,47,0,0,431
545.73,1545284082,12453.07,51.481573,7.396952,186.97,17.10,0.00,57.98,0,-95,-10,0,0,47,0,0,431
546.73,1545284083,12470.18,51.481657,7.397158,187.05,17.01,0.00,57.43,0,-96,-11,0,0,44,0,0,52
546.73,1545284083,12470.18,51.481657,7.397158,187.05,17.01,0.00,57.43,0,-101,-12,0,0,41,0,0,431
547.73,1545284084,12487.19,51.481739,7.397361,187.04,16.67,0.00,56.63,0,-96,-11,0,0,44,0,0,52
547.73,1545284084,12487.19,51.481739,7.397361,187.04,16.67,0.00,56.63,0,-101,-12,0,0,41,0,0,431
548.73,1545284085,12503.84,51.481823,7.397554,187.04,15.86,0.00,55.64,0,-97,-11,0,0,44,0,0,52
549.73,1545284086,12519.69,51.481901,7.397733,187.07,14.45,0.00,54.73,0,-97,-11,0,0,44,0,0,52
550.73,1545284087,12534.17,51.481975,7.397889,187.17,13.00,0.00,53.76,0,-103,-14,0,0,38,0,0,448
550.73,1545284087,12534.18,51.481975,7.397889,187.17,13.00,0.00,53.76,0,-93,-10,0,0,46,0,0,52
551.73,1545284088,12547.16,51.482051,7.398040,187.12,11.49,0.00,52.56,0,-103,-14,0,0,38,0,0,448
551.73,1545284088,12547.18,51.482051,7.398040,187.12,11.49,0.00,52.56,0,-93,-10,0,0,46,0,0,52
552.72,1545284089,12558.60,51.482115,7.398160,186.79,9.98,0.00,51.11,0,-95,-14,0,0,45,0,0,448
552.72,1545284089,12558.60,51.482115,7.398160,186.79,9.98,0.00,51.11,0,-87,-9,0,0,50,0,0,52
553.73,1545284090,12568.63,51.482168,7.398256,186.63,8.27,0.00,50.35,0,-95,-14,0,0,45,0,0,448
553.73,1545284090,12568.63,51.482168,7.398256,186.63,8.27,0.00,50.35,0,-87,-9,0,0,50,0,0,52
554.74,1545284091,12576.95,51.482214,7.398333,186.47,6.84,0.00,49.05,0,-88,-9,0,0,47,0,0,448
554.74,1545284091,12576.95,51.482214,7.398333,186.47,6.84,0.00,49.05,0,-86,-10,0,0,53,0,0,52
555.73,1545284092,12583.74,51.482255,7.398404,186.27,5.86,0.00,47.54,0,-88,-9,0,0,47,0,0,448
555.73,1545284092,12583.74,51.482255,7.398404,186.27,5.86,0.00,47.54,0,-86,-10,0,0,53,0,0,52
556.73,1545284093,12589.59,51.482287,7.398455,186.12,4.61,0.00,46.27,0,-88,-9,0,0,47,0,0,448
556.73,1545284093,12589.59,51.482287,7.398455,186.12,4.61,0.00,46.27,0,-86,-10,0,0,53,0,0,52
557.73,1545284094,12594.20,51.482313,7.398494,186.12,3.37,0.00,45.61,0,-93,-11,0,0,43,0,0,448
557.73,1545284094,12594.21,51.482313,7.398494,186.12,3.37,0.00,45.61,0,-85,-8,0,0,52,0,0,52
558.73,1545284095,12597.57,51.482335,7.398523,186.11,2.43,0.00,44.66,0,-93,-11,0,0,43,0,0,448
558.73,1545284095,12597.57,51.482335,7.398523,186.11,2.43,0.00,44.66,0,-85,-8,0,0,52,0,0,52
559.73,1545284096,12600.00,51.482348,7.398538,186.11,1.59,0.00,44.16,0,-97,-10,0,0,39,0,0,448
559.73,1545284096,12600.00,51.482348,7.398538,186.11,1.59,0.00,44.16,0,-90,-9,0,0,47,0,0,52
560.73,1545284097,12601.58,51.482354,7.398542,186.11,0.62,0.00,44.16,0,-97,-10,0,0,39,0,0,448
560.73,1545284097,12601.59,51.482354,7.398542,186.11,0.62,0.00,44.16,0,-90,-9,0,0,47,0,0,52
561.73,1545284098,12602.21,51.482354,7.398542,186.11,0.00,0.00,44.16,0,-100,-11,0,0,37,0,0,448
561.73,1545284098,12602.21,51.482354,7.398542,186.11,0.00,0.00,44.16,0,-94,-10,0,0,45,0,0,52
562.72,1545284099,12602.21,51.482354,7.398542,186.11,0.00,0.00,44.16,0,-100,-11,0,0,37,0,0,448
562.72,1545284099,12602.21,51.482354,7.398542,186.11,0.00,0.00,44.16,0,-94,-10,0,0,45,0,0,52
563.72,1545284100,12602.21,51.482354,7.398542,186.12,0.00,0.00,44.16,0,-98,-14,0,0,40,0,0,448
563.72,1545284100,12602.21,51.482354,7.398542,186.12,0.00,0.00,44.16,0,-93,-13,0,0,48,0,0,52
564.73,1545284101,12602.21,51.482354,7.398542,186.12,0.00,0.00,44.16,0,-98,-14,0,0,40,0,0,448
564.73,1545284101,12602.21,51.482354,7.398542,186.12,0.00,0.00,44.16,0,-93,-13,0,0,48,0,0,52
565.73,1545284102,12602.21,51.482354,7.398542,186.12,0.00,0.00,44.16,0,-99,-10,0,0,37,0,0,448
565.73,1545284102,12602.21,51.482354,7.398542,186.12,0.00,0.00,44.16,0,-94,-11,0,0,46,0,0,52
566.72,1545284103,12602.21,51.482354,7.398542,186.12,0.00,0.00,44.16,0,-99,-10,0,0,37,0,0,448
566.73,1545284103,12602.21,51.482354,7.398542,186.12,0.00,0.00,44.16,0,-94,-11,0,0,46,0,0,52
567.73,1545284104,12602.21,51.482354,7.398542,186.13,0.00,0.00,44.16,0,-99,-10,0,0,36,0,0,448
567.73,1545284104,12602.21,51.482354,7.398542,186.13,0.00,0.00,44.16,0,-94,-11,0,0,46,0,0,52
568.73,1545284105,12602.21,51.482354,7.398542,186.13,0.00,0.00,44.16,0,-99,-10,0,0,36,0,0,448
568.73,1545284105,12602.21,51.482354,7.398542,186.13,0.00,0.00,44.16,0,-94,-11,0,0,46,0,0,52
569.73,1545284106,12602.21,51.482354,7.398542,186.13,0.00,0.00,44.16,0,-98,-12,0,0,39,0,0,448
569.73,1545284106,12602.21,51.482354,7.398542,186.13,0.00,0.00,44.16,0,-93,-10,0,0,46,0,0,52
570.73,1545284107,12602.21,51.482354,7.398542,186.12,0.00,0.00,44.16,0,-98,-12,0,0,39,0,0,448
570.73,1545284107,12602.21,51.482354,7.398542,186.12,0.00,0.00,44.16,0,-93,-10,0,0,46,0,0,52
571.73,1545284108,12602.21,51.482354,7.398542,186.12,0.00,0.00,44.16,0,-99,-13,0,0,39,0,0,448
571.73,1545284108,12602.21,51.482354,7.398542,186.12,0.00,0.00,44.16,0,-94,-11,0,0,47,0,0,52
572.73,1545284109,12602.21,51.482354,7.398542,186.11,0.00,0.00,44.16,0,-99,-13,0,0,39,0,0,448
572.73,1545284109,12602.21,51.482354,7.398542,186.11,0.00,0.00,44.16,0,-94,-11,0,0,47,0,0,52
573.73,1545284110,12602.21,51.482354,7.398542,186.11,0.00,0.00,44.16,0,-99,-13,0,0,40,0,0,448
573.73,1545284110,12602.21,51.482354,7.398542,186.11,0.00,0.00,44.16,0,-94,-11,0,0,46,0,0,52
574.73,1545284111,12602.21,51.482354,7.398542,186.10,0.00,0.00,44.16,0,-99,-13,0,0,40,0,0,448
574.73,1545284111,12602.21,51.482354,7.398542,186.10,0.00,0.00,44.16,0,-94,-11,0,0,46,0,0,52
575.73,1545284112,12602.21,51.482354,7.398542,186.10,0.00,0.00,44.16,0,-100,-13,0,0,38,0,0,448
575.74,1545284112,12602.21,51.482354,7.398542,186.10,0.00,0.00,44.16,0,-94,-11,0,0,47,0,0,52
576.73,1545284113,12602.21,51.482354,7.398542,186.09,0.00,0.00,44.16,0,-100,-13,0,0,38,0,0,448
576.73,1545284113,12602.21,51.482354,7.398542,186.09,0.00,0.00,44.16,0,-94,-11,0,0,47,0,0,52
577.73,1545284114,12602.21,51.482354,7.398542,186.08,0.00,0.00,44.16,0,-100,-13,0,0,38,0,0,448
577.73,1545284114,12602.21,51.482354,7.398542,186.08,0.00,0.00,44.16,0,-94,-11,0,0,47,0,0,52
578.73,1545284115,12602.21,51.482354,7.398542,186.08,0.00,0.00,44.16,0,-98,-10,0,0,37,0,0,448
578.73,1545284115,12602.21,51.482354,7.398542,186.08,0.00,0.00,44.16,0,-94,-10,0,0,45,0,0,52
579.73,1545284116,12602.21,51.482354,7.398542,186.07,0.00,0.00,44.16,0,-98,-10,0,0,37,0,0,448
579.73,1545284116,12602.21,51.482354,7.398542,186.07,0.00,0.00,44.16,0,-94,-10,0,0,45,0,0,52
580.73,1545284117,12602.21,51.482354,7.398542,186.07,0.00,0.00,44.16,0,-99,-10,0,0,36,0,0,448
580.73,1545284117,12602.21,51.482354,7.398542,186.07,0.00,0.00,44.16,0,-94,-11,0,0,46,0,0,52
581.73,1545284118,12602.21,51.482354,7.398542,186.06,0.00,0.00,44.16,0,-99,-10,0,0,36,0,0,448
581.73,1545284118,12602.21,51.482354,7.398542,186.06,0.00,0.00,44.16,0,-94,-11,0,0,46,0,0,52
582.72,1545284119,12602.21,51.482354,7.398542,186.06,0.00,0.00,44.16,0,-102,-12,0,0,37,0,0,449
582.73,1545284119,12602.21,51.482354,7.398542,186.06,0.00,0.00,44.16,0,-93,-9,0,0,46,0,0,392
583.73,1545284120,12602.21,51.482354,7.398542,186.02,0.00,0.00,44.16,0,-102,-12,0,0,37,0,0,449
583.73,1545284120,12602.21,51.482354,7.398542,186.02,0.00,0.00,44.16,0,-93,-9,0,0,46,0,0,392
584.72,1545284121,12602.21,51.482354,7.398542,185.98,0.00,0.00,42.04,0,-99,-10,0,0,38,0,0,449
584.72,1545284121,12602.21,51.482354,7.398542,185.98,0.00,0.00,42.04,0,-91,-11,0,0,48,0,0,392
585.73,1545284122,12602.21,51.482389,7.398587,185.45,0.00,0.00,41.55,0,-99,-10,0,0,38,0,0,449
585.73,1545284122,12602.21,51.482389,7.398587,185.45,0.00,0.00,41.55,0,-91,-11,0,0,48,0,0,392
586.73,1545284123,12602.22,51.482423,7.398632,184.85,6.11,0.00,40.80,0,-99,-10,0,0,38,0,0,449
586.73,1545284123,12602.22,51.482423,7.398632,184.85,6.11,0.00,40.80,0,-93,-10,0,0,46,0,0,392
587.72,1545284124,12608.29,51.482473,7.398697,184.47,7.40,0.00,39.69,0,-99,-10,0,0,38,0,0,449
587.72,1545284124,12608.30,51.482473,7.398697,184.47,7.40,0.00,39.69,0,-93,-10,0,0,46,0,0,392
588.73,1545284125,12615.73,51.482532,7.398775,184.26,8.56,0.00,38.84,0,-99,-12,0,0,39,0,0,449
588.73,1545284125,12615.73,51.482532,7.398775,184.26,8.56,0.00,38.84,0,-95,-14,0,0,48,0,0,392
589.73,1545284126,12624.33,51.482597,7.398850,184.00,9.84,0.00,37.93,0,-99,-12,0,0,39,0,0,449
589.73,1545284126,12624.34,51.482597,7.398850,184.00,9.84,0.00,37.93,0,-95,-14,0,0,48,0,0,392
590.73,1545284127,12634.10,51.482672,7.398933,183.94,10.58,0.00,36.87,0,-93,-12,0,0,44,0,0,449
590.73,1545284127,12634.12,51.482672,7.398933,183.94,10.58,0.00,36.87,0,-85,-10,0,0,54,0,0,392
591.72,1545284128,12644.66,51.482751,7.399023,184.14,10.89,0.00,35.95,0,-93,-12,0,0,44,0,0,449
591.72,1545284128,12644.66,51.482751,7.399023,184.14,10.89,0.00,35.95,0,-85,-10,0,0,54,0,0,392
592.72,1545284129,12655.56,51.482832,7.399110,184.36,11.69,0.00,35.09,0,-96,-15,0,0,45,0,0,449
592.72,1545284129,12655.56,51.482832,7.399110,184.36,11.69,0.00,35.09,0,-100,-19,0,0,46,0,0,313
592.73,1545284129,12655.57,51.482832,7.399110,184.36,11.69,0.00,35.09,0,-93,-14,0,0,50,0,0,392
593.73,1545284130,12667.31,51.482922,7.399210,184.58,12.13,0.00,34.41,0,-96,-15,0,0,45,0,0,449
593.73,1545284130,12667.31,51.482922,7.399210,184.58,12.13,0.00,34.41,0,-100,-19,0,0,46,0,0,313
593.73,1545284130,12667.32,51.482922,7.399210,184.58,12.13,0.00,34.41,0,-93,-14,0,0,50,0,0,392
594.73,1545284131,12679.40,51.483023,7.399311,185.29,13.55,0.00,33.76,0,-94,-9,0,0,41,0,0,449
595.73,1545284132,12692.96,51.483128,7.399420,186.04,14.48,0.00,33.89,0,-94,-9,0,0,41,0,0,449
596.73,1545284133,12707.54,51.483241,7.399539,186.73,14.95,0.00,33.50,0,-94,-12,0,0,44,0,0,449
597.73,1545284134,12722.39,51.483360,7.399661,187.48,15.27,0.00,34.02,0,-94,-12,0,0,44,0,0,449
598.73,1545284135,12737.66,51.483479,7.399783,188.17,15.33,0.00,34.59,0,-94,-12,0,0,44,0,0,449
599.73,1545284136,12753.00,51.483596,7.399912,188.84,15.62,0.00,35.30,0,-98,-10,0,0,38,0,0,313
600.73,1545284137,12768.62,51.483715,7.400044,189.58,15.86,0.00,36.07,0,-98,-10,0,0,38,0,0,313
603.73,1545284140,12816.94,51.484063,7.400463,190.30,16.41,0.00,38.04,0,-98,-9,0,0,38,0,0,313
604.73,1545284141,12833.43,51.484185,7.400615,190.57,16.48,0.00,38.59,0,-98,-9,0,0,38,0,0,313
605.72,1545284142,12849.76,51.484298,7.400766,190.75,16.49,0.00,39.19,0,-99,-17,0,0,44,0,0,313
606.73,1545284143,12866.32,51.484406,7.400912,190.74,16.28,0.00,39.62,0,-99,-17,0,0,44,0,0,313
607.73,1545284144,12882.59,51.484518,7.401073,190.70,16.44,0.00,40.46,0,-100,-12,0,0,37,0,0,313
608.73,1545284145,12899.02,51.484621,7.401224,190.55,16.13,0.00,41.20,0,-100,-12,0,0,37,0,0,313
609.73,1545284146,12915.15,51.484722,7.401380,190.12,15.88,0.00,41.98,0,-101,-13,0,0,37,0,0,313
610.73,1545284147,12931.03,51.484829,7.401539,189.86,15.54,0.00,42.35,0,-101,-13,0,0,37,0,0,313
611.73,1545284148,12946.57,51.484925,7.401684,189.21,15.35,0.00,41.98,0,-96,-13,0,0,43,0,0,313
611.73,1545284148,12946.57,51.484925,7.401684,189.21,15.35,0.00,41.98,0,-101,-18,0,0,43,0,0,451
612.73,1545284149,12961.94,51.485027,7.401832,188.51,15.10,0.00,41.82,0,-96,-13,0,0,43,0,0,313
612.73,1545284149,12961.95,51.485027,7.401832,188.51,15.10,0.00,41.82,0,-101,-18,0,0,43,0,0,451
613.73,1545284150,12977.02,51.485122,7.401973,187.90,14.79,0.00,42.73,0,-100,-9,0,0,35,0,0,313
614.73,1545284151,12991.82,51.485216,7.402124,187.33,14.60,0.00,44.23,0,-100,-9,0,0,35,0,0,313
626.73,1545284163,13115.86,51.486063,7.402419,183.56,11.54,0.00,324.50,0,-95,-7,0,0,39,0,0,451
627.73,1545284164,13127.41,51.486157,7.402315,183.70,12.19,0.00,325.84,0,-95,-7,0,0,39,0,0,451
628.73,1545284165,13139.60,51.486253,7.402216,183.78,12.78,0.00,327.73,0,-97,-8,0,0,38,0,0,451
628.73,1545284165,13139.62,51.486253,7.402216,183.78,12.78,0.00,327.73,0,-100,-11,0,0,38,0,0,313
629.73,1545284166,13152.38,51.486362,7.402119,183.91,13.58,0.00,330.07,0,-97,-8,0,0,38,0,0,451
629.73,1545284166,13152.40,51.486362,7.402119,183.91,13.58,0.00,330.07,0,-100,-11,0,0,38,0,0,313
630.73,1545284167,13165.99,51.486468,7.402032,184.23,13.54,0.00,332.60,0,-98,-12,0,0,41,0,0,313
630.73,1545284167,13165.99,51.486468,7.402032,184.23,13.54,0.00,332.60,0,-99,-13,0,0,41,0,0,451
631.73,1545284168,13179.51,51.486583,7.401951,184.49,13.64,0.00,335.45,0,-98,-12,0,0,41,0,0,313
631.73,1545284168,13179.52,51.486583,7.401951,184.49,13.64,0.00,335.45,0,-99,-13,0,0,41,0,0,451
634.73,1545284171,13220.29,51.486938,7.401776,183.78,13.81,0.00,342.89,0,-95,-10,0,0,40,0,0,451
635.73,1545284172,13234.12,51.487066,7.401734,183.25,14.09,0.00,345.73,0,-95,-10,0,0,40,0,0,451
636.73,1545284173,13248.18,51.487198,7.401702,182.56,14.36,0.00,348.39,0,-90,-12,0,0,49,0,0,451
637.73,1545284174,13262.56,51.487331,7.401680,181.77,14.55,0.00,350.82,0,-90,-12,0,0,49,0,0,451
638.73,1545284175,13277.20,51.487461,7.401670,181.08,14.61,0.00,353.43,0,-93,-10,0,0,43,0,0,451
639.73,1545284176,13291.69,51.487592,7.401668,180.51,14.64,0.00,355.56,0,-93,-10,0,0,43,0,0,451
640.72,1545284177,13306.28,51.487725,7.401667,180.28,14.58,0.00,357.13,0,-93,-10,0,0,43,0,0,451
641.72,1545284178,13320.87,51.487861,7.401671,180.00,14.58,0.00,358.26,0,-87,-9,0,0,47,0,0,451
642.73,1545284179,13335.51,51.487989,7.401674,179.95,14.51,0.00,359.13,0,-87,-9,0,0,47,0,0,451
643.73,1545284180,13350.02,51.488119,7.401686,179.73,14.49,0.00,0.09,0,-89,-11,0,0,47,0,0,451
644.72,1545284181,13364.45,51.488247,7.401696,179.11,14.25,0.00,0.58,0,-89,-11,0,0,47,0,0,451
645.73,1545284182,13378.75,51.488372,7.401703,178.51,13.80,0.00,0.42,0,-83,-8,0,0,51,0,0,451
646.73,1545284183,13392.55,51.488484,7.401710,177.98,12.79,0.00,0.63,0,-83,-8,0,0,51,0,0,451
653.73,1545284190,13458.76,51.489025,7.401729,175.36,4.62,0.00,0.34,0,-88,-10,0,0,48,0,0,450
654.73,1545284191,13463.39,51.489072,7.401731,175.37,3.76,0.00,1.13,0,-88,-10,0,0,48,0,0,450
655.73,1545284192,13467.14,51.489105,7.401730,175.37,2.64,0.00,1.43,0,-88,-11,0,0,48,0,0,450
656.73,1545284193,13469.79,51.489127,7.401730,175.34,1.94,0.00,0.71,0,-88,-11,0,0,48,0,0,450
657.73,1545284194,13471.72,51.489127,7.401730,175.34,0.00,0.00,0.71,0,-86,-10,0,0,50,0,0,450
658.73,1545284195,13471.72,51.489127,7.401730,175.33,0.00,0.00,0.71,0,-86,-10,0,0,50,0,0,450
659.74,1545284196,13471.72,51.489127,7.401730,175.32,0.00,0.00,0.71,0,-89,-12,0,0,49,0,0,450
660.72,1545284197,13471.72,51.489127,7.401730,175.31,0.00,0.00,0.71,0,-89,-12,0,0,49,0,0,450
661.72,1545284198,13471.72,51.489127,7.401730,175.29,0.00,0.00,0.71,0,-89,-12,0,0,49,0,0,450
662.73,1545284199,13471.72,51.489127,7.401730,175.28,0.00,0.00,0.71,0,-89,-14,0,0,52,0,0,450
663.73,1545284200,13471.72,51.489127,7.401730,175.14,0.00,0.00,0.71,0,-89,-14,0,0,52,0,0,450
666.73,1545284203,13471.73,51.489236,7.401734,173.77,5.20,0.00,0.61,0,-88,-9,0,0,47,0,0,450
667.73,1545284204,13476.93,51.489296,7.401734,173.25,5.70,0.00,0.69,0,-88,-9,0,0,47,0,0,450
668.73,1545284205,13482.63,51.489355,7.401768,173.02,5.40,0.00,24.79,0,-86,-9,0,0,48,0,0,450
669.73,1545284206,13488.04,51.489404,7.401837,172.36,6.33,0.00,50.39,0,-86,-9,0,0,48,0,0,450
670.73,1545284207,13494.37,51.489418,7.401930,172.11,7.51,0.00,77.41,0,-85,-10,0,0,52,0,0,450
670.73,1545284207,13494.37,51.489418,7.401930,172.11,7.51,0.00,77.41,0,-91,-20,0,0,55,0,0,313
671.72,1545284208,13501.86,51.489430,7.402053,171.68,8.58,0.00,80.07,0,-85,-10,0,0,52,0,0,450
671.72,1545284208,13501.87,51.489430,7.402053,171.68,8.58,0.00,80.07,0,-91,-20,0,0,55,0,0,313
672.73,1545284209,13510.47,51.489441,7.402190,171.14,9.66,0.00,83.30,0,-84,-10,0,0,54,0,0,450
673.73,1545284210,13520.14,51.489445,7.402335,170.57,10.88,0.00,86.09,0,-84,-10,0,0,54,0,0,450
674.73,1545284211,13531.01,51.489446,7.402490,169.91,11.95,0.00,87.40,0,-81,-11,0,0,56,0,0,450
675.73,1545284212,13543.01,51.489448,7.402663,169.28,12.94,0.00,88.35,0,-81,-11,0,0,56,0,0,450
676.73,1545284213,13555.89,51.489445,7.402852,168.88,13.86,0.00,89.12,0,-89,-17,0,0,56,0,0,451
677.73,1545284214,13569.76,51.489444,7.403058,168.56,14.46,0.00,89.68,0,-89,-17,0,0,56,0,0,451
678.73,1545284215,13584.21,51.489438,7.403267,168.72,14.37,0.00,90.12,0,-90,-13,0,0,50,0,0,451
679.73,1545284216,13598.58,51.489433,7.403478,168.81,14.01,0.00,90.62,0,-90,-13,0,0,50,0,0,451
689.73,1545284226,13735.15,51.489420,7.405454,170.76,13.33,0.00,87.04,0,-76,-11,0,0,62,0,0,452
690.73,1545284227,13748.55,51.489431,7.405648,170.80,13.35,0.00,84.98,0,-76,-11,0,0,62,0,0,452
691.73,1545284228,13761.82,51.489447,7.405845,171.06,13.32,0.00,82.87,0,-81,-13,0,0,58,0,0,452
692.73,1545284229,13775.14,51.489467,7.406046,171.33,13.34,0.00,81.39,0,-81,-13,0,0,58,0,0,452
693.73,1545284230,13788.48,51.489488,7.406232,171.57,13.29,0.00,80.27,0,-81,-12,0,0,57,0,0,452
694.73,1545284231,13801.77,51.489512,7.406424,171.82,13.35,0.00,79.39,0,-81,-12,0,0,57,0,0,452
695.73,1545284232,13815.12,51.489536,7.406614,172.05,13.53,0.00,78.84,0,-78,-12,0,0,61,0,0,452
696.73,1545284233,13828.66,51.489561,7.406804,172.20,13.80,0.00,78.49,0,-78,-12,0,0,61,0,0,452
699.73,1545284236,13870.56,51.489646,7.407384,172.45,14.36,0.00,78.18,0,-82,-11,0,0,56,0,0,452
700.72,1545284237,13884.83,51.489676,7.407589,172.27,14.45,0.00,78.52,0,-82,-11,0,0,56,0,0,452
701.72,1545284238,13899.28,51.489702,7.407799,172.18,14.59,0.00,79.05,0,-80,-12,0,0,58,0,0,452
702.73,1545284239,13913.97,51.489729,7.408009,172.18,14.68,0.00,78.86,0,-80,-12,0,0,58,0,0,452
703.73,1545284240,13928.72,51.489754,7.408217,172.21,14.63,0.00,78.55,0,-87,-11,0,0,51,0,0,452
704.73,1545284241,13943.26,51.489782,7.408423,172.08,14.66,0.00,77.70,0,-87,-11,0,0,51,0,0,452
705.73,1545284242,13957.88,51.489811,7.408629,171.80,14.80,0.00,77.23,0,-87,-11,0,0,51,0,0,452
706.73,1545284243,13972.69,51.489839,7.408843,171.59,14.87,0.00,77.30,0,-85,-10,0,0,51,0,0,452
707.73,1545284244,13987.56,51.489867,7.409051,171.25,14.76,0.00,77.79,0,-85,-10,0,0,51,0,0,452
708.73,1545284245,14002.32,51.489895,7.409260,170.91,14.71,0.00,78.05,0,-90,-12,0,0,47,0,0,452
709.73,1545284246,14017.04,51.489922,7.409467,170.65,14.49,0.00,78.37,0,-90,-12,0,0,47,0,0,452
710.73,1545284247,14031.55,51.489949,7.409674,170.25,14.34,0.00,78.69,0,-91,-9,0,0,44,0,0,452
711.73,1545284248,14045.87,51.489975,7.409873,169.76,14.17,0.00,78.61,0,-91,-9,0,0,44,0,0,452
712.73,1545284249,14060.04,51.489999,7.410065,169.19,14.05,0.00,78.31,0,-94,-12,0,0,44,0,0,452
713.73,1545284250,14074.08,51.490024,7.410259,168.65,13.47,0.00,77.61,0,-94,-12,0,0,44,0,0,452
714.73,1545284251,14087.58,51.490045,7.410428,167.96,12.91,0.00,78.44,0,-95,-12,0,0,42,0,0,452
715.72,1545284252,14100.42,51.490067,7.410584,167.60,12.42,0.00,78.16,0,-95,-12,0,0,42,0,0,452
716.73,1545284253,14112.87,51.490093,7.410761,166.99,12.32,0.00,78.39,0,-97,-13,0,0,42,0,0,452
