time_s,timestamp_ms,distance_m,latitude,longitude,altitude,velocity_mps,acceleration_mpss,direction,isRegistered,rsrp_dbm,rsrq_db,rssnr_db,cqi,ss,ta,ci,pci
0.02,1547702755,0.02,51.450203,7.488198,251.77,4.70,0.00,168.96,0,-97,-8,0,0,43,0,0,67
0.02,1547702755,0.03,51.450203,7.488198,251.77,4.70,0.00,168.96,0,-96,-8,0,0,41,0,0,157
1.02,1547702756,4.72,51.450131,7.488225,251.89,5.57,0.00,168.27,0,-97,-8,0,0,42,0,0,67
1.02,1547702756,4.72,51.450131,7.488225,251.89,5.57,0.00,168.27,0,-95,-8,0,0,42,0,0,157
2.02,1547702757,10.28,51.450049,7.488255,251.75,6.35,0.00,166.89,0,-97,-8,0,0,42,0,0,67
2.02,1547702757,10.29,51.450049,7.488255,251.75,6.35,0.00,166.89,0,-95,-8,0,0,42,0,0,157
3.02,1547702758,16.64,51.449967,7.488290,251.34,9.53,0.00,167.20,0,-99,-9,0,0,41,0,0,67
3.02,1547702758,16.65,51.449967,7.488290,251.34,9.53,0.00,167.20,0,-97,-8,0,0,40,0,0,157
4.02,1547702759,26.18,51.449887,7.488325,250.95,10.11,0.00,167.53,0,-99,-9,0,0,41,0,0,67
4.02,1547702759,26.18,51.449887,7.488325,250.95,10.11,0.00,167.53,0,-97,-8,0,0,40,0,0,157
5.03,1547702760,36.38,51.449796,7.488360,250.26,9.91,0.00,168.78,0,-101,-9,0,0,40,0,0,67
5.03,1547702760,36.39,51.449796,7.488360,250.26,9.91,0.00,168.78,0,-99,-8,0,0,38,0,0,157
6.02,1547702761,46.21,51.449703,7.488390,249.69,10.11,0.00,170.45,0,-101,-9,0,0,40,0,0,67
6.02,1547702761,46.21,51.449703,7.488390,249.69,10.11,0.00,170.45,0,-99,-8,0,0,38,0,0,157
7.02,1547702762,56.30,51.452048,7.485902,249.24,10.64,0.00,172.08,0,-101,-9,0,0,40,0,0,67
7.02,1547702762,56.32,51.452048,7.485902,249.24,10.64,0.00,172.08,0,-99,-8,0,0,38,0,0,157
8.02,1547702763,66.94,51.449516,7.488425,248.85,10.86,0.00,173.99,0,-100,-11,0,0,42,0,0,67
8.02,1547702763,66.95,51.449516,7.488425,248.85,10.86,0.00,173.99,0,-100,-9,0,0,38,0,0,157
9.02,1547702764,77.80,51.449403,7.488440,248.97,11.31,0.00,175.78,0,-100,-11,0,0,42,0,0,67
9.02,1547702764,77.81,51.449403,7.488440,248.97,11.31,0.00,175.78,0,-100,-9,0,0,38,0,0,157
10.02,1547702765,89.15,51.449304,7.488443,248.98,12.18,0.00,177.10,0,-101,-10,0,0,41,0,0,67
10.02,1547702765,89.15,51.449304,7.488443,248.98,12.18,0.00,177.10,0,-99,-9,0,0,38,0,0,157
11.02,1547702766,101.29,51.449194,7.488444,249.10,12.22,0.00,178.56,0,-101,-10,0,0,41,0,0,67
11.02,1547702766,101.30,51.449194,7.488444,249.10,12.22,0.00,178.56,0,-99,-9,0,0,38,0,0,157
12.02,1547702767,113.52,51.449076,7.488441,249.48,12.29,0.00,180.96,0,-103,-11,0,0,40,0,0,67
12.02,1547702767,113.54,51.449076,7.488441,249.48,12.29,0.00,180.96,0,-101,-10,0,0,38,0,0,157
13.02,1547702768,125.82,51.448961,7.488430,250.05,12.97,0.00,183.58,0,-103,-11,0,0,40,0,0,67
13.02,1547702768,125.83,51.448961,7.488430,250.05,12.97,0.00,183.58,0,-101,-10,0,0,38,0,0,157
14.02,1547702769,138.81,51.448836,7.488404,250.63,13.22,0.00,186.35,0,-101,-11,0,0,42,0,0,67
14.02,1547702769,138.81,51.448836,7.488404,250.63,13.22,0.00,186.35,0,-100,-8,0,0,37,0,0,157
15.02,1547702770,152.02,51.448713,7.488367,251.29,13.82,0.00,188.75,0,-101,-11,0,0,42,0,0,67
15.02,1547702770,152.03,51.448713,7.488367,251.29,13.82,0.00,188.75,0,-100,-8,0,0,37,0,0,157
16.02,1547702771,165.79,51.448583,7.488312,252.09,13.63,0.00,192.01,0,-107,-12,0,0,37,0,0,67
16.02,1547702771,165.79,51.448583,7.488312,252.09,13.63,0.00,192.01,0,-109,-12,0,0,36,0,0,271
16.02,1547702771,165.79,51.448583,7.488312,252.09,13.63,0.00,192.01,0,-110,-13,0,0,36,0,0,195
16.02,1547702771,165.81,51.448583,7.488312,252.09,13.63,0.00,192.01,0,-105,-10,0,0,34,0,0,157
16.02,1547702771,165.81,51.448583,7.488312,252.09,13.63,0.00,192.01,0,-110,-13,0,0,31,0,0,318
17.02,1547702772,179.46,51.448469,7.488252,253.07,13.14,0.00,193.10,0,-107,-12,0,0,37,0,0,67
17.02,1547702772,179.47,51.448469,7.488252,253.07,13.14,0.00,193.10,0,-109,-12,0,0,36,0,0,271
17.02,1547702772,179.48,51.448469,7.488252,253.07,13.14,0.00,193.10,0,-110,-13,0,0,36,0,0,195
17.02,1547702772,179.48,51.448469,7.488252,253.07,13.14,0.00,193.10,0,-105,-10,0,0,34,0,0,157
17.02,1547702772,179.50,51.448469,7.488252,253.07,13.14,0.00,193.10,0,-110,-13,0,0,31,0,0,318
18.02,1547702773,192.63,51.448358,7.488201,253.64,13.21,0.00,194.02,0,-108,-10,0,0,33,0,0,271
18.02,1547702773,192.64,51.448358,7.488201,253.64,13.21,0.00,194.02,0,-110,-12,0,0,34,0,0,195
18.02,1547702773,192.65,51.448358,7.488201,253.64,13.21,0.00,194.02,0,-111,-12,0,0,32,0,0,280
18.02,1547702773,192.65,51.448358,7.488201,253.64,13.21,0.00,194.02,0,-108,-11,0,0,31,0,0,157
18.03,1547702773,192.67,51.448358,7.488201,253.64,13.21,0.00,194.02,0,-111,-11,0,0,29,0,0,318
19.02,1547702774,205.83,51.448242,7.488144,253.99,13.43,0.00,194.76,0,-108,-10,0,0,33,0,0,271
19.02,1547702774,205.84,51.448242,7.488144,253.99,13.43,0.00,194.76,0,-110,-12,0,0,34,0,0,195
19.02,1547702774,205.85,51.448242,7.488144,253.99,13.43,0.00,194.76,0,-111,-12,0,0,32,0,0,280
19.02,1547702774,205.85,51.448242,7.488144,253.99,13.43,0.00,194.76,0,-108,-11,0,0,31,0,0,157
19.02,1547702774,205.87,51.448242,7.488144,253.99,13.43,0.00,194.76,0,-111,-11,0,0,29,0,0,318
22.02,1547702777,246.50,51.447891,7.487975,254.36,13.85,0.00,194.47,0,-109,-13,0,0,35,0,0,66
22.02,1547702777,246.51,51.447891,7.487975,254.36,13.85,0.00,194.47,0,-111,-13,0,0,34,0,0,67
22.02,1547702777,246.52,51.447891,7.487975,254.36,13.85,0.00,194.47,0,-112,-15,0,0,35,0,0,280
23.02,1547702778,260.39,51.447775,7.487927,254.27,12.65,0.00,195.74,0,-109,-13,0,0,35,0,0,66
23.02,1547702778,260.39,51.447775,7.487927,254.27,12.65,0.00,195.74,0,-111,-13,0,0,34,0,0,67
23.02,1547702778,260.40,51.447775,7.487927,254.27,12.65,0.00,195.74,0,-112,-15,0,0,35,0,0,280
24.02,1547702779,272.96,51.447663,7.487890,254.10,12.39,0.00,194.31,0,-109,-13,0,0,36,0,0,272
24.02,1547702779,272.96,51.447663,7.487890,254.10,12.39,0.00,194.31,0,-109,-12,0,0,34,0,0,195
25.02,1547702780,285.38,51.447537,7.487888,254.45,13.84,0.00,180.24,0,-109,-13,0,0,36,0,0,272
25.02,1547702780,285.40,51.447537,7.487888,254.45,13.84,0.00,180.24,0,-109,-12,0,0,34,0,0,195
26.03,1547702781,299.32,51.447404,7.487889,254.96,13.74,0.00,179.36,0,-108,-12,0,0,36,0,0,272
26.03,1547702781,299.34,51.447404,7.487889,254.96,13.74,0.00,179.36,0,-110,-13,0,0,35,0,0,195
27.02,1547702782,312.96,51.444342,7.482557,255.84,13.78,0.00,178.41,0,-108,-12,0,0,36,0,0,272
27.02,1547702782,312.98,51.444342,7.482557,255.84,13.78,0.00,178.41,0,-110,-13,0,0,35,0,0,195
28.02,1547702783,326.73,51.447164,7.487912,256.32,13.92,0.00,176.59,0,-108,-12,0,0,36,0,0,272
28.02,1547702783,326.74,51.447164,7.487912,256.32,13.92,0.00,176.59,0,-110,-13,0,0,35,0,0,195
29.02,1547702784,340.65,51.447035,7.487930,256.55,14.13,0.00,174.55,0,-110,-12,0,0,34,0,0,195
29.02,1547702784,340.67,51.447035,7.487930,256.55,14.13,0.00,174.55,0,-110,-14,0,0,35,0,0,272
30.02,1547702785,354.78,51.446909,7.487961,256.79,14.33,0.00,172.68,0,-110,-12,0,0,34,0,0,195
30.02,1547702785,354.80,51.446909,7.487961,256.79,14.33,0.00,172.68,0,-110,-14,0,0,35,0,0,272
31.02,1547702786,369.14,51.446781,7.488007,257.13,14.24,0.00,169.40,0,-107,-12,0,0,37,0,0,272
31.02,1547702786,369.15,51.446781,7.488007,257.13,14.24,0.00,169.40,0,-111,-15,0,0,36,0,0,195
32.02,1547702787,383.37,51.446651,7.488072,257.43,14.31,0.00,166.00,0,-107,-12,0,0,37,0,0,272
32.02,1547702787,383.39,51.446651,7.488072,257.43,14.31,0.00,166.00,0,-111,-15,0,0,36,0,0,195
33.02,1547702788,397.68,51.446526,7.488148,257.91,14.37,0.00,162.86,0,-107,-11,0,0,36,0,0,272
33.02,1547702788,397.70,51.446526,7.488148,257.91,14.37,0.00,162.86,0,-110,-12,0,0,33,0,0,66
34.02,1547702789,412.05,51.446410,7.488233,258.49,14.44,0.00,159.77,0,-107,-11,0,0,36,0,0,272
34.02,1547702789,412.05,51.446410,7.488233,258.49,14.44,0.00,159.77,0,-110,-12,0,0,33,0,0,66
35.02,1547702790,426.50,51.446298,7.488333,258.77,14.80,0.00,156.57,0,-104,-12,0,0,39,0,0,66
35.02,1547702790,426.51,51.446298,7.488333,258.77,14.80,0.00,156.57,0,-106,-12,0,0,38,0,0,272
35.02,1547702790,426.53,51.446298,7.488333,258.77,14.80,0.00,156.57,0,-106,-14,0,0,39,0,0,67
36.02,1547702791,441.30,51.446174,7.488449,259.84,14.54,0.00,153.34,0,-104,-12,0,0,39,0,0,66
36.02,1547702791,441.31,51.446174,7.488449,259.84,14.54,0.00,153.34,0,-106,-12,0,0,38,0,0,272
36.02,1547702791,441.32,51.446174,7.488449,259.84,14.54,0.00,153.34,0,-106,-14,0,0,39,0,0,67
37.02,1547702792,455.82,51.446046,7.488587,261.28,14.96,0.00,149.61,0,-104,-11,0,0,38,0,0,66
37.02,1547702792,455.83,51.446046,7.488587,261.28,14.96,0.00,149.61,0,-105,-12,0,0,39,0,0,272
37.02,1547702792,455.83,51.446046,7.488587,261.28,14.96,0.00,149.61,0,-106,-12,0,0,37,0,0,67
38.02,1547702793,470.78,51.445937,7.488728,262.89,14.90,0.00,146.03,0,-104,-11,0,0,38,0,0,66
38.02,1547702793,470.78,51.445937,7.488728,262.89,14.90,0.00,146.03,0,-105,-12,0,0,39,0,0,272
38.02,1547702793,470.79,51.445937,7.488728,262.89,14.90,0.00,146.03,0,-106,-12,0,0,37,0,0,67
39.02,1547702794,485.68,51.445840,7.488875,264.11,15.22,0.00,142.37,0,-104,-10,0,0,38,0,0,272
39.02,1547702794,485.69,51.445840,7.488875,264.11,15.22,0.00,142.37,0,-106,-8,0,0,34,0,0,66
40.02,1547702795,500.89,51.445740,7.489046,265.16,15.60,0.00,139.21,0,-104,-10,0,0,38,0,0,272
40.02,1547702795,500.89,51.445740,7.489046,265.16,15.60,0.00,139.21,0,-106,-8,0,0,34,0,0,66
41.02,1547702796,516.51,51.445648,7.489219,265.67,15.47,0.00,136.03,0,-105,-10,0,0,37,0,0,66
41.02,1547702796,516.51,51.445648,7.489219,265.67,15.47,0.00,136.03,0,-108,-13,0,0,36,0,0,272
41.02,1547702796,516.52,51.445648,7.489219,265.67,15.47,0.00,136.03,0,-109,-14,0,0,37,0,0,67
42.02,1547702797,531.97,51.445563,7.489394,266.26,15.52,0.00,133.07,0,-105,-10,0,0,37,0,0,66
42.02,1547702797,531.99,51.445563,7.489394,266.26,15.52,0.00,133.07,0,-108,-13,0,0,36,0,0,272
42.02,1547702797,532.00,51.445563,7.489394,266.26,15.52,0.00,133.07,0,-109,-14,0,0,37,0,0,67
43.02,1547702798,547.42,51.445476,7.489580,266.76,15.62,0.00,131.29,0,-107,-9,0,0,34,0,0,271
43.02,1547702798,547.42,51.445476,7.489580,266.76,15.62,0.00,131.29,0,-109,-11,0,0,33,0,0,272
43.02,1547702798,547.43,51.445476,7.489580,266.76,15.62,0.00,131.29,0,-109,-13,0,0,35,0,0,67
44.02,1547702799,563.11,51.445394,7.489765,267.16,15.45,0.00,129.34,0,-107,-9,0,0,34,0,0,271
44.02,1547702799,563.13,51.445394,7.489765,267.16,15.45,0.00,129.34,0,-109,-11,0,0,33,0,0,272
44.02,1547702799,563.14,51.445394,7.489765,267.16,15.45,0.00,129.34,0,-109,-13,0,0,35,0,0,67
45.02,1547702800,578.57,51.445314,7.489950,267.78,14.65,0.00,128.09,0,-112,-13,0,0,32,0,0,272
45.02,1547702800,578.58,51.445314,7.489950,267.78,14.65,0.00,128.09,0,-114,-14,0,0,32,0,0,271
45.02,1547702800,578.59,51.445314,7.489950,267.78,14.65,0.00,128.09,0,-114,-14,0,0,31,0,0,67
45.02,1547702800,578.59,51.445314,7.489950,267.78,14.65,0.00,128.09,0,-110,-12,0,0,31,0,0,157
46.02,1547702801,593.22,51.445232,7.490130,268.24,14.48,0.00,127.68,0,-112,-13,0,0,32,0,0,272
46.02,1547702801,593.23,51.445232,7.490130,268.24,14.48,0.00,127.68,0,-114,-14,0,0,32,0,0,271
46.02,1547702801,593.25,51.445232,7.490130,268.24,14.48,0.00,127.68,0,-114,-14,0,0,31,0,0,67
46.02,1547702801,593.25,51.445232,7.490130,268.24,14.48,0.00,127.68,0,-110,-12,0,0,31,0,0,157
47.03,1547702802,607.86,51.451298,7.492458,268.54,14.09,0.00,126.91,0,-109,-13,0,0,37,0,0,272
47.03,1547702802,607.87,51.451298,7.492458,268.54,14.09,0.00,126.91,0,-112,-16,0,0,36,0,0,67
47.03,1547702802,607.87,51.451298,7.492458,268.54,14.09,0.00,126.91,0,-113,-17,0,0,36,0,0,271
47.03,1547702802,607.88,51.451298,7.492458,268.54,14.09,0.00,126.91,0,-114,-13,0,0,27,0,0,157
48.02,1547702803,621.79,51.445078,7.490477,268.54,13.83,0.00,126.54,0,-109,-13,0,0,37,0,0,272
48.02,1547702803,621.80,51.445078,7.490477,268.54,13.83,0.00,126.54,0,-112,-16,0,0,36,0,0,67
48.02,1547702803,621.82,51.445078,7.490477,268.54,13.83,0.00,126.54,0,-113,-17,0,0,36,0,0,271
48.02,1547702803,621.83,51.445078,7.490477,268.54,13.83,0.00,126.54,0,-114,-13,0,0,27,0,0,157
49.02,1547702804,635.62,51.445006,7.490645,268.82,13.29,0.00,126.44,0,-109,-13,0,0,37,0,0,272
49.02,1547702804,635.62,51.445006,7.490645,268.82,13.29,0.00,126.44,0,-112,-16,0,0,36,0,0,67
49.02,1547702804,635.63,51.445006,7.490645,268.82,13.29,0.00,126.44,0,-113,-17,0,0,36,0,0,271
49.02,1547702804,635.65,51.445006,7.490645,268.82,13.29,0.00,126.44,0,-114,-13,0,0,27,0,0,157
50.02,1547702805,648.90,51.444941,7.490803,268.86,12.94,0.00,125.87,0,-106,-8,0,0,34,0,0,272
50.02,1547702805,648.90,51.444941,7.490803,268.86,12.94,0.00,125.87,0,-112,-14,0,0,30,0,0,157
51.02,1547702806,661.84,51.444884,7.490945,269.16,12.67,0.00,126.86,0,-106,-8,0,0,34,0,0,272
51.02,1547702806,661.85,51.444884,7.490945,269.16,12.67,0.00,126.86,0,-112,-14,0,0,30,0,0,157
52.02,1547702807,674.52,51.444816,7.491101,269.36,12.11,0.00,127.34,0,-109,-10,0,0,34,0,0,272
52.02,1547702807,674.52,51.444816,7.491101,269.36,12.11,0.00,127.34,0,-115,-16,0,0,34,0,0,271
52.02,1547702807,674.53,51.444816,7.491101,269.36,12.11,0.00,127.34,0,-115,-15,0,0,29,0,0,157
53.02,1547702808,686.62,51.444758,7.491234,269.96,10.90,0.00,127.70,0,-109,-10,0,0,34,0,0,272
53.02,1547702808,686.62,51.444758,7.491234,269.96,10.90,0.00,127.70,0,-115,-16,0,0,34,0,0,271
53.02,1547702808,686.63,51.444758,7.491234,269.96,10.90,0.00,127.70,0,-115,-15,0,0,29,0,0,157
56.02,1547702811,712.43,51.444643,7.491506,271.81,5.28,0.00,126.93,0,-114,-11,0,0,30,0,0,66
57.02,1547702812,717.71,51.444620,7.491560,271.85,3.91,0.00,127.46,0,-114,-11,0,0,30,0,0,66
64.02,1547702819,723.20,51.444608,7.491590,271.88,0.00,0.00,129.29,0,-115,-17,0,0,34,0,0,66
65.02,1547702820,723.20,51.444608,7.491590,271.88,0.00,0.00,129.29,0,-115,-17,0,0,34,0,0,66
106.02,1547702861,1235.27,51.440996,7.486888,279.20,14.25,0.00,232.38,0,-88,-10,0,0,53,0,0,270
107.02,1547702862,1249.52,51.442263,7.484108,279.54,14.86,0.00,232.93,0,-88,-10,0,0,53,0,0,270
110.03,1547702865,1294.86,51.440672,7.486184,280.07,14.62,0.00,231.59,0,-86,-12,0,0,58,0,0,272
111.01,1547702866,1309.30,51.440590,7.486007,280.83,15.12,0.00,232.00,0,-86,-12,0,0,58,0,0,272
112.01,1547702867,1324.41,51.440506,7.485832,282.09,15.12,0.00,232.56,0,-86,-12,0,0,58,0,0,272
113.02,1547702868,1339.60,51.440423,7.485653,282.67,15.26,0.00,232.11,0,-82,-12,0,0,62,0,0,272
114.02,1547702869,1354.86,51.440343,7.485483,282.99,15.18,0.00,232.46,0,-82,-12,0,0,62,0,0,272
148.02,1547702903,1880.71,51.437807,7.478681,289.03,13.81,0.00,243.10,0,-109,-10,0,0,33,0,0,261
148.02,1547702903,1880.73,51.437807,7.478681,289.03,13.81,0.00,243.10,0,-110,-12,0,0,34,0,0,205
149.02,1547702904,1894.51,51.437748,7.478495,288.51,13.22,0.00,243.60,0,-109,-10,0,0,33,0,0,261
149.02,1547702904,1894.52,51.437748,7.478495,288.51,13.22,0.00,243.60,0,-110,-12,0,0,34,0,0,205
150.01,1547702905,1907.68,51.437685,7.478305,288.12,13.40,0.00,243.16,0,-109,-9,0,0,32,0,0,261
150.01,1547702905,1907.68,51.437685,7.478305,288.12,13.40,0.00,243.16,0,-110,-12,0,0,33,0,0,205
151.02,1547702906,1921.15,51.437625,7.478118,287.31,13.82,0.00,242.25,0,-109,-9,0,0,32,0,0,261
151.02,1547702906,1921.15,51.437625,7.478118,287.31,13.82,0.00,242.25,0,-110,-12,0,0,33,0,0,205
152.03,1547702907,1935.08,51.437564,7.477928,287.07,13.80,0.00,242.58,0,-111,-13,0,0,35,0,0,205
152.03,1547702907,1935.10,51.437564,7.477928,287.07,13.80,0.00,242.58,0,-112,-14,0,0,35,0,0,261
153.02,1547702908,1948.78,51.437511,7.477767,286.46,11.98,0.00,242.33,0,-111,-13,0,0,35,0,0,205
153.02,1547702908,1948.79,51.437511,7.477767,286.46,11.98,0.00,242.33,0,-112,-14,0,0,35,0,0,261
154.02,1547702909,1960.79,51.437454,7.477595,286.35,11.61,0.00,242.22,0,-111,-13,0,0,35,0,0,205
154.02,1547702909,1960.80,51.437454,7.477595,286.35,11.61,0.00,242.22,0,-112,-14,0,0,35,0,0,261
155.02,1547702910,1972.37,51.437392,7.477410,286.11,12.44,0.00,242.82,0,-111,-14,0,0,35,0,0,205
155.02,1547702910,1972.39,51.437392,7.477410,286.11,12.44,0.00,242.82,0,-111,-13,0,0,35,0,0,261
156.02,1547702911,1984.82,51.437335,7.477238,286.06,12.77,0.00,243.21,0,-111,-14,0,0,35,0,0,205
156.02,1547702911,1984.82,51.437335,7.477238,286.06,12.77,0.00,243.21,0,-111,-13,0,0,35,0,0,261
157.02,1547702912,1997.54,51.437282,7.477061,286.09,12.24,0.00,245.32,0,-110,-12,0,0,35,0,0,261
157.02,1547702912,1997.55,51.437282,7.477061,286.09,12.24,0.00,245.32,0,-111,-15,0,0,36,0,0,205
158.02,1547702913,2009.85,51.437234,7.476875,286.56,12.45,0.00,247.74,0,-110,-12,0,0,35,0,0,261
158.02,1547702913,2009.86,51.437234,7.476875,286.56,12.45,0.00,247.74,0,-111,-15,0,0,36,0,0,205
159.02,1547702914,2022.24,51.437216,7.476698,286.80,11.73,0.00,262.06,0,-113,-16,0,0,36,0,0,205
159.02,1547702914,2022.24,51.437216,7.476698,286.80,11.73,0.00,262.06,0,-113,-16,0,0,36,0,0,261
160.02,1547702915,2033.96,51.437205,7.476531,287.00,10.60,0.00,265.03,0,-113,-16,0,0,36,0,0,205
160.02,1547702915,2033.97,51.437205,7.476531,287.00,10.60,0.00,265.03,0,-113,-16,0,0,36,0,0,261
205.02,1547702960,2884.04,51.442418,7.484601,274.22,20.89,0.00,26.97,0,-88,-13,0,0,57,0,0,272
205.02,1547702960,2884.04,51.442418,7.484601,274.22,20.89,0.00,26.97,0,-90,-14,0,0,57,0,0,270
206.02,1547702961,2904.91,51.442585,7.484728,274.05,20.66,0.00,25.72,0,-88,-13,0,0,57,0,0,272
206.02,1547702961,2904.93,51.442585,7.484728,274.05,20.66,0.00,25.72,0,-90,-14,0,0,57,0,0,270
266.02,1547703021,4041.04,51.443336,7.477012,260.90,23.31,0.00,261.83,0,-97,-11,0,0,46,0,0,270
267.02,1547703022,4064.35,51.444342,7.482557,260.39,23.10,0.00,261.48,0,-97,-11,0,0,46,0,0,270
268.02,1547703023,4087.45,51.443278,7.476346,259.76,23.19,0.00,261.39,0,-90,-10,0,0,52,0,0,270
269.02,1547703024,4110.65,51.443246,7.476017,259.04,23.36,0.00,261.25,0,-90,-10,0,0,52,0,0,270
270.02,1547703025,4134.08,51.443211,7.475681,258.20,23.19,0.00,260.69,0,-93,-10,0,0,49,0,0,270
271.01,1547703026,4157.11,51.443175,7.475358,257.49,23.06,0.00,260.13,0,-93,-10,0,0,49,0,0,270
272.02,1547703027,4180.19,51.443133,7.475034,256.77,22.86,0.00,258.39,0,-96,-11,0,0,48,0,0,270
273.01,1547703028,4203.04,51.443091,7.474708,256.10,22.69,0.00,257.88,0,-96,-11,0,0,48,0,0,270
274.02,1547703029,4225.86,51.443046,7.474379,255.31,22.89,0.00,257.83,0,-105,-11,0,0,39,0,0,155
274.02,1547703029,4225.88,51.443046,7.474379,255.31,22.89,0.00,257.83,0,-107,-14,0,0,39,0,0,376
274.02,1547703029,4225.91,51.443046,7.474379,255.31,22.89,0.00,257.83,0,-108,-14,0,0,38,0,0,195
275.02,1547703030,4248.68,51.443002,7.474051,254.42,23.19,0.00,258.19,0,-105,-11,0,0,39,0,0,155
275.02,1547703030,4248.71,51.443002,7.474051,254.42,23.19,0.00,258.19,0,-107,-14,0,0,39,0,0,376
275.02,1547703030,4248.71,51.443002,7.474051,254.42,23.19,0.00,258.19,0,-108,-14,0,0,38,0,0,195
276.02,1547703031,4271.94,51.442956,7.473718,253.48,23.72,0.00,258.07,0,-101,-14,0,0,44,0,0,195
276.02,1547703031,4271.97,51.442956,7.473718,253.48,23.72,0.00,258.07,0,-105,-16,0,0,44,0,0,249
277.02,1547703032,4295.67,51.442905,7.473380,252.59,24.90,0.00,256.60,0,-101,-14,0,0,44,0,0,195
277.02,1547703032,4295.70,51.442905,7.473380,252.59,24.90,0.00,256.60,0,-105,-16,0,0,44,0,0,249
278.02,1547703033,4320.50,51.442851,7.473023,251.78,25.77,0.00,256.55,0,-112,-11,0,0,30,0,0,271
279.02,1547703034,4346.27,51.442800,7.472648,251.06,26.47,0.00,257.64,0,-112,-11,0,0,30,0,0,271
283.02,1547703038,4457.52,51.442601,7.471044,248.25,29.65,0.00,258.26,0,-113,-14,0,0,35,0,0,195
283.02,1547703038,4457.55,51.442601,7.471044,248.25,29.65,0.00,258.26,0,-114,-15,0,0,36,0,0,271
283.02,1547703038,4457.58,51.442601,7.471044,248.25,29.65,0.00,258.26,0,-115,-16,0,0,35,0,0,270
284.02,1547703039,4487.08,51.442548,7.470615,247.47,30.15,0.00,258.19,0,-113,-14,0,0,35,0,0,195
284.02,1547703039,4487.08,51.442548,7.470615,247.47,30.15,0.00,258.19,0,-114,-15,0,0,36,0,0,271
284.02,1547703039,4487.11,51.442548,7.470615,247.47,30.15,0.00,258.19,0,-115,-16,0,0,35,0,0,270
285.02,1547703040,4517.21,51.442492,7.470180,246.51,30.50,0.00,258.48,0,-111,-16,0,0,37,0,0,195
286.02,1547703041,4547.77,51.442436,7.469744,245.44,30.76,0.00,258.11,0,-111,-16,0,0,37,0,0,195
287.02,1547703042,4578.56,51.443272,7.468335,244.62,31.53,0.00,257.71,0,-109,-10,0,0,32,0,0,195
287.02,1547703042,4578.59,51.443272,7.468335,244.62,31.53,0.00,257.71,0,-115,-15,0,0,31,0,0,270
288.02,1547703043,4610.09,51.442318,7.468850,243.81,31.34,0.00,257.78,0,-109,-10,0,0,32,0,0,195
288.02,1547703043,4610.09,51.442318,7.468850,243.81,31.34,0.00,257.78,0,-115,-15,0,0,31,0,0,270
289.02,1547703044,4641.39,51.442258,7.468395,243.01,31.44,0.00,258.06,0,-108,-8,0,0,31,0,0,195
289.02,1547703044,4641.42,51.442258,7.468395,243.01,31.44,0.00,258.06,0,-113,-14,0,0,32,0,0,249
290.02,1547703045,4672.93,51.442198,7.467944,242.20,31.35,0.00,258.45,0,-108,-8,0,0,31,0,0,195
290.02,1547703045,4672.96,51.442198,7.467944,242.20,31.35,0.00,258.45,0,-113,-14,0,0,32,0,0,249
301.03,1547703056,5011.01,51.441728,7.463165,235.77,30.76,0.00,263.78,0,-108,-11,0,0,36,0,0,376
302.02,1547703057,5041.49,51.441700,7.462721,235.03,31.20,0.00,264.20,0,-108,-11,0,0,36,0,0,376
303.02,1547703058,5072.66,51.441671,7.462262,234.30,31.61,0.00,264.56,0,-108,-11,0,0,36,0,0,376
308.02,1547703063,5234.89,51.441573,7.459917,231.68,33.63,0.00,267.33,0,-107,-10,0,0,35,0,0,270
308.02,1547703063,5234.92,51.441573,7.459917,231.68,33.63,0.00,267.33,0,-107,-10,0,0,34,0,0,376
309.02,1547703064,5268.48,51.441566,7.459453,231.38,32.14,0.00,268.21,0,-107,-10,0,0,35,0,0,270
309.02,1547703064,5268.51,51.441566,7.459453,231.38,32.14,0.00,268.21,0,-107,-10,0,0,34,0,0,376
310.02,1547703065,5300.71,51.441559,7.458999,231.18,31.07,0.00,268.64,0,-105,-8,0,0,34,0,0,270
310.02,1547703065,5300.71,51.441559,7.458999,231.18,31.07,0.00,268.64,0,-106,-8,0,0,34,0,0,376
311.02,1547703066,5331.78,51.441553,7.458558,231.03,30.39,0.00,268.95,0,-105,-8,0,0,34,0,0,270
311.02,1547703066,5331.81,51.441553,7.458558,231.03,30.39,0.00,268.95,0,-106,-8,0,0,34,0,0,376
312.02,1547703067,5362.14,51.441546,7.458125,230.86,29.82,0.00,269.16,0,-103,-10,0,0,40,0,0,270
312.02,1547703067,5362.17,51.441546,7.458125,230.86,29.82,0.00,269.16,0,-105,-11,0,0,39,0,0,376
313.02,1547703068,5392.02,51.441544,7.457697,230.66,29.72,0.00,269.37,0,-103,-10,0,0,40,0,0,270
313.02,1547703068,5392.05,51.441544,7.457697,230.66,29.72,0.00,269.37,0,-105,-11,0,0,39,0,0,376
314.02,1547703069,5421.65,51.441544,7.457272,230.49,29.76,0.00,269.67,0,-100,-8,0,0,39,0,0,270
314.02,1547703069,5421.68,51.441544,7.457272,230.49,29.76,0.00,269.67,0,-100,-8,0,0,40,0,0,376
315.02,1547703070,5451.50,51.441545,7.456850,230.34,29.36,0.00,270.08,0,-100,-8,0,0,39,0,0,270
315.03,1547703070,5451.59,51.441545,7.456850,230.34,29.36,0.00,270.08,0,-100,-8,0,0,40,0,0,376
316.02,1547703071,5480.80,51.441546,7.456434,230.21,29.06,0.00,270.36,0,-102,-9,0,0,39,0,0,376
317.02,1547703072,5509.74,51.441552,7.456015,230.11,29.15,0.00,270.87,0,-102,-9,0,0,39,0,0,376
318.02,1547703073,5538.93,51.441552,7.455587,229.89,29.80,0.00,269.55,0,-98,-6,0,0,39,0,0,376
319.02,1547703074,5568.72,51.441559,7.455160,229.67,29.94,0.00,270.90,0,-98,-6,0,0,39,0,0,376
381.01,1547703136,7739.97,51.448531,7.426906,186.06,37.03,0.00,322.23,0,-95,-11,0,0,51,0,0,49
382.02,1547703137,7777.16,51.448801,7.426594,184.66,37.33,0.00,323.47,0,-95,-11,0,0,51,0,0,49
383.02,1547703138,7814.45,51.449081,7.426289,183.34,37.28,0.00,325.05,0,-91,-10,0,0,51,0,0,49
384.02,1547703139,7851.69,51.449363,7.426008,181.92,37.58,0.00,327.98,0,-91,-10,0,0,51,0,0,49
385.02,1547703140,7889.57,51.449651,7.425721,180.54,37.63,0.00,328.67,0,-99,-13,0,0,47,0,0,49
386.02,1547703141,7926.97,51.449948,7.425452,179.24,37.54,0.00,330.22,0,-99,-13,0,0,47,0,0,49
387.02,1547703142,7964.40,51.456950,7.414177,177.82,37.45,0.00,332.44,0,-99,-13,0,0,47,0,0,49
390.01,1547703145,8076.29,51.451130,7.424520,174.64,37.04,0.00,336.45,0,-102,-14,0,0,43,0,0,49
390.01,1547703145,8076.33,51.451130,7.424520,174.64,37.04,0.00,336.45,0,-103,-15,0,0,44,0,0,97
390.01,1547703145,8076.33,51.451130,7.424520,174.64,37.04,0.00,336.45,0,-103,-17,0,0,45,0,0,414
391.02,1547703146,8113.62,51.451438,7.424306,173.17,37.12,0.00,337.07,0,-102,-14,0,0,43,0,0,49
391.02,1547703146,8113.66,51.451438,7.424306,173.17,37.12,0.00,337.07,0,-103,-15,0,0,44,0,0,97
391.02,1547703146,8113.70,51.451438,7.424306,173.17,37.12,0.00,337.07,0,-103,-17,0,0,45,0,0,414
392.02,1547703147,8150.71,51.451752,7.424123,171.53,37.70,0.00,340.34,0,-105,-17,0,0,43,0,0,414
392.02,1547703147,8150.74,51.451752,7.424123,171.53,37.70,0.00,340.34,0,-105,-17,0,0,43,0,0,97
392.02,1547703147,8150.78,51.451752,7.424123,171.53,37.70,0.00,340.34,0,-110,-7,0,0,29,0,0,491
392.02,1547703147,8150.82,51.451752,7.424123,171.53,37.70,0.00,340.34,0,-114,-10,0,0,28,0,0,74
393.02,1547703148,8188.29,51.452065,7.423947,170.01,37.69,0.00,340.53,0,-105,-17,0,0,43,0,0,414
393.02,1547703148,8188.33,51.452065,7.423947,170.01,37.69,0.00,340.53,0,-105,-17,0,0,43,0,0,97
393.02,1547703148,8188.33,51.452065,7.423947,170.01,37.69,0.00,340.53,0,-110,-7,0,0,29,0,0,491
393.02,1547703148,8188.33,51.452065,7.423947,170.01,37.69,0.00,340.53,0,-114,-10,0,0,28,0,0,74
394.02,1547703149,8226.21,51.452384,7.423786,168.46,37.25,0.00,341.56,0,-102,-12,0,0,43,0,0,414
394.02,1547703149,8226.21,51.452384,7.423786,168.46,37.25,0.00,341.56,0,-103,-13,0,0,43,0,0,97
394.02,1547703149,8226.25,51.452384,7.423786,168.46,37.25,0.00,341.56,0,-106,-17,0,0,43,0,0,35
394.03,1547703149,8226.29,51.452384,7.423786,168.46,37.25,0.00,341.56,0,-90,-8,0,0,46,0,0,287
395.02,1547703150,8263.39,51.452705,7.423634,167.14,36.69,0.00,342.52,0,-102,-12,0,0,43,0,0,414
395.02,1547703150,8263.43,51.452705,7.423634,167.14,36.69,0.00,342.52,0,-103,-13,0,0,43,0,0,97
395.02,1547703150,8263.43,51.452705,7.423634,167.14,36.69,0.00,342.52,0,-106,-17,0,0,43,0,0,35
395.02,1547703150,8263.47,51.452705,7.423634,167.14,36.69,0.00,342.52,0,-90,-8,0,0,46,0,0,287
396.02,1547703151,8300.08,51.453017,7.423504,165.81,36.34,0.00,343.30,0,-99,-14,0,0,48,0,0,97
396.02,1547703151,8300.12,51.453017,7.423504,165.81,36.34,0.00,343.30,0,-100,-16,0,0,49,0,0,414
396.02,1547703151,8300.15,51.453017,7.423504,165.81,36.34,0.00,343.30,0,-102,-18,0,0,48,0,0,35
396.02,1547703151,8300.19,51.453017,7.423504,165.81,36.34,0.00,343.30,0,-88,-7,0,0,48,0,0,287
397.02,1547703152,8336.53,51.453319,7.423370,164.48,35.57,0.00,343.89,0,-99,-14,0,0,48,0,0,97
397.03,1547703152,8336.57,51.453319,7.423370,164.48,35.57,0.00,343.89,0,-100,-16,0,0,49,0,0,414
397.03,1547703152,8336.60,51.453319,7.423370,164.48,35.57,0.00,343.89,0,-102,-18,0,0,48,0,0,35
397.03,1547703152,8336.64,51.453319,7.423370,164.48,35.57,0.00,343.89,0,-88,-7,0,0,48,0,0,287
398.02,1547703153,8372.00,51.453621,7.423236,163.03,35.43,0.00,343.83,0,-100,-13,0,0,45,0,0,352
398.02,1547703153,8372.03,51.453621,7.423236,163.03,35.43,0.00,343.83,0,-102,-15,0,0,45,0,0,35
398.02,1547703153,8372.03,51.453621,7.423236,163.03,35.43,0.00,343.83,0,-103,-16,0,0,45,0,0,414
398.02,1547703153,8372.07,51.453621,7.423236,163.03,35.43,0.00,343.83,0,-88,-7,0,0,49,0,0,287
399.02,1547703154,8407.39,51.453923,7.423100,161.83,35.04,0.00,343.82,0,-100,-13,0,0,45,0,0,352
399.02,1547703154,8407.39,51.453923,7.423100,161.83,35.04,0.00,343.82,0,-102,-15,0,0,45,0,0,35
399.02,1547703154,8407.43,51.453923,7.423100,161.83,35.04,0.00,343.82,0,-103,-16,0,0,45,0,0,414
399.02,1547703154,8407.46,51.453923,7.423100,161.83,35.04,0.00,343.82,0,-88,-7,0,0,49,0,0,287
400.03,1547703155,8442.68,51.454237,7.422963,161.08,34.94,0.00,343.71,0,-99,-12,0,0,45,0,0,414
400.03,1547703155,8442.68,51.454237,7.422963,161.08,34.94,0.00,343.71,0,-100,-13,0,0,45,0,0,35
400.03,1547703155,8442.72,51.454237,7.422963,161.08,34.94,0.00,343.71,0,-103,-16,0,0,45,0,0,370
400.03,1547703155,8442.75,51.454237,7.422963,161.08,34.94,0.00,343.71,0,-90,-8,0,0,47,0,0,287
400.03,1547703155,8442.79,51.454237,7.422963,161.08,34.94,0.00,343.71,0,-94,-11,0,0,45,0,0,212
401.02,1547703156,8477.52,51.454531,7.422828,160.20,34.80,0.00,343.60,0,-99,-12,0,0,45,0,0,414
401.03,1547703156,8477.55,51.454531,7.422828,160.20,34.80,0.00,343.60,0,-100,-13,0,0,45,0,0,35
401.03,1547703156,8477.59,51.454531,7.422828,160.20,34.80,0.00,343.60,0,-103,-16,0,0,45,0,0,370
401.03,1547703156,8477.62,51.454531,7.422828,160.20,34.80,0.00,343.60,0,-90,-8,0,0,47,0,0,287
401.03,1547703156,8477.66,51.454531,7.422828,160.20,34.80,0.00,343.60,0,-94,-11,0,0,45,0,0,212
402.02,1547703157,8512.29,51.454830,7.422693,159.36,34.96,0.00,343.56,0,-98,-14,0,0,50,0,0,249
402.02,1547703157,8512.29,51.454830,7.422693,159.36,34.96,0.00,343.56,0,-99,-15,0,0,49,0,0,97
403.02,1547703158,8547.11,51.455130,7.422552,158.69,35.13,0.00,343.39,0,-98,-14,0,0,50,0,0,249
403.02,1547703158,8547.15,51.455130,7.422552,158.69,35.13,0.00,343.39,0,-99,-15,0,0,49,0,0,97
404.02,1547703159,8582.10,51.455432,7.422412,157.83,34.94,0.00,342.58,0,-90,-9,0,0,50,0,0,370
404.02,1547703159,8582.13,51.455432,7.422412,157.83,34.94,0.00,342.58,0,-92,-11,0,0,50,0,0,414
405.02,1547703160,8617.07,51.455732,7.422258,157.11,34.31,0.00,341.52,0,-90,-9,0,0,50,0,0,370
405.02,1547703160,8617.07,51.455732,7.422258,157.11,34.31,0.00,341.52,0,-92,-11,0,0,50,0,0,414
406.02,1547703161,8651.51,51.456026,7.422110,156.37,33.60,0.00,340.96,0,-95,-15,0,0,53,0,0,26
406.02,1547703161,8651.51,51.456026,7.422110,156.37,33.60,0.00,340.96,0,-97,-17,0,0,51,0,0,196
406.02,1547703161,8651.55,51.456026,7.422110,156.37,33.60,0.00,340.96,0,-98,-15,0,0,50,0,0,49
406.02,1547703161,8651.58,51.456026,7.422110,156.37,33.60,0.00,340.96,0,-93,-12,0,0,47,0,0,104
406.02,1547703161,8651.58,51.456026,7.422110,156.37,33.60,0.00,340.96,0,-95,-13,0,0,48,0,0,424
407.02,1547703162,8685.21,51.463976,7.412677,155.73,33.17,0.00,340.14,0,-95,-15,0,0,53,0,0,26
407.02,1547703162,8685.24,51.463976,7.412677,155.73,33.17,0.00,340.14,0,-97,-17,0,0,51,0,0,196
407.03,1547703162,8685.27,51.463976,7.412677,155.73,33.17,0.00,340.14,0,-98,-15,0,0,50,0,0,49
407.03,1547703162,8685.27,51.463976,7.412677,155.73,33.17,0.00,340.14,0,-93,-12,0,0,47,0,0,104
407.03,1547703162,8685.31,51.463976,7.412677,155.73,33.17,0.00,340.14,0,-95,-13,0,0,48,0,0,424
408.03,1547703163,8718.58,51.456572,7.421795,154.93,32.91,0.00,339.18,0,-95,-15,0,0,52,0,0,414
408.03,1547703163,8718.61,51.456572,7.421795,154.93,32.91,0.00,339.18,0,-97,-17,0,0,52,0,0,35
408.03,1547703163,8718.65,51.456572,7.421795,154.93,32.91,0.00,339.18,0,-93,-13,0,0,50,0,0,210
408.03,1547703163,8718.68,51.456572,7.421795,154.93,32.91,0.00,339.18,0,-95,-14,0,0,48,0,0,270
409.02,1547703164,8751.20,51.456850,7.421619,154.41,32.74,0.00,337.79,0,-95,-15,0,0,52,0,0,414
409.02,1547703164,8751.20,51.456850,7.421619,154.41,32.74,0.00,337.79,0,-97,-17,0,0,52,0,0,35
409.02,1547703164,8751.23,51.456850,7.421619,154.41,32.74,0.00,337.79,0,-93,-13,0,0,50,0,0,210
409.02,1547703164,8751.26,51.456850,7.421619,154.41,32.74,0.00,337.79,0,-95,-14,0,0,48,0,0,270
410.02,1547703165,8784.04,51.457122,7.421438,154.11,32.64,0.00,337.30,0,-95,-15,0,0,52,0,0,414
410.02,1547703165,8784.07,51.457122,7.421438,154.11,32.64,0.00,337.30,0,-97,-17,0,0,52,0,0,35
410.03,1547703165,8784.10,51.457122,7.421438,154.11,32.64,0.00,337.30,0,-93,-13,0,0,50,0,0,210
410.03,1547703165,8784.13,51.457122,7.421438,154.11,32.64,0.00,337.30,0,-95,-14,0,0,48,0,0,270
411.02,1547703166,8816.44,51.457392,7.421256,153.62,32.71,0.00,336.23,0,-94,-12,0,0,49,0,0,35
411.02,1547703166,8816.48,51.457392,7.421256,153.62,32.71,0.00,336.23,0,-94,-10,0,0,48,0,0,375
411.02,1547703166,8816.48,51.457392,7.421256,153.62,32.71,0.00,336.23,0,-95,-12,0,0,49,0,0,414
411.02,1547703166,8816.48,51.457392,7.421256,153.62,32.71,0.00,336.23,0,-92,-7,0,0,44,0,0,209
411.02,1547703166,8816.51,51.457392,7.421256,153.62,32.71,0.00,336.23,0,-93,-10,0,0,45,0,0,210
412.02,1547703167,8849.16,51.457662,7.421065,153.24,32.74,0.00,335.52,0,-94,-12,0,0,49,0,0,35
412.02,1547703167,8849.16,51.457662,7.421065,153.24,32.74,0.00,335.52,0,-94,-10,0,0,48,0,0,375
412.02,1547703167,8849.16,51.457662,7.421065,153.24,32.74,0.00,335.52,0,-95,-12,0,0,49,0,0,414
412.02,1547703167,8849.19,51.457662,7.421065,153.24,32.74,0.00,335.52,0,-92,-7,0,0,44,0,0,209
412.02,1547703167,8849.19,51.457662,7.421065,153.24,32.74,0.00,335.52,0,-93,-10,0,0,45,0,0,210
413.02,1547703168,8882.09,51.457929,7.420863,152.89,32.84,0.00,334.34,0,-94,-13,0,0,50,0,0,35
413.02,1547703168,8882.12,51.457929,7.420863,152.89,32.84,0.00,334.34,0,-95,-14,0,0,51,0,0,414
413.02,1547703168,8882.12,51.457929,7.420863,152.89,32.84,0.00,334.34,0,-96,-13,0,0,49,0,0,375
413.02,1547703168,8882.16,51.457929,7.420863,152.89,32.84,0.00,334.34,0,-93,-11,0,0,46,0,0,270
413.03,1547703168,8882.19,51.457929,7.420863,152.89,32.84,0.00,334.34,0,-93,-9,0,0,45,0,0,209
414.02,1547703169,8914.86,51.458198,7.420656,152.69,32.98,0.00,333.54,0,-94,-13,0,0,50,0,0,35
414.02,1547703169,8914.90,51.458198,7.420656,152.69,32.98,0.00,333.54,0,-95,-14,0,0,51,0,0,414
414.02,1547703169,8914.90,51.458198,7.420656,152.69,32.98,0.00,333.54,0,-96,-13,0,0,49,0,0,375
414.02,1547703169,8914.93,51.458198,7.420656,152.69,32.98,0.00,333.54,0,-93,-11,0,0,46,0,0,270
414.02,1547703169,8914.96,51.458198,7.420656,152.69,32.98,0.00,333.54,0,-93,-9,0,0,45,0,0,209
417.02,1547703172,9014.52,51.458991,7.419975,152.50,33.66,0.00,330.76,0,-84,-8,0,0,55,0,0,35
417.02,1547703172,9014.55,51.458991,7.419975,152.50,33.66,0.00,330.76,0,-91,-13,0,0,54,0,0,370
418.02,1547703173,9048.22,51.459254,7.419732,152.43,33.82,0.00,329.74,0,-84,-8,0,0,55,0,0,35
418.02,1547703173,9048.25,51.459254,7.419732,152.43,33.82,0.00,329.74,0,-91,-13,0,0,54,0,0,370
419.02,1547703174,9082.03,51.459515,7.419480,152.33,33.83,0.00,328.50,0,-84,-10,0,0,57,0,0,35
419.02,1547703174,9082.06,51.459515,7.419480,152.33,33.83,0.00,328.50,0,-85,-9,0,0,57,0,0,370
419.02,1547703174,9082.10,51.459515,7.419480,152.33,33.83,0.00,328.50,0,-89,-12,0,0,55,0,0,249
420.02,1547703175,9115.89,51.459768,7.419223,152.24,33.23,0.00,327.34,0,-84,-10,0,0,57,0,0,35
420.02,1547703175,9115.92,51.459768,7.419223,152.24,33.23,0.00,327.34,0,-85,-9,0,0,57,0,0,370
420.02,1547703175,9115.96,51.459768,7.419223,152.24,33.23,0.00,327.34,0,-89,-12,0,0,55,0,0,249
421.01,1547703176,9148.92,51.460021,7.418963,152.19,33.11,0.00,327.02,0,-86,-9,0,0,55,0,0,370
421.02,1547703176,9148.95,51.460021,7.418963,152.19,33.11,0.00,327.02,0,-91,-15,0,0,56,0,0,35
422.02,1547703177,9182.19,51.460271,7.418693,152.15,33.35,0.00,325.66,0,-86,-9,0,0,55,0,0,370
422.02,1547703177,9182.19,51.460271,7.418693,152.15,33.35,0.00,325.66,0,-91,-15,0,0,56,0,0,35
425.02,1547703180,9282.56,51.461008,7.417838,152.34,33.68,0.00,322.91,0,-80,-7,0,0,60,0,0,375
425.02,1547703180,9282.59,51.461008,7.417838,152.34,33.68,0.00,322.91,0,-80,-7,0,0,57,0,0,209
426.02,1547703181,9316.34,51.461247,7.417546,152.44,33.43,0.00,321.99,0,-80,-7,0,0,60,0,0,375
426.03,1547703181,9316.44,51.461247,7.417546,152.44,33.43,0.00,321.99,0,-80,-7,0,0,57,0,0,209
427.02,1547703182,9349.64,51.461599,7.413730,152.55,33.24,0.00,321.01,0,-87,-8,0,0,53,0,0,375
428.02,1547703183,9382.84,51.461712,7.416933,152.62,33.60,0.00,319.97,0,-87,-8,0,0,53,0,0,375
429.02,1547703184,9416.47,51.461938,7.416626,152.78,33.73,0.00,319.44,0,-86,-10,0,0,55,0,0,375
430.02,1547703185,9450.23,51.462168,7.416304,152.73,33.84,0.00,318.35,0,-86,-10,0,0,55,0,0,375
438.02,1547703193,9713.36,51.463822,7.413619,150.48,32.44,0.00,311.01,0,-90,-10,0,0,52,0,0,97
438.02,1547703193,9713.39,51.463822,7.413619,150.48,32.44,0.00,311.01,0,-95,-15,0,0,52,0,0,375
438.02,1547703193,9713.42,51.463822,7.413619,150.48,32.44,0.00,311.01,0,-99,-9,0,0,39,0,0,209
439.02,1547703194,9745.80,51.464013,7.413270,150.43,32.54,0.00,310.95,0,-90,-10,0,0,52,0,0,97
439.02,1547703194,9745.83,51.464013,7.413270,150.43,32.54,0.00,310.95,0,-95,-15,0,0,52,0,0,375
439.02,1547703194,9745.86,51.464013,7.413270,150.43,32.54,0.00,310.95,0,-99,-9,0,0,39,0,0,209
444.02,1547703199,9910.57,51.464958,7.411421,151.60,33.26,0.00,308.53,0,-94,-12,0,0,50,0,0,33
444.02,1547703199,9910.57,51.464958,7.411421,151.60,33.26,0.00,308.53,0,-95,-11,0,0,45,0,0,271
444.02,1547703199,9910.57,51.464958,7.411421,151.60,33.26,0.00,308.53,0,-100,-17,0,0,45,0,0,209
445.02,1547703200,9943.93,51.465142,7.411050,151.80,32.63,0.00,308.50,0,-94,-12,0,0,50,0,0,33
445.02,1547703200,9943.96,51.465142,7.411050,151.80,32.63,0.00,308.50,0,-95,-11,0,0,45,0,0,271
445.02,1547703200,9943.99,51.465142,7.411050,151.80,32.63,0.00,308.50,0,-100,-17,0,0,45,0,0,209
446.02,1547703201,9976.49,51.465321,7.410680,151.96,32.55,0.00,308.05,0,-101,-16,0,0,46,0,0,49
446.02,1547703201,9976.52,51.465321,7.410680,151.96,32.55,0.00,308.05,0,-102,-15,0,0,45,0,0,262
447.02,1547703202,10009.04,51.465423,7.405467,152.30,32.55,0.00,308.01,0,-101,-16,0,0,46,0,0,49
447.02,1547703202,10009.04,51.465423,7.405467,152.30,32.55,0.00,308.01,0,-102,-15,0,0,45,0,0,262
452.02,1547703207,10172.57,51.466399,7.408451,152.88,33.28,0.00,308.45,0,-97,-17,0,0,52,0,0,157
452.02,1547703207,10172.57,51.466399,7.408451,152.88,33.28,0.00,308.45,0,-100,-18,0,0,53,0,0,262
453.02,1547703208,10205.82,51.466579,7.408075,152.66,33.39,0.00,308.39,0,-97,-17,0,0,52,0,0,157
453.02,1547703208,10205.82,51.466579,7.408075,152.66,33.39,0.00,308.39,0,-100,-18,0,0,53,0,0,262
454.02,1547703209,10239.14,51.466763,7.407695,152.56,33.27,0.00,308.68,0,-97,-17,0,0,52,0,0,157
454.02,1547703209,10239.18,51.466763,7.407695,152.56,33.27,0.00,308.68,0,-100,-18,0,0,53,0,0,262
455.02,1547703210,10272.41,51.466951,7.407326,152.60,32.56,0.00,309.22,0,-91,-10,0,0,48,0,0,478
456.02,1547703211,10305.00,51.467133,7.406967,152.75,31.71,0.00,309.60,0,-91,-10,0,0,48,0,0,478
461.01,1547703216,10462.40,51.468085,7.405267,154.54,31.29,0.00,311.89,0,-93,-13,0,0,51,0,0,375
462.01,1547703217,10493.65,51.468276,7.404928,155.21,31.31,0.00,311.91,0,-93,-13,0,0,51,0,0,375
465.02,1547703220,10587.74,51.468843,7.403940,156.36,30.88,0.00,313.13,0,-77,-10,0,0,61,0,0,286
466.02,1547703221,10618.59,51.469033,7.403621,156.61,30.66,0.00,313.30,0,-77,-10,0,0,61,0,0,286
467.02,1547703222,10649.22,51.469204,7.403099,157.01,30.69,0.00,313.42,0,-82,-12,0,0,59,0,0,286
468.02,1547703223,10679.97,51.469421,7.402967,157.29,30.56,0.00,313.42,0,-82,-12,0,0,59,0,0,286
469.02,1547703224,10710.53,51.469614,7.402649,157.28,29.78,0.00,314.32,0,-90,-14,0,0,59,0,0,375
470.02,1547703225,10740.22,51.469805,7.402334,156.98,29.52,0.00,314.51,0,-90,-14,0,0,59,0,0,375
476.02,1547703231,10909.94,51.470880,7.400651,156.21,26.61,0.00,316.74,0,-88,-14,0,0,55,0,0,307
477.02,1547703232,10936.52,51.471054,7.400395,156.31,26.45,0.00,317.11,0,-88,-14,0,0,55,0,0,307
478.02,1547703233,10962.97,51.471227,7.400139,156.54,26.30,0.00,317.40,0,-87,-15,0,0,56,0,0,307
479.02,1547703234,10989.25,51.471395,7.399885,157.14,26.35,0.00,317.43,0,-87,-15,0,0,56,0,0,307
480.02,1547703235,11015.63,51.471564,7.399628,157.99,26.47,0.00,317.58,0,-87,-14,0,0,55,0,0,307
481.01,1547703236,11041.99,51.471733,7.399366,159.14,26.65,0.00,317.09,0,-87,-14,0,0,55,0,0,307
482.01,1547703237,11068.64,51.471910,7.399102,160.30,27.05,0.00,318.14,0,-86,-13,0,0,56,0,0,307
483.02,1547703238,11095.89,51.472093,7.398833,161.32,27.30,0.00,318.60,0,-86,-13,0,0,56,0,0,307
484.02,1547703239,11123.05,51.472277,7.398563,162.17,27.55,0.00,318.86,0,-89,-13,0,0,59,0,0,375
485.02,1547703240,11150.66,51.472465,7.398291,162.97,27.84,0.00,319.10,0,-89,-13,0,0,59,0,0,375
488.02,1547703243,11233.48,51.473032,7.397522,164.51,26.57,0.00,320.34,0,-87,-9,0,0,54,0,0,375
489.02,1547703244,11260.05,51.473217,7.397281,164.87,26.39,0.00,320.65,0,-87,-9,0,0,54,0,0,375
492.02,1547703247,11338.45,51.473768,7.396572,165.90,26.03,0.00,322.32,0,-87,-9,0,0,53,0,0,49
493.02,1547703248,11364.48,51.473954,7.396342,166.32,26.30,0.00,322.18,0,-87,-9,0,0,53,0,0,49
494.02,1547703249,11390.78,51.474146,7.396113,166.67,26.66,0.00,323.33,0,-86,-10,0,0,55,0,0,49
495.02,1547703250,11417.41,51.474340,7.395881,167.09,26.97,0.00,323.15,0,-86,-10,0,0,55,0,0,49
505.02,1547703260,11686.76,51.476398,7.393873,171.83,24.42,0.00,333.33,0,-82,-14,0,0,63,0,0,48
505.02,1547703260,11686.78,51.476398,7.393873,171.83,24.42,0.00,333.33,0,-73,-9,0,0,63,0,0,307
506.02,1547703261,11711.15,51.476592,7.393725,172.03,23.78,0.00,334.69,0,-82,-14,0,0,63,0,0,48
506.02,1547703261,11711.18,51.476592,7.393725,172.03,23.78,0.00,334.69,0,-73,-9,0,0,63,0,0,307
507.01,1547703262,11734.79,51.481689,7.414452,172.24,23.27,0.00,335.50,0,-78,-14,0,0,63,0,0,48
507.01,1547703262,11734.82,51.481689,7.414452,172.24,23.27,0.00,335.50,0,-69,-13,0,0,63,0,0,307
508.02,1547703263,11758.23,51.476969,7.393447,172.43,22.74,0.00,336.33,0,-78,-14,0,0,63,0,0,48
508.02,1547703263,11758.25,51.476969,7.393447,172.43,22.74,0.00,336.33,0,-69,-13,0,0,63,0,0,307
509.02,1547703264,11780.95,51.477153,7.393323,172.66,22.09,0.00,337.58,0,-86,-11,0,0,57,0,0,48
509.02,1547703264,11780.97,51.477153,7.393323,172.66,22.09,0.00,337.58,0,-76,-13,0,0,63,0,0,307
510.02,1547703265,11803.03,51.477333,7.393213,172.97,20.74,0.00,339.91,0,-86,-11,0,0,57,0,0,48
510.02,1547703265,11803.05,51.477333,7.393213,172.97,20.74,0.00,339.91,0,-76,-13,0,0,63,0,0,307
511.02,1547703266,11823.77,51.477504,7.393131,173.26,18.99,0.00,344.51,0,-84,-10,0,0,58,0,0,48
511.02,1547703266,11823.79,51.477504,7.393131,173.26,18.99,0.00,344.51,0,-70,-12,0,0,63,0,0,307
512.01,1547703267,11842.68,51.477673,7.393063,173.58,17.72,0.00,346.13,0,-84,-10,0,0,58,0,0,48
512.01,1547703267,11842.68,51.477673,7.393063,173.58,17.72,0.00,346.13,0,-70,-12,0,0,63,0,0,307
513.02,1547703268,11860.47,51.477822,7.393022,173.81,16.97,0.00,349.68,0,-64,-9,0,0,63,0,0,308
514.02,1547703269,11877.44,51.477979,7.393035,174.17,16.68,0.00,3.14,0,-64,-9,0,0,63,0,0,308
515.02,1547703270,11894.12,51.478124,7.393059,175.24,16.47,0.00,4.67,0,-78,-11,0,0,61,0,0,308
516.02,1547703271,11910.59,51.478277,7.393094,176.02,16.36,0.00,7.95,0,-78,-11,0,0,61,0,0,308
526.01,1547703281,12061.28,51.479501,7.393785,181.10,14.01,0.00,346.11,0,-94,-12,0,0,49,0,0,49
526.01,1547703281,12061.28,51.479501,7.393785,181.10,14.01,0.00,346.11,0,-98,-15,0,0,48,0,0,223
527.02,1547703282,12075.33,51.481521,7.396252,181.56,14.36,0.00,342.01,0,-94,-12,0,0,49,0,0,49
527.02,1547703282,12075.33,51.481521,7.396252,181.56,14.36,0.00,342.01,0,-98,-15,0,0,48,0,0,223
528.02,1547703283,12089.70,51.479726,7.393651,182.21,14.58,0.00,339.38,0,-96,-11,0,0,46,0,0,223
529.02,1547703284,12104.27,51.479841,7.393570,182.80,13.76,0.00,337.36,0,-96,-11,0,0,46,0,0,223
530.01,1547703285,12117.97,51.479951,7.393490,182.93,11.97,0.00,338.08,0,-91,-8,0,0,48,0,0,223
531.02,1547703286,12129.97,51.480050,7.393457,183.21,11.02,0.00,350.93,0,-91,-8,0,0,48,0,0,223
532.01,1547703287,12140.97,51.480150,7.393469,183.72,10.34,0.00,10.17,0,-92,-11,0,0,51,0,0,223
533.02,1547703288,12151.33,51.480232,7.393525,184.22,10.55,0.00,28.50,0,-92,-11,0,0,51,0,0,223
547.02,1547703302,12381.56,51.480599,7.395162,184.65,18.01,0.00,59.49,0,-89,-10,0,0,52,0,0,157
548.02,1547703303,12399.59,51.481434,7.396557,184.72,17.48,0.00,58.91,0,-89,-10,0,0,52,0,0,157
580.03,1547703335,12651.77,51.482967,7.399239,186.55,10.82,0.00,34.83,0,-92,-10,0,0,50,0,0,223
581.02,1547703336,12662.44,51.483043,7.399318,186.48,10.76,0.00,34.44,0,-92,-10,0,0,50,0,0,223
582.02,1547703337,12673.18,51.483125,7.399402,186.36,10.87,0.00,34.03,0,-92,-10,0,0,50,0,0,223
587.01,1547703342,12731.33,51.483579,7.399878,185.98,13.29,0.00,33.71,0,-96,-9,0,0,44,0,0,223
587.02,1547703342,12731.34,51.483579,7.399878,185.98,13.29,0.00,33.71,0,-93,-8,0,0,43,0,0,409
588.02,1547703343,12744.69,51.483679,7.399988,185.98,13.54,0.00,34.38,0,-96,-9,0,0,44,0,0,223
588.02,1547703343,12744.71,51.483679,7.399988,185.98,13.54,0.00,34.38,0,-93,-8,0,0,43,0,0,409
589.01,1547703344,12758.14,51.483778,7.400098,185.99,13.72,0.00,35.02,0,-95,-8,0,0,44,0,0,223
589.01,1547703344,12758.14,51.483778,7.400098,185.99,13.72,0.00,35.02,0,-93,-8,0,0,43,0,0,409
590.02,1547703345,12771.91,51.483875,7.400217,186.22,13.88,0.00,35.68,0,-95,-8,0,0,44,0,0,223
590.02,1547703345,12771.94,51.483875,7.400217,186.22,13.88,0.00,35.68,0,-93,-8,0,0,43,0,0,409
591.02,1547703346,12785.81,51.483973,7.400336,186.40,13.74,0.00,36.36,0,-100,-12,0,0,44,0,0,48
592.01,1547703347,12799.47,51.484071,7.400461,186.50,14.04,0.00,37.19,0,-100,-12,0,0,44,0,0,48
593.01,1547703348,12813.52,51.484168,7.400575,186.46,13.80,0.00,37.98,0,-100,-16,0,0,47,0,0,48
594.02,1547703349,12827.38,51.484265,7.400695,186.31,13.75,0.00,38.74,0,-100,-16,0,0,47,0,0,48
595.01,1547703350,12841.08,51.484361,7.400821,186.07,13.86,0.00,39.83,0,-103,-11,0,0,39,0,0,48
596.02,1547703351,12854.99,51.484455,7.400948,185.84,14.17,0.00,40.44,0,-103,-11,0,0,39,0,0,48
597.02,1547703352,12869.20,51.484548,7.401083,185.58,14.26,0.00,40.98,0,-100,-9,0,0,41,0,0,48
597.02,1547703352,12869.22,51.484548,7.401083,185.58,14.26,0.00,40.98,0,-104,-11,0,0,39,0,0,128
597.02,1547703352,12869.22,51.484548,7.401083,185.58,14.26,0.00,40.98,0,-104,-12,0,0,39,0,0,167
597.02,1547703352,12869.23,51.484548,7.401083,185.58,14.26,0.00,40.98,0,-104,-8,0,0,33,0,0,246
597.02,1547703352,12869.25,51.484548,7.401083,185.58,14.26,0.00,40.98,0,-106,-11,0,0,34,0,0,291
598.02,1547703353,12883.45,51.484650,7.401231,185.60,14.07,0.00,41.40,0,-100,-9,0,0,41,0,0,48
598.02,1547703353,12883.47,51.484650,7.401231,185.60,14.07,0.00,41.40,0,-104,-11,0,0,39,0,0,128
598.02,1547703353,12883.48,51.484650,7.401231,185.60,14.07,0.00,41.40,0,-104,-12,0,0,39,0,0,167
598.02,1547703353,12883.48,51.484650,7.401231,185.60,14.07,0.00,41.40,0,-104,-8,0,0,33,0,0,246
598.02,1547703353,12883.49,51.484650,7.401231,185.60,14.07,0.00,41.40,0,-106,-11,0,0,34,0,0,291
599.02,1547703354,12897.52,51.484741,7.401368,185.54,13.85,0.00,41.78,0,-102,-11,0,0,40,0,0,48
599.02,1547703354,12897.52,51.484741,7.401368,185.54,13.85,0.00,41.78,0,-104,-10,0,0,34,0,0,246
599.02,1547703354,12897.54,51.484741,7.401368,185.54,13.85,0.00,41.78,0,-104,-11,0,0,35,0,0,291
600.02,1547703355,12911.37,51.484828,7.401498,185.49,13.60,0.00,41.93,0,-102,-11,0,0,40,0,0,48
600.02,1547703355,12911.38,51.484828,7.401498,185.49,13.60,0.00,41.93,0,-104,-10,0,0,34,0,0,246
600.02,1547703355,12911.38,51.484828,7.401498,185.49,13.60,0.00,41.93,0,-104,-11,0,0,35,0,0,291
601.03,1547703356,12925.10,51.484919,7.401630,185.39,13.69,0.00,41.16,0,-102,-11,0,0,41,0,0,48
601.03,1547703356,12925.12,51.484919,7.401630,185.39,13.69,0.00,41.16,0,-103,-11,0,0,38,0,0,167
601.03,1547703356,12925.13,51.484919,7.401630,185.39,13.69,0.00,41.16,0,-104,-11,0,0,38,0,0,128
601.03,1547703356,12925.13,51.484919,7.401630,185.39,13.69,0.00,41.16,0,-103,-10,0,0,35,0,0,291
601.03,1547703356,12925.15,51.484919,7.401630,185.39,13.69,0.00,41.16,0,-104,-10,0,0,34,0,0,246
602.02,1547703357,12938.59,51.485016,7.401770,185.28,14.11,0.00,41.51,0,-102,-11,0,0,41,0,0,48
602.02,1547703357,12938.60,51.485016,7.401770,185.28,14.11,0.00,41.51,0,-103,-11,0,0,38,0,0,167
602.02,1547703357,12938.60,51.485016,7.401770,185.28,14.11,0.00,41.51,0,-104,-11,0,0,38,0,0,128
602.02,1547703357,12938.62,51.485016,7.401770,185.28,14.11,0.00,41.51,0,-103,-10,0,0,35,0,0,291
602.02,1547703357,12938.62,51.485016,7.401770,185.28,14.11,0.00,41.51,0,-104,-10,0,0,34,0,0,246
603.02,1547703358,12952.78,51.485112,7.401917,185.20,14.56,0.00,42.64,0,-102,-11,0,0,41,0,0,48
603.02,1547703358,12952.80,51.485112,7.401917,185.20,14.56,0.00,42.64,0,-103,-11,0,0,38,0,0,167
603.02,1547703358,12952.81,51.485112,7.401917,185.20,14.56,0.00,42.64,0,-104,-11,0,0,38,0,0,128
603.02,1547703358,12952.81,51.485112,7.401917,185.20,14.56,0.00,42.64,0,-103,-10,0,0,35,0,0,291
603.02,1547703358,12952.83,51.485112,7.401917,185.20,14.56,0.00,42.64,0,-104,-10,0,0,34,0,0,246
604.02,1547703359,12967.26,51.485203,7.402062,185.16,14.67,0.00,43.81,0,-102,-13,0,0,42,0,0,128
604.02,1547703359,12967.26,51.485203,7.402062,185.16,14.67,0.00,43.81,0,-100,-10,0,0,39,0,0,291
604.02,1547703359,12967.26,51.485203,7.402062,185.16,14.67,0.00,43.81,0,-102,-11,0,0,39,0,0,246
605.02,1547703360,12981.94,51.485296,7.402219,185.17,13.94,0.00,45.12,0,-102,-13,0,0,42,0,0,128
605.02,1547703360,12981.96,51.485296,7.402219,185.17,13.94,0.00,45.12,0,-100,-10,0,0,39,0,0,291
605.02,1547703360,12981.96,51.485296,7.402219,185.17,13.94,0.00,45.12,0,-102,-11,0,0,39,0,0,246
606.02,1547703361,12995.87,51.485381,7.402370,185.33,13.28,0.00,46.32,0,-99,-11,0,0,44,0,0,167
606.02,1547703361,12995.87,51.485381,7.402370,185.33,13.28,0.00,46.32,0,-103,-16,0,0,45,0,0,128
606.02,1547703361,12995.88,51.485381,7.402370,185.33,13.28,0.00,46.32,0,-96,-10,0,0,43,0,0,291
606.02,1547703361,12995.88,51.485381,7.402370,185.33,13.28,0.00,46.32,0,-102,-16,0,0,43,0,0,246
607.02,1547703362,13009.15,51.485455,7.402509,185.35,11.61,0.00,47.79,0,-99,-11,0,0,44,0,0,167
607.02,1547703362,13009.15,51.485455,7.402509,185.35,11.61,0.00,47.79,0,-103,-16,0,0,45,0,0,128
607.02,1547703362,13009.15,51.485455,7.402509,185.35,11.61,0.00,47.79,0,-96,-10,0,0,43,0,0,291
607.02,1547703362,13009.16,51.485455,7.402509,185.35,11.61,0.00,47.79,0,-102,-16,0,0,43,0,0,246
608.02,1547703363,13020.80,51.485512,7.402624,185.21,9.39,0.00,49.24,0,-102,-8,0,0,38,0,0,167
608.02,1547703363,13020.81,51.485512,7.402624,185.21,9.39,0.00,49.24,0,-105,-10,0,0,37,0,0,128
608.02,1547703363,13020.82,51.485512,7.402624,185.21,9.39,0.00,49.24,0,-95,-8,0,0,41,0,0,291
609.02,1547703364,13030.19,51.485564,7.402724,185.03,8.12,0.00,48.02,0,-102,-8,0,0,38,0,0,167
609.02,1547703364,13030.20,51.485564,7.402724,185.03,8.12,0.00,48.02,0,-105,-10,0,0,37,0,0,128
609.02,1547703364,13030.21,51.485564,7.402724,185.03,8.12,0.00,48.02,0,-95,-8,0,0,41,0,0,291
612.02,1547703367,13054.40,51.485770,7.402740,185.27,8.76,0.00,336.45,0,-100,-12,0,0,44,0,0,223
612.02,1547703367,13054.41,51.485770,7.402740,185.27,8.76,0.00,336.45,0,-105,-17,0,0,43,0,0,48
612.02,1547703367,13054.41,51.485770,7.402740,185.27,8.76,0.00,336.45,0,-101,-9,0,0,38,0,0,46
613.02,1547703368,13063.20,51.485826,7.402676,185.77,9.33,0.00,322.04,0,-100,-12,0,0,44,0,0,223
613.02,1547703368,13063.21,51.485826,7.402676,185.77,9.33,0.00,322.04,0,-105,-17,0,0,43,0,0,48
613.02,1547703368,13063.22,51.485826,7.402676,185.77,9.33,0.00,322.04,0,-101,-9,0,0,38,0,0,46
614.02,1547703369,13072.53,51.485893,7.402590,186.31,10.40,0.00,321.22,0,-103,-10,0,0,39,0,0,48
614.02,1547703369,13072.54,51.485893,7.402590,186.31,10.40,0.00,321.22,0,-106,-10,0,0,36,0,0,93
614.02,1547703369,13072.55,51.485893,7.402590,186.31,10.40,0.00,321.22,0,-106,-11,0,0,36,0,0,128
615.02,1547703370,13082.93,51.485973,7.402492,186.70,11.12,0.00,321.97,0,-103,-10,0,0,39,0,0,48
615.02,1547703370,13082.94,51.485973,7.402492,186.70,11.12,0.00,321.97,0,-106,-10,0,0,36,0,0,93
615.02,1547703370,13082.94,51.485973,7.402492,186.70,11.12,0.00,321.97,0,-106,-11,0,0,36,0,0,128
616.02,1547703371,13094.07,51.486057,7.402391,187.15,12.07,0.00,323.66,0,-101,-9,0,0,39,0,0,48
616.02,1547703371,13094.08,51.486057,7.402391,187.15,12.07,0.00,323.66,0,-106,-11,0,0,36,0,0,166
616.02,1547703371,13094.09,51.486057,7.402391,187.15,12.07,0.00,323.66,0,-107,-11,0,0,35,0,0,93
616.02,1547703371,13094.10,51.486057,7.402391,187.15,12.07,0.00,323.66,0,-105,-10,0,0,34,0,0,293
616.02,1547703371,13094.10,51.486057,7.402391,187.15,12.07,0.00,323.66,0,-105,-9,0,0,33,0,0,470
617.02,1547703372,13106.15,51.486150,7.402287,187.60,12.43,0.00,325.10,0,-101,-9,0,0,39,0,0,48
617.02,1547703372,13106.17,51.486150,7.402287,187.60,12.43,0.00,325.10,0,-106,-11,0,0,36,0,0,166
617.02,1547703372,13106.17,51.486150,7.402287,187.60,12.43,0.00,325.10,0,-107,-11,0,0,35,0,0,93
617.02,1547703372,13106.18,51.486150,7.402287,187.60,12.43,0.00,325.10,0,-105,-10,0,0,34,0,0,293
617.02,1547703372,13106.19,51.486150,7.402287,187.60,12.43,0.00,325.10,0,-105,-9,0,0,33,0,0,470
618.02,1547703373,13118.60,51.486240,7.402202,187.91,12.32,0.00,327.48,0,-102,-9,0,0,38,0,0,128
618.02,1547703373,13118.61,51.486240,7.402202,187.91,12.32,0.00,327.48,0,-103,-9,0,0,38,0,0,166
618.02,1547703373,13118.62,51.486240,7.402202,187.91,12.32,0.00,327.48,0,-105,-10,0,0,36,0,0,93
618.02,1547703373,13118.62,51.486240,7.402202,187.91,12.32,0.00,327.48,0,-101,-8,0,0,36,0,0,246
618.03,1547703373,13118.64,51.486240,7.402202,187.91,12.32,0.00,327.48,0,-101,-9,0,0,36,0,0,293
619.02,1547703374,13130.89,51.486336,7.402123,187.78,12.90,0.00,330.40,0,-102,-9,0,0,38,0,0,128
619.02,1547703374,13130.90,51.486336,7.402123,187.78,12.90,0.00,330.40,0,-103,-9,0,0,38,0,0,166
619.02,1547703374,13130.92,51.486336,7.402123,187.78,12.90,0.00,330.40,0,-105,-10,0,0,36,0,0,93
619.02,1547703374,13130.92,51.486336,7.402123,187.78,12.90,0.00,330.40,0,-101,-8,0,0,36,0,0,246
619.02,1547703374,13130.93,51.486336,7.402123,187.78,12.90,0.00,330.40,0,-101,-9,0,0,36,0,0,293
625.02,1547703380,13212.50,51.487018,7.401749,185.69,14.58,0.00,345.63,0,-94,-7,0,0,45,0,0,48
625.02,1547703380,13212.52,51.487018,7.401749,185.69,14.58,0.00,345.63,0,-97,-9,0,0,44,0,0,93
625.02,1547703380,13212.53,51.487018,7.401749,185.69,14.58,0.00,345.63,0,-96,-9,0,0,42,0,0,470
626.02,1547703381,13227.09,51.487157,7.401711,185.51,14.40,0.00,348.51,0,-94,-7,0,0,45,0,0,48
626.02,1547703381,13227.10,51.487157,7.401711,185.51,14.40,0.00,348.51,0,-97,-9,0,0,44,0,0,93
626.02,1547703381,13227.12,51.487157,7.401711,185.51,14.40,0.00,348.51,0,-96,-9,0,0,42,0,0,470
627.02,1547703382,13241.49,51.487288,7.401693,185.30,14.51,0.00,351.43,0,-82,-5,0,0,55,0,0,93
627.02,1547703382,13241.51,51.487288,7.401693,185.30,14.51,0.00,351.43,0,-81,-6,0,0,54,0,0,409
628.02,1547703383,13256.00,51.487424,7.401683,185.18,14.68,0.00,353.71,0,-82,-5,0,0,55,0,0,93
628.02,1547703383,13256.02,51.487424,7.401683,185.18,14.68,0.00,353.71,0,-81,-6,0,0,54,0,0,409
637.02,1547703392,13390.59,51.488661,7.401741,183.67,14.34,0.00,0.14,0,-90,-12,0,0,54,0,0,94
638.02,1547703393,13404.87,51.488790,7.401747,183.30,13.58,0.00,359.87,0,-90,-12,0,0,54,0,0,94
639.02,1547703394,13418.46,51.488900,7.401751,183.02,12.96,0.00,359.84,0,-85,-9,0,0,55,0,0,94
639.02,1547703394,13418.46,51.488900,7.401751,183.02,12.96,0.00,359.84,0,-92,-7,0,0,46,0,0,427
640.02,1547703395,13431.41,51.488992,7.401756,182.28,11.84,0.00,359.85,0,-85,-9,0,0,55,0,0,94
640.02,1547703395,13431.42,51.488992,7.401756,182.28,11.84,0.00,359.85,0,-92,-7,0,0,46,0,0,427
641.02,1547703396,13443.25,51.489105,7.401760,181.60,11.46,0.00,0.34,0,-82,-12,0,0,62,0,0,93
642.02,1547703397,13454.69,51.489200,7.401761,180.71,9.80,0.00,0.62,0,-82,-12,0,0,62,0,0,93
658.02,1547703413,13630.16,51.489394,7.404072,177.04,14.36,0.00,90.86,0,-80,-8,0,0,60,0,0,426
659.02,1547703414,13644.52,51.489391,7.404281,177.42,14.58,0.00,90.87,0,-80,-8,0,0,60,0,0,426
