time_s,timestamp_ms,distance_m,latitude,longitude,altitude,velocity_mps,acceleration_mpss,direction,isRegistered,rsrp_dbm,rsrq_db,rssnr_db,cqi,ss,ta,ci,pci
0.01,1547529868,0.03,51.450156,7.488216,250.29,7.90,0.00,169.14,0,-111,-13,0,0,28,0,0,290
0.01,1547529868,0.04,51.450156,7.488216,250.29,7.90,0.00,169.14,0,-112,-14,0,0,28,0,0,289
1.01,1547529869,7.89,51.450080,7.488242,250.78,8.67,0.00,168.67,0,-111,-13,0,0,28,0,0,290
1.01,1547529869,7.90,51.450080,7.488242,250.78,8.67,0.00,168.67,0,-112,-14,0,0,28,0,0,289
2.00,1547529870,16.54,51.450000,7.488271,251.33,9.48,0.00,169.15,0,-111,-13,0,0,28,0,0,290
2.00,1547529870,16.54,51.450000,7.488271,251.33,9.48,0.00,169.15,0,-112,-14,0,0,28,0,0,289
59.01,1547529927,727.09,51.444607,7.491541,268.02,2.35,0.00,127.89,0,-108,-12,0,0,30,0,0,431
60.01,1547529928,729.44,51.444597,7.491565,268.10,1.32,0.00,127.24,0,-108,-12,0,0,30,0,0,431
61.00,1547529929,730.76,51.444597,7.491565,268.11,0.00,0.00,127.24,0,-107,-16,0,0,34,0,0,431
62.01,1547529930,730.76,51.444597,7.491565,268.12,0.00,0.00,127.24,0,-107,-16,0,0,34,0,0,431
63.01,1547529931,730.76,51.444597,7.491565,268.13,0.00,0.00,127.24,0,-104,-12,0,0,34,0,0,431
64.01,1547529932,730.76,51.444597,7.491565,268.14,0.00,0.00,127.24,0,-104,-12,0,0,34,0,0,431
65.02,1547529934,730.76,51.444597,7.491565,268.15,0.00,0.00,127.24,0,-105,-12,0,0,34,0,0,431
66.01,1547529934,730.76,51.444597,7.491565,268.15,0.00,0.00,127.24,0,-105,-12,0,0,34,0,0,431
67.01,1547529935,730.76,51.444597,7.491565,268.16,0.00,0.00,127.24,0,-105,-12,0,0,34,0,0,431
70.01,1547529938,730.76,51.444597,7.491565,268.18,0.00,0.00,127.24,0,-105,-12,0,0,32,0,0,431
71.01,1547529939,730.76,51.444597,7.491565,268.20,0.00,0.00,127.24,0,-105,-12,0,0,32,0,0,431
72.00,1547529940,730.76,51.444597,7.491565,268.21,0.00,0.00,127.24,0,-104,-11,0,0,32,0,0,431
73.01,1547529941,730.76,51.444597,7.491565,268.22,0.00,0.00,127.24,0,-104,-11,0,0,32,0,0,431
74.01,1547529942,730.76,51.444597,7.491565,268.24,0.00,0.00,127.24,0,-107,-13,0,0,33,0,0,431
75.01,1547529943,730.76,51.444597,7.491565,268.25,0.00,0.00,127.24,0,-107,-13,0,0,33,0,0,431
76.01,1547529944,730.76,51.444597,7.491565,268.40,0.00,0.00,127.24,0,-107,-12,0,0,31,0,0,431
77.01,1547529945,730.76,51.444597,7.491565,269.64,0.00,0.00,126.66,0,-107,-12,0,0,31,0,0,431
78.01,1547529946,730.76,51.444539,7.491655,270.50,0.00,0.00,146.11,0,-106,-14,0,0,34,0,0,431
79.01,1547529947,730.77,51.444496,7.491671,270.86,5.71,0.00,169.21,0,-106,-14,0,0,34,0,0,431
80.00,1547529948,736.48,51.444443,7.491646,271.38,6.97,0.00,198.93,0,-100,-17,0,0,43,0,0,431
81.01,1547529949,743.47,51.444379,7.491586,271.97,8.23,0.00,214.50,0,-100,-17,0,0,43,0,0,431
99.01,1547529967,981.31,51.442621,7.489571,273.51,14.48,0.00,216.52,0,-88,-11,0,0,49,0,0,431
100.01,1547529968,995.84,51.442515,7.489446,274.41,15.08,0.00,216.90,0,-88,-11,0,0,49,0,0,431
103.01,1547529971,1040.41,51.442183,7.489042,276.02,14.97,0.00,217.64,0,-85,-11,0,0,52,0,0,431
104.00,1547529972,1055.34,51.442080,7.488907,275.92,15.00,0.00,218.48,0,-85,-11,0,0,52,0,0,431
105.01,1547529973,1070.39,51.441983,7.488771,275.65,15.18,0.00,220.04,0,-83,-11,0,0,55,0,0,431
106.01,1547529974,1085.57,51.441881,7.488616,275.63,15.58,0.00,222.36,0,-83,-11,0,0,55,0,0,431
107.01,1547529975,1101.27,51.441782,7.488469,275.45,14.82,0.00,223.85,0,-78,-11,0,0,58,0,0,431
108.01,1547529976,1115.99,51.441684,7.488304,275.05,15.44,0.00,225.76,0,-78,-11,0,0,58,0,0,431
109.01,1547529977,1131.43,51.441588,7.488130,275.43,15.24,0.00,227.45,0,-78,-11,0,0,58,0,0,431
124.01,1547529992,1352.03,51.440403,7.485582,280.27,14.79,0.00,231.68,0,-81,-9,0,0,54,0,0,430
125.01,1547529993,1366.80,51.440315,7.485403,280.04,14.75,0.00,232.15,0,-81,-9,0,0,54,0,0,430
126.01,1547529994,1381.55,51.440230,7.485235,279.52,14.77,0.00,232.12,0,-83,-10,0,0,53,0,0,430
127.01,1547529995,1396.32,51.440152,7.485065,278.66,14.57,0.00,232.60,0,-83,-10,0,0,53,0,0,430
128.01,1547529996,1411.00,51.440071,7.484898,278.61,14.65,0.00,232.03,0,-82,-12,0,0,56,0,0,431
129.01,1547529997,1425.55,51.439988,7.484727,278.71,14.57,0.00,232.23,0,-82,-12,0,0,56,0,0,431
130.01,1547529998,1440.13,51.439907,7.484553,278.71,14.42,0.00,232.71,0,-82,-12,0,0,56,0,0,431
131.01,1547529999,1454.60,51.439829,7.484383,279.14,14.26,0.00,232.13,0,-83,-12,0,0,54,0,0,431
132.00,1547530000,1468.74,51.439749,7.484216,279.21,14.41,0.00,230.99,0,-83,-12,0,0,54,0,0,431
154.01,1547530022,1799.09,51.438210,7.480034,275.46,16.12,0.00,239.41,0,-106,-11,0,0,31,0,0,38
155.01,1547530023,1815.23,51.438142,7.479837,275.77,15.14,0.00,239.94,0,-106,-11,0,0,31,0,0,38
156.01,1547530024,1830.35,51.438074,7.479649,276.02,15.11,0.00,240.01,0,-105,-8,0,0,29,0,0,38
157.01,1547530025,1845.47,51.438007,7.479445,276.35,14.99,0.00,239.55,0,-105,-8,0,0,29,0,0,38
158.01,1547530026,1860.46,51.437946,7.479264,277.13,14.99,0.00,238.91,0,-105,-8,0,0,28,0,0,38
159.00,1547530027,1875.38,51.437881,7.479071,277.25,13.91,0.00,240.60,0,-105,-8,0,0,28,0,0,38
160.01,1547530028,1889.39,51.437820,7.478883,277.79,13.39,0.00,241.31,0,-109,-10,0,0,27,0,0,38
160.01,1547530028,1889.39,51.437820,7.478883,277.79,13.39,0.00,241.31,0,-112,-12,0,0,25,0,0,70
161.01,1547530029,1902.78,51.437764,7.478700,278.20,13.96,0.00,242.62,0,-109,-10,0,0,27,0,0,38
161.01,1547530029,1902.78,51.437764,7.478700,278.20,13.96,0.00,242.62,0,-112,-12,0,0,25,0,0,70
162.01,1547530030,1916.74,51.437698,7.478498,278.55,15.09,0.00,242.08,0,-109,-11,0,0,27,0,0,38
162.01,1547530030,1916.74,51.437698,7.478498,278.55,15.09,0.00,242.08,0,-112,-13,0,0,26,0,0,70
163.01,1547530031,1931.81,51.437640,7.478317,278.84,13.86,0.00,242.88,0,-109,-11,0,0,27,0,0,38
163.01,1547530031,1931.83,51.437640,7.478317,278.84,13.86,0.00,242.88,0,-112,-13,0,0,26,0,0,70
164.01,1547530032,1945.69,51.437586,7.478143,279.47,14.56,0.00,242.46,0,-107,-10,0,0,29,0,0,38
164.01,1547530032,1945.69,51.437586,7.478143,279.47,14.56,0.00,242.46,0,-111,-13,0,0,28,0,0,70
165.01,1547530033,1960.25,51.437528,7.477960,279.96,14.40,0.00,243.41,0,-107,-10,0,0,29,0,0,38
165.01,1547530033,1960.26,51.437528,7.477960,279.96,14.40,0.00,243.41,0,-111,-13,0,0,28,0,0,70
166.01,1547530034,1974.66,51.437469,7.477773,279.84,14.53,0.00,242.90,0,-109,-11,0,0,28,0,0,38
166.01,1547530034,1974.67,51.437469,7.477773,279.84,14.53,0.00,242.90,0,-110,-11,0,0,26,0,0,70
166.01,1547530034,1974.69,51.437469,7.477773,279.84,14.53,0.00,242.90,0,-106,-14,0,0,34,0,0,71
166.01,1547530034,1974.70,51.437469,7.477773,279.84,14.53,0.00,242.90,0,-108,-17,0,0,35,0,0,213
166.01,1547530034,1974.70,51.437469,7.477773,279.84,14.53,0.00,242.90,0,-109,-17,0,0,35,0,0,457
167.01,1547530035,1989.19,51.437406,7.477596,279.53,13.86,0.00,241.25,0,-109,-11,0,0,28,0,0,38
167.01,1547530035,1989.20,51.437406,7.477596,279.53,13.86,0.00,241.25,0,-110,-11,0,0,26,0,0,70
167.01,1547530035,1989.22,51.437406,7.477596,279.53,13.86,0.00,241.25,0,-106,-14,0,0,34,0,0,71
167.01,1547530035,1989.22,51.437406,7.477596,279.53,13.86,0.00,241.25,0,-108,-17,0,0,35,0,0,213
167.01,1547530035,1989.23,51.437406,7.477596,279.53,13.86,0.00,241.25,0,-109,-17,0,0,35,0,0,457
168.02,1547530037,2003.13,51.437344,7.477420,279.43,14.18,0.00,239.99,0,-112,-10,0,0,23,0,0,38
168.02,1547530037,2003.14,51.437344,7.477420,279.43,14.18,0.00,239.99,0,-112,-10,0,0,23,0,0,70
168.02,1547530037,2003.14,51.437344,7.477420,279.43,14.18,0.00,239.99,0,-105,-14,0,0,35,0,0,457
168.02,1547530037,2003.16,51.437344,7.477420,279.43,14.18,0.00,239.99,0,-107,-15,0,0,34,0,0,213
168.02,1547530037,2003.16,51.437344,7.477420,279.43,14.18,0.00,239.99,0,-108,-16,0,0,34,0,0,408
169.01,1547530037,2017.21,51.437285,7.477244,279.70,13.93,0.00,240.70,0,-112,-10,0,0,23,0,0,38
169.01,1547530037,2017.21,51.437285,7.477244,279.70,13.93,0.00,240.70,0,-112,-10,0,0,23,0,0,70
169.01,1547530037,2017.22,51.437285,7.477244,279.70,13.93,0.00,240.70,0,-105,-14,0,0,35,0,0,457
169.01,1547530037,2017.24,51.437285,7.477244,279.70,13.93,0.00,240.70,0,-107,-15,0,0,34,0,0,213
169.01,1547530037,2017.25,51.437285,7.477244,279.70,13.93,0.00,240.70,0,-108,-16,0,0,34,0,0,408
170.02,1547530039,2031.27,51.437228,7.477055,279.85,13.56,0.00,243.81,0,-111,-11,0,0,26,0,0,70
170.02,1547530039,2031.29,51.437228,7.477055,279.85,13.56,0.00,243.81,0,-113,-13,0,0,26,0,0,38
170.02,1547530039,2031.29,51.437228,7.477055,279.85,13.56,0.00,243.81,0,-100,-10,0,0,36,0,0,457
170.02,1547530039,2031.30,51.437228,7.477055,279.85,13.56,0.00,243.81,0,-105,-14,0,0,35,0,0,456
170.02,1547530039,2031.32,51.437228,7.477055,279.85,13.56,0.00,243.81,0,-107,-16,0,0,35,0,0,213
171.01,1547530039,2044.70,51.437182,7.476868,280.11,13.16,0.00,247.28,0,-111,-11,0,0,26,0,0,70
171.01,1547530039,2044.72,51.437182,7.476868,280.11,13.16,0.00,247.28,0,-113,-13,0,0,26,0,0,38
171.01,1547530039,2044.73,51.437182,7.476868,280.11,13.16,0.00,247.28,0,-100,-10,0,0,36,0,0,457
171.01,1547530039,2044.73,51.437182,7.476868,280.11,13.16,0.00,247.28,0,-105,-14,0,0,35,0,0,456
171.01,1547530039,2044.74,51.437182,7.476868,280.11,13.16,0.00,247.28,0,-107,-16,0,0,35,0,0,213
172.01,1547530040,2057.87,51.437171,7.476680,280.66,12.15,0.00,264.14,0,-111,-11,0,0,26,0,0,70
172.01,1547530040,2057.87,51.437171,7.476680,280.66,12.15,0.00,264.14,0,-113,-13,0,0,26,0,0,38
172.01,1547530040,2057.88,51.437171,7.476680,280.66,12.15,0.00,264.14,0,-100,-10,0,0,36,0,0,457
172.01,1547530040,2057.89,51.437171,7.476680,280.66,12.15,0.00,264.14,0,-105,-14,0,0,35,0,0,456
172.01,1547530040,2057.89,51.437171,7.476680,280.66,12.15,0.00,264.14,0,-107,-16,0,0,35,0,0,213
173.01,1547530041,2070.02,51.437167,7.476489,281.11,11.04,0.00,267.11,0,-114,-11,0,0,23,0,0,70
173.01,1547530041,2070.03,51.437167,7.476489,281.11,11.04,0.00,267.11,0,-106,-12,0,0,33,0,0,391
173.01,1547530041,2070.03,51.437167,7.476489,281.11,11.04,0.00,267.11,0,-110,-16,0,0,33,0,0,213
174.01,1547530042,2081.04,51.437201,7.476328,281.63,9.46,0.00,291.52,0,-114,-11,0,0,23,0,0,70
174.01,1547530042,2081.05,51.437201,7.476328,281.63,9.46,0.00,291.52,0,-106,-12,0,0,33,0,0,391
174.01,1547530042,2081.06,51.437201,7.476328,281.63,9.46,0.00,291.52,0,-110,-16,0,0,33,0,0,213
219.00,1547530087,2988.92,51.442935,7.484955,271.38,21.84,0.00,23.73,0,-75,-7,0,0,61,0,0,429
220.01,1547530088,3010.85,51.443121,7.485085,272.38,21.53,0.00,23.65,0,-75,-7,0,0,61,0,0,429
221.01,1547530089,3032.41,51.443302,7.485210,273.30,21.27,0.00,23.56,0,-79,-7,0,0,56,0,0,429
222.00,1547530090,3053.59,51.443482,7.485330,274.03,21.10,0.00,23.19,0,-79,-7,0,0,56,0,0,429
256.01,1547530124,3648.97,51.443700,7.483167,262.05,23.62,0.00,267.82,0,-79,-9,0,0,55,0,0,430
257.01,1547530125,3672.38,51.443694,7.482821,261.83,23.51,0.00,267.34,0,-79,-9,0,0,55,0,0,430
258.01,1547530126,3695.92,51.443688,7.482482,261.52,23.20,0.00,266.92,0,-79,-9,0,0,55,0,0,430
259.01,1547530127,3719.12,51.443677,7.482142,261.34,23.38,0.00,266.83,0,-83,-6,0,0,49,0,0,430
260.01,1547530128,3742.53,51.443665,7.481802,261.12,23.36,0.00,266.44,0,-83,-6,0,0,49,0,0,430
261.00,1547530129,3765.77,51.443652,7.481468,260.85,23.41,0.00,265.94,0,-94,-12,0,0,46,0,0,429
262.00,1547530130,3789.20,51.443640,7.481141,260.50,23.52,0.00,265.93,0,-94,-12,0,0,46,0,0,429
282.01,1547530150,4302.80,51.442969,7.473775,254.32,29.37,0.00,256.85,0,-101,-9,0,0,34,0,0,397
282.01,1547530150,4302.83,51.442969,7.473775,254.32,29.37,0.00,256.85,0,-107,-14,0,0,32,0,0,72
283.01,1547530151,4332.23,51.442907,7.473355,253.44,30.30,0.00,257.57,0,-101,-9,0,0,34,0,0,397
283.01,1547530151,4332.23,51.442907,7.473355,253.44,30.30,0.00,257.57,0,-107,-14,0,0,32,0,0,72
284.01,1547530152,4362.47,51.442847,7.472919,252.34,31.12,0.00,258.04,0,-108,-12,0,0,30,0,0,430
285.01,1547530153,4393.56,51.442788,7.472474,251.17,31.83,0.00,258.86,0,-108,-12,0,0,30,0,0,430
286.01,1547530154,4425.39,51.442731,7.472027,250.23,32.57,0.00,258.81,0,-111,-11,0,0,26,0,0,430
286.01,1547530154,4425.43,51.442731,7.472027,250.23,32.57,0.00,258.81,0,-111,-8,0,0,24,0,0,72
287.01,1547530155,4457.99,51.442672,7.471564,249.28,33.28,0.00,258.58,0,-111,-11,0,0,26,0,0,430
287.01,1547530155,4458.03,51.442672,7.471564,249.28,33.28,0.00,258.58,0,-111,-8,0,0,24,0,0,72
288.01,1547530156,4491.27,51.442612,7.471093,248.27,33.74,0.00,258.33,0,-110,-9,0,0,25,0,0,430
288.01,1547530156,4491.31,51.442612,7.471093,248.27,33.74,0.00,258.33,0,-114,-10,0,0,21,0,0,72
289.01,1547530157,4525.01,51.442551,7.470611,247.32,34.02,0.00,258.37,0,-110,-9,0,0,25,0,0,430
289.01,1547530157,4525.04,51.442551,7.470611,247.32,34.02,0.00,258.37,0,-114,-10,0,0,21,0,0,72
290.01,1547530158,4559.03,51.442489,7.470127,246.35,34.24,0.00,258.12,0,-110,-10,0,0,25,0,0,430
290.01,1547530158,4559.07,51.442489,7.470127,246.35,34.24,0.00,258.12,0,-113,-11,0,0,24,0,0,72
291.01,1547530159,4593.27,51.442428,7.469642,245.38,34.44,0.00,257.88,0,-110,-10,0,0,25,0,0,430
291.01,1547530159,4593.27,51.442428,7.469642,245.38,34.44,0.00,257.88,0,-113,-11,0,0,24,0,0,72
292.01,1547530160,4627.68,51.442363,7.469148,244.41,34.95,0.00,257.79,0,-108,-9,0,0,27,0,0,430
292.01,1547530160,4627.71,51.442363,7.469148,244.41,34.95,0.00,257.79,0,-110,-11,0,0,26,0,0,72
292.01,1547530160,4627.75,51.442363,7.469148,244.41,34.95,0.00,257.79,0,-113,-13,0,0,26,0,0,397
293.01,1547530161,4662.70,51.442300,7.468656,243.44,35.10,0.00,257.83,0,-108,-9,0,0,27,0,0,430
293.01,1547530161,4662.74,51.442300,7.468656,243.44,35.10,0.00,257.83,0,-110,-11,0,0,26,0,0,72
293.01,1547530161,4662.74,51.442300,7.468656,243.44,35.10,0.00,257.83,0,-113,-13,0,0,26,0,0,397
301.01,1547530169,4944.32,51.441866,7.464693,236.93,35.75,0.00,261.35,0,-103,-15,0,0,37,0,0,229
301.01,1547530169,4944.32,51.441866,7.464693,236.93,35.75,0.00,261.35,0,-105,-16,0,0,37,0,0,51
301.01,1547530169,4944.35,51.441866,7.464693,236.93,35.75,0.00,261.35,0,-105,-9,0,0,29,0,0,72
301.01,1547530169,4944.39,51.441866,7.464693,236.93,35.75,0.00,261.35,0,-106,-10,0,0,29,0,0,118
301.01,1547530169,4944.42,51.441866,7.464693,236.93,35.75,0.00,261.35,0,-111,-12,0,0,27,0,0,430
302.01,1547530170,4980.03,51.441818,7.464177,236.21,36.18,0.00,261.64,0,-103,-15,0,0,37,0,0,229
302.01,1547530170,4980.07,51.441818,7.464177,236.21,36.18,0.00,261.64,0,-105,-16,0,0,37,0,0,51
302.01,1547530170,4980.10,51.441818,7.464177,236.21,36.18,0.00,261.64,0,-105,-9,0,0,29,0,0,72
302.01,1547530170,4980.10,51.441818,7.464177,236.21,36.18,0.00,261.64,0,-106,-10,0,0,29,0,0,118
302.01,1547530170,4980.14,51.441818,7.464177,236.21,36.18,0.00,261.64,0,-111,-12,0,0,27,0,0,430
303.01,1547530171,5016.21,51.441779,7.463663,235.76,36.17,0.00,262.21,0,-106,-9,0,0,30,0,0,72
303.01,1547530171,5016.25,51.441779,7.463663,235.76,36.17,0.00,262.21,0,-107,-9,0,0,30,0,0,118
303.01,1547530171,5016.25,51.441779,7.463663,235.76,36.17,0.00,262.21,0,-111,-13,0,0,29,0,0,430
304.01,1547530172,5052.31,51.441741,7.463148,235.37,36.35,0.00,263.12,0,-106,-9,0,0,30,0,0,72
304.01,1547530172,5052.31,51.441741,7.463148,235.37,36.35,0.00,263.12,0,-107,-9,0,0,30,0,0,118
304.01,1547530172,5052.35,51.441741,7.463148,235.37,36.35,0.00,263.12,0,-111,-13,0,0,29,0,0,430
309.01,1547530177,5232.20,51.441622,7.460594,233.44,35.65,0.00,266.21,0,-95,-12,0,0,43,0,0,449
309.01,1547530177,5232.24,51.441622,7.460594,233.44,35.65,0.00,266.21,0,-97,-15,0,0,46,0,0,229
309.01,1547530177,5232.24,51.441622,7.460594,233.44,35.65,0.00,266.21,0,0,0,0,0,63,0,0,427
310.01,1547530178,5267.89,51.441609,7.460085,233.23,35.35,0.00,267.11,0,-95,-12,0,0,43,0,0,449
310.01,1547530178,5267.92,51.441609,7.460085,233.23,35.35,0.00,267.11,0,-97,-15,0,0,46,0,0,229
310.01,1547530178,5267.96,51.441609,7.460085,233.23,35.35,0.00,267.11,0,0,0,0,0,63,0,0,427
311.00,1547530179,5303.10,51.441595,7.459578,233.07,35.21,0.00,267.55,0,-100,-8,0,0,35,0,0,72
311.01,1547530179,5303.14,51.441595,7.459578,233.07,35.21,0.00,267.55,0,-105,-14,0,0,35,0,0,73
312.01,1547530180,5338.38,51.441582,7.459072,232.97,35.09,0.00,267.95,0,-100,-8,0,0,35,0,0,72
312.01,1547530180,5338.42,51.441582,7.459072,232.97,35.09,0.00,267.95,0,-105,-14,0,0,35,0,0,73
313.01,1547530181,5373.55,51.441575,7.458567,232.87,35.15,0.00,268.53,0,-91,-13,0,0,48,0,0,54
313.01,1547530181,5373.58,51.441575,7.458567,232.87,35.15,0.00,268.53,0,-82,-7,0,0,50,0,0,72
314.01,1547530182,5408.70,51.441566,7.458054,232.85,35.13,0.00,269.09,0,-91,-13,0,0,48,0,0,54
314.01,1547530182,5408.74,51.441566,7.458054,232.85,35.13,0.00,269.09,0,-82,-7,0,0,50,0,0,72
315.01,1547530183,5443.80,51.441567,7.457544,232.81,35.60,0.00,270.02,0,-86,-14,0,0,59,0,0,54
315.01,1547530183,5443.84,51.441567,7.457544,232.81,35.60,0.00,270.02,0,-80,-6,0,0,53,0,0,72
316.00,1547530184,5479.30,51.441566,7.457027,232.73,36.12,0.00,269.82,0,-86,-14,0,0,59,0,0,54
316.00,1547530184,5479.30,51.441566,7.457027,232.73,36.12,0.00,269.82,0,-80,-6,0,0,53,0,0,72
319.00,1547530187,5586.83,51.441576,7.455489,232.80,35.25,0.00,271.28,0,-91,-8,0,0,46,0,0,449
320.00,1547530188,5622.01,51.441584,7.454977,232.88,35.20,0.00,271.61,0,-91,-8,0,0,46,0,0,449
321.02,1547530190,5657.67,51.441600,7.454468,232.89,35.19,0.00,273.03,0,-87,-20,0,0,58,0,0,449
322.00,1547530190,5692.47,51.441618,7.453962,232.88,35.21,0.00,273.74,0,-87,-20,0,0,58,0,0,449
323.00,1547530191,5727.68,51.441644,7.453451,232.92,35.59,0.00,274.65,0,-87,-20,0,0,58,0,0,449
347.01,1547530215,6602.40,51.443119,7.441167,223.23,34.39,0.00,287.25,0,-72,-8,0,0,61,0,0,56
347.01,1547530215,6602.44,51.443119,7.441167,223.23,34.39,0.00,287.25,0,-83,-8,0,0,53,0,0,74
348.01,1547530216,6636.83,51.443214,7.440699,222.75,34.30,0.00,287.98,0,-72,-8,0,0,61,0,0,56
348.01,1547530216,6636.86,51.443214,7.440699,222.75,34.30,0.00,287.98,0,-83,-8,0,0,53,0,0,74
372.01,1547530240,7509.56,51.446772,7.429566,207.00,39.56,0.00,312.31,0,-84,-18,0,0,62,0,0,70
373.01,1547530241,7549.12,51.447011,7.429150,204.94,40.29,0.00,313.80,0,-84,-18,0,0,62,0,0,70
376.01,1547530244,7669.65,51.447780,7.427952,199.60,39.59,0.00,318.84,0,-98,-8,0,0,35,0,0,70
376.01,1547530244,7669.69,51.447780,7.427952,199.60,39.59,0.00,318.84,0,-107,-11,0,0,29,0,0,312
377.01,1547530245,7709.28,51.448043,7.427584,197.62,39.75,0.00,319.53,0,-98,-8,0,0,35,0,0,70
377.01,1547530245,7709.32,51.448043,7.427584,197.62,39.75,0.00,319.53,0,-107,-11,0,0,29,0,0,312
378.01,1547530246,7749.03,51.448313,7.427222,195.64,39.86,0.00,320.14,0,-104,-7,0,0,31,0,0,312
378.01,1547530246,7749.07,51.448313,7.427222,195.64,39.86,0.00,320.14,0,-110,-10,0,0,29,0,0,74
379.01,1547530247,7788.94,51.448596,7.426873,193.74,39.63,0.00,322.63,0,-104,-7,0,0,31,0,0,312
379.01,1547530247,7788.94,51.448596,7.426873,193.74,39.63,0.00,322.63,0,-110,-10,0,0,29,0,0,74
380.01,1547530248,7828.52,51.448886,7.426537,192.23,39.34,0.00,324.41,0,-106,-7,0,0,29,0,0,74
380.01,1547530248,7828.56,51.448886,7.426537,192.23,39.34,0.00,324.41,0,-107,-9,0,0,29,0,0,312
381.02,1547530250,7868.22,51.449172,7.426210,190.45,39.29,0.00,325.21,0,-106,-7,0,0,29,0,0,74
381.02,1547530250,7868.22,51.449172,7.426210,190.45,39.29,0.00,325.21,0,-107,-9,0,0,29,0,0,312
382.00,1547530250,7906.95,51.449461,7.425907,188.55,38.92,0.00,326.65,0,-110,-16,0,0,31,0,0,74
382.00,1547530250,7906.99,51.449461,7.425907,188.55,38.92,0.00,326.65,0,-112,-16,0,0,31,0,0,312
383.01,1547530251,7946.03,51.449753,7.425625,186.50,38.72,0.00,328.57,0,-110,-16,0,0,31,0,0,74
383.01,1547530251,7946.07,51.449753,7.425625,186.50,38.72,0.00,328.57,0,-112,-16,0,0,31,0,0,312
384.01,1547530252,7984.78,51.450046,7.425357,184.34,38.55,0.00,329.97,0,-109,-16,0,0,33,0,0,27
384.01,1547530252,7984.82,51.450046,7.425357,184.34,38.55,0.00,329.97,0,-110,-17,0,0,32,0,0,39
385.01,1547530253,8023.29,51.450345,7.425110,182.25,38.03,0.00,332.14,0,-109,-16,0,0,33,0,0,27
385.01,1547530253,8023.33,51.450345,7.425110,182.25,38.03,0.00,332.14,0,-110,-17,0,0,32,0,0,39
386.01,1547530254,8061.32,51.450653,7.424868,180.46,37.59,0.00,333.74,0,-98,-14,0,0,42,0,0,51
386.01,1547530254,8061.36,51.450653,7.424868,180.46,37.59,0.00,333.74,0,-104,-11,0,0,32,0,0,27
387.01,1547530255,8098.91,51.450961,7.424649,179.11,37.53,0.00,335.58,0,-98,-14,0,0,42,0,0,51
387.01,1547530255,8098.94,51.450961,7.424649,179.11,37.53,0.00,335.58,0,-104,-11,0,0,32,0,0,27
388.02,1547530257,8136.85,51.451267,7.424445,177.56,37.41,0.00,337.41,0,-92,-10,0,0,44,0,0,230
388.02,1547530257,8136.89,51.451267,7.424445,177.56,37.41,0.00,337.41,0,-94,-11,0,0,43,0,0,376
388.02,1547530257,8136.92,51.451267,7.424445,177.56,37.41,0.00,337.41,0,-95,-12,0,0,44,0,0,386
388.02,1547530257,8136.96,51.451267,7.424445,177.56,37.41,0.00,337.41,0,-95,-11,0,0,38,0,0,27
388.02,1547530257,8136.96,51.451267,7.424445,177.56,37.41,0.00,337.41,0,-102,-13,0,0,38,0,0,377
389.01,1547530257,8173.96,51.451577,7.424254,176.36,36.93,0.00,338.49,0,-92,-10,0,0,44,0,0,230
389.01,1547530257,8174.00,51.451577,7.424254,176.36,36.93,0.00,338.49,0,-94,-11,0,0,43,0,0,376
389.01,1547530257,8174.04,51.451577,7.424254,176.36,36.93,0.00,338.49,0,-95,-12,0,0,44,0,0,386
389.01,1547530257,8174.07,51.451577,7.424254,176.36,36.93,0.00,338.49,0,-95,-11,0,0,38,0,0,27
389.01,1547530257,8174.11,51.451577,7.424254,176.36,36.93,0.00,338.49,0,-102,-13,0,0,38,0,0,377
390.01,1547530258,8210.96,51.451885,7.424060,174.99,36.46,0.00,339.44,0,-92,-10,0,0,44,0,0,230
390.01,1547530258,8211.00,51.451885,7.424060,174.99,36.46,0.00,339.44,0,-94,-11,0,0,43,0,0,376
390.01,1547530258,8211.03,51.451885,7.424060,174.99,36.46,0.00,339.44,0,-95,-12,0,0,44,0,0,386
390.01,1547530259,8211.03,51.451885,7.424060,174.99,36.46,0.00,339.44,0,-95,-11,0,0,38,0,0,27
390.02,1547530259,8211.07,51.451885,7.424060,174.99,36.46,0.00,339.44,0,-102,-13,0,0,38,0,0,377
391.01,1547530259,8247.16,51.452190,7.423888,173.74,35.84,0.00,340.74,0,-98,-10,0,0,39,0,0,27
391.01,1547530259,8247.16,51.452190,7.423888,173.74,35.84,0.00,340.74,0,-100,-12,0,0,39,0,0,377
392.01,1547530260,8283.10,51.452487,7.423724,172.44,35.26,0.00,341.63,0,-98,-10,0,0,39,0,0,27
392.01,1547530260,8283.14,51.452487,7.423724,172.44,35.26,0.00,341.63,0,-100,-12,0,0,39,0,0,377
397.01,1547530265,8452.89,51.453902,7.423058,163.44,32.23,0.00,343.78,0,-79,-5,0,0,52,0,0,70
397.01,1547530265,8452.93,51.453902,7.423058,163.44,32.23,0.00,343.78,0,-89,-6,0,0,44,0,0,40
398.01,1547530266,8485.09,51.454179,7.422937,161.99,32.13,0.00,343.87,0,-79,-5,0,0,52,0,0,70
398.01,1547530266,8485.12,51.454179,7.422937,161.99,32.13,0.00,343.87,0,-89,-6,0,0,44,0,0,40
399.01,1547530267,8517.22,51.454460,7.422816,160.77,31.94,0.00,343.83,0,-76,-5,0,0,56,0,0,70
399.01,1547530267,8517.25,51.454460,7.422816,160.77,31.94,0.00,343.83,0,-86,-7,0,0,49,0,0,40
400.01,1547530268,8549.25,51.454732,7.422694,159.65,31.51,0.00,343.59,0,-76,-5,0,0,56,0,0,70
400.01,1547530268,8549.28,51.454732,7.422694,159.65,31.51,0.00,343.59,0,-86,-7,0,0,49,0,0,40
401.01,1547530269,8580.70,51.455003,7.422571,158.61,31.54,0.00,343.23,0,-77,-12,0,0,63,0,0,230
401.01,1547530269,8580.73,51.455003,7.422571,158.61,31.54,0.00,343.23,0,-82,-6,0,0,52,0,0,119
402.00,1547530270,8612.11,51.455272,7.422443,157.68,31.74,0.00,342.78,0,-77,-12,0,0,63,0,0,230
402.00,1547530270,8612.11,51.455272,7.422443,157.68,31.74,0.00,342.78,0,-82,-6,0,0,52,0,0,119
403.01,1547530271,8643.92,51.455541,7.422304,156.85,31.84,0.00,342.13,0,-78,-10,0,0,59,0,0,230
403.01,1547530271,8643.92,51.455541,7.422304,156.85,31.84,0.00,342.13,0,-78,-6,0,0,54,0,0,119
404.01,1547530272,8675.86,51.455812,7.422164,156.11,32.02,0.00,341.34,0,-78,-10,0,0,59,0,0,230
404.01,1547530272,8675.86,51.455812,7.422164,156.11,32.02,0.00,341.34,0,-78,-6,0,0,54,0,0,119
405.01,1547530273,8707.81,51.456086,7.422012,155.46,32.20,0.00,340.42,0,-76,-18,0,0,63,0,0,230
405.01,1547530273,8707.84,51.456086,7.422012,155.46,32.20,0.00,340.42,0,-82,-7,0,0,53,0,0,119
406.01,1547530274,8740.08,51.456361,7.421858,154.87,32.29,0.00,339.69,0,-76,-18,0,0,63,0,0,230
406.01,1547530274,8740.11,51.456361,7.421858,154.87,32.29,0.00,339.69,0,-82,-7,0,0,53,0,0,119
407.01,1547530275,8772.27,51.456638,7.421687,154.27,32.12,0.00,338.85,0,-89,-8,0,0,46,0,0,119
408.01,1547530276,8804.42,51.456913,7.421511,153.82,31.68,0.00,337.77,0,-89,-8,0,0,46,0,0,119
409.02,1547530278,8836.39,51.457179,7.421332,153.39,31.78,0.00,336.74,0,-88,-11,0,0,48,0,0,376
409.02,1547530278,8836.42,51.457179,7.421332,153.39,31.78,0.00,336.74,0,-90,-7,0,0,44,0,0,119
409.02,1547530278,8836.42,51.457179,7.421332,153.39,31.78,0.00,336.74,0,-93,-12,0,0,44,0,0,377
410.01,1547530278,8867.94,51.457445,7.421152,152.90,31.86,0.00,335.98,0,-88,-11,0,0,48,0,0,376
410.01,1547530278,8867.94,51.457445,7.421152,152.90,31.86,0.00,335.98,0,-90,-7,0,0,44,0,0,119
410.01,1547530278,8867.97,51.457445,7.421152,152.90,31.86,0.00,335.98,0,-93,-12,0,0,44,0,0,377
411.01,1547530279,8899.86,51.457705,7.420964,152.33,31.84,0.00,335.33,0,-88,-11,0,0,48,0,0,376
411.01,1547530279,8899.90,51.457705,7.420964,152.33,31.84,0.00,335.33,0,-90,-7,0,0,44,0,0,119
411.01,1547530279,8899.93,51.457705,7.420964,152.33,31.84,0.00,335.33,0,-93,-12,0,0,44,0,0,377
412.00,1547530280,8931.52,51.457972,7.420770,152.02,32.57,0.00,334.37,0,-85,-8,0,0,53,0,0,230
412.01,1547530280,8931.55,51.457972,7.420770,152.02,32.57,0.00,334.37,0,-85,-11,0,0,53,0,0,69
412.01,1547530280,8931.55,51.457972,7.420770,152.02,32.57,0.00,334.37,0,-88,-7,0,0,46,0,0,119
413.00,1547530281,8964.09,51.458239,7.420559,151.85,32.95,0.00,333.29,0,-85,-8,0,0,53,0,0,230
413.00,1547530281,8964.09,51.458239,7.420559,151.85,32.95,0.00,333.29,0,-85,-11,0,0,53,0,0,69
413.01,1547530281,8964.12,51.458239,7.420559,151.85,32.95,0.00,333.29,0,-88,-7,0,0,46,0,0,119
414.01,1547530282,8997.20,51.458502,7.420347,151.68,33.21,0.00,332.51,0,-82,-9,0,0,53,0,0,230
414.01,1547530282,8997.24,51.458502,7.420347,151.68,33.21,0.00,332.51,0,-83,-11,0,0,54,0,0,69
414.01,1547530282,8997.24,51.458502,7.420347,151.68,33.21,0.00,332.51,0,-88,-16,0,0,55,0,0,386
414.01,1547530282,8997.27,51.458502,7.420347,151.68,33.21,0.00,332.51,0,-90,-7,0,0,44,0,0,119
414.01,1547530282,8997.30,51.458502,7.420347,151.68,33.21,0.00,332.51,0,-95,-13,0,0,43,0,0,39
415.01,1547530283,9030.41,51.458766,7.420119,151.62,33.61,0.00,331.45,0,-82,-9,0,0,53,0,0,230
415.01,1547530283,9030.41,51.458766,7.420119,151.62,33.61,0.00,331.45,0,-83,-11,0,0,54,0,0,69
415.01,1547530283,9030.44,51.458766,7.420119,151.62,33.61,0.00,331.45,0,-88,-16,0,0,55,0,0,386
415.01,1547530283,9030.48,51.458766,7.420119,151.62,33.61,0.00,331.45,0,-90,-7,0,0,44,0,0,119
415.01,1547530283,9030.48,51.458766,7.420119,151.62,33.61,0.00,331.45,0,-95,-13,0,0,43,0,0,39
416.01,1547530284,9064.02,51.459033,7.419886,151.57,33.97,0.00,330.66,0,-84,-8,0,0,49,0,0,230
416.01,1547530284,9064.05,51.459033,7.419886,151.57,33.97,0.00,330.66,0,-87,-9,0,0,48,0,0,69
416.01,1547530284,9064.09,51.459033,7.419886,151.57,33.97,0.00,330.66,0,-87,-10,0,0,49,0,0,386
416.01,1547530284,9064.09,51.459033,7.419886,151.57,33.97,0.00,330.66,0,-89,-7,0,0,45,0,0,119
416.01,1547530284,9064.12,51.459033,7.419886,151.57,33.97,0.00,330.66,0,-93,-10,0,0,44,0,0,39
417.01,1547530285,9097.96,51.459297,7.419637,151.52,34.36,0.00,329.68,0,-84,-8,0,0,49,0,0,230
417.01,1547530285,9097.99,51.459297,7.419637,151.52,34.36,0.00,329.68,0,-87,-9,0,0,48,0,0,69
417.01,1547530285,9098.03,51.459297,7.419637,151.52,34.36,0.00,329.68,0,-87,-10,0,0,49,0,0,386
417.01,1547530285,9098.06,51.459297,7.419637,151.52,34.36,0.00,329.68,0,-89,-7,0,0,45,0,0,119
417.01,1547530285,9098.06,51.459297,7.419637,151.52,34.36,0.00,329.68,0,-93,-10,0,0,44,0,0,39
418.01,1547530286,9132.25,51.459562,7.419375,151.37,34.73,0.00,328.35,0,-83,-11,0,0,54,0,0,230
419.01,1547530287,9166.95,51.459832,7.419112,151.04,35.05,0.00,327.37,0,-83,-11,0,0,54,0,0,230
420.01,1547530288,9202.00,51.460098,7.418829,150.81,35.27,0.00,326.16,0,-81,-6,0,0,53,0,0,119
421.01,1547530289,9237.30,51.460363,7.418539,150.69,35.55,0.00,325.13,0,-81,-6,0,0,53,0,0,119
422.00,1547530290,9272.75,51.460627,7.418238,150.58,35.84,0.00,324.01,0,-82,-7,0,0,51,0,0,230
422.00,1547530290,9272.78,51.460627,7.418238,150.58,35.84,0.00,324.01,0,-84,-6,0,0,49,0,0,119
423.01,1547530291,9308.94,51.460890,7.417936,150.52,35.95,0.00,323.39,0,-82,-7,0,0,51,0,0,230
423.01,1547530291,9308.98,51.460890,7.417936,150.52,35.95,0.00,323.39,0,-84,-6,0,0,49,0,0,119
433.00,1547530301,9666.85,51.463291,7.414521,149.15,35.53,0.00,313.33,0,-92,-12,0,0,47,0,0,93
434.01,1547530302,9702.49,51.463507,7.414145,148.81,35.54,0.00,312.31,0,-92,-12,0,0,47,0,0,93
435.01,1547530303,9738.03,51.463712,7.413784,148.96,35.65,0.00,311.51,0,-91,-7,0,0,43,0,0,119
435.01,1547530303,9738.07,51.463712,7.413784,148.96,35.65,0.00,311.51,0,-94,-13,0,0,42,0,0,93
436.01,1547530304,9773.64,51.463928,7.413387,148.94,35.86,0.00,310.86,0,-91,-7,0,0,43,0,0,119
436.01,1547530304,9773.68,51.463928,7.413387,148.94,35.86,0.00,310.86,0,-94,-13,0,0,42,0,0,93
439.01,1547530307,9881.85,51.464557,7.412182,148.56,36.55,0.00,308.84,0,-94,-12,0,0,43,0,0,431
439.01,1547530307,9881.85,51.464557,7.412182,148.56,36.55,0.00,308.84,0,-96,-11,0,0,41,0,0,57
439.01,1547530307,9881.89,51.464557,7.412182,148.56,36.55,0.00,308.84,0,-95,-8,0,0,39,0,0,93
440.01,1547530308,9918.40,51.464763,7.411771,148.51,36.84,0.00,308.51,0,-94,-12,0,0,43,0,0,431
440.01,1547530308,9918.44,51.464763,7.411771,148.51,36.84,0.00,308.51,0,-96,-11,0,0,41,0,0,57
440.01,1547530308,9918.48,51.464763,7.411771,148.51,36.84,0.00,308.51,0,-95,-8,0,0,39,0,0,93
441.01,1547530309,9955.17,51.464972,7.411355,148.52,37.09,0.00,308.56,0,-94,-8,0,0,39,0,0,119
442.01,1547530310,9992.26,51.465180,7.410932,148.52,37.43,0.00,308.40,0,-94,-8,0,0,39,0,0,119
443.01,1547530311,10029.81,51.465388,7.410507,148.54,37.72,0.00,308.31,0,-95,-12,0,0,44,0,0,132
443.01,1547530311,10029.85,51.465388,7.410507,148.54,37.72,0.00,308.31,0,-98,-13,0,0,41,0,0,57
443.01,1547530311,10029.85,51.465388,7.410507,148.54,37.72,0.00,308.31,0,-98,-16,0,0,44,0,0,386
443.01,1547530311,10029.88,51.465388,7.410507,148.54,37.72,0.00,308.31,0,-104,-10,0,0,33,0,0,93
443.01,1547530311,10029.92,51.465388,7.410507,148.54,37.72,0.00,308.31,0,-108,-14,0,0,32,0,0,119
444.01,1547530312,10067.57,51.465593,7.410083,148.72,37.48,0.00,307.98,0,-95,-12,0,0,44,0,0,132
444.01,1547530312,10067.61,51.465593,7.410083,148.72,37.48,0.00,307.98,0,-98,-13,0,0,41,0,0,57
444.01,1547530312,10067.64,51.465593,7.410083,148.72,37.48,0.00,307.98,0,-98,-16,0,0,44,0,0,386
444.01,1547530312,10067.64,51.465593,7.410083,148.72,37.48,0.00,307.98,0,-104,-10,0,0,33,0,0,93
444.01,1547530312,10067.68,51.465593,7.410083,148.72,37.48,0.00,307.98,0,-108,-14,0,0,32,0,0,119
445.01,1547530313,10105.05,51.465791,7.409672,149.05,36.56,0.00,307.98,0,-104,-11,0,0,32,0,0,93
445.01,1547530313,10105.09,51.465791,7.409672,149.05,36.56,0.00,307.98,0,-105,-9,0,0,31,0,0,377
445.01,1547530313,10105.09,51.465791,7.409672,149.05,36.56,0.00,307.98,0,-106,-13,0,0,32,0,0,119
446.01,1547530314,10141.61,51.465989,7.409266,149.33,35.87,0.00,307.99,0,-104,-11,0,0,32,0,0,93
446.01,1547530314,10141.64,51.465989,7.409266,149.33,35.87,0.00,307.99,0,-105,-9,0,0,31,0,0,377
446.01,1547530314,10141.68,51.465989,7.409266,149.33,35.87,0.00,307.99,0,-106,-13,0,0,32,0,0,119
447.01,1547530315,10177.44,51.466184,7.408868,149.58,35.08,0.00,308.38,0,-102,-12,0,0,38,0,0,266
447.01,1547530315,10177.47,51.466184,7.408868,149.58,35.08,0.00,308.38,0,-105,-15,0,0,38,0,0,377
448.01,1547530316,10212.48,51.466378,7.408474,149.70,34.73,0.00,308.22,0,-102,-12,0,0,38,0,0,266
448.01,1547530316,10212.52,51.466378,7.408474,149.70,34.73,0.00,308.22,0,-105,-15,0,0,38,0,0,377
449.01,1547530317,10247.35,51.466572,7.408080,149.74,34.51,0.00,308.57,0,-97,-16,0,0,45,0,0,431
449.01,1547530317,10247.38,51.466572,7.408080,149.74,34.51,0.00,308.57,0,-97,-17,0,0,46,0,0,57
449.01,1547530317,10247.42,51.466572,7.408080,149.74,34.51,0.00,308.57,0,-97,-16,0,0,44,0,0,376
449.02,1547530318,10247.45,51.466572,7.408080,149.74,34.51,0.00,308.57,0,-99,-11,0,0,38,0,0,93
449.02,1547530318,10247.49,51.466572,7.408080,149.74,34.51,0.00,308.57,0,-100,-10,0,0,38,0,0,377
450.01,1547530318,10281.79,51.466764,7.407689,149.74,34.60,0.00,308.76,0,-97,-16,0,0,45,0,0,431
450.01,1547530318,10281.83,51.466764,7.407689,149.74,34.60,0.00,308.76,0,-97,-17,0,0,46,0,0,57
450.01,1547530318,10281.83,51.466764,7.407689,149.74,34.60,0.00,308.76,0,-97,-16,0,0,44,0,0,376
450.01,1547530318,10281.86,51.466764,7.407689,149.74,34.60,0.00,308.76,0,-99,-11,0,0,38,0,0,93
450.01,1547530318,10281.90,51.466764,7.407689,149.74,34.60,0.00,308.76,0,-100,-10,0,0,38,0,0,377
451.02,1547530320,10316.70,51.466959,7.407298,149.78,34.65,0.00,309.20,0,-91,-11,0,0,45,0,0,376
451.02,1547530320,10316.77,51.466959,7.407298,149.78,34.65,0.00,309.20,0,-94,-12,0,0,45,0,0,57
451.02,1547530320,10316.81,51.466959,7.407298,149.78,34.65,0.00,309.20,0,-96,-15,0,0,45,0,0,69
451.02,1547530320,10316.84,51.466959,7.407298,149.78,34.65,0.00,309.20,0,-97,-10,0,0,39,0,0,377
451.02,1547530320,10316.88,51.466959,7.407298,149.78,34.65,0.00,309.20,0,-99,-11,0,0,38,0,0,93
452.01,1547530320,10351.04,51.467155,7.406909,149.89,34.76,0.00,309.37,0,-91,-11,0,0,45,0,0,376
452.01,1547530320,10351.04,51.467155,7.406909,149.89,34.76,0.00,309.37,0,-94,-12,0,0,45,0,0,57
452.01,1547530320,10351.07,51.467155,7.406909,149.89,34.76,0.00,309.37,0,-96,-15,0,0,45,0,0,69
452.01,1547530320,10351.11,51.467155,7.406909,149.89,34.76,0.00,309.37,0,-97,-10,0,0,39,0,0,377
452.01,1547530320,10351.14,51.467155,7.406909,149.89,34.76,0.00,309.37,0,-99,-11,0,0,38,0,0,93
453.01,1547530321,10385.79,51.467354,7.406523,150.00,35.02,0.00,309.62,0,-91,-11,0,0,45,0,0,376
453.01,1547530321,10385.79,51.467354,7.406523,150.00,35.02,0.00,309.62,0,-94,-12,0,0,45,0,0,57
453.01,1547530321,10385.83,51.467354,7.406523,150.00,35.02,0.00,309.62,0,-96,-15,0,0,45,0,0,69
453.01,1547530321,10385.86,51.467354,7.406523,150.00,35.02,0.00,309.62,0,-97,-10,0,0,39,0,0,377
453.01,1547530321,10385.90,51.467354,7.406523,150.00,35.02,0.00,309.62,0,-99,-11,0,0,38,0,0,93
454.01,1547530322,10420.74,51.467555,7.406134,150.23,35.20,0.00,309.95,0,-88,-10,0,0,48,0,0,376
454.01,1547530322,10420.78,51.467555,7.406134,150.23,35.20,0.00,309.95,0,-91,-7,0,0,44,0,0,377
454.01,1547530322,10420.81,51.467555,7.406134,150.23,35.20,0.00,309.95,0,-96,-12,0,0,43,0,0,93
455.01,1547530323,10455.98,51.467755,7.405750,150.60,35.20,0.00,310.43,0,-88,-10,0,0,48,0,0,376
455.01,1547530323,10456.02,51.467755,7.405750,150.60,35.20,0.00,310.43,0,-91,-7,0,0,44,0,0,377
455.01,1547530323,10456.02,51.467755,7.405750,150.60,35.20,0.00,310.43,0,-96,-12,0,0,43,0,0,93
456.01,1547530324,10491.32,51.467962,7.405378,150.93,34.30,0.00,311.35,0,-92,-10,0,0,44,0,0,376
456.01,1547530324,10491.35,51.467962,7.405378,150.93,34.30,0.00,311.35,0,-98,-15,0,0,42,0,0,90
456.02,1547530325,10491.39,51.467962,7.405378,150.93,34.30,0.00,311.35,0,-98,-15,0,0,43,0,0,230
456.02,1547530325,10491.39,51.467962,7.405378,150.93,34.30,0.00,311.35,0,-90,-10,0,0,45,0,0,93
456.02,1547530325,10491.42,51.467962,7.405378,150.93,34.30,0.00,311.35,0,-90,-8,0,0,46,0,0,377
457.01,1547530325,10525.51,51.468165,7.405009,151.46,33.49,0.00,311.90,0,-92,-10,0,0,44,0,0,376
457.01,1547530325,10525.55,51.468165,7.405009,151.46,33.49,0.00,311.90,0,-98,-15,0,0,42,0,0,90
457.01,1547530325,10525.58,51.468165,7.405009,151.46,33.49,0.00,311.90,0,-98,-15,0,0,43,0,0,230
457.01,1547530325,10525.62,51.468165,7.405009,151.46,33.49,0.00,311.90,0,-90,-10,0,0,45,0,0,93
457.01,1547530325,10525.62,51.468165,7.405009,151.46,33.49,0.00,311.90,0,-90,-8,0,0,46,0,0,377
458.01,1547530326,10559.04,51.468364,7.404650,151.88,32.89,0.00,311.96,0,-96,-12,0,0,41,0,0,431
458.01,1547530326,10559.07,51.468364,7.404650,151.88,32.89,0.00,311.96,0,-97,-13,0,0,42,0,0,69
458.01,1547530326,10559.10,51.468364,7.404650,151.88,32.89,0.00,311.96,0,-98,-13,0,0,40,0,0,230
458.01,1547530326,10559.10,51.468364,7.404650,151.88,32.89,0.00,311.96,0,-101,-11,0,0,36,0,0,93
458.01,1547530326,10559.14,51.468364,7.404650,151.88,32.89,0.00,311.96,0,-104,-13,0,0,35,0,0,119
459.01,1547530327,10591.90,51.468558,7.404300,152.34,32.24,0.00,312.30,0,-96,-12,0,0,41,0,0,431
459.01,1547530327,10591.93,51.468558,7.404300,152.34,32.24,0.00,312.30,0,-97,-13,0,0,42,0,0,69
459.01,1547530327,10591.96,51.468558,7.404300,152.34,32.24,0.00,312.30,0,-98,-13,0,0,40,0,0,230
459.01,1547530327,10592.00,51.468558,7.404300,152.34,32.24,0.00,312.30,0,-101,-11,0,0,36,0,0,93
459.01,1547530327,10592.00,51.468558,7.404300,152.34,32.24,0.00,312.30,0,-104,-13,0,0,35,0,0,119
460.01,1547530328,10624.14,51.468753,7.403961,152.87,32.26,0.00,312.45,0,-99,-14,0,0,41,0,0,69
460.01,1547530328,10624.17,51.468753,7.403961,152.87,32.26,0.00,312.45,0,-101,-16,0,0,41,0,0,431
460.01,1547530328,10624.20,51.468753,7.403961,152.87,32.26,0.00,312.45,0,-101,-16,0,0,41,0,0,230
460.01,1547530328,10624.20,51.468753,7.403961,152.87,32.26,0.00,312.45,0,-103,-12,0,0,35,0,0,93
460.01,1547530328,10624.24,51.468753,7.403961,152.87,32.26,0.00,312.45,0,-106,-15,0,0,35,0,0,119
461.01,1547530329,10656.40,51.468950,7.403617,153.42,32.18,0.00,312.70,0,-99,-14,0,0,41,0,0,69
461.01,1547530329,10656.43,51.468950,7.403617,153.42,32.18,0.00,312.70,0,-101,-16,0,0,41,0,0,431
461.01,1547530329,10656.43,51.468950,7.403617,153.42,32.18,0.00,312.70,0,-101,-16,0,0,41,0,0,230
461.01,1547530329,10656.46,51.468950,7.403617,153.42,32.18,0.00,312.70,0,-103,-12,0,0,35,0,0,93
461.01,1547530329,10656.49,51.468950,7.403617,153.42,32.18,0.00,312.70,0,-106,-15,0,0,35,0,0,119
462.01,1547530330,10688.48,51.469153,7.403265,153.76,32.46,0.00,313.18,0,-106,-13,0,0,33,0,0,119
462.01,1547530330,10688.52,51.469153,7.403265,153.76,32.46,0.00,313.18,0,-108,-14,0,0,32,0,0,93
463.01,1547530331,10720.98,51.469344,7.402931,154.21,32.56,0.00,313.21,0,-106,-13,0,0,33,0,0,119
463.01,1547530331,10721.01,51.469344,7.402931,154.21,32.56,0.00,313.21,0,-108,-14,0,0,32,0,0,93
464.01,1547530332,10753.48,51.469549,7.402597,155.11,32.92,0.00,314.14,0,-104,-17,0,0,40,0,0,69
465.01,1547530333,10786.44,51.469757,7.402251,156.08,33.23,0.00,314.41,0,-104,-17,0,0,40,0,0,69
466.01,1547530334,10819.80,51.469966,7.401901,157.21,33.56,0.00,314.56,0,-101,-15,0,0,41,0,0,137
466.01,1547530334,10819.84,51.469966,7.401901,157.21,33.56,0.00,314.56,0,-103,-18,0,0,42,0,0,376
466.01,1547530334,10819.84,51.469966,7.401901,157.21,33.56,0.00,314.56,0,-104,-18,0,0,41,0,0,230
467.01,1547530335,10853.26,51.470187,7.401550,158.64,33.91,0.00,315.26,0,-101,-15,0,0,41,0,0,137
467.01,1547530335,10853.30,51.470187,7.401550,158.64,33.91,0.00,315.26,0,-103,-18,0,0,42,0,0,376
467.01,1547530335,10853.30,51.470187,7.401550,158.64,33.91,0.00,315.26,0,-104,-18,0,0,41,0,0,230
468.01,1547530336,10887.21,51.470406,7.401201,159.94,34.24,0.00,315.58,0,-102,-15,0,0,40,0,0,376
468.01,1547530336,10887.24,51.470406,7.401201,159.94,34.24,0.00,315.58,0,-102,-16,0,0,40,0,0,137
468.01,1547530336,10887.27,51.470406,7.401201,159.94,34.24,0.00,315.58,0,-107,-20,0,0,39,0,0,57
469.01,1547530337,10921.48,51.470626,7.400856,161.00,34.04,0.00,316.23,0,-102,-15,0,0,40,0,0,376
469.01,1547530337,10921.48,51.470626,7.400856,161.00,34.04,0.00,316.23,0,-102,-16,0,0,40,0,0,137
469.01,1547530337,10921.51,51.470626,7.400856,161.00,34.04,0.00,316.23,0,-107,-20,0,0,39,0,0,57
470.01,1547530338,10955.46,51.470853,7.400514,162.15,33.87,0.00,316.59,0,-105,-14,0,0,35,0,0,57
470.01,1547530338,10955.49,51.470853,7.400514,162.15,33.87,0.00,316.59,0,-106,-15,0,0,34,0,0,376
470.01,1547530338,10955.49,51.470853,7.400514,162.15,33.87,0.00,316.59,0,-107,-16,0,0,35,0,0,230
471.01,1547530339,10989.36,51.471073,7.400180,163.12,33.79,0.00,316.99,0,-105,-14,0,0,35,0,0,57
471.01,1547530339,10989.36,51.471073,7.400180,163.12,33.79,0.00,316.99,0,-106,-15,0,0,34,0,0,376
471.01,1547530339,10989.40,51.471073,7.400180,163.12,33.79,0.00,316.99,0,-107,-16,0,0,35,0,0,230
472.00,1547530340,11022.95,51.471297,7.399844,164.11,33.61,0.00,317.37,0,-103,-12,0,0,35,0,0,57
472.00,1547530340,11022.95,51.471297,7.399844,164.11,33.61,0.00,317.37,0,-105,-18,0,0,38,0,0,90
472.00,1547530340,11022.95,51.471297,7.399844,164.11,33.61,0.00,317.37,0,-107,-15,0,0,35,0,0,56
473.01,1547530341,11056.70,51.471521,7.399522,165.09,33.06,0.00,317.72,0,-103,-12,0,0,35,0,0,57
473.01,1547530341,11056.73,51.471521,7.399522,165.09,33.06,0.00,317.72,0,-105,-18,0,0,38,0,0,90
473.01,1547530341,11056.77,51.471521,7.399522,165.09,33.06,0.00,317.72,0,-107,-15,0,0,35,0,0,56
474.02,1547530343,11090.03,51.471739,7.399209,165.87,32.19,0.00,318.32,0,-104,-18,0,0,41,0,0,56
474.02,1547530343,11090.06,51.471739,7.399209,165.87,32.19,0.00,318.32,0,-92,-7,0,0,41,0,0,74
475.01,1547530343,11121.99,51.471956,7.398908,166.64,31.41,0.00,318.92,0,-104,-18,0,0,41,0,0,56
475.01,1547530343,11121.99,51.471956,7.398908,166.64,31.41,0.00,318.92,0,-92,-7,0,0,41,0,0,74
476.01,1547530344,11153.40,51.472170,7.398621,167.29,30.53,0.00,320.17,0,-104,-18,0,0,41,0,0,56
476.01,1547530344,11153.40,51.472170,7.398621,167.29,30.53,0.00,320.17,0,-92,-7,0,0,41,0,0,74
477.01,1547530345,11183.93,51.472380,7.398341,167.97,30.00,0.00,320.94,0,-108,-15,0,0,35,0,0,56
477.01,1547530345,11183.96,51.472380,7.398341,167.97,30.00,0.00,320.94,0,-110,-16,0,0,34,0,0,78
477.01,1547530345,11183.99,51.472380,7.398341,167.97,30.00,0.00,320.94,0,-110,-16,0,0,34,0,0,431
478.01,1547530346,11213.96,51.472590,7.398073,168.46,29.11,0.00,321.65,0,-108,-15,0,0,35,0,0,56
478.01,1547530346,11213.99,51.472590,7.398073,168.46,29.11,0.00,321.65,0,-110,-16,0,0,34,0,0,78
478.01,1547530346,11214.02,51.472590,7.398073,168.46,29.11,0.00,321.65,0,-110,-16,0,0,34,0,0,431
479.01,1547530347,11243.04,51.472797,7.397815,169.08,28.28,0.00,321.40,0,-104,-14,0,0,35,0,0,392
479.01,1547530347,11243.07,51.472797,7.397815,169.08,28.28,0.00,321.40,0,-109,-20,0,0,37,0,0,431
480.01,1547530348,11271.32,51.472999,7.397563,169.74,27.88,0.00,320.70,0,-104,-14,0,0,35,0,0,392
480.01,1547530348,11271.35,51.472999,7.397563,169.74,27.88,0.00,320.70,0,-109,-20,0,0,37,0,0,431
481.01,1547530349,11299.20,51.473189,7.397314,170.05,27.61,0.00,320.51,0,-103,-10,0,0,34,0,0,392
481.01,1547530349,11299.23,51.473189,7.397314,170.05,27.61,0.00,320.51,0,-109,-18,0,0,36,0,0,56
481.01,1547530349,11299.26,51.473189,7.397314,170.05,27.61,0.00,320.51,0,0,0,0,0,63,0,0,486
482.01,1547530350,11326.83,51.473382,7.397062,170.37,27.44,0.00,320.46,0,-103,-10,0,0,34,0,0,392
482.01,1547530350,11326.86,51.473382,7.397062,170.37,27.44,0.00,320.46,0,-109,-18,0,0,36,0,0,56
482.01,1547530350,11326.89,51.473382,7.397062,170.37,27.44,0.00,320.46,0,0,0,0,0,63,0,0,486
483.01,1547530351,11354.24,51.473574,7.396812,170.62,27.19,0.00,321.01,0,-108,-16,0,0,35,0,0,392
483.01,1547530351,11354.27,51.473574,7.396812,170.62,27.19,0.00,321.01,0,-109,-17,0,0,35,0,0,57
483.01,1547530351,11354.27,51.473574,7.396812,170.62,27.19,0.00,321.01,0,-110,-17,0,0,34,0,0,78
484.01,1547530352,11381.43,51.473747,7.396577,170.46,26.16,0.00,321.49,0,-108,-16,0,0,35,0,0,392
484.01,1547530352,11381.46,51.473747,7.396577,170.46,26.16,0.00,321.49,0,-109,-17,0,0,35,0,0,57
484.01,1547530352,11381.46,51.473747,7.396577,170.46,26.16,0.00,321.49,0,-110,-17,0,0,34,0,0,78
485.01,1547530353,11407.61,51.473927,7.396358,170.31,25.31,0.00,322.82,0,-107,-19,0,0,38,0,0,78
485.01,1547530353,11407.64,51.473927,7.396358,170.31,25.31,0.00,322.82,0,-108,-19,0,0,37,0,0,310
485.01,1547530353,11407.64,51.473927,7.396358,170.31,25.31,0.00,322.82,0,-108,-20,0,0,38,0,0,392
486.01,1547530354,11432.93,51.474107,7.396139,170.30,25.05,0.00,322.54,0,-107,-19,0,0,38,0,0,78
486.01,1547530354,11432.95,51.474107,7.396139,170.30,25.05,0.00,322.54,0,-108,-19,0,0,37,0,0,310
486.01,1547530354,11432.98,51.474107,7.396139,170.30,25.05,0.00,322.54,0,-108,-20,0,0,38,0,0,392
487.01,1547530355,11457.95,51.474286,7.395922,170.21,24.80,0.00,322.12,0,-105,-14,0,0,35,0,0,57
487.01,1547530355,11457.97,51.474286,7.395922,170.21,24.80,0.00,322.12,0,-106,-15,0,0,35,0,0,78
487.01,1547530355,11458.00,51.474286,7.395922,170.21,24.80,0.00,322.12,0,-107,-16,0,0,35,0,0,310
488.01,1547530356,11482.79,51.474460,7.395721,170.19,24.40,0.00,324.03,0,-105,-14,0,0,35,0,0,57
488.01,1547530356,11482.82,51.474460,7.395721,170.19,24.40,0.00,324.03,0,-106,-15,0,0,35,0,0,78
488.01,1547530356,11482.84,51.474460,7.395721,170.19,24.40,0.00,324.03,0,-107,-16,0,0,35,0,0,310
489.01,1547530357,11507.14,51.474630,7.395523,170.30,23.63,0.00,324.98,0,-106,-17,0,0,38,0,0,392
489.01,1547530357,11507.16,51.474630,7.395523,170.30,23.63,0.00,324.98,0,-107,-18,0,0,38,0,0,57
489.01,1547530357,11507.19,51.474630,7.395523,170.30,23.63,0.00,324.98,0,-107,-19,0,0,38,0,0,310
490.01,1547530358,11530.77,51.474805,7.395330,170.28,23.43,0.00,325.30,0,-106,-17,0,0,38,0,0,392
490.01,1547530358,11530.79,51.474805,7.395330,170.28,23.43,0.00,325.30,0,-107,-18,0,0,38,0,0,57
490.01,1547530358,11530.82,51.474805,7.395330,170.28,23.43,0.00,325.30,0,-107,-19,0,0,38,0,0,310
491.01,1547530359,11554.20,51.474982,7.395144,170.38,23.63,0.00,326.48,0,-103,-17,0,0,43,0,0,78
491.01,1547530359,11554.22,51.474982,7.395144,170.38,23.63,0.00,326.48,0,-103,-15,0,0,43,0,0,392
491.01,1547530359,11554.25,51.474982,7.395144,170.38,23.63,0.00,326.48,0,-103,-18,0,0,42,0,0,57
492.01,1547530360,11577.83,51.475162,7.394977,170.56,23.18,0.00,329.91,0,-103,-17,0,0,43,0,0,78
492.01,1547530360,11577.85,51.475162,7.394977,170.56,23.18,0.00,329.91,0,-103,-15,0,0,43,0,0,392
492.01,1547530360,11577.88,51.475162,7.394977,170.56,23.18,0.00,329.91,0,-103,-18,0,0,42,0,0,57
493.01,1547530361,11601.01,51.475337,7.394811,170.97,22.68,0.00,329.41,0,-101,-11,0,0,36,0,0,392
493.01,1547530361,11601.03,51.475337,7.394811,170.97,22.68,0.00,329.41,0,-107,-17,0,0,35,0,0,57
494.01,1547530362,11623.67,51.475513,7.394645,171.46,22.38,0.00,329.54,0,-101,-11,0,0,36,0,0,392
494.01,1547530362,11623.69,51.475513,7.394645,171.46,22.38,0.00,329.54,0,-107,-17,0,0,35,0,0,57
495.02,1547530364,11646.22,51.475687,7.394481,171.89,22.11,0.00,330.37,0,-94,-9,0,0,40,0,0,392
496.01,1547530364,11668.25,51.475853,7.394321,172.38,21.62,0.00,330.12,0,-94,-9,0,0,40,0,0,392
497.01,1547530365,11689.76,51.476022,7.394169,172.81,21.32,0.00,331.64,0,-94,-9,0,0,40,0,0,392
498.01,1547530366,11711.08,51.476190,7.394021,173.18,21.21,0.00,332.07,0,-91,-8,0,0,42,0,0,392
499.01,1547530367,11732.29,51.476360,7.393874,173.55,21.21,0.00,332.45,0,-91,-8,0,0,42,0,0,392
500.01,1547530368,11753.54,51.476533,7.393736,173.90,21.44,0.00,333.62,0,-92,-11,0,0,45,0,0,392
501.01,1547530369,11774.96,51.476706,7.393598,174.25,21.55,0.00,334.38,0,-92,-11,0,0,45,0,0,392
502.01,1547530370,11796.52,51.476883,7.393463,174.62,21.75,0.00,334.63,0,-98,-11,0,0,43,0,0,392
502.01,1547530370,11796.54,51.476883,7.393463,174.62,21.75,0.00,334.63,0,-103,-15,0,0,43,0,0,78
503.01,1547530371,11818.24,51.477066,7.393341,174.99,21.81,0.00,338.13,0,-98,-11,0,0,43,0,0,392
503.01,1547530371,11818.26,51.477066,7.393341,174.99,21.81,0.00,338.13,0,-103,-15,0,0,43,0,0,78
504.01,1547530372,11840.11,51.477249,7.393230,175.20,21.11,0.00,340.08,0,-97,-10,0,0,38,0,0,392
505.01,1547530373,11861.18,51.477429,7.393132,175.42,20.78,0.00,341.96,0,-97,-10,0,0,38,0,0,392
506.01,1547530374,11881.96,51.477609,7.393060,175.17,20.27,0.00,346.60,0,-92,-8,0,0,41,0,0,392
507.01,1547530375,11902.23,51.477793,7.393034,175.09,19.97,0.00,356.15,0,-92,-8,0,0,41,0,0,392
508.01,1547530376,11922.18,51.477972,7.393041,175.50,20.20,0.00,2.46,0,-90,-6,0,0,42,0,0,392
509.01,1547530377,11942.37,51.478145,7.393081,175.88,20.17,0.00,9.71,0,-90,-6,0,0,42,0,0,392
510.01,1547530378,11962.56,51.478322,7.393157,176.14,20.21,0.00,16.44,0,-90,-9,0,0,45,0,0,392
511.01,1547530379,11982.77,51.478486,7.393262,176.74,20.05,0.00,22.80,0,-90,-9,0,0,45,0,0,392
512.01,1547530380,12002.89,51.478650,7.393393,177.79,20.43,0.00,29.94,0,-88,-7,0,0,45,0,0,392
512.01,1547530380,12002.91,51.478650,7.393393,177.79,20.43,0.00,29.94,0,0,0,0,0,63,0,0,101
512.01,1547530380,12002.93,51.478650,7.393393,177.79,20.43,0.00,29.94,0,0,0,0,0,63,0,0,323
513.00,1547530381,12023.19,51.478791,7.393543,178.59,19.80,0.00,34.86,0,-88,-7,0,0,45,0,0,392
513.00,1547530381,12023.21,51.478791,7.393543,178.59,19.80,0.00,34.86,0,0,0,0,0,63,0,0,101
513.00,1547530381,12023.21,51.478791,7.393543,178.59,19.80,0.00,34.86,0,0,0,0,0,63,0,0,323
533.01,1547530401,12314.64,51.480816,7.394927,184.19,16.23,0.00,59.29,0,-88,-18,0,0,56,0,0,52
533.01,1547530401,12314.66,51.480816,7.394927,184.19,16.23,0.00,59.29,0,-88,-18,0,0,57,0,0,431
534.01,1547530402,12330.86,51.480898,7.395128,183.38,16.62,0.00,59.73,0,-88,-18,0,0,56,0,0,52
534.01,1547530402,12330.88,51.480898,7.395128,183.38,16.62,0.00,59.73,0,-88,-18,0,0,57,0,0,431
535.01,1547530403,12347.49,51.480975,7.395326,182.59,17.11,0.00,59.43,0,-92,-12,0,0,46,0,0,52
536.01,1547530404,12364.60,51.481054,7.395534,182.00,17.43,0.00,59.31,0,-92,-12,0,0,46,0,0,52
540.01,1547530408,12433.80,51.481369,7.396387,181.95,16.46,0.00,59.26,0,-85,-8,0,0,48,0,0,431
540.01,1547530408,12433.82,51.481369,7.396387,181.95,16.46,0.00,59.26,0,-89,-13,0,0,51,0,0,52
541.01,1547530409,12450.31,51.481453,7.396600,182.08,16.07,0.00,58.92,0,-85,-8,0,0,48,0,0,431
541.01,1547530409,12450.33,51.481453,7.396600,182.08,16.07,0.00,58.92,0,-89,-13,0,0,51,0,0,52
542.01,1547530410,12466.37,51.481530,7.396795,182.11,15.64,0.00,58.14,0,-85,-20,0,0,63,0,0,163
542.01,1547530410,12466.38,51.481530,7.396795,182.11,15.64,0.00,58.14,0,-86,-18,0,0,60,0,0,431
542.01,1547530410,12466.38,51.481530,7.396795,182.11,15.64,0.00,58.14,0,-88,-16,0,0,56,0,0,52
542.01,1547530410,12466.40,51.481530,7.396795,182.11,15.64,0.00,58.14,0,-104,-13,0,0,37,0,0,378
543.01,1547530411,12482.00,51.481601,7.396977,182.15,15.33,0.00,57.21,0,-85,-20,0,0,63,0,0,163
543.01,1547530411,12482.02,51.481601,7.396977,182.15,15.33,0.00,57.21,0,-86,-18,0,0,60,0,0,431
543.01,1547530411,12482.02,51.481601,7.396977,182.15,15.33,0.00,57.21,0,-88,-16,0,0,56,0,0,52
543.01,1547530411,12482.03,51.481601,7.396977,182.15,15.33,0.00,57.21,0,-104,-13,0,0,37,0,0,378
544.01,1547530412,12497.41,51.481672,7.397153,182.37,14.86,0.00,56.75,0,-87,-20,0,0,59,0,0,16
544.01,1547530412,12497.42,51.481672,7.397153,182.37,14.86,0.00,56.75,0,-91,-15,0,0,52,0,0,163
544.02,1547530413,12497.44,51.481672,7.397153,182.37,14.86,0.00,56.75,0,-106,-14,0,0,34,0,0,378
545.01,1547530413,12512.26,51.481744,7.397325,182.71,14.50,0.00,56.15,0,-87,-20,0,0,59,0,0,16
545.01,1547530413,12512.26,51.481744,7.397325,182.71,14.50,0.00,56.15,0,-91,-15,0,0,52,0,0,163
545.01,1547530413,12512.28,51.481744,7.397325,182.71,14.50,0.00,56.15,0,-106,-14,0,0,34,0,0,378
546.01,1547530414,12526.66,51.481815,7.397496,183.07,13.90,0.00,55.17,0,-107,-13,0,0,34,0,0,448
547.01,1547530415,12540.58,51.481883,7.397641,183.56,12.74,0.00,54.26,0,-107,-13,0,0,34,0,0,448
548.01,1547530416,12553.31,51.481949,7.397780,183.93,11.52,0.00,53.29,0,-85,-17,0,0,62,0,0,52
548.01,1547530416,12553.31,51.481949,7.397780,183.93,11.52,0.00,53.29,0,-104,-12,0,0,36,0,0,448
549.01,1547530417,12564.83,51.482011,7.397898,184.19,10.51,0.00,52.34,0,-85,-17,0,0,62,0,0,52
549.01,1547530417,12564.84,51.482011,7.397898,184.19,10.51,0.00,52.34,0,-104,-12,0,0,36,0,0,448
550.01,1547530418,12575.34,51.482068,7.398005,184.44,9.28,0.00,51.48,0,-85,-7,0,0,49,0,0,52
550.01,1547530418,12575.35,51.482068,7.398005,184.44,9.28,0.00,51.48,0,-102,-11,0,0,37,0,0,448
551.01,1547530419,12584.64,51.482127,7.398109,184.73,8.35,0.00,50.14,0,-85,-7,0,0,49,0,0,52
551.01,1547530419,12584.65,51.482127,7.398109,184.73,8.35,0.00,50.14,0,-102,-11,0,0,37,0,0,448
552.01,1547530420,12592.97,51.482174,7.398187,184.97,7.13,0.00,49.06,0,-86,-12,0,0,57,0,0,52
552.01,1547530420,12592.97,51.482174,7.398187,184.97,7.13,0.00,49.06,0,-96,-10,0,0,41,0,0,448
553.01,1547530421,12600.09,51.482210,7.398252,185.17,6.71,0.00,48.15,0,-86,-12,0,0,57,0,0,52
553.01,1547530421,12600.10,51.482210,7.398252,185.17,6.71,0.00,48.15,0,-96,-10,0,0,41,0,0,448
554.01,1547530422,12606.81,51.482249,7.398316,185.34,6.01,0.00,47.50,0,-84,-9,0,0,51,0,0,52
554.01,1547530422,12606.81,51.482249,7.398316,185.34,6.01,0.00,47.50,0,-91,-9,0,0,45,0,0,448
555.01,1547530423,12612.82,51.482286,7.398375,185.50,4.96,0.00,46.17,0,-84,-9,0,0,51,0,0,52
555.01,1547530423,12612.82,51.482286,7.398375,185.50,4.96,0.00,46.17,0,-91,-9,0,0,45,0,0,448
556.01,1547530424,12617.78,51.482313,7.398416,185.52,3.44,0.00,45.43,0,-85,-8,0,0,49,0,0,52
556.01,1547530424,12617.78,51.482313,7.398416,185.52,3.44,0.00,45.43,0,-95,-10,0,0,41,0,0,448
557.01,1547530425,12621.21,51.482329,7.398441,185.54,1.85,0.00,44.99,0,-85,-8,0,0,49,0,0,52
557.01,1547530425,12621.21,51.482329,7.398441,185.54,1.85,0.00,44.99,0,-95,-10,0,0,41,0,0,448
558.02,1547530427,12623.08,51.482337,7.398449,185.57,0.94,0.00,44.99,0,-85,-8,0,0,48,0,0,52
558.02,1547530427,12623.08,51.482337,7.398449,185.57,0.94,0.00,44.99,0,-98,-10,0,0,40,0,0,448
559.01,1547530427,12624.01,51.482337,7.398449,185.58,0.00,0.00,44.99,0,-85,-8,0,0,48,0,0,52
559.01,1547530427,12624.01,51.482337,7.398449,185.58,0.00,0.00,44.99,0,-98,-10,0,0,40,0,0,448
560.01,1547530428,12624.01,51.482337,7.398449,185.58,0.00,0.00,44.99,0,-85,-8,0,0,48,0,0,52
560.01,1547530428,12624.01,51.482337,7.398449,185.58,0.00,0.00,44.99,0,-98,-10,0,0,40,0,0,448
561.01,1547530429,12624.01,51.482337,7.398449,185.58,0.00,0.00,44.99,0,-87,-11,0,0,49,0,0,52
561.01,1547530429,12624.01,51.482337,7.398449,185.58,0.00,0.00,44.99,0,-100,-10,0,0,37,0,0,448
562.01,1547530430,12624.01,51.482337,7.398449,185.58,0.00,0.00,44.99,0,-87,-11,0,0,49,0,0,52
562.01,1547530430,12624.01,51.482337,7.398449,185.58,0.00,0.00,44.99,0,-100,-10,0,0,37,0,0,448
563.00,1547530431,12624.01,51.482337,7.398449,185.58,0.00,0.00,44.99,0,-87,-10,0,0,49,0,0,52
563.00,1547530431,12624.01,51.482337,7.398449,185.58,0.00,0.00,44.99,0,-100,-9,0,0,37,0,0,448
564.01,1547530432,12624.01,51.482337,7.398449,185.59,0.00,0.00,44.99,0,-87,-10,0,0,49,0,0,52
564.01,1547530432,12624.01,51.482337,7.398449,185.59,0.00,0.00,44.99,0,-100,-9,0,0,37,0,0,448
565.01,1547530433,12624.01,51.482337,7.398449,185.59,0.00,0.00,44.99,0,-87,-10,0,0,48,0,0,52
565.01,1547530433,12624.01,51.482337,7.398449,185.59,0.00,0.00,44.99,0,-99,-8,0,0,36,0,0,448
566.01,1547530434,12624.01,51.482337,7.398449,185.60,0.00,0.00,44.99,0,-87,-10,0,0,48,0,0,52
566.01,1547530434,12624.01,51.482337,7.398449,185.60,0.00,0.00,44.99,0,-99,-8,0,0,36,0,0,448
567.01,1547530435,12624.01,51.482337,7.398449,185.60,0.00,0.00,44.99,0,-87,-10,0,0,49,0,0,52
567.01,1547530435,12624.01,51.482337,7.398449,185.60,0.00,0.00,44.99,0,-100,-9,0,0,35,0,0,448
568.01,1547530436,12624.01,51.482337,7.398449,185.61,0.00,0.00,44.99,0,-87,-10,0,0,49,0,0,52
568.01,1547530436,12624.01,51.482337,7.398449,185.61,0.00,0.00,44.99,0,-100,-9,0,0,35,0,0,448
569.01,1547530437,12624.01,51.482337,7.398449,185.61,0.00,0.00,44.99,0,-87,-10,0,0,49,0,0,52
569.01,1547530437,12624.01,51.482337,7.398449,185.61,0.00,0.00,44.99,0,-101,-9,0,0,35,0,0,448
570.01,1547530438,12624.01,51.482337,7.398449,185.61,0.00,0.00,44.99,0,-87,-10,0,0,49,0,0,52
570.01,1547530438,12624.01,51.482337,7.398449,185.61,0.00,0.00,44.99,0,-101,-9,0,0,35,0,0,448
571.01,1547530439,12624.01,51.482337,7.398449,185.62,0.00,0.00,44.99,0,-86,-11,0,0,50,0,0,52
571.01,1547530439,12624.01,51.482337,7.398449,185.62,0.00,0.00,44.99,0,-103,-10,0,0,35,0,0,448
572.00,1547530440,12624.01,51.482337,7.398449,185.62,0.00,0.00,44.99,0,-86,-11,0,0,50,0,0,52
572.00,1547530440,12624.01,51.482337,7.398449,185.62,0.00,0.00,44.99,0,-103,-10,0,0,35,0,0,448
573.01,1547530441,12624.01,51.482337,7.398449,185.62,0.00,0.00,44.99,0,-85,-11,0,0,51,0,0,52
573.01,1547530441,12624.01,51.482337,7.398449,185.62,0.00,0.00,44.99,0,-99,-11,0,0,39,0,0,448
574.00,1547530442,12624.01,51.482337,7.398449,185.62,0.00,0.00,44.99,0,-85,-11,0,0,51,0,0,52
574.01,1547530442,12624.01,51.482337,7.398449,185.62,0.00,0.00,44.99,0,-99,-11,0,0,39,0,0,448
575.01,1547530443,12624.01,51.482337,7.398449,185.61,0.00,0.00,44.99,0,-87,-13,0,0,51,0,0,52
575.01,1547530443,12624.01,51.482337,7.398449,185.61,0.00,0.00,44.99,0,-103,-13,0,0,37,0,0,448
576.01,1547530444,12624.01,51.482337,7.398449,185.61,0.00,0.00,44.99,0,-87,-13,0,0,51,0,0,52
576.01,1547530444,12624.01,51.482337,7.398449,185.61,0.00,0.00,44.99,0,-103,-13,0,0,37,0,0,448
577.01,1547530445,12624.01,51.482337,7.398449,185.60,0.00,0.00,44.99,0,-88,-11,0,0,48,0,0,52
577.01,1547530445,12624.01,51.482337,7.398449,185.60,0.00,0.00,44.99,0,-102,-10,0,0,35,0,0,448
578.01,1547530446,12624.01,51.482337,7.398449,185.59,0.00,0.00,44.99,0,-88,-11,0,0,48,0,0,52
578.01,1547530446,12624.01,51.482337,7.398449,185.59,0.00,0.00,44.99,0,-102,-10,0,0,35,0,0,448
579.02,1547530448,12624.01,51.482337,7.398449,185.58,0.00,0.00,44.99,0,-87,-10,0,0,49,0,0,52
579.02,1547530448,12624.01,51.482337,7.398449,185.58,0.00,0.00,44.99,0,-104,-12,0,0,37,0,0,448
580.01,1547530448,12624.01,51.482337,7.398449,185.57,0.00,0.00,44.99,0,-87,-10,0,0,49,0,0,52
580.01,1547530448,12624.01,51.482337,7.398449,185.57,0.00,0.00,44.99,0,-104,-12,0,0,37,0,0,448
581.01,1547530449,12624.01,51.482337,7.398449,185.49,0.00,0.00,44.99,0,-87,-10,0,0,49,0,0,52
581.01,1547530449,12624.01,51.482337,7.398449,185.49,0.00,0.00,44.99,0,-104,-12,0,0,37,0,0,448
582.01,1547530450,12624.01,51.482366,7.398494,185.22,0.00,0.00,44.42,0,-85,-10,0,0,50,0,0,52
582.01,1547530450,12624.01,51.482366,7.398494,185.22,0.00,0.00,44.42,0,-99,-10,0,0,37,0,0,448
583.01,1547530451,12624.01,51.482366,7.398494,185.16,0.00,0.00,42.46,0,-85,-10,0,0,50,0,0,52
583.01,1547530451,12624.01,51.482366,7.398494,185.16,0.00,0.00,42.46,0,-99,-10,0,0,37,0,0,448
584.01,1547530452,12624.02,51.482450,7.398621,184.96,7.04,0.00,40.95,0,-87,-11,0,0,49,0,0,52
584.01,1547530452,12624.03,51.482450,7.398621,184.96,7.04,0.00,40.95,0,-103,-13,0,0,38,0,0,448
585.01,1547530453,12631.06,51.482503,7.398691,184.95,8.02,0.00,39.52,0,-87,-11,0,0,49,0,0,52
585.01,1547530453,12631.07,51.482503,7.398691,184.95,8.02,0.00,39.52,0,-103,-13,0,0,38,0,0,448
586.01,1547530454,12639.07,51.482564,7.398766,185.08,8.74,0.00,38.36,0,-88,-8,0,0,46,0,0,52
586.01,1547530454,12639.08,51.482564,7.398766,185.08,8.74,0.00,38.36,0,-98,-9,0,0,38,0,0,448
587.01,1547530455,12647.81,51.482633,7.398851,184.97,9.63,0.00,37.41,0,-88,-8,0,0,46,0,0,52
587.01,1547530455,12647.82,51.482633,7.398851,184.97,9.63,0.00,37.41,0,-98,-9,0,0,38,0,0,448
588.01,1547530456,12657.45,51.482699,7.398927,184.80,9.30,0.00,36.42,0,-81,-6,0,0,51,0,0,52
588.01,1547530456,12657.46,51.482699,7.398927,184.80,9.30,0.00,36.42,0,-88,-7,0,0,46,0,0,448
589.01,1547530457,12666.75,51.482768,7.399002,184.50,8.85,0.00,37.19,0,-81,-6,0,0,51,0,0,52
589.01,1547530457,12666.76,51.482768,7.399002,184.50,8.85,0.00,37.19,0,-88,-7,0,0,46,0,0,448
590.01,1547530458,12675.60,51.482845,7.399086,184.12,10.46,0.00,35.89,0,-89,-12,0,0,49,0,0,392
590.01,1547530458,12675.61,51.482845,7.399086,184.12,10.46,0.00,35.89,0,-96,-12,0,0,40,0,0,449
591.00,1547530459,12686.00,51.482931,7.399177,183.63,11.49,0.00,34.98,0,-89,-12,0,0,49,0,0,392
591.00,1547530459,12686.00,51.482931,7.399177,183.63,11.49,0.00,34.98,0,-96,-12,0,0,40,0,0,449
592.01,1547530460,12697.56,51.483020,7.399272,183.42,12.45,0.00,34.44,0,-85,-15,0,0,56,0,0,392
592.01,1547530460,12697.58,51.483020,7.399272,183.42,12.45,0.00,34.44,0,-92,-11,0,0,45,0,0,449
593.01,1547530461,12710.02,51.483121,7.399374,183.25,12.98,0.00,33.83,0,-85,-15,0,0,56,0,0,392
593.01,1547530461,12710.02,51.483121,7.399374,183.25,12.98,0.00,33.83,0,-92,-11,0,0,45,0,0,449
594.01,1547530462,12722.98,51.483215,7.399469,183.33,12.56,0.00,33.89,0,-96,-13,0,0,43,0,0,449
595.01,1547530463,12735.54,51.483312,7.399567,183.37,12.44,0.00,34.09,0,-96,-13,0,0,43,0,0,449
596.01,1547530464,12747.98,51.483404,7.399661,183.53,12.78,0.00,33.98,0,-94,-14,0,0,46,0,0,449
597.01,1547530465,12760.76,51.483502,7.399763,183.40,13.44,0.00,34.34,0,-94,-14,0,0,46,0,0,449
598.01,1547530466,12774.20,51.483603,7.399874,183.51,13.72,0.00,35.29,0,-100,-16,0,0,41,0,0,449
599.01,1547530467,12787.90,51.483704,7.399985,184.32,14.17,0.00,35.70,0,-100,-16,0,0,41,0,0,449
603.00,1547530471,12846.02,51.484134,7.400484,184.65,14.26,0.00,37.95,0,-99,-15,0,0,41,0,0,313
604.01,1547530472,12860.32,51.484239,7.400615,184.43,14.51,0.00,38.71,0,-99,-15,0,0,41,0,0,313
609.00,1547530477,12932.90,51.484723,7.401304,182.22,14.77,0.00,42.52,0,-99,-9,0,0,35,0,0,313
610.01,1547530478,12947.79,51.484823,7.401449,182.07,14.86,0.00,41.99,0,-99,-9,0,0,35,0,0,313
611.00,1547530479,12962.56,51.484924,7.401595,181.89,14.97,0.00,41.50,0,-99,-10,0,0,38,0,0,313
612.00,1547530480,12977.54,51.485025,7.401741,181.66,14.82,0.00,42.33,0,-99,-10,0,0,38,0,0,313
613.00,1547530481,12992.34,51.485119,7.401887,181.53,14.63,0.00,43.23,0,-100,-9,0,0,37,0,0,313
614.00,1547530482,13006.98,51.485211,7.402036,181.55,14.37,0.00,44.53,0,-100,-9,0,0,37,0,0,313
628.01,1547530496,13144.78,51.486128,7.402241,180.60,10.48,0.00,326.14,0,-93,-8,0,0,42,0,0,451
629.01,1547530497,13155.27,51.486204,7.402168,180.65,10.34,0.00,327.77,0,-93,-8,0,0,42,0,0,451
630.01,1547530498,13165.62,51.486283,7.402094,180.70,10.41,0.00,329.80,0,-96,-10,0,0,41,0,0,451
630.01,1547530498,13165.63,51.486283,7.402094,180.70,10.41,0.00,329.80,0,-98,-13,0,0,41,0,0,313
631.00,1547530499,13175.97,51.486368,7.402024,180.93,10.64,0.00,331.88,0,-96,-10,0,0,41,0,0,451
631.00,1547530499,13175.98,51.486368,7.402024,180.93,10.64,0.00,331.88,0,-98,-13,0,0,41,0,0,313
632.01,1547530500,13186.66,51.486460,7.401960,181.09,10.94,0.00,334.55,0,-101,-14,0,0,39,0,0,451
632.01,1547530500,13186.67,51.486460,7.401960,181.09,10.94,0.00,334.55,0,-101,-13,0,0,39,0,0,313
633.01,1547530501,13197.60,51.486549,7.401904,181.25,10.70,0.00,336.30,0,-101,-14,0,0,39,0,0,451
633.01,1547530501,13197.61,51.486549,7.401904,181.25,10.70,0.00,336.30,0,-101,-13,0,0,39,0,0,313
634.01,1547530502,13208.31,51.486639,7.401854,181.42,10.44,0.00,337.90,0,-98,-19,0,0,47,0,0,13
634.01,1547530502,13208.32,51.486639,7.401854,181.42,10.44,0.00,337.90,0,-99,-16,0,0,45,0,0,313
634.01,1547530502,13208.33,51.486639,7.401854,181.42,10.44,0.00,337.90,0,-100,-15,0,0,44,0,0,481
635.01,1547530503,13218.76,51.486725,7.401808,181.84,10.32,0.00,339.83,0,-98,-19,0,0,47,0,0,13
635.01,1547530503,13218.77,51.486725,7.401808,181.84,10.32,0.00,339.83,0,-99,-16,0,0,45,0,0,313
635.01,1547530503,13218.77,51.486725,7.401808,181.84,10.32,0.00,339.83,0,-100,-15,0,0,44,0,0,481
636.01,1547530504,13229.09,51.486817,7.401771,182.03,10.49,0.00,341.77,0,-94,-14,0,0,47,0,0,13
636.01,1547530504,13229.09,51.486817,7.401771,182.03,10.49,0.00,341.77,0,-96,-16,0,0,47,0,0,229
636.01,1547530504,13229.10,51.486817,7.401771,182.03,10.49,0.00,341.77,0,-99,-20,0,0,47,0,0,27
636.01,1547530504,13229.11,51.486817,7.401771,182.03,10.49,0.00,341.77,0,-97,-12,0,0,42,0,0,313
636.01,1547530504,13229.12,51.486817,7.401771,182.03,10.49,0.00,341.77,0,-97,-12,0,0,42,0,0,451
637.01,1547530505,13239.57,51.486912,7.401734,182.07,10.62,0.00,343.83,0,-94,-14,0,0,47,0,0,13
637.01,1547530505,13239.58,51.486912,7.401734,182.07,10.62,0.00,343.83,0,-96,-16,0,0,47,0,0,229
637.01,1547530505,13239.58,51.486912,7.401734,182.07,10.62,0.00,343.83,0,-99,-20,0,0,47,0,0,27
637.01,1547530505,13239.59,51.486912,7.401734,182.07,10.62,0.00,343.83,0,-97,-12,0,0,42,0,0,313
637.01,1547530505,13239.60,51.486912,7.401734,182.07,10.62,0.00,343.83,0,-97,-12,0,0,42,0,0,451
638.01,1547530506,13250.18,51.487003,7.401711,181.74,10.64,0.00,346.35,0,-95,-14,0,0,45,0,0,398
638.01,1547530506,13250.19,51.487003,7.401711,181.74,10.64,0.00,346.35,0,-96,-14,0,0,44,0,0,13
638.01,1547530506,13250.20,51.487003,7.401711,181.74,10.64,0.00,346.35,0,-97,-15,0,0,44,0,0,229
638.01,1547530506,13250.20,51.487003,7.401711,181.74,10.64,0.00,346.35,0,-95,-11,0,0,44,0,0,313
638.01,1547530506,13250.21,51.487003,7.401711,181.74,10.64,0.00,346.35,0,-95,-10,0,0,43,0,0,451
639.01,1547530507,13260.82,51.487098,7.401693,181.19,10.64,0.00,348.60,0,-95,-14,0,0,45,0,0,398
639.01,1547530507,13260.83,51.487098,7.401693,181.19,10.64,0.00,348.60,0,-96,-14,0,0,44,0,0,13
639.01,1547530507,13260.84,51.487098,7.401693,181.19,10.64,0.00,348.60,0,-97,-15,0,0,44,0,0,229
639.01,1547530507,13260.84,51.487098,7.401693,181.19,10.64,0.00,348.60,0,-95,-11,0,0,44,0,0,313
639.01,1547530507,13260.85,51.487098,7.401693,181.19,10.64,0.00,348.60,0,-95,-10,0,0,43,0,0,451
640.01,1547530508,13271.46,51.487199,7.401676,180.75,10.64,0.00,350.28,0,-96,-14,0,0,44,0,0,27
640.01,1547530508,13271.47,51.487199,7.401676,180.75,10.64,0.00,350.28,0,-97,-14,0,0,44,0,0,229
640.01,1547530508,13271.48,51.487199,7.401676,180.75,10.64,0.00,350.28,0,-98,-16,0,0,44,0,0,398
640.01,1547530508,13271.48,51.487199,7.401676,180.75,10.64,0.00,350.28,0,-93,-9,0,0,43,0,0,451
640.01,1547530508,13271.49,51.487199,7.401676,180.75,10.64,0.00,350.28,0,-93,-8,0,0,42,0,0,313
641.01,1547530509,13282.10,51.487290,7.401667,180.41,10.68,0.00,351.83,0,-96,-14,0,0,44,0,0,27
641.01,1547530509,13282.11,51.487290,7.401667,180.41,10.68,0.00,351.83,0,-97,-14,0,0,44,0,0,229
641.01,1547530509,13282.12,51.487290,7.401667,180.41,10.68,0.00,351.83,0,-98,-16,0,0,44,0,0,398
641.01,1547530509,13282.12,51.487290,7.401667,180.41,10.68,0.00,351.83,0,-93,-9,0,0,43,0,0,451
641.01,1547530509,13282.13,51.487290,7.401667,180.41,10.68,0.00,351.83,0,-93,-8,0,0,42,0,0,313
642.01,1547530510,13292.81,51.487387,7.401660,180.16,10.49,0.00,353.77,0,-94,-12,0,0,44,0,0,229
642.01,1547530510,13292.82,51.487387,7.401660,180.16,10.49,0.00,353.77,0,-96,-13,0,0,44,0,0,13
642.01,1547530510,13292.82,51.487387,7.401660,180.16,10.49,0.00,353.77,0,-98,-17,0,0,45,0,0,27
642.01,1547530510,13292.83,51.487387,7.401660,180.16,10.49,0.00,353.77,0,-90,-8,0,0,43,0,0,313
642.01,1547530510,13292.84,51.487387,7.401660,180.16,10.49,0.00,353.77,0,-93,-9,0,0,43,0,0,451
643.01,1547530511,13303.29,51.487495,7.401657,180.16,10.61,0.00,355.51,0,-94,-12,0,0,44,0,0,229
643.01,1547530511,13303.30,51.487495,7.401657,180.16,10.61,0.00,355.51,0,-96,-13,0,0,44,0,0,13
643.01,1547530511,13303.30,51.487495,7.401657,180.16,10.61,0.00,355.51,0,-98,-17,0,0,45,0,0,27
643.01,1547530511,13303.31,51.487495,7.401657,180.16,10.61,0.00,355.51,0,-90,-8,0,0,43,0,0,313
643.01,1547530511,13303.32,51.487495,7.401657,180.16,10.61,0.00,355.51,0,-93,-9,0,0,43,0,0,451
644.02,1547530513,13313.98,51.487597,7.401661,180.33,10.89,0.00,357.35,0,-99,-15,0,0,42,0,0,398
644.02,1547530513,13313.99,51.487597,7.401661,180.33,10.89,0.00,357.35,0,-101,-17,0,0,42,0,0,229
644.02,1547530513,13314.00,51.487597,7.401661,180.33,10.89,0.00,357.35,0,-88,-8,0,0,46,0,0,313
644.02,1547530513,13314.01,51.487597,7.401661,180.33,10.89,0.00,357.35,0,-88,-8,0,0,46,0,0,451
645.01,1547530513,13324.76,51.487701,7.401666,180.52,11.19,0.00,358.42,0,-99,-15,0,0,42,0,0,398
645.01,1547530513,13324.77,51.487701,7.401666,180.52,11.19,0.00,358.42,0,-101,-17,0,0,42,0,0,229
645.01,1547530513,13324.78,51.487701,7.401666,180.52,11.19,0.00,358.42,0,-88,-8,0,0,46,0,0,313
645.01,1547530513,13324.78,51.487701,7.401666,180.52,11.19,0.00,358.42,0,-88,-8,0,0,46,0,0,451
646.01,1547530514,13336.00,51.487802,7.401673,180.91,11.60,0.00,359.10,0,-99,-15,0,0,42,0,0,398
646.01,1547530514,13336.00,51.487802,7.401673,180.91,11.60,0.00,359.10,0,-101,-17,0,0,42,0,0,229
646.01,1547530514,13336.02,51.487802,7.401673,180.91,11.60,0.00,359.10,0,-88,-8,0,0,46,0,0,313
646.02,1547530515,13336.03,51.487802,7.401673,180.91,11.60,0.00,359.10,0,-88,-8,0,0,46,0,0,451
647.01,1547530515,13347.57,51.487913,7.401681,181.37,12.02,0.00,359.81,0,-96,-13,0,0,43,0,0,398
647.01,1547530515,13347.58,51.487913,7.401681,181.37,12.02,0.00,359.81,0,-98,-15,0,0,42,0,0,229
647.01,1547530515,13347.58,51.487913,7.401681,181.37,12.02,0.00,359.81,0,-99,-16,0,0,43,0,0,27
647.01,1547530515,13347.59,51.487913,7.401681,181.37,12.02,0.00,359.81,0,-91,-10,0,0,46,0,0,313
647.01,1547530515,13347.60,51.487913,7.401681,181.37,12.02,0.00,359.81,0,-92,-12,0,0,47,0,0,451
648.01,1547530516,13359.59,51.488032,7.401687,181.56,12.45,0.00,0.17,0,-96,-13,0,0,43,0,0,398
648.01,1547530516,13359.60,51.488032,7.401687,181.56,12.45,0.00,0.17,0,-98,-15,0,0,42,0,0,229
648.01,1547530516,13359.61,51.488032,7.401687,181.56,12.45,0.00,0.17,0,-99,-16,0,0,43,0,0,27
648.01,1547530516,13359.61,51.488032,7.401687,181.56,12.45,0.00,0.17,0,-91,-10,0,0,46,0,0,313
648.01,1547530516,13359.62,51.488032,7.401687,181.56,12.45,0.00,0.17,0,-92,-12,0,0,47,0,0,451
649.01,1547530517,13372.04,51.488154,7.401694,181.76,12.78,0.00,0.50,0,-104,-17,0,0,38,0,0,38
649.01,1547530517,13372.05,51.488154,7.401694,181.76,12.78,0.00,0.50,0,-104,-18,0,0,39,0,0,436
649.01,1547530517,13372.06,51.488154,7.401694,181.76,12.78,0.00,0.50,0,-88,-8,0,0,46,0,0,451
649.01,1547530517,13372.08,51.488154,7.401694,181.76,12.78,0.00,0.50,0,-92,-14,0,0,47,0,0,313
650.01,1547530518,13384.82,51.488275,7.401698,182.06,12.89,0.00,359.92,0,-104,-17,0,0,38,0,0,38
650.01,1547530518,13384.83,51.488275,7.401698,182.06,12.89,0.00,359.92,0,-104,-18,0,0,39,0,0,436
650.01,1547530518,13384.83,51.488275,7.401698,182.06,12.89,0.00,359.92,0,-88,-8,0,0,46,0,0,451
650.01,1547530518,13384.85,51.488275,7.401698,182.06,12.89,0.00,359.92,0,-92,-14,0,0,47,0,0,313
651.01,1547530519,13397.69,51.488392,7.401703,182.09,12.88,0.00,359.67,0,-103,-15,0,0,38,0,0,34
651.01,1547530519,13397.70,51.488392,7.401703,182.09,12.88,0.00,359.67,0,-104,-17,0,0,38,0,0,436
651.01,1547530519,13397.70,51.488392,7.401703,182.09,12.88,0.00,359.67,0,-105,-20,0,0,40,0,0,13
651.01,1547530519,13397.72,51.488392,7.401703,182.09,12.88,0.00,359.67,0,-85,-6,0,0,48,0,0,451
652.01,1547530520,13410.61,51.488510,7.401708,182.07,13.02,0.00,359.56,0,-103,-15,0,0,38,0,0,34
652.01,1547530520,13410.61,51.488510,7.401708,182.07,13.02,0.00,359.56,0,-104,-17,0,0,38,0,0,436
652.01,1547530520,13410.62,51.488510,7.401708,182.07,13.02,0.00,359.56,0,-105,-20,0,0,40,0,0,13
652.01,1547530520,13410.63,51.488510,7.401708,182.07,13.02,0.00,359.56,0,-85,-6,0,0,48,0,0,451
653.01,1547530521,13423.60,51.488624,7.401710,182.13,13.28,0.00,359.50,0,-104,-17,0,0,39,0,0,316
653.01,1547530521,13423.61,51.488624,7.401710,182.13,13.28,0.00,359.50,0,-105,-18,0,0,39,0,0,436
653.01,1547530521,13423.63,51.488624,7.401710,182.13,13.28,0.00,359.50,0,-105,-19,0,0,39,0,0,16
653.01,1547530521,13423.64,51.488624,7.401710,182.13,13.28,0.00,359.50,0,-84,-6,0,0,48,0,0,451
654.01,1547530522,13436.88,51.488742,7.401711,182.38,13.25,0.00,359.34,0,-104,-17,0,0,39,0,0,316
654.01,1547530522,13436.89,51.488742,7.401711,182.38,13.25,0.00,359.34,0,-105,-18,0,0,39,0,0,436
654.01,1547530522,13436.91,51.488742,7.401711,182.38,13.25,0.00,359.34,0,-105,-19,0,0,39,0,0,16
654.01,1547530522,13436.92,51.488742,7.401711,182.38,13.25,0.00,359.34,0,-84,-6,0,0,48,0,0,451
655.01,1547530523,13450.14,51.488861,7.401710,182.74,13.05,0.00,359.82,0,-105,-17,0,0,38,0,0,38
655.01,1547530523,13450.15,51.488861,7.401710,182.74,13.05,0.00,359.82,0,-105,-18,0,0,38,0,0,436
655.01,1547530523,13450.15,51.488861,7.401710,182.74,13.05,0.00,359.82,0,-105,-17,0,0,38,0,0,34
655.01,1547530523,13450.16,51.488861,7.401710,182.74,13.05,0.00,359.82,0,-82,-6,0,0,50,0,0,451
656.01,1547530524,13463.19,51.488975,7.401711,183.13,12.23,0.00,359.80,0,-105,-17,0,0,38,0,0,38
656.01,1547530524,13463.20,51.488975,7.401711,183.13,12.23,0.00,359.80,0,-105,-18,0,0,38,0,0,436
656.01,1547530524,13463.22,51.488975,7.401711,183.13,12.23,0.00,359.80,0,-105,-17,0,0,38,0,0,34
656.01,1547530524,13463.23,51.488975,7.401711,183.13,12.23,0.00,359.80,0,-82,-6,0,0,50,0,0,451
657.01,1547530525,13475.44,51.489080,7.401710,183.50,11.78,0.00,0.30,0,-105,-17,0,0,41,0,0,16
657.01,1547530525,13475.46,51.489080,7.401710,183.50,11.78,0.00,0.30,0,-105,-17,0,0,40,0,0,436
657.01,1547530525,13475.46,51.489080,7.401710,183.50,11.78,0.00,0.30,0,-105,-16,0,0,39,0,0,35
657.01,1547530525,13475.47,51.489080,7.401710,183.50,11.78,0.00,0.30,0,-86,-7,0,0,47,0,0,451
657.01,1547530525,13475.48,51.489080,7.401710,183.50,11.78,0.00,0.30,0,0,0,0,0,63,0,0,181
657.02,1547530526,13475.49,51.489080,7.401710,183.50,11.78,0.00,0.30,0,0,0,0,0,63,0,0,130
658.01,1547530526,13487.21,51.489177,7.401707,183.78,10.68,0.00,0.86,0,-105,-17,0,0,41,0,0,16
658.01,1547530526,13487.22,51.489177,7.401707,183.78,10.68,0.00,0.86,0,-105,-17,0,0,40,0,0,436
658.01,1547530526,13487.22,51.489177,7.401707,183.78,10.68,0.00,0.86,0,-105,-16,0,0,39,0,0,35
658.01,1547530526,13487.23,51.489177,7.401707,183.78,10.68,0.00,0.86,0,-86,-7,0,0,47,0,0,451
658.01,1547530526,13487.24,51.489177,7.401707,183.78,10.68,0.00,0.86,0,0,0,0,0,63,0,0,181
658.01,1547530526,13487.25,51.489177,7.401707,183.78,10.68,0.00,0.86,0,0,0,0,0,63,0,0,130
659.07,1547530528,13498.54,51.489262,7.401706,183.91,8.95,0.00,0.10,0,-99,-15,0,0,41,0,0,16
659.07,1547530528,13498.54,51.489262,7.401706,183.91,8.95,0.00,0.10,0,-100,-15,0,0,42,0,0,436
659.07,1547530528,13498.55,51.489262,7.401706,183.91,8.95,0.00,0.10,0,-104,-20,0,0,42,0,0,229
659.07,1547530528,13498.55,51.489262,7.401706,183.91,8.95,0.00,0.10,0,-87,-8,0,0,48,0,0,451
659.07,1547530528,13498.55,51.489262,7.401706,183.91,8.95,0.00,0.10,0,-90,-10,0,0,47,0,0,450
660.07,1547530529,13507.46,51.489330,7.401709,183.88,6.51,0.00,0.86,0,-99,-15,0,0,41,0,0,16
660.07,1547530529,13507.46,51.489330,7.401709,183.88,6.51,0.00,0.86,0,-100,-15,0,0,42,0,0,436
660.07,1547530529,13507.47,51.489330,7.401709,183.88,6.51,0.00,0.86,0,-104,-20,0,0,42,0,0,229
660.07,1547530529,13507.48,51.489330,7.401709,183.88,6.51,0.00,0.86,0,-87,-8,0,0,48,0,0,451
660.07,1547530529,13507.48,51.489330,7.401709,183.88,6.51,0.00,0.86,0,-90,-10,0,0,47,0,0,450
661.07,1547530530,13513.97,51.489387,7.401734,183.54,5.96,0.00,13.38,0,-99,-16,0,0,44,0,0,229
661.07,1547530530,13513.98,51.489387,7.401734,183.54,5.96,0.00,13.38,0,-100,-16,0,0,43,0,0,436
661.07,1547530530,13513.98,51.489387,7.401734,183.54,5.96,0.00,13.38,0,-100,-18,0,0,44,0,0,27
661.07,1547530530,13513.98,51.489387,7.401734,183.54,5.96,0.00,13.38,0,-84,-9,0,0,52,0,0,450
661.07,1547530530,13513.99,51.489387,7.401734,183.54,5.96,0.00,13.38,0,-85,-10,0,0,52,0,0,451
662.07,1547530531,13519.93,51.489432,7.401788,183.23,6.76,0.00,38.61,0,-99,-16,0,0,44,0,0,229
662.07,1547530531,13519.94,51.489432,7.401788,183.23,6.76,0.00,38.61,0,-100,-16,0,0,43,0,0,436
662.07,1547530531,13519.95,51.489432,7.401788,183.23,6.76,0.00,38.61,0,-100,-18,0,0,44,0,0,27
662.07,1547530531,13519.95,51.489432,7.401788,183.23,6.76,0.00,38.61,0,-84,-9,0,0,52,0,0,450
662.07,1547530531,13519.95,51.489432,7.401788,183.23,6.76,0.00,38.61,0,-85,-10,0,0,52,0,0,451
663.08,1547530532,13526.73,51.489441,7.401886,183.04,7.94,0.00,79.54,0,-104,-14,0,0,35,0,0,35
663.08,1547530532,13526.74,51.489441,7.401886,183.04,7.94,0.00,79.54,0,-105,-14,0,0,35,0,0,316
663.08,1547530532,13526.76,51.489441,7.401886,183.04,7.94,0.00,79.54,0,-105,-15,0,0,35,0,0,52
663.08,1547530532,13526.78,51.489441,7.401886,183.04,7.94,0.00,79.54,0,-86,-10,0,0,50,0,0,450
663.08,1547530532,13526.78,51.489441,7.401886,183.04,7.94,0.00,79.54,0,-88,-10,0,0,49,0,0,451
664.07,1547530533,13534.62,51.489448,7.401998,182.73,8.05,0.00,82.16,0,-104,-14,0,0,35,0,0,35
664.07,1547530533,13534.64,51.489448,7.401998,182.73,8.05,0.00,82.16,0,-105,-14,0,0,35,0,0,316
664.07,1547530533,13534.64,51.489448,7.401998,182.73,8.05,0.00,82.16,0,-105,-15,0,0,35,0,0,52
664.07,1547530533,13534.65,51.489448,7.401998,182.73,8.05,0.00,82.16,0,-86,-10,0,0,50,0,0,450
664.07,1547530533,13534.65,51.489448,7.401998,182.73,8.05,0.00,82.16,0,-88,-10,0,0,49,0,0,451
665.08,1547530534,13542.75,51.489449,7.402162,182.04,9.37,0.00,82.67,0,-103,-16,0,0,41,0,0,35
665.08,1547530534,13542.76,51.489449,7.402162,182.04,9.37,0.00,82.67,0,-104,-18,0,0,41,0,0,34
665.08,1547530534,13542.77,51.489449,7.402162,182.04,9.37,0.00,82.67,0,-104,-17,0,0,40,0,0,52
665.08,1547530534,13542.77,51.489449,7.402162,182.04,9.37,0.00,82.67,0,-83,-12,0,0,56,0,0,450
665.08,1547530534,13542.77,51.489449,7.402162,182.04,9.37,0.00,82.67,0,-85,-14,0,0,56,0,0,451
666.07,1547530535,13552.03,51.489451,7.402319,181.31,10.85,0.00,85.26,0,-103,-16,0,0,41,0,0,35
666.07,1547530535,13552.04,51.489451,7.402319,181.31,10.85,0.00,85.26,0,-104,-18,0,0,41,0,0,34
666.07,1547530535,13552.04,51.489451,7.402319,181.31,10.85,0.00,85.26,0,-104,-17,0,0,40,0,0,52
666.07,1547530535,13552.06,51.489451,7.402319,181.31,10.85,0.00,85.26,0,-83,-12,0,0,56,0,0,450
666.07,1547530535,13552.07,51.489451,7.402319,181.31,10.85,0.00,85.26,0,-85,-14,0,0,56,0,0,451
667.07,1547530536,13562.89,51.489446,7.402507,180.96,11.50,0.00,86.91,0,-103,-16,0,0,41,0,0,35
667.07,1547530536,13562.91,51.489446,7.402507,180.96,11.50,0.00,86.91,0,-104,-18,0,0,41,0,0,34
667.07,1547530536,13562.91,51.489446,7.402507,180.96,11.50,0.00,86.91,0,-104,-17,0,0,40,0,0,52
667.07,1547530536,13562.92,51.489446,7.402507,180.96,11.50,0.00,86.91,0,-83,-12,0,0,56,0,0,450
667.07,1547530536,13562.93,51.489446,7.402507,180.96,11.50,0.00,86.91,0,-85,-14,0,0,56,0,0,451
668.07,1547530537,13574.39,51.489446,7.402702,180.47,12.24,0.00,88.31,0,-103,-14,0,0,40,0,0,52
668.07,1547530537,13574.39,51.489446,7.402702,180.47,12.24,0.00,88.31,0,-103,-20,0,0,43,0,0,35
668.07,1547530537,13574.40,51.489446,7.402702,180.47,12.24,0.00,88.31,0,-104,-18,0,0,43,0,0,316
668.07,1547530537,13574.41,51.489446,7.402702,180.47,12.24,0.00,88.31,0,0,0,0,0,63,0,0,149
669.07,1547530538,13586.62,51.489445,7.402893,180.00,12.56,0.00,89.20,0,-103,-14,0,0,40,0,0,52
669.07,1547530538,13586.63,51.489445,7.402893,180.00,12.56,0.00,89.20,0,-103,-20,0,0,43,0,0,35
669.07,1547530538,13586.63,51.489445,7.402893,180.00,12.56,0.00,89.20,0,-104,-18,0,0,43,0,0,316
669.07,1547530538,13586.64,51.489445,7.402893,180.00,12.56,0.00,89.20,0,0,0,0,0,63,0,0,149
670.07,1547530539,13599.18,51.489441,7.403083,179.43,13.03,0.00,89.81,0,-104,-16,0,0,41,0,0,55
670.07,1547530539,13599.19,51.489441,7.403083,179.43,13.03,0.00,89.81,0,-105,-17,0,0,41,0,0,52
670.07,1547530539,13599.19,51.489441,7.403083,179.43,13.03,0.00,89.81,0,-105,-18,0,0,41,0,0,27
670.07,1547530539,13599.21,51.489441,7.403083,179.43,13.03,0.00,89.81,0,0,0,0,0,63,0,0,149
671.07,1547530540,13612.21,51.489438,7.403278,179.06,13.40,0.00,90.18,0,-104,-16,0,0,41,0,0,55
671.07,1547530540,13612.22,51.489438,7.403278,179.06,13.40,0.00,90.18,0,-105,-17,0,0,41,0,0,52
671.07,1547530540,13612.22,51.489438,7.403278,179.06,13.40,0.00,90.18,0,-105,-18,0,0,41,0,0,27
671.07,1547530540,13612.24,51.489438,7.403278,179.06,13.40,0.00,90.18,0,0,0,0,0,63,0,0,149
672.07,1547530541,13625.61,51.489431,7.403465,178.47,13.75,0.00,90.43,0,-104,-19,0,0,41,0,0,316
672.07,1547530541,13625.63,51.489431,7.403465,178.47,13.75,0.00,90.43,0,-105,-20,0,0,42,0,0,52
672.07,1547530541,13625.64,51.489431,7.403465,178.47,13.75,0.00,90.43,0,-106,-17,0,0,39,0,0,27
672.07,1547530541,13625.66,51.489431,7.403465,178.47,13.75,0.00,90.43,0,0,0,0,0,63,0,0,149
673.07,1547530542,13639.37,51.489427,7.403675,178.14,14.15,0.00,90.49,0,-104,-19,0,0,41,0,0,316
673.07,1547530542,13639.38,51.489427,7.403675,178.14,14.15,0.00,90.49,0,-105,-20,0,0,42,0,0,52
673.07,1547530542,13639.40,51.489427,7.403675,178.14,14.15,0.00,90.49,0,-106,-17,0,0,39,0,0,27
673.07,1547530542,13639.40,51.489427,7.403675,178.14,14.15,0.00,90.49,0,0,0,0,0,63,0,0,149
674.07,1547530543,13653.53,51.489423,7.403866,177.80,14.52,0.00,90.49,0,-102,-16,0,0,41,0,0,52
674.07,1547530543,13653.55,51.489423,7.403866,177.80,14.52,0.00,90.49,0,-103,-19,0,0,44,0,0,34
674.07,1547530543,13653.56,51.489423,7.403866,177.80,14.52,0.00,90.49,0,-103,-16,0,0,40,0,0,27
674.07,1547530543,13653.56,51.489423,7.403866,177.80,14.52,0.00,90.49,0,0,0,0,0,63,0,0,149
675.07,1547530544,13668.04,51.489417,7.404071,177.97,14.98,0.00,90.20,0,-102,-16,0,0,41,0,0,52
675.07,1547530544,13668.05,51.489417,7.404071,177.97,14.98,0.00,90.20,0,-103,-19,0,0,44,0,0,34
675.07,1547530544,13668.07,51.489417,7.404071,177.97,14.98,0.00,90.20,0,-103,-16,0,0,40,0,0,27
675.07,1547530544,13668.07,51.489417,7.404071,177.97,14.98,0.00,90.20,0,0,0,0,0,63,0,0,149
676.07,1547530545,13683.02,51.489410,7.404293,178.11,15.35,0.00,90.84,0,-101,-15,0,0,40,0,0,27
676.07,1547530545,13683.03,51.489410,7.404293,178.11,15.35,0.00,90.84,0,-102,-15,0,0,40,0,0,52
676.07,1547530545,13683.03,51.489410,7.404293,178.11,15.35,0.00,90.84,0,0,0,0,0,63,0,0,149
677.07,1547530546,13698.35,51.489403,7.404510,178.01,14.86,0.00,91.17,0,-101,-15,0,0,40,0,0,27
677.07,1547530546,13698.37,51.489403,7.404510,178.01,14.86,0.00,91.17,0,-102,-15,0,0,40,0,0,52
677.07,1547530546,13698.38,51.489403,7.404510,178.01,14.86,0.00,91.17,0,0,0,0,0,63,0,0,149
678.07,1547530547,13713.24,51.489398,7.404724,178.04,14.34,0.00,90.50,0,-103,-18,0,0,44,0,0,316
678.07,1547530547,13713.26,51.489398,7.404724,178.04,14.34,0.00,90.50,0,-104,-15,0,0,37,0,0,52
678.07,1547530547,13713.26,51.489398,7.404724,178.04,14.34,0.00,90.50,0,-107,-17,0,0,37,0,0,27
678.07,1547530547,13713.27,51.489398,7.404724,178.04,14.34,0.00,90.50,0,0,0,0,0,63,0,0,149
679.07,1547530548,13727.58,51.489392,7.404936,178.13,13.84,0.00,90.09,0,-103,-18,0,0,44,0,0,316
679.07,1547530548,13727.60,51.489392,7.404936,178.13,13.84,0.00,90.09,0,-104,-15,0,0,37,0,0,52
679.07,1547530548,13727.61,51.489392,7.404936,178.13,13.84,0.00,90.09,0,-107,-17,0,0,37,0,0,27
679.07,1547530548,13727.62,51.489392,7.404936,178.13,13.84,0.00,90.09,0,0,0,0,0,63,0,0,149
680.07,1547530549,13741.41,51.489391,7.405141,178.19,13.43,0.00,89.55,0,-100,-13,0,0,39,0,0,52
680.07,1547530549,13741.41,51.489391,7.405141,178.19,13.43,0.00,89.55,0,-103,-16,0,0,38,0,0,316
680.07,1547530549,13741.42,51.489391,7.405141,178.19,13.43,0.00,89.55,0,0,0,0,0,63,0,0,149
681.07,1547530550,13754.82,51.489393,7.405338,178.39,13.34,0.00,88.34,0,-100,-13,0,0,39,0,0,52
681.07,1547530550,13754.84,51.489393,7.405338,178.39,13.34,0.00,88.34,0,-103,-16,0,0,38,0,0,316
681.07,1547530550,13754.85,51.489393,7.405338,178.39,13.34,0.00,88.34,0,0,0,0,0,63,0,0,149
682.07,1547530551,13768.18,51.489400,7.405530,178.40,13.26,0.00,86.62,0,-92,-12,0,0,46,0,0,52
682.07,1547530551,13768.18,51.489400,7.405530,178.40,13.26,0.00,86.62,0,0,0,0,0,63,0,0,149
683.07,1547530552,13781.43,51.489412,7.405699,178.30,13.08,0.00,84.73,0,-92,-12,0,0,46,0,0,52
683.07,1547530552,13781.44,51.489412,7.405699,178.30,13.08,0.00,84.73,0,0,0,0,0,63,0,0,149
684.07,1547530553,13794.51,51.489429,7.405872,177.97,13.19,0.00,83.06,0,-95,-11,0,0,42,0,0,52
684.07,1547530553,13794.53,51.489429,7.405872,177.97,13.19,0.00,83.06,0,0,0,0,0,63,0,0,149
685.07,1547530554,13807.71,51.489449,7.406055,177.54,13.55,0.00,81.62,0,-95,-11,0,0,42,0,0,52
685.07,1547530554,13807.71,51.489449,7.406055,177.54,13.55,0.00,81.62,0,0,0,0,0,63,0,0,149
