time_s,timestamp_ms,distance_m,latitude,longitude,altitude,velocity_mps,acceleration_mpss,direction,isRegistered,rsrp_dbm,rsrq_db,rssnr_db,cqi,ss,ta,ci,pci
1.03,1547702758,6.10,51.450072,7.488323,252.70,8.72,0.00,165.56,0,-124,-15,0,0,10,0,0,497
1.03,1547702758,6.11,51.450072,7.488323,252.70,8.72,0.00,165.56,0,-127,-18,0,0,10,0,0,464
2.03,1547702759,14.82,51.449991,7.488356,252.59,9.47,0.00,166.39,0,-124,-15,0,0,10,0,0,497
2.03,1547702759,14.83,51.449991,7.488356,252.59,9.47,0.00,166.39,0,-127,-18,0,0,10,0,0,464
3.04,1547702760,24.40,51.449906,7.488386,252.64,10.15,0.00,167.25,0,-124,-14,0,0,10,0,0,497
3.04,1547702760,24.40,51.449906,7.488386,252.64,10.15,0.00,167.25,0,-127,-18,0,0,10,0,0,464
4.03,1547702761,34.44,51.449815,7.488413,252.72,9.98,0.00,168.58,0,-124,-14,0,0,10,0,0,497
4.03,1547702761,34.45,51.449815,7.488413,252.72,9.98,0.00,168.58,0,-127,-18,0,0,10,0,0,464
5.03,1547702762,44.41,51.449726,7.488432,252.45,10.07,0.00,170.09,0,-123,-13,0,0,9,0,0,497
5.03,1547702762,44.42,51.449726,7.488432,252.45,10.07,0.00,170.09,0,-127,-17,0,0,9,0,0,464
6.03,1547702763,54.48,51.449630,7.488449,252.01,10.66,0.00,171.85,0,-123,-13,0,0,9,0,0,497
6.03,1547702763,54.49,51.449630,7.488449,252.01,10.66,0.00,171.85,0,-127,-17,0,0,9,0,0,464
7.03,1547702764,65.14,51.449536,7.488457,251.48,10.63,0.00,174.27,0,-123,-13,0,0,9,0,0,497
7.03,1547702764,65.15,51.449536,7.488457,251.48,10.63,0.00,174.27,0,-127,-17,0,0,9,0,0,464
8.02,1547702765,75.76,51.449422,7.488464,251.55,11.06,0.00,176.18,0,-123,-13,0,0,9,0,0,497
8.02,1547702765,75.76,51.449422,7.488464,251.55,11.06,0.00,176.18,0,-127,-17,0,0,9,0,0,464
13.04,1547702770,135.28,51.448836,7.488412,252.17,12.78,0.00,185.87,0,-102,-8,0,0,24,0,0,315
13.04,1547702770,135.28,51.448836,7.488412,252.17,12.78,0.00,185.87,0,-115,-19,0,0,24,0,0,63
14.03,1547702771,147.90,51.448721,7.488377,252.54,13.13,0.00,189.03,0,-102,-8,0,0,24,0,0,315
14.03,1547702771,147.92,51.448721,7.488377,252.54,13.13,0.00,189.03,0,-115,-19,0,0,24,0,0,63
15.03,1547702772,161.02,51.448601,7.488327,252.97,13.24,0.00,191.12,0,-102,-8,0,0,24,0,0,315
15.03,1547702772,161.04,51.448601,7.488327,252.97,13.24,0.00,191.12,0,-115,-19,0,0,24,0,0,63
18.03,1547702775,201.07,51.448239,7.488171,254.36,13.43,0.00,193.88,0,-111,-15,0,0,24,0,0,156
18.03,1547702775,201.08,51.448239,7.488171,254.36,13.43,0.00,193.88,0,-114,-19,0,0,25,0,0,26
18.03,1547702775,201.08,51.448239,7.488171,254.36,13.43,0.00,193.88,0,-114,-19,0,0,25,0,0,265
19.03,1547702776,214.51,51.448118,7.488115,254.89,13.70,0.00,193.69,0,-111,-15,0,0,24,0,0,156
19.03,1547702776,214.53,51.448118,7.488115,254.89,13.70,0.00,193.69,0,-114,-19,0,0,25,0,0,26
19.03,1547702776,214.54,51.448118,7.488115,254.89,13.70,0.00,193.69,0,-114,-19,0,0,25,0,0,265
20.02,1547702777,228.13,51.447999,7.488061,255.37,13.90,0.00,192.95,0,-112,-16,0,0,21,0,0,265
20.02,1547702777,228.14,51.447999,7.488061,255.37,13.90,0.00,192.95,0,-114,-16,0,0,22,0,0,156
20.02,1547702777,228.14,51.447999,7.488061,255.37,13.90,0.00,192.95,0,-114,-16,0,0,21,0,0,26
21.03,1547702778,242.10,51.447873,7.488007,255.92,13.70,0.00,193.29,0,-112,-16,0,0,21,0,0,265
21.03,1547702778,242.11,51.447873,7.488007,255.92,13.70,0.00,193.29,0,-114,-16,0,0,22,0,0,156
21.03,1547702778,242.12,51.447873,7.488007,255.92,13.70,0.00,193.29,0,-114,-16,0,0,21,0,0,26
22.03,1547702779,255.80,51.447748,7.487960,256.25,13.94,0.00,192.56,0,-114,-14,0,0,20,0,0,265
22.03,1547702779,255.81,51.447748,7.487960,256.25,13.94,0.00,192.56,0,-114,-16,0,0,22,0,0,156
23.03,1547702780,269.72,51.447628,7.487920,256.34,13.60,0.00,190.85,0,-114,-14,0,0,20,0,0,265
23.03,1547702780,269.74,51.447628,7.487920,256.34,13.60,0.00,190.85,0,-114,-16,0,0,22,0,0,156
24.03,1547702781,283.34,51.447508,7.487897,256.42,13.68,0.00,188.25,0,-114,-15,0,0,24,0,0,156
25.03,1547702782,297.00,51.447385,7.487880,257.07,13.69,0.00,185.31,0,-114,-15,0,0,24,0,0,156
26.03,1547702783,310.71,51.447264,7.487876,257.63,13.67,0.00,182.12,0,-110,-15,0,0,24,0,0,315
26.03,1547702783,310.71,51.447264,7.487876,257.63,13.67,0.00,182.12,0,-113,-17,0,0,24,0,0,156
27.03,1547702784,324.38,51.447150,7.487886,257.83,13.92,0.00,178.83,0,-110,-15,0,0,24,0,0,315
27.03,1547702784,324.38,51.447150,7.487886,257.83,13.92,0.00,178.83,0,-113,-17,0,0,24,0,0,156
28.03,1547702785,338.30,51.447032,7.487908,257.93,14.00,0.00,175.41,0,-111,-15,0,0,22,0,0,315
28.03,1547702785,338.31,51.447032,7.487908,257.93,14.00,0.00,175.41,0,-115,-17,0,0,22,0,0,156
28.03,1547702785,338.31,51.447032,7.487908,257.93,14.00,0.00,175.41,0,-116,-20,0,0,23,0,0,199
29.02,1547702786,352.23,51.446904,7.487946,258.03,14.08,0.00,172.32,0,-111,-15,0,0,22,0,0,315
29.02,1547702786,352.24,51.446904,7.487946,258.03,14.08,0.00,172.32,0,-115,-17,0,0,22,0,0,156
29.02,1547702786,352.24,51.446904,7.487946,258.03,14.08,0.00,172.32,0,-116,-20,0,0,23,0,0,199
30.03,1547702787,366.39,51.446771,7.488003,258.08,14.00,0.00,169.59,0,-112,-15,0,0,27,0,0,315
30.03,1547702787,366.40,51.446771,7.488003,258.08,14.00,0.00,169.59,0,-113,-19,0,0,28,0,0,199
30.03,1547702787,366.40,51.446771,7.488003,258.08,14.00,0.00,169.59,0,-114,-19,0,0,27,0,0,156
31.03,1547702788,380.38,51.446631,7.488069,258.12,14.32,0.00,166.26,0,-112,-15,0,0,27,0,0,315
31.03,1547702788,380.40,51.446631,7.488069,258.12,14.32,0.00,166.26,0,-113,-19,0,0,28,0,0,199
31.03,1547702788,380.41,51.446631,7.488069,258.12,14.32,0.00,166.26,0,-114,-19,0,0,27,0,0,156
32.03,1547702789,394.73,51.446517,7.488146,258.09,14.22,0.00,162.59,0,-109,-14,0,0,29,0,0,315
32.03,1547702789,394.73,51.446517,7.488146,258.09,14.22,0.00,162.59,0,-113,-19,0,0,29,0,0,156
32.03,1547702789,394.75,51.446517,7.488146,258.09,14.22,0.00,162.59,0,-127,-16,0,0,8,0,0,59
32.03,1547702789,394.76,51.446517,7.488146,258.09,14.22,0.00,162.59,0,-128,-17,0,0,8,0,0,125
32.03,1547702789,394.76,51.446517,7.488146,258.09,14.22,0.00,162.59,0,-119,-11,0,0,11,0,0,288
32.03,1547702789,394.78,51.446517,7.488146,258.09,14.22,0.00,162.59,0,-125,-17,0,0,12,0,0,384
32.03,1547702789,394.79,51.446517,7.488146,258.09,14.22,0.00,162.59,0,-125,-18,0,0,11,0,0,29
33.03,1547702790,408.97,51.446402,7.488234,257.97,14.42,0.00,159.61,0,-109,-14,0,0,29,0,0,315
33.03,1547702790,408.98,51.446402,7.488234,257.97,14.42,0.00,159.61,0,-113,-19,0,0,29,0,0,156
33.03,1547702790,409.00,51.446402,7.488234,257.97,14.42,0.00,159.61,0,-127,-16,0,0,8,0,0,59
33.03,1547702790,409.00,51.446402,7.488234,257.97,14.42,0.00,159.61,0,-128,-17,0,0,8,0,0,125
33.03,1547702790,409.01,51.446402,7.488234,257.97,14.42,0.00,159.61,0,-119,-11,0,0,11,0,0,288
33.04,1547702790,409.02,51.446402,7.488234,257.97,14.42,0.00,159.61,0,-125,-17,0,0,12,0,0,384
33.04,1547702790,409.04,51.446402,7.488234,257.97,14.42,0.00,159.61,0,-125,-18,0,0,11,0,0,29
49.03,1547702806,646.33,51.444938,7.490794,268.58,12.52,0.00,125.96,0,-110,-17,0,0,25,0,0,440
50.03,1547702807,658.87,51.444871,7.490954,269.29,12.65,0.00,126.54,0,-110,-17,0,0,25,0,0,440
51.03,1547702808,671.49,51.444810,7.491106,269.78,12.09,0.00,127.25,0,-109,-14,0,0,24,0,0,440
52.03,1547702809,683.58,51.444753,7.491239,270.60,10.79,0.00,127.96,0,-109,-14,0,0,24,0,0,440
53.03,1547702810,694.39,51.444707,7.491347,271.69,8.66,0.00,127.02,0,-113,-13,0,0,20,0,0,440
53.03,1547702810,694.40,51.444707,7.491347,271.69,8.66,0.00,127.02,0,-128,-15,0,0,8,0,0,78
53.03,1547702810,694.40,51.444707,7.491347,271.69,8.66,0.00,127.02,0,-118,-9,0,0,11,0,0,288
54.03,1547702811,703.05,51.444670,7.491438,272.51,6.39,0.00,126.99,0,-113,-13,0,0,20,0,0,440
54.03,1547702811,703.05,51.444670,7.491438,272.51,6.39,0.00,126.99,0,-128,-15,0,0,8,0,0,78
54.03,1547702811,703.05,51.444670,7.491438,272.51,6.39,0.00,126.99,0,-118,-9,0,0,11,0,0,288
57.03,1547702814,718.39,51.444611,7.491593,272.98,1.54,0.00,128.54,0,-116,-19,0,0,23,0,0,315
58.03,1547702815,719.91,51.444611,7.491593,272.99,0.00,0.00,128.54,0,-116,-19,0,0,23,0,0,315
59.03,1547702816,719.91,51.444611,7.491593,272.99,0.00,0.00,128.54,0,-116,-19,0,0,23,0,0,315
60.03,1547702817,719.91,51.444611,7.491593,273.01,0.00,0.00,128.54,0,-117,-10,0,0,11,0,0,288
60.03,1547702817,719.91,51.444611,7.491593,273.01,0.00,0.00,128.54,0,-130,-17,0,0,7,0,0,78
60.03,1547702817,719.91,51.444611,7.491593,273.01,0.00,0.00,128.54,0,-131,-18,0,0,7,0,0,59
60.03,1547702817,719.91,51.444611,7.491593,273.01,0.00,0.00,128.54,0,-139,-25,0,0,6,0,0,258
61.03,1547702818,719.91,51.444611,7.491593,273.02,0.00,0.00,128.54,0,-117,-10,0,0,11,0,0,288
61.03,1547702818,719.91,51.444611,7.491593,273.02,0.00,0.00,128.54,0,-130,-17,0,0,7,0,0,78
61.03,1547702818,719.91,51.444611,7.491593,273.02,0.00,0.00,128.54,0,-131,-18,0,0,7,0,0,59
61.03,1547702818,719.91,51.444611,7.491593,273.02,0.00,0.00,128.54,0,-139,-25,0,0,6,0,0,258
62.03,1547702819,719.91,51.444611,7.491593,273.03,0.00,0.00,128.54,0,-123,-12,0,0,10,0,0,288
62.03,1547702819,719.91,51.444611,7.491593,273.03,0.00,0.00,128.54,0,-126,-17,0,0,10,0,0,255
62.03,1547702819,719.91,51.444611,7.491593,273.03,0.00,0.00,128.54,0,-127,-17,0,0,9,0,0,384
62.03,1547702819,719.91,51.444611,7.491593,273.03,0.00,0.00,128.54,0,-126,-16,0,0,9,0,0,78
62.03,1547702819,719.91,51.444611,7.491593,273.03,0.00,0.00,128.54,0,-127,-16,0,0,9,0,0,59
63.03,1547702820,719.91,51.444611,7.491593,273.05,0.00,0.00,128.54,0,-123,-12,0,0,10,0,0,288
63.03,1547702820,719.91,51.444611,7.491593,273.05,0.00,0.00,128.54,0,-126,-17,0,0,10,0,0,255
63.03,1547702820,719.91,51.444611,7.491593,273.05,0.00,0.00,128.54,0,-127,-17,0,0,9,0,0,384
63.03,1547702820,719.91,51.444611,7.491593,273.05,0.00,0.00,128.54,0,-126,-16,0,0,9,0,0,78
63.03,1547702820,719.91,51.444611,7.491593,273.05,0.00,0.00,128.54,0,-127,-16,0,0,9,0,0,59
64.03,1547702821,719.91,51.444611,7.491593,273.07,0.00,0.00,128.54,0,-116,-19,0,0,23,0,0,315
64.03,1547702821,719.91,51.444611,7.491593,273.07,0.00,0.00,128.54,0,-121,-13,0,0,10,0,0,288
64.03,1547702821,719.91,51.444611,7.491593,273.07,0.00,0.00,128.54,0,-126,-17,0,0,10,0,0,255
64.03,1547702821,719.91,51.444611,7.491593,273.07,0.00,0.00,128.54,0,-127,-17,0,0,9,0,0,384
64.03,1547702821,719.91,51.444611,7.491593,273.07,0.00,0.00,128.54,0,-129,-17,0,0,8,0,0,59
64.03,1547702821,719.91,51.444611,7.491593,273.07,0.00,0.00,128.54,0,-129,-17,0,0,8,0,0,78
65.03,1547702822,719.91,51.444611,7.491593,273.08,0.00,0.00,128.54,0,-116,-19,0,0,23,0,0,315
65.03,1547702822,719.91,51.444611,7.491593,273.08,0.00,0.00,128.54,0,-121,-13,0,0,10,0,0,288
65.03,1547702822,719.91,51.444611,7.491593,273.08,0.00,0.00,128.54,0,-126,-17,0,0,10,0,0,255
65.03,1547702822,719.91,51.444611,7.491593,273.08,0.00,0.00,128.54,0,-127,-17,0,0,9,0,0,384
65.03,1547702822,719.91,51.444611,7.491593,273.08,0.00,0.00,128.54,0,-129,-17,0,0,8,0,0,59
65.03,1547702822,719.91,51.444611,7.491593,273.08,0.00,0.00,128.54,0,-129,-17,0,0,8,0,0,78
66.03,1547702823,719.91,51.444611,7.491593,273.25,0.00,0.00,127.55,0,-116,-9,0,0,13,0,0,288
66.03,1547702823,719.91,51.444611,7.491593,273.25,0.00,0.00,127.55,0,-121,-15,0,0,13,0,0,384
66.03,1547702823,719.91,51.444611,7.491593,273.25,0.00,0.00,127.55,0,-122,-16,0,0,14,0,0,255
66.03,1547702823,719.91,51.444611,7.491593,273.25,0.00,0.00,127.55,0,-126,-16,0,0,9,0,0,78
66.03,1547702823,719.91,51.444611,7.491593,273.25,0.00,0.00,127.55,0,-127,-17,0,0,9,0,0,125
66.03,1547702823,719.91,51.444611,7.491593,273.25,0.00,0.00,127.55,0,-128,-18,0,0,9,0,0,59
67.03,1547702824,719.91,51.444581,7.491668,273.40,0.00,0.00,127.57,0,-116,-9,0,0,13,0,0,288
67.03,1547702824,719.91,51.444581,7.491668,273.40,0.00,0.00,127.57,0,-121,-15,0,0,13,0,0,384
67.03,1547702824,719.91,51.444581,7.491668,273.40,0.00,0.00,127.57,0,-122,-16,0,0,14,0,0,255
67.03,1547702824,719.91,51.444581,7.491668,273.40,0.00,0.00,127.57,0,-126,-16,0,0,9,0,0,78
67.03,1547702824,719.91,51.444581,7.491668,273.40,0.00,0.00,127.57,0,-127,-17,0,0,9,0,0,125
67.03,1547702824,719.91,51.444581,7.491668,273.40,0.00,0.00,127.57,0,-128,-18,0,0,9,0,0,59
68.03,1547702825,719.92,51.444546,7.491713,274.79,4.28,0.00,141.81,0,-115,-20,0,0,27,0,0,315
68.03,1547702825,719.93,51.444546,7.491713,274.79,4.28,0.00,141.81,0,-119,-11,0,0,11,0,0,288
68.03,1547702825,719.93,51.444546,7.491713,274.79,4.28,0.00,141.81,0,-127,-16,0,0,10,0,0,78
68.03,1547702825,719.93,51.444546,7.491713,274.79,4.28,0.00,141.81,0,-128,-17,0,0,10,0,0,125
68.03,1547702825,719.93,51.444546,7.491713,274.79,4.28,0.00,141.81,0,-128,-18,0,0,9,0,0,59
69.03,1547702826,724.20,51.444499,7.491735,275.57,5.79,0.00,167.61,0,-115,-20,0,0,27,0,0,315
69.03,1547702826,724.21,51.444499,7.491735,275.57,5.79,0.00,167.61,0,-119,-11,0,0,11,0,0,288
69.03,1547702826,724.21,51.444499,7.491735,275.57,5.79,0.00,167.61,0,-127,-16,0,0,10,0,0,78
69.03,1547702826,724.22,51.444499,7.491735,275.57,5.79,0.00,167.61,0,-128,-17,0,0,10,0,0,125
69.03,1547702826,724.22,51.444499,7.491735,275.57,5.79,0.00,167.61,0,-128,-18,0,0,9,0,0,59
70.03,1547702827,729.99,51.444438,7.491703,276.29,7.78,0.00,199.54,0,-111,-17,0,0,29,0,0,77
70.03,1547702827,730.00,51.444438,7.491703,276.29,7.78,0.00,199.54,0,-112,-19,0,0,29,0,0,315
70.03,1547702827,730.00,51.444438,7.491703,276.29,7.78,0.00,199.54,0,-114,-19,0,0,25,0,0,179
71.03,1547702828,737.75,51.444367,7.491654,276.54,8.11,0.00,212.66,0,-111,-17,0,0,29,0,0,77
71.03,1547702828,737.75,51.444367,7.491654,276.54,8.11,0.00,212.66,0,-112,-19,0,0,29,0,0,315
71.03,1547702828,737.76,51.444367,7.491654,276.54,8.11,0.00,212.66,0,-114,-19,0,0,25,0,0,179
74.03,1547702831,765.05,51.444133,7.491407,278.32,11.60,0.00,215.45,0,-110,-18,0,0,30,0,0,315
75.03,1547702832,776.66,51.444046,7.491307,278.80,12.11,0.00,215.12,0,-110,-18,0,0,30,0,0,315
76.03,1547702833,788.76,51.443976,7.491214,278.48,12.64,0.00,214.72,0,-109,-19,0,0,33,0,0,315
77.03,1547702834,801.41,51.443877,7.491100,277.83,13.45,0.00,214.71,0,-109,-19,0,0,33,0,0,315
81.03,1547702838,859.82,51.443420,7.490590,276.91,16.28,0.00,216.75,0,-108,-16,0,0,29,0,0,142
82.03,1547702839,876.12,51.443301,7.490450,276.75,16.82,0.00,216.61,0,-108,-16,0,0,29,0,0,142
83.03,1547702840,892.96,51.443179,7.490301,276.46,17.06,0.00,216.30,0,-110,-18,0,0,30,0,0,142
83.03,1547702840,892.98,51.443179,7.490301,276.46,17.06,0.00,216.30,0,-111,-20,0,0,30,0,0,9
84.03,1547702841,910.01,51.443056,7.490150,276.11,17.07,0.00,216.28,0,-110,-18,0,0,30,0,0,142
84.03,1547702841,910.02,51.443056,7.490150,276.11,17.07,0.00,216.28,0,-111,-20,0,0,30,0,0,9
85.03,1547702842,927.08,51.442938,7.490002,275.59,16.50,0.00,216.10,0,-113,-19,0,0,26,0,0,356
86.03,1547702843,943.56,51.442817,7.489860,275.07,16.15,0.00,216.06,0,-113,-19,0,0,26,0,0,356
120.13,1547702877,1459.47,51.439754,7.484241,282.13,14.46,0.00,232.58,0,-102,-17,0,0,36,0,0,6
121.13,1547702878,1473.93,51.439662,7.484035,282.18,15.95,0.00,233.17,0,-102,-17,0,0,36,0,0,6
122.13,1547702879,1489.93,51.439576,7.483854,282.44,16.14,0.00,233.80,0,-98,-15,0,0,38,0,0,6
123.12,1547702880,1506.01,51.439492,7.483659,282.64,15.72,0.00,234.30,0,-98,-15,0,0,38,0,0,6
124.13,1547702881,1521.90,51.439408,7.483463,283.20,15.24,0.00,235.21,0,-97,-13,0,0,36,0,0,6
125.13,1547702882,1537.02,51.439330,7.483280,283.69,14.85,0.00,235.88,0,-97,-13,0,0,36,0,0,6
126.13,1547702883,1551.88,51.439249,7.483080,283.91,14.69,0.00,236.95,0,-97,-13,0,0,36,0,0,6
127.12,1547702884,1566.47,51.439173,7.482880,284.16,14.85,0.00,238.07,0,-96,-13,0,0,38,0,0,6
128.12,1547702885,1581.33,51.439099,7.482686,284.66,14.25,0.00,238.80,0,-96,-13,0,0,38,0,0,6
131.13,1547702888,1628.63,51.438872,7.482045,285.93,16.51,0.00,240.10,0,-100,-13,0,0,33,0,0,6
132.13,1547702889,1645.12,51.438794,7.481814,286.00,15.27,0.00,240.54,0,-100,-13,0,0,33,0,0,6
133.12,1547702890,1660.36,51.438723,7.481599,286.49,15.69,0.00,239.84,0,-101,-16,0,0,36,0,0,6
134.12,1547702891,1676.05,51.438646,7.481386,287.50,16.77,0.00,239.31,0,-101,-16,0,0,36,0,0,6
135.12,1547702892,1692.82,51.438568,7.481172,287.90,16.23,0.00,238.80,0,-96,-17,0,0,41,0,0,6
136.13,1547702893,1709.09,51.438494,7.480965,288.12,16.36,0.00,238.59,0,-96,-17,0,0,41,0,0,6
141.13,1547702898,1791.24,51.438134,7.479926,289.09,14.68,0.00,240.11,0,-96,-11,0,0,39,0,0,6
141.13,1547702898,1791.26,51.438134,7.479926,289.09,14.68,0.00,240.11,0,-101,-16,0,0,38,0,0,186
142.13,1547702899,1805.92,51.438061,7.479716,289.37,15.35,0.00,241.03,0,-96,-11,0,0,39,0,0,6
142.13,1547702899,1805.93,51.438061,7.479716,289.37,15.35,0.00,241.03,0,-101,-16,0,0,38,0,0,186
143.13,1547702900,1821.25,51.437989,7.479500,289.83,15.27,0.00,240.90,0,-94,-12,0,0,38,0,0,6
144.12,1547702901,1836.46,51.437925,7.479307,289.70,14.85,0.00,241.48,0,-94,-12,0,0,38,0,0,6
145.13,1547702902,1851.39,51.437857,7.479106,289.85,14.78,0.00,241.92,0,-89,-14,0,0,44,0,0,6
146.12,1547702903,1866.11,51.437794,7.478903,289.60,14.80,0.00,242.89,0,-89,-14,0,0,44,0,0,6
147.13,1547702904,1880.97,51.437740,7.478709,289.55,13.73,0.00,244.13,0,-89,-14,0,0,44,0,0,6
148.13,1547702905,1894.68,51.437681,7.478510,289.11,13.83,0.00,244.80,0,-87,-9,0,0,40,0,0,6
149.13,1547702906,1908.51,51.437617,7.478304,289.19,14.00,0.00,243.85,0,-87,-9,0,0,40,0,0,6
150.13,1547702907,1922.51,51.437555,7.478104,289.71,13.93,0.00,243.35,0,-90,-8,0,0,39,0,0,6
151.13,1547702908,1936.43,51.437501,7.477935,289.70,13.47,0.00,244.12,0,-90,-8,0,0,39,0,0,6
152.12,1547702909,1949.84,51.437447,7.477769,289.86,12.05,0.00,243.75,0,-90,-9,0,0,41,0,0,6
153.13,1547702910,1961.94,51.437385,7.477581,290.03,12.65,0.00,242.74,0,-90,-9,0,0,41,0,0,6
162.12,1547702919,2066.03,51.437267,7.476095,290.10,8.32,0.00,330.26,0,-98,-15,0,0,40,0,0,440
163.12,1547702920,2074.35,51.437359,7.476083,290.28,8.88,0.00,357.36,0,-98,-15,0,0,40,0,0,440
164.13,1547702921,2083.27,51.437451,7.476133,289.88,9.46,0.00,24.16,0,-101,-15,0,0,35,0,0,440
165.13,1547702922,2092.72,51.437534,7.476248,289.23,10.21,0.00,44.04,0,-101,-15,0,0,35,0,0,440
171.13,1547702928,2172.17,51.438041,7.477217,288.99,16.27,0.00,53.90,0,-101,-11,0,0,30,0,0,440
172.12,1547702929,2188.35,51.438134,7.477428,289.19,17.24,0.00,54.84,0,-101,-11,0,0,30,0,0,440
173.12,1547702930,2205.61,51.438226,7.477651,289.21,18.44,0.00,55.58,0,-99,-15,0,0,36,0,0,440
174.13,1547702931,2224.17,51.438322,7.477888,289.08,19.93,0.00,56.54,0,-99,-15,0,0,36,0,0,440
175.13,1547702932,2244.10,51.438421,7.478129,289.13,20.03,0.00,56.39,0,-101,-12,0,0,34,0,0,440
176.13,1547702933,2264.10,51.438537,7.478409,288.69,21.40,0.00,56.90,0,-101,-12,0,0,34,0,0,440
177.13,1547702934,2285.48,51.438643,7.478676,288.20,22.16,0.00,57.56,0,-98,-9,0,0,32,0,0,440
178.13,1547702935,2307.64,51.438753,7.478941,287.48,23.15,0.00,56.46,0,-98,-9,0,0,32,0,0,440
179.13,1547702936,2330.81,51.438862,7.479213,286.57,23.42,0.00,56.87,0,-104,-10,0,0,33,0,0,440
180.13,1547702937,2354.23,51.438971,7.479491,285.65,23.29,0.00,56.15,0,-104,-10,0,0,33,0,0,440
181.13,1547702938,2377.49,51.439087,7.479764,284.77,23.07,0.00,55.33,0,-101,-7,0,0,25,0,0,440
182.13,1547702939,2400.58,51.439203,7.480036,283.95,22.95,0.00,55.43,0,-101,-7,0,0,25,0,0,440
183.12,1547702940,2423.44,51.439318,7.480300,283.01,23.05,0.00,54.94,0,-108,-19,0,0,33,0,0,6
184.13,1547702941,2446.60,51.439439,7.480572,282.43,23.27,0.00,54.81,0,-108,-19,0,0,33,0,0,6
192.13,1547702949,2629.80,51.440522,7.482532,279.33,21.95,0.00,41.99,0,-111,-19,0,0,27,0,0,6
192.13,1547702949,2629.80,51.440522,7.482532,279.33,21.95,0.00,41.99,0,-113,-19,0,0,27,0,0,315
193.13,1547702950,2651.72,51.440670,7.482739,279.16,21.74,0.00,40.72,0,-111,-19,0,0,27,0,0,6
193.13,1547702950,2651.75,51.440670,7.482739,279.16,21.74,0.00,40.72,0,-113,-19,0,0,27,0,0,315
194.13,1547702951,2673.49,51.440816,7.482940,278.97,21.65,0.00,39.74,0,-108,-15,0,0,27,0,0,265
194.13,1547702951,2673.51,51.440816,7.482940,278.97,21.65,0.00,39.74,0,-111,-19,0,0,28,0,0,492
194.13,1547702951,2673.51,51.440816,7.482940,278.97,21.65,0.00,39.74,0,-111,-18,0,0,27,0,0,179
195.13,1547702952,2695.14,51.440970,7.483138,278.93,21.78,0.00,38.85,0,-108,-15,0,0,27,0,0,265
195.13,1547702952,2695.16,51.440970,7.483138,278.93,21.78,0.00,38.85,0,-111,-19,0,0,28,0,0,492
195.13,1547702952,2695.18,51.440970,7.483138,278.93,21.78,0.00,38.85,0,-111,-18,0,0,27,0,0,179
198.13,1547702955,2760.68,51.441442,7.483691,278.65,21.83,0.00,33.37,0,-109,-19,0,0,30,0,0,440
199.13,1547702956,2782.46,51.441602,7.483862,278.44,21.71,0.00,33.61,0,-109,-19,0,0,30,0,0,440
200.13,1547702957,2804.24,51.441763,7.484031,278.28,21.58,0.00,33.02,0,-106,-18,0,0,34,0,0,440
200.13,1547702957,2804.27,51.441763,7.484031,278.28,21.58,0.00,33.02,0,-107,-18,0,0,34,0,0,315
200.13,1547702957,2804.29,51.441763,7.484031,278.28,21.58,0.00,33.02,0,-110,-20,0,0,31,0,0,214
201.13,1547702958,2825.83,51.441928,7.484179,278.16,21.18,0.00,28.89,0,-106,-18,0,0,34,0,0,440
201.13,1547702958,2825.85,51.441928,7.484179,278.16,21.18,0.00,28.89,0,-107,-18,0,0,34,0,0,315
201.13,1547702958,2825.85,51.441928,7.484179,278.16,21.18,0.00,28.89,0,-110,-20,0,0,31,0,0,214
202.14,1547702959,2847.20,51.442094,7.484329,278.16,21.05,0.00,27.90,0,-109,-15,0,0,30,0,0,315
202.14,1547702959,2847.20,51.442094,7.484329,278.16,21.05,0.00,27.90,0,-111,-17,0,0,30,0,0,440
203.13,1547702960,2868.01,51.442265,7.484476,278.21,21.29,0.00,27.36,0,-109,-15,0,0,30,0,0,315
203.13,1547702960,2868.03,51.442265,7.484476,278.21,21.29,0.00,27.36,0,-111,-17,0,0,30,0,0,440
204.13,1547702961,2889.32,51.442432,7.484620,278.12,21.26,0.00,26.73,0,-109,-18,0,0,32,0,0,440
204.13,1547702961,2889.35,51.442432,7.484620,278.12,21.26,0.00,26.73,0,-111,-18,0,0,30,0,0,315
205.13,1547702962,2910.61,51.442600,7.484756,277.84,20.61,0.00,25.80,0,-109,-18,0,0,32,0,0,440
205.13,1547702962,2910.61,51.442600,7.484756,277.84,20.61,0.00,25.80,0,-111,-18,0,0,30,0,0,315
206.13,1547702963,2931.25,51.442759,7.484885,277.43,20.42,0.00,24.96,0,-108,-13,0,0,26,0,0,315
206.13,1547702963,2931.27,51.442759,7.484885,277.43,20.42,0.00,24.96,0,-112,-19,0,0,26,0,0,440
206.13,1547702963,2931.27,51.442759,7.484885,277.43,20.42,0.00,24.96,0,-120,-18,0,0,17,0,0,78
206.13,1547702963,2931.29,51.442759,7.484885,277.43,20.42,0.00,24.96,0,-127,-16,0,0,9,0,0,464
206.13,1547702963,2931.32,51.442759,7.484885,277.43,20.42,0.00,24.96,0,-118,-11,0,0,12,0,0,288
206.13,1547702963,2931.32,51.442759,7.484885,277.43,20.42,0.00,24.96,0,-124,-16,0,0,11,0,0,323
207.13,1547702964,2951.68,51.442921,7.485004,277.00,20.18,0.00,24.47,0,-108,-13,0,0,26,0,0,315
207.13,1547702964,2951.70,51.442921,7.485004,277.00,20.18,0.00,24.47,0,-112,-19,0,0,26,0,0,440
207.13,1547702964,2951.70,51.442921,7.485004,277.00,20.18,0.00,24.47,0,-120,-18,0,0,17,0,0,78
207.13,1547702964,2951.72,51.442921,7.485004,277.00,20.18,0.00,24.47,0,-127,-16,0,0,9,0,0,464
207.13,1547702964,2951.74,51.442921,7.485004,277.00,20.18,0.00,24.47,0,-118,-11,0,0,12,0,0,288
207.13,1547702964,2951.74,51.442921,7.485004,277.00,20.18,0.00,24.47,0,-124,-16,0,0,11,0,0,323
208.13,1547702965,2971.86,51.443080,7.485121,276.55,20.02,0.00,23.85,0,-109,-16,0,0,30,0,0,315
208.13,1547702965,2971.86,51.443080,7.485121,276.55,20.02,0.00,23.85,0,-111,-19,0,0,29,0,0,440
208.13,1547702965,2971.88,51.443080,7.485121,276.55,20.02,0.00,23.85,0,-127,-16,0,0,8,0,0,78
208.13,1547702965,2971.90,51.443080,7.485121,276.55,20.02,0.00,23.85,0,-128,-17,0,0,9,0,0,464
208.13,1547702965,2971.92,51.443080,7.485121,276.55,20.02,0.00,23.85,0,-117,-11,0,0,12,0,0,288
208.13,1547702965,2971.92,51.443080,7.485121,276.55,20.02,0.00,23.85,0,0,0,0,0,63,0,0,272
209.13,1547702966,2991.87,51.443238,7.485235,276.18,19.91,0.00,23.69,0,-109,-16,0,0,30,0,0,315
209.13,1547702966,2991.89,51.443238,7.485235,276.18,19.91,0.00,23.69,0,-111,-19,0,0,29,0,0,440
209.13,1547702966,2991.91,51.443238,7.485235,276.18,19.91,0.00,23.69,0,-127,-16,0,0,8,0,0,78
209.13,1547702966,2991.93,51.443238,7.485235,276.18,19.91,0.00,23.69,0,-128,-17,0,0,9,0,0,464
209.13,1547702966,2991.93,51.443238,7.485235,276.18,19.91,0.00,23.69,0,-117,-11,0,0,12,0,0,288
209.13,1547702966,2991.95,51.443238,7.485235,276.18,19.91,0.00,23.69,0,0,0,0,0,63,0,0,272
210.14,1547702967,3011.94,51.443395,7.485346,275.75,19.74,0.00,23.50,0,-122,-12,0,0,9,0,0,270
210.14,1547702967,3011.96,51.443395,7.485346,275.75,19.74,0.00,23.50,0,-128,-16,0,0,9,0,0,78
210.14,1547702967,3011.96,51.443395,7.485346,275.75,19.74,0.00,23.50,0,-128,-18,0,0,9,0,0,464
210.14,1547702967,3011.98,51.443395,7.485346,275.75,19.74,0.00,23.50,0,-115,-9,0,0,13,0,0,288
210.14,1547702967,3012.00,51.443395,7.485346,275.75,19.74,0.00,23.50,0,0,0,0,0,63,0,0,272
211.13,1547702968,3031.50,51.443555,7.485450,275.36,19.57,0.00,22.78,0,-122,-12,0,0,9,0,0,270
211.13,1547702968,3031.52,51.443555,7.485450,275.36,19.57,0.00,22.78,0,-128,-16,0,0,9,0,0,78
211.13,1547702968,3031.54,51.443555,7.485450,275.36,19.57,0.00,22.78,0,-128,-18,0,0,9,0,0,464
211.13,1547702968,3031.56,51.443555,7.485450,275.36,19.57,0.00,22.78,0,-115,-9,0,0,13,0,0,288
211.13,1547702968,3031.56,51.443555,7.485450,275.36,19.57,0.00,22.78,0,0,0,0,0,63,0,0,272
212.13,1547702969,3051.08,51.443714,7.485551,274.86,19.18,0.00,21.69,0,-122,-12,0,0,9,0,0,270
212.13,1547702969,3051.10,51.443714,7.485551,274.86,19.18,0.00,21.69,0,-128,-16,0,0,9,0,0,78
212.13,1547702969,3051.10,51.443714,7.485551,274.86,19.18,0.00,21.69,0,-128,-18,0,0,9,0,0,464
212.13,1547702969,3051.11,51.443714,7.485551,274.86,19.18,0.00,21.69,0,-115,-9,0,0,13,0,0,288
212.13,1547702969,3051.13,51.443714,7.485551,274.86,19.18,0.00,21.69,0,0,0,0,0,63,0,0,272
213.15,1547702970,3070.60,51.443863,7.485647,274.26,18.21,0.00,20.95,0,-109,-16,0,0,28,0,0,315
213.15,1547702970,3070.62,51.443863,7.485647,274.26,18.21,0.00,20.95,0,-125,-14,0,0,9,0,0,270
213.15,1547702970,3070.62,51.443863,7.485647,274.26,18.21,0.00,20.95,0,-128,-18,0,0,9,0,0,175
213.15,1547702970,3070.64,51.443863,7.485647,274.26,18.21,0.00,20.95,0,-128,-18,0,0,9,0,0,464
213.15,1547702970,3070.66,51.443863,7.485647,274.26,18.21,0.00,20.95,0,-117,-8,0,0,11,0,0,288
213.15,1547702970,3070.66,51.443863,7.485647,274.26,18.21,0.00,20.95,0,0,0,0,0,63,0,0,272
214.13,1547702971,3088.43,51.444007,7.485733,273.82,17.64,0.00,20.59,0,-109,-16,0,0,28,0,0,315
214.13,1547702971,3088.43,51.444007,7.485733,273.82,17.64,0.00,20.59,0,-125,-14,0,0,9,0,0,270
214.13,1547702971,3088.45,51.444007,7.485733,273.82,17.64,0.00,20.59,0,-128,-18,0,0,9,0,0,175
214.13,1547702971,3088.45,51.444007,7.485733,273.82,17.64,0.00,20.59,0,-128,-18,0,0,9,0,0,464
214.13,1547702971,3088.45,51.444007,7.485733,273.82,17.64,0.00,20.59,0,-117,-8,0,0,11,0,0,288
214.13,1547702971,3088.46,51.444007,7.485733,273.82,17.64,0.00,20.59,0,0,0,0,0,63,0,0,272
215.13,1547702972,3106.09,51.444151,7.485819,273.37,17.15,0.00,20.32,0,-107,-20,0,0,32,0,0,26
216.13,1547702973,3123.21,51.444294,7.485908,272.85,16.30,0.00,20.94,0,-107,-20,0,0,32,0,0,26
217.13,1547702974,3139.52,51.444434,7.486007,272.78,15.48,0.00,23.81,0,-103,-9,0,0,25,0,0,315
218.13,1547702975,3155.00,51.444548,7.486145,272.53,14.86,0.00,38.35,0,-103,-9,0,0,25,0,0,315
219.13,1547702976,3169.88,51.444644,7.486286,271.85,14.25,0.00,41.45,0,-110,-12,0,0,22,0,0,315
219.13,1547702976,3169.88,51.444644,7.486286,271.85,14.25,0.00,41.45,0,-112,-11,0,0,22,0,0,265
220.13,1547702977,3184.13,51.444704,7.486459,270.90,13.63,0.00,61.00,0,-110,-12,0,0,22,0,0,315
220.13,1547702977,3184.13,51.444704,7.486459,270.90,13.63,0.00,61.00,0,-112,-11,0,0,22,0,0,265
225.13,1547702982,3250.05,51.444582,7.487350,266.13,12.38,0.00,134.01,0,-112,-11,0,0,18,0,0,440
225.13,1547702982,3250.06,51.444582,7.487350,266.13,12.38,0.00,134.01,0,-118,-15,0,0,16,0,0,26
226.13,1547702983,3262.42,51.444504,7.487455,265.93,11.70,0.00,137.96,0,-112,-11,0,0,18,0,0,440
226.13,1547702983,3262.43,51.444504,7.487455,265.93,11.70,0.00,137.96,0,-118,-15,0,0,16,0,0,26
227.13,1547702984,3274.13,51.444397,7.487518,265.21,12.73,0.00,160.99,0,0,0,0,0,63,0,0,272
227.13,1547702984,3274.14,51.444397,7.487518,265.21,12.73,0.00,160.99,0,0,0,0,0,63,0,0,76
228.13,1547702985,3286.86,51.444278,7.487565,264.74,13.23,0.00,165.10,0,0,0,0,0,63,0,0,272
228.13,1547702985,3286.87,51.444278,7.487565,264.74,13.23,0.00,165.10,0,0,0,0,0,63,0,0,76
229.13,1547702986,3300.13,51.444157,7.487538,264.47,12.83,0.00,189.75,0,-120,-12,0,0,10,0,0,288
229.13,1547702986,3300.14,51.444157,7.487538,264.47,12.83,0.00,189.75,0,-125,-16,0,0,10,0,0,219
229.13,1547702986,3300.15,51.444157,7.487538,264.47,12.83,0.00,189.75,0,-126,-16,0,0,10,0,0,114
229.13,1547702986,3300.15,51.444157,7.487538,264.47,12.83,0.00,189.75,0,0,0,0,0,63,0,0,272
229.13,1547702986,3300.17,51.444157,7.487538,264.47,12.83,0.00,189.75,0,0,0,0,0,63,0,0,76
230.13,1547702987,3312.96,51.444031,7.487470,264.15,12.67,0.00,203.86,0,-120,-12,0,0,10,0,0,288
230.13,1547702987,3312.97,51.444031,7.487470,264.15,12.67,0.00,203.86,0,-125,-16,0,0,10,0,0,219
230.13,1547702987,3312.98,51.444031,7.487470,264.15,12.67,0.00,203.86,0,-126,-16,0,0,10,0,0,114
230.13,1547702987,3312.99,51.444031,7.487470,264.15,12.67,0.00,203.86,0,0,0,0,0,63,0,0,272
230.13,1547702987,3312.99,51.444031,7.487470,264.15,12.67,0.00,203.86,0,0,0,0,0,63,0,0,76
231.13,1547702988,3325.71,51.443926,7.487356,263.87,13.24,0.00,217.20,0,-123,-13,0,0,11,0,0,288
231.14,1547702988,3325.73,51.443926,7.487356,263.87,13.24,0.00,217.20,0,-125,-17,0,0,11,0,0,204
231.14,1547702988,3325.74,51.443926,7.487356,263.87,13.24,0.00,217.20,0,-125,-17,0,0,11,0,0,114
231.14,1547702988,3325.75,51.443926,7.487356,263.87,13.24,0.00,217.20,0,0,0,0,0,63,0,0,272
232.13,1547702989,3338.86,51.443859,7.487222,263.98,12.67,0.00,234.20,0,-123,-13,0,0,11,0,0,288
232.13,1547702989,3338.86,51.443859,7.487222,263.98,12.67,0.00,234.20,0,-125,-17,0,0,11,0,0,204
232.13,1547702989,3338.87,51.443859,7.487222,263.98,12.67,0.00,234.20,0,-125,-17,0,0,11,0,0,114
232.13,1547702989,3338.88,51.443859,7.487222,263.98,12.67,0.00,234.20,0,0,0,0,0,63,0,0,272
233.13,1547702990,3351.51,51.443792,7.487069,264.04,13.27,0.00,237.90,0,-123,-13,0,0,11,0,0,288
233.13,1547702990,3351.51,51.443792,7.487069,264.04,13.27,0.00,237.90,0,-125,-17,0,0,11,0,0,204
233.13,1547702990,3351.52,51.443792,7.487069,264.04,13.27,0.00,237.90,0,-125,-17,0,0,11,0,0,114
233.13,1547702990,3351.54,51.443792,7.487069,264.04,13.27,0.00,237.90,0,0,0,0,0,63,0,0,272
234.13,1547702991,3364.79,51.443755,7.486894,263.77,13.14,0.00,250.42,0,-115,-18,0,0,22,0,0,9
234.13,1547702991,3364.79,51.443755,7.486894,263.77,13.14,0.00,250.42,0,-120,-11,0,0,10,0,0,288
234.13,1547702991,3364.81,51.443755,7.486894,263.77,13.14,0.00,250.42,0,-125,-17,0,0,10,0,0,219
234.13,1547702991,3364.82,51.443755,7.486894,263.77,13.14,0.00,250.42,0,-126,-16,0,0,10,0,0,114
234.13,1547702991,3364.82,51.443755,7.486894,263.77,13.14,0.00,250.42,0,0,0,0,0,63,0,0,272
235.13,1547702992,3377.94,51.443747,7.486672,263.56,14.77,0.00,268.04,0,-115,-18,0,0,22,0,0,9
235.13,1547702992,3377.95,51.443747,7.486672,263.56,14.77,0.00,268.04,0,-120,-11,0,0,10,0,0,288
235.13,1547702992,3377.95,51.443747,7.486672,263.56,14.77,0.00,268.04,0,-125,-17,0,0,10,0,0,219
235.13,1547702992,3377.97,51.443747,7.486672,263.56,14.77,0.00,268.04,0,-126,-16,0,0,10,0,0,114
235.13,1547702992,3377.98,51.443747,7.486672,263.56,14.77,0.00,268.04,0,0,0,0,0,63,0,0,272
236.13,1547702993,3392.69,51.443742,7.486445,263.46,15.78,0.00,268.43,0,-120,-11,0,0,10,0,0,288
236.13,1547702993,3392.71,51.443742,7.486445,263.46,15.78,0.00,268.43,0,-125,-16,0,0,10,0,0,204
236.13,1547702993,3392.71,51.443742,7.486445,263.46,15.78,0.00,268.43,0,-126,-17,0,0,11,0,0,114
236.13,1547702993,3392.73,51.443742,7.486445,263.46,15.78,0.00,268.43,0,0,0,0,0,63,0,0,272
237.13,1547702994,3408.47,51.443734,7.486199,263.37,16.46,0.00,268.90,0,-120,-11,0,0,10,0,0,288
237.13,1547702994,3408.49,51.443734,7.486199,263.37,16.46,0.00,268.90,0,-125,-16,0,0,10,0,0,204
237.13,1547702994,3408.50,51.443734,7.486199,263.37,16.46,0.00,268.90,0,-126,-17,0,0,11,0,0,114
237.13,1547702994,3408.52,51.443734,7.486199,263.37,16.46,0.00,268.90,0,0,0,0,0,63,0,0,272
238.13,1547702995,3424.91,51.443728,7.485944,263.52,17.67,0.00,268.52,0,-118,-9,0,0,11,0,0,288
238.13,1547702995,3424.93,51.443728,7.485944,263.52,17.67,0.00,268.52,0,-123,-15,0,0,11,0,0,204
238.13,1547702995,3424.93,51.443728,7.485944,263.52,17.67,0.00,268.52,0,0,0,0,0,63,0,0,272
239.13,1547702996,3442.61,51.443724,7.485685,263.55,18.50,0.00,268.21,0,-118,-9,0,0,11,0,0,288
239.13,1547702996,3442.61,51.443724,7.485685,263.55,18.50,0.00,268.21,0,-123,-15,0,0,11,0,0,204
239.13,1547702996,3442.62,51.443724,7.485685,263.55,18.50,0.00,268.21,0,0,0,0,0,63,0,0,272
240.13,1547702997,3461.11,51.443717,7.485402,263.58,17.50,0.00,268.69,0,-117,-17,0,0,19,0,0,265
240.13,1547702997,3461.13,51.443717,7.485402,263.58,17.50,0.00,268.69,0,-117,-19,0,0,21,0,0,315
240.13,1547702997,3461.14,51.443717,7.485402,263.58,17.50,0.00,268.69,0,-120,-10,0,0,10,0,0,288
240.13,1547702997,3461.14,51.443717,7.485402,263.58,17.50,0.00,268.69,0,-126,-16,0,0,10,0,0,204
240.13,1547702997,3461.16,51.443717,7.485402,263.58,17.50,0.00,268.69,0,0,0,0,0,63,0,0,272
241.13,1547702998,3478.65,51.443710,7.485138,263.33,18.81,0.00,267.76,0,-117,-17,0,0,19,0,0,265
241.13,1547702998,3478.67,51.443710,7.485138,263.33,18.81,0.00,267.76,0,-117,-19,0,0,21,0,0,315
241.13,1547702998,3478.67,51.443710,7.485138,263.33,18.81,0.00,267.76,0,-120,-10,0,0,10,0,0,288
241.13,1547702998,3478.69,51.443710,7.485138,263.33,18.81,0.00,267.76,0,-126,-16,0,0,10,0,0,204
241.13,1547702998,3478.70,51.443710,7.485138,263.33,18.81,0.00,267.76,0,0,0,0,0,63,0,0,272
242.13,1547702999,3497.40,51.443707,7.484871,263.34,18.87,0.00,269.20,0,-117,-16,0,0,25,0,0,26
243.12,1547703000,3516.18,51.443701,7.484558,263.63,21.67,0.00,270.06,0,-117,-16,0,0,25,0,0,26
244.13,1547703001,3537.98,51.443700,7.484207,264.40,23.04,0.00,269.10,0,-122,-13,0,0,11,0,0,288
244.13,1547703001,3538.00,51.443700,7.484207,264.40,23.04,0.00,269.10,0,-126,-17,0,0,11,0,0,29
244.13,1547703001,3538.02,51.443700,7.484207,264.40,23.04,0.00,269.10,0,-126,-16,0,0,12,0,0,430
244.13,1547703001,3538.05,51.443700,7.484207,264.40,23.04,0.00,269.10,0,0,0,0,0,63,0,0,272
245.13,1547703002,3561.04,51.443698,7.483853,265.01,22.90,0.00,268.55,0,-122,-13,0,0,11,0,0,288
245.13,1547703002,3561.06,51.443698,7.483853,265.01,22.90,0.00,268.55,0,-126,-17,0,0,11,0,0,29
245.13,1547703002,3561.06,51.443698,7.483853,265.01,22.90,0.00,268.55,0,-126,-16,0,0,12,0,0,430
245.13,1547703002,3561.08,51.443698,7.483853,265.01,22.90,0.00,268.55,0,0,0,0,0,63,0,0,272
246.13,1547703003,3583.91,51.443696,7.483530,264.76,22.88,0.00,268.07,0,-119,-12,0,0,13,0,0,288
246.13,1547703003,3583.94,51.443696,7.483530,264.76,22.88,0.00,268.07,0,-123,-17,0,0,13,0,0,63
246.13,1547703003,3583.96,51.443696,7.483530,264.76,22.88,0.00,268.07,0,-124,-16,0,0,13,0,0,323
246.13,1547703003,3583.96,51.443696,7.483530,264.76,22.88,0.00,268.07,0,0,0,0,0,63,0,0,272
247.13,1547703004,3606.81,51.443694,7.483199,264.49,22.89,0.00,267.89,0,-119,-12,0,0,13,0,0,288
247.13,1547703004,3606.83,51.443694,7.483199,264.49,22.89,0.00,267.89,0,-123,-17,0,0,13,0,0,63
247.13,1547703004,3606.86,51.443694,7.483199,264.49,22.89,0.00,267.89,0,-124,-16,0,0,13,0,0,323
247.13,1547703004,3606.86,51.443694,7.483199,264.49,22.89,0.00,267.89,0,0,0,0,0,63,0,0,272
248.12,1547703005,3629.59,51.443691,7.482871,264.13,22.96,0.00,267.64,0,-109,-15,0,0,28,0,0,26
248.12,1547703005,3629.59,51.443691,7.482871,264.13,22.96,0.00,267.64,0,-127,-16,0,0,9,0,0,78
248.12,1547703005,3629.61,51.443691,7.482871,264.13,22.96,0.00,267.64,0,-119,-12,0,0,13,0,0,288
248.12,1547703005,3629.61,51.443691,7.482871,264.13,22.96,0.00,267.64,0,-124,-16,0,0,13,0,0,63
248.12,1547703005,3629.61,51.443691,7.482871,264.13,22.96,0.00,267.64,0,-125,-17,0,0,12,0,0,430
248.12,1547703005,3629.61,51.443691,7.482871,264.13,22.96,0.00,267.64,0,0,0,0,0,63,0,0,272
249.13,1547703006,3652.68,51.443686,7.482546,263.40,23.16,0.00,267.16,0,-109,-15,0,0,28,0,0,26
249.13,1547703006,3652.68,51.443686,7.482546,263.40,23.16,0.00,267.16,0,-127,-16,0,0,9,0,0,78
249.13,1547703006,3652.70,51.443686,7.482546,263.40,23.16,0.00,267.16,0,-119,-12,0,0,13,0,0,288
249.13,1547703006,3652.73,51.443686,7.482546,263.40,23.16,0.00,267.16,0,-124,-16,0,0,13,0,0,63
249.13,1547703006,3652.73,51.443686,7.482546,263.40,23.16,0.00,267.16,0,-125,-17,0,0,12,0,0,430
249.13,1547703006,3652.75,51.443686,7.482546,263.40,23.16,0.00,267.16,0,0,0,0,0,63,0,0,272
250.13,1547703007,3675.82,51.443676,7.482212,262.70,23.52,0.00,266.95,0,-126,-16,0,0,9,0,0,78
250.13,1547703007,3675.84,51.443676,7.482212,262.70,23.52,0.00,266.95,0,-127,-18,0,0,10,0,0,175
250.13,1547703007,3675.87,51.443676,7.482212,262.70,23.52,0.00,266.95,0,-119,-12,0,0,12,0,0,288
250.13,1547703007,3675.87,51.443676,7.482212,262.70,23.52,0.00,266.95,0,-124,-17,0,0,12,0,0,29
250.13,1547703007,3675.89,51.443676,7.482212,262.70,23.52,0.00,266.95,0,-125,-17,0,0,12,0,0,351
250.13,1547703007,3675.92,51.443676,7.482212,262.70,23.52,0.00,266.95,0,0,0,0,0,63,0,0,272
251.13,1547703008,3699.39,51.443667,7.481867,261.91,24.08,0.00,266.75,0,-126,-16,0,0,9,0,0,78
251.13,1547703008,3699.39,51.443667,7.481867,261.91,24.08,0.00,266.75,0,-127,-18,0,0,10,0,0,175
251.13,1547703008,3699.42,51.443667,7.481867,261.91,24.08,0.00,266.75,0,-119,-12,0,0,12,0,0,288
251.13,1547703008,3699.44,51.443667,7.481867,261.91,24.08,0.00,266.75,0,-124,-17,0,0,12,0,0,29
251.13,1547703008,3699.44,51.443667,7.481867,261.91,24.08,0.00,266.75,0,-125,-17,0,0,12,0,0,351
251.13,1547703008,3699.47,51.443667,7.481867,261.91,24.08,0.00,266.75,0,0,0,0,0,63,0,0,272
252.14,1547703009,3723.70,51.443655,7.481514,261.16,24.60,0.00,266.27,0,-109,-15,0,0,28,0,0,26
252.14,1547703009,3723.72,51.443655,7.481514,261.16,24.60,0.00,266.27,0,-112,-18,0,0,28,0,0,167
252.14,1547703009,3723.72,51.443655,7.481514,261.16,24.60,0.00,266.27,0,-124,-16,0,0,11,0,0,78
252.14,1547703009,3723.74,51.443655,7.481514,261.16,24.60,0.00,266.27,0,-126,-17,0,0,11,0,0,175
252.14,1547703009,3723.77,51.443655,7.481514,261.16,24.60,0.00,266.27,0,-118,-10,0,0,12,0,0,288
252.14,1547703009,3723.77,51.443655,7.481514,261.16,24.60,0.00,266.27,0,-123,-16,0,0,13,0,0,9
252.14,1547703009,3723.79,51.443655,7.481514,261.16,24.60,0.00,266.27,0,0,0,0,0,63,0,0,272
253.13,1547703010,3748.05,51.443642,7.481160,260.65,24.74,0.00,265.83,0,-109,-15,0,0,28,0,0,26
253.13,1547703010,3748.07,51.443642,7.481160,260.65,24.74,0.00,265.83,0,-112,-18,0,0,28,0,0,167
253.13,1547703010,3748.07,51.443642,7.481160,260.65,24.74,0.00,265.83,0,-124,-16,0,0,11,0,0,78
253.13,1547703010,3748.10,51.443642,7.481160,260.65,24.74,0.00,265.83,0,-126,-17,0,0,11,0,0,175
253.13,1547703010,3748.12,51.443642,7.481160,260.65,24.74,0.00,265.83,0,-118,-10,0,0,12,0,0,288
253.13,1547703010,3748.15,51.443642,7.481160,260.65,24.74,0.00,265.83,0,-123,-16,0,0,13,0,0,9
253.13,1547703010,3748.15,51.443642,7.481160,260.65,24.74,0.00,265.83,0,0,0,0,0,63,0,0,272
254.13,1547703011,3772.79,51.443628,7.480808,260.20,24.41,0.00,265.50,0,-109,-15,0,0,28,0,0,26
254.13,1547703011,3772.81,51.443628,7.480808,260.20,24.41,0.00,265.50,0,-112,-18,0,0,28,0,0,167
254.13,1547703011,3772.84,51.443628,7.480808,260.20,24.41,0.00,265.50,0,-124,-16,0,0,11,0,0,78
254.13,1547703011,3772.84,51.443628,7.480808,260.20,24.41,0.00,265.50,0,-126,-17,0,0,11,0,0,175
254.13,1547703011,3772.86,51.443628,7.480808,260.20,24.41,0.00,265.50,0,-118,-10,0,0,12,0,0,288
254.13,1547703011,3772.88,51.443628,7.480808,260.20,24.41,0.00,265.50,0,-123,-16,0,0,13,0,0,9
254.13,1547703011,3772.88,51.443628,7.480808,260.20,24.41,0.00,265.50,0,0,0,0,0,63,0,0,272
255.13,1547703012,3797.27,51.443613,7.480464,260.07,24.31,0.00,265.12,0,-110,-16,0,0,27,0,0,26
255.13,1547703012,3797.29,51.443613,7.480464,260.07,24.31,0.00,265.12,0,-112,-18,0,0,27,0,0,179
255.13,1547703012,3797.32,51.443613,7.480464,260.07,24.31,0.00,265.12,0,-124,-15,0,0,10,0,0,78
255.13,1547703012,3797.32,51.443613,7.480464,260.07,24.31,0.00,265.12,0,-126,-17,0,0,10,0,0,464
255.13,1547703012,3797.34,51.443613,7.480464,260.07,24.31,0.00,265.12,0,-127,-18,0,0,10,0,0,175
255.14,1547703012,3797.37,51.443613,7.480464,260.07,24.31,0.00,265.12,0,-117,-11,0,0,14,0,0,288
255.14,1547703012,3797.37,51.443613,7.480464,260.07,24.31,0.00,265.12,0,-121,-16,0,0,15,0,0,351
255.14,1547703012,3797.39,51.443613,7.480464,260.07,24.31,0.00,265.12,0,-121,-16,0,0,15,0,0,384
255.14,1547703012,3797.42,51.443613,7.480464,260.07,24.31,0.00,265.12,0,0,0,0,0,63,0,0,272
255.14,1547703012,3797.42,51.443613,7.480464,260.07,24.31,0.00,265.12,0,-225,-225,0,0,63,0,0,331
256.13,1547703013,3821.58,51.443588,7.480115,260.06,24.59,0.00,263.46,0,-110,-16,0,0,27,0,0,26
256.13,1547703013,3821.60,51.443588,7.480115,260.06,24.59,0.00,263.46,0,-112,-18,0,0,27,0,0,179
256.13,1547703013,3821.60,51.443588,7.480115,260.06,24.59,0.00,263.46,0,-124,-15,0,0,10,0,0,78
256.13,1547703013,3821.63,51.443588,7.480115,260.06,24.59,0.00,263.46,0,-126,-17,0,0,10,0,0,464
256.13,1547703013,3821.65,51.443588,7.480115,260.06,24.59,0.00,263.46,0,-127,-18,0,0,10,0,0,175
256.13,1547703013,3821.65,51.443588,7.480115,260.06,24.59,0.00,263.46,0,-117,-11,0,0,14,0,0,288
256.14,1547703013,3821.68,51.443588,7.480115,260.06,24.59,0.00,263.46,0,-121,-16,0,0,15,0,0,351
256.14,1547703013,3821.70,51.443588,7.480115,260.06,24.59,0.00,263.46,0,-121,-16,0,0,15,0,0,384
256.14,1547703013,3821.70,51.443588,7.480115,260.06,24.59,0.00,263.46,0,0,0,0,0,63,0,0,272
256.14,1547703013,3821.73,51.443588,7.480115,260.06,24.59,0.00,263.46,0,-225,-225,0,0,63,0,0,331
257.13,1547703014,3846.17,51.443563,7.479754,259.73,25.29,0.00,262.66,0,-109,-16,0,0,27,0,0,26
257.13,1547703014,3846.19,51.443563,7.479754,259.73,25.29,0.00,262.66,0,-109,-17,0,0,27,0,0,315
257.13,1547703014,3846.19,51.443563,7.479754,259.73,25.29,0.00,262.66,0,-124,-16,0,0,11,0,0,464
257.13,1547703014,3846.22,51.443563,7.479754,259.73,25.29,0.00,262.66,0,-125,-17,0,0,11,0,0,78
257.13,1547703014,3846.25,51.443563,7.479754,259.73,25.29,0.00,262.66,0,-126,-17,0,0,11,0,0,175
257.14,1547703014,3846.27,51.443563,7.479754,259.73,25.29,0.00,262.66,0,-111,-8,0,0,16,0,0,288
257.14,1547703014,3846.27,51.443563,7.479754,259.73,25.29,0.00,262.66,0,0,0,0,0,63,0,0,272
257.14,1547703014,3846.30,51.443563,7.479754,259.73,25.29,0.00,262.66,0,-225,-225,0,0,63,0,0,331
258.13,1547703015,3871.43,51.443533,7.479383,259.32,25.15,0.00,262.27,0,-109,-16,0,0,27,0,0,26
258.13,1547703015,3871.45,51.443533,7.479383,259.32,25.15,0.00,262.27,0,-109,-17,0,0,27,0,0,315
258.13,1547703015,3871.48,51.443533,7.479383,259.32,25.15,0.00,262.27,0,-124,-16,0,0,11,0,0,464
258.13,1547703015,3871.51,51.443533,7.479383,259.32,25.15,0.00,262.27,0,-125,-17,0,0,11,0,0,78
258.13,1547703015,3871.51,51.443533,7.479383,259.32,25.15,0.00,262.27,0,-126,-17,0,0,11,0,0,175
258.14,1547703015,3871.56,51.443533,7.479383,259.32,25.15,0.00,262.27,0,-111,-8,0,0,16,0,0,288
258.14,1547703015,3871.56,51.443533,7.479383,259.32,25.15,0.00,262.27,0,0,0,0,0,63,0,0,272
258.14,1547703015,3871.58,51.443533,7.479383,259.32,25.15,0.00,262.27,0,-225,-225,0,0,63,0,0,331
259.13,1547703016,3896.58,51.443502,7.479023,258.90,24.78,0.00,262.91,0,-106,-16,0,0,32,0,0,26
259.13,1547703016,3896.60,51.443502,7.479023,258.90,24.78,0.00,262.91,0,-107,-16,0,0,31,0,0,315
259.13,1547703016,3896.63,51.443502,7.479023,258.90,24.78,0.00,262.91,0,-123,-16,0,0,11,0,0,78
259.13,1547703016,3896.63,51.443502,7.479023,258.90,24.78,0.00,262.91,0,-125,-17,0,0,11,0,0,464
259.13,1547703016,3896.65,51.443502,7.479023,258.90,24.78,0.00,262.91,0,-126,-18,0,0,11,0,0,175
259.13,1547703016,3896.68,51.443502,7.479023,258.90,24.78,0.00,262.91,0,-114,-9,0,0,15,0,0,288
259.13,1547703016,3896.68,51.443502,7.479023,258.90,24.78,0.00,262.91,0,-225,-225,0,0,63,0,0,331
259.14,1547703016,3896.70,51.443502,7.479023,258.90,24.78,0.00,262.91,0,0,0,0,0,63,0,0,272
260.13,1547703017,3921.39,51.443474,7.478673,258.42,24.42,0.00,262.79,0,-106,-16,0,0,32,0,0,26
260.13,1547703017,3921.41,51.443474,7.478673,258.42,24.42,0.00,262.79,0,-107,-16,0,0,31,0,0,315
260.13,1547703017,3921.44,51.443474,7.478673,258.42,24.42,0.00,262.79,0,-123,-16,0,0,11,0,0,78
260.13,1547703017,3921.46,51.443474,7.478673,258.42,24.42,0.00,262.79,0,-125,-17,0,0,11,0,0,464
260.13,1547703017,3921.46,51.443474,7.478673,258.42,24.42,0.00,262.79,0,-126,-18,0,0,11,0,0,175
260.14,1547703017,3921.48,51.443474,7.478673,258.42,24.42,0.00,262.79,0,-114,-9,0,0,15,0,0,288
260.14,1547703017,3921.51,51.443474,7.478673,258.42,24.42,0.00,262.79,0,-225,-225,0,0,63,0,0,331
260.14,1547703017,3921.53,51.443474,7.478673,258.42,24.42,0.00,262.79,0,0,0,0,0,63,0,0,272
261.13,1547703018,3945.81,51.443444,7.478323,258.08,24.23,0.00,262.81,0,-106,-17,0,0,32,0,0,315
261.13,1547703018,3945.83,51.443444,7.478323,258.08,24.23,0.00,262.81,0,-106,-17,0,0,32,0,0,26
261.13,1547703018,3945.86,51.443444,7.478323,258.08,24.23,0.00,262.81,0,-124,-16,0,0,11,0,0,78
261.13,1547703018,3945.86,51.443444,7.478323,258.08,24.23,0.00,262.81,0,-125,-17,0,0,11,0,0,464
261.13,1547703018,3945.88,51.443444,7.478323,258.08,24.23,0.00,262.81,0,-126,-17,0,0,11,0,0,175
261.14,1547703018,3945.91,51.443444,7.478323,258.08,24.23,0.00,262.81,0,-116,-10,0,0,15,0,0,288
261.14,1547703018,3945.91,51.443444,7.478323,258.08,24.23,0.00,262.81,0,-121,-16,0,0,15,0,0,323
261.14,1547703018,3945.93,51.443444,7.478323,258.08,24.23,0.00,262.81,0,-225,-225,0,0,63,0,0,331
261.14,1547703018,3945.95,51.443444,7.478323,258.08,24.23,0.00,262.81,0,0,0,0,0,63,0,0,272
261.14,1547703018,3945.98,51.443444,7.478323,258.08,24.23,0.00,262.81,0,-225,-225,0,0,63,0,0,377
262.13,1547703019,3969.97,51.443416,7.477981,257.74,23.79,0.00,262.63,0,-106,-17,0,0,32,0,0,315
262.13,1547703019,3969.99,51.443416,7.477981,257.74,23.79,0.00,262.63,0,-106,-17,0,0,32,0,0,26
262.13,1547703019,3969.99,51.443416,7.477981,257.74,23.79,0.00,262.63,0,-124,-16,0,0,11,0,0,78
262.13,1547703019,3970.01,51.443416,7.477981,257.74,23.79,0.00,262.63,0,-125,-17,0,0,11,0,0,464
262.13,1547703019,3970.01,51.443416,7.477981,257.74,23.79,0.00,262.63,0,-126,-17,0,0,11,0,0,175
262.13,1547703019,3970.04,51.443416,7.477981,257.74,23.79,0.00,262.63,0,-116,-10,0,0,15,0,0,288
262.13,1547703019,3970.04,51.443416,7.477981,257.74,23.79,0.00,262.63,0,-121,-16,0,0,15,0,0,323
262.13,1547703019,3970.06,51.443416,7.477981,257.74,23.79,0.00,262.63,0,-225,-225,0,0,63,0,0,331
262.13,1547703019,3970.08,51.443416,7.477981,257.74,23.79,0.00,262.63,0,0,0,0,0,63,0,0,272
262.13,1547703019,3970.08,51.443416,7.477981,257.74,23.79,0.00,262.63,0,-225,-225,0,0,63,0,0,377
263.13,1547703020,3993.68,51.443389,7.477640,257.44,23.35,0.00,262.29,0,-106,-20,0,0,33,0,0,315
264.13,1547703021,4017.03,51.443362,7.477310,257.32,23.10,0.00,262.68,0,-106,-20,0,0,33,0,0,315
267.13,1547703024,4086.69,51.443274,7.476325,256.00,23.03,0.00,261.01,0,-109,-19,0,0,33,0,0,26
267.13,1547703024,4086.72,51.443274,7.476325,256.00,23.03,0.00,261.01,0,-110,-19,0,0,31,0,0,315
268.13,1547703025,4109.70,51.443243,7.475997,255.64,23.20,0.00,260.88,0,-109,-19,0,0,33,0,0,26
268.13,1547703025,4109.72,51.443243,7.475997,255.64,23.20,0.00,260.88,0,-110,-19,0,0,31,0,0,315
273.15,1547703030,4225.36,51.443049,7.474374,253.25,23.17,0.00,257.64,0,-112,-20,0,0,27,0,0,26
274.13,1547703031,4247.86,51.443008,7.474044,252.53,23.43,0.00,258.47,0,-112,-20,0,0,27,0,0,26
275.14,1547703032,4271.57,51.442965,7.473712,251.79,23.81,0.00,258.48,0,-112,-20,0,0,27,0,0,26
290.13,1547703047,4703.68,51.442158,7.467503,239.36,31.06,0.00,259.15,0,-128,-18,0,0,10,0,0,371
290.13,1547703047,4703.68,51.442158,7.467503,239.36,31.06,0.00,259.15,0,-128,-18,0,0,10,0,0,464
290.13,1547703047,4703.71,51.442158,7.467503,239.36,31.06,0.00,259.15,0,-114,-8,0,0,13,0,0,288
290.13,1547703047,4703.74,51.442158,7.467503,239.36,31.06,0.00,259.15,0,0,0,0,0,63,0,0,377
291.13,1547703048,4734.71,51.442105,7.467060,238.35,31.18,0.00,259.53,0,-128,-18,0,0,10,0,0,371
291.13,1547703048,4734.74,51.442105,7.467060,238.35,31.18,0.00,259.53,0,-128,-18,0,0,10,0,0,464
291.13,1547703048,4734.77,51.442105,7.467060,238.35,31.18,0.00,259.53,0,-114,-8,0,0,13,0,0,288
291.13,1547703048,4734.81,51.442105,7.467060,238.35,31.18,0.00,259.53,0,0,0,0,0,63,0,0,377
294.14,1547703051,4828.20,51.441955,7.465740,235.66,30.57,0.00,260.21,0,-126,-18,0,0,10,0,0,428
294.14,1547703051,4828.23,51.441955,7.465740,235.66,30.57,0.00,260.21,0,-118,-10,0,0,12,0,0,288
294.14,1547703051,4828.23,51.441955,7.465740,235.66,30.57,0.00,260.21,0,-124,-16,0,0,12,0,0,234
294.14,1547703051,4828.26,51.441955,7.465740,235.66,30.57,0.00,260.21,0,-124,-16,0,0,12,0,0,300
294.14,1547703051,4828.29,51.441955,7.465740,235.66,30.57,0.00,260.21,0,-225,-225,0,0,63,0,0,171
294.14,1547703051,4828.29,51.441955,7.465740,235.66,30.57,0.00,260.21,0,0,0,0,0,63,0,0,377
295.13,1547703052,4858.50,51.441909,7.465304,234.85,30.52,0.00,260.55,0,-126,-18,0,0,10,0,0,428
295.13,1547703052,4858.53,51.441909,7.465304,234.85,30.52,0.00,260.55,0,-118,-10,0,0,12,0,0,288
295.13,1547703052,4858.53,51.441909,7.465304,234.85,30.52,0.00,260.55,0,-124,-16,0,0,12,0,0,234
295.13,1547703052,4858.56,51.441909,7.465304,234.85,30.52,0.00,260.55,0,-124,-16,0,0,12,0,0,300
295.13,1547703052,4858.59,51.441909,7.465304,234.85,30.52,0.00,260.55,0,-225,-225,0,0,63,0,0,171
295.13,1547703052,4858.59,51.441909,7.465304,234.85,30.52,0.00,260.55,0,0,0,0,0,63,0,0,377
296.13,1547703053,4889.04,51.441871,7.464878,234.13,29.79,0.00,261.55,0,-126,-18,0,0,10,0,0,428
296.13,1547703053,4889.07,51.441871,7.464878,234.13,29.79,0.00,261.55,0,-118,-10,0,0,12,0,0,288
296.13,1547703053,4889.07,51.441871,7.464878,234.13,29.79,0.00,261.55,0,-124,-16,0,0,12,0,0,234
296.13,1547703053,4889.10,51.441871,7.464878,234.13,29.79,0.00,261.55,0,-124,-16,0,0,12,0,0,300
296.13,1547703053,4889.13,51.441871,7.464878,234.13,29.79,0.00,261.55,0,-225,-225,0,0,63,0,0,171
296.13,1547703053,4889.13,51.441871,7.464878,234.13,29.79,0.00,261.55,0,0,0,0,0,63,0,0,377
297.13,1547703054,4918.84,51.441832,7.464452,233.49,29.73,0.00,262.09,0,-109,-15,0,0,26,0,0,264
297.13,1547703054,4918.84,51.441832,7.464452,233.49,29.73,0.00,262.09,0,-125,-17,0,0,11,0,0,428
297.13,1547703054,4918.87,51.441832,7.464452,233.49,29.73,0.00,262.09,0,-125,-17,0,0,11,0,0,175
297.13,1547703054,4918.87,51.441832,7.464452,233.49,29.73,0.00,262.09,0,-119,-11,0,0,11,0,0,288
297.13,1547703054,4918.90,51.441832,7.464452,233.49,29.73,0.00,262.09,0,-125,-16,0,0,11,0,0,234
297.13,1547703054,4918.90,51.441832,7.464452,233.49,29.73,0.00,262.09,0,-125,-17,0,0,11,0,0,300
297.13,1547703054,4918.93,51.441832,7.464452,233.49,29.73,0.00,262.09,0,-225,-225,0,0,63,0,0,171
297.13,1547703054,4918.96,51.441832,7.464452,233.49,29.73,0.00,262.09,0,0,0,0,0,63,0,0,377
298.13,1547703055,4948.59,51.441793,7.464026,232.93,29.84,0.00,262.38,0,-109,-15,0,0,26,0,0,264
298.13,1547703055,4948.62,51.441793,7.464026,232.93,29.84,0.00,262.38,0,-125,-17,0,0,11,0,0,428
298.13,1547703055,4948.65,51.441793,7.464026,232.93,29.84,0.00,262.38,0,-125,-17,0,0,11,0,0,175
298.13,1547703055,4948.65,51.441793,7.464026,232.93,29.84,0.00,262.38,0,-119,-11,0,0,11,0,0,288
298.13,1547703055,4948.68,51.441793,7.464026,232.93,29.84,0.00,262.38,0,-125,-16,0,0,11,0,0,234
298.13,1547703055,4948.71,51.441793,7.464026,232.93,29.84,0.00,262.38,0,-125,-17,0,0,11,0,0,300
298.13,1547703055,4948.74,51.441793,7.464026,232.93,29.84,0.00,262.38,0,-225,-225,0,0,63,0,0,171
298.14,1547703055,4948.77,51.441793,7.464026,232.93,29.84,0.00,262.38,0,0,0,0,0,63,0,0,377
299.13,1547703056,4978.29,51.441762,7.463593,232.32,30.41,0.00,263.00,0,-110,-17,0,0,31,0,0,265
300.13,1547703057,5008.70,51.441731,7.463154,231.72,30.77,0.00,263.64,0,-110,-17,0,0,31,0,0,265
301.13,1547703058,5039.50,51.441707,7.462709,231.22,31.26,0.00,264.19,0,-113,-19,0,0,25,0,0,265
302.13,1547703059,5070.76,51.441686,7.462260,230.99,31.45,0.00,266.01,0,-113,-19,0,0,25,0,0,265
303.12,1547703060,5102.05,51.441666,7.461806,230.86,32.04,0.00,265.55,0,-107,-19,0,0,32,0,0,265
304.13,1547703061,5134.25,51.441644,7.461339,230.64,32.63,0.00,265.84,0,-107,-19,0,0,32,0,0,265
326.13,1547703083,5808.05,51.441721,7.451669,224.64,31.06,0.00,276.34,0,-110,-17,0,0,27,0,0,157
327.13,1547703084,5839.08,51.441756,7.451228,224.38,31.02,0.00,276.81,0,-110,-17,0,0,27,0,0,157
341.13,1547703098,6309.72,51.442523,7.444522,221.85,35.35,0.00,283.54,0,-105,-18,0,0,32,0,0,173
341.13,1547703098,6309.75,51.442523,7.444522,221.85,35.35,0.00,283.54,0,-106,-18,0,0,32,0,0,171
342.13,1547703099,6345.14,51.442598,7.444023,221.54,35.64,0.00,284.10,0,-105,-18,0,0,32,0,0,173
342.13,1547703099,6345.18,51.442598,7.444023,221.54,35.64,0.00,284.10,0,-106,-18,0,0,32,0,0,171
343.13,1547703100,6380.67,51.442682,7.443527,221.24,35.92,0.00,285.07,0,-106,-17,0,0,30,0,0,171
343.13,1547703100,6380.71,51.442682,7.443527,221.24,35.92,0.00,285.07,0,-106,-16,0,0,30,0,0,173
344.13,1547703101,6416.63,51.442766,7.443036,220.81,35.73,0.00,285.35,0,-106,-17,0,0,30,0,0,171
344.13,1547703101,6416.66,51.442766,7.443036,220.81,35.73,0.00,285.35,0,-106,-16,0,0,30,0,0,173
345.13,1547703102,6452.32,51.442848,7.442541,220.56,35.58,0.00,285.73,0,-108,-18,0,0,30,0,0,173
345.13,1547703102,6452.35,51.442848,7.442541,220.56,35.58,0.00,285.73,0,-109,-19,0,0,30,0,0,171
346.13,1547703103,6487.90,51.442938,7.442045,220.22,35.68,0.00,286.28,0,-108,-18,0,0,30,0,0,173
346.13,1547703103,6487.93,51.442938,7.442045,220.22,35.68,0.00,286.28,0,-109,-19,0,0,30,0,0,171
347.13,1547703104,6523.58,51.443027,7.441545,219.86,35.66,0.00,286.63,0,-108,-19,0,0,33,0,0,157
348.12,1547703105,6559.13,51.443118,7.441046,219.54,35.86,0.00,286.78,0,-108,-19,0,0,33,0,0,157
349.13,1547703106,6595.10,51.443217,7.440549,219.48,36.27,0.00,287.22,0,-105,-16,0,0,33,0,0,157
349.13,1547703106,6595.10,51.443217,7.440549,219.48,36.27,0.00,287.22,0,-107,-17,0,0,32,0,0,496
350.12,1547703107,6631.22,51.443322,7.440050,219.44,36.34,0.00,287.76,0,-105,-16,0,0,33,0,0,157
350.12,1547703107,6631.26,51.443322,7.440050,219.44,36.34,0.00,287.76,0,-107,-17,0,0,32,0,0,496
353.13,1547703110,6741.14,51.443653,7.438545,218.38,37.32,0.00,290.52,0,-107,-18,0,0,33,0,0,264
354.13,1547703111,6778.41,51.443768,7.438046,217.20,37.60,0.00,290.77,0,-107,-18,0,0,33,0,0,264
355.12,1547703112,6815.83,51.443885,7.437545,215.98,37.18,0.00,290.95,0,-106,-18,0,0,33,0,0,264
356.13,1547703113,6853.19,51.443998,7.437052,214.65,36.78,0.00,291.52,0,-106,-18,0,0,33,0,0,264
357.13,1547703114,6890.01,51.444122,7.436556,213.42,36.76,0.00,291.95,0,-105,-15,0,0,32,0,0,264
358.13,1547703115,6926.77,51.444247,7.436062,212.22,37.14,0.00,292.31,0,-105,-15,0,0,32,0,0,264
359.13,1547703116,6963.95,51.444380,7.435569,212.36,37.14,0.00,293.38,0,-101,-18,0,0,41,0,0,264
360.13,1547703117,7001.02,51.444512,7.435080,212.54,37.08,0.00,294.16,0,-101,-18,0,0,41,0,0,264
361.13,1547703118,7038.13,51.444652,7.434597,212.51,36.87,0.00,295.07,0,-101,-18,0,0,41,0,0,264
362.13,1547703119,7075.04,51.444795,7.434118,212.32,36.50,0.00,296.31,0,-110,-18,0,0,28,0,0,210
362.13,1547703119,7075.07,51.444795,7.434118,212.32,36.50,0.00,296.31,0,-110,-18,0,0,27,0,0,157
362.13,1547703119,7075.07,51.444795,7.434118,212.32,36.50,0.00,296.31,0,-111,-19,0,0,27,0,0,211
363.13,1547703120,7111.47,51.444944,7.433647,211.88,36.01,0.00,297.58,0,-110,-18,0,0,28,0,0,210
363.13,1547703120,7111.50,51.444944,7.433647,211.88,36.01,0.00,297.58,0,-110,-18,0,0,27,0,0,157
363.13,1547703120,7111.54,51.444944,7.433647,211.88,36.01,0.00,297.58,0,-111,-19,0,0,27,0,0,211
364.13,1547703121,7147.58,51.445095,7.433178,211.41,36.67,0.00,297.29,0,-109,-19,0,0,31,0,0,205
364.13,1547703121,7147.62,51.445095,7.433178,211.41,36.67,0.00,297.29,0,-109,-18,0,0,31,0,0,111
364.13,1547703121,7147.62,51.445095,7.433178,211.41,36.67,0.00,297.29,0,-110,-19,0,0,30,0,0,211
364.13,1547703121,7147.66,51.445095,7.433178,211.41,36.67,0.00,297.29,0,-111,-19,0,0,30,0,0,210
365.13,1547703122,7184.29,51.445254,7.432716,210.62,36.58,0.00,299.17,0,-109,-19,0,0,31,0,0,205
365.13,1547703122,7184.33,51.445254,7.432716,210.62,36.58,0.00,299.17,0,-109,-18,0,0,31,0,0,111
365.13,1547703122,7184.37,51.445254,7.432716,210.62,36.58,0.00,299.17,0,-110,-19,0,0,30,0,0,211
365.13,1547703122,7184.37,51.445254,7.432716,210.62,36.58,0.00,299.17,0,-111,-19,0,0,30,0,0,210
366.13,1547703123,7220.80,51.445417,7.432253,209.54,37.17,0.00,298.60,0,-109,-18,0,0,32,0,0,205
366.13,1547703123,7220.84,51.445417,7.432253,209.54,37.17,0.00,298.60,0,-126,-18,0,0,12,0,0,255
367.13,1547703124,7257.97,51.445588,7.431795,208.45,37.08,0.00,301.41,0,-109,-18,0,0,32,0,0,205
367.13,1547703124,7258.01,51.445588,7.431795,208.45,37.08,0.00,301.41,0,-126,-18,0,0,12,0,0,255
368.12,1547703125,7294.90,51.445768,7.431358,207.43,36.48,0.00,304.19,0,-129,-17,0,0,8,0,0,354
368.12,1547703125,7294.94,51.445768,7.431358,207.43,36.48,0.00,304.19,0,-129,-16,0,0,8,0,0,356
368.12,1547703125,7294.94,51.445768,7.431358,207.43,36.48,0.00,304.19,0,0,0,0,0,63,0,0,348
368.13,1547703125,7294.98,51.445768,7.431358,207.43,36.48,0.00,304.19,0,0,0,0,0,63,0,0,5
369.13,1547703126,7331.53,51.445957,7.430929,206.27,36.41,0.00,305.79,0,-129,-17,0,0,8,0,0,354
369.13,1547703126,7331.53,51.445957,7.430929,206.27,36.41,0.00,305.79,0,-129,-16,0,0,8,0,0,356
369.13,1547703126,7331.57,51.445957,7.430929,206.27,36.41,0.00,305.79,0,0,0,0,0,63,0,0,348
369.13,1547703126,7331.60,51.445957,7.430929,206.27,36.41,0.00,305.79,0,0,0,0,0,63,0,0,5
370.13,1547703127,7367.98,51.446148,7.430502,205.17,36.76,0.00,306.52,0,-128,-16,0,0,7,0,0,356
370.13,1547703127,7368.02,51.446148,7.430502,205.17,36.76,0.00,306.52,0,-129,-17,0,0,7,0,0,354
370.13,1547703127,7368.09,51.446148,7.430502,205.17,36.76,0.00,306.52,0,0,0,0,0,63,0,0,348
370.13,1547703127,7368.13,51.446148,7.430502,205.17,36.76,0.00,306.52,0,-225,-225,0,0,63,0,0,153
371.13,1547703128,7404.71,51.446352,7.430095,204.31,37.16,0.00,308.97,0,-128,-16,0,0,7,0,0,356
371.13,1547703128,7404.71,51.446352,7.430095,204.31,37.16,0.00,308.97,0,-129,-17,0,0,7,0,0,354
371.13,1547703128,7404.75,51.446352,7.430095,204.31,37.16,0.00,308.97,0,0,0,0,0,63,0,0,348
371.13,1547703128,7404.78,51.446352,7.430095,204.31,37.16,0.00,308.97,0,-225,-225,0,0,63,0,0,153
372.12,1547703129,7441.76,51.446561,7.429678,203.40,37.44,0.00,309.38,0,-108,-16,0,0,33,0,0,205
372.12,1547703129,7441.76,51.446561,7.429678,203.40,37.44,0.00,309.38,0,-109,-20,0,0,33,0,0,210
373.12,1547703130,7479.20,51.446787,7.429274,202.52,37.12,0.00,311.67,0,-108,-16,0,0,33,0,0,205
373.12,1547703130,7479.20,51.446787,7.429274,202.52,37.12,0.00,311.67,0,-109,-20,0,0,33,0,0,210
376.12,1547703133,7590.13,51.447495,7.428152,198.03,36.30,0.00,316.82,0,-103,-15,0,0,34,0,0,205
377.12,1547703134,7626.43,51.447737,7.427812,196.72,35.87,0.00,319.09,0,-103,-15,0,0,34,0,0,205
387.13,1547703144,7997.02,51.450516,7.424923,182.78,37.51,0.00,332.48,0,-113,-10,0,0,18,0,0,336
388.13,1547703145,8034.72,51.450816,7.424705,180.78,37.22,0.00,334.85,0,-113,-10,0,0,18,0,0,336
389.13,1547703146,8071.79,51.451120,7.424502,178.79,37.08,0.00,336.39,0,-99,-11,0,0,32,0,0,198
389.13,1547703146,8071.83,51.451120,7.424502,178.79,37.08,0.00,336.39,0,-110,-9,0,0,19,0,0,336
390.13,1547703147,8108.87,51.451431,7.424313,176.90,37.33,0.00,338.14,0,-99,-11,0,0,32,0,0,198
390.13,1547703147,8108.91,51.451431,7.424313,176.90,37.33,0.00,338.14,0,-110,-9,0,0,19,0,0,336
391.13,1547703148,8146.32,51.451744,7.424126,175.00,37.24,0.00,339.05,0,-103,-7,0,0,22,0,0,336
392.12,1547703149,8183.30,51.452061,7.423962,173.17,37.69,0.00,340.97,0,-103,-7,0,0,22,0,0,336
393.12,1547703150,8221.03,51.452382,7.423806,171.58,37.19,0.00,341.77,0,-91,-10,0,0,40,0,0,175
393.12,1547703150,8221.07,51.452382,7.423806,171.58,37.19,0.00,341.77,0,-100,-8,0,0,27,0,0,336
394.12,1547703151,8258.26,51.452703,7.423656,170.19,36.58,0.00,342.61,0,-91,-10,0,0,40,0,0,175
394.13,1547703151,8258.29,51.452703,7.423656,170.19,36.58,0.00,342.61,0,-100,-8,0,0,27,0,0,336
395.13,1547703152,8294.88,51.453025,7.423512,168.88,36.17,0.00,343.18,0,-97,-13,0,0,40,0,0,111
396.13,1547703153,8331.04,51.453335,7.423378,167.78,35.66,0.00,344.12,0,-97,-13,0,0,40,0,0,111
397.13,1547703154,8366.77,51.453644,7.423251,166.67,35.49,0.00,343.91,0,-96,-12,0,0,35,0,0,111
397.13,1547703154,8366.80,51.453644,7.423251,166.67,35.49,0.00,343.91,0,-100,-14,0,0,34,0,0,198
397.13,1547703154,8366.84,51.453644,7.423251,166.67,35.49,0.00,343.91,0,-99,-8,0,0,27,0,0,336
397.13,1547703154,8366.84,51.453644,7.423251,166.67,35.49,0.00,343.91,0,-105,-13,0,0,27,0,0,338
398.13,1547703155,8402.26,51.453953,7.423119,165.46,35.31,0.00,343.89,0,-96,-12,0,0,35,0,0,111
398.13,1547703155,8402.26,51.453953,7.423119,165.46,35.31,0.00,343.89,0,-100,-14,0,0,34,0,0,198
398.13,1547703155,8402.29,51.453953,7.423119,165.46,35.31,0.00,343.89,0,-99,-8,0,0,27,0,0,336
398.13,1547703155,8402.33,51.453953,7.423119,165.46,35.31,0.00,343.89,0,-105,-13,0,0,27,0,0,338
399.13,1547703156,8437.53,51.454248,7.422988,164.27,34.81,0.00,343.88,0,-97,-11,0,0,33,0,0,111
399.13,1547703156,8437.57,51.454248,7.422988,164.27,34.81,0.00,343.88,0,-101,-8,0,0,26,0,0,336
400.13,1547703157,8472.35,51.454545,7.422857,162.89,34.88,0.00,343.72,0,-97,-11,0,0,33,0,0,111
400.13,1547703157,8472.35,51.454545,7.422857,162.89,34.88,0.00,343.72,0,-101,-8,0,0,26,0,0,336
401.13,1547703158,8507.44,51.454845,7.422722,161.80,34.82,0.00,343.55,0,-99,-8,0,0,31,0,0,336
402.12,1547703159,8541.98,51.455150,7.422582,161.09,34.82,0.00,343.26,0,-99,-8,0,0,31,0,0,336
403.13,1547703160,8576.83,51.455452,7.422431,160.45,34.83,0.00,342.66,0,-99,-8,0,0,31,0,0,336
404.13,1547703161,8611.70,51.455745,7.422284,159.90,34.53,0.00,342.78,0,-101,-9,0,0,27,0,0,221
404.13,1547703161,8611.70,51.455745,7.422284,159.90,34.53,0.00,342.78,0,-105,-10,0,0,26,0,0,336
405.13,1547703162,8646.23,51.456031,7.422129,159.44,33.62,0.00,341.27,0,-101,-9,0,0,27,0,0,221
405.13,1547703162,8646.23,51.456031,7.422129,159.44,33.62,0.00,341.27,0,-105,-10,0,0,26,0,0,336
408.13,1547703165,8746.05,51.456859,7.421640,158.17,32.65,0.00,338.26,0,-91,-10,0,0,38,0,0,47
408.13,1547703165,8746.08,51.456859,7.421640,158.17,32.65,0.00,338.26,0,-97,-13,0,0,35,0,0,111
408.13,1547703165,8746.08,51.456859,7.421640,158.17,32.65,0.00,338.26,0,-104,-8,0,0,22,0,0,447
408.13,1547703165,8746.11,51.456859,7.421640,158.17,32.65,0.00,338.26,0,-110,-12,0,0,21,0,0,135
409.13,1547703166,8778.70,51.457130,7.421456,157.69,32.62,0.00,336.95,0,-91,-10,0,0,38,0,0,47
409.13,1547703166,8778.73,51.457130,7.421456,157.69,32.62,0.00,336.95,0,-97,-13,0,0,35,0,0,111
409.13,1547703166,8778.73,51.457130,7.421456,157.69,32.62,0.00,336.95,0,-104,-8,0,0,22,0,0,447
409.13,1547703166,8778.77,51.457130,7.421456,157.69,32.62,0.00,336.95,0,-110,-12,0,0,21,0,0,135
410.13,1547703167,8811.32,51.457401,7.421274,157.19,32.74,0.00,336.04,0,-90,-17,0,0,49,0,0,175
410.13,1547703167,8811.36,51.457401,7.421274,157.19,32.74,0.00,336.04,0,-103,-7,0,0,24,0,0,221
411.13,1547703168,8844.00,51.457668,7.421082,156.69,32.81,0.00,335.41,0,-90,-17,0,0,49,0,0,175
411.13,1547703168,8844.03,51.457668,7.421082,156.69,32.81,0.00,335.41,0,-103,-7,0,0,24,0,0,221
412.13,1547703169,8876.84,51.457934,7.420886,156.21,32.89,0.00,334.49,0,-107,-11,0,0,24,0,0,194
412.13,1547703169,8876.84,51.457934,7.420886,156.21,32.89,0.00,334.49,0,-112,-15,0,0,22,0,0,192
413.13,1547703170,8909.87,51.458199,7.420672,155.86,33.07,0.00,333.39,0,-107,-11,0,0,24,0,0,194
413.13,1547703170,8909.90,51.458199,7.420672,155.86,33.07,0.00,333.39,0,-112,-15,0,0,22,0,0,192
414.12,1547703171,8942.70,51.458464,7.420456,155.48,33.18,0.00,332.78,0,-87,-11,0,0,43,0,0,175
414.12,1547703171,8942.70,51.458464,7.420456,155.48,33.18,0.00,332.78,0,-92,-14,0,0,42,0,0,47
415.13,1547703172,8976.12,51.458726,7.420226,155.13,33.51,0.00,331.64,0,-87,-11,0,0,43,0,0,175
415.13,1547703172,8976.15,51.458726,7.420226,155.13,33.51,0.00,331.64,0,-92,-14,0,0,42,0,0,47
416.12,1547703173,9009.39,51.458988,7.419996,155.00,33.77,0.00,330.67,0,-90,-11,0,0,41,0,0,175
416.12,1547703173,9009.43,51.458988,7.419996,155.00,33.77,0.00,330.67,0,-104,-10,0,0,25,0,0,447
417.13,1547703174,9043.27,51.459249,7.419750,154.99,33.88,0.00,330.14,0,-90,-11,0,0,41,0,0,175
417.13,1547703174,9043.30,51.459249,7.419750,154.99,33.88,0.00,330.14,0,-104,-10,0,0,25,0,0,447
418.13,1547703175,9077.14,51.459510,7.419494,154.74,33.79,0.00,328.54,0,-89,-14,0,0,43,0,0,175
419.12,1547703176,9110.86,51.459766,7.419229,154.43,33.24,0.00,327.35,0,-89,-14,0,0,43,0,0,175
420.13,1547703177,9144.21,51.460019,7.418964,154.29,33.22,0.00,326.58,0,-91,-9,0,0,39,0,0,175
420.13,1547703177,9144.24,51.460019,7.418964,154.29,33.22,0.00,326.58,0,-92,-13,0,0,39,0,0,47
420.13,1547703177,9144.27,51.460019,7.418964,154.29,33.22,0.00,326.58,0,-93,-13,0,0,39,0,0,335
420.13,1547703177,9144.27,51.460019,7.418964,154.29,33.22,0.00,326.58,0,-97,-15,0,0,39,0,0,120
421.12,1547703178,9177.30,51.460272,7.418687,154.23,33.38,0.00,325.70,0,-91,-9,0,0,39,0,0,175
421.12,1547703178,9177.30,51.460272,7.418687,154.23,33.38,0.00,325.70,0,-92,-13,0,0,39,0,0,47
421.12,1547703178,9177.30,51.460272,7.418687,154.23,33.38,0.00,325.70,0,-93,-13,0,0,39,0,0,335
421.12,1547703178,9177.33,51.460272,7.418687,154.23,33.38,0.00,325.70,0,-97,-15,0,0,39,0,0,120
422.13,1547703179,9210.81,51.460520,7.418412,154.21,33.61,0.00,324.75,0,-91,-11,0,0,43,0,0,175
423.12,1547703180,9244.21,51.460775,7.418135,154.42,33.10,0.00,324.78,0,-91,-11,0,0,43,0,0,175
424.12,1547703181,9277.40,51.461020,7.417838,154.92,33.62,0.00,322.71,0,-91,-11,0,0,43,0,0,175
425.13,1547703182,9311.06,51.461259,7.417548,155.26,33.33,0.00,322.10,0,-84,-8,0,0,43,0,0,47
426.12,1547703183,9344.35,51.461492,7.417255,155.61,33.32,0.00,321.45,0,-84,-8,0,0,43,0,0,47
427.12,1547703184,9377.68,51.461724,7.416948,155.70,33.60,0.00,320.09,0,-87,-9,0,0,42,0,0,47
428.13,1547703185,9411.35,51.461948,7.416641,155.58,33.80,0.00,319.27,0,-87,-9,0,0,42,0,0,47
429.13,1547703186,9445.11,51.462179,7.416314,155.40,33.96,0.00,318.41,0,-91,-11,0,0,41,0,0,47
430.13,1547703187,9479.08,51.462402,7.415977,154.99,34.09,0.00,316.99,0,-91,-11,0,0,41,0,0,47
431.13,1547703188,9513.40,51.462622,7.415649,154.73,33.41,0.00,316.04,0,-87,-13,0,0,45,0,0,112
431.13,1547703188,9513.40,51.462622,7.415649,154.73,33.41,0.00,316.04,0,-107,-9,0,0,24,0,0,447
432.12,1547703189,9546.51,51.462833,7.415313,154.56,32.57,0.00,315.21,0,-87,-13,0,0,45,0,0,112
432.12,1547703189,9546.55,51.462833,7.415313,154.56,32.57,0.00,315.21,0,-107,-9,0,0,24,0,0,447
433.12,1547703190,9579.05,51.463041,7.414986,154.66,32.41,0.00,314.89,0,-92,-10,0,0,38,0,0,47
433.12,1547703190,9579.05,51.463041,7.414986,154.66,32.41,0.00,314.89,0,-108,-12,0,0,25,0,0,447
434.13,1547703191,9611.62,51.463242,7.414643,154.82,32.14,0.00,313.42,0,-92,-10,0,0,38,0,0,47
434.13,1547703191,9611.65,51.463242,7.414643,154.82,32.14,0.00,313.42,0,-108,-12,0,0,25,0,0,447
435.13,1547703192,9643.69,51.463441,7.414304,155.24,32.23,0.00,313.38,0,-108,-9,0,0,20,0,0,447
436.13,1547703193,9675.92,51.463630,7.413964,155.35,32.07,0.00,311.60,0,-108,-9,0,0,20,0,0,447
437.13,1547703194,9708.02,51.463819,7.413617,155.38,32.38,0.00,311.09,0,-92,-8,0,0,37,0,0,392
437.13,1547703194,9708.05,51.463819,7.413617,155.38,32.38,0.00,311.09,0,-95,-13,0,0,38,0,0,112
437.13,1547703194,9708.05,51.463819,7.413617,155.38,32.38,0.00,311.09,0,-110,-10,0,0,21,0,0,447
438.13,1547703195,9740.40,51.464009,7.413257,155.21,32.61,0.00,310.28,0,-92,-8,0,0,37,0,0,392
438.13,1547703195,9740.44,51.464009,7.413257,155.21,32.61,0.00,310.28,0,-95,-13,0,0,38,0,0,112
438.13,1547703195,9740.47,51.464009,7.413257,155.21,32.61,0.00,310.28,0,-110,-10,0,0,21,0,0,447
439.13,1547703196,9773.01,51.464202,7.412888,155.01,32.67,0.00,310.25,0,-91,-6,0,0,36,0,0,392
440.13,1547703197,9805.68,51.464388,7.412525,154.71,32.79,0.00,309.08,0,-91,-6,0,0,36,0,0,392
443.13,1547703200,9905.31,51.464953,7.411409,153.97,33.25,0.00,308.64,0,-114,-11,0,0,17,0,0,433
443.13,1547703200,9905.31,51.464953,7.411409,153.97,33.25,0.00,308.64,0,-114,-10,0,0,17,0,0,336
444.13,1547703201,9938.42,51.465140,7.411039,153.92,32.69,0.00,308.52,0,-114,-11,0,0,17,0,0,433
444.13,1547703201,9938.46,51.465140,7.411039,153.92,32.69,0.00,308.52,0,-114,-10,0,0,17,0,0,336
445.13,1547703202,9971.11,51.465322,7.410668,153.81,32.64,0.00,308.06,0,-114,-11,0,0,17,0,0,433
445.13,1547703202,9971.14,51.465322,7.410668,153.81,32.64,0.00,308.06,0,-114,-10,0,0,17,0,0,336
446.13,1547703203,10003.75,51.465503,7.410296,153.71,32.69,0.00,307.73,0,-113,-9,0,0,16,0,0,433
446.13,1547703203,10003.78,51.465503,7.410296,153.71,32.69,0.00,307.73,0,-114,-10,0,0,16,0,0,336
447.12,1547703204,10036.31,51.465684,7.409922,153.75,32.57,0.00,307.87,0,-113,-9,0,0,16,0,0,433
447.12,1547703204,10036.31,51.465684,7.409922,153.75,32.57,0.00,307.87,0,-114,-10,0,0,16,0,0,336
448.13,1547703205,10069.05,51.465862,7.409558,153.72,32.69,0.00,308.03,0,-112,-10,0,0,16,0,0,433
448.13,1547703205,10069.05,51.465862,7.409558,153.72,32.69,0.00,308.03,0,-113,-10,0,0,16,0,0,336
449.12,1547703206,10101.58,51.466043,7.409186,153.81,32.73,0.00,308.03,0,-112,-10,0,0,16,0,0,433
449.12,1547703206,10101.61,51.466043,7.409186,153.81,32.73,0.00,308.03,0,-113,-10,0,0,16,0,0,336
450.13,1547703207,10134.50,51.466226,7.408813,154.06,32.91,0.00,308.33,0,-112,-8,0,0,15,0,0,336
450.13,1547703207,10134.50,51.466226,7.408813,154.06,32.91,0.00,308.33,0,-116,-12,0,0,15,0,0,433
451.12,1547703208,10167.22,51.466409,7.408439,154.35,33.19,0.00,308.48,0,-112,-8,0,0,15,0,0,336
451.12,1547703208,10167.25,51.466409,7.408439,154.35,33.19,0.00,308.48,0,-116,-12,0,0,15,0,0,433
452.13,1547703209,10200.58,51.466594,7.408062,154.68,33.60,0.00,308.62,0,-113,-9,0,0,14,0,0,336
452.13,1547703209,10200.58,51.466594,7.408062,154.68,33.60,0.00,308.62,0,-113,-10,0,0,16,0,0,341
453.12,1547703210,10234.04,51.466779,7.407687,154.93,33.28,0.00,308.74,0,-113,-9,0,0,14,0,0,336
453.12,1547703210,10234.04,51.466779,7.407687,154.93,33.28,0.00,308.74,0,-113,-10,0,0,16,0,0,341
454.12,1547703211,10267.35,51.466967,7.407320,155.15,32.60,0.00,309.19,0,-112,-9,0,0,16,0,0,57
454.12,1547703211,10267.38,51.466967,7.407320,155.15,32.60,0.00,309.19,0,-114,-11,0,0,16,0,0,447
455.13,1547703212,10300.04,51.467147,7.406969,155.47,31.71,0.00,309.64,0,-112,-9,0,0,16,0,0,57
455.13,1547703212,10300.04,51.467147,7.406969,155.47,31.71,0.00,309.64,0,-114,-11,0,0,16,0,0,447
456.12,1547703213,10331.59,51.467334,7.406619,155.67,31.59,0.00,310.38,0,-112,-13,0,0,22,0,0,447
456.12,1547703213,10331.63,51.467334,7.406619,155.67,31.59,0.00,310.38,0,-114,-17,0,0,21,0,0,433
457.13,1547703214,10363.34,51.467520,7.406285,156.00,31.61,0.00,311.88,0,-112,-13,0,0,22,0,0,447
457.13,1547703214,10363.37,51.467520,7.406285,156.00,31.61,0.00,311.88,0,-114,-17,0,0,21,0,0,433
458.13,1547703215,10394.95,51.467707,7.405951,156.38,31.71,0.00,312.36,0,-107,-10,0,0,21,0,0,447
458.13,1547703215,10394.98,51.467707,7.405951,156.38,31.71,0.00,312.36,0,-107,-11,0,0,21,0,0,433
459.13,1547703216,10426.65,51.467900,7.405611,156.66,31.58,0.00,311.88,0,-107,-10,0,0,21,0,0,447
459.13,1547703216,10426.69,51.467900,7.405611,156.66,31.58,0.00,311.88,0,-107,-11,0,0,21,0,0,433
460.13,1547703217,10458.23,51.468088,7.405276,157.12,31.24,0.00,311.83,0,-107,-8,0,0,20,0,0,433
460.13,1547703217,10458.27,51.468088,7.405276,157.12,31.24,0.00,311.83,0,-110,-9,0,0,18,0,0,57
461.13,1547703218,10489.54,51.468276,7.404943,157.71,31.40,0.00,311.82,0,-107,-8,0,0,20,0,0,433
461.13,1547703218,10489.60,51.468276,7.404943,157.71,31.40,0.00,311.82,0,-110,-9,0,0,18,0,0,57
462.13,1547703219,10521.03,51.468465,7.404612,158.27,31.50,0.00,312.19,0,-115,-15,0,0,18,0,0,336
462.13,1547703219,10521.03,51.468465,7.404612,158.27,31.50,0.00,312.19,0,-118,-15,0,0,18,0,0,433
463.12,1547703220,10552.24,51.468655,7.404270,158.95,31.42,0.00,312.44,0,-115,-15,0,0,18,0,0,336
463.12,1547703220,10552.24,51.468655,7.404270,158.95,31.42,0.00,312.44,0,-118,-15,0,0,18,0,0,433
464.13,1547703221,10583.91,51.468843,7.403935,159.77,30.97,0.00,312.85,0,-89,-16,0,0,48,0,0,205
464.13,1547703221,10583.94,51.468843,7.403935,159.77,30.97,0.00,312.85,0,-121,-14,0,0,13,0,0,433
464.13,1547703221,10583.94,51.468843,7.403935,159.77,30.97,0.00,312.85,0,-122,-15,0,0,14,0,0,341
465.13,1547703222,10614.76,51.469031,7.403614,160.56,30.58,0.00,313.27,0,-89,-16,0,0,48,0,0,205
465.13,1547703222,10614.82,51.469031,7.403614,160.56,30.58,0.00,313.27,0,-121,-14,0,0,13,0,0,433
465.13,1547703222,10614.82,51.469031,7.403614,160.56,30.58,0.00,313.27,0,-122,-15,0,0,14,0,0,341
466.13,1547703223,10645.37,51.469222,7.403290,161.16,30.58,0.00,313.22,0,-89,-16,0,0,48,0,0,205
466.13,1547703223,10645.37,51.469222,7.403290,161.16,30.58,0.00,313.22,0,-121,-14,0,0,13,0,0,433
466.13,1547703223,10645.40,51.469222,7.403290,161.16,30.58,0.00,313.22,0,-122,-15,0,0,14,0,0,341
467.13,1547703224,10675.95,51.466879,7.403323,161.90,30.46,0.00,313.49,0,-91,-11,0,0,38,0,0,205
467.13,1547703224,10675.95,51.466879,7.403323,161.90,30.46,0.00,313.49,0,-118,-13,0,0,14,0,0,448
467.13,1547703224,10675.98,51.466879,7.403323,161.90,30.46,0.00,313.49,0,-119,-14,0,0,13,0,0,433
468.13,1547703225,10706.37,51.469589,7.402653,162.26,29.86,0.00,314.17,0,-91,-11,0,0,38,0,0,205
468.13,1547703225,10706.40,51.469589,7.402653,162.26,29.86,0.00,314.17,0,-118,-13,0,0,14,0,0,448
468.13,1547703225,10706.43,51.469589,7.402653,162.26,29.86,0.00,314.17,0,-119,-14,0,0,13,0,0,433
469.13,1547703226,10736.26,51.469771,7.402351,162.60,29.45,0.00,314.61,0,-89,-9,0,0,46,0,0,205
469.13,1547703226,10736.29,51.469771,7.402351,162.60,29.45,0.00,314.61,0,-94,-18,0,0,47,0,0,210
469.13,1547703226,10736.32,51.469771,7.402351,162.60,29.45,0.00,314.61,0,-117,-12,0,0,14,0,0,433
469.13,1547703226,10736.32,51.469771,7.402351,162.60,29.45,0.00,314.61,0,-121,-15,0,0,13,0,0,341
470.13,1547703227,10765.71,51.469952,7.402052,162.75,29.26,0.00,315.44,0,-89,-9,0,0,46,0,0,205
470.13,1547703227,10765.74,51.469952,7.402052,162.75,29.26,0.00,315.44,0,-94,-18,0,0,47,0,0,210
470.13,1547703227,10765.74,51.469952,7.402052,162.75,29.26,0.00,315.44,0,-117,-12,0,0,14,0,0,433
470.13,1547703227,10765.77,51.469952,7.402052,162.75,29.26,0.00,315.44,0,-121,-15,0,0,13,0,0,341
471.13,1547703228,10795.20,51.470138,7.401747,163.15,28.69,0.00,315.28,0,-111,-10,0,0,16,0,0,289
471.14,1547703228,10795.23,51.470138,7.401747,163.15,28.69,0.00,315.28,0,-115,-12,0,0,15,0,0,345
472.12,1547703229,10823.52,51.470321,7.401468,163.55,27.97,0.00,315.96,0,-111,-10,0,0,16,0,0,289
472.12,1547703229,10823.55,51.470321,7.401468,163.55,27.97,0.00,315.96,0,-115,-12,0,0,15,0,0,345
473.12,1547703230,10851.46,51.470500,7.401192,163.96,27.38,0.00,316.24,0,-92,-17,0,0,43,0,0,210
473.12,1547703230,10851.49,51.470500,7.401192,163.96,27.38,0.00,316.24,0,-119,-14,0,0,15,0,0,289
474.13,1547703231,10878.97,51.470676,7.400919,164.43,26.84,0.00,315.75,0,-92,-17,0,0,43,0,0,210
474.13,1547703231,10879.00,51.470676,7.400919,164.43,26.84,0.00,315.75,0,-119,-14,0,0,15,0,0,289
475.13,1547703232,10905.81,51.470848,7.400655,164.96,26.38,0.00,316.81,0,-119,-15,0,0,15,0,0,289
476.13,1547703233,10932.17,51.471021,7.400390,165.46,26.28,0.00,316.52,0,-119,-15,0,0,15,0,0,289
477.13,1547703234,10958.48,51.471197,7.400132,165.99,26.23,0.00,317.08,0,-96,-14,0,0,37,0,0,210
477.13,1547703234,10958.50,51.471197,7.400132,165.99,26.23,0.00,317.08,0,-122,-16,0,0,13,0,0,289
478.13,1547703235,10984.68,51.471367,7.399876,166.30,26.25,0.00,317.76,0,-96,-14,0,0,37,0,0,210
478.13,1547703235,10984.70,51.471367,7.399876,166.30,26.25,0.00,317.76,0,-122,-16,0,0,13,0,0,289
479.12,1547703236,11010.91,51.471540,7.399616,166.56,26.42,0.00,317.52,0,-115,-13,0,0,17,0,0,356
480.13,1547703237,11037.35,51.471716,7.399352,166.86,26.65,0.00,317.68,0,-115,-13,0,0,17,0,0,356
481.14,1547703238,11064.54,51.471898,7.399090,167.24,27.01,0.00,318.10,0,-107,-11,0,0,26,0,0,356
482.13,1547703239,11091.17,51.472084,7.398829,167.68,27.41,0.00,318.75,0,-107,-11,0,0,26,0,0,356
483.12,1547703240,11118.39,51.472271,7.398563,168.37,27.71,0.00,318.95,0,-109,-15,0,0,27,0,0,356
484.13,1547703241,11146.15,51.472464,7.398302,168.90,28.04,0.00,319.12,0,-109,-15,0,0,27,0,0,356
485.13,1547703242,11174.45,51.472658,7.398041,169.33,28.17,0.00,319.24,0,-105,-13,0,0,28,0,0,356
486.12,1547703243,11202.31,51.472847,7.397787,169.67,27.52,0.00,319.28,0,-105,-13,0,0,28,0,0,356
487.12,1547703244,11229.74,51.473033,7.397543,170.01,26.52,0.00,320.38,0,-105,-13,0,0,28,0,0,356
492.12,1547703249,11361.34,51.473962,7.396354,171.21,26.37,0.00,321.93,0,-89,-13,0,0,44,0,0,210
493.13,1547703250,11387.82,51.474152,7.396113,171.12,26.54,0.00,322.36,0,-89,-13,0,0,44,0,0,210
527.13,1547703284,12086.01,51.479740,7.393622,183.80,14.57,0.00,335.24,0,-98,-12,0,0,36,0,0,198
528.13,1547703285,12100.50,51.479863,7.393534,184.44,13.78,0.00,334.82,0,-98,-12,0,0,36,0,0,198
529.13,1547703286,12114.28,51.479959,7.393472,185.19,11.92,0.00,336.83,0,-98,-12,0,0,36,0,0,198
530.13,1547703287,12126.19,51.480065,7.393436,186.07,11.08,0.00,350.35,0,-90,-12,0,0,41,0,0,206
531.13,1547703288,12137.34,51.480157,7.393454,186.74,10.28,0.00,10.20,0,-90,-12,0,0,41,0,0,206
532.12,1547703289,12147.51,51.480253,7.393527,187.08,10.51,0.00,30.35,0,-92,-14,0,0,44,0,0,206
532.12,1547703289,12147.51,51.480253,7.393527,187.08,10.51,0.00,30.35,0,-94,-13,0,0,44,0,0,198
533.12,1547703290,12158.04,51.480315,7.393637,187.36,11.29,0.00,50.26,0,-92,-14,0,0,44,0,0,206
533.12,1547703290,12158.04,51.480315,7.393637,187.36,11.29,0.00,50.26,0,-94,-13,0,0,44,0,0,198
534.13,1547703291,12169.36,51.480381,7.393767,187.56,12.39,0.00,52.92,0,-97,-13,0,0,35,0,0,206
535.13,1547703292,12181.76,51.480445,7.393921,187.73,13.65,0.00,55.20,0,-97,-13,0,0,35,0,0,206
536.13,1547703293,12195.40,51.480509,7.394088,187.68,15.17,0.00,55.96,0,-98,-12,0,0,36,0,0,206
536.13,1547703293,12195.41,51.480509,7.394088,187.68,15.17,0.00,55.96,0,-98,-13,0,0,36,0,0,198
537.13,1547703294,12210.59,51.480583,7.394280,187.66,16.14,0.00,56.77,0,-98,-12,0,0,36,0,0,206
537.13,1547703294,12210.59,51.480583,7.394280,187.66,16.14,0.00,56.77,0,-98,-13,0,0,36,0,0,198
538.13,1547703295,12226.71,51.480661,7.394484,187.61,17.29,0.00,57.20,0,-90,-8,0,0,37,0,0,198
539.13,1547703296,12244.00,51.480750,7.394701,187.38,18.35,0.00,57.68,0,-90,-8,0,0,37,0,0,198
540.13,1547703297,12262.37,51.480832,7.394928,187.22,19.21,0.00,58.12,0,-98,-10,0,0,33,0,0,198
540.13,1547703297,12262.39,51.480832,7.394928,187.22,19.21,0.00,58.12,0,-102,-15,0,0,33,0,0,200
541.12,1547703298,12281.48,51.480922,7.395168,187.22,19.64,0.00,58.48,0,-98,-10,0,0,33,0,0,198
541.12,1547703298,12281.48,51.480922,7.395168,187.22,19.64,0.00,58.48,0,-102,-15,0,0,33,0,0,200
542.13,1547703299,12301.22,51.481010,7.395411,187.20,19.58,0.00,59.32,0,-100,-15,0,0,38,0,0,198
542.13,1547703299,12301.24,51.481010,7.395411,187.20,19.58,0.00,59.32,0,-101,-17,0,0,38,0,0,200
542.13,1547703299,12301.24,51.481010,7.395411,187.20,19.58,0.00,59.32,0,-102,-20,0,0,39,0,0,120
542.13,1547703299,12301.24,51.481010,7.395411,187.20,19.58,0.00,59.32,0,-85,-13,0,0,50,0,0,356
543.12,1547703300,12320.72,51.481099,7.395655,186.93,18.98,0.00,59.66,0,-100,-15,0,0,38,0,0,198
543.12,1547703300,12320.72,51.481099,7.395655,186.93,18.98,0.00,59.66,0,-101,-17,0,0,38,0,0,200
543.12,1547703300,12320.72,51.481099,7.395655,186.93,18.98,0.00,59.66,0,-102,-20,0,0,39,0,0,120
543.12,1547703300,12320.74,51.481099,7.395655,186.93,18.98,0.00,59.66,0,-85,-13,0,0,50,0,0,356
544.13,1547703301,12339.85,51.481181,7.395894,186.64,18.52,0.00,60.45,0,-93,-11,0,0,37,0,0,198
544.13,1547703301,12339.87,51.481181,7.395894,186.64,18.52,0.00,60.45,0,-96,-14,0,0,37,0,0,200
544.13,1547703301,12339.89,51.481181,7.395894,186.64,18.52,0.00,60.45,0,-80,-10,0,0,50,0,0,356
545.13,1547703302,12358.31,51.481258,7.396119,186.14,18.44,0.00,59.98,0,-93,-11,0,0,37,0,0,198
545.13,1547703302,12358.31,51.481258,7.396119,186.14,18.44,0.00,59.98,0,-96,-14,0,0,37,0,0,200
545.13,1547703302,12358.33,51.481258,7.396119,186.14,18.44,0.00,59.98,0,-80,-10,0,0,50,0,0,356
546.13,1547703303,12376.75,51.481335,7.396341,186.18,18.00,0.00,59.54,0,-96,-12,0,0,35,0,0,198
546.13,1547703303,12376.75,51.481335,7.396341,186.18,18.00,0.00,59.54,0,-98,-14,0,0,35,0,0,200
546.13,1547703303,12376.77,51.481335,7.396341,186.18,18.00,0.00,59.54,0,-76,-7,0,0,53,0,0,356
547.13,1547703304,12394.77,51.481425,7.396574,186.22,17.58,0.00,58.94,0,-96,-12,0,0,35,0,0,198
547.13,1547703304,12394.79,51.481425,7.396574,186.22,17.58,0.00,58.94,0,-98,-14,0,0,35,0,0,200
547.13,1547703304,12394.81,51.481425,7.396574,186.22,17.58,0.00,58.94,0,-76,-7,0,0,53,0,0,356
548.14,1547703305,12412.50,51.481505,7.396781,186.38,17.13,0.00,58.48,0,-100,-15,0,0,34,0,0,3
548.14,1547703305,12412.50,51.481505,7.396781,186.38,17.13,0.00,58.48,0,-102,-17,0,0,34,0,0,24
548.14,1547703305,12412.52,51.481505,7.396781,186.38,17.13,0.00,58.48,0,-102,-15,0,0,32,0,0,198
548.14,1547703305,12412.54,51.481505,7.396781,186.38,17.13,0.00,58.48,0,-104,-16,0,0,32,0,0,200
548.14,1547703305,12412.54,51.481505,7.396781,186.38,17.13,0.00,58.48,0,-80,-6,0,0,46,0,0,356
549.13,1547703306,12429.48,51.481585,7.396982,186.45,16.81,0.00,57.89,0,-100,-15,0,0,34,0,0,3
549.13,1547703306,12429.49,51.481585,7.396982,186.45,16.81,0.00,57.89,0,-102,-17,0,0,34,0,0,24
549.13,1547703306,12429.51,51.481585,7.396982,186.45,16.81,0.00,57.89,0,-102,-15,0,0,32,0,0,198
549.13,1547703306,12429.53,51.481585,7.396982,186.45,16.81,0.00,57.89,0,-104,-16,0,0,32,0,0,200
549.13,1547703306,12429.53,51.481585,7.396982,186.45,16.81,0.00,57.89,0,-80,-6,0,0,46,0,0,356
550.13,1547703307,12446.27,51.481664,7.397181,186.51,16.48,0.00,57.24,0,-100,-15,0,0,34,0,0,3
550.13,1547703307,12446.29,51.481664,7.397181,186.51,16.48,0.00,57.24,0,-102,-17,0,0,34,0,0,24
550.13,1547703307,12446.30,51.481664,7.397181,186.51,16.48,0.00,57.24,0,-102,-15,0,0,32,0,0,198
550.13,1547703307,12446.32,51.481664,7.397181,186.51,16.48,0.00,57.24,0,-104,-16,0,0,32,0,0,200
550.13,1547703307,12446.32,51.481664,7.397181,186.51,16.48,0.00,57.24,0,-80,-6,0,0,46,0,0,356
551.13,1547703308,12462.74,51.481745,7.397379,186.48,15.65,0.00,56.53,0,-99,-13,0,0,32,0,0,198
551.13,1547703308,12462.74,51.481745,7.397379,186.48,15.65,0.00,56.53,0,-101,-15,0,0,33,0,0,200
551.13,1547703308,12462.76,51.481745,7.397379,186.48,15.65,0.00,56.53,0,-105,-17,0,0,33,0,0,3
551.13,1547703308,12462.78,51.481745,7.397379,186.48,15.65,0.00,56.53,0,-106,-18,0,0,32,0,0,206
552.13,1547703309,12478.40,51.481819,7.397552,186.38,14.41,0.00,55.50,0,-99,-13,0,0,32,0,0,198
552.13,1547703309,12478.41,51.481819,7.397552,186.38,14.41,0.00,55.50,0,-101,-15,0,0,33,0,0,200
552.13,1547703309,12478.43,51.481819,7.397552,186.38,14.41,0.00,55.50,0,-105,-17,0,0,33,0,0,3
552.13,1547703309,12478.43,51.481819,7.397552,186.38,14.41,0.00,55.50,0,-106,-18,0,0,32,0,0,206
553.13,1547703310,12492.82,51.481893,7.397717,186.59,13.01,0.00,54.71,0,-100,-13,0,0,31,0,0,198
553.13,1547703310,12492.84,51.481893,7.397717,186.59,13.01,0.00,54.71,0,-101,-13,0,0,31,0,0,200
553.13,1547703310,12492.85,51.481893,7.397717,186.59,13.01,0.00,54.71,0,-105,-17,0,0,31,0,0,361
553.13,1547703310,12492.85,51.481893,7.397717,186.59,13.01,0.00,54.71,0,-106,-17,0,0,31,0,0,36
553.13,1547703310,12492.86,51.481893,7.397717,186.59,13.01,0.00,54.71,0,-107,-20,0,0,33,0,0,210
554.13,1547703311,12505.83,51.481966,7.397871,186.94,11.69,0.00,53.85,0,-100,-13,0,0,31,0,0,198
554.13,1547703311,12505.83,51.481966,7.397871,186.94,11.69,0.00,53.85,0,-101,-13,0,0,31,0,0,200
554.13,1547703311,12505.84,51.481966,7.397871,186.94,11.69,0.00,53.85,0,-105,-17,0,0,31,0,0,361
554.13,1547703311,12505.85,51.481966,7.397871,186.94,11.69,0.00,53.85,0,-106,-17,0,0,31,0,0,36
554.13,1547703311,12505.85,51.481966,7.397871,186.94,11.69,0.00,53.85,0,-107,-20,0,0,33,0,0,210
555.13,1547703312,12517.49,51.482024,7.397991,187.02,10.51,0.00,52.47,0,-99,-11,0,0,32,0,0,200
555.13,1547703312,12517.50,51.482024,7.397991,187.02,10.51,0.00,52.47,0,-99,-11,0,0,32,0,0,198
555.13,1547703312,12517.51,51.482024,7.397991,187.02,10.51,0.00,52.47,0,-104,-17,0,0,32,0,0,36
556.13,1547703313,12528.00,51.482080,7.398097,186.86,9.11,0.00,51.26,0,-99,-11,0,0,32,0,0,200
556.13,1547703313,12528.01,51.482080,7.398097,186.86,9.11,0.00,51.26,0,-99,-11,0,0,32,0,0,198
556.13,1547703313,12528.02,51.482080,7.398097,186.86,9.11,0.00,51.26,0,-104,-17,0,0,32,0,0,36
557.13,1547703314,12537.11,51.482127,7.398186,186.64,7.68,0.00,50.07,0,-95,-10,0,0,34,0,0,200
557.13,1547703314,12537.11,51.482127,7.398186,186.64,7.68,0.00,50.07,0,-96,-11,0,0,34,0,0,198
558.13,1547703315,12544.79,51.482165,7.398257,186.24,6.48,0.00,49.10,0,-95,-10,0,0,34,0,0,200
558.13,1547703315,12544.80,51.482165,7.398257,186.24,6.48,0.00,49.10,0,-96,-11,0,0,34,0,0,198
559.13,1547703316,12551.26,51.482200,7.398317,185.86,5.39,0.00,48.30,0,-94,-9,0,0,34,0,0,200
559.13,1547703316,12551.27,51.482200,7.398317,185.86,5.39,0.00,48.30,0,-97,-11,0,0,34,0,0,198
560.13,1547703317,12556.66,51.482233,7.398374,185.55,4.69,0.00,47.37,0,-94,-9,0,0,34,0,0,200
560.13,1547703317,12556.66,51.482233,7.398374,185.55,4.69,0.00,47.37,0,-97,-11,0,0,34,0,0,198
561.14,1547703318,12561.43,51.482262,7.398417,185.54,3.72,0.00,46.79,0,-95,-12,0,0,36,0,0,198
561.15,1547703318,12561.44,51.482262,7.398417,185.54,3.72,0.00,46.79,0,-97,-14,0,0,35,0,0,205
562.12,1547703319,12565.07,51.482282,7.398444,185.52,1.92,0.00,46.17,0,-95,-12,0,0,36,0,0,198
562.12,1547703319,12565.07,51.482282,7.398444,185.52,1.92,0.00,46.17,0,-97,-14,0,0,35,0,0,205
563.13,1547703320,12567.00,51.482282,7.398444,185.52,0.00,0.00,46.17,0,-95,-11,0,0,34,0,0,205
563.13,1547703320,12567.00,51.482282,7.398444,185.52,0.00,0.00,46.17,0,-99,-12,0,0,33,0,0,198
563.13,1547703320,12567.00,51.482282,7.398444,185.52,0.00,0.00,46.17,0,-100,-14,0,0,34,0,0,206
564.13,1547703321,12567.00,51.482282,7.398444,185.51,0.00,0.00,46.17,0,-95,-11,0,0,34,0,0,205
564.13,1547703321,12567.00,51.482282,7.398444,185.51,0.00,0.00,46.17,0,-99,-12,0,0,33,0,0,198
564.13,1547703321,12567.00,51.482282,7.398444,185.51,0.00,0.00,46.17,0,-100,-14,0,0,34,0,0,206
565.13,1547703322,12567.00,51.482282,7.398444,185.51,0.00,0.00,46.17,0,-93,-9,0,0,35,0,0,205
565.13,1547703322,12567.00,51.482282,7.398444,185.51,0.00,0.00,46.17,0,-100,-13,0,0,34,0,0,198
565.13,1547703322,12567.00,51.482282,7.398444,185.51,0.00,0.00,46.17,0,-100,-15,0,0,34,0,0,206
566.13,1547703323,12567.00,51.482282,7.398444,185.51,0.00,0.00,46.17,0,-93,-9,0,0,35,0,0,205
566.13,1547703323,12567.00,51.482282,7.398444,185.51,0.00,0.00,46.17,0,-100,-13,0,0,34,0,0,198
566.13,1547703323,12567.00,51.482282,7.398444,185.51,0.00,0.00,46.17,0,-100,-15,0,0,34,0,0,206
567.13,1547703324,12567.00,51.482282,7.398444,185.52,0.00,0.00,46.17,0,-98,-12,0,0,34,0,0,205
567.13,1547703324,12567.00,51.482282,7.398444,185.52,0.00,0.00,46.17,0,-100,-13,0,0,33,0,0,198
568.13,1547703325,12567.00,51.482282,7.398444,185.52,0.00,0.00,45.45,0,-98,-12,0,0,34,0,0,205
568.13,1547703325,12567.00,51.482282,7.398444,185.52,0.00,0.00,45.45,0,-100,-13,0,0,33,0,0,198
569.13,1547703326,12567.00,51.482320,7.398500,185.73,0.00,0.00,44.35,0,-96,-11,0,0,34,0,0,205
569.14,1547703326,12567.00,51.482320,7.398500,185.73,0.00,0.00,44.35,0,-99,-12,0,0,34,0,0,198
570.13,1547703327,12567.00,51.482353,7.398548,185.99,5.63,0.00,43.16,0,-96,-11,0,0,34,0,0,205
570.13,1547703327,12567.01,51.482353,7.398548,185.99,5.63,0.00,43.16,0,-99,-12,0,0,34,0,0,198
571.12,1547703328,12572.61,51.482393,7.398603,186.13,6.66,0.00,42.09,0,-96,-11,0,0,34,0,0,205
571.12,1547703328,12572.61,51.482393,7.398603,186.13,6.66,0.00,42.09,0,-99,-12,0,0,34,0,0,198
572.13,1547703329,12579.30,51.482447,7.398676,186.16,7.96,0.00,40.87,0,-94,-9,0,0,35,0,0,205
572.13,1547703329,12579.30,51.482447,7.398676,186.16,7.96,0.00,40.87,0,-99,-15,0,0,35,0,0,206
573.13,1547703330,12587.26,51.482503,7.398743,186.17,9.04,0.00,39.69,0,-94,-9,0,0,35,0,0,205
573.13,1547703330,12587.27,51.482503,7.398743,186.17,9.04,0.00,39.69,0,-99,-15,0,0,35,0,0,206
574.13,1547703331,12596.31,51.482570,7.398828,185.96,9.11,0.00,39.00,0,-99,-13,0,0,34,0,0,205
574.13,1547703331,12596.32,51.482570,7.398828,185.96,9.11,0.00,39.00,0,-100,-15,0,0,34,0,0,198
574.13,1547703331,12596.33,51.482570,7.398828,185.96,9.11,0.00,39.00,0,-104,-15,0,0,34,0,0,36
574.13,1547703331,12596.33,51.482570,7.398828,185.96,9.11,0.00,39.00,0,-105,-18,0,0,34,0,0,38
575.13,1547703332,12605.42,51.482642,7.398913,185.58,9.88,0.00,37.52,0,-99,-13,0,0,34,0,0,205
575.13,1547703332,12605.43,51.482642,7.398913,185.58,9.88,0.00,37.52,0,-100,-15,0,0,34,0,0,198
575.13,1547703332,12605.44,51.482642,7.398913,185.58,9.88,0.00,37.52,0,-104,-15,0,0,34,0,0,36
575.13,1547703332,12605.44,51.482642,7.398913,185.58,9.88,0.00,37.52,0,-105,-18,0,0,34,0,0,38
576.13,1547703333,12615.29,51.482712,7.398996,185.24,9.88,0.00,36.62,0,-97,-15,0,0,35,0,0,198
576.13,1547703333,12615.30,51.482712,7.398996,185.24,9.88,0.00,36.62,0,-100,-14,0,0,35,0,0,205
577.13,1547703334,12625.16,51.482788,7.399079,184.81,10.08,0.00,36.79,0,-97,-15,0,0,35,0,0,198
577.13,1547703334,12625.17,51.482788,7.399079,184.81,10.08,0.00,36.79,0,-100,-14,0,0,35,0,0,205
578.13,1547703335,12635.25,51.482880,7.399176,184.33,11.66,0.00,34.91,0,-99,-14,0,0,34,0,0,198
579.13,1547703336,12646.90,51.482966,7.399264,184.16,10.92,0.00,34.26,0,-99,-14,0,0,34,0,0,198
580.13,1547703337,12657.82,51.483048,7.399342,184.31,10.82,0.00,33.67,0,-98,-14,0,0,35,0,0,198
581.12,1547703338,12668.60,51.483128,7.399419,184.51,10.91,0.00,33.23,0,-98,-14,0,0,35,0,0,198
582.12,1547703339,12679.49,51.483207,7.399496,184.96,10.86,0.00,33.39,0,-98,-13,0,0,36,0,0,198
583.13,1547703340,12690.41,51.483299,7.399586,185.42,11.43,0.00,33.80,0,-98,-13,0,0,36,0,0,198
590.13,1547703347,12781.24,51.483975,7.400326,188.03,13.74,0.00,36.48,0,-99,-11,0,0,33,0,0,361
591.13,1547703348,12794.88,51.484073,7.400446,188.15,13.96,0.00,37.24,0,-99,-11,0,0,33,0,0,361
592.12,1547703349,12808.77,51.484171,7.400570,188.18,13.74,0.00,37.86,0,-99,-11,0,0,33,0,0,361
593.13,1547703350,12822.58,51.484267,7.400696,188.12,13.78,0.00,38.65,0,-95,-13,0,0,38,0,0,361
594.13,1547703351,12836.34,51.484360,7.400826,187.90,13.89,0.00,39.67,0,-95,-13,0,0,38,0,0,361
595.12,1547703352,12850.17,51.484457,7.400959,187.66,14.17,0.00,40.35,0,-92,-9,0,0,38,0,0,361
596.13,1547703353,12864.42,51.484553,7.401098,187.43,14.19,0.00,41.05,0,-92,-9,0,0,38,0,0,361
597.13,1547703354,12878.59,51.484636,7.401223,186.82,14.11,0.00,41.49,0,-93,-9,0,0,36,0,0,361
598.13,1547703355,12892.72,51.484729,7.401365,186.46,13.84,0.00,42.34,0,-93,-9,0,0,36,0,0,361
599.13,1547703356,12906.55,51.484822,7.401503,186.27,13.61,0.00,41.87,0,-97,-7,0,0,31,0,0,361
600.13,1547703357,12920.16,51.484915,7.401638,186.17,13.70,0.00,41.48,0,-97,-7,0,0,31,0,0,361
601.12,1547703358,12933.81,51.485007,7.401774,186.10,14.06,0.00,42.36,0,-100,-11,0,0,31,0,0,361
601.12,1547703358,12933.83,51.485007,7.401774,186.10,14.06,0.00,42.36,0,-102,-13,0,0,31,0,0,38
602.13,1547703359,12947.93,51.485102,7.401915,185.94,14.51,0.00,43.26,0,-100,-11,0,0,31,0,0,361
602.13,1547703359,12947.94,51.485102,7.401915,185.94,14.51,0.00,43.26,0,-102,-13,0,0,31,0,0,38
603.12,1547703360,12962.36,51.485194,7.402062,185.76,14.53,0.00,44.47,0,-100,-13,0,0,32,0,0,361
603.12,1547703360,12962.36,51.485194,7.402062,185.76,14.53,0.00,44.47,0,-100,-13,0,0,32,0,0,38
604.13,1547703361,12976.96,51.485284,7.402212,185.57,13.93,0.00,45.52,0,-100,-13,0,0,32,0,0,361
604.13,1547703361,12976.97,51.485284,7.402212,185.57,13.93,0.00,45.52,0,-100,-13,0,0,32,0,0,38
605.12,1547703362,12990.86,51.485365,7.402359,185.36,13.24,0.00,46.61,0,-95,-11,0,0,35,0,0,38
606.13,1547703363,13004.12,51.485442,7.402506,184.97,11.50,0.00,47.94,0,-95,-11,0,0,35,0,0,38
611.13,1547703368,13049.23,51.485752,7.402741,182.98,8.88,0.00,335.13,0,-97,-9,0,0,34,0,0,361
612.12,1547703369,13058.08,51.485818,7.402666,182.90,9.92,0.00,322.25,0,-97,-9,0,0,34,0,0,361
613.13,1547703370,13068.03,51.485891,7.402577,182.84,10.08,0.00,321.55,0,-97,-9,0,0,34,0,0,361
614.13,1547703371,13078.10,51.485982,7.402470,182.52,11.18,0.00,322.11,0,-103,-14,0,0,32,0,0,361
615.13,1547703372,13089.29,51.486056,7.402377,182.28,11.80,0.00,323.58,0,-103,-14,0,0,32,0,0,361
616.13,1547703373,13101.11,51.486146,7.402274,181.93,12.11,0.00,325.21,0,-96,-12,0,0,34,0,0,361
616.13,1547703373,13101.13,51.486146,7.402274,181.93,12.11,0.00,325.21,0,-102,-16,0,0,34,0,0,38
617.13,1547703374,13113.20,51.486238,7.402175,181.96,11.52,0.00,326.25,0,-96,-12,0,0,34,0,0,361
617.13,1547703374,13113.21,51.486238,7.402175,181.96,11.52,0.00,326.25,0,-102,-16,0,0,34,0,0,38
618.13,1547703375,13124.72,51.486336,7.402085,182.24,12.07,0.00,329.24,0,-98,-11,0,0,32,0,0,361
618.13,1547703375,13124.73,51.486336,7.402085,182.24,12.07,0.00,329.24,0,-101,-12,0,0,31,0,0,38
619.13,1547703376,13136.79,51.486430,7.402007,182.45,12.49,0.00,331.63,0,-98,-11,0,0,32,0,0,361
619.13,1547703376,13136.80,51.486430,7.402007,182.45,12.49,0.00,331.63,0,-101,-12,0,0,31,0,0,38
620.13,1547703377,13149.26,51.486534,7.401929,182.78,12.71,0.00,333.41,0,-96,-11,0,0,34,0,0,38
620.13,1547703377,13149.28,51.486534,7.401929,182.78,12.71,0.00,333.41,0,-96,-10,0,0,33,0,0,361
621.13,1547703378,13162.00,51.486648,7.401853,183.26,13.69,0.00,335.48,0,-96,-11,0,0,34,0,0,38
621.13,1547703378,13162.01,51.486648,7.401853,183.26,13.69,0.00,335.48,0,-96,-10,0,0,33,0,0,361
622.12,1547703379,13175.63,51.486775,7.401784,183.67,14.47,0.00,338.80,0,-101,-16,0,0,35,0,0,38
622.12,1547703379,13175.63,51.486775,7.401784,183.67,14.47,0.00,338.80,0,-101,-16,0,0,36,0,0,169
622.12,1547703379,13175.63,51.486775,7.401784,183.67,14.47,0.00,338.80,0,-105,-20,0,0,36,0,0,200
622.12,1547703379,13175.64,51.486775,7.401784,183.67,14.47,0.00,338.80,0,-105,-20,0,0,35,0,0,36
622.12,1547703379,13175.64,51.486775,7.401784,183.67,14.47,0.00,338.80,0,-91,-5,0,0,35,0,0,356
623.13,1547703380,13190.18,51.486909,7.401732,184.16,14.52,0.00,341.81,0,-101,-16,0,0,35,0,0,38
623.13,1547703380,13190.19,51.486909,7.401732,184.16,14.52,0.00,341.81,0,-101,-16,0,0,36,0,0,169
623.13,1547703380,13190.20,51.486909,7.401732,184.16,14.52,0.00,341.81,0,-105,-20,0,0,36,0,0,200
623.13,1547703380,13190.22,51.486909,7.401732,184.16,14.52,0.00,341.81,0,-105,-20,0,0,35,0,0,36
623.13,1547703380,13190.23,51.486909,7.401732,184.16,14.52,0.00,341.81,0,-91,-5,0,0,35,0,0,356
624.13,1547703381,13204.70,51.487032,7.401698,184.18,14.43,0.00,344.60,0,-101,-14,0,0,32,0,0,169
624.13,1547703381,13204.71,51.487032,7.401698,184.18,14.43,0.00,344.60,0,-101,-14,0,0,33,0,0,38
624.13,1547703381,13204.73,51.487032,7.401698,184.18,14.43,0.00,344.60,0,-103,-16,0,0,32,0,0,358
624.13,1547703381,13204.74,51.487032,7.401698,184.18,14.43,0.00,344.60,0,-106,-18,0,0,32,0,0,403
625.13,1547703382,13219.11,51.487153,7.401673,184.20,13.90,0.00,347.73,0,-101,-14,0,0,32,0,0,169
625.13,1547703382,13219.13,51.487153,7.401673,184.20,13.90,0.00,347.73,0,-101,-14,0,0,33,0,0,38
625.13,1547703382,13219.13,51.487153,7.401673,184.20,13.90,0.00,347.73,0,-103,-16,0,0,32,0,0,358
625.13,1547703382,13219.14,51.487153,7.401673,184.20,13.90,0.00,347.73,0,-106,-18,0,0,32,0,0,403
626.13,1547703383,13233.01,51.487288,7.401656,184.41,14.51,0.00,350.83,0,-97,-14,0,0,36,0,0,38
626.13,1547703383,13233.03,51.487288,7.401656,184.41,14.51,0.00,350.83,0,-98,-14,0,0,35,0,0,358
626.13,1547703383,13233.03,51.487288,7.401656,184.41,14.51,0.00,350.83,0,-103,-16,0,0,35,0,0,169
627.13,1547703384,13247.52,51.487417,7.401654,184.55,14.64,0.00,353.19,0,-97,-14,0,0,36,0,0,38
627.13,1547703384,13247.54,51.487417,7.401654,184.55,14.64,0.00,353.19,0,-98,-14,0,0,35,0,0,358
627.13,1547703384,13247.55,51.487417,7.401654,184.55,14.64,0.00,353.19,0,-103,-16,0,0,35,0,0,169
632.13,1547703389,13321.79,51.488071,7.401695,182.14,14.94,0.00,359.31,0,-103,-13,0,0,32,0,0,361
632.13,1547703389,13321.79,51.488071,7.401695,182.14,14.94,0.00,359.31,0,-108,-19,0,0,32,0,0,358
633.13,1547703390,13336.62,51.488209,7.401706,181.40,15.17,0.00,0.19,0,-103,-13,0,0,32,0,0,361
633.13,1547703390,13336.64,51.488209,7.401706,181.40,15.17,0.00,0.19,0,-108,-19,0,0,32,0,0,358
634.13,1547703391,13351.82,51.488352,7.401717,180.43,15.24,0.00,0.74,0,-103,-13,0,0,32,0,0,361
634.13,1547703391,13351.84,51.488352,7.401717,180.43,15.24,0.00,0.74,0,-108,-19,0,0,32,0,0,358
635.13,1547703392,13367.13,51.488487,7.401723,179.94,15.04,0.00,0.31,0,-105,-18,0,0,34,0,0,207
635.13,1547703392,13367.14,51.488487,7.401723,179.94,15.04,0.00,0.31,0,-106,-19,0,0,34,0,0,209
636.13,1547703393,13382.09,51.488618,7.401727,179.78,14.76,0.00,359.41,0,-105,-18,0,0,34,0,0,207
636.13,1547703393,13382.11,51.488618,7.401727,179.78,14.76,0.00,359.41,0,-106,-19,0,0,34,0,0,209
643.12,1547703400,13463.96,51.489307,7.401777,176.14,6.02,0.00,15.93,0,-132,-24,0,0,11,0,0,125
644.13,1547703401,13470.02,51.489360,7.401830,175.99,5.82,0.00,35.41,0,-132,-24,0,0,11,0,0,125
656.13,1547703413,13606.58,51.489370,7.403861,179.03,14.31,0.00,90.76,0,-105,-20,0,0,35,0,0,207
657.13,1547703414,13620.88,51.489367,7.404070,179.24,14.45,0.00,90.96,0,-105,-20,0,0,35,0,0,207
658.12,1547703415,13635.29,51.489363,7.404278,179.46,14.53,0.00,90.92,0,-107,-19,0,0,36,0,0,168
658.12,1547703415,13635.29,51.489363,7.404278,179.46,14.53,0.00,90.92,0,-109,-17,0,0,32,0,0,169
658.12,1547703415,13635.31,51.489363,7.404278,179.46,14.53,0.00,90.92,0,-110,-17,0,0,31,0,0,207
659.13,1547703416,13649.90,51.489359,7.404488,179.79,14.89,0.00,90.79,0,-107,-19,0,0,36,0,0,168
659.13,1547703416,13649.90,51.489359,7.404488,179.79,14.89,0.00,90.79,0,-109,-17,0,0,32,0,0,169
659.13,1547703416,13649.92,51.489359,7.404488,179.79,14.89,0.00,90.79,0,-110,-17,0,0,31,0,0,207
660.13,1547703417,13664.82,51.489358,7.404699,180.13,14.42,0.00,90.86,0,-111,-20,0,0,30,0,0,358
660.13,1547703417,13664.84,51.489358,7.404699,180.13,14.42,0.00,90.86,0,-111,-19,0,0,30,0,0,168
660.13,1547703417,13664.85,51.489358,7.404699,180.13,14.42,0.00,90.86,0,-111,-17,0,0,29,0,0,207
660.13,1547703417,13664.85,51.489358,7.404699,180.13,14.42,0.00,90.86,0,-112,-18,0,0,29,0,0,169
660.13,1547703417,13664.87,51.489358,7.404699,180.13,14.42,0.00,90.86,0,-132,-23,0,0,11,0,0,125
661.13,1547703418,13679.23,51.489359,7.404896,180.47,14.02,0.00,90.01,0,-111,-20,0,0,30,0,0,358
661.13,1547703418,13679.25,51.489359,7.404896,180.47,14.02,0.00,90.01,0,-111,-19,0,0,30,0,0,168
661.13,1547703418,13679.26,51.489359,7.404896,180.47,14.02,0.00,90.01,0,-111,-17,0,0,29,0,0,207
661.13,1547703418,13679.26,51.489359,7.404896,180.47,14.02,0.00,90.01,0,-112,-18,0,0,29,0,0,169
661.13,1547703418,13679.28,51.489359,7.404896,180.47,14.02,0.00,90.01,0,-132,-23,0,0,11,0,0,125
662.13,1547703419,13693.24,51.489362,7.405113,180.53,13.76,0.00,89.63,0,-110,-17,0,0,31,0,0,207
662.13,1547703419,13693.24,51.489362,7.405113,180.53,13.76,0.00,89.63,0,-110,-19,0,0,31,0,0,200
663.12,1547703420,13706.94,51.489367,7.405337,180.77,13.75,0.00,88.85,0,-110,-17,0,0,31,0,0,207
663.12,1547703420,13706.96,51.489367,7.405337,180.77,13.75,0.00,88.85,0,-110,-19,0,0,31,0,0,200
664.13,1547703421,13720.79,51.489377,7.405536,181.02,13.65,0.00,87.16,0,-108,-17,0,0,30,0,0,200
664.13,1547703421,13720.81,51.489377,7.405536,181.02,13.65,0.00,87.16,0,-110,-19,0,0,30,0,0,207
665.13,1547703422,13734.39,51.489390,7.405725,181.11,13.70,0.00,84.95,0,-108,-17,0,0,30,0,0,200
665.13,1547703422,13734.40,51.489390,7.405725,181.11,13.70,0.00,84.95,0,-110,-19,0,0,30,0,0,207
668.13,1547703425,13775.53,51.489461,7.406272,181.15,13.95,0.00,80.70,0,-104,-9,0,0,25,0,0,200
668.13,1547703425,13775.53,51.489461,7.406272,181.15,13.95,0.00,80.70,0,-108,-12,0,0,23,0,0,38
669.13,1547703426,13789.47,51.489488,7.406467,181.29,13.69,0.00,79.61,0,-104,-9,0,0,25,0,0,200
669.13,1547703426,13789.48,51.489488,7.406467,181.29,13.69,0.00,79.61,0,-108,-12,0,0,23,0,0,38
683.13,1547703440,13986.23,51.489886,7.409295,176.67,15.32,0.00,77.54,0,-109,-8,0,0,18,0,0,385
683.13,1547703440,13986.25,51.489886,7.409295,176.67,15.32,0.00,77.54,0,-102,-9,0,0,26,0,0,200
683.13,1547703440,13986.26,51.489886,7.409295,176.67,15.32,0.00,77.54,0,-104,-9,0,0,25,0,0,207
684.13,1547703441,14001.56,51.489916,7.409502,176.33,15.51,0.00,77.72,0,-109,-8,0,0,18,0,0,385
684.13,1547703441,14001.57,51.489916,7.409502,176.33,15.51,0.00,77.72,0,-102,-9,0,0,26,0,0,200
684.13,1547703441,14001.59,51.489916,7.409502,176.33,15.51,0.00,77.72,0,-104,-9,0,0,25,0,0,207
685.13,1547703442,14017.04,51.489947,7.409729,175.89,15.72,0.00,78.20,0,-100,-7,0,0,25,0,0,385
686.13,1547703443,14032.79,51.489978,7.409961,175.50,15.73,0.00,78.21,0,-100,-7,0,0,25,0,0,385
