time_s,timestamp_ms,distance_m,latitude,longitude,altitude,velocity_mps,acceleration_mpss,direction,isRegistered,rsrp_dbm,rsrq_db,rssnr_db,cqi,ss,ta,ci,pci
0.10,1544593312,0.03,51.450057,7.488274,257.19,8.72,0.00,166.89,0,-96,-9,0,0,45,0,0,67
0.10,1544593312,0.03,51.450057,7.488274,257.19,8.72,0.00,166.89,0,-95,-8,0,0,42,0,0,157
1.10,1544593313,8.79,51.449980,7.488305,256.93,9.49,0.00,167.73,0,-98,-8,0,0,43,0,0,67
1.10,1544593313,8.79,51.449980,7.488305,256.93,9.49,0.00,167.73,0,-96,-8,0,0,41,0,0,157
2.10,1544593314,18.26,51.449893,7.488335,256.75,10.25,0.00,168.45,0,-98,-8,0,0,43,0,0,67
2.10,1544593314,18.26,51.449893,7.488335,256.75,10.25,0.00,168.45,0,-96,-8,0,0,41,0,0,157
3.10,1544593315,28.53,51.449791,7.488366,256.90,10.93,0.00,169.70,0,-100,-9,0,0,39,0,0,67
3.10,1544593315,28.54,51.449791,7.488366,256.90,10.93,0.00,169.70,0,-99,-9,0,0,39,0,0,157
4.10,1544593316,39.46,51.449688,7.488394,257.12,11.10,0.00,170.11,0,-100,-9,0,0,39,0,0,67
4.10,1544593316,39.46,51.449688,7.488394,257.12,11.10,0.00,170.11,0,-99,-9,0,0,39,0,0,157
5.10,1544593317,50.55,51.449584,7.488416,257.34,12.05,0.00,172.48,0,-101,-10,0,0,41,0,0,67
5.10,1544593317,50.56,51.449584,7.488416,257.34,12.05,0.00,172.48,0,-99,-9,0,0,39,0,0,157
6.10,1544593318,62.62,51.449471,7.488437,257.53,12.62,0.00,174.54,0,-101,-10,0,0,41,0,0,67
6.10,1544593318,62.63,51.449471,7.488437,257.53,12.62,0.00,174.54,0,-99,-9,0,0,39,0,0,157
7.10,1544593319,75.23,51.449355,7.488449,257.73,13.29,0.00,176.31,0,-101,-10,0,0,41,0,0,67
7.10,1544593319,75.24,51.449355,7.488449,257.73,13.29,0.00,176.31,0,-100,-9,0,0,38,0,0,157
8.10,1544593320,88.51,51.449241,7.488451,257.98,13.00,0.00,178.39,0,-101,-10,0,0,41,0,0,67
8.10,1544593320,88.51,51.449241,7.488451,257.98,13.00,0.00,178.39,0,-100,-9,0,0,38,0,0,157
9.11,1544593321,101.62,51.449118,7.488444,258.37,13.13,0.00,180.93,0,-103,-10,0,0,38,0,0,67
9.11,1544593321,101.63,51.449118,7.488444,258.37,13.13,0.00,180.93,0,-101,-9,0,0,38,0,0,157
10.10,1544593322,114.65,51.448997,7.488428,258.56,13.51,0.00,183.21,0,-103,-10,0,0,38,0,0,67
10.10,1544593322,114.67,51.448997,7.488428,258.56,13.51,0.00,183.21,0,-101,-9,0,0,38,0,0,157
11.10,1544593323,128.18,51.448869,7.488399,258.84,13.68,0.00,185.81,0,-103,-10,0,0,38,0,0,67
11.10,1544593323,128.20,51.448869,7.488399,258.84,13.68,0.00,185.81,0,-101,-9,0,0,38,0,0,157
12.10,1544593324,141.82,51.448747,7.488370,259.14,14.01,0.00,187.67,0,-105,-12,0,0,40,0,0,67
12.10,1544593324,141.82,51.448747,7.488370,259.14,14.01,0.00,187.67,0,-107,-15,0,0,40,0,0,280
12.10,1544593324,141.84,51.448747,7.488370,259.14,14.01,0.00,187.67,0,-109,-15,0,0,39,0,0,195
12.10,1544593324,141.84,51.448747,7.488370,259.14,14.01,0.00,187.67,0,-103,-10,0,0,36,0,0,157
13.10,1544593325,155.87,51.448627,7.488334,259.31,13.78,0.00,190.55,0,-105,-12,0,0,40,0,0,67
13.10,1544593325,155.89,51.448627,7.488334,259.31,13.78,0.00,190.55,0,-107,-15,0,0,40,0,0,280
13.10,1544593325,155.90,51.448627,7.488334,259.31,13.78,0.00,190.55,0,-109,-15,0,0,39,0,0,195
13.10,1544593325,155.90,51.448627,7.488334,259.31,13.78,0.00,190.55,0,-103,-10,0,0,36,0,0,157
14.10,1544593326,169.67,51.448503,7.488284,259.46,14.11,0.00,191.67,0,-107,-11,0,0,36,0,0,271
14.10,1544593326,169.69,51.448503,7.488284,259.46,14.11,0.00,191.67,0,-107,-12,0,0,37,0,0,67
14.10,1544593326,169.70,51.448503,7.488284,259.46,14.11,0.00,191.67,0,-108,-13,0,0,36,0,0,272
14.11,1544593326,169.71,51.448503,7.488284,259.46,14.11,0.00,191.67,0,-106,-11,0,0,33,0,0,157
14.11,1544593326,169.71,51.448503,7.488284,259.46,14.11,0.00,191.67,0,-109,-12,0,0,31,0,0,318
15.10,1544593327,183.78,51.448390,7.488238,259.58,14.26,0.00,191.82,0,-107,-11,0,0,36,0,0,271
15.10,1544593327,183.79,51.448390,7.488238,259.58,14.26,0.00,191.82,0,-107,-12,0,0,37,0,0,67
15.10,1544593327,183.79,51.448390,7.488238,259.58,14.26,0.00,191.82,0,-108,-13,0,0,36,0,0,272
15.10,1544593327,183.81,51.448390,7.488238,259.58,14.26,0.00,191.82,0,-106,-11,0,0,33,0,0,157
15.11,1544593327,183.82,51.448390,7.488238,259.58,14.26,0.00,191.82,0,-109,-12,0,0,31,0,0,318
16.10,1544593328,198.05,51.448254,7.488191,259.51,14.07,0.00,192.58,0,-107,-11,0,0,36,0,0,271
16.10,1544593328,198.07,51.448254,7.488191,259.51,14.07,0.00,192.58,0,-107,-12,0,0,36,0,0,195
16.11,1544593328,198.08,51.448254,7.488191,259.51,14.07,0.00,192.58,0,-110,-13,0,0,35,0,0,280
16.11,1544593328,198.10,51.448254,7.488191,259.51,14.07,0.00,192.58,0,-108,-12,0,0,32,0,0,157
16.11,1544593328,198.11,51.448254,7.488191,259.51,14.07,0.00,192.58,0,-108,-11,0,0,31,0,0,318
17.10,1544593329,212.09,51.448136,7.488145,259.59,14.20,0.00,193.45,0,-107,-11,0,0,36,0,0,271
17.10,1544593329,212.09,51.448136,7.488145,259.59,14.20,0.00,193.45,0,-107,-12,0,0,36,0,0,195
17.10,1544593329,212.11,51.448136,7.488145,259.59,14.20,0.00,193.45,0,-110,-13,0,0,35,0,0,280
17.10,1544593329,212.11,51.448136,7.488145,259.59,14.20,0.00,193.45,0,-108,-12,0,0,32,0,0,157
17.10,1544593329,212.11,51.448136,7.488145,259.59,14.20,0.00,193.45,0,-108,-11,0,0,31,0,0,318
18.09,1544593330,226.19,51.448016,7.488092,260.12,14.19,0.00,193.00,0,-110,-13,0,0,35,0,0,66
18.10,1544593330,226.20,51.448016,7.488092,260.12,14.19,0.00,193.00,0,-111,-15,0,0,35,0,0,195
18.10,1544593330,226.20,51.448016,7.488092,260.12,14.19,0.00,193.00,0,-111,-16,0,0,35,0,0,272
19.10,1544593331,240.42,51.447906,7.488041,260.41,13.97,0.00,192.61,0,-110,-13,0,0,35,0,0,66
19.10,1544593331,240.42,51.447906,7.488041,260.41,13.97,0.00,192.61,0,-111,-15,0,0,35,0,0,195
19.10,1544593331,240.43,51.447906,7.488041,260.41,13.97,0.00,192.61,0,-111,-16,0,0,35,0,0,272
20.10,1544593332,254.43,51.447774,7.487992,260.60,13.29,0.00,192.18,0,-110,-16,0,0,38,0,0,272
20.10,1544593332,254.43,51.447774,7.487992,260.60,13.29,0.00,192.18,0,-111,-17,0,0,39,0,0,280
20.10,1544593332,254.43,51.447774,7.487992,260.60,13.29,0.00,192.18,0,-111,-18,0,0,39,0,0,195
21.10,1544593333,267.72,51.447656,7.487947,261.54,13.31,0.00,189.99,0,-110,-16,0,0,38,0,0,272
21.10,1544593333,267.72,51.447656,7.487947,261.54,13.31,0.00,189.99,0,-111,-17,0,0,39,0,0,280
21.10,1544593333,267.72,51.447656,7.487947,261.54,13.31,0.00,189.99,0,-111,-18,0,0,39,0,0,195
22.10,1544593334,281.08,51.447548,7.487922,262.25,13.42,0.00,187.61,0,-109,-14,0,0,36,0,0,195
22.10,1544593334,281.08,51.447548,7.487922,262.25,13.42,0.00,187.61,0,-109,-14,0,0,36,0,0,272
22.10,1544593334,281.08,51.447548,7.487922,262.25,13.42,0.00,187.61,0,-111,-14,0,0,35,0,0,280
22.11,1544593334,281.09,51.447548,7.487922,262.25,13.42,0.00,187.61,0,-98,-12,0,0,45,0,0,487
23.10,1544593335,294.38,51.447425,7.487900,262.74,13.33,0.00,186.03,0,-109,-14,0,0,36,0,0,195
23.10,1544593335,294.40,51.447425,7.487900,262.74,13.33,0.00,186.03,0,-109,-14,0,0,36,0,0,272
23.10,1544593335,294.40,51.447425,7.487900,262.74,13.33,0.00,186.03,0,-111,-14,0,0,35,0,0,280
23.10,1544593335,294.40,51.447425,7.487900,262.74,13.33,0.00,186.03,0,-98,-12,0,0,45,0,0,487
24.10,1544593336,307.72,51.447311,7.487896,262.96,13.09,0.00,182.76,0,-108,-15,0,0,39,0,0,272
24.10,1544593336,307.72,51.447311,7.487896,262.96,13.09,0.00,182.76,0,-95,-13,0,0,49,0,0,487
25.11,1544593337,320.94,51.447203,7.487907,263.28,12.86,0.00,179.53,0,-108,-15,0,0,39,0,0,272
25.11,1544593337,320.95,51.447203,7.487907,263.28,12.86,0.00,179.53,0,-95,-13,0,0,49,0,0,487
26.10,1544593338,333.68,51.447089,7.487929,263.38,12.90,0.00,176.93,0,-109,-14,0,0,37,0,0,195
26.10,1544593338,333.68,51.447089,7.487929,263.38,12.90,0.00,176.93,0,-110,-15,0,0,37,0,0,272
26.10,1544593338,333.69,51.447089,7.487929,263.38,12.90,0.00,176.93,0,-96,-13,0,0,47,0,0,487
27.10,1544593339,346.59,51.446971,7.487962,263.54,12.99,0.00,173.68,0,-109,-14,0,0,37,0,0,195
27.10,1544593339,346.60,51.446971,7.487962,263.54,12.99,0.00,173.68,0,-110,-15,0,0,37,0,0,272
27.10,1544593339,346.60,51.446971,7.487962,263.54,12.99,0.00,173.68,0,-96,-13,0,0,47,0,0,487
28.10,1544593340,359.63,51.446854,7.487999,263.37,13.11,0.00,170.65,0,-109,-14,0,0,36,0,0,272
28.10,1544593340,359.64,51.446854,7.487999,263.37,13.11,0.00,170.65,0,-112,-16,0,0,36,0,0,195
28.10,1544593340,359.66,51.446854,7.487999,263.37,13.11,0.00,170.65,0,-113,-17,0,0,37,0,0,66
28.10,1544593340,359.67,51.446854,7.487999,263.37,13.11,0.00,170.65,0,-95,-12,0,0,48,0,0,487
29.10,1544593341,372.69,51.446738,7.488050,263.18,13.14,0.00,167.76,0,-109,-14,0,0,36,0,0,272
29.10,1544593341,372.70,51.446738,7.488050,263.18,13.14,0.00,167.76,0,-112,-16,0,0,36,0,0,195
29.10,1544593341,372.71,51.446738,7.488050,263.18,13.14,0.00,167.76,0,-113,-17,0,0,37,0,0,66
29.10,1544593341,372.71,51.446738,7.488050,263.18,13.14,0.00,167.76,0,-95,-12,0,0,48,0,0,487
30.11,1544593342,385.95,51.446629,7.488110,262.95,13.15,0.00,164.98,0,-107,-10,0,0,36,0,0,272
30.11,1544593342,385.95,51.446629,7.488110,262.95,13.15,0.00,164.98,0,-107,-9,0,0,34,0,0,66
30.11,1544593342,385.97,51.446629,7.488110,262.95,13.15,0.00,164.98,0,-109,-11,0,0,34,0,0,67
30.11,1544593342,385.98,51.446629,7.488110,262.95,13.15,0.00,164.98,0,-95,-10,0,0,44,0,0,487
31.10,1544593343,398.96,51.446510,7.488190,262.98,13.39,0.00,162.17,0,-107,-10,0,0,36,0,0,272
31.10,1544593343,398.96,51.446510,7.488190,262.98,13.39,0.00,162.17,0,-107,-9,0,0,34,0,0,66
31.10,1544593343,398.98,51.446510,7.488190,262.98,13.39,0.00,162.17,0,-109,-11,0,0,34,0,0,67
31.10,1544593343,398.98,51.446510,7.488190,262.98,13.39,0.00,162.17,0,-95,-10,0,0,44,0,0,487
32.10,1544593344,412.34,51.446394,7.488283,263.33,13.80,0.00,158.89,0,-107,-10,0,0,36,0,0,272
32.10,1544593344,412.34,51.446394,7.488283,263.33,13.80,0.00,158.89,0,-107,-9,0,0,34,0,0,66
32.10,1544593344,412.35,51.446394,7.488283,263.33,13.80,0.00,158.89,0,-109,-11,0,0,34,0,0,67
32.10,1544593344,412.35,51.446394,7.488283,263.33,13.80,0.00,158.89,0,-95,-10,0,0,44,0,0,487
33.10,1544593345,426.19,51.446275,7.488392,263.64,13.89,0.00,155.35,0,-102,-9,0,0,39,0,0,66
33.10,1544593345,426.21,51.446275,7.488392,263.64,13.89,0.00,155.35,0,-104,-11,0,0,38,0,0,272
33.10,1544593345,426.21,51.446275,7.488392,263.64,13.89,0.00,155.35,0,-104,-11,0,0,39,0,0,67
33.10,1544593345,426.21,51.446275,7.488392,263.64,13.89,0.00,155.35,0,-92,-10,0,0,49,0,0,487
34.10,1544593346,440.10,51.446164,7.488504,263.99,13.89,0.00,152.04,0,-102,-9,0,0,39,0,0,66
34.10,1544593346,440.10,51.446164,7.488504,263.99,13.89,0.00,152.04,0,-104,-11,0,0,38,0,0,272
34.10,1544593346,440.10,51.446164,7.488504,263.99,13.89,0.00,152.04,0,-104,-11,0,0,39,0,0,67
34.10,1544593346,440.11,51.446164,7.488504,263.99,13.89,0.00,152.04,0,-92,-10,0,0,49,0,0,487
35.10,1544593347,453.99,51.446048,7.488639,264.78,14.32,0.00,148.30,0,-102,-12,0,0,41,0,0,66
35.10,1544593347,454.00,51.446048,7.488639,264.78,14.32,0.00,148.30,0,-105,-14,0,0,41,0,0,67
35.10,1544593347,454.02,51.446048,7.488639,264.78,14.32,0.00,148.30,0,-105,-12,0,0,40,0,0,272
35.10,1544593347,454.02,51.446048,7.488639,264.78,14.32,0.00,148.30,0,-94,-10,0,0,46,0,0,487
36.10,1544593348,468.33,51.445948,7.488776,265.40,14.53,0.00,144.82,0,-102,-12,0,0,41,0,0,66
36.10,1544593348,468.34,51.445948,7.488776,265.40,14.53,0.00,144.82,0,-105,-14,0,0,41,0,0,67
36.10,1544593348,468.34,51.445948,7.488776,265.40,14.53,0.00,144.82,0,-105,-12,0,0,40,0,0,272
36.10,1544593348,468.36,51.445948,7.488776,265.40,14.53,0.00,144.82,0,-94,-10,0,0,46,0,0,487
37.10,1544593349,482.84,51.445848,7.488929,266.21,14.67,0.00,141.40,0,-103,-10,0,0,39,0,0,272
37.10,1544593349,482.84,51.445848,7.488929,266.21,14.67,0.00,141.40,0,-104,-8,0,0,37,0,0,66
37.10,1544593349,482.85,51.445848,7.488929,266.21,14.67,0.00,141.40,0,-107,-11,0,0,36,0,0,67
37.10,1544593349,482.87,51.445848,7.488929,266.21,14.67,0.00,141.40,0,-93,-9,0,0,44,0,0,487
38.10,1544593350,497.51,51.445747,7.489099,267.24,14.84,0.00,138.39,0,-103,-10,0,0,39,0,0,272
38.10,1544593350,497.52,51.445747,7.489099,267.24,14.84,0.00,138.39,0,-104,-8,0,0,37,0,0,66
38.10,1544593350,497.52,51.445747,7.489099,267.24,14.84,0.00,138.39,0,-107,-11,0,0,36,0,0,67
38.10,1544593350,497.54,51.445747,7.489099,267.24,14.84,0.00,138.39,0,-93,-9,0,0,44,0,0,487
39.10,1544593351,512.37,51.445657,7.489271,268.43,14.85,0.00,135.38,0,-104,-8,0,0,36,0,0,66
39.10,1544593351,512.38,51.445657,7.489271,268.43,14.85,0.00,135.38,0,-107,-11,0,0,36,0,0,272
39.10,1544593351,512.38,51.445657,7.489271,268.43,14.85,0.00,135.38,0,-109,-12,0,0,35,0,0,67
39.10,1544593351,512.40,51.445657,7.489271,268.43,14.85,0.00,135.38,0,-94,-9,0,0,44,0,0,487
40.10,1544593352,527.13,51.445576,7.489442,269.28,15.06,0.00,132.98,0,-104,-8,0,0,36,0,0,66
40.10,1544593352,527.13,51.445576,7.489442,269.28,15.06,0.00,132.98,0,-107,-11,0,0,36,0,0,272
40.10,1544593352,527.14,51.445576,7.489442,269.28,15.06,0.00,132.98,0,-109,-12,0,0,35,0,0,67
40.10,1544593352,527.14,51.445576,7.489442,269.28,15.06,0.00,132.98,0,-94,-9,0,0,44,0,0,487
41.10,1544593353,542.25,51.445499,7.489614,269.95,15.10,0.00,130.99,0,-106,-14,0,0,41,0,0,67
41.10,1544593353,542.27,51.445499,7.489614,269.95,15.10,0.00,130.99,0,-107,-14,0,0,41,0,0,272
42.10,1544593354,557.34,51.445420,7.489787,270.70,15.25,0.00,129.86,0,-106,-14,0,0,41,0,0,67
42.10,1544593354,557.35,51.445420,7.489787,270.70,15.25,0.00,129.86,0,-107,-14,0,0,41,0,0,272
43.10,1544593355,572.54,51.445335,7.489970,271.54,15.41,0.00,128.76,0,-107,-11,0,0,37,0,0,272
43.10,1544593355,572.54,51.445335,7.489970,271.54,15.41,0.00,128.76,0,-109,-14,0,0,37,0,0,67
43.10,1544593355,572.56,51.445335,7.489970,271.54,15.41,0.00,128.76,0,-107,-12,0,0,34,0,0,157
44.10,1544593356,588.03,51.445251,7.490151,272.28,15.51,0.00,128.35,0,-107,-11,0,0,37,0,0,272
44.10,1544593356,588.05,51.445251,7.490151,272.28,15.51,0.00,128.35,0,-109,-14,0,0,37,0,0,67
44.10,1544593356,588.06,51.445251,7.490151,272.28,15.51,0.00,128.35,0,-107,-12,0,0,34,0,0,157
45.10,1544593357,603.54,51.445169,7.490333,273.38,15.07,0.00,127.97,0,-105,-11,0,0,37,0,0,272
45.10,1544593357,603.56,51.445169,7.490333,273.38,15.07,0.00,127.97,0,-111,-16,0,0,37,0,0,271
45.10,1544593357,603.56,51.445169,7.490333,273.38,15.07,0.00,127.97,0,-111,-16,0,0,37,0,0,67
45.10,1544593357,603.57,51.445169,7.490333,273.38,15.07,0.00,127.97,0,-109,-14,0,0,34,0,0,157
46.10,1544593358,618.63,51.445090,7.490519,274.31,14.74,0.00,127.59,0,-105,-11,0,0,37,0,0,272
46.10,1544593358,618.63,51.445090,7.490519,274.31,14.74,0.00,127.59,0,-111,-16,0,0,37,0,0,271
46.10,1544593358,618.64,51.445090,7.490519,274.31,14.74,0.00,127.59,0,-111,-16,0,0,37,0,0,67
46.10,1544593358,618.66,51.445090,7.490519,274.31,14.74,0.00,127.59,0,-109,-14,0,0,34,0,0,157
47.10,1544593359,633.36,51.445022,7.490683,275.29,14.13,0.00,126.68,0,-105,-8,0,0,36,0,0,272
47.10,1544593359,633.36,51.445022,7.490683,275.29,14.13,0.00,126.68,0,-110,-14,0,0,36,0,0,271
47.10,1544593359,633.38,51.445022,7.490683,275.29,14.13,0.00,126.68,0,-113,-15,0,0,31,0,0,157
48.10,1544593360,647.47,51.444946,7.490850,276.32,13.68,0.00,127.14,0,-105,-8,0,0,36,0,0,272
48.10,1544593360,647.48,51.444946,7.490850,276.32,13.68,0.00,127.14,0,-110,-14,0,0,36,0,0,271
48.10,1544593360,647.50,51.444946,7.490850,276.32,13.68,0.00,127.14,0,-113,-15,0,0,31,0,0,157
49.10,1544593361,661.13,51.444879,7.491009,277.04,13.15,0.00,126.54,0,-104,-10,0,0,37,0,0,272
50.10,1544593362,674.28,51.444815,7.491163,277.82,12.45,0.00,127.04,0,-104,-10,0,0,37,0,0,272
54.10,1544593366,710.74,51.444653,7.491557,278.44,4.98,0.00,127.59,0,-116,-13,0,0,31,0,0,66
55.10,1544593367,715.69,51.444642,7.491598,278.53,3.29,0.00,127.23,0,-116,-13,0,0,31,0,0,66
56.10,1544593368,718.98,51.444633,7.491625,278.59,0.84,0.00,127.23,0,-114,-13,0,0,33,0,0,66
57.10,1544593369,719.82,51.444633,7.491625,278.59,0.00,0.00,127.23,0,-114,-13,0,0,33,0,0,66
58.10,1544593370,719.82,51.444633,7.491625,278.59,0.00,0.00,127.23,0,-113,-13,0,0,32,0,0,66
59.10,1544593371,719.82,51.444633,7.491625,278.60,0.00,0.00,127.23,0,-113,-13,0,0,32,0,0,66
60.10,1544593372,719.82,51.444633,7.491625,278.60,0.00,0.00,127.23,0,-113,-14,0,0,34,0,0,66
61.09,1544593373,719.82,51.444633,7.491625,278.60,0.00,0.00,127.23,0,-113,-14,0,0,34,0,0,66
62.10,1544593374,719.82,51.444633,7.491625,278.60,0.00,0.00,127.23,0,-113,-12,0,0,31,0,0,66
63.10,1544593375,719.82,51.444633,7.491625,278.60,0.00,0.00,127.23,0,-113,-12,0,0,31,0,0,66
64.10,1544593376,719.82,51.444633,7.491625,278.60,0.00,0.00,127.23,0,-113,-12,0,0,33,0,0,66
65.10,1544593377,719.82,51.444633,7.491625,278.60,0.00,0.00,127.23,0,-113,-12,0,0,33,0,0,66
68.10,1544593380,719.82,51.444633,7.491625,278.60,0.00,0.00,127.23,0,-113,-15,0,0,34,0,0,66
69.10,1544593381,719.82,51.444633,7.491625,278.61,0.00,0.00,127.23,0,-113,-15,0,0,34,0,0,66
70.10,1544593382,719.82,51.444633,7.491625,278.61,0.00,0.00,127.23,0,-114,-13,0,0,32,0,0,66
71.10,1544593383,719.82,51.444633,7.491625,278.61,0.00,0.00,127.23,0,-114,-13,0,0,32,0,0,66
72.11,1544593384,719.82,51.444633,7.491625,278.61,0.00,0.00,127.23,0,-113,-13,0,0,34,0,0,66
73.10,1544593385,719.82,51.444633,7.491625,278.62,0.00,0.00,127.23,0,-113,-13,0,0,34,0,0,66
74.10,1544593386,719.82,51.444633,7.491625,278.62,0.00,0.00,127.23,0,-113,-13,0,0,34,0,0,66
75.10,1544593387,719.82,51.444633,7.491625,278.62,0.00,0.00,127.23,0,-113,-13,0,0,32,0,0,66
76.10,1544593388,719.82,51.444633,7.491625,278.63,0.00,0.00,127.23,0,-113,-13,0,0,32,0,0,66
77.10,1544593389,719.82,51.444633,7.491625,278.63,0.00,0.00,127.23,0,-113,-13,0,0,33,0,0,66
78.10,1544593390,719.82,51.444633,7.491625,278.63,0.00,0.00,127.23,0,-113,-13,0,0,33,0,0,66
79.10,1544593391,719.82,51.444633,7.491625,278.63,0.00,0.00,127.23,0,-113,-13,0,0,32,0,0,66
80.10,1544593392,719.82,51.444633,7.491625,278.63,0.00,0.00,127.23,0,-113,-13,0,0,32,0,0,66
81.10,1544593393,719.82,51.444633,7.491625,278.61,0.00,0.00,127.23,0,-113,-12,0,0,33,0,0,66
82.10,1544593394,719.82,51.444633,7.491625,278.59,0.00,0.00,127.23,0,-113,-12,0,0,33,0,0,66
121.10,1544593433,1207.23,51.440992,7.486891,285.72,15.37,0.00,233.18,0,-73,-11,0,0,63,0,0,488
122.09,1544593434,1222.56,51.440906,7.486708,286.20,15.16,0.00,233.01,0,-73,-11,0,0,63,0,0,488
123.09,1544593435,1237.73,51.440830,7.486543,286.41,15.03,0.00,233.65,0,-80,-8,0,0,61,0,0,270
123.10,1544593435,1237.75,51.440830,7.486543,286.41,15.03,0.00,233.65,0,-66,-6,0,0,63,0,0,488
124.10,1544593436,1252.79,51.440751,7.486365,285.99,14.47,0.00,233.38,0,-80,-8,0,0,61,0,0,270
124.10,1544593436,1252.81,51.440751,7.486365,285.99,14.47,0.00,233.38,0,-66,-6,0,0,63,0,0,488
127.10,1544593439,1297.61,51.440506,7.485845,284.78,15.73,0.00,232.80,0,-79,-11,0,0,63,0,0,272
128.10,1544593440,1313.35,51.440421,7.485660,285.33,15.74,0.00,232.89,0,-79,-11,0,0,63,0,0,272
158.11,1544593470,1785.48,51.438129,7.479802,293.70,15.61,0.00,241.13,0,-104,-12,0,0,37,0,0,284
159.10,1544593471,1800.98,51.438052,7.479580,294.01,15.87,0.00,240.77,0,-104,-12,0,0,37,0,0,284
160.10,1544593472,1816.84,51.437984,7.479387,294.42,15.66,0.00,240.46,0,-104,-12,0,0,37,0,0,284
161.10,1544593473,1832.50,51.437914,7.479190,294.88,15.87,0.00,241.33,0,-103,-10,0,0,36,0,0,284
162.10,1544593474,1848.35,51.437854,7.479011,295.37,15.32,0.00,241.72,0,-103,-10,0,0,36,0,0,284
163.10,1544593475,1863.68,51.437782,7.478796,295.54,15.63,0.00,242.09,0,-105,-16,0,0,40,0,0,77
164.10,1544593476,1879.35,51.437708,7.478580,295.22,15.78,0.00,242.62,0,-105,-16,0,0,40,0,0,77
165.10,1544593477,1895.16,51.437639,7.478370,295.36,16.04,0.00,241.56,0,-110,-13,0,0,35,0,0,205
166.10,1544593478,1911.14,51.437573,7.478182,295.42,15.47,0.00,241.15,0,-110,-13,0,0,35,0,0,205
167.10,1544593479,1926.66,51.437502,7.477971,295.69,15.75,0.00,241.80,0,-113,-13,0,0,32,0,0,205
167.10,1544593479,1926.66,51.437502,7.477971,295.69,15.75,0.00,241.80,0,-105,-11,0,0,34,0,0,284
168.10,1544593480,1942.41,51.437440,7.477778,296.12,15.27,0.00,241.01,0,-113,-13,0,0,32,0,0,205
168.10,1544593480,1942.43,51.437440,7.477778,296.12,15.27,0.00,241.01,0,-105,-11,0,0,34,0,0,284
169.10,1544593481,1957.67,51.437374,7.477575,296.41,14.29,0.00,241.48,0,-110,-11,0,0,33,0,0,205
169.10,1544593481,1957.67,51.437374,7.477575,296.41,14.29,0.00,241.48,0,-114,-15,0,0,34,0,0,195
169.10,1544593481,1957.67,51.437374,7.477575,296.41,14.29,0.00,241.48,0,-115,-12,0,0,29,0,0,178
169.10,1544593481,1957.69,51.437374,7.477575,296.41,14.29,0.00,241.48,0,-110,-14,0,0,35,0,0,77
169.10,1544593481,1957.69,51.437374,7.477575,296.41,14.29,0.00,241.48,0,-111,-15,0,0,34,0,0,491
170.10,1544593482,1972.02,51.437312,7.477393,296.43,14.28,0.00,241.93,0,-110,-11,0,0,33,0,0,205
170.11,1544593482,1972.04,51.437312,7.477393,296.43,14.28,0.00,241.93,0,-114,-15,0,0,34,0,0,195
170.11,1544593482,1972.04,51.437312,7.477393,296.43,14.28,0.00,241.93,0,-115,-12,0,0,29,0,0,178
170.11,1544593482,1972.05,51.437312,7.477393,296.43,14.28,0.00,241.93,0,-110,-14,0,0,35,0,0,77
170.11,1544593482,1972.07,51.437312,7.477393,296.43,14.28,0.00,241.93,0,-111,-15,0,0,34,0,0,491
171.10,1544593483,1986.23,51.437247,7.477192,296.61,13.92,0.00,242.95,0,-114,-13,0,0,31,0,0,205
171.10,1544593483,1986.23,51.437247,7.477192,296.61,13.92,0.00,242.95,0,-106,-12,0,0,35,0,0,284
171.10,1544593483,1986.24,51.437247,7.477192,296.61,13.92,0.00,242.95,0,-109,-15,0,0,35,0,0,491
172.10,1544593484,2000.17,51.437202,7.477019,297.16,13.01,0.00,245.36,0,-114,-13,0,0,31,0,0,205
172.10,1544593484,2000.17,51.437202,7.477019,297.16,13.01,0.00,245.36,0,-106,-12,0,0,35,0,0,284
172.10,1544593484,2000.17,51.437202,7.477019,297.16,13.01,0.00,245.36,0,-109,-15,0,0,35,0,0,491
173.10,1544593485,2013.15,51.437162,7.476844,297.52,12.05,0.00,248.92,0,-109,-13,0,0,33,0,0,284
173.10,1544593485,2013.15,51.437162,7.476844,297.52,12.05,0.00,248.92,0,-109,-13,0,0,33,0,0,491
174.10,1544593486,2025.18,51.437142,7.476651,297.82,10.94,0.00,261.70,0,-109,-13,0,0,33,0,0,284
174.10,1544593486,2025.20,51.437142,7.476651,297.82,10.94,0.00,261.70,0,-109,-13,0,0,33,0,0,491
215.10,1544593527,2811.89,51.441886,7.484177,278.07,24.17,0.00,29.89,0,-89,-9,0,0,53,0,0,271
216.10,1544593528,2836.06,51.442080,7.484349,277.02,24.38,0.00,28.00,0,-89,-9,0,0,53,0,0,271
217.10,1544593529,2860.54,51.442273,7.484516,276.14,24.47,0.00,27.15,0,-74,-8,0,0,63,0,0,488
218.10,1544593530,2884.96,51.442467,7.484667,275.43,24.31,0.00,25.92,0,-74,-8,0,0,63,0,0,488
236.10,1544593548,3215.42,51.444693,7.487077,267.70,12.91,0.00,114.01,0,-83,-10,0,0,57,0,0,487
237.10,1544593549,3228.28,51.444621,7.487231,267.78,13.30,0.00,128.17,0,-83,-10,0,0,57,0,0,487
238.10,1544593550,3241.61,51.444527,7.487363,267.83,13.58,0.00,141.19,0,-75,-10,0,0,63,0,0,487
239.10,1544593551,3255.17,51.444427,7.487492,268.21,12.98,0.00,142.77,0,-75,-10,0,0,63,0,0,487
240.09,1544593552,3268.12,51.444319,7.487535,268.68,13.05,0.00,170.05,0,-65,-8,0,0,63,0,0,487
241.10,1544593553,3281.23,51.444204,7.487518,268.59,13.17,0.00,187.64,0,-65,-8,0,0,63,0,0,487
242.10,1544593554,3294.38,51.444079,7.487462,268.43,13.48,0.00,200.83,0,-67,-7,0,0,63,0,0,487
243.10,1544593555,3307.90,51.443972,7.487360,268.56,13.90,0.00,216.50,0,-67,-7,0,0,63,0,0,487
244.11,1544593556,3321.88,51.443889,7.487216,268.86,14.17,0.00,231.34,0,-71,-8,0,0,63,0,0,487
245.10,1544593557,3335.94,51.443836,7.487054,269.21,14.16,0.00,250.51,0,-71,-8,0,0,63,0,0,487
246.10,1544593558,3350.10,51.443788,7.486846,269.61,14.42,0.00,254.16,0,-71,-8,0,0,63,0,0,487
247.10,1544593559,3364.56,51.443772,7.486637,269.68,15.09,0.00,267.50,0,-76,-11,0,0,63,0,0,487
248.10,1544593560,3379.59,51.443758,7.486406,269.38,15.77,0.00,268.02,0,-76,-11,0,0,63,0,0,487
270.09,1544593582,3832.83,51.443553,7.479800,262.88,22.87,0.00,263.12,0,-90,-12,0,0,51,0,0,488
271.10,1544593583,3855.74,51.443527,7.479474,262.19,23.13,0.00,262.39,0,-90,-12,0,0,51,0,0,488
272.09,1544593584,3878.82,51.443501,7.479140,261.54,23.54,0.00,262.29,0,-88,-10,0,0,52,0,0,488
273.10,1544593585,3902.48,51.443473,7.478799,260.92,23.96,0.00,262.61,0,-88,-10,0,0,52,0,0,488
274.10,1544593586,3926.35,51.443445,7.478452,260.34,24.39,0.00,262.82,0,-83,-11,0,0,57,0,0,488
275.10,1544593587,3950.78,51.443417,7.478099,259.76,24.86,0.00,262.64,0,-83,-11,0,0,57,0,0,488
276.10,1544593588,3975.65,51.443388,7.477745,259.20,24.78,0.00,262.58,0,-79,-9,0,0,60,0,0,488
277.10,1544593589,4000.45,51.443359,7.477390,258.67,24.79,0.00,262.21,0,-79,-9,0,0,60,0,0,488
278.10,1544593590,4025.24,51.443330,7.477036,258.18,24.73,0.00,262.06,0,-97,-11,0,0,45,0,0,270
278.10,1544593590,4025.26,51.443330,7.477036,258.18,24.73,0.00,262.06,0,-83,-9,0,0,55,0,0,488
279.10,1544593591,4049.97,51.443299,7.476682,257.70,25.03,0.00,261.74,0,-97,-11,0,0,45,0,0,270
279.10,1544593591,4049.99,51.443299,7.476682,257.70,25.03,0.00,261.74,0,-83,-9,0,0,55,0,0,488
280.09,1544593592,4074.90,51.443268,7.476320,257.22,25.51,0.00,261.50,0,-89,-9,0,0,52,0,0,270
280.09,1544593592,4074.90,51.443268,7.476320,257.22,25.51,0.00,261.50,0,-78,-8,0,0,58,0,0,488
281.10,1544593593,4100.66,51.443232,7.475954,256.74,25.90,0.00,261.19,0,-89,-9,0,0,52,0,0,270
281.11,1544593593,4100.69,51.443232,7.475954,256.74,25.90,0.00,261.19,0,-78,-8,0,0,58,0,0,488
282.10,1544593594,4126.33,51.443195,7.475581,256.30,26.39,0.00,260.58,0,-90,-9,0,0,50,0,0,270
282.10,1544593594,4126.33,51.443195,7.475581,256.30,26.39,0.00,260.58,0,-79,-8,0,0,58,0,0,488
283.10,1544593595,4152.74,51.443150,7.475199,255.85,27.02,0.00,259.59,0,-90,-9,0,0,50,0,0,270
283.10,1544593595,4152.77,51.443150,7.475199,255.85,27.02,0.00,259.59,0,-79,-8,0,0,58,0,0,488
284.10,1544593596,4179.82,51.443099,7.474812,255.36,27.57,0.00,258.32,0,-104,-11,0,0,39,0,0,270
284.10,1544593596,4179.82,51.443099,7.474812,255.36,27.57,0.00,258.32,0,-96,-8,0,0,42,0,0,488
285.10,1544593597,4207.47,51.443047,7.474419,254.86,28.24,0.00,257.68,0,-104,-11,0,0,39,0,0,270
285.10,1544593597,4207.47,51.443047,7.474419,254.86,28.24,0.00,257.68,0,-96,-8,0,0,42,0,0,488
286.11,1544593598,4235.89,51.442992,7.474013,254.32,28.86,0.00,257.62,0,-102,-9,0,0,39,0,0,155
286.11,1544593598,4235.92,51.442992,7.474013,254.32,28.86,0.00,257.62,0,-106,-12,0,0,38,0,0,195
286.11,1544593598,4235.95,51.442992,7.474013,254.32,28.86,0.00,257.62,0,-102,-10,0,0,37,0,0,488
287.10,1544593599,4264.55,51.442935,7.473603,253.79,29.52,0.00,257.83,0,-102,-9,0,0,39,0,0,155
287.10,1544593599,4264.55,51.442935,7.473603,253.79,29.52,0.00,257.83,0,-106,-12,0,0,38,0,0,195
287.10,1544593599,4264.55,51.442935,7.473603,253.79,29.52,0.00,257.83,0,-102,-10,0,0,37,0,0,488
288.10,1544593600,4294.04,51.442875,7.473179,253.25,30.30,0.00,258.14,0,-102,-9,0,0,39,0,0,155
288.10,1544593600,4294.07,51.442875,7.473179,253.25,30.30,0.00,258.14,0,-106,-12,0,0,38,0,0,195
288.10,1544593600,4294.07,51.442875,7.473179,253.25,30.30,0.00,258.14,0,-102,-10,0,0,37,0,0,488
293.10,1544593605,4449.46,51.442584,7.470980,249.56,31.33,0.00,258.41,0,-112,-12,0,0,32,0,0,195
294.10,1544593606,4480.76,51.442527,7.470533,248.65,31.49,0.00,258.33,0,-112,-12,0,0,32,0,0,195
295.09,1544593607,4512.19,51.442472,7.470091,247.95,31.40,0.00,258.32,0,-110,-14,0,0,36,0,0,195
296.10,1544593608,4543.72,51.442415,7.469646,247.24,31.43,0.00,258.21,0,-110,-14,0,0,36,0,0,195
297.10,1544593609,4575.21,51.442357,7.469200,246.39,31.46,0.00,258.53,0,-109,-9,0,0,31,0,0,195
297.10,1544593609,4575.24,51.442357,7.469200,246.39,31.46,0.00,258.53,0,-115,-14,0,0,31,0,0,49
297.10,1544593609,4575.27,51.442357,7.469200,246.39,31.46,0.00,258.53,0,-115,-14,0,0,30,0,0,270
298.10,1544593610,4606.67,51.442299,7.468755,245.48,31.28,0.00,258.75,0,-109,-9,0,0,31,0,0,195
298.10,1544593610,4606.70,51.442299,7.468755,245.48,31.28,0.00,258.75,0,-115,-14,0,0,31,0,0,49
298.10,1544593610,4606.73,51.442299,7.468755,245.48,31.28,0.00,258.75,0,-115,-14,0,0,30,0,0,270
299.10,1544593611,4637.95,51.442242,7.468311,244.43,31.27,0.00,258.75,0,-106,-8,0,0,34,0,0,195
299.10,1544593611,4637.95,51.442242,7.468311,244.43,31.27,0.00,258.75,0,-123,-14,0,0,22,0,0,274
299.10,1544593611,4637.98,51.442242,7.468311,244.43,31.27,0.00,258.75,0,-125,-14,0,0,22,0,0,475
299.10,1544593611,4637.98,51.442242,7.468311,244.43,31.27,0.00,258.75,0,-129,-19,0,0,22,0,0,361
299.10,1544593611,4637.98,51.442242,7.468311,244.43,31.27,0.00,258.75,0,-110,-13,0,0,37,0,0,488
299.10,1544593611,4638.01,51.442242,7.468311,244.43,31.27,0.00,258.75,0,-111,-14,0,0,38,0,0,308
299.10,1544593611,4638.01,51.442242,7.468311,244.43,31.27,0.00,258.75,0,-114,-20,0,0,37,0,0,486
299.10,1544593611,4638.01,51.442242,7.468311,244.43,31.27,0.00,258.75,0,-103,-10,0,0,33,0,0,202
300.09,1544593612,4669.00,51.442186,7.467865,243.25,31.44,0.00,258.87,0,-106,-8,0,0,34,0,0,195
300.09,1544593612,4669.03,51.442186,7.467865,243.25,31.44,0.00,258.87,0,-123,-14,0,0,22,0,0,274
300.09,1544593612,4669.03,51.442186,7.467865,243.25,31.44,0.00,258.87,0,-125,-14,0,0,22,0,0,475
300.09,1544593612,4669.03,51.442186,7.467865,243.25,31.44,0.00,258.87,0,-129,-19,0,0,22,0,0,361
300.09,1544593612,4669.03,51.442186,7.467865,243.25,31.44,0.00,258.87,0,-110,-13,0,0,37,0,0,488
300.09,1544593612,4669.03,51.442186,7.467865,243.25,31.44,0.00,258.87,0,-111,-14,0,0,38,0,0,308
300.09,1544593612,4669.03,51.442186,7.467865,243.25,31.44,0.00,258.87,0,-114,-20,0,0,37,0,0,486
300.10,1544593612,4669.06,51.442186,7.467865,243.25,31.44,0.00,258.87,0,-103,-10,0,0,33,0,0,202
307.10,1544593619,4894.78,51.441835,7.464665,239.07,32.36,0.00,261.52,0,-107,-13,0,0,32,0,0,21
307.10,1544593619,4894.78,51.441835,7.464665,239.07,32.36,0.00,261.52,0,-108,-16,0,0,34,0,0,13
308.10,1544593620,4926.91,51.441797,7.464204,238.49,32.41,0.00,262.10,0,-107,-13,0,0,32,0,0,21
308.10,1544593620,4926.94,51.441797,7.464204,238.49,32.41,0.00,262.10,0,-108,-16,0,0,34,0,0,13
309.10,1544593621,4959.35,51.441760,7.463741,237.69,32.35,0.00,262.86,0,-107,-13,0,0,32,0,0,21
309.10,1544593621,4959.38,51.441760,7.463741,237.69,32.35,0.00,262.86,0,-108,-16,0,0,34,0,0,13
389.11,1544593701,7644.33,51.447943,7.427700,190.04,33.79,0.00,318.98,0,-91,-9,0,0,43,0,0,21
390.09,1544593702,7677.72,51.448175,7.427390,188.77,33.82,0.00,320.62,0,-91,-9,0,0,43,0,0,21
391.10,1544593703,7711.88,51.448416,7.427086,187.60,33.94,0.00,322.22,0,-93,-13,0,0,47,0,0,21
392.10,1544593704,7745.68,51.448670,7.426783,186.45,33.91,0.00,323.84,0,-93,-13,0,0,47,0,0,21
393.10,1544593705,7779.60,51.448925,7.426497,185.34,34.13,0.00,325.24,0,-93,-13,0,0,47,0,0,21
394.10,1544593706,7813.66,51.449184,7.426222,184.01,34.33,0.00,326.69,0,-94,-9,0,0,40,0,0,21
395.10,1544593707,7848.06,51.449447,7.425956,182.40,34.25,0.00,327.95,0,-94,-9,0,0,40,0,0,21
396.10,1544593708,7882.24,51.449712,7.425704,180.81,34.14,0.00,329.52,0,-98,-10,0,0,38,0,0,21
397.10,1544593709,7916.39,51.449979,7.425471,179.39,34.34,0.00,331.07,0,-98,-10,0,0,38,0,0,21
400.10,1544593712,8019.86,51.450824,7.424803,175.32,34.21,0.00,335.09,0,-95,-10,0,0,41,0,0,195
400.10,1544593712,8019.86,51.450824,7.424803,175.32,34.21,0.00,335.09,0,-98,-13,0,0,41,0,0,13
400.10,1544593712,8019.89,51.450824,7.424803,175.32,34.21,0.00,335.09,0,-100,-14,0,0,41,0,0,21
401.10,1544593713,8053.89,51.451113,7.424604,174.15,34.23,0.00,336.79,0,-95,-10,0,0,41,0,0,195
401.10,1544593713,8053.93,51.451113,7.424604,174.15,34.23,0.00,336.79,0,-98,-13,0,0,41,0,0,13
401.10,1544593713,8053.93,51.451113,7.424604,174.15,34.23,0.00,336.79,0,-100,-14,0,0,41,0,0,21
402.10,1544593714,8088.26,51.451399,7.424418,172.80,34.35,0.00,338.01,0,-97,-14,0,0,43,0,0,352
403.10,1544593715,8122.64,51.451688,7.424245,171.55,34.46,0.00,339.34,0,-97,-14,0,0,43,0,0,352
406.10,1544593718,8226.53,51.452562,7.423767,167.59,34.80,0.00,341.43,0,-91,-11,0,0,46,0,0,352
406.10,1544593718,8226.57,51.452562,7.423767,167.59,34.80,0.00,341.43,0,-92,-12,0,0,46,0,0,195
406.10,1544593718,8226.57,51.452562,7.423767,167.59,34.80,0.00,341.43,0,-95,-16,0,0,46,0,0,335
407.10,1544593719,8261.33,51.452860,7.423624,166.36,35.04,0.00,342.58,0,-91,-11,0,0,46,0,0,352
407.10,1544593719,8261.37,51.452860,7.423624,166.36,35.04,0.00,342.58,0,-92,-12,0,0,46,0,0,195
407.10,1544593719,8261.37,51.452860,7.423624,166.36,35.04,0.00,342.58,0,-95,-16,0,0,46,0,0,335
408.10,1544593720,8296.38,51.453156,7.423478,165.18,35.16,0.00,343.22,0,-94,-12,0,0,45,0,0,335
408.10,1544593720,8296.38,51.453156,7.423478,165.18,35.16,0.00,343.22,0,-96,-16,0,0,45,0,0,21
409.10,1544593721,8331.54,51.453452,7.423333,164.14,35.27,0.00,343.32,0,-94,-12,0,0,45,0,0,335
409.10,1544593721,8331.57,51.453452,7.423333,164.14,35.27,0.00,343.32,0,-96,-16,0,0,45,0,0,21
410.10,1544593722,8366.84,51.453756,7.423195,163.07,35.38,0.00,343.69,0,-90,-9,0,0,45,0,0,335
410.10,1544593722,8366.84,51.453756,7.423195,163.07,35.38,0.00,343.69,0,-93,-12,0,0,45,0,0,21
410.10,1544593722,8366.87,51.453756,7.423195,163.07,35.38,0.00,343.69,0,-93,-11,0,0,44,0,0,13
411.10,1544593723,8402.26,51.454062,7.423056,162.20,35.56,0.00,344.15,0,-90,-9,0,0,45,0,0,335
411.10,1544593723,8402.26,51.454062,7.423056,162.20,35.56,0.00,344.15,0,-93,-12,0,0,45,0,0,21
411.10,1544593723,8402.26,51.454062,7.423056,162.20,35.56,0.00,344.15,0,-93,-11,0,0,44,0,0,13
412.11,1544593724,8438.10,51.454374,7.422918,161.41,35.56,0.00,343.54,0,-91,-9,0,0,44,0,0,352
412.11,1544593724,8438.14,51.454374,7.422918,161.41,35.56,0.00,343.54,0,-94,-12,0,0,43,0,0,78
412.11,1544593724,8438.17,51.454374,7.422918,161.41,35.56,0.00,343.54,0,-94,-12,0,0,44,0,0,335
413.10,1544593725,8473.34,51.454685,7.422779,160.52,35.60,0.00,343.64,0,-91,-9,0,0,44,0,0,352
413.10,1544593725,8473.34,51.454685,7.422779,160.52,35.60,0.00,343.64,0,-94,-12,0,0,43,0,0,78
413.10,1544593725,8473.34,51.454685,7.422779,160.52,35.60,0.00,343.64,0,-94,-12,0,0,44,0,0,335
414.10,1544593726,8508.97,51.454994,7.422637,159.56,35.48,0.00,343.36,0,-91,-9,0,0,44,0,0,352
414.10,1544593726,8508.97,51.454994,7.422637,159.56,35.48,0.00,343.36,0,-94,-12,0,0,43,0,0,78
414.10,1544593726,8509.01,51.454994,7.422637,159.56,35.48,0.00,343.36,0,-94,-12,0,0,44,0,0,335
415.10,1544593727,8544.42,51.455300,7.422493,158.61,35.45,0.00,342.87,0,-91,-11,0,0,47,0,0,335
415.10,1544593727,8544.46,51.455300,7.422493,158.61,35.45,0.00,342.87,0,-94,-14,0,0,47,0,0,385
415.10,1544593727,8544.46,51.455300,7.422493,158.61,35.45,0.00,342.87,0,-96,-15,0,0,46,0,0,352
416.10,1544593728,8579.91,51.455601,7.422339,157.70,35.26,0.00,341.92,0,-91,-11,0,0,47,0,0,335
416.10,1544593728,8579.91,51.455601,7.422339,157.70,35.26,0.00,341.92,0,-94,-14,0,0,47,0,0,385
416.10,1544593728,8579.94,51.455601,7.422339,157.70,35.26,0.00,341.92,0,-96,-15,0,0,46,0,0,352
417.10,1544593729,8615.13,51.455900,7.422184,156.80,35.16,0.00,341.27,0,-89,-12,0,0,50,0,0,335
417.10,1544593729,8615.16,51.455900,7.422184,156.80,35.16,0.00,341.27,0,-90,-12,0,0,49,0,0,78
417.10,1544593729,8615.16,51.455900,7.422184,156.80,35.16,0.00,341.27,0,-91,-13,0,0,49,0,0,352
418.10,1544593730,8650.29,51.456196,7.422022,156.19,35.17,0.00,340.63,0,-89,-12,0,0,50,0,0,335
418.10,1544593730,8650.29,51.456196,7.422022,156.19,35.17,0.00,340.63,0,-90,-12,0,0,49,0,0,78
418.10,1544593730,8650.32,51.456196,7.422022,156.19,35.17,0.00,340.63,0,-91,-13,0,0,49,0,0,352
419.11,1544593731,8685.67,51.456495,7.421849,155.58,35.12,0.00,339.62,0,-86,-9,0,0,49,0,0,352
420.10,1544593732,8720.58,51.456788,7.421668,155.28,35.29,0.00,338.60,0,-86,-9,0,0,49,0,0,352
421.10,1544593733,8755.93,51.457084,7.421476,154.88,35.45,0.00,337.35,0,-85,-9,0,0,50,0,0,335
421.10,1544593733,8755.93,51.457084,7.421476,154.88,35.45,0.00,337.35,0,-88,-11,0,0,50,0,0,377
422.10,1544593734,8791.24,51.457377,7.421276,154.45,35.60,0.00,336.30,0,-85,-9,0,0,50,0,0,335
422.10,1544593734,8791.27,51.457377,7.421276,154.45,35.60,0.00,336.30,0,-88,-11,0,0,50,0,0,377
423.10,1544593735,8826.84,51.457667,7.421067,153.94,35.69,0.00,335.22,0,-88,-13,0,0,52,0,0,195
423.10,1544593735,8826.87,51.457667,7.421067,153.94,35.69,0.00,335.22,0,-88,-13,0,0,51,0,0,352
423.10,1544593735,8826.87,51.457667,7.421067,153.94,35.69,0.00,335.22,0,-90,-15,0,0,51,0,0,463
424.10,1544593736,8862.56,51.457962,7.420851,153.51,35.91,0.00,334.25,0,-88,-13,0,0,52,0,0,195
424.10,1544593736,8862.59,51.457962,7.420851,153.51,35.91,0.00,334.25,0,-88,-13,0,0,51,0,0,352
424.10,1544593736,8862.59,51.457962,7.420851,153.51,35.91,0.00,334.25,0,-90,-15,0,0,51,0,0,463
425.10,1544593737,8898.51,51.458249,7.420622,153.13,36.01,0.00,333.19,0,-86,-11,0,0,52,0,0,449
425.10,1544593737,8898.51,51.458249,7.420622,153.13,36.01,0.00,333.19,0,-86,-13,0,0,52,0,0,195
425.10,1544593737,8898.54,51.458249,7.420622,153.13,36.01,0.00,333.19,0,-88,-14,0,0,53,0,0,352
426.10,1544593738,8934.52,51.458540,7.420388,152.80,36.14,0.00,332.26,0,-86,-11,0,0,52,0,0,449
426.10,1544593738,8934.52,51.458540,7.420388,152.80,36.14,0.00,332.26,0,-86,-13,0,0,52,0,0,195
426.10,1544593738,8934.55,51.458540,7.420388,152.80,36.14,0.00,332.26,0,-88,-14,0,0,53,0,0,352
427.10,1544593739,8970.55,51.458823,7.420138,152.71,36.28,0.00,331.20,0,-83,-12,0,0,52,0,0,352
427.10,1544593739,8970.55,51.458823,7.420138,152.71,36.28,0.00,331.20,0,-87,-12,0,0,52,0,0,449
427.10,1544593739,8970.55,51.458823,7.420138,152.71,36.28,0.00,331.20,0,-88,-12,0,0,52,0,0,13
428.10,1544593740,9007.01,51.459109,7.419888,152.61,36.37,0.00,330.36,0,-83,-12,0,0,52,0,0,352
428.10,1544593740,9007.05,51.459109,7.419888,152.61,36.37,0.00,330.36,0,-87,-12,0,0,52,0,0,449
428.10,1544593740,9007.05,51.459109,7.419888,152.61,36.37,0.00,330.36,0,-88,-12,0,0,52,0,0,13
429.10,1544593741,9043.35,51.459392,7.419622,152.55,36.37,0.00,329.52,0,-84,-15,0,0,57,0,0,13
429.10,1544593741,9043.39,51.459392,7.419622,152.55,36.37,0.00,329.52,0,-84,-7,0,0,53,0,0,35
429.10,1544593741,9043.39,51.459392,7.419622,152.55,36.37,0.00,329.52,0,-85,-8,0,0,53,0,0,50
429.10,1544593741,9043.42,51.459392,7.419622,152.55,36.37,0.00,329.52,0,-89,-9,0,0,53,0,0,249
430.10,1544593742,9079.58,51.459671,7.419346,152.57,36.50,0.00,328.14,0,-84,-15,0,0,57,0,0,13
430.10,1544593742,9079.58,51.459671,7.419346,152.57,36.50,0.00,328.14,0,-84,-7,0,0,53,0,0,35
430.10,1544593742,9079.61,51.459671,7.419346,152.57,36.50,0.00,328.14,0,-85,-8,0,0,53,0,0,50
430.10,1544593742,9079.61,51.459671,7.419346,152.57,36.50,0.00,328.14,0,-89,-9,0,0,53,0,0,249
436.10,1544593748,9300.31,51.461292,7.417499,152.92,37.09,0.00,321.67,0,-80,-6,0,0,60,0,0,50
436.10,1544593748,9300.34,51.461292,7.417499,152.92,37.09,0.00,321.67,0,-78,-8,0,0,60,0,0,22
437.10,1544593749,9337.29,51.461552,7.417157,153.10,37.18,0.00,320.37,0,-80,-6,0,0,60,0,0,50
437.10,1544593749,9337.29,51.461552,7.417157,153.10,37.18,0.00,320.37,0,-78,-8,0,0,60,0,0,22
438.10,1544593750,9374.48,51.461811,7.416813,153.32,37.40,0.00,319.58,0,-88,-5,0,0,50,0,0,50
438.10,1544593750,9374.48,51.461811,7.416813,153.32,37.40,0.00,319.58,0,-85,-6,0,0,50,0,0,22
439.10,1544593751,9412.02,51.462065,7.416455,153.55,37.48,0.00,318.58,0,-88,-5,0,0,50,0,0,50
439.10,1544593751,9412.06,51.462065,7.416455,153.55,37.48,0.00,318.58,0,-85,-6,0,0,50,0,0,22
446.10,1544593758,9677.13,51.463754,7.413762,153.70,38.34,0.00,311.53,0,-91,-8,0,0,49,0,0,97
446.10,1544593758,9677.17,51.463754,7.413762,153.70,38.34,0.00,311.53,0,-97,-9,0,0,44,0,0,50
447.10,1544593759,9715.66,51.463979,7.413348,153.74,38.41,0.00,310.54,0,-91,-8,0,0,49,0,0,97
447.10,1544593759,9715.70,51.463979,7.413348,153.74,38.41,0.00,310.54,0,-97,-9,0,0,44,0,0,50
450.10,1544593762,9831.08,51.464643,7.412072,154.55,38.80,0.00,308.77,0,-96,-10,0,0,46,0,0,33
450.10,1544593762,9831.12,51.464643,7.412072,154.55,38.80,0.00,308.77,0,-102,-11,0,0,40,0,0,50
451.10,1544593763,9869.95,51.464862,7.411637,155.07,38.94,0.00,308.29,0,-96,-10,0,0,46,0,0,33
451.10,1544593763,9869.99,51.464862,7.411637,155.07,38.94,0.00,308.29,0,-102,-11,0,0,40,0,0,50
452.10,1544593764,9908.85,51.465078,7.411192,155.24,39.04,0.00,308.06,0,-101,-11,0,0,41,0,0,22
452.10,1544593764,9908.89,51.465078,7.411192,155.24,39.04,0.00,308.06,0,-101,-13,0,0,41,0,0,270
453.10,1544593765,9947.93,51.465296,7.410747,155.38,39.01,0.00,308.15,0,-101,-11,0,0,41,0,0,22
453.10,1544593765,9947.93,51.465296,7.410747,155.38,39.01,0.00,308.15,0,-101,-13,0,0,41,0,0,270
454.11,1544593766,9987.25,51.465505,7.410314,155.79,38.15,0.00,308.15,0,-97,-13,0,0,48,0,0,97
455.10,1544593767,10025.17,51.465716,7.409879,156.28,38.07,0.00,308.21,0,-97,-13,0,0,48,0,0,97
456.10,1544593768,10063.05,51.465923,7.409448,156.53,38.06,0.00,308.33,0,-97,-13,0,0,48,0,0,97
463.10,1544593775,10323.10,51.467589,7.406133,158.28,36.74,0.00,310.25,0,-89,-15,0,0,58,0,0,157
464.10,1544593776,10359.95,51.467589,7.406133,158.28,36.74,0.00,310.25,0,-89,-15,0,0,58,0,0,157
469.10,1544593781,10545.89,51.468703,7.404115,159.37,37.89,0.00,312.44,0,-90,-11,0,0,54,0,0,33
469.10,1544593781,10545.92,51.468703,7.404115,159.37,37.89,0.00,312.44,0,-77,-8,0,0,59,0,0,286
470.10,1544593782,10583.77,51.468938,7.403702,159.73,38.14,0.00,312.57,0,-90,-11,0,0,54,0,0,33
470.10,1544593782,10583.81,51.468938,7.403702,159.73,38.14,0.00,312.57,0,-77,-8,0,0,59,0,0,286
471.10,1544593783,10621.84,51.469174,7.403311,160.05,38.39,0.00,313.55,0,-80,-9,0,0,59,0,0,286
472.09,1544593784,10660.11,51.469412,7.402910,160.08,38.69,0.00,313.11,0,-80,-9,0,0,59,0,0,286
473.09,1544593785,10698.80,51.469658,7.402494,159.98,39.04,0.00,313.79,0,-88,-15,0,0,56,0,0,286
474.10,1544593786,10737.99,51.469905,7.402073,160.12,39.18,0.00,314.50,0,-88,-15,0,0,56,0,0,286
484.10,1544593796,11088.02,51.472188,7.398671,162.73,31.03,0.00,320.19,0,-86,-19,0,0,63,0,0,307
485.10,1544593797,11119.14,51.472400,7.398387,162.92,30.55,0.00,319.97,0,-86,-19,0,0,63,0,0,307
488.10,1544593800,11210.58,51.473037,7.397540,164.31,29.64,0.00,320.25,0,-90,-12,0,0,53,0,0,50
489.10,1544593801,11240.24,51.473239,7.397269,164.98,29.05,0.00,320.25,0,-90,-12,0,0,53,0,0,50
490.10,1544593802,11269.14,51.473640,7.396754,166.09,28.22,0.00,321.46,0,-88,-9,0,0,54,0,0,50
491.10,1544593803,11297.55,51.473640,7.396754,166.09,28.22,0.00,321.46,0,-88,-9,0,0,54,0,0,50
492.10,1544593804,11325.57,51.473834,7.396500,166.50,27.94,0.00,321.48,0,-88,-12,0,0,56,0,0,50
492.10,1544593804,11325.57,51.473834,7.396500,166.50,27.94,0.00,321.48,0,-91,-14,0,0,56,0,0,249
493.10,1544593805,11353.60,51.474024,7.396255,167.00,27.21,0.00,321.89,0,-88,-12,0,0,56,0,0,50
493.10,1544593805,11353.60,51.474024,7.396255,167.00,27.21,0.00,321.89,0,-91,-14,0,0,56,0,0,249
494.10,1544593806,11380.81,51.474226,7.396025,167.89,27.00,0.00,322.98,0,-89,-12,0,0,56,0,0,50
495.10,1544593807,11407.73,51.474422,7.395802,168.53,26.82,0.00,323.40,0,-89,-12,0,0,56,0,0,50
505.10,1544593817,11651.48,51.476263,7.393979,173.66,22.67,0.00,332.33,0,-75,-10,0,0,63,0,0,307
506.10,1544593818,11674.19,51.476448,7.393835,174.03,22.41,0.00,333.67,0,-75,-10,0,0,63,0,0,307
507.10,1544593819,11696.60,51.476624,7.393693,174.18,21.78,0.00,334.58,0,-82,-12,0,0,62,0,0,377
507.10,1544593819,11696.60,51.476624,7.393693,174.18,21.78,0.00,334.58,0,-70,-13,0,0,63,0,0,307
508.10,1544593820,11718.38,51.476803,7.393566,174.53,21.28,0.00,335.45,0,-82,-12,0,0,62,0,0,377
508.10,1544593820,11718.38,51.476803,7.393566,174.53,21.28,0.00,335.45,0,-70,-13,0,0,63,0,0,307
509.10,1544593821,11739.62,51.476971,7.393448,174.89,20.58,0.00,336.45,0,-87,-10,0,0,56,0,0,377
509.10,1544593821,11739.62,51.476971,7.393448,174.89,20.58,0.00,336.45,0,-76,-10,0,0,63,0,0,307
510.09,1544593822,11760.11,51.477310,7.393235,175.36,19.47,0.00,340.07,0,-87,-10,0,0,56,0,0,377
510.09,1544593822,11760.11,51.477310,7.393235,175.36,19.47,0.00,340.07,0,-76,-10,0,0,63,0,0,307
511.10,1544593823,11779.74,51.477310,7.393235,175.36,19.47,0.00,340.07,0,-82,-9,0,0,59,0,0,377
511.10,1544593823,11779.75,51.477310,7.393235,175.36,19.47,0.00,340.07,0,-76,-11,0,0,63,0,0,307
512.10,1544593824,11799.14,51.477470,7.393146,175.56,18.78,0.00,342.62,0,-82,-9,0,0,59,0,0,377
512.10,1544593824,11799.16,51.477470,7.393146,175.56,18.78,0.00,342.62,0,-76,-11,0,0,63,0,0,307
513.10,1544593825,11817.88,51.477626,7.393069,175.65,18.14,0.00,344.13,0,-82,-7,0,0,58,0,0,377
513.10,1544593825,11817.88,51.477626,7.393069,175.65,18.14,0.00,344.13,0,-76,-9,0,0,61,0,0,307
514.10,1544593826,11836.01,51.477776,7.393016,176.13,17.76,0.00,347.59,0,-82,-7,0,0,58,0,0,377
514.10,1544593826,11836.03,51.477776,7.393016,176.13,17.76,0.00,347.59,0,-76,-9,0,0,61,0,0,307
528.10,1544593840,12043.57,51.479494,7.393771,185.88,11.64,0.00,345.10,0,-97,-12,0,0,46,0,0,223
529.10,1544593841,12055.23,51.479591,7.393723,185.90,11.37,0.00,341.81,0,-97,-12,0,0,46,0,0,223
530.09,1544593842,12066.54,51.479684,7.393662,186.10,10.83,0.00,338.94,0,-87,-7,0,0,51,0,0,223
531.10,1544593843,12077.41,51.479775,7.393595,186.11,10.37,0.00,337.13,0,-87,-7,0,0,51,0,0,223
532.09,1544593844,12087.74,51.479860,7.393532,185.98,10.11,0.00,336.64,0,-88,-8,0,0,51,0,0,377
533.10,1544593845,12097.87,51.479942,7.393470,186.14,9.91,0.00,337.45,0,-88,-8,0,0,51,0,0,377
543.09,1544593855,12210.19,51.480659,7.394450,188.40,16.05,0.00,57.02,0,-87,-9,0,0,54,0,0,377
544.10,1544593856,12226.33,51.480738,7.394650,188.55,16.54,0.00,57.45,0,-87,-9,0,0,54,0,0,377
551.10,1544593863,12346.71,51.481287,7.396160,191.18,17.08,0.00,60.60,0,-91,-9,0,0,50,0,0,157
552.10,1544593864,12363.78,51.481362,7.396368,191.51,16.65,0.00,59.92,0,-91,-9,0,0,50,0,0,157
570.10,1544593882,12623.89,51.482869,7.399154,190.96,12.90,0.00,35.82,0,-90,-9,0,0,52,0,0,223
571.10,1544593883,12636.77,51.482976,7.399270,191.01,14.13,0.00,35.06,0,-90,-9,0,0,52,0,0,223
576.10,1544593888,12709.27,51.483533,7.399828,191.79,15.14,0.00,34.34,0,-96,-10,0,0,45,0,0,223
576.10,1544593888,12709.28,51.483533,7.399828,191.79,15.14,0.00,34.34,0,-97,-7,0,0,40,0,0,409
577.10,1544593889,12724.38,51.483647,7.399950,191.89,15.33,0.00,34.93,0,-96,-10,0,0,45,0,0,223
577.10,1544593889,12724.40,51.483647,7.399950,191.89,15.33,0.00,34.93,0,-97,-7,0,0,40,0,0,409
578.10,1544593890,12739.73,51.483767,7.400083,192.22,15.63,0.00,35.68,0,-94,-8,0,0,44,0,0,223
578.10,1544593890,12739.74,51.483767,7.400083,192.22,15.63,0.00,35.68,0,-92,-6,0,0,43,0,0,409
578.10,1544593890,12739.74,51.483767,7.400083,192.22,15.63,0.00,35.68,0,-99,-12,0,0,43,0,0,410
579.10,1544593891,12755.38,51.483883,7.400216,192.44,15.96,0.00,36.05,0,-94,-8,0,0,44,0,0,223
579.10,1544593891,12755.39,51.483883,7.400216,192.44,15.96,0.00,36.05,0,-92,-6,0,0,43,0,0,409
579.10,1544593891,12755.39,51.483883,7.400216,192.44,15.96,0.00,36.05,0,-99,-12,0,0,43,0,0,410
580.10,1544593892,12771.29,51.483997,7.400349,192.29,15.96,0.00,36.62,0,-101,-13,0,0,44,0,0,377
581.10,1544593893,12787.23,51.484107,7.400488,192.25,15.57,0.00,37.51,0,-101,-13,0,0,44,0,0,377
585.10,1544593897,12848.64,51.484527,7.401062,190.93,15.17,0.00,40.40,0,-103,-14,0,0,43,0,0,377
585.10,1544593897,12848.65,51.484527,7.401062,190.93,15.17,0.00,40.40,0,-103,-11,0,0,42,0,0,167
585.10,1544593897,12848.67,51.484527,7.401062,190.93,15.17,0.00,40.40,0,-100,-9,0,0,38,0,0,246
585.10,1544593897,12848.67,51.484527,7.401062,190.93,15.17,0.00,40.40,0,-103,-11,0,0,38,0,0,291
586.10,1544593898,12863.80,51.484626,7.401205,190.57,15.02,0.00,41.28,0,-103,-14,0,0,43,0,0,377
586.10,1544593898,12863.81,51.484626,7.401205,190.57,15.02,0.00,41.28,0,-103,-11,0,0,42,0,0,167
586.10,1544593898,12863.83,51.484626,7.401205,190.57,15.02,0.00,41.28,0,-100,-9,0,0,38,0,0,246
586.10,1544593898,12863.83,51.484626,7.401205,190.57,15.02,0.00,41.28,0,-103,-11,0,0,38,0,0,291
587.10,1544593899,12878.78,51.484721,7.401351,190.26,14.93,0.00,42.09,0,-108,-14,0,0,37,0,0,377
588.10,1544593900,12893.74,51.484819,7.401500,190.12,14.70,0.00,42.45,0,-108,-14,0,0,37,0,0,377
589.10,1544593901,12908.45,51.484915,7.401640,189.88,14.51,0.00,41.96,0,-103,-11,0,0,39,0,0,167
589.10,1544593901,12908.45,51.484915,7.401640,189.88,14.51,0.00,41.96,0,-105,-13,0,0,40,0,0,377
589.10,1544593901,12908.45,51.484915,7.401640,189.88,14.51,0.00,41.96,0,-101,-9,0,0,37,0,0,291
590.10,1544593902,12922.90,51.485007,7.401777,189.60,14.40,0.00,42.01,0,-103,-11,0,0,39,0,0,167
590.10,1544593902,12922.92,51.485007,7.401777,189.60,14.40,0.00,42.01,0,-105,-13,0,0,40,0,0,377
590.10,1544593902,12922.92,51.485007,7.401777,189.60,14.40,0.00,42.01,0,-101,-9,0,0,37,0,0,291
591.10,1544593903,12937.39,51.485100,7.401916,189.30,14.26,0.00,42.86,0,-100,-7,0,0,39,0,0,167
591.10,1544593903,12937.40,51.485100,7.401916,189.30,14.26,0.00,42.86,0,-104,-11,0,0,39,0,0,128
591.10,1544593903,12937.42,51.485100,7.401916,189.30,14.26,0.00,42.86,0,-99,-8,0,0,38,0,0,291
591.10,1544593903,12937.42,51.485100,7.401916,189.30,14.26,0.00,42.86,0,-101,-10,0,0,37,0,0,246
592.10,1544593904,12951.65,51.485189,7.402061,188.80,13.99,0.00,44.13,0,-100,-7,0,0,39,0,0,167
592.10,1544593904,12951.65,51.485189,7.402061,188.80,13.99,0.00,44.13,0,-104,-11,0,0,39,0,0,128
592.10,1544593904,12951.67,51.485189,7.402061,188.80,13.99,0.00,44.13,0,-99,-8,0,0,38,0,0,291
592.10,1544593904,12951.68,51.485189,7.402061,188.80,13.99,0.00,44.13,0,-101,-10,0,0,37,0,0,246
593.10,1544593905,12965.62,51.485275,7.402209,188.41,13.54,0.00,45.61,0,-98,-8,0,0,43,0,0,167
593.10,1544593905,12965.63,51.485275,7.402209,188.41,13.54,0.00,45.61,0,-95,-8,0,0,42,0,0,291
593.10,1544593905,12965.64,51.485275,7.402209,188.41,13.54,0.00,45.61,0,-100,-11,0,0,40,0,0,246
594.10,1544593906,12979.14,51.485352,7.402349,187.68,12.27,0.00,46.72,0,-98,-8,0,0,43,0,0,167
594.10,1544593906,12979.16,51.485352,7.402349,187.68,12.27,0.00,46.72,0,-95,-8,0,0,42,0,0,291
594.10,1544593906,12979.17,51.485352,7.402349,187.68,12.27,0.00,46.72,0,-100,-11,0,0,40,0,0,246
595.10,1544593907,12991.41,51.485421,7.402475,186.98,11.17,0.00,47.62,0,-94,-7,0,0,45,0,0,167
595.10,1544593907,12991.42,51.485421,7.402475,186.98,11.17,0.00,47.62,0,-89,-6,0,0,46,0,0,291
596.10,1544593908,13002.58,51.485482,7.402592,186.39,9.55,0.00,48.43,0,-94,-7,0,0,45,0,0,167
596.10,1544593908,13002.59,51.485482,7.402592,186.39,9.55,0.00,48.43,0,-89,-6,0,0,46,0,0,291
597.10,1544593909,13012.13,51.485539,7.402691,186.31,7.84,0.00,49.13,0,-96,-6,0,0,43,0,0,167
597.10,1544593909,13012.14,51.485539,7.402691,186.31,7.84,0.00,49.13,0,-90,-6,0,0,45,0,0,291
598.10,1544593910,13019.97,51.485592,7.402764,186.35,7.44,0.00,36.04,0,-96,-6,0,0,43,0,0,167
598.10,1544593910,13019.97,51.485592,7.402764,186.35,7.44,0.00,36.04,0,-90,-6,0,0,45,0,0,291
601.10,1544593913,13042.48,51.485780,7.402722,185.39,8.18,0.00,328.90,0,-105,-13,0,0,40,0,0,377
601.10,1544593913,13042.49,51.485780,7.402722,185.39,8.18,0.00,328.90,0,-104,-12,0,0,37,0,0,1
601.10,1544593913,13042.49,51.485780,7.402722,185.39,8.18,0.00,328.90,0,-105,-12,0,0,36,0,0,291
602.10,1544593914,13050.64,51.485846,7.402656,184.90,9.24,0.00,326.69,0,-105,-13,0,0,40,0,0,377
602.10,1544593914,13050.65,51.485846,7.402656,184.90,9.24,0.00,326.69,0,-104,-12,0,0,37,0,0,1
602.10,1544593914,13050.66,51.485846,7.402656,184.90,9.24,0.00,326.69,0,-105,-12,0,0,36,0,0,291
603.10,1544593915,13059.94,51.485908,7.402582,184.59,10.01,0.00,325.09,0,-103,-9,0,0,38,0,0,93
603.10,1544593915,13059.95,51.485908,7.402582,184.59,10.01,0.00,325.09,0,-104,-10,0,0,38,0,0,128
603.10,1544593915,13059.95,51.485908,7.402582,184.59,10.01,0.00,325.09,0,-100,-9,0,0,37,0,0,246
603.10,1544593915,13059.95,51.485908,7.402582,184.59,10.01,0.00,325.09,0,-101,-8,0,0,36,0,0,470
604.10,1544593916,13069.90,51.485984,7.402496,184.00,10.84,0.00,324.57,0,-103,-9,0,0,38,0,0,93
604.10,1544593916,13069.92,51.485984,7.402496,184.00,10.84,0.00,324.57,0,-104,-10,0,0,38,0,0,128
604.10,1544593916,13069.92,51.485984,7.402496,184.00,10.84,0.00,324.57,0,-100,-9,0,0,37,0,0,246
604.10,1544593916,13069.93,51.485984,7.402496,184.00,10.84,0.00,324.57,0,-101,-8,0,0,36,0,0,470
605.10,1544593917,13080.75,51.486062,7.402409,184.03,11.53,0.00,325.57,0,-103,-9,0,0,38,0,0,93
605.10,1544593917,13080.77,51.486062,7.402409,184.03,11.53,0.00,325.57,0,-104,-10,0,0,38,0,0,128
605.10,1544593917,13080.77,51.486062,7.402409,184.03,11.53,0.00,325.57,0,-100,-9,0,0,37,0,0,246
605.10,1544593917,13080.77,51.486062,7.402409,184.03,11.53,0.00,325.57,0,-101,-8,0,0,36,0,0,470
606.10,1544593918,13092.29,51.486150,7.402315,184.20,11.30,0.00,326.52,0,-102,-10,0,0,40,0,0,166
606.10,1544593918,13092.30,51.486150,7.402315,184.20,11.30,0.00,326.52,0,-102,-10,0,0,40,0,0,128
606.10,1544593918,13092.32,51.486150,7.402315,184.20,11.30,0.00,326.52,0,-104,-10,0,0,38,0,0,93
606.10,1544593918,13092.32,51.486150,7.402315,184.20,11.30,0.00,326.52,0,-101,-10,0,0,38,0,0,293
606.10,1544593918,13092.33,51.486150,7.402315,184.20,11.30,0.00,326.52,0,-101,-9,0,0,37,0,0,246
607.10,1544593919,13103.54,51.486246,7.402224,184.34,11.38,0.00,328.26,0,-102,-10,0,0,40,0,0,166
607.10,1544593919,13103.55,51.486246,7.402224,184.34,11.38,0.00,328.26,0,-102,-10,0,0,40,0,0,128
607.10,1544593919,13103.55,51.486246,7.402224,184.34,11.38,0.00,328.26,0,-104,-10,0,0,38,0,0,93
607.10,1544593919,13103.55,51.486246,7.402224,184.34,11.38,0.00,328.26,0,-101,-10,0,0,38,0,0,293
607.10,1544593919,13103.56,51.486246,7.402224,184.34,11.38,0.00,328.26,0,-101,-9,0,0,37,0,0,246
610.10,1544593922,13138.89,51.486648,7.401912,184.29,12.82,0.00,336.80,0,-94,-8,0,0,45,0,0,93
610.10,1544593922,13138.89,51.486648,7.401912,184.29,12.82,0.00,336.80,0,-94,-8,0,0,42,0,0,470
610.10,1544593922,13138.89,51.486648,7.401912,184.29,12.82,0.00,336.80,0,-100,-11,0,0,42,0,0,293
611.10,1544593923,13151.74,51.486648,7.401912,184.29,12.82,0.00,336.80,0,-94,-8,0,0,45,0,0,93
611.10,1544593923,13151.74,51.486648,7.401912,184.29,12.82,0.00,336.80,0,-94,-8,0,0,42,0,0,470
611.10,1544593923,13151.76,51.486648,7.401912,184.29,12.82,0.00,336.80,0,-100,-11,0,0,42,0,0,293
612.10,1544593924,13164.55,51.486762,7.401842,184.54,13.32,0.00,339.05,0,-96,-15,0,0,57,0,0,377
612.10,1544593924,13164.55,51.486762,7.401842,184.54,13.32,0.00,339.05,0,-96,-20,0,0,58,0,0,15
612.10,1544593924,13164.57,51.486762,7.401842,184.54,13.32,0.00,339.05,0,-97,-18,0,0,57,0,0,93
612.10,1544593924,13164.57,51.486762,7.401842,184.54,13.32,0.00,339.05,0,-96,-9,0,0,42,0,0,470
613.10,1544593925,13177.86,51.486874,7.401788,184.64,13.54,0.00,341.84,0,-96,-15,0,0,57,0,0,377
613.10,1544593925,13177.87,51.486874,7.401788,184.64,13.54,0.00,341.84,0,-96,-20,0,0,58,0,0,15
613.10,1544593925,13177.87,51.486874,7.401788,184.64,13.54,0.00,341.84,0,-97,-18,0,0,57,0,0,93
613.10,1544593925,13177.88,51.486874,7.401788,184.64,13.54,0.00,341.84,0,-96,-9,0,0,42,0,0,470
614.10,1544593926,13191.47,51.486992,7.401749,184.06,13.48,0.00,344.73,0,-91,-7,0,0,48,0,0,377
614.10,1544593926,13191.48,51.486992,7.401749,184.06,13.48,0.00,344.73,0,-94,-8,0,0,47,0,0,93
614.10,1544593926,13191.49,51.486992,7.401749,184.06,13.48,0.00,344.73,0,-97,-11,0,0,46,0,0,428
614.10,1544593926,13191.51,51.486992,7.401749,184.06,13.48,0.00,344.73,0,-92,-8,0,0,44,0,0,470
614.10,1544593926,13191.51,51.486992,7.401749,184.06,13.48,0.00,344.73,0,-98,-12,0,0,44,0,0,405
615.10,1544593927,13204.96,51.487122,7.401710,183.99,13.82,0.00,347.48,0,-91,-7,0,0,48,0,0,377
615.10,1544593927,13204.96,51.487122,7.401710,183.99,13.82,0.00,347.48,0,-94,-8,0,0,47,0,0,93
615.10,1544593927,13204.97,51.487122,7.401710,183.99,13.82,0.00,347.48,0,-97,-11,0,0,46,0,0,428
615.10,1544593927,13204.97,51.487122,7.401710,183.99,13.82,0.00,347.48,0,-92,-8,0,0,44,0,0,470
615.10,1544593927,13204.97,51.487122,7.401710,183.99,13.82,0.00,347.48,0,-98,-12,0,0,44,0,0,405
616.10,1544593928,13218.73,51.487245,7.401690,184.21,14.35,0.00,350.12,0,-94,-7,0,0,46,0,0,377
617.10,1544593929,13233.08,51.487375,7.401677,184.54,14.54,0.00,352.55,0,-94,-7,0,0,46,0,0,377
627.11,1544593939,13378.36,51.488689,7.401735,181.33,13.73,0.00,0.17,0,-88,-11,0,0,55,0,0,94
627.11,1544593939,13378.37,51.488689,7.401735,181.33,13.73,0.00,0.17,0,-94,-9,0,0,47,0,0,427
628.10,1544593940,13391.99,51.488807,7.401736,181.29,13.30,0.00,359.88,0,-88,-11,0,0,55,0,0,94
628.10,1544593940,13392.02,51.488807,7.401736,181.29,13.30,0.00,359.88,0,-94,-9,0,0,47,0,0,427
629.10,1544593941,13405.28,51.488921,7.401740,181.20,12.29,0.00,359.82,0,-84,-9,0,0,56,0,0,94
629.10,1544593941,13405.28,51.488921,7.401740,181.20,12.29,0.00,359.82,0,-90,-7,0,0,48,0,0,427
630.10,1544593942,13417.59,51.489027,7.401743,180.96,10.33,0.00,359.73,0,-84,-9,0,0,56,0,0,94
630.10,1544593942,13417.59,51.489027,7.401743,180.96,10.33,0.00,359.73,0,-90,-7,0,0,48,0,0,427
631.09,1544593943,13427.86,51.489109,7.401743,180.82,8.24,0.00,359.59,0,-85,-14,0,0,60,0,0,93
632.10,1544593944,13436.11,51.489225,7.401748,180.78,4.86,0.00,359.79,0,-85,-14,0,0,60,0,0,93
683.10,1544593995,13611.92,51.489427,7.404248,181.86,12.70,0.00,91.13,0,-79,-10,0,0,63,0,0,95
683.10,1544593995,13611.93,51.489427,7.404248,181.86,12.70,0.00,91.13,0,-80,-9,0,0,60,0,0,426
684.10,1544593996,13624.66,51.489421,7.404425,181.60,12.84,0.00,90.75,0,-79,-10,0,0,63,0,0,95
684.10,1544593996,13624.67,51.489421,7.404425,181.60,12.84,0.00,90.75,0,-80,-9,0,0,60,0,0,426
