time_s,timestamp_ms,distance_m,latitude,longitude,altitude,velocity_mps,acceleration_mpss,direction,isRegistered,rsrp_dbm,rsrq_db,rssnr_db,cqi,ss,ta,ci,pci
0.05,1544593310,0.00,51.450110,7.488236,254.99,8.07,0.00,170.41,nan,nan,nan,nan,nan,nan,nan,nan,nan
1.06,1544593311,8.10,51.450040,7.488263,255.15,9.14,1.07,169.14,nan,nan,nan,nan,nan,nan,nan,nan,nan
2.06,1544593312,17.24,51.449967,7.488290,255.25,9.78,0.64,168.39,nan,nan,nan,nan,nan,nan,nan,nan,nan
3.06,1544593313,27.02,51.449883,7.488318,255.26,10.43,0.65,169.11,nan,nan,nan,nan,nan,nan,nan,nan,nan
4.06,1544593314,37.46,51.449793,7.488341,255.26,11.14,0.70,170.36,nan,nan,nan,nan,nan,nan,nan,nan,nan
5.06,1544593315,48.60,51.449699,7.488359,255.32,11.63,0.49,171.66,nan,nan,nan,nan,nan,nan,nan,nan,nan
6.07,1544593316,60.34,51.449598,7.488375,255.48,12.21,0.58,173.16,nan,nan,nan,nan,nan,nan,nan,nan,nan
7.06,1544593317,72.43,51.449479,7.488394,255.61,12.81,0.60,174.89,nan,nan,nan,nan,nan,nan,nan,nan,nan
8.06,1544593318,85.24,51.449363,7.488404,255.94,13.23,0.43,176.29,nan,nan,nan,nan,nan,nan,nan,nan,nan
9.06,1544593319,98.47,51.449251,7.488403,256.41,13.13,-0.10,178.13,nan,nan,nan,nan,nan,nan,nan,nan,nan
10.06,1544593320,111.60,51.449135,7.488395,256.99,13.17,0.04,180.27,nan,nan,nan,nan,nan,nan,nan,nan,nan
11.06,1544593321,124.79,51.449011,7.488385,257.35,13.39,0.22,182.20,nan,nan,nan,nan,nan,nan,nan,nan,nan
12.06,1544593322,138.16,51.448893,7.488365,257.70,13.80,0.41,184.82,nan,nan,nan,nan,nan,nan,nan,nan,nan
13.06,1544593323,151.96,51.448762,7.488336,257.87,13.92,0.12,187.09,nan,nan,nan,nan,nan,nan,nan,nan,nan
14.06,1544593324,165.86,51.448636,7.488297,258.24,14.01,0.09,189.29,nan,nan,nan,nan,nan,nan,nan,nan,nan
15.06,1544593325,179.88,51.448509,7.488248,258.53,14.13,0.13,191.12,nan,nan,nan,nan,nan,nan,nan,nan,nan
16.06,1544593326,194.02,51.448385,7.488200,258.70,14.13,-0.00,192.17,nan,nan,nan,nan,nan,nan,nan,nan,nan
17.06,1544593327,208.14,51.448257,7.488156,258.75,14.16,0.03,193.10,nan,nan,nan,nan,nan,nan,nan,nan,nan
18.06,1544593328,222.29,51.448152,7.488113,259.27,14.02,-0.14,193.50,nan,nan,nan,nan,nan,nan,nan,nan,nan
19.06,1544593329,236.29,51.448041,7.488066,259.79,14.06,0.04,193.09,1,-124,-12,0,0,11,13,12918809,-1
19.12,1544593329,237.16,51.447921,7.488022,260.12,13.93,-2.02,192.17,1,-124,-12,0,0,11,13,12918809,-1
20.12,1544593330,251.14,51.447801,7.487975,260.00,12.79,-1.14,192.56,1,-96,-7,15,10,38,9,12918809,429
21.12,1544593331,263.89,51.447689,7.487936,260.05,12.61,-0.18,191.59,1,-96,-7,15,10,38,9,12918809,429
22.12,1544593332,276.52,51.447579,7.487908,259.97,11.75,-0.85,189.11,1,-98,-9,14,15,37,9,12918809,429
23.12,1544593333,288.27,51.447462,7.487886,259.96,12.59,0.84,187.03,1,-98,-9,14,15,37,9,12918809,429
24.12,1544593334,300.87,51.447342,7.487878,259.91,12.71,0.12,183.73,1,-95,-7,18,9,38,9,12918809,429
25.12,1544593335,313.58,51.447213,7.487887,259.87,12.88,0.17,180.12,1,-95,-7,18,9,38,9,12918809,429
26.12,1544593336,326.46,51.447100,7.487908,260.17,12.94,0.06,177.02,1,-96,-6,11,15,35,9,12918809,429
27.12,1544593337,339.41,51.446979,7.487940,260.59,13.26,0.32,173.67,1,-96,-6,11,15,35,9,12918809,429
28.12,1544593338,352.67,51.446857,7.487989,260.86,13.27,0.00,170.55,1,-100,-7,13,15,34,9,12918809,429
29.12,1544593339,365.94,51.446735,7.488050,261.09,13.21,-0.06,167.48,1,-100,-7,13,15,34,9,12918809,429
30.13,1544593340,379.31,51.446623,7.488116,261.53,13.41,0.20,164.49,1,-98,-7,11,15,36,9,12918809,429
31.12,1544593341,392.53,51.446512,7.488191,261.95,13.66,0.25,161.57,1,-98,-7,11,15,36,9,12918809,429
32.12,1544593342,406.19,51.446401,7.488281,262.55,13.89,0.23,158.39,1,-98,-7,11,15,36,9,12918809,429
33.12,1544593343,420.13,51.446290,7.488381,263.29,13.90,0.01,155.03,1,-94,-5,15,12,38,9,12918809,429
34.12,1544593344,434.02,51.446181,7.488499,264.25,14.00,0.10,151.50,1,-94,-5,15,12,38,9,12918809,429
35.12,1544593345,448.00,51.446074,7.488620,265.16,14.35,0.35,148.17,1,-94,-6,16,12,38,9,12918809,429
36.12,1544593346,462.36,51.445972,7.488747,266.18,14.51,0.16,144.79,1,-94,-6,16,12,38,9,12918809,429
37.12,1544593347,476.86,51.445867,7.488897,266.98,14.47,-0.04,141.54,1,-95,-6,16,12,37,9,12918809,429
38.12,1544593348,491.32,51.445769,7.489057,267.98,14.66,0.19,138.19,1,-95,-6,16,12,37,9,12918809,429
39.12,1544593349,505.99,51.445681,7.489224,269.02,14.84,0.17,135.25,1,-97,-7,17,12,36,9,12918809,429
40.12,1544593350,520.85,51.445595,7.489400,270.25,14.97,0.13,132.94,1,-97,-7,17,12,36,9,12918809,429
41.12,1544593351,535.80,51.445514,7.489583,271.28,15.10,0.14,131.15,1,-97,-6,24,12,34,9,12918809,429
42.12,1544593352,550.89,51.445430,7.489772,272.56,15.20,0.10,129.61,1,-97,-6,24,12,34,9,12918809,429
43.12,1544593353,566.11,51.445352,7.489953,273.73,15.31,0.11,128.44,1,-99,-6,9,12,34,9,12918809,429
44.12,1544593354,581.40,51.445269,7.490140,274.78,15.38,0.07,127.78,1,-99,-6,9,12,34,9,12918809,429
45.12,1544593355,596.78,51.445185,7.490334,276.07,15.01,-0.37,127.62,1,-98,-9,8,9,36,9,12918809,429
46.12,1544593356,611.79,51.445114,7.490513,277.13,14.65,-0.36,126.71,1,-98,-9,8,9,36,9,12918809,429
47.12,1544593357,626.46,51.445047,7.490674,277.99,14.12,-0.53,126.10,1,-98,-6,11,11,33,9,12918809,429
48.12,1544593358,640.57,51.444980,7.490829,278.36,13.68,-0.44,126.90,1,-98,-6,11,11,33,9,12918809,429
49.12,1544593359,654.27,51.444913,7.490987,278.70,13.11,-0.58,127.12,1,-98,-6,11,15,34,9,12918809,429
50.12,1544593360,667.33,51.444852,7.491134,278.74,11.99,-1.12,127.27,1,-98,-6,11,15,34,9,12918809,429
51.13,1544593361,679.46,51.444794,7.491261,278.98,10.18,-1.80,126.99,1,-100,-8,14,10,34,9,12918809,429
52.12,1544593362,689.55,51.444745,7.491370,279.06,7.81,-2.39,126.84,1,-100,-8,14,10,34,9,12918809,429
53.12,1544593363,697.35,51.444705,7.491458,279.13,6.35,-1.45,127.19,1,-100,-8,14,10,34,9,12918809,429
54.12,1544593364,703.72,51.444673,7.491530,279.37,4.97,-1.38,127.64,1,-102,-8,11,9,32,9,12918809,429
55.12,1544593365,708.69,51.444653,7.491572,279.40,3.35,-1.62,127.88,1,-102,-8,11,9,32,9,12918809,429
56.12,1544593366,712.02,51.444649,7.491586,279.42,0.91,-2.45,127.88,1,-101,-8,11,9,32,9,12918809,429
57.12,1544593367,712.93,51.444649,7.491586,279.43,0.00,-0.90,127.88,1,-101,-8,11,9,32,9,12918809,429
58.12,1544593368,712.93,51.444649,7.491586,279.43,0.00,0.00,127.88,1,-105,-12,9,8,33,9,12918809,429
59.13,1544593369,712.93,51.444649,7.491586,279.43,0.00,0.00,127.88,1,-105,-12,9,8,33,9,12918809,429
60.12,1544593370,712.93,51.444649,7.491586,279.44,0.00,0.00,127.88,1,-105,-8,7,12,30,9,12918809,429
61.12,1544593371,712.93,51.444649,7.491586,279.44,0.00,0.00,127.88,1,-105,-8,7,12,30,9,12918809,429
62.12,1544593372,712.93,51.444649,7.491586,279.45,0.00,0.00,127.88,1,-105,-11,6,8,33,9,12918809,429
63.12,1544593373,712.93,51.444649,7.491586,279.47,0.00,0.00,127.88,1,-105,-11,6,8,33,9,12918809,429
64.12,1544593374,712.93,51.444649,7.491586,279.48,0.00,0.00,127.88,1,-107,-9,8,8,28,9,12918809,429
65.12,1544593375,712.93,51.444649,7.491586,279.50,0.00,0.00,127.88,1,-107,-9,8,8,28,9,12918809,429
66.12,1544593376,712.93,51.444649,7.491586,279.51,0.00,0.00,127.88,1,-106,-7,5,8,28,9,12918809,429
67.12,1544593377,712.93,51.444649,7.491586,279.52,0.00,0.00,127.88,1,-106,-7,5,8,28,9,12918809,429
68.12,1544593378,712.93,51.444649,7.491586,279.53,0.00,0.00,127.88,1,-105,-7,11,4,29,9,12918809,429
69.12,1544593379,712.93,51.444649,7.491586,279.54,0.00,0.00,127.88,1,-105,-7,11,4,29,9,12918809,429
70.12,1544593380,712.93,51.444649,7.491586,279.55,0.00,0.00,127.88,1,-105,-8,9,8,29,9,12918809,429
71.12,1544593381,712.93,51.444649,7.491586,279.56,0.00,0.00,127.88,1,-105,-8,9,8,29,9,12918809,429
72.13,1544593382,712.93,51.444649,7.491586,279.56,0.00,0.00,127.88,1,-105,-8,8,11,29,9,12918809,429
73.12,1544593383,712.93,51.444649,7.491586,279.57,0.00,0.00,127.88,1,-105,-8,8,11,29,9,12918809,429
74.12,1544593384,712.93,51.444649,7.491586,279.58,0.00,0.00,127.88,1,-105,-8,8,11,29,9,12918809,429
75.12,1544593385,712.93,51.444649,7.491586,279.59,0.00,0.00,127.88,1,-105,-8,9,14,29,9,12918809,429
76.12,1544593386,712.93,51.444649,7.491586,279.59,0.00,0.00,127.88,1,-105,-8,9,14,29,9,12918809,429
77.12,1544593387,712.93,51.444649,7.491586,279.60,0.00,0.00,127.88,1,-105,-8,10,12,29,9,12918809,429
78.12,1544593388,712.93,51.444649,7.491586,279.61,0.00,0.00,127.88,1,-105,-8,10,12,29,9,12918809,429
79.13,1544593389,712.93,51.444649,7.491586,279.62,0.00,0.00,127.88,1,-104,-7,13,13,29,9,12918809,429
80.12,1544593390,712.93,51.444649,7.491586,279.63,0.00,0.00,127.88,1,-104,-7,13,13,29,9,12918809,429
81.12,1544593391,712.93,51.444649,7.491586,279.66,0.00,0.00,127.88,1,-104,-7,10,11,29,9,12918809,429
82.12,1544593392,712.93,51.444649,7.491586,279.67,0.00,0.00,128.41,1,-104,-7,10,11,29,9,12918809,429
83.12,1544593393,712.93,51.444608,7.491676,279.70,0.00,0.00,129.38,1,-99,-7,9,9,34,9,12918809,429
84.12,1544593394,712.93,51.444563,7.491721,279.86,1.79,0.00,151.26,1,-99,-7,9,9,34,9,12918809,429
85.12,1544593395,714.72,51.444504,7.491721,279.99,2.82,1.03,182.19,1,-96,-6,14,12,37,9,12918809,429
86.12,1544593396,717.55,51.444437,7.491682,280.07,3.53,0.70,204.19,1,-96,-6,14,12,37,9,12918809,429
87.12,1544593397,721.07,51.444367,7.491609,280.24,8.96,5.44,215.68,1,-89,-6,13,12,43,9,12918809,429
88.12,1544593398,730.04,51.444301,7.491530,280.37,9.85,0.88,216.10,1,-89,-6,13,12,43,9,12918809,429
89.12,1544593399,739.89,51.444222,7.491442,280.00,11.03,1.18,215.90,1,-87,-6,20,15,45,9,12918809,429
90.12,1544593400,750.92,51.444136,7.491345,279.49,11.28,0.25,215.53,1,-87,-6,20,15,45,9,12918809,429
91.12,1544593401,762.20,51.444041,7.491238,278.91,12.09,0.81,214.75,1,-85,-6,23,15,45,9,12918809,429
92.12,1544593402,774.28,51.443949,7.491138,278.15,12.70,0.61,214.26,1,-85,-6,23,15,45,9,12918809,429
93.13,1544593403,787.09,51.443842,7.491021,277.65,14.47,1.76,215.16,1,-75,-5,19,15,55,9,12918809,429
94.12,1544593404,801.45,51.443737,7.490896,277.32,14.52,0.05,215.92,1,-75,-5,19,15,55,9,12918809,429
95.12,1544593405,815.97,51.443638,7.490779,277.13,14.51,-0.01,216.62,1,-75,-5,19,15,55,9,12918809,429
96.12,1544593406,830.47,51.443530,7.490651,276.98,14.78,0.27,216.66,1,-76,-5,17,15,54,9,12918809,429
97.12,1544593407,845.26,51.443420,7.490519,276.89,15.10,0.32,216.91,1,-76,-5,17,15,54,9,12918809,429
98.12,1544593408,860.35,51.443311,7.490386,276.91,15.40,0.30,216.93,1,-88,-6,23,15,45,9,12918809,429
99.16,1544593409,876.42,51.443201,7.490254,277.11,15.51,0.11,216.62,1,-88,-6,23,15,45,9,12918809,429
100.12,1544593410,891.22,51.443093,7.490124,277.27,15.54,0.03,216.77,1,-90,-6,12,12,42,9,12918809,429
101.12,1544593411,906.75,51.442986,7.489993,277.75,15.52,-0.02,216.87,1,-90,-6,12,12,42,9,12918809,429
102.12,1544593412,922.29,51.442878,7.489862,278.10,14.99,-0.53,216.22,1,-90,-8,16,15,43,9,12918809,429
103.12,1544593413,937.28,51.442771,7.489734,278.24,14.38,-0.61,216.38,1,-90,-8,16,15,43,9,12918809,429
104.12,1544593414,951.66,51.442659,7.489607,278.34,14.54,0.16,215.46,1,-85,-9,16,15,50,9,12918809,429
105.12,1544593415,966.26,51.442538,7.489472,278.48,15.52,0.98,215.96,1,-85,-9,16,15,50,9,12918809,429
106.12,1544593416,981.75,51.442435,7.489350,278.71,14.00,-1.52,217.39,1,-81,-6,20,15,51,9,12918809,429
107.12,1544593417,995.75,51.442327,7.489221,278.99,14.30,0.30,218.04,1,-81,-6,20,15,51,9,12918809,429
108.12,1544593418,1010.08,51.442211,7.489081,279.41,15.53,1.22,217.58,1,-80,-7,13,15,52,9,12918809,429
109.12,1544593419,1025.59,51.442100,7.488940,279.59,15.20,-0.32,218.39,1,-80,-7,13,15,52,9,12918809,429
110.12,1544593420,1040.80,51.441992,7.488798,279.66,15.03,-0.18,219.77,1,-78,-6,13,12,53,9,12918809,429
111.12,1544593421,1055.76,51.441881,7.488644,279.36,15.59,0.57,221.40,1,-78,-6,13,12,53,9,12918809,429
112.12,1544593422,1071.37,51.441785,7.488499,278.80,14.42,-1.17,223.16,1,-78,-9,12,11,57,9,12918809,429
113.12,1544593423,1085.83,51.441691,7.488346,278.14,14.54,0.12,225.32,1,-78,-9,12,11,57,9,12918809,429
114.13,1544593424,1100.47,51.441590,7.488164,277.39,15.53,0.99,227.61,1,-78,-6,11,6,54,4,12918810,431
115.12,1544593425,1115.88,51.441494,7.487980,276.76,15.59,0.06,229.08,1,-78,-6,11,6,54,4,12918810,431
116.12,1544593426,1131.49,51.441403,7.487794,276.24,15.51,-0.08,230.19,1,-78,-6,11,6,54,4,12918810,431
117.12,1544593427,1146.98,51.441318,7.487614,276.01,15.71,0.20,230.96,1,-79,-6,30,15,54,4,12918810,431
118.12,1544593428,1162.69,51.441232,7.487425,276.02,15.84,0.13,231.63,1,-79,-6,30,15,54,4,12918810,431
119.14,1544593429,1178.86,51.441146,7.487238,276.04,15.68,-0.16,232.04,1,-79,-7,29,15,54,4,12918810,431
120.12,1544593430,1194.21,51.441065,7.487052,275.69,15.68,0.00,232.78,1,-79,-7,29,15,54,4,12918810,431
121.12,1544593431,1209.88,51.440983,7.486867,275.26,15.68,-0.00,232.76,1,-75,-10,30,15,62,4,12918810,431
122.12,1544593432,1225.54,51.440907,7.486693,275.32,15.37,-0.31,233.75,1,-75,-10,30,15,62,4,12918810,431
123.12,1544593433,1240.95,51.440826,7.486515,275.78,15.31,-0.06,233.40,1,-72,-6,22,12,61,4,12918810,431
124.12,1544593434,1256.25,51.440749,7.486344,275.91,14.82,-0.49,232.86,1,-72,-6,22,12,61,4,12918810,431
125.12,1544593435,1271.07,51.440674,7.486181,275.95,14.33,-0.50,233.07,1,-75,-5,21,15,57,4,12918810,431
126.12,1544593436,1285.40,51.440594,7.486008,276.28,14.62,0.30,232.76,1,-75,-5,21,15,57,4,12918810,431
127.12,1544593437,1300.05,51.440506,7.485818,276.59,15.86,1.24,232.34,1,-76,-8,16,13,58,4,12918810,431
128.12,1544593438,1315.90,51.440425,7.485637,277.72,15.53,-0.34,232.47,1,-76,-8,16,13,58,4,12918810,431
129.12,1544593439,1331.43,51.440342,7.485450,278.48,16.00,0.47,232.98,1,-83,-8,10,12,51,4,12918810,431
130.12,1544593440,1347.43,51.440253,7.485264,279.10,15.89,-0.11,232.46,1,-83,-8,10,12,51,4,12918810,431
131.12,1544593441,1363.28,51.440167,7.485087,279.52,15.44,-0.45,232.57,1,-77,-7,13,15,56,2,12918811,430
132.12,1544593442,1378.70,51.440082,7.484913,280.05,15.40,-0.04,233.25,1,-77,-7,13,15,56,2,12918811,430
133.12,1544593443,1394.15,51.439992,7.484716,280.17,16.95,1.55,232.90,1,-75,-6,18,15,56,2,12918811,430
134.12,1544593444,1411.09,51.439913,7.484545,279.81,14.53,-2.41,233.08,1,-75,-6,18,15,56,2,12918811,430
135.13,1544593445,1425.74,51.439833,7.484382,279.40,14.17,-0.36,232.65,1,-73,-7,31,11,59,2,12918811,430
136.12,1544593446,1439.78,51.439754,7.484210,279.62,14.64,0.48,232.84,1,-73,-7,31,11,59,2,12918811,430
137.12,1544593447,1454.42,51.439673,7.484033,280.59,14.75,0.11,233.37,1,-73,-7,31,11,59,2,12918811,430
138.12,1544593448,1469.18,51.439595,7.483857,281.30,14.89,0.14,234.27,1,-77,-6,36,15,54,2,12918811,430
139.12,1544593449,1484.05,51.439521,7.483678,281.86,14.65,-0.24,235.78,1,-77,-6,36,15,54,2,12918811,430
140.12,1544593450,1498.71,51.439438,7.483471,282.57,15.47,0.82,237.24,1,-77,-5,30,15,54,2,12918811,430
141.12,1544593451,1514.15,51.439353,7.483254,283.25,15.54,0.06,238.17,1,-77,-5,30,15,54,2,12918811,430
142.12,1544593452,1529.67,51.439280,7.483052,284.27,15.33,-0.20,239.14,1,-78,-7,26,15,55,2,12918811,430
143.12,1544593453,1545.02,51.439200,7.482833,284.72,15.82,0.49,239.64,1,-78,-7,26,15,55,2,12918811,430
144.12,1544593454,1560.86,51.439127,7.482631,285.10,15.36,-0.46,240.05,1,-83,-6,23,14,49,2,12918811,430
145.12,1544593455,1576.19,51.439060,7.482423,285.72,16.04,0.68,241.03,1,-83,-6,23,14,49,2,12918811,430
146.12,1544593456,1592.28,51.438987,7.482209,286.09,16.50,0.46,240.58,1,-90,-6,19,15,40,2,12918811,430
147.12,1544593457,1608.76,51.438908,7.481992,286.50,16.62,0.12,240.88,1,-90,-6,19,15,40,2,12918811,430
148.12,1544593458,1625.39,51.438842,7.481792,286.94,15.71,-0.92,240.57,1,-95,-6,16,15,38,2,12918811,430
149.12,1544593459,1641.10,51.438772,7.481582,287.42,15.50,-0.20,241.07,1,-95,-6,16,15,38,2,12918811,430
150.12,1544593460,1656.63,51.438700,7.481371,287.61,15.52,0.01,241.46,1,-98,-6,16,12,34,2,12918811,430
151.12,1544593461,1672.15,51.438631,7.481177,287.42,15.59,0.07,240.85,1,-98,-6,16,12,34,2,12918811,430
152.12,1544593462,1687.71,51.438571,7.480999,287.21,15.57,-0.02,240.59,1,-102,-7,11,10,31,2,12918811,430
153.12,1544593463,1703.30,51.438503,7.480809,286.48,15.78,0.21,239.91,1,-102,-7,11,10,31,2,12918811,430
154.12,1544593464,1719.08,51.438434,7.480613,286.12,15.75,-0.04,240.70,1,-105,-8,9,7,29,2,12918811,430
155.12,1544593465,1734.86,51.438361,7.480403,285.88,16.08,0.33,240.81,1,-105,-8,9,7,29,2,12918811,430
156.13,1544593466,1751.05,51.438285,7.480194,285.59,15.99,-0.08,240.90,1,-105,-7,8,10,28,2,12918811,430
157.12,1544593467,1766.95,51.438219,7.479998,285.63,16.05,0.05,241.13,1,-105,-7,8,10,28,2,12918811,430
158.12,1544593468,1782.95,51.438154,7.479802,285.89,15.13,-0.92,241.14,1,-105,-7,8,10,28,2,12918811,430
159.16,1544593469,1798.68,51.438086,7.479600,286.35,15.67,0.52,241.07,1,-108,-12,2,8,29,2,12918811,430
160.12,1544593470,1813.73,51.438017,7.479405,286.55,15.73,0.06,240.33,1,-108,-12,2,8,29,2,12918811,430
161.12,1544593471,1829.51,51.437943,7.479200,286.52,15.73,-0.00,240.79,1,-110,-12,-1,7,27,2,12918811,430
162.12,1544593472,1845.24,51.437875,7.478998,286.84,15.42,-0.31,241.21,1,-110,-12,-1,7,27,2,12918811,430
163.12,1544593473,1860.66,51.437803,7.478777,286.50,15.69,0.27,242.11,1,-110,-12,-2,6,26,2,12918811,430
164.12,1544593474,1876.34,51.437733,7.478565,286.09,15.68,-0.01,242.44,1,-110,-12,-2,6,26,2,12918811,430
165.12,1544593475,1892.01,51.437672,7.478377,286.45,15.09,-0.59,241.91,1,-111,-10,-2,7,25,2,12918811,430
166.12,1544593476,1907.10,51.437605,7.478173,286.90,15.57,0.48,241.33,1,-111,-10,-2,7,25,2,12918811,430
167.13,1544593477,1922.69,51.437538,7.477974,287.30,15.60,0.03,241.69,1,-112,-13,-2,7,27,2,12918811,430
168.12,1544593478,1938.27,51.437470,7.477769,287.97,15.55,-0.04,242.05,1,-112,-13,-2,7,27,2,12918811,430
169.13,1544593479,1953.84,51.437406,7.477576,288.29,14.87,-0.69,242.30,1,-114,-14,-4,6,26,2,12918811,430
170.13,1544593480,1968.71,51.437342,7.477381,288.38,14.51,-0.36,241.69,1,-114,-14,-4,6,26,2,12918811,430
171.13,1544593481,1983.22,51.437285,7.477193,288.28,13.77,-0.74,242.38,1,-113,-14,-3,6,27,2,12918811,430
172.13,1544593482,1996.99,51.437232,7.477010,288.09,13.11,-0.66,245.06,1,-113,-14,-3,6,27,2,12918811,430
173.13,1544593483,2010.11,51.437192,7.476830,287.83,12.63,-0.48,248.76,1,-111,-13,0,8,28,2,12918811,430
174.13,1544593484,2022.73,51.437174,7.476655,287.51,10.73,-1.90,262.32,1,-111,-13,0,8,28,2,12918811,430
175.12,1544593485,2033.43,51.437180,7.476479,287.16,10.22,-0.51,275.49,1,-106,-9,3,7,29,2,12918811,430
176.12,1544593486,2043.64,51.437206,7.476353,287.35,9.45,-0.77,288.53,1,-106,-9,3,7,29,2,12918811,430
177.13,1544593487,2053.16,51.437261,7.476250,287.78,8.64,-0.80,314.65,1,-104,-9,6,8,32,2,12918811,430
178.12,1544593488,2061.74,51.437330,7.476179,287.88,8.18,-0.47,329.62,1,-104,-9,6,8,32,2,12918811,430
179.12,1544593489,2069.92,51.437407,7.476169,287.90,8.38,0.20,2.48,1,-104,-9,6,8,32,2,12918811,430
180.12,1544593490,2078.31,51.437487,7.476201,288.09,8.69,0.32,24.28,1,-97,-6,24,11,34,2,12918811,430
181.12,1544593491,2086.97,51.437556,7.476266,288.53,10.25,1.56,37.28,1,-97,-6,24,11,34,2,12918811,430
182.12,1544593492,2097.24,51.437632,7.476368,289.17,10.95,0.70,40.26,1,-88,-6,22,12,46,2,12918811,430
183.12,1544593493,2108.19,51.437696,7.476507,289.70,12.28,1.32,53.15,1,-88,-6,22,12,46,2,12918811,430
184.12,1544593494,2120.47,51.437760,7.476651,290.15,13.10,0.82,53.66,1,-89,-6,24,15,43,2,12918811,430
185.12,1544593495,2133.57,51.437840,7.476825,290.80,14.58,1.48,53.72,1,-89,-6,24,15,43,2,12918811,430
186.12,1544593496,2148.15,51.437927,7.477014,291.38,15.44,0.86,54.11,1,-86,-4,37,12,45,2,12918811,430
187.12,1544593497,2163.60,51.438006,7.477198,291.67,16.76,1.32,54.38,1,-86,-4,37,12,45,2,12918811,430
188.12,1544593498,2180.37,51.438097,7.477410,292.16,17.76,1.00,54.84,1,-84,-5,36,15,47,2,12918811,430
189.12,1544593499,2198.11,51.438192,7.477636,292.65,18.87,1.12,55.44,1,-84,-5,36,15,47,2,12918811,430
190.12,1544593500,2217.00,51.438291,7.477873,293.17,19.74,0.87,56.15,1,-86,-5,37,15,47,2,12918811,430
191.12,1544593501,2236.73,51.438381,7.478090,293.04,20.04,0.30,56.33,1,-86,-5,37,15,47,2,12918811,430
192.12,1544593502,2256.76,51.438482,7.478344,293.45,21.16,1.12,57.00,1,-88,-5,38,15,44,2,12918811,430
193.12,1544593503,2277.95,51.438587,7.478596,293.46,21.72,0.56,57.06,1,-88,-5,38,15,44,2,12918811,430
194.12,1544593504,2299.67,51.438701,7.478872,293.43,22.67,0.95,57.26,1,-92,-6,35,12,39,2,12918811,430
195.12,1544593505,2322.32,51.438810,7.479142,293.68,23.27,0.60,57.67,1,-92,-6,35,12,39,2,12918811,430
196.12,1544593506,2345.61,51.438924,7.479424,293.66,23.52,0.25,57.57,1,-92,-5,31,12,40,2,12918811,430
197.12,1544593507,2369.11,51.439048,7.479717,293.84,23.63,0.11,57.73,1,-92,-5,31,12,40,2,12918811,430
198.13,1544593508,2392.93,51.439174,7.480025,294.27,24.61,0.97,56.23,1,-94,-6,25,12,37,2,12918811,430
199.12,1544593509,2417.34,51.439311,7.480337,294.59,25.36,0.76,54.69,1,-94,-6,25,12,37,2,12918811,430
200.12,1544593510,2442.72,51.439448,7.480624,294.61,25.29,-0.07,53.60,1,-94,-6,25,12,37,2,12918811,430
201.12,1544593511,2467.99,51.439589,7.480925,294.66,24.59,-0.70,52.77,1,-93,-7,21,11,41,2,12918811,430
202.12,1544593512,2492.52,51.439714,7.481198,294.86,23.46,-1.13,53.82,1,-93,-7,21,11,41,2,12918811,430
203.12,1544593513,2515.98,51.439852,7.481476,295.17,24.38,0.93,51.09,1,-90,-7,18,12,43,2,12918811,430
204.12,1544593514,2540.36,51.440003,7.481756,295.44,24.72,0.34,48.89,1,-90,-7,18,12,43,2,12918811,430
205.12,1544593515,2565.11,51.440149,7.482012,295.39,24.28,-0.44,47.42,1,-89,-10,20,12,47,2,12918811,430
206.12,1544593516,2589.42,51.440310,7.482269,295.17,24.74,0.46,44.55,1,-89,-10,20,12,47,2,12918811,430
207.12,1544593517,2614.16,51.440468,7.482513,294.91,24.80,0.06,42.99,1,-85,-6,22,15,46,2,12918811,430
208.12,1544593518,2638.95,51.440633,7.482745,293.90,24.57,-0.22,41.42,1,-85,-6,22,15,46,2,12918811,430
209.12,1544593519,2663.52,51.440794,7.482970,292.12,24.52,-0.05,40.78,1,-81,-6,18,15,51,2,12918811,430
210.12,1544593520,2688.02,51.440968,7.483193,289.76,24.46,-0.06,38.15,1,-81,-6,18,15,51,2,12918811,430
211.12,1544593521,2712.46,51.441151,7.483411,287.88,24.38,-0.09,36.51,1,-79,-5,17,12,52,2,12918811,430
212.12,1544593522,2736.86,51.441335,7.483627,286.54,24.46,0.08,35.71,1,-79,-5,17,12,52,2,12918811,430
213.12,1544593523,2761.32,51.441517,7.483819,285.43,24.38,-0.08,33.30,1,-75,-5,22,15,57,2,12918811,430
214.12,1544593524,2785.68,51.441700,7.484001,284.36,24.33,-0.05,31.94,1,-75,-5,22,15,57,2,12918811,430
215.12,1544593525,2810.05,51.441889,7.484176,283.25,24.37,0.04,29.40,1,-80,-6,22,15,52,2,12918811,430
216.12,1544593526,2834.42,51.442080,7.484339,282.27,24.41,0.04,27.86,1,-80,-6,22,15,52,2,12918811,430
217.12,1544593527,2858.83,51.442274,7.484506,281.45,24.47,0.06,27.11,1,-77,-7,17,15,54,2,12918811,430
218.12,1544593528,2883.33,51.442472,7.484659,280.91,24.44,-0.03,25.80,1,-77,-7,17,15,54,2,12918811,430
219.19,1544593529,2909.38,51.442669,7.484811,280.46,24.25,-0.18,25.06,1,-74,-8,19,12,61,2,12918811,430
220.12,1544593530,2932.06,51.442867,7.484952,280.04,24.18,-0.07,24.21,1,-74,-8,19,12,61,2,12918811,430
221.12,1544593531,2956.14,51.443064,7.485095,279.71,24.03,-0.15,23.62,1,-74,-8,19,12,61,2,12918811,430
222.12,1544593532,2980.22,51.443261,7.485236,279.49,23.88,-0.15,23.42,1,-73,-9,9,6,60,2,12918809,429
223.12,1544593533,3004.08,51.443454,7.485369,279.40,22.92,-0.96,23.15,1,-73,-9,9,6,60,2,12918809,429
224.12,1544593534,3027.00,51.443634,7.485493,279.21,21.12,-1.80,22.86,1,-79,-8,15,15,55,2,12918809,429
225.12,1544593535,3048.14,51.443798,7.485602,278.89,19.35,-1.77,21.97,1,-79,-8,15,15,55,2,12918809,429
226.12,1544593536,3067.49,51.443957,7.485703,278.50,18.66,-0.69,21.76,1,-70,-5,26,15,62,2,12918809,429
227.12,1544593537,3086.15,51.444106,7.485798,278.13,17.25,-1.41,21.45,1,-70,-5,26,15,62,2,12918809,429
228.12,1544593538,3103.40,51.444249,7.485890,277.73,16.22,-1.03,21.99,1,-69,-5,30,15,63,2,12918809,429
229.17,1544593539,3120.37,51.444372,7.485980,277.43,15.22,-0.96,24.16,1,-69,-5,30,15,63,2,12918809,429
230.12,1544593540,3134.93,51.444501,7.486086,276.87,14.51,-0.74,27.57,1,-69,-5,29,15,63,2,12918809,429
231.12,1544593541,3149.39,51.444595,7.486226,276.35,13.64,-0.87,42.90,1,-69,-5,29,15,63,2,12918809,429
232.12,1544593542,3163.01,51.444672,7.486364,275.60,13.66,0.02,46.48,1,-75,-6,26,15,57,2,12918809,429
233.12,1544593543,3176.71,51.444703,7.486538,274.70,13.37,-0.29,73.28,1,-75,-6,26,15,57,2,12918809,429
234.12,1544593544,3190.04,51.444709,7.486717,274.03,12.93,-0.44,86.68,1,-78,-5,29,15,53,2,12918809,429
235.12,1544593545,3203.00,51.444693,7.486909,273.72,12.80,-0.13,99.69,1,-78,-5,29,15,53,2,12918809,429
236.12,1544593546,3215.80,51.444650,7.487084,272.81,13.19,0.40,113.81,1,-79,-5,29,15,52,2,12918809,429
237.12,1544593547,3228.99,51.444593,7.487228,271.99,13.32,0.13,127.39,1,-79,-5,29,15,52,2,12918809,429
238.12,1544593548,3242.31,51.444507,7.487366,271.17,13.63,0.31,140.44,1,-64,-6,27,15,63,2,12918809,429
239.15,1544593549,3256.39,51.444412,7.487452,270.42,13.72,0.09,155.38,1,-64,-6,27,15,63,2,12918809,429
240.13,1544593550,3269.76,51.444306,7.487497,269.65,13.36,-0.37,170.93,1,-64,-5,32,15,63,2,12918809,429
241.12,1544593551,3283.00,51.444174,7.487494,268.96,13.46,0.10,185.23,1,-64,-5,32,15,63,2,12918809,429
242.12,1544593552,3296.47,51.444076,7.487444,268.32,13.75,0.28,200.03,1,-64,-5,32,15,63,2,12918809,429
243.12,1544593553,3310.20,51.443982,7.487349,267.91,13.87,0.12,215.62,1,-62,-6,33,15,63,2,12918809,429
244.12,1544593554,3324.12,51.443873,7.487227,267.58,14.59,0.72,219.65,1,-62,-6,33,15,63,2,12918809,429
245.12,1544593555,3338.70,51.443818,7.487053,266.98,14.37,-0.22,247.40,1,-74,-6,32,15,60,2,12918809,429
246.12,1544593556,3353.07,51.443785,7.486844,266.31,14.62,0.24,260.79,1,-74,-6,32,15,60,2,12918809,429
247.12,1544593557,3367.69,51.443761,7.486617,265.36,15.09,0.48,262.94,1,-74,-5,30,15,59,2,12918809,429
248.12,1544593558,3382.80,51.443748,7.486401,264.63,15.86,0.76,264.93,1,-74,-5,30,15,59,2,12918809,429
249.12,1544593559,3398.65,51.443738,7.486174,263.90,16.58,0.73,265.94,1,-76,-6,30,15,56,2,12918809,429
250.12,1544593560,3415.22,51.443731,7.485943,263.51,17.40,0.82,266.34,1,-76,-6,30,15,56,2,12918809,429
251.12,1544593561,3432.60,51.443723,7.485690,263.25,18.30,0.90,266.91,1,-77,-6,24,15,55,2,12918809,429
252.12,1544593562,3450.94,51.443719,7.485419,263.24,18.11,-0.19,267.70,1,-77,-6,24,15,55,2,12918809,429
253.12,1544593563,3469.04,51.443712,7.485115,261.67,18.94,0.82,267.08,1,-77,-8,25,15,57,2,12918809,429
254.12,1544593564,3487.96,51.443719,7.484832,260.71,18.94,0.00,267.14,1,-77,-8,25,15,57,2,12918809,429
255.12,1544593565,3506.92,51.443724,7.484530,260.71,21.46,2.52,269.08,1,-84,-7,22,15,49,2,12918809,429
256.12,1544593566,3528.38,51.443721,7.484217,260.57,21.79,0.33,269.11,1,-84,-7,22,15,49,2,12918809,429
257.12,1544593567,3550.17,51.443726,7.483905,260.77,21.77,-0.01,268.61,1,-73,-7,16,15,54,2,12918809,429
258.12,1544593568,3571.94,51.443725,7.483598,260.92,21.61,-0.17,268.10,1,-73,-7,16,15,54,2,12918809,429
259.12,1544593569,3593.57,51.443715,7.483285,261.18,21.31,-0.29,267.81,1,-86,-9,13,11,48,2,12918809,429
260.12,1544593570,3614.90,51.443705,7.482983,261.36,21.21,-0.10,267.73,1,-86,-9,13,11,48,2,12918809,429
261.13,1544593571,3636.22,51.443696,7.482677,261.55,21.29,0.08,267.64,1,-85,-6,7,6,47,4,12918811,430
262.12,1544593572,3657.34,51.443687,7.482374,261.80,21.42,0.13,267.46,1,-85,-6,7,6,47,4,12918811,430
263.12,1544593573,3678.79,51.443677,7.482061,262.04,21.61,0.19,266.95,1,-85,-6,7,6,47,4,12918811,430
264.12,1544593574,3700.42,51.443662,7.481742,262.19,21.85,0.24,266.40,1,-90,-10,10,9,46,4,12918811,430
265.12,1544593575,3722.28,51.443647,7.481425,262.25,22.07,0.21,265.78,1,-90,-10,10,9,46,4,12918811,430
266.12,1544593576,3744.34,51.443631,7.481106,262.27,22.16,0.09,265.41,1,-92,-7,16,11,41,4,12918811,430
267.12,1544593577,3766.50,51.443612,7.480786,262.28,22.23,0.07,265.23,1,-92,-7,16,11,41,4,12918811,430
268.12,1544593578,3788.72,51.443594,7.480469,262.21,22.33,0.10,264.91,1,-90,-6,20,11,42,4,12918811,430
269.12,1544593579,3811.05,51.443572,7.480148,262.12,22.63,0.29,263.63,1,-90,-6,20,11,42,4,12918811,430
270.12,1544593580,3833.70,51.443549,7.479824,262.04,22.76,0.13,262.92,1,-87,-6,20,14,45,4,12918811,430
271.12,1544593581,3856.50,51.443521,7.479500,261.94,23.06,0.30,262.09,1,-87,-6,20,14,45,4,12918811,430
272.12,1544593582,3879.52,51.443492,7.479166,261.80,23.47,0.41,262.29,1,-85,-9,18,15,50,4,12918811,430
273.12,1544593583,3902.98,51.443464,7.478828,261.60,23.89,0.42,262.49,1,-85,-9,18,15,50,4,12918811,430
274.12,1544593584,3926.87,51.443436,7.478485,261.32,24.37,0.48,262.67,1,-84,-6,19,5,47,4,12918811,430
275.12,1544593585,3951.22,51.443407,7.478133,260.93,24.93,0.57,262.94,1,-84,-6,19,5,47,4,12918811,430
276.12,1544593586,3976.15,51.443379,7.477776,260.54,24.85,-0.08,262.69,1,-83,-5,21,15,49,4,12918811,430
277.12,1544593587,4001.00,51.443349,7.477422,260.17,24.91,0.06,262.26,1,-83,-5,21,15,49,4,12918811,430
278.12,1544593588,4025.91,51.443320,7.477069,259.80,24.79,-0.12,261.93,1,-86,-6,18,13,45,4,12918811,430
279.17,1544593589,4051.92,51.443291,7.476711,259.43,25.18,0.37,261.76,1,-86,-6,18,13,45,4,12918811,430
280.12,1544593590,4075.89,51.443259,7.476349,259.01,25.50,0.34,261.34,1,-77,-5,18,10,54,4,12918811,430
281.12,1544593591,4101.31,51.443224,7.475982,258.54,25.93,0.43,261.04,1,-77,-5,18,10,54,4,12918811,430
282.12,1544593592,4127.39,51.443187,7.475604,257.99,26.57,0.64,260.48,1,-76,-5,20,15,53,4,12918811,430
283.12,1544593593,4153.81,51.443146,7.475232,257.25,27.08,0.51,259.61,1,-76,-5,20,15,53,4,12918811,430
284.12,1544593594,4180.97,51.443097,7.474847,256.52,27.62,0.53,258.19,1,-76,-5,20,15,53,4,12918811,430
285.12,1544593595,4208.59,51.443041,7.474451,255.77,28.32,0.70,256.91,1,-88,-7,21,15,46,4,12918811,430
286.12,1544593596,4236.94,51.442981,7.474036,255.00,28.74,0.42,257.19,1,-88,-7,21,15,46,4,12918811,430
287.12,1544593597,4265.65,51.442922,7.473622,254.23,29.46,0.72,257.49,1,-99,-11,10,10,36,4,12918811,430
288.12,1544593598,4295.11,51.442864,7.473192,253.53,30.22,0.76,258.05,1,-99,-11,10,10,36,4,12918811,430
289.12,1544593599,4325.39,51.442807,7.472762,252.76,31.13,0.91,258.48,1,-105,-8,5,6,28,13,12935194,397
290.12,1544593600,4356.49,51.442748,7.472318,252.02,31.44,0.30,258.71,1,-105,-8,5,6,28,13,12935194,397
291.12,1544593601,4387.90,51.442688,7.471873,251.36,31.61,0.17,258.42,1,-105,-7,7,9,28,13,12935194,397
292.12,1544593602,4419.51,51.442629,7.471425,250.69,31.58,-0.03,258.33,1,-105,-7,7,9,28,13,12935194,397
293.12,1544593603,4451.09,51.442572,7.470982,249.88,31.57,-0.01,258.31,1,-109,-9,7,7,26,13,12935194,397
294.12,1544593604,4482.69,51.442515,7.470538,249.01,31.47,-0.10,258.45,1,-109,-9,7,7,26,13,12935194,397
295.12,1544593605,4514.22,51.442460,7.470100,248.27,31.53,0.06,258.11,1,-107,-9,3,6,27,14,12918811,430
296.12,1544593606,4545.72,51.442405,7.469660,247.67,31.78,0.25,258.40,1,-107,-9,3,6,27,14,12918811,430
297.12,1544593607,4577.44,51.442348,7.469218,247.15,31.56,-0.22,258.11,1,-106,-8,3,7,28,14,12918811,430
298.12,1544593608,4609.00,51.442289,7.468763,246.55,31.61,0.05,258.34,1,-106,-8,3,7,28,14,12918811,430
299.13,1544593609,4640.74,51.442230,7.468309,245.69,31.38,-0.23,258.64,1,-105,-7,4,7,27,14,12918811,430
300.12,1544593610,4672.05,51.442173,7.467864,244.68,31.61,0.23,258.79,1,-105,-7,4,7,27,14,12918811,430
301.12,1544593611,4703.66,51.442117,7.467419,243.68,31.82,0.21,258.87,1,-110,-13,-2,7,28,14,12918811,430
302.12,1544593612,4735.52,51.442069,7.466974,242.82,32.12,0.30,259.37,1,-110,-13,-2,7,28,14,12918811,430
303.13,1544593613,4767.84,51.442019,7.466517,242.03,32.56,0.43,259.64,1,-110,-14,-4,6,30,14,12918811,430
304.12,1544593614,4800.17,51.441969,7.466058,241.32,32.54,-0.02,260.16,1,-110,-14,-4,6,30,14,12918811,430
305.12,1544593615,4832.71,51.441926,7.465599,240.71,32.39,-0.15,260.65,1,-110,-14,-4,6,30,14,12918811,430
306.12,1544593616,4865.07,51.441882,7.465143,240.20,32.43,0.04,260.72,1,-107,-11,-2,6,29,31,12897050,118
307.12,1544593617,4897.53,51.441841,7.464687,239.59,32.55,0.13,261.34,1,-107,-11,-2,6,29,31,12897050,118
308.12,1544593618,4930.08,51.441806,7.464233,238.85,32.38,-0.17,262.27,1,-107,-10,1,6,30,31,12897050,118
309.12,1544593619,4962.47,51.441771,7.463768,238.08,32.36,-0.02,262.83,1,-107,-10,1,6,30,31,12897050,118
310.13,1544593620,4994.89,51.441740,7.463301,237.34,32.46,0.09,263.55,1,-108,-11,1,7,28,31,12897050,118
311.13,1544593621,5027.35,51.441710,7.462834,236.59,32.57,0.11,264.25,1,-108,-11,1,7,28,31,12897050,118
312.12,1544593622,5059.89,51.441680,7.462367,235.94,32.76,0.19,264.34,1,-107,-10,0,5,30,31,12897050,118
313.12,1544593623,5092.61,51.441659,7.461899,235.42,33.04,0.28,265.15,1,-107,-10,0,5,30,31,12897050,118
314.12,1544593624,5125.68,51.441636,7.461426,234.92,33.36,0.32,265.46,1,-105,-10,1,9,32,31,12897050,118
315.12,1544593625,5159.01,51.441613,7.460945,234.49,33.62,0.25,266.00,1,-105,-10,1,9,32,31,12897050,118
316.12,1544593626,5192.66,51.441596,7.460462,234.09,33.60,-0.02,266.37,1,-103,-9,2,5,32,31,12897050,118
317.12,1544593627,5226.26,51.441580,7.459990,233.72,32.81,-0.79,267.21,1,-103,-9,2,5,32,31,12897050,118
318.12,1544593628,5258.93,51.441572,7.459521,233.47,32.46,-0.35,268.07,1,-99,-8,0,6,34,16,14301721,72
319.12,1544593629,5291.36,51.441564,7.459054,233.29,32.50,0.04,268.44,1,-99,-8,0,6,34,16,14301721,72
320.13,1544593630,5324.12,51.441556,7.458585,233.11,32.71,0.21,268.75,1,-92,-8,11,9,42,16,14301721,72
321.12,1544593631,5356.60,51.441553,7.458112,232.97,32.92,0.21,269.23,1,-92,-8,11,9,42,16,14301721,72
322.12,1544593632,5389.59,51.441551,7.457637,232.83,33.01,0.09,269.68,1,-90,-7,14,15,43,16,14301721,72
323.12,1544593633,5422.46,51.441553,7.457161,232.70,33.05,0.05,270.35,1,-90,-7,14,15,43,16,14301721,72
324.13,1544593634,5455.75,51.441556,7.456691,232.59,32.37,-0.68,270.87,1,-89,-9,15,14,48,16,14301721,72
325.12,1544593635,5487.99,51.441559,7.456231,232.50,31.81,-0.56,271.31,1,-89,-9,15,14,48,16,14301721,72
326.12,1544593636,5519.80,51.441562,7.455786,232.50,30.87,-0.94,271.27,1,-89,-9,15,14,48,16,14301721,72
327.12,1544593637,5550.67,51.441568,7.455352,232.48,30.06,-0.81,271.28,1,-90,-6,19,8,43,16,14301721,72
328.12,1544593638,5580.73,51.441581,7.454926,232.70,29.76,-0.30,272.17,1,-90,-6,19,8,43,16,14301721,72
329.12,1544593639,5610.52,51.441595,7.454494,232.86,29.86,0.11,272.60,1,-87,-6,20,9,45,16,14301721,72
330.12,1544593640,5640.32,51.441613,7.454059,232.81,30.13,0.27,273.52,1,-87,-6,20,9,45,16,14301721,72
331.12,1544593641,5670.39,51.441632,7.453621,232.50,30.40,0.27,274.43,1,-87,-6,17,11,45,16,14301721,72
332.12,1544593642,5700.76,51.441655,7.453183,232.40,30.60,0.20,274.71,1,-87,-6,17,11,45,16,14301721,72
333.12,1544593643,5731.49,51.441678,7.452737,232.53,31.07,0.46,275.45,1,-77,-9,20,15,56,16,14301721,72
334.12,1544593644,5762.52,51.441708,7.452288,232.64,31.52,0.45,275.86,1,-77,-9,20,15,56,16,14301721,72
335.12,1544593645,5794.04,51.441737,7.451830,232.76,31.62,0.10,276.12,1,-77,-5,30,15,53,16,14301721,72
336.12,1544593646,5825.69,51.441771,7.451382,232.90,31.20,-0.42,277.38,1,-77,-5,30,15,53,16,14301721,72
337.12,1544593647,5856.85,51.441805,7.450940,232.96,30.50,-0.70,277.38,1,-79,-4,30,15,53,16,14301721,72
338.12,1544593648,5887.35,51.441838,7.450510,232.87,29.93,-0.56,277.73,1,-79,-4,30,15,53,16,14301721,72
339.15,1544593649,5918.18,51.441871,7.450080,232.56,29.91,-0.03,278.10,1,-79,-5,28,15,52,16,14301721,72
340.12,1544593650,5947.10,51.441905,7.449650,232.19,30.15,0.25,278.29,1,-79,-5,28,15,52,16,14301721,72
341.12,1544593651,5977.31,51.441942,7.449212,232.00,30.44,0.29,278.20,1,-77,-5,23,15,55,16,14301721,72
342.12,1544593652,6007.69,51.441986,7.448776,232.14,31.14,0.70,279.05,1,-77,-5,23,15,55,16,14301721,72
343.12,1544593653,6038.95,51.442030,7.448328,232.27,31.41,0.27,279.13,1,-76,-5,28,12,56,16,14301721,72
344.12,1544593654,6070.33,51.442082,7.447870,232.31,32.20,0.79,280.37,1,-76,-5,28,12,56,16,14301721,72
345.13,1544593655,6102.75,51.442135,7.447404,232.06,32.72,0.52,280.95,1,-75,-5,33,13,58,16,14301721,72
346.12,1544593656,6135.24,51.442189,7.446941,231.93,33.28,0.56,281.31,1,-75,-5,33,13,58,16,14301721,72
347.12,1544593657,6168.52,51.442252,7.446472,231.87,33.75,0.47,281.94,1,-75,-5,33,13,58,16,14301721,72
348.12,1544593658,6202.26,51.442315,7.446007,231.69,33.98,0.23,282.50,1,-67,-4,32,15,63,16,14301721,72
349.12,1544593659,6236.24,51.442387,7.445529,231.43,34.52,0.54,283.11,1,-67,-4,32,15,63,16,14301721,72
350.12,1544593660,6270.76,51.442459,7.445047,231.02,35.02,0.50,283.49,1,-70,-6,32,13,62,16,14301721,72
351.12,1544593661,6305.77,51.442533,7.444555,230.46,35.73,0.71,283.46,1,-70,-6,32,13,62,16,14301721,72
352.12,1544593662,6341.51,51.442609,7.444059,229.85,35.99,0.26,284.04,1,-66,-5,32,15,63,16,14301721,72
353.12,1544593663,6377.53,51.442696,7.443555,229.24,36.44,0.45,285.01,1,-66,-5,32,15,63,16,14301721,72
354.12,1544593664,6413.97,51.442783,7.443049,228.62,36.54,0.10,285.34,1,-72,-6,29,15,61,16,14301721,72
355.12,1544593665,6450.47,51.442870,7.442546,227.93,36.40,-0.14,285.69,1,-72,-6,29,15,61,16,14301721,72
356.12,1544593666,6486.87,51.442962,7.442048,227.27,36.07,-0.33,286.02,1,-79,-7,7,12,55,16,14301721,72
357.12,1544593667,6522.94,51.443053,7.441550,226.68,36.09,0.02,286.83,1,-79,-7,7,12,55,16,14301721,72
358.12,1544593668,6559.03,51.443154,7.441052,226.10,36.29,0.20,287.47,1,-77,-6,5,6,54,1,14301723,74
359.12,1544593669,6595.32,51.443253,7.440553,225.40,36.02,-0.27,287.88,1,-77,-6,5,6,54,1,14301723,74
360.12,1544593670,6631.45,51.443352,7.440069,224.45,35.45,-0.57,288.23,1,-76,-5,25,15,54,1,14301723,74
361.12,1544593671,6666.79,51.443455,7.439583,223.58,34.86,-0.59,288.49,1,-76,-5,25,15,54,1,14301723,74
362.12,1544593672,6701.58,51.443555,7.439111,222.74,34.72,-0.14,289.27,1,-75,-8,27,15,59,1,14301723,74
363.12,1544593673,6736.37,51.443665,7.438638,221.75,34.78,0.06,289.95,1,-75,-8,27,15,59,1,14301723,74
364.12,1544593674,6771.14,51.443773,7.438167,220.79,35.06,0.29,290.46,1,-71,-6,27,15,58,1,14301723,74
365.12,1544593675,6806.21,51.443882,7.437692,219.94,35.46,0.40,290.74,1,-71,-6,27,15,58,1,14301723,74
366.13,1544593676,6841.92,51.443999,7.437213,219.04,35.74,0.28,291.11,1,-76,-5,6,15,55,1,14301723,74
367.12,1544593677,6877.41,51.444115,7.436740,218.27,35.59,-0.15,291.94,1,-76,-5,6,15,55,1,14301723,74
368.12,1544593678,6913.00,51.444235,7.436272,217.55,35.42,-0.17,292.32,1,-76,-5,6,15,55,1,14301723,74
369.12,1544593679,6948.43,51.444357,7.435794,217.37,35.50,0.07,292.85,1,-81,-6,9,12,50,1,14301723,74
370.12,1544593680,6983.96,51.444484,7.435332,216.62,35.72,0.22,293.46,1,-81,-6,9,12,50,1,14301723,74
371.12,1544593681,7019.58,51.444617,7.434866,215.78,35.74,0.02,294.51,1,-83,-5,22,5,47,1,14301723,74
372.12,1544593682,7055.32,51.444756,7.434402,214.53,36.07,0.32,295.67,1,-83,-5,22,5,47,1,14301723,74
373.12,1544593683,7091.45,51.444899,7.433927,212.86,36.28,0.21,296.29,1,-85,-6,24,15,46,1,14301723,74
374.12,1544593684,7127.73,51.445050,7.433468,211.09,36.10,-0.18,297.56,1,-85,-6,24,15,46,1,14301723,74
375.12,1544593685,7163.87,51.445206,7.433011,209.11,36.00,-0.11,298.86,1,-84,-6,25,15,47,1,14301723,74
376.12,1544593686,7199.87,51.445370,7.432568,207.36,35.94,-0.05,301.01,1,-84,-6,25,15,47,1,14301723,74
377.12,1544593687,7235.78,51.445538,7.432132,205.65,35.83,-0.11,302.22,1,-87,-5,22,9,44,1,14301723,74
378.12,1544593688,7271.64,51.445712,7.431696,203.88,35.65,-0.18,303.42,1,-87,-5,22,9,44,1,14301723,74
379.12,1544593689,7307.26,51.445893,7.431284,202.21,35.17,-0.48,305.75,1,-83,-5,24,15,48,1,14301723,74
380.12,1544593690,7342.35,51.446076,7.430877,200.55,34.79,-0.38,306.38,1,-83,-5,24,15,48,1,14301723,74
381.12,1544593691,7377.11,51.446268,7.430486,199.12,34.23,-0.56,307.98,1,-82,-5,25,15,46,1,14301723,74
382.12,1544593692,7411.47,51.446465,7.430105,197.96,34.10,-0.13,309.61,1,-82,-5,25,15,46,1,14301723,74
383.12,1544593693,7445.58,51.446663,7.429743,197.10,33.99,-0.11,311.20,1,-91,-6,21,15,39,1,14301723,74
384.12,1544593694,7479.67,51.446865,7.429388,196.50,34.05,0.06,312.50,1,-91,-6,21,15,39,1,14301723,74
385.12,1544593695,7513.61,51.447073,7.429040,195.86,33.91,-0.14,313.97,1,-100,-7,14,12,32,1,14301723,74
386.12,1544593696,7547.52,51.447291,7.428693,194.74,33.55,-0.36,315.52,1,-100,-7,14,12,32,1,14301723,74
387.13,1544593697,7581.31,51.447513,7.428352,193.63,33.46,-0.09,316.65,1,-99,-6,13,10,33,1,14301723,74
388.12,1544593698,7614.54,51.447736,7.428021,192.41,33.61,0.15,317.78,1,-99,-6,13,10,33,1,14301723,74
389.12,1544593699,7648.12,51.447968,7.427695,190.79,33.72,0.11,319.03,1,-99,-6,13,10,33,1,14301723,74
390.12,1544593700,7681.91,51.448203,7.427376,189.12,33.98,0.25,320.50,1,-106,-8,6,9,27,1,14301723,74
391.12,1544593701,7715.92,51.448446,7.427066,187.23,34.06,0.09,322.11,1,-106,-8,6,9,27,1,14301723,74
392.12,1544593702,7749.95,51.448687,7.426779,185.35,34.14,0.07,323.63,1,-100,-6,6,10,31,1,14301723,74
393.12,1544593703,7784.05,51.448936,7.426500,183.70,34.17,0.03,325.03,1,-100,-6,6,10,31,1,14301723,74
394.12,1544593704,7818.29,51.449195,7.426227,181.76,34.23,0.06,326.65,1,-107,-11,5,8,30,1,14301723,74
395.12,1544593705,7852.48,51.449454,7.425967,179.87,34.35,0.12,327.98,1,-107,-11,5,8,30,1,14301723,74
396.12,1544593706,7886.87,51.449721,7.425718,178.11,34.33,-0.02,329.52,1,-107,-8,1,9,27,1,14301723,74
397.12,1544593707,7921.17,51.449993,7.425479,176.30,34.41,0.08,330.90,1,-107,-8,1,9,27,1,14301723,74
398.12,1544593708,7955.61,51.450270,7.425249,174.52,34.59,0.17,332.52,1,-88,-16,-7,6,50,15,13806082,70
399.12,1544593709,7990.16,51.450544,7.425023,172.87,34.64,0.05,333.08,1,-88,-16,-7,6,50,15,13806082,70
400.12,1544593710,8024.87,51.450823,7.424819,171.46,34.56,-0.08,335.38,1,-91,-16,-7,6,49,15,13806082,70
401.12,1544593711,8059.42,51.451105,7.424628,170.11,34.39,-0.16,337.02,1,-91,-16,-7,6,49,15,13806082,70
402.12,1544593712,8093.82,51.451381,7.424451,168.83,34.56,0.17,338.24,1,-90,-18,-8,3,51,15,13806082,70
403.13,1544593713,8128.73,51.451670,7.424281,167.34,34.86,0.30,339.68,1,-90,-18,-8,3,51,15,13806082,70
404.12,1544593714,8163.14,51.451961,7.424119,166.01,34.88,0.02,341.03,1,-87,-16,-9,4,51,15,13806082,70
405.12,1544593715,8198.06,51.452249,7.423956,164.81,34.77,-0.12,341.29,1,-87,-16,-9,4,51,15,13806082,70
406.12,1544593716,8232.82,51.452544,7.423793,163.83,35.03,0.27,341.89,1,-81,-20,-10,3,62,15,13806082,70
407.12,1544593717,8267.82,51.452853,7.423640,162.77,35.10,0.07,342.69,1,-81,-20,-10,3,62,15,13806082,70
408.12,1544593718,8303.00,51.453159,7.423493,161.87,35.15,0.05,343.29,1,-82,-13,-3,6,57,18,12897027,230
409.12,1544593719,8337.97,51.453464,7.423351,160.90,35.24,0.09,343.45,1,-82,-13,-3,6,57,18,12897027,230
410.12,1544593720,8373.21,51.453771,7.423213,159.86,35.25,0.01,343.70,1,-82,-13,-3,6,57,18,12897027,230
411.12,1544593721,8408.50,51.454068,7.423078,158.81,35.37,0.12,343.94,1,-77,-7,-4,6,57,10,13806082,70
412.12,1544593722,8444.02,51.454373,7.422941,157.70,35.49,0.12,343.82,1,-77,-7,-4,6,57,10,13806082,70
413.12,1544593723,8479.36,51.454678,7.422801,156.78,35.56,0.07,343.73,1,-75,-9,3,15,60,10,13806082,70
414.12,1544593724,8515.00,51.454987,7.422656,155.97,35.56,-0.00,343.45,1,-75,-9,3,15,60,10,13806082,70
415.12,1544593725,8550.59,51.455288,7.422503,155.02,35.34,-0.22,342.61,1,-75,-7,6,7,57,10,13806082,70
416.12,1544593726,8585.93,51.455591,7.422349,154.08,35.17,-0.17,341.94,1,-75,-7,6,7,57,10,13806082,70
417.12,1544593727,8621.06,51.455890,7.422185,153.31,35.13,-0.04,341.13,1,-72,-6,11,8,60,10,13806082,70
418.12,1544593728,8656.16,51.456190,7.422020,152.71,35.16,0.04,340.63,1,-72,-6,11,8,60,10,13806082,70
419.12,1544593729,8691.39,51.456488,7.421845,152.22,35.13,-0.04,339.68,1,-73,-6,11,9,59,10,13806082,70
420.12,1544593730,8726.42,51.456786,7.421662,151.66,35.33,0.20,338.44,1,-73,-6,11,9,59,10,13806082,70
421.12,1544593731,8761.74,51.457082,7.421477,151.10,35.58,0.26,337.56,1,-82,-9,6,9,53,10,13806082,70
422.12,1544593732,8797.33,51.457377,7.421277,150.52,35.59,0.01,336.30,1,-82,-9,6,9,53,10,13806082,70
423.12,1544593733,8833.06,51.457673,7.421074,149.97,35.70,0.11,335.39,1,-83,-14,2,4,56,10,13806082,70
424.13,1544593734,8868.83,51.457962,7.420858,149.66,35.81,0.11,334.43,1,-83,-14,2,4,56,10,13806082,70
425.12,1544593735,8904.53,51.458253,7.420626,149.42,36.01,0.20,333.26,1,-80,-7,2,10,53,20,12897027,230
426.12,1544593736,8940.53,51.458542,7.420386,149.14,36.18,0.17,332.25,1,-80,-7,2,10,53,20,12897027,230
427.13,1544593737,8977.00,51.458836,7.420139,148.79,36.28,0.10,331.30,1,-83,-9,0,8,52,20,12897027,230
428.12,1544593738,9012.99,51.459121,7.419878,148.67,36.33,0.06,330.42,1,-83,-9,0,8,52,20,12897027,230
429.12,1544593739,9049.33,51.459409,7.419614,148.54,36.44,0.10,329.54,1,-83,-9,0,8,52,20,12897027,230
430.12,1544593740,9085.80,51.459688,7.419338,148.40,36.52,0.08,328.09,1,-78,-10,0,11,59,20,12897027,230
431.12,1544593741,9122.32,51.459963,7.419052,148.26,36.61,0.09,326.89,1,-78,-10,0,11,59,20,12897027,230
432.12,1544593742,9158.92,51.460233,7.418758,148.38,36.79,0.18,325.77,1,-85,-15,-2,6,57,7,13806081,69
433.13,1544593743,9195.82,51.460504,7.418463,148.50,36.82,0.03,324.88,1,-85,-15,-2,6,57,7,13806081,69
434.12,1544593744,9232.53,51.460770,7.418152,148.59,36.92,0.10,323.67,1,-81,-12,2,10,57,7,13806081,69
435.12,1544593745,9269.41,51.461039,7.417837,148.68,37.00,0.09,322.80,1,-81,-12,2,10,57,7,13806081,69
436.12,1544593746,9306.33,51.461302,7.417507,148.74,37.26,0.26,321.83,1,-76,-7,8,6,56,7,13806081,69
437.12,1544593747,9343.60,51.461561,7.417168,148.80,37.28,0.02,320.47,1,-76,-7,8,6,56,7,13806081,69
438.12,1544593748,9380.87,51.461821,7.416824,148.82,37.39,0.11,319.77,1,-72,-6,20,15,60,7,13806081,69
439.13,1544593749,9418.75,51.462074,7.416473,148.84,37.55,0.16,318.81,1,-72,-6,20,15,60,7,13806081,69
440.12,1544593750,9455.81,51.462330,7.416115,148.90,37.82,0.27,318.15,1,-76,-5,17,15,54,7,13806081,69
441.12,1544593751,9493.63,51.462573,7.415745,149.08,37.75,-0.06,316.21,1,-76,-5,17,15,54,7,13806081,69
442.12,1544593752,9531.31,51.462818,7.415369,149.41,37.95,0.19,315.47,1,-79,-5,13,15,52,7,13806081,69
443.12,1544593753,9569.33,51.463059,7.414981,149.78,38.14,0.20,314.72,1,-79,-5,13,15,52,7,13806081,69
444.12,1544593754,9607.48,51.463293,7.414583,150.07,38.15,0.00,313.27,1,-81,-6,21,9,50,7,13806081,69
445.12,1544593755,9645.62,51.463524,7.414178,150.29,38.24,0.09,312.11,1,-81,-6,21,9,50,7,13806081,69
446.12,1544593756,9683.94,51.463755,7.413772,150.59,38.37,0.14,311.34,1,-84,-8,14,5,50,7,13806081,69
447.12,1544593757,9722.27,51.463981,7.413353,150.90,38.47,0.09,310.52,1,-84,-8,14,5,50,7,13806081,69
448.13,1544593758,9761.08,51.464207,7.412931,151.16,38.53,0.06,309.77,1,-90,-8,2,8,44,7,13806081,69
449.18,1544593759,9801.65,51.464424,7.412505,151.28,38.66,0.12,309.13,1,-90,-8,2,8,44,7,13806081,69
450.12,1544593760,9837.95,51.464642,7.412076,151.37,38.83,0.18,308.55,1,-90,-8,2,8,44,7,13806081,69
451.12,1544593761,9876.58,51.464857,7.411637,151.48,38.96,0.14,308.12,1,-89,-7,8,6,44,7,13806081,69
452.12,1544593762,9915.70,51.465074,7.411194,151.57,39.06,0.10,308.12,1,-89,-7,8,6,44,7,13806081,69
453.12,1544593763,9954.88,51.465294,7.410743,151.95,38.93,-0.13,308.09,1,-94,-14,4,5,44,7,13806081,69
454.13,1544593764,9993.92,51.465509,7.410305,152.46,38.22,-0.71,308.15,1,-94,-14,4,5,44,7,13806081,69
455.13,1544593765,10032.07,51.465723,7.409866,152.98,38.14,-0.08,308.09,1,-97,-15,-3,5,44,37,12896771,376
456.13,1544593766,10070.21,51.465934,7.409435,153.45,38.11,-0.03,308.14,1,-97,-15,-3,5,44,37,12896771,376
457.12,1544593767,10108.25,51.466145,7.409006,153.94,38.09,-0.02,308.06,1,-87,-8,-7,6,46,30,13884419,386
458.12,1544593768,10146.34,51.466355,7.408578,154.43,37.53,-0.56,308.32,1,-87,-8,-7,6,46,30,13884419,386
459.12,1544593769,10183.86,51.466562,7.408157,154.90,36.91,-0.62,308.63,1,-95,-17,-2,4,46,30,13884419,386
460.12,1544593770,10220.77,51.466765,7.407742,155.22,36.62,-0.29,308.95,1,-95,-17,-2,4,46,30,13884419,386
461.13,1544593771,10257.54,51.466972,7.407333,155.48,36.49,-0.14,309.12,1,-95,-15,-5,5,45,30,13884419,386
462.12,1544593772,10293.92,51.467179,7.406926,155.72,36.49,0.00,309.36,1,-95,-15,-5,5,45,30,13884419,386
463.13,1544593773,10330.48,51.467388,7.406519,156.02,36.64,0.15,309.99,1,-88,-13,-2,8,50,30,13884419,386
464.12,1544593774,10366.94,51.467607,7.406118,156.10,36.76,0.12,310.40,1,-88,-13,-2,8,50,30,13884419,386
465.12,1544593775,10403.77,51.467827,7.405713,156.18,37.03,0.27,310.74,1,-92,-14,-2,7,47,30,13884419,386
466.12,1544593776,10440.80,51.468041,7.405312,156.56,37.21,0.18,311.05,1,-92,-14,-2,7,47,30,13884419,386
467.13,1544593777,10478.08,51.468269,7.404906,156.70,37.60,0.39,311.66,1,-99,-17,-7,4,44,30,13884419,386
468.13,1544593778,10515.68,51.468491,7.404505,157.26,37.73,0.13,311.99,1,-99,-17,-7,4,44,30,13884419,386
469.13,1544593779,10553.75,51.468713,7.404106,158.43,37.92,0.19,312.39,1,-100,-15,-5,6,41,30,13884419,386
470.13,1544593780,10591.33,51.468946,7.403702,159.68,38.18,0.26,312.90,1,-100,-15,-5,6,41,30,13884419,386
471.12,1544593781,10629.35,51.469183,7.403297,160.93,38.62,0.44,313.29,1,-100,-15,-5,6,41,30,13884419,386
472.12,1544593782,10668.09,51.469416,7.402898,161.96,38.84,0.22,313.58,1,-100,-16,-4,5,41,30,13884419,386
473.13,1544593783,10706.96,51.469669,7.402489,162.83,39.18,0.34,314.14,1,-100,-16,-4,5,41,30,13884419,386
474.13,1544593784,10746.38,51.469919,7.402085,163.45,39.16,-0.02,314.57,1,-97,-15,-5,5,44,30,13884419,386
475.13,1544593785,10785.35,51.470170,7.401689,164.07,38.32,-0.85,315.21,1,-97,-15,-5,5,44,30,13884419,386
476.12,1544593786,10823.51,51.470412,7.401306,164.53,37.28,-1.05,315.72,1,-95,-12,-2,8,44,30,13884419,386
477.12,1544593787,10860.79,51.470648,7.400936,164.90,36.46,-0.81,316.16,1,-95,-12,-2,8,44,30,13884419,386
478.12,1544593788,10897.25,51.470884,7.400582,165.20,35.25,-1.21,316.37,1,-105,-16,-3,4,36,41,13507073,386
479.12,1544593789,10932.54,51.471113,7.400239,165.53,34.44,-0.81,317.13,1,-105,-16,-3,4,36,41,13507073,386
480.13,1544593790,10967.04,51.471338,7.399910,165.91,33.26,-1.18,317.55,1,-97,-13,-4,7,40,41,13507073,57
481.12,1544593791,11000.27,51.471564,7.399585,166.08,32.81,-0.45,318.38,1,-97,-13,-4,7,40,41,13507073,57
482.12,1544593792,11032.98,51.471786,7.399283,166.05,32.42,-0.39,319.62,1,-104,-15,-3,4,37,41,13507073,57
483.12,1544593793,11065.36,51.472005,7.398990,165.95,31.77,-0.65,320.39,1,-104,-15,-3,4,37,41,13507073,57
484.12,1544593794,11097.16,51.472222,7.398699,165.79,31.04,-0.73,320.15,1,-109,-16,-13,4,32,41,13507073,57
485.12,1544593795,11128.20,51.472438,7.398412,165.71,30.71,-0.32,320.08,1,-109,-16,-13,4,32,41,13507073,57
486.12,1544593796,11158.97,51.472649,7.398130,165.75,30.72,0.01,319.88,1,-108,-16,-16,2,35,37,13507073,57
487.12,1544593797,11189.58,51.472859,7.397849,165.85,30.40,-0.32,320.14,1,-108,-16,-16,2,35,37,13507073,57
488.12,1544593798,11220.07,51.473064,7.397574,166.02,29.75,-0.65,320.35,1,-109,-16,-6,5,34,37,13507073,57
489.12,1544593799,11249.88,51.473267,7.397303,166.32,29.08,-0.67,320.45,1,-109,-16,-6,5,34,37,13507073,57
490.13,1544593800,11279.22,51.473469,7.397045,166.61,28.38,-0.70,321.11,1,-111,-17,-8,4,32,37,13507073,57
491.13,1544593801,11307.37,51.473665,7.396791,166.77,28.18,-0.20,321.76,1,-111,-17,-8,4,32,37,13507073,57
492.12,1544593802,11335.52,51.473860,7.396542,167.06,27.86,-0.32,321.87,1,-111,-17,-8,4,32,37,13507073,57
493.12,1544593803,11363.38,51.474057,7.396304,167.55,27.28,-0.58,322.89,1,-108,-18,-13,1,36,37,13507073,57
494.12,1544593804,11390.66,51.474250,7.396068,167.97,26.97,-0.31,323.11,1,-108,-18,-13,1,36,37,13507073,57
495.13,1544593805,11417.66,51.474442,7.395836,168.49,26.71,-0.27,323.39,1,-106,-15,-7,5,35,37,13507073,57
496.12,1544593806,11444.28,51.474633,7.395612,168.94,26.21,-0.50,324.20,1,-106,-15,-7,5,35,37,13507073,57
497.13,1544593807,11470.73,51.474820,7.395394,169.46,25.56,-0.64,324.72,1,-106,-16,-6,4,35,37,13507073,57
498.13,1544593808,11496.14,51.475010,7.395194,169.88,24.93,-0.63,326.89,1,-106,-16,-6,4,35,37,13507073,57
499.12,1544593809,11521.05,51.475196,7.395009,170.11,24.37,-0.57,328.29,1,-102,-12,-8,6,35,38,13565441,431
500.12,1544593810,11545.39,51.475379,7.394824,170.29,23.91,-0.46,328.54,1,-102,-12,-8,6,35,38,13565441,431
501.12,1544593811,11569.25,51.475557,7.394649,170.52,23.40,-0.51,328.91,1,-104,-15,-4,5,35,38,13565441,431
502.12,1544593812,11592.68,51.475743,7.394488,170.40,23.56,0.16,333.02,1,-104,-15,-4,5,35,38,13565441,431
503.12,1544593813,11616.24,51.475923,7.394320,170.43,23.22,-0.35,330.58,1,-105,-16,-5,4,35,38,13565441,431
504.12,1544593814,11639.46,51.476101,7.394157,170.65,22.93,-0.29,331.32,1,-105,-16,-5,4,35,38,13565441,431
505.12,1544593815,11662.38,51.476282,7.394003,170.83,22.68,-0.25,332.64,1,-105,-16,-7,5,35,38,13565441,431
506.12,1544593816,11685.04,51.476461,7.393853,171.06,22.47,-0.21,333.47,1,-105,-16,-7,5,35,38,13565441,431
507.12,1544593817,11707.50,51.476641,7.393716,171.30,21.77,-0.69,334.65,1,-105,-17,-9,4,38,38,13565441,431
508.12,1544593818,11729.30,51.476816,7.393584,171.55,21.28,-0.49,335.11,1,-105,-17,-9,4,38,38,13565441,431
509.12,1544593819,11750.58,51.476985,7.393457,171.70,20.58,-0.70,335.54,1,-103,-15,-6,5,37,38,13565441,431
510.12,1544593820,11771.15,51.477152,7.393347,171.86,20.04,-0.53,337.15,1,-103,-15,-6,5,37,38,13565441,431
511.13,1544593821,11791.36,51.477319,7.393248,171.98,19.39,-0.65,339.61,1,-104,-15,-5,5,37,38,13565441,431
512.12,1544593822,11810.61,51.477482,7.393158,172.05,18.83,-0.57,340.99,1,-104,-15,-5,5,37,38,13565441,431
513.12,1544593823,11829.40,51.477636,7.393087,172.34,18.22,-0.61,343.53,1,-104,-15,-5,5,37,38,13565441,431
514.12,1544593824,11847.62,51.477796,7.393033,172.54,17.79,-0.43,347.25,1,-101,-14,-5,5,38,38,13565441,431
515.12,1544593825,11865.41,51.477956,7.393039,172.71,17.42,-0.37,0.68,1,-101,-14,-5,5,38,38,13565441,431
516.12,1544593826,11882.80,51.478116,7.393055,172.81,16.90,-0.52,3.29,1,-103,-15,-5,5,37,38,13565441,431
517.12,1544593827,11899.72,51.478273,7.393090,172.77,16.73,-0.17,6.80,1,-103,-15,-5,5,37,38,13565441,431
518.12,1544593828,11916.45,51.478418,7.393140,172.88,16.59,-0.14,10.85,1,-103,-16,-6,4,38,38,13565441,431
519.12,1544593829,11933.04,51.478544,7.393254,173.44,15.89,-0.70,28.69,1,-103,-16,-6,4,38,38,13565441,431
520.12,1544593830,11948.94,51.478664,7.393366,174.10,15.62,-0.27,29.75,1,-103,-17,-9,1,40,38,13565441,431
521.12,1544593831,11964.56,51.478785,7.393481,174.83,14.94,-0.68,30.25,1,-103,-17,-9,1,40,38,13565441,431
522.12,1544593832,11979.52,51.478911,7.393600,175.42,14.29,-0.65,31.11,1,-98,-20,-13,1,47,38,13565441,431
523.13,1544593833,11993.92,51.479020,7.393706,176.26,13.24,-1.04,29.50,1,-98,-20,-13,1,47,38,13565441,431
524.12,1544593834,12007.01,51.479129,7.393800,177.02,11.75,-1.51,26.47,1,-83,-10,12,6,53,10,13884163,392
525.12,1544593835,12018.76,51.479235,7.393840,177.86,11.91,0.16,9.10,1,-83,-10,12,6,53,10,13884163,392
526.12,1544593836,12030.68,51.479337,7.393866,178.95,12.06,0.15,5.89,1,-82,-10,14,11,54,10,13884163,392
527.12,1544593837,12042.75,51.479423,7.393835,180.13,11.68,-0.38,346.76,1,-82,-10,14,11,54,10,13884163,392
528.12,1544593838,12054.44,51.479517,7.393799,180.77,11.47,-0.21,344.32,1,-80,-9,15,12,55,10,13884163,392
529.12,1544593839,12065.89,51.479606,7.393752,180.93,11.64,0.17,341.08,1,-80,-9,15,12,55,10,13884163,392
530.12,1544593840,12077.54,51.479691,7.393698,181.03,10.88,-0.75,338.60,1,-80,-8,16,15,53,10,13884163,392
531.12,1544593841,12088.41,51.479778,7.393638,181.03,10.41,-0.47,337.07,1,-80,-8,16,15,53,10,13884163,392
532.13,1544593842,12098.90,51.479867,7.393575,180.85,10.13,-0.28,336.55,1,-75,-6,16,10,55,10,13884163,392
533.12,1544593843,12108.96,51.479949,7.393515,180.80,9.90,-0.23,337.47,1,-75,-6,16,10,55,10,13884163,392
534.12,1544593844,12118.89,51.480024,7.393465,181.01,9.29,-0.62,341.03,1,-75,-6,16,10,55,10,13884163,392
535.12,1544593845,12128.16,51.480094,7.393457,181.79,8.91,-0.38,1.30,1,-81,-7,15,11,52,10,13884163,392
536.12,1544593846,12137.09,51.480177,7.393495,182.48,9.26,0.35,18.03,1,-81,-7,15,11,52,10,13884163,392
537.12,1544593847,12146.33,51.480251,7.393569,183.20,9.95,0.69,36.46,1,-81,-6,15,12,50,10,13884163,392
538.12,1544593848,12156.29,51.480306,7.393662,184.27,10.84,0.89,51.93,1,-81,-6,15,12,50,10,13884163,392
539.16,1544593849,12167.53,51.480365,7.393785,185.14,11.94,1.06,54.56,1,-85,-6,14,11,47,10,13884163,392
540.12,1544593850,12178.99,51.480433,7.393944,186.07,13.20,1.31,55.94,1,-85,-6,14,11,47,10,13884163,392
541.12,1544593851,12192.20,51.480500,7.394099,187.15,14.34,1.14,56.44,1,-86,-8,10,9,48,10,13884163,392
542.12,1544593852,12206.57,51.480571,7.394270,188.64,15.42,1.08,56.60,1,-86,-8,10,9,48,10,13884163,392
543.12,1544593853,12222.00,51.480647,7.394461,190.38,16.08,0.66,56.95,1,-80,-6,10,10,50,10,13884163,392
544.12,1544593854,12238.08,51.480727,7.394663,192.18,16.55,0.47,57.45,1,-80,-6,10,10,50,10,13884163,392
545.12,1544593855,12254.63,51.480809,7.394871,193.73,16.92,0.37,57.89,1,-81,-7,11,10,50,10,13884163,392
546.12,1544593856,12271.54,51.480888,7.395086,194.97,17.20,0.28,58.51,1,-81,-7,11,10,50,10,13884163,392
547.12,1544593857,12288.74,51.480972,7.395307,195.60,17.32,0.12,58.90,1,-84,-7,22,6,49,10,13884163,392
548.12,1544593858,12306.04,51.481056,7.395523,195.78,17.31,-0.01,59.27,1,-84,-7,22,6,49,10,13884163,392
549.12,1544593859,12323.39,51.481130,7.395734,196.10,17.32,0.01,60.03,1,-82,-9,17,7,53,10,13884163,392
550.12,1544593860,12340.69,51.481209,7.395953,196.30,17.30,-0.02,60.03,1,-82,-9,17,7,53,10,13884163,392
551.12,1544593861,12357.96,51.481284,7.396165,196.60,17.02,-0.29,60.04,1,-86,-12,7,10,51,10,13884163,392
552.12,1544593862,12374.98,51.481360,7.396379,196.81,16.70,-0.32,59.68,1,-86,-12,7,10,51,10,13884163,392
553.13,1544593863,12391.90,51.481433,7.396584,197.13,16.47,-0.22,59.29,1,-91,-12,4,6,47,10,13884163,392
554.14,1544593864,12408.46,51.481509,7.396789,197.17,16.27,-0.20,58.67,1,-91,-12,4,6,47,10,13884163,392
555.12,1544593865,12424.49,51.481585,7.396989,196.86,16.06,-0.21,58.23,1,-91,-12,4,6,47,10,13884163,392
556.13,1544593866,12440.60,51.481664,7.397183,196.24,15.66,-0.40,57.45,1,-95,-15,2,5,45,10,13884163,392
557.12,1544593867,12456.24,51.481740,7.397369,195.43,15.35,-0.31,56.67,1,-95,-15,2,5,45,10,13884163,392
558.12,1544593868,12471.54,51.481816,7.397542,194.74,14.82,-0.53,55.81,1,-90,-9,9,9,45,10,13884163,392
559.12,1544593869,12486.37,51.481891,7.397711,194.16,14.47,-0.35,54.82,1,-90,-9,9,9,45,10,13884163,392
560.12,1544593870,12500.84,51.481971,7.397877,193.74,14.64,0.17,53.57,1,-89,-10,7,9,46,10,13884163,392
561.13,1544593871,12515.54,51.482052,7.398041,193.56,14.44,-0.20,52.28,1,-89,-10,7,9,46,10,13884163,392
562.12,1544593872,12529.88,51.482134,7.398197,193.54,14.18,-0.26,50.96,1,-86,-10,8,9,50,10,13884163,392
563.12,1544593873,12544.07,51.482217,7.398343,193.70,13.87,-0.31,49.15,1,-86,-10,8,9,50,10,13884163,392
564.12,1544593874,12557.99,51.482302,7.398479,194.03,13.61,-0.26,46.83,1,-82,-10,6,10,54,10,13884163,392
565.12,1544593875,12571.59,51.482391,7.398610,194.51,13.47,-0.14,44.40,1,-82,-10,6,10,54,10,13884163,392
566.12,1544593876,12585.07,51.482485,7.398735,194.77,13.13,-0.34,42.15,1,-91,-12,1,6,47,10,13884163,392
567.12,1544593877,12598.20,51.482579,7.398853,194.76,12.86,-0.27,40.35,1,-91,-12,1,6,47,10,13884163,392
568.12,1544593878,12611.06,51.482666,7.398955,194.78,12.47,-0.39,38.91,1,-84,-7,2,6,49,8,13884162,52
569.18,1544593879,12624.20,51.482766,7.399066,194.59,12.69,0.21,37.37,1,-84,-7,2,6,49,8,13884162,52
570.12,1544593880,12636.22,51.482866,7.399173,194.37,13.00,0.33,36.34,1,-77,-7,13,10,56,8,13884162,52
571.12,1544593881,12649.18,51.482967,7.399286,193.81,14.03,1.04,35.49,1,-77,-7,13,10,56,8,13884162,52
572.12,1544593882,12663.21,51.483068,7.399389,193.45,14.23,0.20,34.79,1,-79,-8,12,6,55,8,13884162,52
573.12,1544593883,12677.45,51.483179,7.399500,193.30,14.48,0.25,33.84,1,-79,-8,12,6,55,8,13884162,52
574.12,1544593884,12691.99,51.483293,7.399614,193.41,14.50,0.02,34.03,1,-82,-11,11,7,54,8,13884162,52
575.12,1544593885,12706.43,51.483412,7.399736,193.67,14.69,0.19,34.18,1,-82,-11,11,7,54,8,13884162,52
576.12,1544593886,12721.15,51.483521,7.399847,193.95,15.08,0.39,34.51,1,-82,-11,11,7,54,8,13884162,52
577.12,1544593887,12736.22,51.483638,7.399968,194.12,15.25,0.17,35.29,1,-85,-6,11,9,48,8,13884162,52
578.12,1544593888,12751.47,51.483762,7.400099,194.51,15.79,0.54,35.64,1,-85,-6,11,9,48,8,13884162,52
579.12,1544593889,12767.24,51.483878,7.400230,194.72,16.05,0.26,36.49,1,-78,-5,12,8,54,8,13884162,52
580.12,1544593890,12783.31,51.483993,7.400363,194.47,15.88,-0.17,36.95,1,-78,-5,12,8,54,8,13884162,52
581.12,1544593891,12799.16,51.484103,7.400500,194.09,15.71,-0.17,37.66,1,-82,-7,10,8,51,8,13884162,52
582.12,1544593892,12814.87,51.484216,7.400640,193.83,15.39,-0.31,38.33,1,-82,-7,10,8,51,8,13884162,52
583.12,1544593893,12830.26,51.484321,7.400777,193.30,15.32,-0.08,39.15,1,-86,-9,9,5,49,8,13884162,52
584.12,1544593894,12845.62,51.484428,7.400919,192.75,15.36,0.04,39.75,1,-86,-9,9,5,49,8,13884162,52
585.12,1544593895,12860.96,51.484533,7.401066,192.07,15.21,-0.15,40.41,1,-83,-6,12,10,49,8,13884162,52
586.12,1544593896,12876.18,51.484636,7.401209,191.49,14.99,-0.22,41.34,1,-83,-6,12,10,49,8,13884162,52
587.12,1544593897,12891.18,51.484733,7.401355,191.18,14.97,-0.02,42.13,1,-84,-6,10,5,48,8,13884162,52
588.12,1544593898,12906.15,51.484833,7.401507,191.13,14.69,-0.27,42.51,1,-84,-6,10,5,48,8,13884162,52
589.15,1544593899,12921.31,51.484932,7.401655,191.02,14.57,-0.12,42.07,1,-84,-6,13,10,48,8,13884162,52
590.12,1544593900,12935.40,51.485028,7.401801,190.85,14.45,-0.13,41.97,1,-84,-6,13,10,48,8,13884162,52
591.12,1544593901,12949.82,51.485118,7.401933,190.86,14.25,-0.20,42.87,1,-83,-9,12,9,52,8,13884162,52
592.12,1544593902,12964.10,51.485210,7.402080,190.88,13.96,-0.29,44.13,1,-83,-9,12,9,52,8,13884162,52
593.12,1544593903,12978.05,51.485295,7.402227,191.06,13.62,-0.34,45.55,1,-80,-7,13,15,53,8,13884162,52
594.12,1544593904,12991.69,51.485370,7.402359,191.59,12.26,-1.36,46.59,1,-80,-7,13,15,53,8,13884162,52
595.13,1544593905,13004.03,51.485436,7.402481,192.03,11.12,-1.13,47.62,1,-83,-6,15,11,48,8,13884162,52
596.12,1544593906,13015.05,51.485498,7.402597,192.34,9.54,-1.59,48.62,1,-83,-6,15,11,48,8,13884162,52
597.12,1544593907,13024.60,51.485547,7.402691,192.52,8.01,-1.54,48.90,1,-83,-6,15,11,48,8,13884162,52
598.12,1544593908,13032.60,51.485603,7.402781,192.64,7.42,-0.59,45.71,1,-78,-5,18,14,54,8,13884162,52
599.15,1544593909,13040.21,51.485668,7.402807,193.06,7.17,-0.24,9.41,1,-78,-5,18,14,54,8,13884162,52
600.12,1544593910,13047.21,51.485735,7.402796,193.07,7.30,0.13,343.44,1,-83,-6,19,11,49,8,13884162,52
601.12,1544593911,13054.49,51.485796,7.402745,193.05,8.48,1.18,330.07,1,-83,-6,19,11,49,8,13884162,52
602.12,1544593912,13062.97,51.485849,7.402684,192.53,9.14,0.67,327.24,1,-84,-7,14,10,49,8,13884162,52
603.12,1544593913,13072.10,51.485913,7.402606,191.64,9.97,0.83,325.35,1,-84,-7,14,10,49,8,13884162,52
604.12,1544593914,13082.12,51.485980,7.402524,190.88,10.84,0.86,324.77,1,-86,-6,12,10,47,8,13884162,52
605.12,1544593915,13092.95,51.486061,7.402429,189.69,11.54,0.71,325.16,1,-86,-6,12,10,47,8,13884162,52
606.12,1544593916,13104.48,51.486151,7.402327,188.38,12.12,0.58,326.55,1,-83,-6,10,9,48,8,13884162,52
607.12,1544593917,13116.61,51.486246,7.402226,186.98,11.70,-0.42,327.55,1,-83,-6,10,9,48,8,13884162,52
608.12,1544593918,13128.31,51.486341,7.402129,185.76,11.85,0.15,329.33,1,-83,-5,10,5,48,8,13884162,52
609.16,1544593919,13140.60,51.486439,7.402041,184.94,12.42,0.55,331.41,1,-83,-5,10,5,48,8,13884162,52
610.12,1544593920,13152.53,51.486551,7.401958,184.56,12.84,0.43,333.92,1,-88,-7,4,6,45,8,13884162,52
611.12,1544593921,13165.36,51.486655,7.401893,184.22,13.05,0.21,337.01,1,-88,-7,4,6,45,8,13884162,52
612.12,1544593922,13178.49,51.486756,7.401849,183.90,13.58,0.52,339.49,1,-93,-14,1,4,45,8,13884162,52
613.12,1544593923,13192.07,51.486874,7.401801,183.25,13.62,0.04,342.19,1,-93,-14,1,4,45,8,13884162,52
614.13,1544593924,13205.70,51.487004,7.401754,182.62,13.65,0.03,344.99,1,-95,-14,-2,4,45,8,13884162,52
615.13,1544593925,13219.35,51.487134,7.401722,182.18,13.89,0.24,347.86,1,-95,-14,-2,4,45,8,13884162,52
616.13,1544593926,13233.37,51.487262,7.401697,181.93,14.43,0.53,350.54,1,-94,-14,-2,6,44,8,13884162,52
617.13,1544593927,13247.77,51.487390,7.401681,181.69,14.73,0.31,352.71,1,-94,-14,-2,6,44,8,13884162,52
618.12,1544593928,13262.38,51.487514,7.401679,181.73,14.63,-0.10,354.82,1,-94,-14,-2,6,44,8,13884162,52
619.12,1544593929,13277.00,51.487643,7.401678,181.59,14.66,0.03,356.37,1,-93,-13,-1,6,44,8,13884162,52
620.12,1544593930,13291.67,51.487778,7.401683,181.34,14.84,0.18,357.62,1,-93,-13,-1,6,44,8,13884162,52
621.12,1544593931,13306.49,51.487916,7.401684,181.04,14.78,-0.06,358.61,1,-94,-10,1,8,43,8,13884162,52
622.12,1544593932,13321.27,51.488047,7.401691,180.85,14.67,-0.11,359.36,1,-94,-10,1,8,43,8,13884162,52
623.12,1544593933,13335.96,51.488178,7.401700,180.66,14.65,-0.02,359.81,1,-99,-14,2,5,40,8,13884162,52
624.12,1544593934,13350.62,51.488312,7.401710,180.33,14.60,-0.05,0.19,1,-99,-14,2,5,40,8,13884162,52
625.12,1544593935,13365.21,51.488441,7.401717,180.07,14.45,-0.15,0.81,1,-101,-12,-3,4,38,8,13884162,52
626.12,1544593936,13379.66,51.488564,7.401720,179.51,14.11,-0.34,0.29,1,-101,-12,-3,4,38,8,13884162,52
627.12,1544593937,13393.78,51.488687,7.401720,178.89,13.81,-0.30,359.76,1,-104,-13,-3,4,35,8,13884162,52
628.12,1544593938,13407.59,51.488808,7.401723,178.33,13.69,-0.12,0.40,1,-104,-13,-3,4,35,8,13884162,52
629.12,1544593939,13421.27,51.488924,7.401724,177.70,12.24,-1.46,359.68,1,-106,-15,-1,2,35,8,13884162,52
630.12,1544593940,13433.52,51.489029,7.401724,176.97,10.52,-1.72,359.73,1,-106,-15,-1,2,35,8,13884162,52
631.12,1544593941,13444.00,51.489115,7.401726,176.21,8.25,-2.28,0.57,1,-106,-14,-4,3,34,8,13884162,52
632.12,1544593942,13452.28,51.489180,7.401727,175.51,6.18,-2.05,1.48,1,-106,-14,-4,3,34,8,13884162,52
633.12,1544593943,13458.47,51.489234,7.401730,174.93,4.90,-1.28,1.50,1,-103,-18,-10,1,41,8,13884162,52
634.12,1544593944,13463.37,51.489261,7.401734,174.91,2.59,-2.31,1.95,1,-103,-18,-10,1,41,8,13884162,52
635.13,1544593945,13465.97,51.489261,7.401734,174.91,0.00,-2.59,1.95,1,-108,-19,-10,1,37,8,13884162,52
636.13,1544593946,13465.97,51.489261,7.401734,174.91,0.00,0.00,1.95,1,-108,-19,-10,1,37,8,13884162,52
637.13,1544593947,13465.97,51.489261,7.401734,174.92,0.00,0.00,1.95,1,-104,-20,-9,1,41,8,13884162,52
638.13,1544593948,13465.97,51.489261,7.401734,174.92,0.00,0.00,1.95,1,-104,-20,-9,1,41,8,13884162,52
639.13,1544593949,13465.97,51.489261,7.401734,174.91,0.00,0.00,1.95,1,-104,-20,-9,1,41,8,13884162,52
640.13,1544593950,13465.97,51.489261,7.401734,174.91,0.00,0.00,1.95,1,-87,-10,10,2,51,4,13828121,450
641.13,1544593951,13465.97,51.489261,7.401734,174.91,0.00,0.00,1.95,1,-87,-10,10,2,51,4,13828121,450
642.12,1544593952,13465.97,51.489261,7.401734,174.91,0.00,0.00,1.95,1,-86,-12,6,10,50,4,13828121,450
643.12,1544593953,13465.97,51.489261,7.401734,174.91,0.00,0.00,1.95,1,-86,-12,6,10,50,4,13828121,450
644.12,1544593954,13465.97,51.489261,7.401734,174.91,0.00,0.00,1.95,1,-86,-12,8,9,50,4,13828121,450
645.12,1544593955,13465.97,51.489261,7.401734,174.91,0.00,0.00,1.95,1,-86,-12,8,9,50,4,13828121,450
646.12,1544593956,13465.97,51.489261,7.401734,174.92,0.00,0.00,1.95,1,-85,-9,9,9,48,4,13828121,450
647.12,1544593957,13465.97,51.489261,7.401734,174.93,0.00,0.00,1.95,1,-85,-9,9,9,48,4,13828121,450
648.12,1544593958,13465.97,51.489261,7.401734,174.94,0.00,0.00,1.95,1,-86,-10,14,15,48,4,13828121,450
649.12,1544593959,13465.97,51.489261,7.401734,174.95,0.00,0.00,1.95,1,-86,-10,14,15,48,4,13828121,450
650.12,1544593960,13465.97,51.489261,7.401734,174.96,0.00,0.00,1.95,1,-86,-9,14,11,47,4,13828121,450
651.12,1544593961,13465.97,51.489261,7.401734,174.98,0.00,0.00,1.95,1,-86,-9,14,11,47,4,13828121,450
652.12,1544593962,13465.97,51.489261,7.401734,175.00,0.00,0.00,1.95,1,-86,-9,12,9,47,4,13828121,450
653.12,1544593963,13465.97,51.489261,7.401734,175.02,0.00,0.00,1.95,1,-86,-9,12,9,47,4,13828121,450
654.13,1544593964,13465.97,51.489261,7.401734,175.04,0.00,0.00,1.95,1,-86,-10,9,11,47,4,13828121,450
655.12,1544593965,13465.97,51.489261,7.401734,175.06,0.00,0.00,1.95,1,-86,-10,9,11,47,4,13828121,450
656.12,1544593966,13465.97,51.489261,7.401734,175.09,0.00,0.00,1.95,1,-86,-9,10,9,47,4,13828121,450
657.12,1544593967,13465.97,51.489261,7.401734,175.10,0.00,0.00,1.95,1,-86,-9,10,9,47,4,13828121,450
658.12,1544593968,13465.97,51.489261,7.401734,175.12,0.00,0.00,1.95,1,-86,-12,3,9,50,4,13828121,450
659.12,1544593969,13465.97,51.489261,7.401734,175.13,0.00,0.00,1.95,1,-86,-12,3,9,50,4,13828121,450
660.13,1544593970,13465.97,51.489261,7.401734,175.16,0.00,0.00,1.95,1,-86,-12,8,9,51,4,13828121,450
661.12,1544593971,13465.97,51.489261,7.401734,175.18,0.00,0.00,1.95,1,-86,-12,8,9,51,4,13828121,450
662.12,1544593972,13465.97,51.489261,7.401734,175.20,0.00,0.00,1.95,1,-86,-12,8,9,51,4,13828121,450
663.12,1544593973,13465.97,51.489261,7.401734,175.23,0.00,0.00,1.95,1,-83,-13,2,7,52,3,13828123,451
664.12,1544593974,13465.97,51.489261,7.401734,175.25,0.00,0.00,1.95,1,-83,-13,2,7,52,3,13828123,451
665.12,1544593975,13465.97,51.489261,7.401734,175.28,0.00,0.00,1.95,1,-83,-13,-3,8,51,3,13828123,451
666.12,1544593976,13465.97,51.489261,7.401734,175.56,0.00,0.00,10.04,1,-83,-13,-3,8,51,3,13828123,451
667.12,1544593977,13465.97,51.489334,7.401756,175.83,0.00,0.00,7.74,1,-83,-12,1,11,55,3,13828123,451
668.12,1544593978,13465.97,51.489392,7.401793,178.46,5.10,0.00,22.82,1,-83,-12,1,11,55,3,13828123,451
669.12,1544593979,13471.07,51.489443,7.401828,180.34,5.18,0.08,23.45,1,-88,-12,14,8,50,3,13828123,451
670.12,1544593980,13476.24,51.489467,7.401955,181.53,7.67,2.50,77.81,1,-88,-12,14,8,50,3,13828123,451
671.12,1544593981,13483.91,51.489477,7.402079,182.37,8.97,1.30,81.23,1,-83,-14,-3,9,58,3,13828123,451
672.12,1544593982,13492.89,51.489482,7.402216,182.69,10.16,1.19,84.05,1,-83,-14,-3,9,58,3,13828123,451
673.12,1544593983,13503.08,51.489486,7.402382,183.33,11.13,0.96,86.40,1,-87,-12,1,7,52,3,13828123,451
674.12,1544593984,13514.20,51.489487,7.402557,184.14,11.99,0.86,87.86,1,-87,-12,1,7,52,3,13828123,451
675.12,1544593985,13526.19,51.489484,7.402740,184.99,12.86,0.87,88.91,1,-89,-10,4,9,48,4,13828121,451
676.12,1544593986,13539.06,51.489480,7.402932,185.88,13.57,0.70,89.65,1,-89,-10,4,9,48,4,13828121,451
677.12,1544593987,13552.62,51.489472,7.403137,186.69,13.69,0.13,90.02,1,-81,-7,27,12,53,4,13828121,450
678.12,1544593988,13566.30,51.489465,7.403327,187.61,13.31,-0.38,90.46,1,-81,-7,27,12,53,4,13828121,450
679.12,1544593989,13579.62,51.489459,7.403509,188.02,12.95,-0.35,90.81,1,-80,-7,27,1,54,4,13828121,450
680.12,1544593990,13592.59,51.489452,7.403692,188.49,12.76,-0.19,91.02,1,-80,-7,27,1,54,4,13828121,450
681.12,1544593991,13605.38,51.489449,7.403885,189.29,12.73,-0.04,91.01,1,-77,-8,22,15,55,4,13828121,450
682.12,1544593992,13618.03,51.489445,7.404069,190.17,12.63,-0.09,90.92,1,-77,-8,22,15,55,4,13828121,450
683.12,1544593993,13630.69,51.489439,7.404251,191.05,12.76,0.12,91.24,1,-77,-8,22,15,55,4,13828121,450
684.12,1544593994,13643.44,51.489434,7.404437,191.93,12.85,0.10,91.09,1,-77,-11,20,15,60,4,13828121,450
685.12,1544593995,13656.28,51.489430,7.404625,192.78,12.91,0.06,90.75,1,-77,-11,20,15,60,4,13828121,450
686.12,1544593996,13669.22,51.489426,7.404806,193.11,12.97,0.06,89.98,1,-74,-11,33,15,63,4,13828121,450
687.12,1544593997,13682.18,51.489423,7.404986,193.39,12.73,-0.24,89.61,1,-74,-11,33,15,63,4,13828121,450
688.12,1544593998,13694.91,51.489422,7.405171,193.74,12.46,-0.27,89.06,1,-72,-7,27,15,61,4,13828121,450
689.12,1544593999,13707.37,51.489423,7.405352,193.92,12.30,-0.16,88.35,1,-72,-7,27,15,61,4,13828121,450
690.12,1544594000,13719.66,51.489426,7.405539,193.78,12.27,-0.04,86.84,1,-68,-8,31,15,63,4,13828121,450
691.12,1544594001,13731.92,51.489436,7.405695,193.25,12.21,-0.06,85.01,1,-68,-8,31,15,63,4,13828121,450
692.12,1544594002,13744.16,51.489451,7.405862,192.34,12.26,0.05,83.28,1,-76,-12,17,14,62,4,13828121,450
693.12,1544594003,13756.44,51.489468,7.406029,190.93,12.53,0.27,81.51,1,-76,-12,17,14,62,4,13828121,450
694.12,1544594004,13768.96,51.489493,7.406217,190.23,12.97,0.44,79.86,1,-75,-12,14,12,61,4,13828121,450
695.12,1544594005,13781.94,51.489518,7.406391,189.57,12.90,-0.07,79.10,1,-75,-12,14,12,61,4,13828121,450
696.12,1544594006,13794.83,51.489547,7.406580,189.01,12.89,-0.02,78.23,1,-69,-11,15,12,63,4,13828121,450
697.12,1544594007,13807.71,51.489571,7.406745,187.82,12.81,-0.07,78.47,1,-69,-11,15,12,63,4,13828121,450
698.12,1544594008,13820.53,51.489598,7.406933,186.90,12.78,-0.03,77.70,1,-74,-12,21,1,63,4,13828121,450
699.12,1544594009,13833.31,51.489624,7.407114,186.09,12.85,0.07,77.66,1,-74,-12,21,1,63,4,13828121,450
700.12,1544594010,13846.12,51.489650,7.407296,185.46,12.71,-0.14,78.03,1,-75,-11,13,12,62,4,13828121,450
701.12,1544594011,13858.88,51.489677,7.407473,184.98,12.70,-0.00,78.76,1,-75,-11,13,12,62,4,13828121,450
702.13,1544594012,13871.72,51.489701,7.407650,184.33,13.08,0.37,77.94,1,-75,-11,13,12,62,4,13828121,450
703.12,1544594013,13884.66,51.489727,7.407837,183.79,13.28,0.21,78.54,1,-75,-11,13,12,62,4,13828121,450
704.12,1544594014,13897.91,51.489749,7.408025,183.64,13.32,0.04,79.27,1,-75,-11,13,12,62,4,13828121,450
705.12,1544594015,13911.24,51.489771,7.408200,183.18,13.10,-0.22,78.51,1,-78,-7,11,9,52,4,13828121,450
706.12,1544594016,13924.34,51.489795,7.408383,182.37,13.42,0.32,78.12,1,-78,-7,11,9,52,4,13828121,450
707.12,1544594017,13937.78,51.489821,7.408569,181.71,13.57,0.15,77.37,1,-84,-8,11,14,50,4,13828121,450
708.12,1544594018,13951.33,51.489848,7.408754,181.22,13.73,0.16,78.05,1,-84,-8,11,14,50,4,13828121,450
709.12,1544594019,13965.06,51.489873,7.408947,180.74,13.79,0.06,78.06,1,-87,-10,10,11,48,4,13828121,450
710.12,1544594020,13978.84,51.489900,7.409141,180.40,13.81,0.02,77.59,1,-87,-10,10,11,48,4,13828121,450
711.12,1544594021,13992.66,51.489928,7.409334,179.88,14.04,0.22,77.88,1,-89,-11,8,7,48,4,13828121,450
712.12,1544594022,14006.71,51.489956,7.409533,179.44,14.14,0.11,78.29,1,-89,-11,8,7,48,4,13828121,450
713.12,1544594023,14020.84,51.489981,7.409732,179.01,14.01,-0.14,78.82,1,-92,-9,7,7,43,4,13828121,450
714.12,1544594024,14034.84,51.490011,7.409950,178.42,14.11,0.10,78.88,1,-92,-9,7,7,43,4,13828121,450
715.12,1544594025,14048.96,51.490031,7.410136,177.62,13.55,-0.56,79.37,1,-92,-10,11,7,45,4,13828121,450
716.12,1544594026,14062.51,51.490050,7.410316,176.47,13.09,-0.46,79.35,1,-92,-10,11,7,45,4,13828121,450
717.12,1544594027,14075.60,51.490071,7.410494,174.92,12.93,-0.15,78.41,1,-95,-12,6,8,43,4,13828121,450
718.12,1544594028,14088.53,51.490096,7.410677,173.46,12.63,-0.31,78.30,1,-95,-12,6,8,43,4,13828121,450
719.12,1544594029,14101.15,51.490123,7.410853,172.24,12.76,0.13,77.67,1,-96,-11,7,6,40,4,13828121,450
720.12,1544594030,14113.91,51.490150,7.411032,171.20,13.06,0.30,78.19,1,-96,-11,7,6,40,4,13828121,450
721.12,1544594031,14126.99,51.490180,7.411237,170.35,13.27,0.21,78.32,1,-98,-11,3,7,39,7,13828122,450
722.12,1544594032,14140.20,51.490207,7.411438,169.77,13.23,-0.05,78.10,1,-98,-11,3,7,39,7,13828122,450
