time_s,timestamp_ms,distance_m,latitude,longitude,altitude,velocity_mps,acceleration_mpss,direction,isRegistered,rsrp_dbm,rsrq_db,rssnr_db,cqi,ss,ta,ci,pci
11.42,1544765083,126.81,51.448877,7.488342,251.89,13.37,0.00,184.62,0,-109,-13,0,0,24,0,0,26
12.42,1544765084,140.16,51.448754,7.488309,251.71,13.49,0.00,187.30,0,-109,-13,0,0,24,0,0,26
15.42,1544765087,181.09,51.448393,7.488174,250.41,14.19,0.00,192.23,0,-110,-16,0,0,30,0,0,156
15.42,1544765087,181.10,51.448393,7.488174,250.41,14.19,0.00,192.23,0,-110,-18,0,0,30,0,0,265
15.42,1544765087,181.11,51.448393,7.488174,250.41,14.19,0.00,192.23,0,-111,-18,0,0,30,0,0,26
16.42,1544765088,195.29,51.448270,7.488122,249.92,14.26,0.00,193.01,0,-110,-16,0,0,30,0,0,156
16.42,1544765088,195.30,51.448270,7.488122,249.92,14.26,0.00,193.01,0,-110,-18,0,0,30,0,0,265
16.42,1544765088,195.30,51.448270,7.488122,249.92,14.26,0.00,193.01,0,-111,-18,0,0,30,0,0,26
17.42,1544765089,209.55,51.448058,7.488554,249.40,14.65,0.00,193.11,0,-112,-16,0,0,27,0,0,156
17.42,1544765089,209.57,51.448058,7.488554,249.40,14.65,0.00,193.11,0,-112,-18,0,0,27,0,0,26
17.42,1544765089,209.57,51.448058,7.488554,249.40,14.65,0.00,193.11,0,-112,-17,0,0,27,0,0,265
18.42,1544765090,224.21,51.448024,7.488018,248.89,14.51,0.00,193.75,0,-112,-16,0,0,27,0,0,156
18.42,1544765090,224.22,51.448024,7.488018,248.89,14.51,0.00,193.75,0,-112,-18,0,0,27,0,0,26
18.42,1544765090,224.23,51.448024,7.488018,248.89,14.51,0.00,193.75,0,-112,-17,0,0,27,0,0,265
19.42,1544765091,238.72,51.447890,7.487963,248.73,14.60,0.00,192.91,0,-112,-16,0,0,27,0,0,156
19.42,1544765091,238.72,51.447890,7.487963,248.73,14.60,0.00,192.91,0,-113,-16,0,0,28,0,0,265
19.42,1544765091,238.73,51.447890,7.487963,248.73,14.60,0.00,192.91,0,-113,-17,0,0,27,0,0,26
20.42,1544765092,253.30,51.447757,7.487918,248.96,14.07,0.00,191.42,0,-112,-16,0,0,27,0,0,156
20.42,1544765092,253.31,51.447757,7.487918,248.96,14.07,0.00,191.42,0,-113,-16,0,0,28,0,0,265
20.42,1544765092,253.33,51.447757,7.487918,248.96,14.07,0.00,191.42,0,-113,-17,0,0,27,0,0,26
21.42,1544765093,267.37,51.447630,7.487890,249.57,13.78,0.00,189.35,0,-109,-14,0,0,28,0,0,265
21.42,1544765093,267.39,51.447630,7.487890,249.57,13.78,0.00,189.35,0,-111,-17,0,0,29,0,0,156
21.42,1544765093,267.39,51.447630,7.487890,249.57,13.78,0.00,189.35,0,-113,-20,0,0,29,0,0,26
22.42,1544765094,281.17,51.447502,7.487863,250.44,13.48,0.00,187.80,0,-109,-14,0,0,28,0,0,265
22.42,1544765094,281.17,51.447502,7.487863,250.44,13.48,0.00,187.80,0,-111,-17,0,0,29,0,0,156
22.42,1544765094,281.18,51.447502,7.487863,250.44,13.48,0.00,187.80,0,-113,-20,0,0,29,0,0,26
23.42,1544765095,294.66,51.447375,7.487845,251.63,13.98,0.00,185.08,0,-112,-14,0,0,23,0,0,265
23.42,1544765095,294.67,51.447375,7.487845,251.63,13.98,0.00,185.08,0,-115,-16,0,0,25,0,0,156
23.42,1544765095,294.69,51.447375,7.487845,251.63,13.98,0.00,185.08,0,-115,-17,0,0,25,0,0,26
23.42,1544765095,294.69,51.447375,7.487845,251.63,13.98,0.00,185.08,0,-122,-12,0,0,10,0,0,288
23.42,1544765095,294.70,51.447375,7.487845,251.63,13.98,0.00,185.08,0,-127,-15,0,0,6,0,0,59
24.42,1544765096,308.64,51.447247,7.487844,253.07,14.17,0.00,182.72,0,-112,-14,0,0,23,0,0,265
24.42,1544765096,308.66,51.447247,7.487844,253.07,14.17,0.00,182.72,0,-115,-16,0,0,25,0,0,156
24.42,1544765096,308.66,51.447247,7.487844,253.07,14.17,0.00,182.72,0,-115,-17,0,0,25,0,0,26
24.42,1544765096,308.67,51.447247,7.487844,253.07,14.17,0.00,182.72,0,-122,-12,0,0,10,0,0,288
24.42,1544765096,308.68,51.447247,7.487844,253.07,14.17,0.00,182.72,0,-127,-15,0,0,6,0,0,59
25.42,1544765097,322.85,51.447126,7.487855,254.86,14.04,0.00,179.78,0,-110,-14,0,0,28,0,0,265
25.42,1544765097,322.87,51.447126,7.487855,254.86,14.04,0.00,179.78,0,-110,-18,0,0,31,0,0,26
25.43,1544765097,322.88,51.447126,7.487855,254.86,14.04,0.00,179.78,0,-118,-12,0,0,12,0,0,288
25.43,1544765097,322.88,51.447126,7.487855,254.86,14.04,0.00,179.78,0,-123,-14,0,0,10,0,0,384
25.43,1544765097,322.89,51.447126,7.487855,254.86,14.04,0.00,179.78,0,-126,-15,0,0,8,0,0,59
25.43,1544765097,322.91,51.447126,7.487855,254.86,14.04,0.00,179.78,0,-126,-15,0,0,7,0,0,137
25.43,1544765097,322.92,51.447126,7.487855,254.86,14.04,0.00,179.78,0,-127,-16,0,0,7,0,0,125
25.43,1544765097,322.92,51.447126,7.487855,254.86,14.04,0.00,179.78,0,-225,-225,0,0,63,0,0,272
25.43,1544765097,322.94,51.447126,7.487855,254.86,14.04,0.00,179.78,0,0,0,0,0,63,0,0,76
26.42,1544765098,336.89,51.446996,7.487878,256.52,14.16,0.00,176.89,0,-110,-14,0,0,28,0,0,265
26.42,1544765098,336.90,51.446996,7.487878,256.52,14.16,0.00,176.89,0,-110,-18,0,0,31,0,0,26
26.43,1544765098,336.92,51.446996,7.487878,256.52,14.16,0.00,176.89,0,-118,-12,0,0,12,0,0,288
26.43,1544765098,336.92,51.446996,7.487878,256.52,14.16,0.00,176.89,0,-123,-14,0,0,10,0,0,384
26.43,1544765098,336.93,51.446996,7.487878,256.52,14.16,0.00,176.89,0,-126,-15,0,0,8,0,0,59
26.43,1544765098,336.95,51.446996,7.487878,256.52,14.16,0.00,176.89,0,-126,-15,0,0,7,0,0,137
26.43,1544765098,336.95,51.446996,7.487878,256.52,14.16,0.00,176.89,0,-127,-16,0,0,7,0,0,125
26.43,1544765098,336.96,51.446996,7.487878,256.52,14.16,0.00,176.89,0,-225,-225,0,0,63,0,0,272
26.43,1544765098,336.98,51.446996,7.487878,256.52,14.16,0.00,176.89,0,0,0,0,0,63,0,0,76
27.43,1544765099,351.17,51.446894,7.487935,258.09,14.04,0.00,173.15,0,-114,-15,0,0,22,0,0,156
27.43,1544765099,351.18,51.446894,7.487935,258.09,14.04,0.00,173.15,0,-114,-14,0,0,21,0,0,265
27.43,1544765099,351.18,51.446894,7.487935,258.09,14.04,0.00,173.15,0,-120,-11,0,0,13,0,0,288
27.43,1544765099,351.19,51.446894,7.487935,258.09,14.04,0.00,173.15,0,-128,-15,0,0,7,0,0,59
27.43,1544765099,351.21,51.446894,7.487935,258.09,14.04,0.00,173.15,0,-129,-16,0,0,6,0,0,137
27.44,1544765099,351.22,51.446894,7.487935,258.09,14.04,0.00,173.15,0,-139,-24,0,0,5,0,0,265
27.44,1544765099,351.22,51.446894,7.487935,258.09,14.04,0.00,173.15,0,-225,-225,0,0,63,0,0,272
27.44,1544765099,351.24,51.446894,7.487935,258.09,14.04,0.00,173.15,0,0,0,0,0,63,0,0,76
28.42,1544765100,365.10,51.446770,7.487987,259.30,14.00,0.00,170.02,0,-114,-15,0,0,22,0,0,156
28.42,1544765100,365.10,51.446770,7.487987,259.30,14.00,0.00,170.02,0,-114,-14,0,0,21,0,0,265
28.42,1544765100,365.11,51.446770,7.487987,259.30,14.00,0.00,170.02,0,-120,-11,0,0,13,0,0,288
28.43,1544765100,365.12,51.446770,7.487987,259.30,14.00,0.00,170.02,0,-128,-15,0,0,7,0,0,59
28.43,1544765100,365.14,51.446770,7.487987,259.30,14.00,0.00,170.02,0,-129,-16,0,0,6,0,0,137
28.43,1544765100,365.14,51.446770,7.487987,259.30,14.00,0.00,170.02,0,-139,-24,0,0,5,0,0,265
28.43,1544765100,365.15,51.446770,7.487987,259.30,14.00,0.00,170.02,0,-225,-225,0,0,63,0,0,272
28.43,1544765100,365.17,51.446770,7.487987,259.30,14.00,0.00,170.02,0,0,0,0,0,63,0,0,76
29.42,1544765101,379.10,51.446652,7.488060,260.42,14.22,0.00,166.74,0,-114,-15,0,0,22,0,0,156
29.42,1544765101,379.11,51.446652,7.488060,260.42,14.22,0.00,166.74,0,-114,-14,0,0,21,0,0,265
29.43,1544765101,379.13,51.446652,7.488060,260.42,14.22,0.00,166.74,0,-120,-11,0,0,13,0,0,288
29.43,1544765101,379.13,51.446652,7.488060,260.42,14.22,0.00,166.74,0,-128,-15,0,0,7,0,0,59
29.43,1544765101,379.14,51.446652,7.488060,260.42,14.22,0.00,166.74,0,-129,-16,0,0,6,0,0,137
29.43,1544765101,379.16,51.446652,7.488060,260.42,14.22,0.00,166.74,0,-139,-24,0,0,5,0,0,265
29.43,1544765101,379.17,51.446652,7.488060,260.42,14.22,0.00,166.74,0,-225,-225,0,0,63,0,0,272
29.43,1544765101,379.18,51.446652,7.488060,260.42,14.22,0.00,166.74,0,0,0,0,0,63,0,0,76
30.42,1544765102,393.26,51.446516,7.488139,261.47,14.30,0.00,163.59,0,-113,-16,0,0,25,0,0,265
30.42,1544765102,393.28,51.446516,7.488139,261.47,14.30,0.00,163.59,0,-114,-18,0,0,26,0,0,156
31.42,1544765103,407.55,51.446406,7.488230,262.68,14.55,0.00,160.12,0,-113,-16,0,0,25,0,0,265
31.42,1544765103,407.57,51.446406,7.488230,262.68,14.55,0.00,160.12,0,-114,-18,0,0,26,0,0,156
32.42,1544765104,422.11,51.446285,7.488339,263.81,14.48,0.00,156.33,0,-112,-20,0,0,30,0,0,265
33.42,1544765105,436.57,51.446169,7.488451,264.72,14.83,0.00,152.66,0,-112,-20,0,0,30,0,0,265
46.42,1544765118,629.31,51.445034,7.490611,275.52,13.33,0.00,127.49,0,-112,-17,0,0,27,0,0,440
47.42,1544765119,642.64,51.444972,7.490758,275.64,12.78,0.00,127.59,0,-112,-17,0,0,27,0,0,440
48.43,1544765120,655.54,51.444912,7.490902,275.54,11.60,0.00,127.19,0,-111,-13,0,0,24,0,0,440
49.42,1544765121,667.03,51.444858,7.491025,275.40,9.82,0.00,127.63,0,-111,-13,0,0,24,0,0,440
50.42,1544765122,676.85,51.444816,7.491133,275.61,9.03,0.00,127.71,0,-111,-13,0,0,24,0,0,440
51.42,1544765123,685.87,51.444771,7.491241,275.87,7.67,0.00,127.34,0,-111,-13,0,0,22,0,0,440
52.42,1544765124,693.54,51.444736,7.491325,276.36,7.00,0.00,127.11,0,-111,-13,0,0,22,0,0,440
53.42,1544765125,700.54,51.444699,7.491408,276.67,5.58,0.00,126.85,0,-115,-12,0,0,17,0,0,440
54.42,1544765126,706.12,51.444674,7.491465,276.68,3.57,0.00,127.65,0,-115,-12,0,0,17,0,0,440
55.42,1544765127,709.70,51.444659,7.491499,276.70,2.13,0.00,128.30,0,-113,-15,0,0,23,0,0,440
55.42,1544765127,709.70,51.444659,7.491499,276.70,2.13,0.00,128.30,0,-119,-11,0,0,11,0,0,288
55.42,1544765127,709.70,51.444659,7.491499,276.70,2.13,0.00,128.30,0,0,0,0,0,63,0,0,76
56.42,1544765128,711.81,51.444652,7.491517,276.71,0.93,0.00,128.30,0,-113,-15,0,0,23,0,0,440
56.42,1544765128,711.81,51.444652,7.491517,276.71,0.93,0.00,128.30,0,-119,-11,0,0,11,0,0,288
56.42,1544765128,711.82,51.444652,7.491517,276.71,0.93,0.00,128.30,0,0,0,0,0,63,0,0,76
57.42,1544765129,712.74,51.444650,7.491538,276.72,0.00,0.00,128.30,0,-117,-19,0,0,24,0,0,315
58.42,1544765130,712.74,51.444652,7.491517,276.71,0.00,0.00,128.30,0,-117,-19,0,0,24,0,0,315
63.42,1544765135,721.19,51.444572,7.491686,277.10,4.89,0.00,138.79,0,-114,-19,0,0,26,0,0,315
64.43,1544765136,726.14,51.444514,7.491702,277.14,6.53,0.00,175.85,0,-114,-19,0,0,26,0,0,315
65.42,1544765137,732.62,51.444435,7.491680,276.92,6.91,0.00,196.50,0,-112,-18,0,0,28,0,0,315
65.42,1544765137,732.62,51.444435,7.491680,276.92,6.91,0.00,196.50,0,-114,-19,0,0,28,0,0,77
66.42,1544765138,739.52,51.444376,7.491633,276.82,7.63,0.00,213.53,0,-112,-18,0,0,28,0,0,315
66.42,1544765138,739.53,51.444376,7.491633,276.82,7.63,0.00,213.53,0,-114,-19,0,0,28,0,0,77
67.42,1544765139,747.16,51.444322,7.491581,277.13,8.53,0.00,214.27,0,-110,-20,0,0,30,0,0,315
68.42,1544765140,755.69,51.444253,7.491506,277.50,9.21,0.00,214.72,0,-110,-20,0,0,30,0,0,315
69.43,1544765141,764.97,51.444178,7.491420,277.75,10.21,0.00,215.19,0,-109,-18,0,0,29,0,0,315
70.42,1544765142,775.11,51.444102,7.491332,277.81,10.44,0.00,214.99,0,-109,-18,0,0,29,0,0,315
71.42,1544765143,785.52,51.444036,7.491254,277.65,10.40,0.00,214.75,0,-109,-18,0,0,29,0,0,315
72.42,1544765144,795.94,51.443961,7.491168,277.37,10.63,0.00,214.48,0,-108,-20,0,0,32,0,0,315
73.45,1544765145,806.87,51.443883,7.491078,276.95,10.86,0.00,214.92,0,-108,-20,0,0,32,0,0,315
76.42,1544765148,840.95,51.443619,7.490766,277.13,12.79,0.00,216.34,0,-107,-16,0,0,32,0,0,142
77.53,1544765149,855.13,51.443525,7.490655,277.36,13.10,0.00,217.12,0,-107,-16,0,0,32,0,0,142
78.42,1544765150,866.80,51.443433,7.490543,277.53,13.04,0.00,216.97,0,-109,-17,0,0,31,0,0,142
79.42,1544765151,879.84,51.443335,7.490428,277.69,13.08,0.00,216.87,0,-109,-17,0,0,31,0,0,142
80.43,1544765152,893.05,51.443235,7.490311,277.75,13.32,0.00,216.48,0,-111,-19,0,0,30,0,0,142
80.43,1544765152,893.05,51.443235,7.490311,277.75,13.32,0.00,216.48,0,-111,-20,0,0,30,0,0,9
81.42,1544765153,906.26,51.443134,7.490196,277.63,13.76,0.00,216.47,0,-111,-19,0,0,30,0,0,142
81.42,1544765153,906.27,51.443134,7.490196,277.63,13.76,0.00,216.47,0,-111,-20,0,0,30,0,0,9
82.42,1544765154,919.96,51.443040,7.490086,277.32,13.75,0.00,216.47,0,-109,-20,0,0,32,0,0,356
83.42,1544765155,933.75,51.442948,7.489978,276.90,13.58,0.00,216.46,0,-109,-20,0,0,32,0,0,356
97.42,1544765169,1127.63,51.441577,7.488150,281.48,14.45,0.00,227.15,0,-124,-15,0,0,9,0,0,426
97.42,1544765169,1127.65,51.441577,7.488150,281.48,14.45,0.00,227.15,0,-127,-17,0,0,9,0,0,464
97.42,1544765169,1127.66,51.441577,7.488150,281.48,14.45,0.00,227.15,0,-116,-10,0,0,13,0,0,288
97.42,1544765169,1127.68,51.441577,7.488150,281.48,14.45,0.00,227.15,0,-121,-15,0,0,13,0,0,323
97.42,1544765169,1127.68,51.441577,7.488150,281.48,14.45,0.00,227.15,0,-123,-16,0,0,13,0,0,216
97.43,1544765169,1127.69,51.441577,7.488150,281.48,14.45,0.00,227.15,0,0,0,0,0,63,0,0,76
98.42,1544765170,1142.10,51.441492,7.487969,281.58,14.64,0.00,228.61,0,-124,-15,0,0,9,0,0,426
98.42,1544765170,1142.11,51.441492,7.487969,281.58,14.64,0.00,228.61,0,-127,-17,0,0,9,0,0,464
98.42,1544765170,1142.13,51.441492,7.487969,281.58,14.64,0.00,228.61,0,-116,-10,0,0,13,0,0,288
98.43,1544765170,1142.14,51.441492,7.487969,281.58,14.64,0.00,228.61,0,-121,-15,0,0,13,0,0,323
98.43,1544765170,1142.15,51.441492,7.487969,281.58,14.64,0.00,228.61,0,-123,-16,0,0,13,0,0,216
98.43,1544765170,1142.15,51.441492,7.487969,281.58,14.64,0.00,228.61,0,0,0,0,0,63,0,0,76
120.42,1544765192,1461.32,51.439767,7.484244,287.47,14.61,0.00,231.43,0,-101,-16,0,0,38,0,0,6
121.42,1544765193,1475.93,51.439688,7.484088,287.32,14.35,0.00,232.37,0,-101,-16,0,0,38,0,0,6
122.42,1544765194,1490.28,51.439603,7.483906,287.79,14.53,0.00,233.81,0,-101,-13,0,0,37,0,0,6
123.42,1544765195,1504.80,51.439519,7.483725,288.12,14.71,0.00,234.57,0,-101,-13,0,0,37,0,0,6
124.42,1544765196,1519.54,51.439439,7.483536,287.90,13.81,0.00,235.95,0,-96,-10,0,0,34,0,0,6
125.42,1544765197,1533.33,51.439366,7.483353,288.48,13.40,0.00,237.05,0,-96,-10,0,0,34,0,0,6
126.41,1544765198,1546.66,51.439300,7.483172,289.18,13.55,0.00,237.58,0,-99,-12,0,0,33,0,0,6
127.41,1544765199,1560.23,51.439235,7.482991,289.33,13.78,0.00,238.77,0,-99,-12,0,0,33,0,0,6
128.42,1544765200,1574.04,51.439167,7.482808,289.76,14.14,0.00,239.38,0,-99,-14,0,0,34,0,0,6
129.42,1544765201,1588.17,51.439096,7.482619,290.10,14.41,0.00,238.74,0,-99,-14,0,0,34,0,0,6
132.42,1544765204,1632.24,51.438892,7.482020,291.40,14.82,0.00,239.62,0,-98,-17,0,0,37,0,0,6
133.42,1544765205,1647.00,51.438826,7.481827,291.17,15.13,0.00,240.08,0,-98,-17,0,0,37,0,0,6
134.41,1544765206,1662.07,51.438766,7.481643,291.12,14.07,0.00,240.54,0,-98,-17,0,0,37,0,0,6
135.42,1544765207,1676.23,51.438705,7.481452,291.30,14.30,0.00,240.91,0,-101,-16,0,0,35,0,0,6
136.42,1544765208,1690.51,51.438645,7.481270,291.67,14.93,0.00,240.57,0,-101,-16,0,0,35,0,0,6
139.42,1544765211,1735.67,51.438440,7.480671,291.62,15.29,0.00,240.68,0,-98,-10,0,0,33,0,0,6
140.42,1544765212,1750.98,51.438373,7.480475,291.97,15.26,0.00,240.23,0,-98,-10,0,0,33,0,0,6
141.42,1544765213,1766.24,51.438315,7.480303,292.29,15.16,0.00,240.61,0,-103,-17,0,0,35,0,0,6
142.41,1544765214,1781.30,51.438246,7.480105,292.58,15.00,0.00,241.21,0,-103,-17,0,0,35,0,0,6
143.42,1544765215,1796.36,51.438186,7.479919,292.66,15.32,0.00,241.79,0,-99,-14,0,0,35,0,0,6
144.42,1544765216,1811.70,51.438123,7.479730,292.72,15.39,0.00,241.80,0,-99,-14,0,0,35,0,0,6
145.42,1544765217,1827.09,51.438057,7.479538,293.04,15.47,0.00,241.34,0,-94,-11,0,0,36,0,0,6
146.42,1544765218,1842.53,51.437992,7.479336,293.38,15.20,0.00,241.89,0,-94,-11,0,0,36,0,0,6
147.42,1544765219,1857.77,51.437923,7.479130,293.64,15.12,0.00,242.25,0,-94,-11,0,0,36,0,0,6
148.42,1544765220,1872.87,51.437861,7.478932,293.93,14.71,0.00,243.14,0,-94,-11,0,0,36,0,0,6
149.42,1544765221,1887.60,51.437804,7.478743,294.04,15.18,0.00,242.23,0,-93,-10,0,0,38,0,0,6
150.42,1544765222,1902.80,51.437740,7.478553,294.31,14.59,0.00,241.73,0,-93,-10,0,0,38,0,0,6
151.42,1544765223,1917.38,51.437678,7.478374,294.53,14.64,0.00,240.81,0,-92,-8,0,0,37,0,0,6
152.42,1544765224,1932.02,51.437610,7.478189,295.16,14.42,0.00,240.21,0,-92,-8,0,0,37,0,0,6
153.42,1544765225,1946.44,51.437549,7.478001,295.83,14.45,0.00,241.46,0,-90,-11,0,0,40,0,0,6
154.41,1544765226,1960.83,51.437485,7.477805,296.38,14.34,0.00,241.57,0,-90,-11,0,0,40,0,0,6
155.43,1544765227,1975.33,51.437425,7.477618,297.08,13.82,0.00,241.93,0,-90,-11,0,0,40,0,0,6
156.41,1544765228,1988.98,51.437364,7.477428,297.60,13.88,0.00,242.52,0,-87,-10,0,0,42,0,0,6
157.42,1544765229,2002.92,51.435990,7.478721,297.94,13.64,0.00,242.05,0,-87,-10,0,0,42,0,0,6
162.42,1544765234,2063.80,51.437177,7.476356,297.11,9.86,0.00,277.08,0,-96,-16,0,0,36,0,0,440
163.42,1544765235,2073.66,51.437233,7.476242,296.63,8.95,0.00,312.76,0,-96,-16,0,0,36,0,0,440
164.42,1544765236,2082.60,51.437318,7.476158,296.07,8.07,0.00,331.52,0,-99,-12,0,0,33,0,0,440
165.42,1544765237,2090.67,51.437407,7.476134,295.40,7.67,0.00,351.60,0,-99,-12,0,0,33,0,0,440
168.42,1544765240,2118.02,51.437630,7.476375,294.07,11.31,0.00,43.95,0,-100,-9,0,0,30,0,0,440
169.42,1544765241,2129.34,51.437702,7.476500,293.75,12.24,0.00,47.02,0,-100,-9,0,0,30,0,0,440
170.42,1544765242,2141.62,51.437782,7.476654,293.40,13.35,0.00,49.05,0,-99,-11,0,0,33,0,0,440
171.42,1544765243,2155.02,51.437857,7.476814,293.06,14.63,0.00,50.65,0,-99,-11,0,0,33,0,0,440
172.41,1544765244,2169.50,51.437939,7.476997,292.84,15.54,0.00,52.13,0,-98,-16,0,0,38,0,0,440
173.41,1544765245,2185.04,51.438021,7.477191,292.51,16.34,0.00,53.39,0,-98,-16,0,0,38,0,0,440
174.42,1544765246,2201.46,51.438107,7.477398,291.98,17.41,0.00,54.24,0,-98,-14,0,0,35,0,0,440
175.42,1544765247,2218.86,51.438196,7.477614,291.51,18.12,0.00,54.88,0,-98,-14,0,0,35,0,0,440
176.41,1544765248,2236.88,51.438277,7.477827,291.25,19.12,0.00,55.33,0,-98,-14,0,0,35,0,0,440
177.42,1544765249,2256.14,51.438380,7.478064,290.90,19.80,0.00,55.84,0,-101,-13,0,0,30,0,0,440
178.42,1544765250,2275.91,51.438484,7.478324,290.87,20.47,0.00,56.46,0,-101,-13,0,0,30,0,0,440
179.42,1544765251,2296.39,51.438575,7.478565,290.61,21.52,0.00,56.91,0,-101,-9,0,0,30,0,0,440
180.42,1544765252,2317.91,51.438681,7.478820,289.65,22.19,0.00,56.66,0,-101,-9,0,0,30,0,0,440
181.42,1544765253,2340.07,51.438787,7.479082,288.70,22.37,0.00,56.46,0,-100,-8,0,0,27,0,0,440
182.42,1544765254,2362.44,51.438893,7.479343,287.64,22.28,0.00,57.15,0,-100,-8,0,0,27,0,0,440
183.42,1544765255,2384.73,51.439004,7.479618,286.55,22.39,0.00,56.72,0,-103,-11,0,0,27,0,0,440
184.42,1544765256,2407.09,51.439115,7.479889,285.57,22.32,0.00,56.19,0,-103,-11,0,0,27,0,0,440
185.42,1544765257,2429.43,51.439231,7.480164,284.79,22.25,0.00,55.52,0,-103,-9,0,0,27,0,0,440
186.42,1544765258,2451.71,51.439347,7.480439,284.40,21.86,0.00,56.13,0,-103,-9,0,0,27,0,0,440
191.42,1544765263,2565.26,51.439995,7.481757,283.49,22.98,0.00,48.93,0,-112,-17,0,0,26,0,0,6
192.42,1544765264,2588.24,51.440130,7.481991,283.57,23.12,0.00,46.13,0,-112,-17,0,0,26,0,0,6
193.42,1544765265,2611.40,51.440280,7.482235,283.43,22.89,0.00,44.70,0,-111,-18,0,0,30,0,0,315
193.42,1544765265,2611.42,51.440280,7.482235,283.43,22.89,0.00,44.70,0,-111,-19,0,0,30,0,0,6
193.42,1544765265,2611.42,51.440280,7.482235,283.43,22.89,0.00,44.70,0,-112,-20,0,0,29,0,0,4
194.42,1544765266,2634.27,51.440431,7.482458,282.98,22.77,0.00,42.35,0,-111,-18,0,0,30,0,0,315
194.42,1544765266,2634.29,51.440431,7.482458,282.98,22.77,0.00,42.35,0,-111,-19,0,0,30,0,0,6
194.42,1544765266,2634.32,51.440431,7.482458,282.98,22.77,0.00,42.35,0,-112,-20,0,0,29,0,0,4
195.43,1544765267,2657.26,51.440584,7.482675,282.43,22.59,0.00,41.06,0,-108,-18,0,0,28,0,0,179
195.43,1544765267,2657.29,51.440584,7.482675,282.43,22.59,0.00,41.06,0,-108,-18,0,0,27,0,0,265
195.43,1544765267,2657.31,51.440584,7.482675,282.43,22.59,0.00,41.06,0,-125,-15,0,0,9,0,0,175
195.43,1544765267,2657.33,51.440584,7.482675,282.43,22.59,0.00,41.06,0,-126,-16,0,0,10,0,0,426
195.43,1544765267,2657.33,51.440584,7.482675,282.43,22.59,0.00,41.06,0,-127,-17,0,0,9,0,0,137
195.43,1544765267,2657.35,51.440584,7.482675,282.43,22.59,0.00,41.06,0,-111,-8,0,0,15,0,0,288
195.43,1544765267,2657.38,51.440584,7.482675,282.43,22.59,0.00,41.06,0,0,0,0,0,63,0,0,331
196.42,1544765268,2679.60,51.440740,7.482895,282.01,22.72,0.00,40.70,0,-108,-18,0,0,28,0,0,179
196.42,1544765268,2679.63,51.440740,7.482895,282.01,22.72,0.00,40.70,0,-108,-18,0,0,27,0,0,265
196.42,1544765268,2679.65,51.440740,7.482895,282.01,22.72,0.00,40.70,0,-125,-15,0,0,9,0,0,175
196.42,1544765268,2679.65,51.440740,7.482895,282.01,22.72,0.00,40.70,0,-126,-16,0,0,10,0,0,426
196.42,1544765268,2679.67,51.440740,7.482895,282.01,22.72,0.00,40.70,0,-127,-17,0,0,9,0,0,137
196.42,1544765268,2679.67,51.440740,7.482895,282.01,22.72,0.00,40.70,0,-111,-8,0,0,15,0,0,288
196.42,1544765268,2679.67,51.440740,7.482895,282.01,22.72,0.00,40.70,0,0,0,0,0,63,0,0,331
197.42,1544765269,2702.44,51.440901,7.483111,281.72,22.87,0.00,39.70,0,-108,-18,0,0,28,0,0,179
197.42,1544765269,2702.46,51.440901,7.483111,281.72,22.87,0.00,39.70,0,-108,-18,0,0,27,0,0,265
197.42,1544765269,2702.48,51.440901,7.483111,281.72,22.87,0.00,39.70,0,-125,-15,0,0,9,0,0,175
197.42,1544765269,2702.48,51.440901,7.483111,281.72,22.87,0.00,39.70,0,-126,-16,0,0,10,0,0,426
197.43,1544765269,2702.51,51.440901,7.483111,281.72,22.87,0.00,39.70,0,-127,-17,0,0,9,0,0,137
197.43,1544765269,2702.53,51.440901,7.483111,281.72,22.87,0.00,39.70,0,-111,-8,0,0,15,0,0,288
197.43,1544765269,2702.55,51.440901,7.483111,281.72,22.87,0.00,39.70,0,0,0,0,0,63,0,0,331
198.42,1544765270,2725.26,51.441063,7.483329,281.49,23.20,0.00,39.00,0,-122,-15,0,0,14,0,0,164
198.42,1544765270,2725.26,51.441063,7.483329,281.49,23.20,0.00,39.00,0,-105,-11,0,0,26,0,0,265
198.42,1544765270,2725.28,51.441063,7.483329,281.49,23.20,0.00,39.00,0,-107,-13,0,0,27,0,0,440
198.42,1544765270,2725.31,51.441063,7.483329,281.49,23.20,0.00,39.00,0,-109,-19,0,0,29,0,0,63
199.42,1544765271,2748.37,51.441226,7.483522,281.12,23.22,0.00,36.30,0,-122,-15,0,0,14,0,0,164
199.42,1544765271,2748.37,51.441226,7.483522,281.12,23.22,0.00,36.30,0,-105,-11,0,0,26,0,0,265
199.42,1544765271,2748.39,51.441226,7.483522,281.12,23.22,0.00,36.30,0,-107,-13,0,0,27,0,0,440
199.42,1544765271,2748.39,51.441226,7.483522,281.12,23.22,0.00,36.30,0,-109,-19,0,0,29,0,0,63
206.42,1544765278,2910.14,51.442484,7.484710,279.24,23.19,0.00,26.06,0,-110,-15,0,0,31,0,0,440
206.42,1544765278,2910.16,51.442484,7.484710,279.24,23.19,0.00,26.06,0,-112,-14,0,0,29,0,0,265
206.42,1544765278,2910.19,51.442484,7.484710,279.24,23.19,0.00,26.06,0,-112,-18,0,0,31,0,0,239
207.42,1544765279,2933.33,51.442670,7.484853,279.06,23.01,0.00,25.48,0,-110,-15,0,0,31,0,0,440
207.42,1544765279,2933.33,51.442670,7.484853,279.06,23.01,0.00,25.48,0,-112,-14,0,0,29,0,0,265
207.42,1544765279,2933.36,51.442670,7.484853,279.06,23.01,0.00,25.48,0,-112,-18,0,0,31,0,0,239
208.42,1544765280,2956.29,51.442849,7.484979,278.67,22.73,0.00,24.38,0,-103,-20,0,0,38,0,0,440
208.42,1544765280,2956.29,51.442849,7.484979,278.67,22.73,0.00,24.38,0,-104,-17,0,0,35,0,0,265
208.42,1544765280,2956.32,51.442849,7.484979,278.67,22.73,0.00,24.38,0,-119,-12,0,0,12,0,0,288
209.42,1544765281,2979.06,51.443025,7.485104,278.20,22.64,0.00,23.79,0,-103,-20,0,0,38,0,0,440
209.42,1544765281,2979.09,51.443025,7.485104,278.20,22.64,0.00,23.79,0,-104,-17,0,0,35,0,0,265
209.42,1544765281,2979.09,51.443025,7.485104,278.20,22.64,0.00,23.79,0,-119,-12,0,0,12,0,0,288
210.42,1544765282,3001.70,51.443203,7.485231,277.73,22.36,0.00,23.73,0,-119,-11,0,0,12,0,0,288
210.42,1544765282,3001.72,51.443203,7.485231,277.73,22.36,0.00,23.73,0,-123,-16,0,0,12,0,0,339
210.42,1544765282,3001.75,51.443203,7.485231,277.73,22.36,0.00,23.73,0,-124,-16,0,0,12,0,0,323
210.42,1544765282,3001.77,51.443203,7.485231,277.73,22.36,0.00,23.73,0,0,0,0,0,63,0,0,272
211.42,1544765283,3024.08,51.443374,7.485352,277.23,21.66,0.00,23.48,0,-119,-11,0,0,12,0,0,288
211.42,1544765283,3024.10,51.443374,7.485352,277.23,21.66,0.00,23.48,0,-123,-16,0,0,12,0,0,339
211.42,1544765283,3024.13,51.443374,7.485352,277.23,21.66,0.00,23.48,0,-124,-16,0,0,12,0,0,323
211.42,1544765283,3024.15,51.443374,7.485352,277.23,21.66,0.00,23.48,0,0,0,0,0,63,0,0,272
212.42,1544765284,3045.74,51.443544,7.485465,276.71,20.95,0.00,22.71,0,-118,-9,0,0,10,0,0,288
212.42,1544765284,3045.76,51.443544,7.485465,276.71,20.95,0.00,22.71,0,-123,-14,0,0,10,0,0,339
212.42,1544765284,3045.78,51.443544,7.485465,276.71,20.95,0.00,22.71,0,-125,-15,0,0,10,0,0,225
212.42,1544765284,3045.78,51.443544,7.485465,276.71,20.95,0.00,22.71,0,-129,-18,0,0,8,0,0,473
212.42,1544765284,3045.80,51.443544,7.485465,276.71,20.95,0.00,22.71,0,0,0,0,0,63,0,0,272
213.42,1544765285,3066.69,51.443709,7.485570,276.17,19.81,0.00,21.53,0,-118,-9,0,0,10,0,0,288
213.42,1544765285,3066.69,51.443709,7.485570,276.17,19.81,0.00,21.53,0,-123,-14,0,0,10,0,0,339
213.42,1544765285,3066.71,51.443709,7.485570,276.17,19.81,0.00,21.53,0,-125,-15,0,0,10,0,0,225
213.42,1544765285,3066.73,51.443709,7.485570,276.17,19.81,0.00,21.53,0,-129,-18,0,0,8,0,0,473
213.42,1544765285,3066.75,51.443709,7.485570,276.17,19.81,0.00,21.53,0,0,0,0,0,63,0,0,272
214.42,1544765286,3086.53,51.443869,7.485670,275.85,18.94,0.00,21.43,0,-115,-9,0,0,13,0,0,288
214.42,1544765286,3086.54,51.443869,7.485670,275.85,18.94,0.00,21.43,0,-121,-15,0,0,13,0,0,339
214.42,1544765286,3086.54,51.443869,7.485670,275.85,18.94,0.00,21.43,0,-121,-15,0,0,13,0,0,225
214.42,1544765286,3086.56,51.443869,7.485670,275.85,18.94,0.00,21.43,0,-129,-18,0,0,8,0,0,473
214.42,1544765286,3086.58,51.443869,7.485670,275.85,18.94,0.00,21.43,0,-129,-18,0,0,8,0,0,464
214.42,1544765286,3086.60,51.443869,7.485670,275.85,18.94,0.00,21.43,0,0,0,0,0,63,0,0,272
215.42,1544765287,3105.44,51.444022,7.485767,275.56,18.10,0.00,21.70,0,-115,-9,0,0,13,0,0,288
215.42,1544765287,3105.46,51.444022,7.485767,275.56,18.10,0.00,21.70,0,-121,-15,0,0,13,0,0,339
215.42,1544765287,3105.48,51.444022,7.485767,275.56,18.10,0.00,21.70,0,-121,-15,0,0,13,0,0,225
215.42,1544765287,3105.48,51.444022,7.485767,275.56,18.10,0.00,21.70,0,-129,-18,0,0,8,0,0,473
215.42,1544765287,3105.50,51.444022,7.485767,275.56,18.10,0.00,21.70,0,-129,-18,0,0,8,0,0,464
215.42,1544765287,3105.51,51.444022,7.485767,275.56,18.10,0.00,21.70,0,0,0,0,0,63,0,0,272
216.42,1544765288,3123.54,51.444172,7.485860,275.27,17.33,0.00,22.25,0,-112,-7,0,0,14,0,0,288
216.42,1544765288,3123.55,51.444172,7.485860,275.27,17.33,0.00,22.25,0,-119,-14,0,0,14,0,0,339
216.42,1544765288,3123.55,51.444172,7.485860,275.27,17.33,0.00,22.25,0,0,0,0,0,63,0,0,272
217.42,1544765289,3140.86,51.444306,7.485957,274.88,15.81,0.00,24.09,0,-112,-7,0,0,14,0,0,288
217.42,1544765289,3140.88,51.444306,7.485957,274.88,15.81,0.00,24.09,0,-119,-14,0,0,14,0,0,339
217.42,1544765289,3140.90,51.444306,7.485957,274.88,15.81,0.00,24.09,0,0,0,0,0,63,0,0,272
221.42,1544765293,3199.69,51.444677,7.486521,272.68,12.83,0.00,68.48,0,-107,-19,0,0,33,0,0,26
221.42,1544765293,3199.70,51.444677,7.486521,272.68,12.83,0.00,68.48,0,-108,-18,0,0,31,0,0,440
222.42,1544765294,3212.51,51.444699,7.486717,272.08,12.73,0.00,84.42,0,-107,-19,0,0,33,0,0,26
222.42,1544765294,3212.51,51.444699,7.486717,272.08,12.73,0.00,84.42,0,-108,-18,0,0,31,0,0,440
223.42,1544765295,3225.27,51.444690,7.486904,271.72,13.22,0.00,99.16,0,-115,-19,0,0,23,0,0,179
223.42,1544765295,3225.28,51.444690,7.486904,271.72,13.22,0.00,99.16,0,-115,-20,0,0,24,0,0,228
223.42,1544765295,3225.30,51.444690,7.486904,271.72,13.22,0.00,99.16,0,-115,-18,0,0,23,0,0,440
223.42,1544765295,3225.30,51.444690,7.486904,271.72,13.22,0.00,99.16,0,-117,-18,0,0,22,0,0,26
223.42,1544765295,3225.31,51.444690,7.486904,271.72,13.22,0.00,99.16,0,-114,-9,0,0,13,0,0,288
224.42,1544765296,3238.49,51.444650,7.487073,271.25,13.75,0.00,114.32,0,-115,-19,0,0,23,0,0,179
224.42,1544765296,3238.51,51.444650,7.487073,271.25,13.75,0.00,114.32,0,-115,-20,0,0,24,0,0,228
224.42,1544765296,3238.52,51.444650,7.487073,271.25,13.75,0.00,114.32,0,-115,-18,0,0,23,0,0,440
224.42,1544765296,3238.54,51.444650,7.487073,271.25,13.75,0.00,114.32,0,-117,-18,0,0,22,0,0,26
224.42,1544765296,3238.54,51.444650,7.487073,271.25,13.75,0.00,114.32,0,-114,-9,0,0,13,0,0,288
225.42,1544765297,3252.26,51.444575,7.487237,270.88,13.97,0.00,130.69,0,-114,-13,0,0,18,0,0,440
225.42,1544765297,3252.27,51.444575,7.487237,270.88,13.97,0.00,130.69,0,-117,-17,0,0,18,0,0,26
225.42,1544765297,3252.27,51.444575,7.487237,270.88,13.97,0.00,130.69,0,-129,-17,0,0,7,0,0,464
225.42,1544765297,3252.29,51.444575,7.487237,270.88,13.97,0.00,130.69,0,-115,-9,0,0,13,0,0,288
225.42,1544765297,3252.30,51.444575,7.487237,270.88,13.97,0.00,130.69,0,0,0,0,0,63,0,0,272
225.42,1544765297,3252.32,51.444575,7.487237,270.88,13.97,0.00,130.69,0,0,0,0,0,63,0,0,76
226.42,1544765298,3266.22,51.444502,7.487377,270.21,13.73,0.00,134.43,0,-114,-13,0,0,18,0,0,440
226.42,1544765298,3266.22,51.444502,7.487377,270.21,13.73,0.00,134.43,0,-117,-17,0,0,18,0,0,26
226.42,1544765298,3266.24,51.444502,7.487377,270.21,13.73,0.00,134.43,0,-129,-17,0,0,7,0,0,464
226.42,1544765298,3266.25,51.444502,7.487377,270.21,13.73,0.00,134.43,0,-115,-9,0,0,13,0,0,288
226.42,1544765298,3266.25,51.444502,7.487377,270.21,13.73,0.00,134.43,0,0,0,0,0,63,0,0,272
226.42,1544765298,3266.27,51.444502,7.487377,270.21,13.73,0.00,134.43,0,0,0,0,0,63,0,0,76
227.42,1544765299,3279.91,51.444393,7.487473,269.79,13.99,0.00,157.52,0,-127,-16,0,0,9,0,0,323
227.42,1544765299,3279.92,51.444393,7.487473,269.79,13.99,0.00,157.52,0,0,0,0,0,63,0,0,272
228.42,1544765300,3293.91,51.444278,7.487515,269.54,13.82,0.00,172.48,0,-127,-16,0,0,9,0,0,323
228.42,1544765300,3293.91,51.444278,7.487515,269.54,13.82,0.00,172.48,0,0,0,0,0,63,0,0,272
229.42,1544765301,3307.76,51.444152,7.487503,269.09,14.06,0.00,187.65,0,-131,-18,0,0,6,0,0,125
229.42,1544765301,3307.77,51.444152,7.487503,269.09,14.06,0.00,187.65,0,-123,-13,0,0,10,0,0,288
229.42,1544765301,3307.78,51.444152,7.487503,269.09,14.06,0.00,187.65,0,-126,-16,0,0,10,0,0,323
229.42,1544765301,3307.78,51.444152,7.487503,269.09,14.06,0.00,187.65,0,0,0,0,0,63,0,0,272
229.42,1544765301,3307.80,51.444152,7.487503,269.09,14.06,0.00,187.65,0,-225,-225,0,0,63,0,0,76
230.42,1544765302,3321.81,51.444043,7.487448,268.56,13.59,0.00,202.09,0,-131,-18,0,0,6,0,0,125
230.42,1544765302,3321.82,51.444043,7.487448,268.56,13.59,0.00,202.09,0,-123,-13,0,0,10,0,0,288
230.42,1544765302,3321.84,51.444043,7.487448,268.56,13.59,0.00,202.09,0,-126,-16,0,0,10,0,0,323
230.42,1544765302,3321.84,51.444043,7.487448,268.56,13.59,0.00,202.09,0,0,0,0,0,63,0,0,272
230.42,1544765302,3321.85,51.444043,7.487448,268.56,13.59,0.00,202.09,0,-225,-225,0,0,63,0,0,76
231.42,1544765303,3335.39,51.443934,7.487346,267.76,13.27,0.00,216.65,0,-123,-12,0,0,9,0,0,288
231.42,1544765303,3335.40,51.443934,7.487346,267.76,13.27,0.00,216.65,0,-126,-16,0,0,10,0,0,323
231.42,1544765303,3335.40,51.443934,7.487346,267.76,13.27,0.00,216.65,0,-127,-17,0,0,10,0,0,258
231.42,1544765303,3335.41,51.443934,7.487346,267.76,13.27,0.00,216.65,0,0,0,0,0,63,0,0,272
232.42,1544765304,3348.66,51.443858,7.487202,267.44,13.67,0.00,234.01,0,-123,-12,0,0,9,0,0,288
232.42,1544765304,3348.66,51.443858,7.487202,267.44,13.67,0.00,234.01,0,-126,-16,0,0,10,0,0,323
232.42,1544765304,3348.67,51.443858,7.487202,267.44,13.67,0.00,234.01,0,-127,-17,0,0,10,0,0,258
232.42,1544765304,3348.69,51.443858,7.487202,267.44,13.67,0.00,234.01,0,0,0,0,0,63,0,0,272
233.42,1544765305,3362.33,51.443808,7.487024,267.04,14.19,0.00,249.19,0,-122,-12,0,0,10,0,0,288
233.42,1544765305,3362.34,51.443808,7.487024,267.04,14.19,0.00,249.19,0,-126,-17,0,0,10,0,0,36
233.42,1544765305,3362.36,51.443808,7.487024,267.04,14.19,0.00,249.19,0,-126,-16,0,0,10,0,0,258
233.42,1544765305,3362.36,51.443808,7.487024,267.04,14.19,0.00,249.19,0,0,0,0,0,63,0,0,272
234.42,1544765306,3376.50,51.443782,7.486824,266.64,14.56,0.00,262.66,0,-122,-12,0,0,10,0,0,288
234.42,1544765306,3376.52,51.443782,7.486824,266.64,14.56,0.00,262.66,0,-126,-17,0,0,10,0,0,36
234.42,1544765306,3376.52,51.443782,7.486824,266.64,14.56,0.00,262.66,0,-126,-16,0,0,10,0,0,258
234.42,1544765306,3376.53,51.443782,7.486824,266.64,14.56,0.00,262.66,0,0,0,0,0,63,0,0,272
235.42,1544765307,3391.07,51.443762,7.486595,266.53,15.26,0.00,264.77,0,-121,-10,0,0,9,0,0,288
235.42,1544765307,3391.08,51.443762,7.486595,266.53,15.26,0.00,264.77,0,-125,-16,0,0,10,0,0,291
235.42,1544765307,3391.10,51.443762,7.486595,266.53,15.26,0.00,264.77,0,-126,-16,0,0,9,0,0,447
235.42,1544765307,3391.11,51.443762,7.486595,266.53,15.26,0.00,264.77,0,0,0,0,0,63,0,0,272
236.42,1544765308,3406.35,51.443749,7.486354,266.74,16.08,0.00,266.21,0,-121,-10,0,0,9,0,0,288
236.42,1544765308,3406.35,51.443749,7.486354,266.74,16.08,0.00,266.21,0,-125,-16,0,0,10,0,0,291
236.42,1544765308,3406.36,51.443749,7.486354,266.74,16.08,0.00,266.21,0,-126,-16,0,0,9,0,0,447
236.42,1544765308,3406.36,51.443749,7.486354,266.74,16.08,0.00,266.21,0,0,0,0,0,63,0,0,272
237.42,1544765309,3422.41,51.443737,7.486105,267.08,17.05,0.00,267.16,0,-118,-9,0,0,11,0,0,288
237.42,1544765309,3422.42,51.443737,7.486105,267.08,17.05,0.00,267.16,0,-124,-16,0,0,11,0,0,447
237.42,1544765309,3422.44,51.443737,7.486105,267.08,17.05,0.00,267.16,0,-124,-15,0,0,11,0,0,291
237.42,1544765309,3422.46,51.443737,7.486105,267.08,17.05,0.00,267.16,0,0,0,0,0,63,0,0,272
238.42,1544765310,3439.46,51.443728,7.485854,267.56,18.02,0.00,267.62,0,-118,-9,0,0,11,0,0,288
238.42,1544765310,3439.48,51.443728,7.485854,267.56,18.02,0.00,267.62,0,-124,-16,0,0,11,0,0,447
238.42,1544765310,3439.50,51.443728,7.485854,267.56,18.02,0.00,267.62,0,-124,-15,0,0,11,0,0,291
238.42,1544765310,3439.50,51.443728,7.485854,267.56,18.02,0.00,267.62,0,0,0,0,0,63,0,0,272
239.43,1544765311,3457.62,51.443721,7.485590,268.26,18.64,0.00,267.48,0,-122,-10,0,0,9,0,0,288
239.43,1544765311,3457.64,51.443721,7.485590,268.26,18.64,0.00,267.48,0,-126,-15,0,0,9,0,0,291
239.43,1544765311,3457.66,51.443721,7.485590,268.26,18.64,0.00,267.48,0,-126,-16,0,0,9,0,0,447
239.43,1544765311,3457.68,51.443721,7.485590,268.26,18.64,0.00,267.48,0,0,0,0,0,63,0,0,272
240.42,1544765312,3476.12,51.443712,7.485314,269.22,19.20,0.00,266.49,0,-122,-10,0,0,9,0,0,288
240.42,1544765312,3476.13,51.443712,7.485314,269.22,19.20,0.00,266.49,0,-126,-15,0,0,9,0,0,291
240.42,1544765312,3476.13,51.443712,7.485314,269.22,19.20,0.00,266.49,0,-126,-16,0,0,9,0,0,447
240.42,1544765312,3476.15,51.443712,7.485314,269.22,19.20,0.00,266.49,0,0,0,0,0,63,0,0,272
241.42,1544765313,3495.32,51.443704,7.485040,271.13,19.05,0.00,266.97,0,-122,-10,0,0,9,0,0,288
241.42,1544765313,3495.34,51.443704,7.485040,271.13,19.05,0.00,266.97,0,-126,-15,0,0,9,0,0,291
241.42,1544765313,3495.35,51.443704,7.485040,271.13,19.05,0.00,266.97,0,-126,-16,0,0,9,0,0,447
241.42,1544765313,3495.35,51.443704,7.485040,271.13,19.05,0.00,266.97,0,0,0,0,0,63,0,0,272
450.42,1544765522,10162.22,51.466260,7.408792,156.25,33.67,0.00,307.01,0,-108,-8,0,0,20,0,0,57
451.42,1544765523,10195.98,51.466448,7.408403,156.59,34.23,0.00,307.93,0,-108,-8,0,0,20,0,0,57
452.42,1544765524,10230.11,51.466639,7.408005,156.82,34.63,0.00,308.53,0,-112,-10,0,0,17,0,0,336
452.42,1544765524,10230.11,51.466639,7.408005,156.82,34.63,0.00,308.53,0,-118,-13,0,0,15,0,0,433
453.42,1544765525,10264.74,51.466830,7.407606,156.96,35.02,0.00,308.87,0,-112,-10,0,0,17,0,0,336
453.42,1544765525,10264.78,51.466830,7.407606,156.96,35.02,0.00,308.87,0,-118,-13,0,0,15,0,0,433
456.42,1544765528,10370.02,51.467430,7.406436,157.26,35.02,0.00,310.13,0,-108,-11,0,0,21,0,0,447
456.42,1544765528,10370.05,51.467430,7.406436,157.26,35.02,0.00,310.13,0,-108,-11,0,0,20,0,0,433
457.42,1544765529,10405.11,51.467635,7.406054,157.32,34.83,0.00,310.47,0,-108,-11,0,0,21,0,0,447
457.42,1544765529,10405.11,51.467635,7.406054,157.32,34.83,0.00,310.47,0,-108,-11,0,0,20,0,0,433
458.42,1544765530,10439.87,51.467840,7.405671,157.43,34.78,0.00,310.95,0,-100,-5,0,0,25,0,0,433
459.42,1544765531,10474.61,51.468051,7.405296,157.67,34.79,0.00,311.59,0,-100,-5,0,0,25,0,0,433
462.42,1544765534,10578.84,51.468690,7.404189,158.68,34.61,0.00,313.59,0,-88,-10,0,0,41,0,0,205
462.42,1544765534,10578.84,51.468690,7.404189,158.68,34.61,0.00,313.59,0,-113,-9,0,0,16,0,0,433
462.42,1544765534,10578.87,51.468690,7.404189,158.68,34.61,0.00,313.59,0,-115,-12,0,0,16,0,0,336
463.42,1544765535,10613.45,51.468903,7.403825,159.20,34.63,0.00,313.67,0,-88,-10,0,0,41,0,0,205
463.42,1544765535,10613.45,51.468903,7.403825,159.20,34.63,0.00,313.67,0,-113,-9,0,0,16,0,0,433
463.42,1544765535,10613.48,51.468903,7.403825,159.20,34.63,0.00,313.67,0,-115,-12,0,0,16,0,0,336
464.42,1544765536,10648.08,51.469117,7.403461,159.80,34.33,0.00,313.93,0,-89,-9,0,0,40,0,0,205
464.42,1544765536,10648.11,51.469117,7.403461,159.80,34.33,0.00,313.93,0,-113,-8,0,0,14,0,0,433
464.42,1544765536,10648.15,51.469117,7.403461,159.80,34.33,0.00,313.93,0,-119,-15,0,0,16,0,0,57
465.42,1544765537,10682.41,51.469327,7.403103,160.75,34.53,0.00,313.70,0,-89,-9,0,0,40,0,0,205
465.42,1544765537,10682.45,51.469327,7.403103,160.75,34.53,0.00,313.70,0,-113,-8,0,0,14,0,0,433
465.42,1544765537,10682.48,51.469327,7.403103,160.75,34.53,0.00,313.70,0,-119,-15,0,0,16,0,0,57
466.42,1544765538,10716.94,51.469546,7.402741,161.45,34.18,0.00,314.17,0,-92,-10,0,0,38,0,0,112
466.42,1544765538,10716.97,51.469546,7.402741,161.45,34.18,0.00,314.17,0,-114,-10,0,0,17,0,0,289
466.42,1544765538,10717.01,51.469546,7.402741,161.45,34.18,0.00,314.17,0,-115,-13,0,0,16,0,0,345
467.42,1544765539,10751.12,51.469768,7.402372,162.14,34.01,0.00,314.73,0,-92,-10,0,0,38,0,0,112
467.42,1544765539,10751.12,51.469768,7.402372,162.14,34.01,0.00,314.73,0,-114,-10,0,0,17,0,0,289
467.42,1544765539,10751.16,51.469768,7.402372,162.14,34.01,0.00,314.73,0,-115,-13,0,0,16,0,0,345
468.43,1544765540,10785.44,51.469984,7.402012,162.71,33.92,0.00,315.00,0,-109,-10,0,0,20,0,0,289
468.43,1544765540,10785.47,51.469984,7.402012,162.71,33.92,0.00,315.00,0,-114,-13,0,0,20,0,0,345
469.42,1544765541,10819.03,51.470199,7.401668,163.28,33.79,0.00,315.23,0,-109,-10,0,0,20,0,0,289
469.42,1544765541,10819.06,51.470199,7.401668,163.28,33.79,0.00,315.23,0,-114,-13,0,0,20,0,0,345
470.42,1544765542,10852.85,51.470418,7.401323,163.97,33.71,0.00,315.39,0,-109,-10,0,0,20,0,0,289
470.42,1544765542,10852.85,51.470418,7.401323,163.97,33.71,0.00,315.39,0,-114,-13,0,0,20,0,0,345
471.42,1544765543,10886.66,51.470632,7.400982,164.68,33.64,0.00,315.94,0,-117,-12,0,0,15,0,0,289
471.42,1544765543,10886.72,51.470632,7.400982,164.68,33.64,0.00,315.94,0,-120,-15,0,0,13,0,0,356
472.41,1544765544,10920.03,51.470851,7.400647,165.33,33.61,0.00,316.59,0,-117,-12,0,0,15,0,0,289
472.41,1544765544,10920.03,51.470851,7.400647,165.33,33.61,0.00,316.59,0,-120,-15,0,0,13,0,0,356
473.41,1544765545,10953.67,51.471073,7.400312,166.05,33.54,0.00,317.12,0,-95,-19,0,0,46,0,0,210
473.41,1544765545,10953.67,51.471073,7.400312,166.05,33.54,0.00,317.12,0,-121,-18,0,0,16,0,0,356
473.41,1544765545,10953.67,51.471073,7.400312,166.05,33.54,0.00,317.12,0,-123,-17,0,0,16,0,0,289
474.42,1544765546,10987.35,51.471293,7.399978,166.93,33.51,0.00,317.31,0,-95,-19,0,0,46,0,0,210
474.42,1544765546,10987.38,51.471293,7.399978,166.93,33.51,0.00,317.31,0,-121,-18,0,0,16,0,0,356
474.42,1544765546,10987.41,51.471293,7.399978,166.93,33.51,0.00,317.31,0,-123,-17,0,0,16,0,0,289
475.42,1544765547,11020.82,51.471515,7.399644,167.68,33.57,0.00,317.57,0,-118,-14,0,0,15,0,0,356
476.42,1544765548,11054.40,51.471741,7.399321,168.50,33.65,0.00,317.94,0,-118,-14,0,0,15,0,0,356
477.42,1544765549,11088.01,51.471967,7.398998,169.11,33.71,0.00,318.41,0,-113,-10,0,0,16,0,0,356
478.42,1544765550,11121.75,51.472189,7.398679,169.66,33.73,0.00,318.37,0,-113,-10,0,0,16,0,0,356
479.42,1544765551,11155.48,51.472420,7.398363,170.20,33.81,0.00,319.30,0,-107,-12,0,0,24,0,0,356
480.42,1544765552,11189.26,51.472650,7.398048,170.68,33.80,0.00,319.75,0,-107,-12,0,0,24,0,0,356
483.41,1544765555,11287.95,51.473320,7.397156,171.68,31.22,0.00,320.62,0,-108,-13,0,0,23,0,0,356
484.41,1544765556,11319.17,51.473536,7.396871,172.05,30.68,0.00,321.02,0,-108,-13,0,0,23,0,0,356
485.42,1544765557,11349.97,51.473750,7.396593,172.54,30.50,0.00,321.60,0,-111,-13,0,0,20,0,0,356
486.42,1544765558,11380.47,51.473971,7.396322,173.07,30.65,0.00,322.05,0,-111,-13,0,0,20,0,0,356
521.41,1544765593,12130.18,51.479947,7.393482,185.56,10.87,0.00,336.94,0,-101,-12,0,0,31,0,0,198
522.41,1544765594,12141.03,51.480038,7.393420,185.61,9.99,0.00,339.13,0,-101,-12,0,0,31,0,0,198
523.42,1544765595,12151.08,51.480126,7.393403,185.65,8.71,0.00,358.30,0,-91,-13,0,0,38,0,0,206
523.42,1544765595,12151.08,51.480126,7.393403,185.65,8.71,0.00,358.30,0,-93,-12,0,0,39,0,0,198
524.42,1544765596,12159.79,51.480198,7.393420,185.54,8.31,0.00,13.30,0,-91,-13,0,0,38,0,0,206
524.42,1544765596,12159.80,51.480198,7.393420,185.54,8.31,0.00,13.30,0,-93,-12,0,0,39,0,0,198
525.42,1544765597,12168.10,51.480268,7.393479,185.58,8.91,0.00,30.61,0,-96,-11,0,0,35,0,0,206
525.42,1544765597,12168.11,51.480268,7.393479,185.58,8.91,0.00,30.61,0,-97,-11,0,0,34,0,0,198
526.42,1544765598,12177.01,51.480323,7.393566,185.83,9.69,0.00,44.63,0,-96,-11,0,0,35,0,0,206
526.42,1544765598,12177.02,51.480323,7.393566,185.83,9.69,0.00,44.63,0,-97,-11,0,0,34,0,0,198
529.42,1544765601,12208.26,51.480457,7.393964,187.03,12.22,0.00,59.18,0,-98,-11,0,0,32,0,0,198
529.42,1544765601,12208.27,51.480457,7.393964,187.03,12.22,0.00,59.18,0,-99,-13,0,0,33,0,0,206
530.42,1544765602,12220.49,51.480512,7.394122,187.77,13.52,0.00,58.57,0,-98,-11,0,0,32,0,0,198
530.42,1544765602,12220.49,51.480512,7.394122,187.77,13.52,0.00,58.57,0,-99,-13,0,0,33,0,0,206
531.42,1544765603,12234.04,51.480576,7.394294,188.52,14.79,0.00,57.97,0,-91,-10,0,0,38,0,0,198
531.42,1544765603,12234.04,51.480576,7.394294,188.52,14.79,0.00,57.97,0,-96,-15,0,0,38,0,0,200
532.41,1544765604,12248.70,51.480646,7.394480,189.27,15.97,0.00,57.22,0,-91,-10,0,0,38,0,0,198
532.41,1544765604,12248.70,51.480646,7.394480,189.27,15.97,0.00,57.22,0,-96,-15,0,0,38,0,0,200
533.41,1544765605,12264.69,51.480719,7.394674,189.92,17.08,0.00,57.66,0,-99,-12,0,0,33,0,0,198
533.41,1544765605,12264.69,51.480719,7.394674,189.92,17.08,0.00,57.66,0,-102,-16,0,0,34,0,0,45
534.42,1544765606,12281.87,51.480800,7.394887,190.64,17.55,0.00,58.28,0,-99,-12,0,0,33,0,0,198
534.42,1544765606,12281.89,51.480800,7.394887,190.64,17.55,0.00,58.28,0,-102,-16,0,0,34,0,0,45
535.43,1544765607,12299.53,51.480878,7.395098,191.17,17.66,0.00,58.78,0,-91,-9,0,0,36,0,0,198
535.43,1544765607,12299.54,51.480878,7.395098,191.17,17.66,0.00,58.78,0,-94,-11,0,0,36,0,0,200
536.42,1544765608,12317.08,51.480958,7.395322,191.40,17.64,0.00,59.68,0,-91,-9,0,0,36,0,0,198
536.42,1544765608,12317.10,51.480958,7.395322,191.40,17.64,0.00,59.68,0,-94,-11,0,0,36,0,0,200
537.42,1544765609,12334.68,51.481039,7.395544,191.39,17.60,0.00,59.74,0,-91,-9,0,0,36,0,0,198
537.42,1544765609,12334.68,51.481039,7.395544,191.39,17.60,0.00,59.74,0,-94,-11,0,0,36,0,0,200
538.42,1544765610,12352.30,51.481123,7.395776,191.23,17.61,0.00,60.08,0,-94,-9,0,0,34,0,0,198
538.42,1544765610,12352.31,51.481123,7.395776,191.23,17.61,0.00,60.08,0,-98,-12,0,0,34,0,0,200
538.42,1544765610,12352.33,51.481123,7.395776,191.23,17.61,0.00,60.08,0,-79,-9,0,0,50,0,0,356
539.42,1544765611,12369.91,51.481202,7.395999,190.85,17.57,0.00,60.09,0,-94,-9,0,0,34,0,0,198
539.42,1544765611,12369.93,51.481202,7.395999,190.85,17.57,0.00,60.09,0,-98,-12,0,0,34,0,0,200
539.42,1544765611,12369.94,51.481202,7.395999,190.85,17.57,0.00,60.09,0,-79,-9,0,0,50,0,0,356
540.42,1544765612,12387.48,51.481287,7.396233,190.42,17.56,0.00,59.95,0,-89,-8,0,0,38,0,0,198
540.42,1544765612,12387.49,51.481287,7.396233,190.42,17.56,0.00,59.95,0,-91,-11,0,0,38,0,0,200
540.42,1544765612,12387.51,51.481287,7.396233,190.42,17.56,0.00,59.95,0,-76,-8,0,0,54,0,0,356
541.43,1544765613,12405.19,51.481369,7.396456,189.83,17.45,0.00,60.06,0,-89,-8,0,0,38,0,0,198
541.43,1544765613,12405.21,51.481369,7.396456,189.83,17.45,0.00,60.06,0,-91,-11,0,0,38,0,0,200
541.43,1544765613,12405.21,51.481369,7.396456,189.83,17.45,0.00,60.06,0,-76,-8,0,0,54,0,0,356
542.42,1544765614,12422.46,51.481445,7.396665,189.55,17.20,0.00,59.64,0,-99,-15,0,0,35,0,0,198
542.42,1544765614,12422.46,51.481445,7.396665,189.55,17.20,0.00,59.64,0,-101,-18,0,0,35,0,0,200
542.42,1544765614,12422.46,51.481445,7.396665,189.55,17.20,0.00,59.64,0,-103,-17,0,0,35,0,0,3
542.42,1544765614,12422.48,51.481445,7.396665,189.55,17.20,0.00,59.64,0,-104,-20,0,0,36,0,0,24
542.42,1544765614,12422.48,51.481445,7.396665,189.55,17.20,0.00,59.64,0,-82,-8,0,0,45,0,0,356
543.42,1544765615,12439.63,51.481513,7.396852,189.69,16.91,0.00,58.97,0,-99,-15,0,0,35,0,0,198
543.42,1544765615,12439.65,51.481513,7.396852,189.69,16.91,0.00,58.97,0,-101,-18,0,0,35,0,0,200
543.42,1544765615,12439.65,51.481513,7.396852,189.69,16.91,0.00,58.97,0,-103,-17,0,0,35,0,0,3
543.42,1544765615,12439.65,51.481513,7.396852,189.69,16.91,0.00,58.97,0,-104,-20,0,0,36,0,0,24
543.42,1544765615,12439.66,51.481513,7.396852,189.69,16.91,0.00,58.97,0,-82,-8,0,0,45,0,0,356
544.42,1544765616,12456.64,51.481594,7.397059,190.01,16.49,0.00,58.14,0,-104,-16,0,0,31,0,0,3
544.42,1544765616,12456.64,51.481594,7.397059,190.01,16.49,0.00,58.14,0,-106,-17,0,0,31,0,0,198
544.42,1544765616,12456.67,51.481594,7.397059,190.01,16.49,0.00,58.14,0,-107,-18,0,0,31,0,0,200
544.42,1544765616,12456.69,51.481594,7.397059,190.01,16.49,0.00,58.14,0,-107,-20,0,0,32,0,0,206
545.42,1544765617,12473.07,51.481673,7.397258,190.26,16.09,0.00,57.34,0,-104,-16,0,0,31,0,0,3
545.42,1544765617,12473.09,51.481673,7.397258,190.26,16.09,0.00,57.34,0,-106,-17,0,0,31,0,0,198
545.42,1544765617,12473.10,51.481673,7.397258,190.26,16.09,0.00,57.34,0,-107,-18,0,0,31,0,0,200
545.42,1544765617,12473.12,51.481673,7.397258,190.26,16.09,0.00,57.34,0,-107,-20,0,0,32,0,0,206
546.42,1544765618,12489.17,51.481758,7.397458,190.35,15.72,0.00,56.52,0,-101,-13,0,0,30,0,0,198
546.42,1544765618,12489.18,51.481758,7.397458,190.35,15.72,0.00,56.52,0,-103,-15,0,0,30,0,0,200
547.42,1544765619,12504.87,51.481838,7.397638,190.34,15.33,0.00,55.49,0,-101,-13,0,0,30,0,0,198
547.42,1544765619,12504.88,51.481838,7.397638,190.34,15.33,0.00,55.49,0,-103,-15,0,0,30,0,0,200
548.42,1544765620,12520.21,51.481918,7.397811,190.31,14.81,0.00,54.41,0,-99,-11,0,0,30,0,0,200
548.42,1544765620,12520.22,51.481918,7.397811,190.31,14.81,0.00,54.41,0,-100,-12,0,0,30,0,0,198
548.42,1544765620,12520.22,51.481918,7.397811,190.31,14.81,0.00,54.41,0,-105,-17,0,0,32,0,0,206
549.42,1544765621,12535.02,51.481994,7.397965,190.45,13.58,0.00,53.04,0,-99,-11,0,0,30,0,0,200
549.42,1544765621,12535.03,51.481994,7.397965,190.45,13.58,0.00,53.04,0,-100,-12,0,0,30,0,0,198
549.42,1544765621,12535.04,51.481994,7.397965,190.45,13.58,0.00,53.04,0,-105,-17,0,0,32,0,0,206
550.43,1544765622,12548.72,51.482069,7.398110,190.32,12.17,0.00,51.59,0,-96,-10,0,0,33,0,0,200
550.43,1544765622,12548.73,51.482069,7.398110,190.32,12.17,0.00,51.59,0,-96,-10,0,0,33,0,0,198
551.42,1544765623,12560.76,51.482141,7.398239,190.22,10.42,0.00,50.25,0,-96,-10,0,0,33,0,0,200
551.42,1544765623,12560.77,51.482141,7.398239,190.22,10.42,0.00,50.25,0,-96,-10,0,0,33,0,0,198
552.41,1544765624,12571.13,51.482203,7.398342,190.02,9.03,0.00,48.49,0,-96,-11,0,0,43,0,0,198
552.41,1544765624,12571.14,51.482203,7.398342,190.02,9.03,0.00,48.49,0,-98,-12,0,0,43,0,0,205
553.42,1544765625,12580.17,51.482256,7.398423,189.86,7.80,0.00,46.67,0,-96,-11,0,0,43,0,0,198
553.42,1544765625,12580.18,51.482256,7.398423,189.86,7.80,0.00,46.67,0,-98,-12,0,0,43,0,0,205
554.42,1544765626,12588.00,51.482298,7.398484,189.70,5.93,0.00,45.76,0,-97,-12,0,0,34,0,0,198
554.42,1544765626,12588.00,51.482298,7.398484,189.70,5.93,0.00,45.76,0,-98,-12,0,0,35,0,0,205
555.42,1544765627,12593.93,51.482326,7.398521,189.69,3.84,0.00,44.82,0,-97,-12,0,0,34,0,0,198
555.42,1544765627,12593.93,51.482326,7.398521,189.69,3.84,0.00,44.82,0,-98,-12,0,0,35,0,0,205
556.43,1544765628,12597.79,51.482345,7.398547,189.68,2.19,0.00,43.54,0,-96,-9,0,0,33,0,0,205
556.43,1544765628,12597.79,51.482345,7.398547,189.68,2.19,0.00,43.54,0,-101,-13,0,0,32,0,0,198
556.43,1544765628,12597.80,51.482345,7.398547,189.68,2.19,0.00,43.54,0,-102,-16,0,0,33,0,0,206
557.42,1544765629,12599.97,51.482359,7.398567,189.64,1.26,0.00,41.23,0,-96,-9,0,0,33,0,0,205
557.42,1544765629,12599.97,51.482359,7.398567,189.64,1.26,0.00,41.23,0,-101,-13,0,0,32,0,0,198
557.42,1544765629,12599.97,51.482359,7.398567,189.64,1.26,0.00,41.23,0,-102,-16,0,0,33,0,0,206
558.42,1544765630,12601.22,51.482366,7.398574,189.59,0.42,0.00,41.23,0,-96,-9,0,0,33,0,0,205
558.42,1544765630,12601.22,51.482366,7.398574,189.59,0.42,0.00,41.23,0,-101,-13,0,0,32,0,0,198
558.42,1544765630,12601.22,51.482366,7.398574,189.59,0.42,0.00,41.23,0,-102,-16,0,0,33,0,0,206
559.42,1544765631,12601.64,51.482366,7.398574,189.59,0.00,0.00,41.23,0,-99,-12,0,0,31,0,0,198
559.42,1544765631,12601.64,51.482366,7.398574,189.59,0.00,0.00,41.23,0,-99,-11,0,0,31,0,0,205
560.42,1544765632,12601.64,51.482366,7.398574,189.59,0.00,0.00,41.23,0,-99,-12,0,0,31,0,0,198
560.42,1544765632,12601.64,51.482366,7.398574,189.59,0.00,0.00,41.23,0,-99,-11,0,0,31,0,0,205
561.41,1544765633,12601.64,51.482366,7.398574,189.59,0.00,0.00,41.23,0,-95,-9,0,0,33,0,0,205
561.41,1544765633,12601.64,51.482366,7.398574,189.59,0.00,0.00,41.23,0,-100,-14,0,0,33,0,0,198
562.42,1544765634,12601.64,51.482366,7.398574,189.60,0.00,0.00,41.23,0,-95,-9,0,0,33,0,0,205
562.42,1544765634,12601.64,51.482366,7.398574,189.60,0.00,0.00,41.23,0,-100,-14,0,0,33,0,0,198
563.42,1544765635,12601.64,51.482366,7.398574,189.61,0.00,0.00,41.23,0,-95,-9,0,0,33,0,0,205
563.42,1544765635,12601.64,51.482366,7.398574,189.61,0.00,0.00,41.23,0,-100,-13,0,0,33,0,0,198
564.42,1544765636,12601.64,51.482366,7.398574,189.61,0.00,0.00,41.23,0,-95,-9,0,0,33,0,0,205
564.42,1544765636,12601.64,51.482366,7.398574,189.61,0.00,0.00,41.23,0,-100,-13,0,0,33,0,0,198
565.42,1544765637,12601.64,51.482366,7.398574,189.62,0.00,0.00,41.23,0,-94,-8,0,0,33,0,0,205
565.42,1544765637,12601.64,51.482366,7.398574,189.62,0.00,0.00,41.23,0,-100,-14,0,0,32,0,0,198
566.42,1544765638,12601.64,51.482366,7.398574,189.63,0.00,0.00,41.23,0,-94,-8,0,0,33,0,0,205
566.42,1544765638,12601.64,51.482366,7.398574,189.63,0.00,0.00,41.23,0,-100,-14,0,0,32,0,0,198
567.42,1544765639,12601.64,51.482366,7.398574,189.63,0.00,0.00,41.23,0,-94,-9,0,0,34,0,0,205
568.42,1544765640,12601.64,51.482366,7.398574,189.64,0.00,0.00,41.23,0,-94,-9,0,0,34,0,0,205
569.42,1544765641,12601.64,51.482366,7.398574,189.65,0.00,0.00,41.23,0,-94,-8,0,0,33,0,0,205
569.42,1544765641,12601.64,51.482366,7.398574,189.65,0.00,0.00,41.23,0,-100,-13,0,0,33,0,0,198
570.44,1544765642,12601.64,51.482366,7.398574,189.66,0.00,0.00,41.23,0,-94,-8,0,0,33,0,0,205
570.45,1544765642,12601.64,51.482366,7.398574,189.66,0.00,0.00,41.23,0,-100,-13,0,0,33,0,0,198
571.41,1544765643,12601.64,51.482366,7.398574,189.66,0.00,0.00,41.23,0,-93,-8,0,0,33,0,0,205
571.41,1544765643,12601.64,51.482366,7.398574,189.66,0.00,0.00,41.23,0,-100,-13,0,0,33,0,0,198
572.42,1544765644,12601.64,51.482366,7.398574,189.67,0.00,0.00,41.23,0,-93,-8,0,0,33,0,0,205
572.42,1544765644,12601.64,51.482366,7.398574,189.67,0.00,0.00,41.23,0,-100,-13,0,0,33,0,0,198
573.41,1544765645,12601.64,51.482366,7.398574,189.68,0.00,0.00,41.23,0,-96,-10,0,0,35,0,0,205
573.41,1544765645,12601.64,51.482366,7.398574,189.68,0.00,0.00,41.23,0,-101,-15,0,0,34,0,0,198
574.42,1544765646,12601.64,51.482366,7.398574,189.68,0.00,0.00,41.23,0,-96,-10,0,0,35,0,0,205
574.42,1544765646,12601.64,51.482366,7.398574,189.68,0.00,0.00,41.23,0,-101,-15,0,0,34,0,0,198
575.41,1544765647,12601.64,51.482366,7.398574,189.68,0.00,0.00,41.23,0,-96,-8,0,0,31,0,0,205
575.41,1544765647,12601.64,51.482366,7.398574,189.68,0.00,0.00,41.23,0,-101,-13,0,0,31,0,0,198
575.41,1544765647,12601.64,51.482366,7.398574,189.68,0.00,0.00,41.23,0,-103,-13,0,0,29,0,0,38
576.42,1544765648,12601.64,51.482366,7.398574,189.69,0.00,0.00,41.23,0,-96,-8,0,0,31,0,0,205
576.42,1544765648,12601.64,51.482366,7.398574,189.69,0.00,0.00,41.23,0,-101,-13,0,0,31,0,0,198
576.42,1544765648,12601.64,51.482366,7.398574,189.69,0.00,0.00,41.23,0,-103,-13,0,0,29,0,0,38
577.43,1544765649,12601.64,51.482366,7.398574,189.71,0.00,0.00,50.51,0,-97,-11,0,0,33,0,0,205
577.43,1544765649,12601.64,51.482366,7.398574,189.71,0.00,0.00,50.51,0,-100,-14,0,0,34,0,0,198
577.43,1544765649,12601.64,51.482366,7.398574,189.71,0.00,0.00,50.51,0,-104,-14,0,0,31,0,0,36
578.42,1544765650,12601.64,51.482366,7.398574,189.99,0.00,0.00,47.83,0,-97,-11,0,0,33,0,0,205
578.42,1544765650,12601.64,51.482366,7.398574,189.99,0.00,0.00,47.83,0,-100,-14,0,0,34,0,0,198
578.42,1544765650,12601.64,51.482366,7.398574,189.99,0.00,0.00,47.83,0,-104,-14,0,0,31,0,0,36
579.42,1544765651,12601.65,51.482451,7.398703,190.30,8.11,0.00,44.79,0,-97,-11,0,0,33,0,0,205
579.42,1544765651,12601.65,51.482451,7.398703,190.30,8.11,0.00,44.79,0,-100,-14,0,0,34,0,0,198
579.42,1544765651,12601.66,51.482451,7.398703,190.30,8.11,0.00,44.79,0,-104,-14,0,0,31,0,0,36
580.42,1544765652,12609.76,51.482519,7.398798,190.45,9.51,0.00,42.58,0,-99,-12,0,0,32,0,0,205
580.42,1544765652,12609.76,51.482519,7.398798,190.45,9.51,0.00,42.58,0,-100,-14,0,0,32,0,0,198
580.42,1544765652,12609.77,51.482519,7.398798,190.45,9.51,0.00,42.58,0,-101,-13,0,0,31,0,0,36
581.41,1544765653,12619.22,51.482595,7.398893,190.47,10.68,0.00,40.44,0,-99,-12,0,0,32,0,0,205
581.41,1544765653,12619.23,51.482595,7.398893,190.47,10.68,0.00,40.44,0,-100,-14,0,0,32,0,0,198
581.41,1544765653,12619.23,51.482595,7.398893,190.47,10.68,0.00,40.44,0,-101,-13,0,0,31,0,0,36
582.41,1544765654,12629.90,51.482681,7.398994,190.44,10.73,0.00,38.69,0,-93,-13,0,0,37,0,0,198
583.42,1544765655,12640.71,51.482764,7.399084,190.41,10.88,0.00,37.34,0,-93,-13,0,0,37,0,0,198
584.41,1544765656,12651.51,51.482850,7.399172,190.18,12.11,0.00,35.39,0,-98,-15,0,0,35,0,0,198
585.42,1544765657,12663.66,51.482937,7.399263,189.90,12.92,0.00,34.51,0,-98,-15,0,0,35,0,0,198
586.42,1544765658,12676.57,51.483038,7.399358,189.67,14.09,0.00,34.09,0,-99,-14,0,0,36,0,0,198
587.42,1544765659,12690.68,51.483151,7.399466,189.77,15.10,0.00,33.34,0,-99,-14,0,0,36,0,0,198
594.42,1544765666,12803.69,51.484018,7.400389,190.88,16.68,0.00,36.64,0,-100,-13,0,0,33,0,0,38
594.42,1544765666,12803.69,51.484018,7.400389,190.88,16.68,0.00,36.64,0,-100,-13,0,0,33,0,0,361
595.42,1544765667,12820.35,51.484139,7.400536,190.80,16.80,0.00,37.28,0,-100,-13,0,0,33,0,0,38
595.42,1544765667,12820.37,51.484139,7.400536,190.80,16.80,0.00,37.28,0,-100,-13,0,0,33,0,0,361
596.42,1544765668,12837.15,51.484254,7.400686,190.65,16.54,0.00,38.22,0,-97,-9,0,0,32,0,0,361
597.42,1544765669,12853.67,51.484365,7.400832,190.25,16.32,0.00,39.19,0,-97,-9,0,0,32,0,0,361
598.42,1544765670,12870.09,51.484476,7.400990,190.00,16.28,0.00,40.08,0,-95,-9,0,0,33,0,0,361
599.42,1544765671,12886.25,51.484587,7.401154,189.99,16.19,0.00,40.95,0,-95,-9,0,0,33,0,0,361
600.42,1544765672,12902.41,51.484696,7.401326,189.88,16.32,0.00,41.86,0,-95,-9,0,0,33,0,0,361
601.42,1544765673,12918.76,51.484799,7.401490,189.72,16.24,0.00,42.72,0,-97,-7,0,0,31,0,0,361
602.42,1544765674,12935.01,51.484904,7.401653,189.49,16.12,0.00,42.24,0,-97,-7,0,0,31,0,0,361
603.42,1544765675,12951.12,51.485007,7.401813,189.16,16.14,0.00,41.29,0,-99,-11,0,0,31,0,0,361
603.42,1544765675,12951.14,51.485007,7.401813,189.16,16.14,0.00,41.29,0,-102,-13,0,0,31,0,0,38
604.42,1544765676,12967.24,51.485113,7.401972,188.94,15.87,0.00,42.30,0,-99,-11,0,0,31,0,0,361
604.42,1544765676,12967.26,51.485113,7.401972,188.94,15.87,0.00,42.30,0,-102,-13,0,0,31,0,0,38
605.42,1544765677,12983.11,51.485209,7.402127,188.71,15.66,0.00,43.86,0,-98,-10,0,0,31,0,0,38
606.42,1544765678,12998.77,51.485298,7.402280,188.49,14.97,0.00,45.47,0,-98,-10,0,0,31,0,0,38
613.42,1544765685,13072.42,51.485782,7.402696,185.66,8.76,0.00,329.61,0,-101,-10,0,0,27,0,0,361
613.42,1544765685,13072.43,51.485782,7.402696,185.66,8.76,0.00,329.61,0,-106,-14,0,0,27,0,0,38
614.42,1544765686,13081.18,51.485841,7.402632,185.44,10.21,0.00,326.65,0,-101,-10,0,0,27,0,0,361
614.42,1544765686,13081.19,51.485841,7.402632,185.44,10.21,0.00,326.65,0,-106,-14,0,0,27,0,0,38
615.42,1544765687,13091.40,51.485915,7.402550,185.46,10.59,0.00,325.40,0,-105,-11,0,0,26,0,0,361
616.42,1544765688,13101.97,51.485998,7.402457,185.32,11.41,0.00,324.58,0,-105,-11,0,0,26,0,0,361
617.42,1544765689,13113.39,51.486082,7.402361,185.13,11.86,0.00,324.94,0,-99,-9,0,0,29,0,0,361
618.42,1544765690,13125.25,51.486176,7.402259,184.87,12.10,0.00,326.77,0,-99,-9,0,0,29,0,0,361
619.43,1544765691,13137.48,51.486267,7.402164,184.86,12.37,0.00,328.24,0,-98,-11,0,0,32,0,0,38
619.43,1544765691,13137.48,51.486267,7.402164,184.86,12.37,0.00,328.24,0,-98,-11,0,0,31,0,0,361
619.43,1544765691,13137.50,51.486267,7.402164,184.86,12.37,0.00,328.24,0,-102,-15,0,0,33,0,0,263
619.43,1544765691,13137.51,51.486267,7.402164,184.86,12.37,0.00,328.24,0,-103,-16,0,0,33,0,0,418
620.42,1544765692,13149.76,51.486372,7.402069,185.25,12.85,0.00,330.24,0,-98,-11,0,0,32,0,0,38
620.42,1544765692,13149.77,51.486372,7.402069,185.25,12.85,0.00,330.24,0,-98,-11,0,0,31,0,0,361
620.42,1544765692,13149.78,51.486372,7.402069,185.25,12.85,0.00,330.24,0,-102,-15,0,0,33,0,0,263
620.42,1544765692,13149.79,51.486372,7.402069,185.25,12.85,0.00,330.24,0,-103,-16,0,0,33,0,0,418
621.42,1544765693,13162.61,51.486472,7.401990,185.71,13.04,0.00,332.75,0,-98,-11,0,0,32,0,0,38
621.42,1544765693,13162.62,51.486472,7.401990,185.71,13.04,0.00,332.75,0,-98,-11,0,0,31,0,0,361
621.42,1544765693,13162.63,51.486472,7.401990,185.71,13.04,0.00,332.75,0,-102,-15,0,0,33,0,0,263
621.42,1544765693,13162.64,51.486472,7.401990,185.71,13.04,0.00,332.75,0,-103,-16,0,0,33,0,0,418
622.42,1544765694,13175.64,51.486578,7.401913,185.72,13.09,0.00,335.24,0,-97,-11,0,0,32,0,0,361
622.42,1544765694,13175.66,51.486578,7.401913,185.72,13.09,0.00,335.24,0,-101,-13,0,0,32,0,0,38
623.42,1544765695,13188.74,51.486692,7.401845,185.58,13.48,0.00,338.06,0,-97,-11,0,0,32,0,0,361
623.42,1544765695,13188.75,51.486692,7.401845,185.58,13.48,0.00,338.06,0,-101,-13,0,0,32,0,0,38
624.42,1544765696,13202.21,51.486811,7.401790,185.61,13.60,0.00,340.62,0,-98,-13,0,0,33,0,0,361
624.42,1544765696,13202.23,51.486811,7.401790,185.61,13.60,0.00,340.62,0,-103,-16,0,0,32,0,0,169
624.42,1544765696,13202.24,51.486811,7.401790,185.61,13.60,0.00,340.62,0,-104,-19,0,0,34,0,0,358
625.42,1544765697,13215.78,51.486935,7.401740,185.25,13.69,0.00,343.35,0,-98,-13,0,0,33,0,0,361
625.42,1544765697,13215.79,51.486935,7.401740,185.25,13.69,0.00,343.35,0,-103,-16,0,0,32,0,0,169
625.42,1544765697,13215.79,51.486935,7.401740,185.25,13.69,0.00,343.35,0,-104,-19,0,0,34,0,0,358
626.42,1544765698,13229.49,51.487049,7.401708,184.88,13.62,0.00,345.56,0,-104,-15,0,0,30,0,0,361
626.42,1544765698,13229.51,51.487049,7.401708,184.88,13.62,0.00,345.56,0,-104,-13,0,0,29,0,0,169
626.42,1544765698,13229.52,51.487049,7.401708,184.88,13.62,0.00,345.56,0,-106,-18,0,0,30,0,0,36
626.42,1544765698,13229.52,51.487049,7.401708,184.88,13.62,0.00,345.56,0,-107,-18,0,0,32,0,0,358
627.42,1544765699,13243.11,51.487170,7.401685,184.27,13.89,0.00,348.60,0,-104,-15,0,0,30,0,0,361
627.42,1544765699,13243.13,51.487170,7.401685,184.27,13.89,0.00,348.60,0,-104,-13,0,0,29,0,0,169
627.42,1544765699,13243.13,51.487170,7.401685,184.27,13.89,0.00,348.60,0,-106,-18,0,0,30,0,0,36
627.42,1544765699,13243.14,51.487170,7.401685,184.27,13.89,0.00,348.60,0,-107,-18,0,0,32,0,0,358
628.42,1544765700,13256.99,51.487307,7.401664,183.44,14.14,0.00,351.20,0,-101,-17,0,0,37,0,0,361
629.42,1544765701,13271.13,51.487441,7.401647,182.77,14.11,0.00,353.64,0,-101,-17,0,0,37,0,0,361
630.42,1544765702,13285.25,51.487580,7.401642,182.11,14.15,0.00,355.91,0,-98,-10,0,0,34,0,0,169
631.42,1544765703,13299.41,51.487711,7.401649,181.33,14.09,0.00,357.67,0,-98,-10,0,0,34,0,0,169
632.42,1544765704,13313.49,51.487841,7.401657,180.48,14.03,0.00,358.86,0,-101,-18,0,0,35,0,0,361
632.42,1544765704,13313.50,51.487841,7.401657,180.48,14.03,0.00,358.86,0,-102,-18,0,0,36,0,0,358
632.42,1544765704,13313.52,51.487841,7.401657,180.48,14.03,0.00,358.86,0,-105,-19,0,0,35,0,0,169
633.42,1544765705,13327.54,51.487953,7.401669,179.74,13.97,0.00,359.71,0,-101,-18,0,0,35,0,0,361
633.42,1544765705,13327.55,51.487953,7.401669,179.74,13.97,0.00,359.71,0,-102,-18,0,0,36,0,0,358
633.42,1544765705,13327.55,51.487953,7.401669,179.74,13.97,0.00,359.71,0,-105,-19,0,0,35,0,0,169
634.42,1544765706,13341.50,51.488082,7.401680,179.17,13.78,0.00,0.57,0,-107,-18,0,0,31,0,0,361
634.42,1544765706,13341.51,51.488082,7.401680,179.17,13.78,0.00,0.57,0,-108,-18,0,0,31,0,0,207
635.42,1544765707,13355.28,51.488199,7.401693,178.63,13.78,0.00,0.19,0,-107,-18,0,0,31,0,0,361
635.42,1544765707,13355.29,51.488199,7.401693,178.63,13.78,0.00,0.19,0,-108,-18,0,0,31,0,0,207
636.42,1544765708,13369.07,51.488317,7.401706,178.19,13.57,0.00,0.15,0,-102,-16,0,0,34,0,0,207
636.42,1544765708,13369.09,51.488317,7.401706,178.19,13.57,0.00,0.15,0,-105,-17,0,0,34,0,0,209
636.42,1544765708,13369.09,51.488317,7.401706,178.19,13.57,0.00,0.15,0,-105,-19,0,0,33,0,0,303
637.42,1544765709,13382.64,51.488448,7.401714,177.76,13.54,0.00,0.18,0,-102,-16,0,0,34,0,0,207
637.42,1544765709,13382.64,51.488448,7.401714,177.76,13.54,0.00,0.18,0,-105,-17,0,0,34,0,0,209
637.42,1544765709,13382.65,51.488448,7.401714,177.76,13.54,0.00,0.18,0,-105,-19,0,0,33,0,0,303
638.42,1544765710,13396.18,51.488575,7.401723,177.32,13.39,0.00,359.88,0,-107,-17,0,0,31,0,0,361
639.42,1544765711,13409.56,51.488696,7.401723,177.10,13.31,0.00,359.93,0,-107,-17,0,0,31,0,0,361
642.43,1544765714,13448.30,51.489012,7.401732,176.98,11.47,0.00,0.33,0,-108,-14,0,0,27,0,0,209
643.42,1544765715,13459.62,51.489113,7.401739,176.57,10.33,0.00,0.12,0,-108,-14,0,0,27,0,0,209
644.41,1544765716,13469.94,51.489198,7.401745,176.03,8.54,0.00,0.46,0,-108,-14,0,0,27,0,0,209
651.42,1544765723,13519.15,51.489417,7.402235,176.25,9.28,0.00,86.56,0,-107,-11,0,0,24,0,0,209
651.42,1544765723,13519.16,51.489417,7.402235,176.25,9.28,0.00,86.56,0,-108,-11,0,0,23,0,0,207
651.42,1544765723,13519.17,51.489417,7.402235,176.25,9.28,0.00,86.56,0,-125,-15,0,0,10,0,0,123
652.42,1544765724,13528.42,51.489416,7.402383,176.33,10.08,0.00,88.02,0,-107,-11,0,0,24,0,0,209
652.42,1544765724,13528.43,51.489416,7.402383,176.33,10.08,0.00,88.02,0,-108,-11,0,0,23,0,0,207
652.42,1544765724,13528.44,51.489416,7.402383,176.33,10.08,0.00,88.02,0,-125,-15,0,0,10,0,0,123
655.42,1544765727,13561.17,51.489409,7.402871,177.19,11.20,0.00,90.24,0,-108,-19,0,0,31,0,0,207
656.42,1544765728,13572.35,51.489404,7.403033,177.21,11.24,0.00,91.19,0,-108,-19,0,0,31,0,0,207
657.42,1544765729,13583.58,51.489400,7.403184,177.29,11.60,0.00,90.52,0,-124,-15,0,0,11,0,0,123
658.42,1544765730,13595.19,51.489288,7.403313,176.90,12.31,0.00,90.57,0,-124,-15,0,0,11,0,0,123
661.42,1544765733,13632.96,51.489391,7.403910,178.43,12.99,0.00,90.42,0,-111,-17,0,0,26,0,0,207
661.42,1544765733,13632.97,51.489391,7.403910,178.43,12.99,0.00,90.42,0,-113,-17,0,0,25,0,0,169
662.42,1544765734,13645.93,51.489389,7.404096,178.95,13.16,0.00,90.90,0,-111,-17,0,0,26,0,0,207
662.42,1544765734,13645.95,51.489389,7.404096,178.95,13.16,0.00,90.90,0,-113,-17,0,0,25,0,0,169
663.43,1544765735,13659.24,51.489387,7.404292,179.49,13.32,0.00,91.12,0,-109,-11,0,0,22,0,0,200
663.43,1544765735,13659.25,51.489387,7.404292,179.49,13.32,0.00,91.12,0,-111,-16,0,0,24,0,0,168
663.43,1544765735,13659.26,51.489387,7.404292,179.49,13.32,0.00,91.12,0,-111,-16,0,0,24,0,0,169
663.43,1544765735,13659.26,51.489387,7.404292,179.49,13.32,0.00,91.12,0,-112,-17,0,0,23,0,0,263
663.43,1544765735,13659.28,51.489387,7.404292,179.49,13.32,0.00,91.12,0,-113,-17,0,0,24,0,0,207
664.42,1544765736,13672.44,51.489384,7.404495,179.87,13.46,0.00,91.32,0,-109,-11,0,0,22,0,0,200
664.42,1544765736,13672.45,51.489384,7.404495,179.87,13.46,0.00,91.32,0,-111,-16,0,0,24,0,0,168
664.42,1544765736,13672.47,51.489384,7.404495,179.87,13.46,0.00,91.32,0,-111,-16,0,0,24,0,0,169
664.42,1544765736,13672.47,51.489384,7.404495,179.87,13.46,0.00,91.32,0,-112,-17,0,0,23,0,0,263
664.42,1544765736,13672.48,51.489384,7.404495,179.87,13.46,0.00,91.32,0,-113,-17,0,0,24,0,0,207
665.42,1544765737,13685.90,51.489382,7.404689,180.26,13.39,0.00,90.78,0,-109,-11,0,0,22,0,0,200
665.42,1544765737,13685.91,51.489382,7.404689,180.26,13.39,0.00,90.78,0,-111,-16,0,0,24,0,0,168
665.42,1544765737,13685.93,51.489382,7.404689,180.26,13.39,0.00,90.78,0,-111,-16,0,0,24,0,0,169
665.42,1544765737,13685.93,51.489382,7.404689,180.26,13.39,0.00,90.78,0,-112,-17,0,0,23,0,0,263
665.42,1544765737,13685.94,51.489382,7.404689,180.26,13.39,0.00,90.78,0,-113,-17,0,0,24,0,0,207
666.42,1544765738,13699.27,51.489380,7.404882,180.74,13.11,0.00,90.39,0,-113,-15,0,0,22,0,0,207
666.42,1544765738,13699.28,51.489380,7.404882,180.74,13.11,0.00,90.39,0,-113,-16,0,0,21,0,0,168
666.42,1544765738,13699.30,51.489380,7.404882,180.74,13.11,0.00,90.39,0,-114,-16,0,0,20,0,0,169
666.42,1544765738,13699.31,51.489380,7.404882,180.74,13.11,0.00,90.39,0,-115,-17,0,0,22,0,0,263
667.42,1544765739,13712.39,51.489382,7.405080,181.36,12.91,0.00,89.85,0,-113,-15,0,0,22,0,0,207
667.42,1544765739,13712.40,51.489382,7.405080,181.36,12.91,0.00,89.85,0,-113,-16,0,0,21,0,0,168
667.42,1544765739,13712.40,51.489382,7.405080,181.36,12.91,0.00,89.85,0,-114,-16,0,0,20,0,0,169
667.42,1544765739,13712.42,51.489382,7.405080,181.36,12.91,0.00,89.85,0,-115,-17,0,0,22,0,0,263
668.42,1544765740,13725.30,51.489382,7.405273,181.96,12.95,0.00,89.08,0,-109,-13,0,0,23,0,0,207
668.42,1544765740,13725.30,51.489382,7.405273,181.96,12.95,0.00,89.08,0,-111,-16,0,0,23,0,0,263
668.42,1544765740,13725.32,51.489382,7.405273,181.96,12.95,0.00,89.08,0,-113,-16,0,0,22,0,0,200
668.42,1544765740,13725.33,51.489382,7.405273,181.96,12.95,0.00,89.08,0,-114,-17,0,0,23,0,0,385
669.42,1544765741,13738.25,51.489388,7.405448,182.11,13.09,0.00,87.52,0,-109,-13,0,0,23,0,0,207
669.42,1544765741,13738.25,51.489388,7.405448,182.11,13.09,0.00,87.52,0,-111,-16,0,0,23,0,0,263
669.42,1544765741,13738.27,51.489388,7.405448,182.11,13.09,0.00,87.52,0,-113,-16,0,0,22,0,0,200
669.42,1544765741,13738.28,51.489388,7.405448,182.11,13.09,0.00,87.52,0,-114,-17,0,0,23,0,0,385
670.42,1544765742,13751.37,51.489396,7.405633,182.06,12.97,0.00,85.95,0,-109,-14,0,0,26,0,0,303
670.42,1544765742,13751.39,51.489396,7.405633,182.06,12.97,0.00,85.95,0,-109,-17,0,0,26,0,0,207
670.42,1544765742,13751.40,51.489396,7.405633,182.06,12.97,0.00,85.95,0,-109,-13,0,0,23,0,0,200
670.42,1544765742,13751.40,51.489396,7.405633,182.06,12.97,0.00,85.95,0,-112,-16,0,0,23,0,0,263
670.42,1544765742,13751.41,51.489396,7.405633,182.06,12.97,0.00,85.95,0,-112,-19,0,0,26,0,0,385
670.43,1544765742,13751.42,51.489396,7.405633,182.06,12.97,0.00,85.95,0,-113,-18,0,0,23,0,0,410
670.43,1544765742,13751.44,51.489396,7.405633,182.06,12.97,0.00,85.95,0,-114,-19,0,0,25,0,0,104
671.42,1544765743,13764.35,51.489409,7.405821,182.27,12.95,0.00,84.11,0,-109,-14,0,0,26,0,0,303
671.42,1544765743,13764.36,51.489409,7.405821,182.27,12.95,0.00,84.11,0,-109,-17,0,0,26,0,0,207
671.42,1544765743,13764.38,51.489409,7.405821,182.27,12.95,0.00,84.11,0,-109,-13,0,0,23,0,0,200
671.42,1544765743,13764.38,51.489409,7.405821,182.27,12.95,0.00,84.11,0,-112,-16,0,0,23,0,0,263
671.43,1544765743,13764.39,51.489409,7.405821,182.27,12.95,0.00,84.11,0,-112,-19,0,0,26,0,0,385
671.43,1544765743,13764.40,51.489409,7.405821,182.27,12.95,0.00,84.11,0,-113,-18,0,0,23,0,0,410
671.43,1544765743,13764.42,51.489409,7.405821,182.27,12.95,0.00,84.11,0,-114,-19,0,0,25,0,0,104
672.42,1544765744,13777.21,51.489425,7.405986,182.27,13.12,0.00,82.25,0,-108,-17,0,0,30,0,0,207
672.42,1544765744,13777.21,51.489425,7.405986,182.27,13.12,0.00,82.25,0,-110,-19,0,0,27,0,0,158
672.42,1544765744,13777.22,51.489425,7.405986,182.27,13.12,0.00,82.25,0,-110,-17,0,0,29,0,0,385
672.42,1544765744,13777.22,51.489425,7.405986,182.27,13.12,0.00,82.25,0,-110,-18,0,0,31,0,0,303
672.42,1544765744,13777.22,51.489425,7.405986,182.27,13.12,0.00,82.25,0,-110,-19,0,0,30,0,0,500
672.42,1544765744,13777.24,51.489425,7.405986,182.27,13.12,0.00,82.25,0,-111,-19,0,0,30,0,0,200
672.42,1544765744,13777.24,51.489425,7.405986,182.27,13.12,0.00,82.25,0,-117,-13,0,0,16,0,0,162
672.42,1544765744,13777.24,51.489425,7.405986,182.27,13.12,0.00,82.25,0,-118,-14,0,0,16,0,0,497
672.42,1544765744,13777.25,51.489425,7.405986,182.27,13.12,0.00,82.25,0,-118,-14,0,0,16,0,0,337
673.42,1544765745,13790.44,51.489447,7.406169,182.62,13.17,0.00,80.76,0,-108,-17,0,0,30,0,0,207
673.42,1544765745,13790.45,51.489447,7.406169,182.62,13.17,0.00,80.76,0,-110,-19,0,0,27,0,0,158
673.43,1544765745,13790.46,51.489447,7.406169,182.62,13.17,0.00,80.76,0,-110,-17,0,0,29,0,0,385
673.43,1544765745,13790.46,51.489447,7.406169,182.62,13.17,0.00,80.76,0,-110,-18,0,0,31,0,0,303
673.43,1544765745,13790.48,51.489447,7.406169,182.62,13.17,0.00,80.76,0,-110,-19,0,0,30,0,0,500
673.43,1544765745,13790.49,51.489447,7.406169,182.62,13.17,0.00,80.76,0,-111,-19,0,0,30,0,0,200
673.43,1544765745,13790.49,51.489447,7.406169,182.62,13.17,0.00,80.76,0,-117,-13,0,0,16,0,0,162
673.43,1544765745,13790.50,51.489447,7.406169,182.62,13.17,0.00,80.76,0,-118,-14,0,0,16,0,0,497
673.43,1544765745,13790.52,51.489447,7.406169,182.62,13.17,0.00,80.76,0,-118,-14,0,0,16,0,0,337
676.42,1544765748,13829.86,51.489534,7.406740,186.17,13.38,0.00,78.45,0,-113,-11,0,0,16,0,0,337
677.42,1544765749,13843.20,51.489562,7.406943,187.17,13.55,0.00,78.03,0,-113,-11,0,0,16,0,0,337
678.42,1544765750,13856.77,51.489593,7.407160,187.90,13.61,0.00,77.57,0,-111,-9,0,0,16,0,0,337
678.42,1544765750,13856.79,51.489593,7.407160,187.90,13.61,0.00,77.57,0,-115,-15,0,0,20,0,0,169
679.41,1544765751,13870.33,51.489620,7.407339,188.19,13.61,0.00,77.57,0,-111,-9,0,0,16,0,0,337
679.41,1544765751,13870.33,51.489620,7.407339,188.19,13.61,0.00,77.57,0,-115,-15,0,0,20,0,0,169
680.42,1544765752,13884.01,51.489650,7.407516,188.68,13.52,0.00,77.89,0,-108,-8,0,0,19,0,0,337
680.42,1544765752,13884.01,51.489650,7.407516,188.68,13.52,0.00,77.89,0,-115,-14,0,0,19,0,0,316
681.41,1544765753,13897.46,51.489681,7.407705,188.94,13.57,0.00,78.42,0,-108,-8,0,0,19,0,0,337
681.41,1544765753,13897.46,51.489681,7.407705,188.94,13.57,0.00,78.42,0,-115,-14,0,0,19,0,0,316
682.42,1544765754,13911.09,51.489709,7.407907,189.38,13.45,0.00,78.91,0,-104,-12,0,0,26,0,0,207
682.42,1544765754,13911.10,51.489709,7.407907,189.38,13.45,0.00,78.91,0,-106,-11,0,0,26,0,0,200
683.42,1544765755,13924.54,51.489735,7.408100,189.80,13.62,0.00,79.50,0,-104,-12,0,0,26,0,0,207
683.42,1544765755,13924.55,51.489735,7.408100,189.80,13.62,0.00,79.50,0,-106,-11,0,0,26,0,0,200
684.43,1544765756,13938.27,51.489759,7.408289,189.90,13.74,0.00,79.55,0,-107,-9,0,0,21,0,0,385
684.43,1544765756,13938.28,51.489759,7.408289,189.90,13.74,0.00,79.55,0,-103,-8,0,0,27,0,0,207
685.42,1544765757,13951.89,51.489783,7.408487,189.60,14.10,0.00,79.10,0,-107,-9,0,0,21,0,0,385
685.42,1544765757,13951.90,51.489783,7.408487,189.60,14.10,0.00,79.10,0,-103,-8,0,0,27,0,0,207
686.42,1544765758,13966.00,51.489808,7.408686,189.05,14.37,0.00,78.63,0,-107,-9,0,0,21,0,0,385
686.42,1544765758,13966.00,51.489808,7.408686,189.05,14.37,0.00,78.63,0,-103,-8,0,0,27,0,0,207
687.42,1544765759,13980.36,51.489833,7.408895,188.10,14.58,0.00,78.00,0,-109,-9,0,0,20,0,0,385
688.42,1544765760,13994.92,51.489858,7.409099,187.04,14.70,0.00,78.11,0,-109,-9,0,0,20,0,0,385
689.42,1544765761,14009.63,51.489887,7.409303,185.95,14.56,0.00,77.27,0,-108,-8,0,0,19,0,0,385
690.43,1544765762,14024.31,51.489914,7.409494,184.73,14.54,0.00,77.42,0,-108,-8,0,0,19,0,0,385
691.41,1544765763,14038.68,51.489942,7.409702,183.55,14.77,0.00,77.97,0,-107,-9,0,0,23,0,0,385
692.42,1544765764,14053.50,51.489968,7.409922,182.64,14.01,0.00,78.44,0,-107,-9,0,0,23,0,0,385
693.42,1544765765,14067.51,51.489989,7.410105,181.48,13.29,0.00,78.08,0,-109,-10,0,0,20,0,0,385
694.41,1544765766,14080.75,51.490011,7.410277,180.20,13.06,0.00,78.53,0,-109,-10,0,0,20,0,0,385
