time_s,timestamp_ms,distance_m,latitude,longitude,altitude,velocity_mps,acceleration_mpss,direction,isRegistered,rsrp_dbm,rsrq_db,rssnr_db,cqi,ss,ta,ci,pci
0.06,1545110765,0.00,51.449989,7.488276,254.23,8.42,0.00,167.49,1,-99,-10,10,5,42,7,28371201,66
1.07,1545110766,8.52,51.449989,7.488276,254.23,8.42,0.00,167.49,1,-99,-9,10,12,41,7,28371201,66
2.07,1545110767,16.87,51.449916,7.488312,253.88,9.00,0.59,167.90,1,-99,-9,10,12,41,7,28371201,66
3.07,1545110768,25.87,51.449832,7.488339,253.95,9.58,0.57,168.52,1,-99,-9,10,12,41,7,28371201,66
4.06,1545110769,35.43,51.449747,7.488365,253.58,10.08,0.51,169.91,1,-101,-10,7,11,40,7,28371201,66
5.06,1545110770,45.52,51.449650,7.488396,252.88,11.12,1.03,170.75,1,-101,-10,7,11,40,7,28371201,66
6.06,1545110771,56.64,51.449553,7.488416,252.41,11.60,0.48,172.35,1,-101,-9,8,11,39,7,28371201,66
7.06,1545110772,68.24,51.449442,7.488433,251.94,12.09,0.49,174.63,1,-101,-9,8,11,39,7,28371201,66
8.07,1545110773,80.34,51.449331,7.488444,251.64,13.13,1.04,175.23,1,-101,-9,11,9,39,7,28371201,66
9.07,1545110774,93.46,51.449198,7.488450,251.34,13.14,0.01,177.46,1,-101,-9,11,9,39,7,28371201,66
10.06,1545110775,106.59,51.449068,7.488445,250.94,13.34,0.20,179.84,1,-101,-8,4,11,39,7,28371201,66
11.06,1545110776,119.93,51.448941,7.488426,250.72,13.83,0.49,181.32,1,-101,-8,4,11,39,7,28371201,66
12.06,1545110777,133.75,51.448718,7.488359,250.82,13.23,-0.60,187.21,1,-102,-11,0,8,40,7,28371201,66
13.07,1545110778,147.02,51.448718,7.488359,250.82,13.23,0.00,187.21,1,-102,-11,0,8,40,7,28371201,66
14.07,1545110779,160.28,51.448592,7.488308,250.95,13.72,0.48,189.96,1,-105,-13,-5,7,41,7,28371201,66
15.07,1545110780,173.99,51.448473,7.488257,251.13,13.92,0.21,191.45,1,-105,-13,-5,7,41,7,28371201,66
16.07,1545110781,187.92,51.448342,7.488198,251.01,13.60,-0.32,192.90,1,-109,-14,-7,6,37,7,28371201,66
17.07,1545110782,201.54,51.448223,7.488135,251.16,13.93,0.33,193.64,1,-109,-14,-7,6,37,7,28371201,66
18.07,1545110783,215.44,51.448106,7.488072,251.26,13.78,-0.15,193.98,1,-106,-11,-4,6,34,9,27771909,271
19.06,1545110784,229.15,51.447985,7.488016,251.08,13.53,-0.25,193.56,1,-106,-11,-4,6,34,9,27771909,271
20.06,1545110785,242.67,51.447872,7.487968,250.98,13.46,-0.07,192.33,1,-106,-9,7,10,34,9,27771909,271
21.07,1545110786,256.19,51.447757,7.487922,251.24,12.72,-0.74,191.23,1,-106,-9,7,10,34,9,27771909,271
22.07,1545110787,268.95,51.447642,7.487885,251.42,12.80,0.08,190.30,1,-104,-11,1,7,40,9,27771909,271
23.07,1545110788,281.69,51.447528,7.487856,252.13,13.06,0.26,189.04,1,-104,-11,1,7,40,9,27771909,271
24.07,1545110789,294.74,51.447409,7.487837,253.01,13.21,0.15,187.02,1,-104,-11,1,7,40,9,27771909,271
25.06,1545110790,307.93,51.447279,7.487830,253.36,13.25,0.04,184.20,1,-105,-12,1,6,38,9,27771909,271
26.07,1545110791,321.21,51.447155,7.487866,253.58,13.54,0.29,171.25,1,-105,-12,1,6,38,9,27771909,271
27.06,1545110792,334.74,51.447041,7.487903,253.76,13.85,0.31,170.52,1,-105,-10,5,5,36,9,27771909,271
28.06,1545110793,348.59,51.446913,7.487958,253.51,14.01,0.16,169.30,1,-105,-10,5,5,36,9,27771909,271
29.07,1545110794,362.65,51.446788,7.488009,253.95,14.14,0.13,167.50,1,-107,-10,4,10,35,9,27771909,271
30.07,1545110795,376.83,51.446667,7.488067,254.53,14.26,0.12,165.20,1,-107,-10,4,10,35,9,27771909,271
31.07,1545110796,391.03,51.446549,7.488138,255.21,14.27,0.01,162.74,1,-107,-9,3,9,34,9,27771909,271
32.07,1545110797,405.34,51.446424,7.488226,256.15,14.68,0.41,159.54,1,-107,-9,3,9,34,9,27771909,271
33.07,1545110798,420.01,51.446308,7.488327,257.38,14.71,0.02,156.36,1,-104,-11,-2,5,40,9,27771909,271
34.07,1545110799,434.73,51.446188,7.488442,258.50,15.03,0.33,152.86,1,-104,-11,-2,5,40,9,27771909,271
35.06,1545110800,449.67,51.446075,7.488558,259.15,15.20,0.17,149.86,1,-105,-10,1,11,36,9,27771909,271
36.07,1545110801,464.92,51.445962,7.488692,259.32,14.98,-0.22,146.69,1,-105,-10,1,11,36,9,27771909,271
37.07,1545110802,479.91,51.445859,7.488839,259.88,14.66,-0.32,143.19,1,-102,-9,5,10,38,9,27771909,271
38.07,1545110803,494.57,51.445757,7.489003,260.58,14.60,-0.06,139.76,1,-102,-9,5,10,38,9,27771909,271
39.07,1545110804,509.19,51.445664,7.489176,261.39,14.75,0.15,136.52,1,-106,-11,1,8,36,9,27771909,271
40.07,1545110805,523.94,51.445575,7.489359,262.04,15.22,0.47,133.21,1,-106,-11,1,8,36,9,27771909,271
41.07,1545110806,539.15,51.445482,7.489548,262.36,15.47,0.25,131.12,1,-107,-11,1,5,35,13,28371201,271
42.07,1545110807,554.62,51.445397,7.489731,262.71,14.91,-0.56,129.78,1,-107,-11,1,5,35,13,28371201,271
43.07,1545110808,569.62,51.445320,7.489905,263.56,14.47,-0.44,129.00,1,-105,-10,-3,5,38,13,28371201,66
44.07,1545110809,583.99,51.445242,7.490082,264.59,14.77,0.30,128.02,1,-105,-10,-3,5,38,13,28371201,66
45.07,1545110810,598.80,51.445168,7.490250,265.47,14.62,-0.14,127.46,1,-105,-10,-3,5,38,13,28371201,66
46.06,1545110811,613.35,51.445096,7.490424,266.13,14.78,0.16,127.00,1,-106,-11,-2,10,34,13,28371201,66
47.06,1545110812,628.12,51.445018,7.490604,266.96,15.00,0.22,126.32,1,-106,-11,-2,10,34,13,28371201,66
48.06,1545110813,643.13,51.444935,7.490787,267.76,14.66,-0.34,126.96,1,-108,-11,2,9,32,6,27771907,272
49.06,1545110814,657.76,51.444867,7.490947,268.53,14.03,-0.62,126.36,1,-108,-11,2,9,32,6,27771907,272
50.07,1545110815,671.88,51.444795,7.491114,269.09,12.55,-1.48,126.58,1,-106,-9,3,6,33,6,27771907,272
51.07,1545110816,684.40,51.444743,7.491239,269.64,10.22,-2.33,127.15,1,-106,-9,3,6,33,6,27771907,272
52.06,1545110817,694.60,51.444701,7.491334,270.21,8.38,-1.85,127.47,1,-108,-10,4,5,37,6,27771907,272
53.07,1545110818,702.99,51.444661,7.491422,270.88,6.17,-2.20,127.34,1,-108,-10,4,5,37,6,27771907,272
54.07,1545110819,709.19,51.444630,7.491494,271.50,4.37,-1.80,127.89,1,-109,-11,-4,6,37,6,27771907,272
55.06,1545110820,713.53,51.444609,7.491544,271.55,3.06,-1.32,127.61,1,-109,-11,-4,6,37,6,27771907,272
56.07,1545110821,716.59,51.444601,7.491566,271.59,1.16,-1.89,126.24,1,-109,-10,-5,9,37,6,27771907,272
57.07,1545110822,717.75,51.444598,7.491583,271.62,0.00,-1.16,126.24,1,-109,-10,-5,9,37,6,27771907,272
58.06,1545110823,717.75,51.444598,7.491583,271.62,0.00,0.00,126.24,1,-111,-11,-5,5,37,6,27771907,272
59.07,1545110824,717.75,51.444598,7.491583,271.61,0.00,0.00,126.24,1,-111,-11,-5,5,37,6,27771907,272
60.06,1545110825,717.75,51.444598,7.491583,271.60,0.00,0.00,126.24,1,-110,-10,1,6,32,6,27771907,272
61.06,1545110826,717.75,51.444598,7.491583,271.59,0.00,0.00,126.24,1,-110,-10,1,6,32,6,27771907,272
62.06,1545110827,717.75,51.444598,7.491583,271.57,0.00,0.00,126.24,1,-111,-13,-3,5,36,6,27771907,272
63.06,1545110828,717.75,51.444598,7.491583,271.55,0.00,0.00,126.24,1,-111,-13,-3,5,36,6,27771907,272
64.07,1545110829,717.75,51.444598,7.491583,271.51,0.00,0.00,126.24,1,-110,-12,-3,7,34,6,27771907,272
65.06,1545110830,717.75,51.444598,7.491583,271.49,0.00,0.00,126.24,1,-110,-12,-3,7,34,6,27771907,272
66.06,1545110831,717.75,51.444598,7.491583,271.49,0.00,0.00,126.24,1,-110,-12,-3,7,34,6,27771907,272
67.07,1545110832,717.75,51.444598,7.491583,271.46,0.00,0.00,126.24,1,-110,-9,3,6,31,6,27771907,272
68.07,1545110833,717.75,51.444598,7.491583,271.44,0.00,0.00,126.24,1,-110,-9,3,6,31,6,27771907,272
69.06,1545110834,717.75,51.444598,7.491583,271.42,0.00,0.00,126.24,1,-110,-10,1,6,32,6,27771907,272
70.07,1545110835,717.75,51.444598,7.491583,271.39,0.00,0.00,126.24,1,-110,-10,1,6,32,6,27771907,272
71.06,1545110836,717.75,51.444598,7.491583,271.37,0.00,0.00,126.24,1,-110,-11,0,6,32,6,27771907,272
72.07,1545110837,717.75,51.444598,7.491583,271.35,0.00,0.00,126.24,1,-110,-11,0,6,32,6,27771907,272
73.06,1545110838,717.75,51.444598,7.491583,271.34,0.00,0.00,126.24,1,-110,-13,-4,4,37,6,27771907,272
74.06,1545110839,717.75,51.444598,7.491583,271.32,0.00,0.00,126.24,1,-110,-13,-4,4,37,6,27771907,272
75.06,1545110840,717.75,51.444598,7.491583,271.30,0.00,0.00,126.24,1,-110,-11,-5,5,36,6,27771907,272
76.07,1545110841,717.75,51.444598,7.491583,271.29,0.00,0.00,126.24,1,-110,-11,-5,5,36,6,27771907,272
77.07,1545110842,717.75,51.444598,7.491583,271.28,0.00,0.00,126.24,1,-110,-12,-5,5,36,6,27771907,272
78.06,1545110843,717.75,51.444598,7.491583,271.25,0.00,0.00,126.24,1,-110,-12,-5,5,36,6,27771907,272
79.07,1545110844,717.75,51.444598,7.491583,271.25,0.00,0.00,126.24,1,-110,-12,-3,7,34,6,27771907,272
80.06,1545110845,717.75,51.444598,7.491583,271.15,0.00,0.00,126.24,1,-110,-12,-3,7,34,6,27771907,272
81.06,1545110846,717.75,51.444598,7.491583,270.32,0.00,0.00,128.37,1,-107,-8,5,7,33,6,27771907,272
82.06,1545110847,717.75,51.444514,7.491716,269.60,2.62,0.00,156.70,1,-107,-8,5,7,33,6,27771907,272
83.06,1545110848,720.37,51.444456,7.491716,269.49,3.90,1.29,187.78,1,-103,-10,3,6,38,6,27771907,272
84.07,1545110849,724.28,51.444456,7.491716,269.49,3.90,0.00,187.78,1,-103,-10,3,6,38,6,27771907,272
85.07,1545110850,728.18,51.444404,7.491673,269.92,4.63,0.73,207.02,1,-95,-6,16,15,42,6,27771907,272
86.06,1545110851,732.79,51.444352,7.491603,270.51,8.97,4.36,215.70,1,-95,-6,16,15,42,6,27771907,272
87.06,1545110852,741.78,51.444278,7.491512,270.90,10.21,1.23,216.51,1,-95,-6,16,15,42,6,27771907,272
88.06,1545110853,751.96,51.444206,7.491422,271.35,10.77,0.57,217.27,1,-91,-6,22,11,48,6,27771907,272
89.06,1545110854,762.76,51.444117,7.491316,271.76,12.05,1.28,216.09,1,-91,-6,22,11,48,6,27771907,272
90.07,1545110855,774.83,51.444027,7.491211,272.06,12.69,0.63,215.11,1,-79,-6,31,15,59,6,27771907,272
91.06,1545110856,787.48,51.443824,7.490987,272.69,14.55,1.86,214.91,1,-79,-6,31,15,59,6,27771907,272
92.06,1545110857,801.99,51.443717,7.490871,272.83,15.19,0.64,215.30,1,-76,-5,27,14,61,6,27771907,272
93.06,1545110858,817.21,51.443602,7.490739,272.84,15.70,0.51,216.27,1,-76,-5,27,14,61,6,27771907,272
94.06,1545110859,832.91,51.443602,7.490739,272.84,15.70,0.00,216.27,1,-70,-5,31,13,63,6,27771907,272
95.06,1545110860,848.61,51.443484,7.490603,272.48,15.42,-0.27,216.57,1,-70,-5,31,13,63,6,27771907,272
96.06,1545110861,864.02,51.443364,7.490463,271.90,15.41,-0.02,216.69,1,-86,-5,12,15,49,6,27771907,272
97.06,1545110862,879.42,51.443248,7.490327,271.38,15.29,-0.12,216.73,1,-86,-5,12,15,49,6,27771907,272
98.06,1545110863,894.76,51.443137,7.490195,271.06,15.16,-0.13,216.77,1,-90,-6,28,11,47,6,27771907,272
99.06,1545110864,909.89,51.443030,7.490066,271.07,15.13,-0.03,216.77,1,-90,-6,28,11,47,6,27771907,272
100.06,1545110865,925.05,51.442816,7.489810,271.54,14.90,-0.23,216.96,1,-85,-6,29,11,52,6,27771907,272
101.06,1545110866,939.91,51.442705,7.489678,271.60,14.87,-0.02,216.01,1,-85,-6,29,11,52,6,27771907,272
102.06,1545110867,954.79,51.442606,7.489561,272.29,14.88,0.00,216.67,1,-80,-5,27,15,57,6,27771907,272
103.06,1545110868,969.66,51.442606,7.489561,272.29,14.88,0.00,216.67,1,-80,-5,27,15,57,6,27771907,272
104.06,1545110869,984.53,51.442498,7.489427,272.71,14.85,-0.03,217.52,1,-67,-5,31,15,63,6,27771907,272
105.06,1545110870,999.39,51.442391,7.489299,272.90,13.93,-0.92,216.85,1,-67,-5,31,15,63,6,27771907,272
106.07,1545110871,1013.40,51.442293,7.489184,273.49,13.13,-0.79,217.36,1,-71,-5,32,15,63,6,27771907,272
107.06,1545110872,1026.44,51.442196,7.489069,274.76,13.38,0.24,218.24,1,-71,-5,32,15,63,6,27771907,272
108.07,1545110873,1039.87,51.442094,7.488944,275.35,13.71,0.34,218.59,1,-71,-5,32,15,63,6,27771907,272
109.06,1545110874,1053.53,51.442004,7.488823,275.86,13.78,0.06,219.36,1,-65,-5,34,15,63,6,27771907,272
110.06,1545110875,1067.32,51.441908,7.488684,276.07,14.01,0.24,221.20,1,-65,-5,34,15,63,6,27771907,272
111.07,1545110876,1081.39,51.441722,7.488383,277.32,14.01,-0.00,225.07,1,-58,-5,33,15,63,6,27771907,272
112.06,1545110877,1095.38,51.441637,7.488230,278.50,14.09,0.08,226.41,1,-58,-5,33,15,63,6,27771907,272
113.06,1545110878,1109.47,51.441559,7.488079,279.30,14.32,0.22,227.75,1,-66,-5,32,15,63,6,27771907,272
114.06,1545110879,1123.79,51.441559,7.488079,279.30,14.32,0.00,227.75,1,-66,-5,32,15,63,6,27771907,272
115.06,1545110880,1138.06,51.441480,7.487920,280.16,14.21,-0.11,228.95,1,-73,-4,28,15,62,6,27771907,272
116.07,1545110881,1152.32,51.441404,7.487764,280.61,14.25,0.05,229.97,1,-73,-4,28,15,62,6,27771907,272
117.06,1545110882,1166.53,51.441320,7.487593,280.05,14.94,0.69,230.78,1,-78,-5,27,15,58,6,27771907,272
118.06,1545110883,1181.48,51.441242,7.487424,280.06,15.42,0.48,231.21,1,-78,-5,27,15,58,6,27771907,272
119.06,1545110884,1196.93,51.441161,7.487243,280.33,15.26,-0.17,231.66,1,-78,-6,17,14,59,6,27771907,272
120.06,1545110885,1212.17,51.441082,7.487068,280.70,15.23,-0.03,232.40,1,-78,-6,17,14,59,6,27771907,272
121.06,1545110886,1227.39,51.440914,7.486702,279.83,15.40,0.17,232.87,1,-85,-7,18,12,53,6,27771907,272
122.06,1545110887,1242.80,51.440828,7.486512,279.62,15.82,0.42,233.19,1,-85,-7,18,12,53,6,27771907,272
123.07,1545110888,1258.67,51.440744,7.486330,279.54,15.50,-0.32,232.67,1,-84,-11,14,10,57,6,27771907,272
124.07,1545110889,1274.16,51.440657,7.486143,279.45,15.65,0.15,233.38,1,-84,-11,14,10,57,6,27771907,272
125.06,1545110890,1289.78,51.440657,7.486143,279.45,15.65,0.00,233.38,1,-81,-9,13,6,59,1,27771908,270
126.07,1545110891,1305.49,51.440572,7.485958,279.86,15.93,0.28,233.16,1,-81,-9,13,6,59,1,27771908,270
127.07,1545110892,1321.52,51.440483,7.485767,280.42,15.81,-0.13,232.78,1,-79,-8,22,15,60,1,27771908,270
128.06,1545110893,1337.14,51.440400,7.485582,280.85,15.94,0.14,233.19,1,-79,-8,22,15,60,1,27771908,270
129.06,1545110894,1353.10,51.440317,7.485400,280.82,15.64,-0.30,232.57,1,-79,-8,22,15,60,1,27771908,270
130.06,1545110895,1368.75,51.440234,7.485220,280.90,15.71,0.07,232.89,1,-76,-5,20,15,61,1,27771908,270
131.06,1545110896,1384.48,51.440061,7.484853,281.27,15.48,-0.23,232.58,1,-76,-5,20,15,61,1,27771908,270
132.07,1545110897,1400.00,51.439979,7.484677,281.08,15.89,0.41,232.80,1,-74,-7,26,15,63,1,27771908,270
133.06,1545110898,1415.84,51.439979,7.484677,281.08,15.89,0.00,232.80,1,-74,-7,26,15,63,1,27771908,270
134.06,1545110899,1431.75,51.439887,7.484489,280.90,15.82,-0.08,232.51,1,-73,-6,30,15,63,1,27771908,270
135.06,1545110900,1447.54,51.439804,7.484307,280.57,15.80,-0.02,232.39,1,-73,-6,30,15,63,1,27771908,270
136.06,1545110901,1463.33,51.439711,7.484106,280.08,15.87,0.07,233.03,1,-70,-5,27,15,63,1,27771908,270
137.06,1545110902,1479.20,51.439627,7.483918,280.30,15.67,-0.20,233.88,1,-70,-5,27,15,63,1,27771908,270
138.06,1545110903,1494.87,51.439558,7.483755,280.21,15.32,-0.35,234.26,1,-74,-5,29,15,62,1,27771908,270
139.06,1545110904,1510.19,51.439480,7.483562,280.50,14.85,-0.47,235.68,1,-74,-5,29,15,62,1,27771908,270
140.06,1545110905,1525.06,51.439408,7.483375,280.87,15.02,0.17,237.15,1,-75,-5,29,15,61,1,27771908,270
141.06,1545110906,1540.09,51.439257,7.482958,282.51,15.21,0.19,239.04,1,-75,-5,29,15,61,1,27771908,270
142.06,1545110907,1555.30,51.439186,7.482755,283.38,15.17,-0.04,240.01,1,-78,-6,28,15,58,1,27771908,270
143.06,1545110908,1570.49,51.439186,7.482755,283.38,15.17,0.00,240.01,1,-78,-6,28,15,58,1,27771908,270
144.06,1545110909,1585.67,51.439111,7.482549,283.63,15.16,-0.01,240.92,1,-82,-5,28,13,53,1,27771908,270
145.06,1545110910,1600.80,51.439042,7.482335,283.68,15.38,0.22,241.33,1,-82,-5,28,13,53,1,27771908,270
146.06,1545110911,1616.18,51.438976,7.482135,284.05,14.66,-0.72,241.01,1,-86,-5,28,12,48,1,27771908,270
147.06,1545110912,1630.85,51.438900,7.481903,283.61,15.28,0.62,241.80,1,-86,-5,28,12,48,1,27771908,270
148.07,1545110913,1646.25,51.438830,7.481698,283.56,15.78,0.50,241.55,1,-92,-7,24,11,43,1,27771908,270
149.07,1545110914,1662.08,51.438750,7.481475,283.68,16.62,0.83,240.78,1,-92,-7,24,11,43,1,27771908,270
150.07,1545110915,1678.57,51.438681,7.481278,284.29,16.22,-0.40,241.75,1,-92,-7,24,11,43,1,27771908,270
151.07,1545110916,1694.78,51.438525,7.480817,284.45,17.18,0.96,240.73,1,-94,-5,20,11,40,1,27771908,270
152.06,1545110917,1711.93,51.438446,7.480587,285.48,17.23,0.05,239.91,1,-94,-5,20,11,40,1,27771908,270
153.07,1545110918,1729.21,51.438446,7.480587,285.48,17.23,0.00,239.91,1,-96,-6,14,13,41,1,27771908,270
154.06,1545110919,1746.36,51.438375,7.480389,285.87,17.66,0.43,240.43,1,-96,-6,14,13,41,1,27771908,270
155.07,1545110920,1764.11,51.438300,7.480169,286.40,17.45,-0.21,241.22,1,-98,-5,13,10,37,1,27771908,270
156.06,1545110921,1781.47,51.438218,7.479929,286.64,17.65,0.20,241.80,1,-98,-5,13,10,37,1,27771908,270
157.06,1545110922,1799.14,51.438143,7.479716,287.07,17.67,0.03,240.97,1,-103,-7,13,9,35,1,27771908,270
158.06,1545110923,1816.80,51.438062,7.479483,287.36,17.68,0.01,240.99,1,-103,-7,13,9,35,1,27771908,270
159.06,1545110924,1834.50,51.437986,7.479265,287.74,16.93,-0.75,241.33,1,-105,-7,10,12,33,1,27771908,270
160.06,1545110925,1851.46,51.437911,7.479048,288.28,16.21,-0.72,242.07,1,-105,-7,10,12,33,1,27771908,270
161.06,1545110926,1867.67,51.437842,7.478835,288.42,14.92,-1.29,243.01,1,-104,-9,9,11,36,1,27771908,270
162.06,1545110927,1882.57,51.437777,7.478631,288.35,15.27,0.35,242.25,1,-104,-9,9,11,36,1,27771908,270
163.07,1545110928,1897.90,51.437714,7.478432,288.34,15.13,-0.13,242.29,1,-104,-7,8,7,33,1,27771908,270
164.06,1545110929,1912.95,51.437652,7.478240,288.22,15.06,-0.08,242.02,1,-104,-7,8,7,33,1,27771908,270
165.07,1545110930,1928.09,51.437589,7.478039,288.38,15.30,0.24,242.50,1,-106,-8,7,9,32,1,27771908,270
166.06,1545110931,1943.34,51.437524,7.477843,288.64,15.26,-0.05,242.63,1,-106,-8,7,9,32,1,27771908,270
167.07,1545110932,1958.62,51.437457,7.477633,289.47,15.41,0.16,242.28,1,-108,-9,4,7,31,1,27771908,270
168.06,1545110933,1973.98,51.437393,7.477444,290.18,15.15,-0.26,242.17,1,-108,-9,4,7,31,1,27771908,270
169.07,1545110934,1989.30,51.437329,7.477256,289.88,14.44,-0.70,243.01,1,-106,-8,7,8,33,1,27771908,270
170.18,1545110935,2005.34,51.437216,7.476874,289.56,12.87,-1.41,246.78,1,-106,-8,7,8,33,1,27771908,270
171.18,1545110936,2018.13,51.437193,7.476687,289.56,12.28,-0.59,260.57,1,-107,-9,3,9,39,1,27771908,270
172.17,1545110937,2030.30,51.437180,7.476520,289.56,11.24,-1.05,264.32,1,-107,-9,3,9,39,1,27771908,270
173.16,1545110938,2041.50,51.437208,7.476351,289.44,10.13,-1.11,290.34,1,-107,-9,3,9,39,1,27771908,270
174.16,1545110939,2051.64,51.437242,7.476218,289.78,8.80,-1.34,293.48,1,-103,-9,0,11,40,1,27771908,270
175.16,1545110940,2060.43,51.437315,7.476133,289.99,8.36,-0.43,332.16,1,-103,-9,0,11,40,1,27771908,270
176.16,1545110941,2068.78,51.437387,7.476107,290.07,7.82,-0.54,350.65,1,-98,-8,3,12,43,1,27771908,270
177.17,1545110942,2076.63,51.437467,7.476144,290.27,8.90,1.07,22.03,1,-98,-8,3,12,43,1,27771908,270
178.16,1545110943,2085.51,51.437544,7.476228,290.23,9.33,0.44,40.03,1,-83,-5,31,15,54,1,27771908,270
179.16,1545110944,2094.85,51.437624,7.476342,290.12,10.91,1.58,44.08,1,-83,-5,31,15,54,1,27771908,270
180.17,1545110945,2105.80,51.437701,7.476484,290.14,11.66,0.74,47.72,1,-80,-4,31,15,58,1,27771908,270
181.16,1545110946,2117.40,51.437772,7.476632,290.13,12.57,0.92,49.82,1,-80,-4,31,15,58,1,27771908,270
182.17,1545110947,2130.01,51.437837,7.476786,290.29,13.82,1.25,51.26,1,-79,-4,30,15,57,1,27771908,270
183.16,1545110948,2143.82,51.437916,7.476952,290.62,14.38,0.56,52.16,1,-79,-4,30,15,57,1,27771908,270
184.16,1545110949,2158.18,51.438004,7.477140,291.10,15.64,1.26,52.93,1,-80,-5,30,15,57,1,27771908,270
185.16,1545110950,2173.82,51.438095,7.477348,291.74,16.95,1.31,53.90,1,-80,-5,30,15,57,1,27771908,270
186.16,1545110951,2190.77,51.438179,7.477551,292.02,17.42,0.47,55.09,1,-79,-4,28,14,56,1,27771908,270
187.16,1545110952,2208.19,51.438271,7.477775,292.07,17.70,0.28,56.33,1,-79,-4,28,14,56,1,27771908,270
188.16,1545110953,2225.91,51.438359,7.478002,292.10,19.68,1.98,57.27,1,-78,-4,25,15,58,1,27771908,270
189.16,1545110954,2245.58,51.438453,7.478251,291.71,19.68,-0.00,58.41,1,-78,-4,25,15,58,1,27771908,270
190.16,1545110955,2265.22,51.438554,7.478511,291.22,20.59,0.92,59.36,1,-80,-4,31,15,56,1,27771908,270
191.16,1545110956,2285.81,51.438643,7.478773,290.63,20.50,-0.09,60.93,1,-80,-4,31,15,56,1,27771908,270
192.17,1545110957,2306.45,51.438740,7.479052,289.99,21.50,1.00,60.02,1,-83,-5,29,15,54,1,27771908,270
193.16,1545110958,2327.85,51.438837,7.479338,289.54,21.42,-0.09,60.07,1,-83,-5,29,15,54,1,27771908,270
194.17,1545110959,2349.29,51.438954,7.479615,288.69,23.35,1.94,58.03,1,-83,-5,29,15,54,1,27771908,270
195.16,1545110960,2372.62,51.439071,7.479911,287.82,23.54,0.19,57.25,1,-88,-6,28,15,49,1,27771908,270
196.16,1545110961,2396.14,51.439202,7.480200,286.86,24.55,1.01,55.67,1,-88,-6,28,15,49,1,27771908,270
197.16,1545110962,2420.68,51.439329,7.480491,286.30,24.24,-0.30,54.88,1,-85,-5,24,15,53,1,27771908,270
198.16,1545110963,2444.93,51.439462,7.480763,285.81,23.86,-0.39,52.86,1,-85,-5,24,15,53,1,27771908,270
199.16,1545110964,2468.81,51.439610,7.481056,285.11,23.59,-0.27,52.71,1,-88,-5,27,12,50,1,27771908,270
200.16,1545110965,2492.37,51.439749,7.481342,284.50,23.60,0.01,52.86,1,-88,-5,27,12,50,1,27771908,270
201.16,1545110966,2516.00,51.439896,7.481618,283.81,23.41,-0.19,51.81,1,-87,-5,27,14,50,1,27771908,270
202.17,1545110967,2539.44,51.440037,7.481869,283.55,23.70,0.29,48.93,1,-87,-5,27,14,50,1,27771908,270
203.16,1545110968,2563.11,51.440177,7.482117,283.32,23.62,-0.08,47.21,1,-84,-5,23,12,52,1,27771908,270
204.16,1545110969,2586.73,51.440334,7.482359,282.83,23.53,-0.08,44.97,1,-84,-5,23,12,52,1,27771908,270
205.16,1545110970,2610.26,51.440493,7.482582,282.07,23.75,0.22,42.09,1,-85,-6,25,12,52,1,27771908,270
206.16,1545110971,2633.99,51.440646,7.482794,281.37,23.60,-0.15,41.84,1,-85,-6,25,12,52,1,27771908,270
207.16,1545110972,2657.59,51.440809,7.483014,280.85,23.86,0.26,40.58,1,-84,-5,20,12,53,1,27771908,270
208.16,1545110973,2681.45,51.440983,7.483233,279.85,23.91,0.05,39.42,1,-84,-5,20,12,53,1,27771908,270
209.16,1545110974,2705.35,51.441159,7.483441,279.16,23.89,-0.02,36.99,1,-84,-5,20,12,52,1,27771908,270
210.16,1545110975,2729.17,51.441336,7.483633,278.50,23.60,-0.29,34.76,1,-84,-5,20,12,52,1,27771908,270
211.16,1545110976,2752.80,51.441520,7.483825,277.90,23.67,0.07,33.30,1,-84,-5,22,10,52,1,27771908,270
212.16,1545110977,2776.49,51.441699,7.483999,277.36,23.69,0.02,31.26,1,-84,-5,22,10,52,1,27771908,270
213.17,1545110978,2800.28,51.441887,7.484167,276.63,23.81,0.12,29.51,1,-88,-9,15,8,53,1,27771908,270
214.16,1545110979,2824.04,51.442076,7.484335,275.96,23.83,0.02,28.78,1,-88,-9,15,8,53,1,27771908,270
215.17,1545110980,2848.04,51.442268,7.484490,275.32,24.09,0.26,27.08,1,-81,-6,8,6,55,1,27771909,271
216.16,1545110981,2871.96,51.442459,7.484643,274.77,24.10,0.01,26.22,1,-81,-6,8,6,55,1,27771909,271
217.16,1545110982,2896.06,51.442651,7.484789,274.18,23.83,-0.26,25.51,1,-81,-6,8,6,55,1,27771909,271
218.16,1545110983,2919.87,51.442840,7.484933,273.74,23.61,-0.22,24.70,1,-80,-6,19,12,58,1,27771909,271
219.16,1545110984,2943.48,51.443030,7.485068,273.09,23.48,-0.13,24.00,1,-80,-6,19,12,58,1,27771909,271
220.16,1545110985,2966.91,51.443220,7.485202,272.55,23.34,-0.14,23.66,1,-71,-5,30,15,63,1,27771909,271
221.16,1545110986,2990.24,51.443407,7.485334,272.19,22.86,-0.48,23.30,1,-71,-5,30,15,63,1,27771909,271
222.16,1545110987,3013.10,51.443593,7.485459,272.28,21.54,-1.32,22.50,1,-75,-5,25,15,61,1,27771909,271
223.16,1545110988,3034.69,51.443773,7.485573,272.55,20.63,-0.91,21.26,1,-75,-5,25,15,61,1,27771909,271
224.16,1545110989,3055.32,51.443949,7.485682,272.98,19.63,-1.01,21.51,1,-70,-5,32,15,63,1,27771909,271
225.16,1545110990,3074.95,51.444108,7.485782,273.13,18.73,-0.90,21.76,1,-70,-5,32,15,63,1,27771909,271
226.16,1545110991,3093.67,51.444258,7.485885,273.27,16.79,-1.94,22.91,1,-67,-4,32,15,63,1,27771909,271
227.16,1545110992,3110.47,51.444386,7.485983,272.64,14.93,-1.86,25.01,1,-67,-4,32,15,63,1,27771909,271
228.16,1545110993,3125.40,51.444497,7.486085,271.79,14.55,-0.38,28.59,1,-71,-5,28,12,63,1,27771909,271
229.16,1545110994,3139.95,51.444596,7.486228,270.44,14.63,0.08,43.91,1,-71,-5,28,12,63,1,27771909,271
230.16,1545110995,3154.56,51.444658,7.486384,269.49,13.50,-1.14,58.30,1,-74,-5,33,1,63,1,27771909,271
231.16,1545110996,3168.09,51.444691,7.486552,268.38,13.27,-0.23,72.14,1,-74,-5,33,1,63,1,27771909,271
232.16,1545110997,3181.34,51.444705,7.486746,266.99,13.33,0.07,88.03,1,-80,-5,19,15,57,1,27771909,271
233.16,1545110998,3194.68,51.444683,7.486940,266.10,13.33,-0.00,103.73,1,-80,-5,19,15,57,1,27771909,271
234.16,1545110999,3208.01,51.444633,7.487110,265.72,13.29,-0.04,116.70,1,-80,-5,22,15,57,1,27771909,271
235.16,1545111000,3221.30,51.444560,7.487273,265.24,13.49,0.20,130.59,1,-80,-5,22,15,57,1,27771909,271
236.17,1545111001,3234.91,51.444455,7.487411,265.04,13.76,0.26,145.51,1,-72,-6,20,15,63,1,27771909,271
237.16,1545111002,3248.56,51.444353,7.487486,264.62,13.37,-0.39,159.07,1,-72,-6,20,15,63,1,27771909,271
238.16,1545111003,3261.94,51.444242,7.487527,264.21,12.73,-0.65,173.16,1,-72,-6,20,15,63,1,27771909,271
239.16,1545111004,3274.67,51.444147,7.487501,263.73,13.30,0.57,190.72,1,-67,-5,39,15,63,1,27771909,271
240.16,1545111005,3287.94,51.444034,7.487434,263.38,13.71,0.42,204.59,1,-67,-5,39,15,63,1,27771909,271
241.17,1545111006,3301.69,51.443929,7.487318,262.98,13.89,0.18,217.93,1,-68,-5,27,1,63,1,27771909,271
242.16,1545111007,3315.53,51.443851,7.487171,262.67,14.17,0.27,233.31,1,-68,-5,27,1,63,1,27771909,271
243.16,1545111008,3329.70,51.443803,7.486981,261.77,14.22,0.05,249.80,1,-75,-8,22,10,63,1,27771909,271
244.16,1545111009,3343.95,51.443787,7.486791,261.17,14.50,0.29,265.80,1,-75,-8,22,10,63,1,27771909,271
245.16,1545111010,3358.44,51.443774,7.486581,260.89,14.91,0.41,266.68,1,-82,-6,32,12,55,1,27771909,271
246.16,1545111011,3373.35,51.443765,7.486369,261.19,15.71,0.79,267.17,1,-82,-6,32,12,55,1,27771909,271
247.16,1545111012,3389.08,51.443756,7.486142,261.54,16.75,1.04,267.09,1,-82,-6,25,12,56,1,27771909,271
248.16,1545111013,3405.81,51.443745,7.485895,262.10,17.53,0.78,267.04,1,-82,-6,25,12,56,1,27771909,271
249.16,1545111014,3423.35,51.443740,7.485640,262.59,19.15,1.61,267.62,1,-81,-6,28,12,56,1,27771909,271
250.16,1545111015,3442.48,51.443732,7.485362,262.66,19.46,0.31,268.16,1,-81,-6,28,12,56,1,27771909,271
251.18,1545111016,3462.19,51.443724,7.485051,263.07,20.81,1.33,267.70,1,-82,-5,26,12,55,1,27771909,271
252.16,1545111017,3482.67,51.443720,7.484717,262.91,22.82,2.04,268.40,1,-82,-5,26,12,55,1,27771909,271
253.16,1545111018,3505.51,51.443715,7.484411,263.39,23.99,1.18,268.85,1,-78,-5,29,12,57,1,27771909,271
254.16,1545111019,3529.55,51.443712,7.484070,263.79,24.72,0.72,268.20,1,-78,-5,29,12,57,1,27771909,271
255.16,1545111020,3554.27,51.443711,7.483702,264.01,25.63,0.91,268.08,1,-68,-5,33,13,63,1,27771909,271
256.16,1545111021,3579.90,51.443709,7.483322,263.93,26.55,0.92,267.97,1,-68,-5,33,13,63,1,27771909,271
257.16,1545111022,3606.45,51.443703,7.482918,263.81,26.93,0.37,267.64,1,-75,-5,25,13,58,1,27771909,271
258.16,1545111023,3633.38,51.443691,7.482528,263.76,26.51,-0.42,267.24,1,-75,-5,25,13,58,1,27771909,271
259.17,1545111024,3660.09,51.443679,7.482148,263.80,26.10,-0.40,266.67,1,-82,-5,38,12,54,1,27771909,271
260.16,1545111025,3686.01,51.443661,7.481776,263.96,25.85,-0.25,266.17,1,-82,-5,38,12,54,1,27771909,271
261.18,1545111026,3712.33,51.443644,7.481407,264.27,25.78,-0.08,266.01,1,-88,-7,20,15,49,1,27771909,271
262.16,1545111027,3737.56,51.443627,7.481038,264.52,25.82,0.05,265.82,1,-88,-7,20,15,49,1,27771909,271
263.16,1545111028,3763.38,51.443605,7.480658,264.60,26.13,0.31,264.88,1,-88,-7,20,15,49,1,27771909,271
264.16,1545111029,3789.49,51.443583,7.480281,264.59,26.40,0.26,264.18,1,-91,-8,18,11,48,1,27771909,271
265.16,1545111030,3815.99,51.443554,7.479901,264.50,26.71,0.31,263.06,1,-91,-8,18,11,48,1,27771909,271
266.16,1545111031,3842.70,51.443526,7.479519,264.37,27.11,0.40,262.50,1,-92,-6,10,11,46,1,27771909,271
267.16,1545111032,3869.81,51.443500,7.479139,263.90,27.56,0.46,262.25,1,-92,-6,10,11,46,1,27771909,271
268.16,1545111033,3897.37,51.443470,7.478747,263.44,28.05,0.48,262.43,1,-87,-6,19,11,48,1,27771909,271
269.16,1545111034,3925.42,51.443440,7.478337,262.86,28.47,0.42,262.89,1,-87,-6,19,11,48,1,27771909,271
270.17,1545111035,3953.91,51.443410,7.477924,262.22,28.88,0.42,262.92,1,-90,-6,21,1,47,1,27771909,271
271.17,1545111036,3982.85,51.443379,7.477511,261.48,28.65,-0.24,262.49,1,-90,-6,21,1,47,1,27771909,271
272.17,1545111037,4011.44,51.443345,7.477102,260.84,28.32,-0.33,261.97,1,-90,-8,19,9,49,1,27771909,271
273.16,1545111038,4039.68,51.443309,7.476701,260.19,28.45,0.13,261.54,1,-90,-8,19,9,49,1,27771909,271
274.16,1545111039,4068.15,51.443272,7.476298,259.59,28.45,0.00,261.19,1,-88,-7,11,10,47,1,27771909,271
275.16,1545111040,4096.63,51.443231,7.475896,258.95,28.29,-0.16,260.87,1,-88,-7,11,10,47,1,27771909,271
276.16,1545111041,4124.92,51.443190,7.475497,258.36,28.30,0.01,260.73,1,-89,-8,7,15,43,1,27771909,271
277.16,1545111042,4153.22,51.443142,7.475101,257.59,28.16,-0.14,259.42,1,-89,-8,7,15,43,1,27771909,271
278.17,1545111043,4181.41,51.443094,7.474711,256.80,27.77,-0.39,258.93,1,-94,-7,11,15,44,1,27771909,271
279.17,1545111044,4209.18,51.443042,7.474322,255.99,27.64,-0.13,258.23,1,-94,-7,11,15,44,1,27771909,271
280.16,1545111045,4236.77,51.442991,7.473940,255.20,27.21,-0.43,258.55,1,-106,-10,2,7,36,1,27771909,271
281.17,1545111046,4264.28,51.442941,7.473564,254.44,26.88,-0.33,258.68,1,-106,-10,2,7,36,1,27771909,271
282.17,1545111047,4291.13,51.442892,7.473188,253.67,26.81,-0.07,258.47,1,-94,-7,2,13,43,10,30422273,155
283.16,1545111048,4317.67,51.442842,7.472815,252.86,27.34,0.54,257.34,1,-94,-7,2,13,43,10,30422273,155
284.16,1545111049,4345.02,51.442790,7.472426,252.04,27.27,-0.08,257.38,1,-94,-7,2,13,43,10,30422273,155
285.16,1545111050,4372.31,51.442738,7.472041,251.21,27.23,-0.04,257.45,1,-102,-6,10,15,33,10,30422273,155
286.16,1545111051,4399.51,51.442685,7.471655,250.37,27.50,0.27,257.91,1,-102,-6,10,15,33,10,30422273,155
287.16,1545111052,4427.04,51.442633,7.471266,249.54,27.70,0.21,258.02,1,-105,-7,10,10,33,10,30422273,155
288.16,1545111053,4454.71,51.442581,7.470874,248.71,27.93,0.22,258.12,1,-105,-7,10,10,33,10,30422273,155
289.16,1545111054,4482.67,51.442527,7.470475,247.73,28.12,0.19,257.82,1,-108,-7,11,12,31,10,30422273,155
290.16,1545111055,4510.73,51.442474,7.470071,246.70,28.70,0.58,258.10,1,-108,-7,11,12,31,10,30422273,155
291.16,1545111056,4539.48,51.442419,7.469649,245.30,28.88,0.18,257.70,1,-107,-9,-3,9,33,10,30422273,155
292.17,1545111057,4568.39,51.442365,7.469238,243.98,29.28,0.40,258.37,1,-107,-9,-3,9,33,10,30422273,155
293.16,1545111058,4597.64,51.442314,7.468829,242.87,29.95,0.67,258.55,1,-110,-14,-1,9,37,10,30422273,155
294.17,1545111059,4627.68,51.442258,7.468398,241.77,30.51,0.56,258.79,1,-110,-14,-1,9,37,10,30422273,155
295.17,1545111060,4658.13,51.442202,7.467958,240.66,31.06,0.55,258.71,1,-106,-8,6,11,33,10,30422273,155
296.17,1545111061,4689.19,51.442146,7.467511,239.56,31.64,0.58,258.75,1,-106,-8,6,11,33,10,30422273,155
297.16,1545111062,4720.77,51.442090,7.467063,238.54,31.67,0.03,259.01,1,-106,-7,3,6,33,27,31281409,195
298.16,1545111063,4752.45,51.442043,7.466622,237.55,31.36,-0.31,259.83,1,-106,-7,3,6,33,27,31281409,195
299.16,1545111064,4783.81,51.441992,7.466170,236.76,31.24,-0.12,260.20,1,-101,-7,25,12,37,27,31281409,195
300.16,1545111065,4815.02,51.441943,7.465724,236.17,31.24,-0.00,260.62,1,-101,-7,25,12,37,27,31281409,195
301.16,1545111066,4846.32,51.441897,7.465277,235.75,31.46,0.22,260.92,1,-98,-6,7,11,40,27,31281409,195
302.16,1545111067,4877.68,51.441853,7.464827,235.34,31.69,0.23,261.28,1,-98,-6,7,11,40,27,31281409,195
303.17,1545111068,4909.53,51.441815,7.464373,234.95,32.09,0.40,262.20,1,-98,-8,5,6,42,27,31281409,195
304.16,1545111069,4941.42,51.441776,7.463909,234.74,32.40,0.31,262.44,1,-98,-8,5,6,42,27,31281409,195
305.16,1545111070,4973.92,51.441736,7.463444,234.40,32.83,0.43,263.15,1,-98,-8,5,6,42,27,31281409,195
306.16,1545111071,5006.74,51.441706,7.462978,233.95,33.18,0.35,264.00,1,-103,-7,22,12,35,27,31281409,195
307.16,1545111072,5039.93,51.441678,7.462504,233.50,33.51,0.33,264.49,1,-103,-7,22,12,35,27,31281409,195
308.16,1545111073,5073.43,51.441648,7.462027,232.78,33.83,0.33,264.84,1,-102,-7,12,12,37,27,31281409,195
309.16,1545111074,5107.30,51.441624,7.461537,231.87,33.88,0.05,265.40,1,-102,-7,12,12,37,27,31281409,195
310.16,1545111075,5141.08,51.441601,7.461054,231.17,33.69,-0.19,266.16,1,-101,-7,22,15,38,27,31281409,195
311.16,1545111076,5174.84,51.441588,7.460569,230.86,33.71,0.02,266.67,1,-101,-7,22,15,38,27,31281409,195
312.16,1545111077,5208.58,51.441575,7.460078,230.73,33.59,-0.11,267.05,1,-102,-9,12,6,40,27,31281409,195
313.16,1545111078,5242.06,51.441567,7.459594,230.91,33.63,0.04,267.87,1,-102,-9,12,6,40,27,31281409,195
314.17,1545111079,5275.87,51.441561,7.459116,230.92,33.60,-0.03,268.22,1,-106,-10,1,7,39,27,31281409,195
315.17,1545111080,5309.50,51.441555,7.458634,230.77,33.38,-0.22,268.83,1,-106,-10,1,7,39,27,31281409,195
316.17,1545111081,5342.85,51.441554,7.458158,230.87,33.46,0.07,269.02,1,-102,-10,3,10,40,27,31281409,195
317.16,1545111082,5376.18,51.441553,7.457673,230.94,33.62,0.16,269.17,1,-102,-10,3,10,40,27,31281409,195
318.17,1545111083,5409.93,51.441554,7.457190,231.17,33.83,0.21,269.93,1,-102,-10,6,5,40,27,31281409,195
319.17,1545111084,5443.73,51.441559,7.456702,231.30,34.06,0.23,270.32,1,-102,-10,6,5,40,27,31281409,195
320.16,1545111085,5477.76,51.441562,7.456213,231.43,34.36,0.30,270.47,1,-98,-7,-1,6,40,18,33527552,376
321.17,1545111086,5512.25,51.441565,7.455722,231.75,34.63,0.27,271.20,1,-98,-7,-1,6,40,18,33527552,376
322.16,1545111087,5546.60,51.441575,7.455233,232.17,34.16,-0.47,271.88,1,-101,-9,7,8,40,18,33527552,376
323.16,1545111088,5580.80,51.441585,7.454747,232.55,34.07,-0.09,272.68,1,-101,-9,7,8,40,18,33527552,376
324.17,1545111089,5615.17,51.441601,7.454267,232.96,34.18,0.11,273.07,1,-84,-6,12,12,54,18,33527552,376
325.16,1545111090,5649.11,51.441620,7.453778,233.36,34.28,0.10,274.25,1,-84,-6,12,12,54,18,33527552,376
326.16,1545111091,5683.40,51.441642,7.453265,233.56,34.52,0.23,274.99,1,-84,-6,12,12,54,18,33527552,376
327.16,1545111092,5717.91,51.441668,7.452761,233.54,34.85,0.33,274.93,1,-90,-5,16,15,48,18,33527552,376
328.16,1545111093,5752.76,51.441700,7.452265,233.30,35.09,0.24,275.82,1,-90,-5,16,15,48,18,33527552,376
329.16,1545111094,5787.86,51.441737,7.451766,233.22,34.97,-0.12,276.87,1,-78,-5,24,13,60,18,33527552,376
330.16,1545111095,5822.83,51.441774,7.451272,233.10,35.09,0.12,277.17,1,-78,-5,24,13,60,18,33527552,376
331.16,1545111096,5857.95,51.441813,7.450769,232.87,35.20,0.12,277.46,1,-82,-5,27,10,56,18,33527552,376
332.16,1545111097,5893.09,51.441852,7.450262,232.58,35.34,0.13,277.89,1,-82,-5,27,10,56,18,33527552,376
333.16,1545111098,5928.49,51.441896,7.449746,232.60,35.45,0.11,278.24,1,-84,-6,27,15,53,18,33527552,376
334.16,1545111099,5963.94,51.441940,7.449236,232.62,35.60,0.16,278.54,1,-84,-6,27,15,53,18,33527552,376
335.16,1545111100,5999.50,51.441990,7.448727,232.59,35.73,0.12,278.95,1,-80,-5,31,15,58,18,33527552,376
336.16,1545111101,6035.23,51.442040,7.448215,232.43,35.95,0.23,279.75,1,-80,-5,31,15,58,18,33527552,376
337.16,1545111102,6071.18,51.442099,7.447705,232.13,36.08,0.12,280.47,1,-79,-5,27,15,59,18,33527552,376
338.16,1545111103,6107.26,51.442158,7.447193,231.78,36.10,0.02,281.12,1,-79,-5,27,15,59,18,33527552,376
339.16,1545111104,6143.36,51.442225,7.446684,231.40,36.16,0.05,281.63,1,-76,-6,29,15,61,18,33527552,376
340.16,1545111105,6179.48,51.442292,7.446178,231.09,35.97,-0.19,282.55,1,-76,-6,29,15,61,18,33527552,376
341.16,1545111106,6215.35,51.442361,7.445676,230.82,35.92,-0.05,282.49,1,-75,-5,30,15,63,18,33527552,376
342.16,1545111107,6251.30,51.442439,7.445164,230.44,35.90,-0.02,283.11,1,-75,-5,30,15,63,18,33527552,376
343.16,1545111108,6287.30,51.442514,7.444666,230.14,35.91,0.01,283.26,1,-71,-4,31,15,63,18,33527552,376
344.16,1545111109,6323.21,51.442591,7.444161,229.57,36.03,0.13,283.75,1,-71,-4,31,15,63,18,33527552,376
345.17,1545111110,6359.61,51.442671,7.443666,229.20,35.62,-0.41,284.30,1,-70,-5,31,15,63,18,33527552,376
346.16,1545111111,6394.87,51.442751,7.443178,228.87,35.09,-0.54,285.29,1,-70,-5,31,15,63,18,33527552,376
347.16,1545111112,6430.00,51.442835,7.442700,228.40,34.52,-0.57,285.75,1,-70,-5,31,15,63,18,33527552,376
348.16,1545111113,6464.49,51.442920,7.442225,227.86,34.45,-0.08,285.78,1,-68,-5,31,15,63,18,33527552,376
349.16,1545111114,6498.93,51.443005,7.441750,227.13,34.43,-0.02,286.53,1,-68,-5,31,15,63,18,33527552,376
350.16,1545111115,6533.32,51.443096,7.441276,226.39,34.66,0.23,287.04,1,-70,-5,31,15,63,18,33527552,376
351.16,1545111116,6567.98,51.443189,7.440798,225.68,34.92,0.26,287.42,1,-70,-5,31,15,63,18,33527552,376
352.16,1545111117,6602.86,51.443284,7.440317,224.96,35.28,0.37,287.98,1,-74,-5,36,15,63,18,33527552,376
353.16,1545111118,6638.21,51.443385,7.439837,224.25,35.53,0.25,288.41,1,-74,-5,36,15,63,18,33527552,376
354.16,1545111119,6673.78,51.443488,7.439351,223.49,35.92,0.39,288.89,1,-80,-5,16,15,57,18,33527552,376
355.16,1545111120,6709.67,51.443592,7.438860,222.72,35.94,0.01,289.35,1,-80,-5,16,15,57,18,33527552,376
356.16,1545111121,6745.46,51.443702,7.438377,221.89,35.79,-0.15,289.63,1,-78,-4,30,15,58,18,33527552,376
357.16,1545111122,6781.39,51.443810,7.437902,220.96,35.06,-0.72,290.05,1,-78,-4,30,15,58,18,33527552,376
358.16,1545111123,6816.49,51.443915,7.437436,219.95,34.49,-0.57,290.50,1,-76,-5,24,15,63,18,33527552,376
359.16,1545111124,6850.94,51.444026,7.436984,219.02,34.39,-0.09,290.83,1,-76,-5,24,15,63,18,33527552,376
360.17,1545111125,6885.47,51.444138,7.436530,218.18,34.38,-0.01,291.83,1,-84,-6,21,15,53,1,33527554,375
361.16,1545111126,6919.68,51.444258,7.436071,217.26,34.78,0.40,292.68,1,-84,-6,21,15,53,1,33527554,375
362.16,1545111127,6954.39,51.444387,7.435592,216.51,35.29,0.51,293.50,1,-77,-6,22,15,60,1,33527554,375
363.16,1545111128,6989.82,51.444519,7.435129,215.56,35.44,0.15,293.93,1,-77,-6,22,15,60,1,33527554,375
364.17,1545111129,7025.29,51.444653,7.434666,214.66,35.50,0.06,294.91,1,-78,-5,7,10,57,1,33527554,375
365.16,1545111130,7060.72,51.444791,7.434210,213.45,35.39,-0.11,295.31,1,-78,-5,7,10,57,1,33527554,375
366.17,1545111131,7096.43,51.444931,7.433773,212.03,35.05,-0.34,296.51,1,-85,-7,8,8,52,1,33527554,375
367.16,1545111132,7131.19,51.445080,7.433332,210.76,34.58,-0.48,297.73,1,-85,-7,8,8,52,1,33527554,375
368.16,1545111133,7165.77,51.445233,7.432910,209.58,34.31,-0.27,299.66,1,-85,-7,8,8,52,1,33527554,375
369.16,1545111134,7200.04,51.445390,7.432494,208.38,34.28,-0.03,300.85,1,-80,-5,11,12,56,1,33527554,375
370.17,1545111135,7234.39,51.445551,7.432084,207.11,33.95,-0.33,302.23,1,-80,-5,11,12,56,1,33527554,375
371.16,1545111136,7268.24,51.445713,7.431685,205.85,33.66,-0.30,303.54,1,-85,-6,5,8,52,1,33527554,375
372.16,1545111137,7301.89,51.445878,7.431285,204.53,33.37,-0.29,304.33,1,-85,-6,5,8,52,1,33527554,375
373.16,1545111138,7335.33,51.446048,7.430905,202.96,33.04,-0.33,305.97,1,-85,-7,7,9,53,1,33527554,375
374.16,1545111139,7368.33,51.446230,7.430520,201.54,33.17,0.13,307.35,1,-85,-7,7,9,53,1,33527554,375
375.16,1545111140,7401.50,51.446420,7.430150,200.17,33.54,0.37,309.64,1,-75,-4,25,15,60,1,33527554,375
376.16,1545111141,7435.08,51.446612,7.429778,198.73,33.81,0.27,310.50,1,-75,-4,25,15,60,1,33527554,375
377.16,1545111142,7468.89,51.446814,7.429415,197.55,34.24,0.42,311.97,1,-72,-5,27,15,63,1,33527554,375
378.16,1545111143,7503.09,51.447029,7.429047,196.28,34.77,0.53,313.78,1,-72,-5,27,15,63,1,33527554,375
379.16,1545111144,7537.89,51.447253,7.428688,195.14,35.38,0.61,315.37,1,-80,-5,11,12,57,1,33527554,375
380.16,1545111145,7573.17,51.447487,7.428335,193.95,35.91,0.53,316.98,1,-80,-5,11,12,57,1,33527554,375
381.16,1545111146,7609.04,51.447724,7.427979,192.60,36.33,0.42,317.87,1,-82,-6,24,9,54,1,33527554,375
382.16,1545111147,7645.40,51.447973,7.427628,191.28,36.78,0.46,319.15,1,-82,-6,24,9,54,1,33527554,375
383.16,1545111148,7682.30,51.448234,7.427284,190.09,37.69,0.91,320.79,1,-86,-10,11,7,57,1,33527554,375
384.16,1545111149,7719.99,51.448507,7.426949,188.57,38.35,0.66,323.07,1,-86,-10,11,7,57,1,33527554,375
385.16,1545111150,7758.15,51.448784,7.426626,186.94,38.15,-0.20,324.40,1,-91,-9,9,8,50,1,33527554,375
386.16,1545111151,7796.50,51.449061,7.426319,185.23,37.62,-0.53,325.89,1,-91,-9,9,8,50,1,33527554,375
387.17,1545111152,7834.45,51.449343,7.426025,183.54,37.40,-0.21,327.48,1,-91,-9,20,8,50,1,33527554,375
388.16,1545111153,7871.52,51.449631,7.425746,181.87,37.36,-0.04,329.23,1,-91,-9,20,8,50,1,33527554,375
389.16,1545111154,7908.84,51.449918,7.425492,180.04,37.63,0.27,330.87,1,-91,-9,20,8,50,1,33527554,375
390.16,1545111155,7946.47,51.450215,7.425241,178.22,37.50,-0.13,332.33,1,-92,-7,4,7,46,1,33527554,375
391.16,1545111156,7983.86,51.450511,7.425002,176.55,37.70,0.20,333.44,1,-92,-7,4,7,46,1,33527554,375
392.16,1545111157,8021.72,51.450817,7.424775,174.62,37.74,0.04,335.23,1,-95,-7,7,6,43,1,33527554,375
393.16,1545111158,8059.42,51.451134,7.424562,172.83,37.80,0.05,337.20,1,-95,-7,7,6,43,1,33527554,375
394.17,1545111159,8097.33,51.451447,7.424364,171.41,37.63,-0.17,338.48,1,-96,-10,-3,6,45,50,27771140,49
395.17,1545111160,8135.07,51.451760,7.424178,170.07,37.29,-0.34,339.77,1,-96,-10,-3,6,45,50,27771140,49
396.17,1545111161,8172.29,51.452076,7.424013,168.58,36.99,-0.30,340.85,1,-98,-9,-1,4,42,36,29568770,414
397.17,1545111162,8209.32,51.452385,7.423852,166.92,36.53,-0.46,341.07,1,-98,-9,-1,4,42,36,29568770,414
398.17,1545111163,8245.92,51.452695,7.423695,165.47,36.52,-0.01,342.03,1,-99,-12,-5,6,45,48,27771140,49
399.17,1545111164,8282.26,51.453009,7.423547,164.13,36.51,-0.01,343.08,1,-99,-12,-5,6,45,48,27771140,49
400.17,1545111165,8319.00,51.453319,7.423398,162.65,36.52,0.01,343.35,1,-95,-9,3,7,47,48,27771140,49
401.17,1545111166,8355.37,51.453630,7.423249,161.15,36.65,0.13,343.77,1,-95,-9,3,7,47,48,27771140,49
402.17,1545111167,8391.99,51.453938,7.423099,159.72,36.71,0.05,343.54,1,-97,-13,2,6,47,48,27771140,49
403.16,1545111168,8428.62,51.454251,7.422950,158.50,36.76,0.05,343.57,1,-97,-13,2,6,47,48,27771140,49
404.17,1545111169,8465.41,51.454564,7.422801,157.49,36.74,-0.02,343.64,1,-102,-14,0,5,44,48,27771140,49
405.17,1545111170,8502.15,51.454878,7.422650,156.56,36.70,-0.03,343.59,1,-102,-14,0,5,44,48,27771140,49
406.17,1545111171,8538.89,51.455193,7.422500,155.86,36.74,0.04,343.03,1,-97,-11,-3,5,44,11,33837570,49
407.17,1545111172,8575.63,51.455510,7.422348,155.24,36.78,0.04,342.10,1,-97,-11,-3,5,44,11,33837570,49
408.18,1545111173,8612.74,51.455822,7.422183,154.60,36.87,0.09,341.39,1,-91,-9,-4,12,50,11,33837570,370
409.17,1545111174,8649.27,51.456137,7.422016,154.03,37.02,0.16,340.53,1,-91,-9,-4,12,50,11,33837570,370
410.16,1545111175,8686.15,51.456450,7.421831,153.47,37.25,0.23,339.39,1,-91,-9,-4,12,50,11,33837570,370
411.17,1545111176,8723.70,51.456765,7.421634,152.93,37.38,0.13,338.35,1,-92,-12,-4,8,51,11,33837570,370
412.17,1545111177,8760.93,51.457079,7.421428,152.41,37.59,0.21,337.27,1,-92,-12,-4,8,51,11,33837570,370
413.16,1545111178,8798.37,51.457389,7.421214,152.01,37.77,0.18,336.10,1,-95,-15,-4,8,50,11,33837570,370
414.17,1545111179,8836.33,51.457702,7.420995,151.62,37.89,0.12,335.11,1,-95,-15,-4,8,50,11,33837570,370
415.17,1545111180,8874.14,51.458008,7.420760,151.34,37.75,-0.14,334.02,1,-95,-10,-3,7,45,11,33837570,370
416.17,1545111181,8911.93,51.458312,7.420524,151.15,37.78,0.03,333.08,1,-95,-10,-3,7,45,11,33837570,370
417.17,1545111182,8949.67,51.458612,7.420272,151.04,37.57,-0.21,331.98,1,-93,-10,4,8,47,11,33837570,370
418.17,1545111183,8987.27,51.458911,7.420017,150.90,37.53,-0.04,331.03,1,-93,-10,4,8,47,11,33837570,370
419.17,1545111184,9024.80,51.459202,7.419748,150.76,37.17,-0.35,329.83,1,-88,-10,3,9,52,11,33837570,370
420.17,1545111185,9062.05,51.459493,7.419477,150.73,37.13,-0.04,329.09,1,-88,-10,3,9,52,11,33837570,370
421.16,1545111186,9098.92,51.459772,7.419197,150.82,37.13,-0.00,327.90,1,-78,-11,5,6,60,10,27770883,35
422.16,1545111187,9136.02,51.460050,7.418905,150.98,37.27,0.14,326.45,1,-78,-11,5,6,60,10,27770883,35
423.17,1545111188,9173.55,51.460326,7.418608,151.22,37.48,0.20,325.36,1,-87,-11,7,8,54,10,27770883,35
424.17,1545111189,9210.99,51.460603,7.418293,151.45,37.72,0.24,324.20,1,-87,-11,7,8,54,10,27770883,35
425.16,1545111190,9248.63,51.460882,7.417974,151.64,37.96,0.24,323.25,1,-83,-6,13,12,53,10,27770883,35
426.16,1545111191,9286.59,51.461153,7.417640,151.84,38.17,0.21,322.13,1,-83,-6,13,12,53,10,27770883,35
427.17,1545111192,9324.80,51.461424,7.417303,152.02,38.42,0.25,321.16,1,-80,-7,14,9,59,10,27770883,35
428.17,1545111193,9363.23,51.461691,7.416949,152.24,38.68,0.25,320.21,1,-80,-7,14,9,59,10,27770883,35
429.17,1545111194,9402.21,51.461956,7.416586,152.38,38.86,0.18,318.99,1,-82,-8,15,10,57,10,27770883,35
430.16,1545111195,9440.72,51.462216,7.416212,152.51,39.14,0.29,317.85,1,-82,-8,15,10,57,10,27770883,35
431.16,1545111196,9479.86,51.462474,7.415826,152.62,39.31,0.17,316.53,1,-82,-8,15,10,57,10,27770883,35
432.16,1545111197,9519.09,51.462731,7.415436,152.71,39.50,0.20,315.59,1,-80,-8,16,12,57,10,27770883,35
433.17,1545111198,9558.72,51.462980,7.415036,152.67,39.61,0.11,314.54,1,-80,-8,16,12,57,10,27770883,35
434.16,1545111199,9598.25,51.463233,7.414627,152.51,39.89,0.28,313.69,1,-90,-7,0,8,48,10,27770883,35
435.16,1545111200,9638.14,51.463477,7.414200,152.55,40.09,0.20,312.27,1,-90,-7,0,8,48,10,27770883,35
436.16,1545111201,9678.22,51.463716,7.413773,152.52,40.21,0.13,311.32,1,-83,-6,13,9,55,10,27770883,35
437.16,1545111202,9718.44,51.463949,7.413336,152.51,40.23,0.02,310.36,1,-83,-6,13,9,55,10,27770883,35
438.16,1545111203,9758.71,51.464182,7.412892,152.44,40.12,-0.11,309.93,1,-92,-10,9,8,49,10,27770883,35
439.17,1545111204,9798.86,51.464409,7.412444,152.37,40.09,-0.02,309.33,1,-92,-10,9,8,49,10,27770883,35
440.16,1545111205,9838.92,51.464633,7.411997,152.30,39.61,-0.48,308.63,1,-82,-8,15,12,58,10,27770883,35
441.16,1545111206,9878.45,51.464849,7.411554,152.22,38.76,-0.85,308.21,1,-82,-8,15,12,58,10,27770883,35
442.17,1545111207,9917.37,51.465059,7.411123,152.19,37.80,-0.96,308.18,1,-93,-10,8,7,45,10,27770883,35
443.17,1545111208,9955.31,51.465267,7.410696,152.25,37.37,-0.43,308.22,1,-93,-10,8,7,45,10,27770883,35
444.16,1545111209,9992.38,51.465473,7.410276,152.29,37.16,-0.21,308.10,1,-95,-10,1,6,44,4,27770885,33
445.16,1545111210,10029.58,51.465680,7.409855,152.34,37.14,-0.02,307.95,1,-95,-10,1,6,44,4,27770885,33
446.16,1545111211,10066.76,51.465886,7.409432,152.44,37.07,-0.07,307.93,1,-89,-6,5,10,49,4,27770885,33
447.16,1545111212,10103.79,51.466091,7.409015,152.52,37.02,-0.05,308.20,1,-89,-6,5,10,49,4,27770885,33
448.16,1545111213,10140.81,51.466299,7.408587,152.70,36.95,-0.07,308.46,1,-95,-7,10,8,42,4,27770885,33
449.16,1545111214,10177.79,51.466503,7.408169,152.96,36.97,0.02,308.72,1,-95,-7,10,8,42,4,27770885,33
450.17,1545111215,10215.06,51.466708,7.407755,153.18,37.10,0.13,308.81,1,-94,-8,3,5,45,4,27770885,33
451.16,1545111216,10251.82,51.466915,7.407338,153.43,36.59,-0.52,309.14,1,-94,-8,3,5,45,4,27770885,33
452.16,1545111217,10288.37,51.467123,7.406934,153.68,35.71,-0.88,309.31,1,-94,-8,3,5,45,4,27770885,33
453.16,1545111218,10324.15,51.467324,7.406550,153.89,34.88,-0.82,310.07,1,-78,-8,8,12,54,4,27770885,33
454.17,1545111219,10359.07,51.467529,7.406171,154.09,34.07,-0.81,310.37,1,-78,-8,8,12,54,4,27770885,33
455.16,1545111220,10393.08,51.467730,7.405799,154.28,33.87,-0.21,310.54,1,-85,-6,13,8,51,4,27770885,33
456.16,1545111221,10426.94,51.467929,7.405427,154.51,33.79,-0.08,311.01,1,-85,-6,13,8,51,4,27770885,33
457.16,1545111222,10460.77,51.468132,7.405063,154.78,33.62,-0.18,311.54,1,-90,-8,0,7,49,4,27770885,33
458.16,1545111223,10494.39,51.468333,7.404702,155.02,33.59,-0.03,311.85,1,-90,-8,0,7,49,4,27770885,33
459.16,1545111224,10527.98,51.468536,7.404340,155.37,33.63,0.05,312.40,1,-82,-10,-6,10,59,4,27770885,33
460.16,1545111225,10561.61,51.468741,7.403989,155.74,33.54,-0.10,312.76,1,-82,-10,-6,10,59,4,27770885,33
461.16,1545111226,10595.05,51.468944,7.403642,156.10,32.80,-0.74,313.23,1,-85,-8,0,10,54,4,27770885,33
462.16,1545111227,10627.92,51.469154,7.403289,156.58,32.41,-0.38,313.50,1,-85,-8,0,10,54,4,27770885,33
463.17,1545111228,10660.40,51.469364,7.402941,157.05,32.72,0.30,314.14,1,-85,-8,6,11,57,18,27771140,49
464.16,1545111229,10693.08,51.469572,7.402601,157.43,32.75,0.04,314.36,1,-85,-8,6,11,57,18,27771140,49
465.16,1545111230,10725.83,51.469782,7.402277,157.86,32.19,-0.56,315.61,1,-84,-7,27,10,58,18,27771140,49
466.16,1545111231,10757.99,51.469994,7.401964,158.35,31.99,-0.20,317.17,1,-84,-7,27,10,58,18,27771140,49
467.16,1545111232,10790.02,51.470206,7.401653,158.74,31.40,-0.59,316.66,1,-84,-5,14,10,53,18,27771140,49
468.16,1545111233,10821.38,51.470414,7.401348,159.00,30.89,-0.51,316.53,1,-84,-5,14,10,53,18,27771140,49
469.16,1545111234,10852.27,51.470619,7.401042,159.34,30.20,-0.69,316.53,1,-81,-8,25,15,61,18,27771140,49
470.17,1545111235,10882.54,51.470817,7.400746,159.77,29.44,-0.76,316.71,1,-81,-8,25,15,61,18,27771140,49
471.17,1545111236,10912.07,51.471008,7.400457,160.17,28.85,-0.59,316.67,1,-81,-6,21,12,59,18,27771140,49
472.16,1545111237,10940.77,51.471196,7.400173,160.56,28.12,-0.73,316.96,1,-81,-6,21,12,59,18,27771140,49
473.16,1545111238,10968.92,51.471379,7.399899,160.99,27.48,-0.65,317.56,1,-81,-6,21,12,59,18,27771140,49
474.16,1545111239,10996.40,51.471558,7.399633,161.39,26.90,-0.58,317.78,1,-84,-6,25,11,57,18,27771140,49
475.16,1545111240,11023.30,51.471734,7.399372,161.78,26.57,-0.33,317.87,1,-84,-6,25,11,57,18,27771140,49
476.16,1545111241,11049.87,51.471908,7.399115,162.18,26.36,-0.22,318.04,1,-84,-7,14,9,55,18,27771140,49
477.16,1545111242,11076.23,51.472084,7.398866,162.54,26.26,-0.10,318.47,1,-84,-7,14,9,55,18,27771140,49
478.16,1545111243,11102.46,51.472260,7.398615,162.91,26.17,-0.09,318.89,1,-83,-6,20,15,57,18,27771140,49
479.16,1545111244,11128.63,51.472435,7.398368,163.23,26.03,-0.15,319.32,1,-83,-6,20,15,57,18,27771140,49
480.16,1545111245,11154.61,51.472612,7.398128,163.51,25.92,-0.10,319.62,1,-82,-7,22,11,58,18,27771140,49
481.17,1545111246,11180.64,51.472790,7.397887,163.79,25.91,-0.01,319.88,1,-82,-7,22,11,58,18,27771140,49
482.17,1545111247,11206.63,51.472966,7.397648,164.07,25.95,0.04,319.94,1,-83,-8,24,15,57,18,27771140,49
483.17,1545111248,11232.53,51.473144,7.397408,164.33,25.93,-0.03,320.04,1,-83,-8,24,15,57,18,27771140,49
484.16,1545111249,11258.35,51.473321,7.397168,164.52,25.88,-0.05,320.56,1,-84,-9,22,14,56,18,27771140,49
485.16,1545111250,11284.22,51.473503,7.396935,164.76,25.71,-0.17,321.17,1,-84,-9,22,14,56,18,27771140,49
486.17,1545111251,11310.01,51.473682,7.396703,164.97,25.58,-0.13,321.93,1,-86,-6,13,6,51,55,33527554,375
487.17,1545111252,11335.59,51.473858,7.396478,165.06,25.46,-0.12,321.88,1,-86,-6,13,6,51,55,33527554,375
488.16,1545111253,11361.00,51.474037,7.396248,165.19,25.38,-0.08,322.16,1,-85,-6,8,9,54,55,33527554,375
489.16,1545111254,11386.38,51.474218,7.396025,165.35,25.38,-0.00,322.47,1,-85,-6,8,9,54,55,33527554,375
490.16,1545111255,11411.73,51.474405,7.395808,165.56,25.68,0.31,323.50,1,-82,-6,11,10,55,55,33527554,375
491.17,1545111256,11437.49,51.474594,7.395589,165.82,25.79,0.11,323.36,1,-82,-6,11,10,55,55,33527554,375
492.17,1545111257,11463.49,51.474790,7.395376,166.15,25.95,0.15,325.77,1,-87,-9,2,5,53,7,27771140,375
493.16,1545111258,11489.20,51.474988,7.395174,166.48,26.14,0.19,327.68,1,-87,-9,2,5,53,7,27771140,375
494.16,1545111259,11515.34,51.475187,7.394973,166.86,26.09,-0.05,328.04,1,-87,-9,2,5,53,7,27771140,375
495.16,1545111260,11541.40,51.475390,7.394782,167.25,26.17,0.08,329.65,1,-81,-6,25,15,58,7,27771140,49
496.16,1545111261,11567.60,51.475592,7.394588,167.59,26.29,0.12,329.92,1,-81,-6,25,15,58,7,27771140,49
497.16,1545111262,11593.89,51.475796,7.394397,168.09,26.19,-0.10,330.51,1,-79,-7,16,14,60,7,27771140,49
498.16,1545111263,11620.05,51.476000,7.394213,168.64,25.96,-0.23,330.96,1,-79,-7,16,14,60,7,27771140,49
499.16,1545111264,11646.00,51.476204,7.394039,169.23,25.58,-0.38,331.98,1,-76,-8,19,15,63,7,27771140,49
500.17,1545111265,11671.68,51.476407,7.393871,169.81,25.26,-0.31,333.12,1,-76,-8,19,15,63,7,27771140,49
501.16,1545111266,11696.82,51.476610,7.393713,170.37,24.72,-0.54,334.21,1,-77,-9,16,13,63,7,27771140,49
502.17,1545111267,11721.61,51.476805,7.393565,170.80,24.04,-0.67,335.46,1,-77,-9,16,13,63,7,27771140,49
503.16,1545111268,11745.63,51.476995,7.393431,171.21,22.95,-1.09,337.28,1,-82,-8,21,12,57,7,27771140,49
504.16,1545111269,11768.58,51.477172,7.393306,171.64,21.33,-1.62,338.25,1,-82,-8,21,12,57,7,27771140,49
505.16,1545111270,11789.91,51.477346,7.393207,172.13,20.37,-0.96,341.11,1,-83,-10,13,12,59,7,27771140,49
506.17,1545111271,11810.31,51.477523,7.393127,172.54,19.80,-0.57,345.05,1,-83,-10,13,12,59,7,27771140,49
507.17,1545111272,11830.13,51.477700,7.393079,172.90,19.00,-0.79,351.31,1,-83,-10,12,9,59,7,27771140,49
508.16,1545111273,11849.04,51.477874,7.393041,173.18,18.84,-0.16,353.47,1,-83,-10,12,9,59,7,27771140,49
509.16,1545111274,11867.93,51.478040,7.393030,173.86,18.86,0.02,357.50,1,-76,-6,8,6,63,4,27771139,48
510.17,1545111275,11886.82,51.478207,7.393039,174.36,19.09,0.23,1.52,1,-76,-6,8,6,63,4,27771139,48
511.16,1545111276,11905.87,51.478373,7.393123,174.41,18.96,-0.13,17.60,1,-83,-6,10,9,54,4,27771139,48
512.16,1545111277,11924.83,51.478534,7.393223,174.57,19.01,0.05,20.25,1,-83,-6,10,9,54,4,27771139,48
513.18,1545111278,11944.06,51.478687,7.393342,174.73,18.70,-0.30,24.36,1,-82,-6,12,9,56,4,27771139,48
514.16,1545111279,11962.54,51.478832,7.393483,174.48,17.70,-1.02,27.79,1,-82,-6,12,9,56,4,27771139,48
515.16,1545111280,11980.24,51.478965,7.393617,174.19,16.15,-1.55,28.36,1,-82,-6,12,9,56,4,27771139,48
516.16,1545111281,11996.38,51.479076,7.393723,174.42,14.32,-1.83,26.31,1,-84,-6,17,15,52,4,27771139,48
517.16,1545111282,12010.70,51.479199,7.393775,174.72,14.15,-0.17,10.50,1,-84,-6,17,15,52,4,27771139,48
518.16,1545111283,12024.84,51.479313,7.393809,175.07,13.53,-0.62,6.70,1,-85,-6,14,9,50,4,27771139,48
519.16,1545111284,12038.37,51.479414,7.393771,175.42,13.84,0.31,345.46,1,-85,-6,14,9,50,4,27771139,48
520.16,1545111285,12052.21,51.479525,7.393721,175.92,14.03,0.19,342.69,1,-91,-8,14,14,47,4,27771139,48
521.17,1545111286,12066.26,51.479638,7.393654,176.55,14.20,0.17,339.66,1,-91,-8,14,14,47,4,27771139,48
522.16,1545111287,12080.43,51.479759,7.393572,177.60,14.32,0.12,337.63,1,-91,-8,12,9,48,4,27771139,48
523.17,1545111288,12094.78,51.479874,7.393492,178.73,13.09,-1.23,336.65,1,-91,-8,12,9,48,4,27771139,48
524.16,1545111289,12107.84,51.479972,7.393432,179.24,11.42,-1.67,339.05,1,-89,-8,16,9,50,4,27771139,48
525.16,1545111290,12119.27,51.480076,7.393421,179.63,10.60,-0.82,358.51,1,-89,-8,16,9,50,4,27771139,48
526.16,1545111291,12129.87,51.480179,7.393454,180.16,10.77,0.17,16.63,1,-88,-6,19,10,50,4,27771139,48
527.16,1545111292,12140.64,51.480239,7.393520,180.54,10.56,-0.21,34.53,1,-88,-6,19,10,50,4,27771139,48
528.16,1545111293,12151.19,51.480297,7.393644,181.08,11.34,0.78,56.30,1,-84,-5,16,12,52,4,27771139,48
529.16,1545111294,12162.54,51.480355,7.393782,181.54,12.53,1.19,57.50,1,-84,-5,16,12,52,4,27771139,48
530.16,1545111295,12175.08,51.480413,7.393926,181.66,13.62,1.08,58.45,1,-83,-5,22,12,53,4,27771139,48
531.16,1545111296,12188.64,51.480485,7.394100,182.09,14.99,1.38,58.23,1,-83,-5,22,12,53,4,27771139,48
532.16,1545111297,12203.65,51.480564,7.394290,182.78,15.81,0.82,57.60,1,-85,-8,15,7,54,4,27771139,48
533.16,1545111298,12219.51,51.480643,7.394484,183.45,16.57,0.75,58.04,1,-85,-8,15,7,54,4,27771139,48
534.17,1545111299,12236.21,51.480724,7.394697,184.15,17.05,0.48,58.55,1,-86,-5,21,9,51,4,27771139,48
535.16,1545111300,12253.11,51.480808,7.394914,184.49,17.48,0.43,58.86,1,-86,-5,21,9,51,4,27771139,48
536.16,1545111301,12270.59,51.480887,7.395122,184.54,17.34,-0.13,59.27,1,-86,-5,21,9,51,4,27771139,48
537.16,1545111302,12287.93,51.480969,7.395339,184.46,17.40,0.06,59.12,1,-80,-5,22,11,57,4,27771139,48
538.16,1545111303,12305.33,51.481051,7.395559,184.35,17.19,-0.21,59.74,1,-80,-5,22,11,57,4,27771139,48
539.16,1545111304,12322.53,51.481134,7.395782,184.35,16.84,-0.35,59.15,1,-80,-5,24,11,57,4,27771139,48
540.16,1545111305,12339.32,51.481207,7.395982,184.37,16.48,-0.37,59.53,1,-80,-5,24,11,57,4,27771139,48
541.16,1545111306,12355.82,51.481283,7.396189,184.71,16.03,-0.44,60.01,1,-87,-7,16,9,50,4,27771139,48
542.16,1545111307,12371.86,51.481355,7.396383,185.08,15.66,-0.37,59.66,1,-87,-7,16,9,50,4,27771139,48
543.16,1545111308,12387.54,51.481421,7.396571,185.22,15.33,-0.33,59.28,1,-85,-7,14,10,53,4,27771139,48
544.16,1545111309,12402.87,51.481489,7.396757,185.38,14.80,-0.53,58.82,1,-85,-7,14,10,53,4,27771139,48
545.16,1545111310,12417.67,51.481558,7.396935,185.53,14.52,-0.28,58.21,1,-87,-6,16,15,48,4,27771139,48
546.16,1545111311,12432.21,51.481628,7.397112,185.66,14.31,-0.22,57.68,1,-87,-6,16,15,48,4,27771139,48
547.16,1545111312,12446.50,51.481701,7.397286,185.75,14.00,-0.31,56.95,1,-85,-5,21,10,51,4,27771139,48
548.16,1545111313,12460.50,51.481774,7.397456,186.00,13.78,-0.22,56.11,1,-85,-5,21,10,51,4,27771139,48
549.16,1545111314,12474.28,51.481847,7.397618,186.34,13.58,-0.20,55.31,1,-84,-5,20,12,52,4,27771139,48
550.17,1545111315,12487.88,51.481916,7.397767,186.46,13.22,-0.36,54.12,1,-84,-5,20,12,52,4,27771139,48
551.16,1545111316,12501.08,51.481987,7.397915,186.57,12.73,-0.50,52.98,1,-82,-5,17,15,53,4,27771139,48
552.16,1545111317,12513.77,51.482051,7.398041,186.38,11.73,-1.00,51.92,1,-82,-5,17,15,53,4,27771139,48
553.16,1545111318,12525.53,51.482117,7.398160,186.34,10.25,-1.47,50.71,1,-79,-4,24,13,57,4,27771139,48
554.16,1545111319,12535.78,51.482177,7.398264,186.19,8.46,-1.80,49.40,1,-79,-4,24,13,57,4,27771139,48
555.17,1545111320,12544.31,51.482229,7.398350,186.05,7.10,-1.34,48.11,1,-80,-5,19,12,57,4,27771139,48
556.16,1545111321,12551.36,51.482277,7.398429,185.94,6.72,-0.38,46.83,1,-80,-5,19,12,57,4,27771139,48
557.16,1545111322,12558.08,51.482318,7.398492,185.84,6.46,-0.27,45.23,1,-80,-5,19,12,57,4,27771139,48
558.16,1545111323,12564.54,51.482366,7.398559,185.69,6.79,0.33,43.84,1,-78,-6,25,11,58,4,27771139,48
559.16,1545111324,12571.33,51.482418,7.398627,185.41,7.48,0.69,42.69,1,-78,-6,25,11,58,4,27771139,48
560.17,1545111325,12578.82,51.482481,7.398706,185.40,8.80,1.32,41.06,1,-80,-5,22,15,54,4,27771139,48
561.16,1545111326,12587.58,51.482548,7.398786,185.59,9.62,0.82,39.73,1,-80,-5,22,15,54,4,27771139,48
562.16,1545111327,12597.20,51.482616,7.398868,185.68,9.71,0.10,38.66,1,-86,-6,17,12,51,4,27771139,48
563.16,1545111328,12606.93,51.482682,7.398946,185.66,9.82,0.10,37.50,1,-86,-6,17,12,51,4,27771139,48
564.16,1545111329,12616.76,51.482748,7.399018,185.45,9.79,-0.02,36.29,1,-85,-6,12,15,50,4,27771139,48
565.16,1545111330,12626.55,51.482826,7.399101,185.15,10.61,0.81,35.38,1,-85,-6,12,15,50,4,27771139,48
566.16,1545111331,12637.16,51.482914,7.399191,185.03,12.03,1.42,34.51,1,-83,-7,13,15,52,4,27771139,48
567.16,1545111332,12649.19,51.483009,7.399292,185.31,12.72,0.69,33.73,1,-83,-7,13,15,52,4,27771139,48
568.16,1545111333,12661.91,51.483110,7.399395,185.54,13.98,1.25,33.35,1,-81,-6,13,11,49,4,27771139,48
569.16,1545111334,12675.89,51.483211,7.399500,185.24,14.20,0.22,33.54,1,-81,-6,13,11,49,4,27771139,48
570.16,1545111335,12690.06,51.483315,7.399607,184.49,14.41,0.22,34.00,1,-86,-6,8,10,46,4,27771139,48
571.16,1545111336,12704.47,51.483420,7.399718,183.76,14.47,0.06,34.51,1,-86,-6,8,10,46,4,27771139,48
572.16,1545111337,12718.96,51.483525,7.399830,183.10,14.34,-0.13,35.39,1,-94,-9,4,6,45,4,27771139,48
573.17,1545111338,12733.36,51.483631,7.399946,182.41,14.28,-0.07,35.49,1,-94,-9,4,6,45,4,27771139,48
574.17,1545111339,12747.62,51.483736,7.400067,181.89,14.52,0.24,36.25,1,-98,-9,1,6,42,4,27771139,48
575.17,1545111340,12762.14,51.483846,7.400190,181.36,14.95,0.44,36.62,1,-98,-9,1,6,42,4,27771139,48
576.17,1545111341,12777.20,51.483963,7.400322,180.83,15.35,0.39,36.98,1,-94,-7,1,6,44,9,28365058,223
577.16,1545111342,12792.42,51.484076,7.400459,180.52,15.28,-0.07,37.50,1,-94,-7,1,6,44,9,28365058,223
578.16,1545111343,12807.68,51.484189,7.400595,180.51,15.13,-0.15,38.07,1,-94,-7,1,6,44,9,28365058,223
579.16,1545111344,12822.81,51.484304,7.400741,181.01,15.19,0.06,38.69,1,-94,-7,9,8,44,9,28365058,223
580.17,1545111345,12838.03,51.484406,7.400880,181.51,15.47,0.29,39.79,1,-94,-7,9,8,44,9,28365058,223
581.16,1545111346,12853.49,51.484509,7.401023,181.94,15.40,-0.07,40.59,1,-96,-7,11,8,43,9,28365058,223
582.16,1545111347,12868.89,51.484613,7.401179,182.34,15.25,-0.15,41.49,1,-96,-7,11,8,43,9,28365058,223
583.16,1545111348,12884.14,51.484715,7.401331,182.63,15.23,-0.02,42.21,1,-98,-10,6,5,42,9,28365058,223
584.17,1545111349,12899.42,51.484816,7.401483,183.05,15.23,0.00,42.24,1,-98,-10,6,5,42,9,28365058,223
585.17,1545111350,12914.63,51.484918,7.401636,183.59,15.18,-0.05,41.88,1,-98,-11,4,10,41,9,28365058,223
586.17,1545111351,12929.82,51.485018,7.401783,183.97,14.94,-0.24,42.29,1,-98,-11,4,10,41,9,28365058,223
587.17,1545111352,12944.77,51.485112,7.401932,184.43,14.84,-0.10,43.14,1,-99,-8,7,9,40,9,28365058,223
588.17,1545111353,12959.61,51.485202,7.402080,184.70,14.63,-0.21,44.37,1,-99,-8,7,9,40,9,28365058,223
589.17,1545111354,12974.21,51.485288,7.402231,184.86,14.18,-0.45,45.50,1,-98,-7,8,7,40,9,28365058,223
590.16,1545111355,12988.35,51.485368,7.402373,184.97,12.60,-1.59,46.62,1,-98,-7,8,7,40,9,28365058,223
591.17,1545111356,13001.03,51.485440,7.402504,185.20,11.14,-1.45,47.81,1,-97,-9,4,9,42,9,28365058,223
592.16,1545111357,13012.13,51.485500,7.402618,185.50,9.35,-1.80,48.90,1,-97,-9,4,9,42,9,28365058,223
593.17,1545111358,13021.52,51.485549,7.402712,185.47,7.69,-1.65,48.44,1,-97,-10,3,11,42,9,28365058,223
594.16,1545111359,13029.18,51.485614,7.402772,185.51,7.55,-0.14,26.05,1,-97,-10,3,11,42,9,28365058,223
595.16,1545111360,13036.72,51.485673,7.402786,185.56,7.51,-0.05,5.40,1,-91,-7,5,6,47,16,29391105,167
596.16,1545111361,13044.24,51.485719,7.402765,185.17,7.53,0.03,344.99,1,-91,-7,5,6,47,16,29391105,167
597.19,1545111362,13052.00,51.485777,7.402703,184.44,8.20,0.64,324.91,1,-109,-14,0,3,37,8,28365058,167
598.17,1545111363,13059.98,51.485838,7.402636,183.95,8.88,0.70,323.86,1,-109,-14,0,3,37,8,28365058,167
599.17,1545111364,13068.86,51.485908,7.402555,183.64,9.73,0.85,323.40,1,-109,-14,0,3,37,8,28365058,167
600.17,1545111365,13078.57,51.485983,7.402464,183.64,10.84,1.11,324.23,1,-99,-8,4,6,39,8,28365058,223
601.16,1545111366,13089.38,51.486075,7.402364,183.97,12.09,1.25,325.26,1,-99,-8,4,6,39,8,28365058,223
602.16,1545111367,13101.49,51.486163,7.402267,184.16,12.69,0.61,326.64,1,-99,-10,5,9,42,8,28365058,223
603.17,1545111368,13114.25,51.486256,7.402180,184.19,12.99,0.29,328.97,1,-99,-10,5,9,42,8,28365058,223
604.16,1545111369,13127.17,51.486356,7.402089,183.85,12.83,-0.16,330.92,1,-100,-12,2,7,42,8,28365058,223
605.17,1545111370,13140.05,51.486464,7.402002,183.73,13.36,0.53,333.03,1,-100,-12,2,7,42,8,28365058,223
606.17,1545111371,13153.40,51.486579,7.401925,183.83,12.94,-0.42,335.36,1,-98,-11,1,6,44,14,33519104,128
607.17,1545111372,13166.33,51.486692,7.401861,183.63,13.18,0.24,338.18,1,-98,-11,1,6,44,14,33519104,128
608.16,1545111373,13179.48,51.486802,7.401810,183.39,13.12,-0.05,340.61,1,-94,-7,7,15,42,14,33519104,128
609.17,1545111374,13192.63,51.486913,7.401766,183.21,12.75,-0.37,343.29,1,-94,-7,7,15,42,14,33519104,128
610.16,1545111375,13205.33,51.487025,7.401731,183.00,12.97,0.22,345.73,1,-89,-8,2,6,47,16,27771139,48
611.16,1545111376,13218.29,51.487153,7.401702,183.11,13.37,0.40,348.30,1,-89,-8,2,6,47,16,27771139,48
612.16,1545111377,13231.66,51.487275,7.401681,183.05,13.53,0.16,350.84,1,-83,-8,3,15,49,16,27771139,48
613.16,1545111378,13245.22,51.487398,7.401665,182.73,13.62,0.09,353.25,1,-83,-8,3,15,49,16,27771139,48
614.16,1545111379,13258.84,51.487517,7.401664,182.34,13.67,0.05,355.37,1,-84,-7,5,6,55,2,26385409,93
615.16,1545111380,13272.51,51.487645,7.401671,181.73,13.64,-0.02,357.02,1,-84,-7,5,6,55,2,26385409,93
616.16,1545111381,13286.17,51.487771,7.401677,181.30,13.94,0.29,358.08,1,-85,-5,14,10,51,2,26385409,93
617.16,1545111382,13300.11,51.487899,7.401681,180.61,14.06,0.12,358.88,1,-85,-5,14,10,51,2,26385409,93
618.16,1545111383,13314.15,51.488022,7.401691,180.17,14.16,0.11,359.49,1,-88,-6,20,12,50,2,26385409,93
619.16,1545111384,13328.31,51.488146,7.401698,179.82,14.16,-0.01,359.91,1,-88,-6,20,12,50,2,26385409,93
620.16,1545111385,13342.47,51.488272,7.401707,179.53,14.14,-0.02,0.62,1,-80,-5,25,15,58,2,26385409,93
621.16,1545111386,13356.60,51.488400,7.401711,179.12,14.10,-0.04,0.93,1,-80,-5,25,15,58,2,26385409,93
622.17,1545111387,13370.80,51.488528,7.401718,178.71,14.11,0.01,0.27,1,-81,-7,21,12,58,2,26385409,93
623.16,1545111388,13384.78,51.488655,7.401722,178.17,13.97,-0.14,0.51,1,-81,-7,21,12,58,2,26385409,93
624.17,1545111389,13398.80,51.488782,7.401724,177.83,13.99,0.02,359.71,1,-81,-7,21,12,58,2,26385409,93
625.16,1545111390,13412.78,51.488902,7.401727,177.42,13.30,-0.69,359.97,1,-83,-6,20,13,55,2,26385409,93
626.16,1545111391,13426.08,51.489013,7.401731,176.94,12.01,-1.29,0.75,1,-83,-6,20,13,55,2,26385409,93
627.16,1545111392,13438.08,51.489125,7.401737,176.95,10.68,-1.33,1.44,1,-81,-6,13,6,57,2,26385410,94
628.16,1545111393,13448.76,51.489202,7.401740,176.71,8.85,-1.83,1.66,1,-81,-6,13,6,57,2,26385410,94
629.16,1545111394,13457.58,51.489284,7.401747,176.46,7.00,-1.85,2.16,1,-76,-5,29,12,61,2,26385410,94
630.16,1545111395,13464.58,51.489323,7.401776,176.13,5.66,-1.34,24.63,1,-76,-5,29,12,61,2,26385410,94
631.16,1545111396,13470.25,51.489362,7.401837,175.43,5.90,0.24,51.60,1,-69,-5,31,15,63,2,26385410,94
632.16,1545111397,13476.16,51.489377,7.401912,174.52,6.63,0.73,73.16,1,-69,-5,31,15,63,2,26385410,94
633.16,1545111398,13482.79,51.489397,7.402021,173.52,7.72,1.09,77.12,1,-71,-5,23,15,63,2,26385410,94
634.16,1545111399,13490.51,51.489412,7.402160,173.02,8.89,1.16,80.51,1,-71,-5,23,15,63,2,26385410,94
635.16,1545111400,13499.39,51.489420,7.402301,172.71,9.78,0.89,83.45,1,-67,-5,31,15,63,2,26385410,94
636.16,1545111401,13509.17,51.489423,7.402455,172.72,10.44,0.67,85.93,1,-67,-5,31,15,63,2,26385410,94
637.16,1545111402,13519.62,51.489423,7.402606,172.70,11.13,0.69,87.81,1,-70,-5,32,14,63,2,26385410,94
638.16,1545111403,13530.74,51.489422,7.402772,172.83,11.61,0.48,88.90,1,-70,-5,32,14,63,2,26385410,94
639.16,1545111404,13542.36,51.489421,7.402951,173.11,12.31,0.70,89.59,1,-73,-5,16,15,63,2,26385410,94
640.16,1545111405,13554.67,51.489417,7.403126,173.22,12.29,-0.02,89.94,1,-73,-5,16,15,63,2,26385410,94
641.17,1545111406,13567.02,51.489414,7.403303,173.38,12.45,0.17,90.84,1,-70,-8,23,15,63,2,26385410,94
642.16,1545111407,13579.36,51.489410,7.403487,173.40,12.67,0.22,90.66,1,-70,-8,23,15,63,2,26385410,94
643.17,1545111408,13592.17,51.489407,7.403677,173.33,12.86,0.18,90.52,1,-68,-5,30,15,63,2,26385410,94
644.16,1545111409,13604.94,51.489403,7.403858,173.14,13.06,0.20,90.89,1,-68,-5,30,15,63,2,26385410,94
645.16,1545111410,13618.00,51.489400,7.404039,173.09,13.40,0.34,90.80,1,-68,-5,30,15,63,2,26385410,94
646.16,1545111411,13631.40,51.489395,7.404231,173.20,13.54,0.14,91.00,1,-77,-7,36,14,62,2,26385410,94
647.16,1545111412,13644.94,51.489391,7.404420,173.32,13.39,-0.15,91.22,1,-77,-7,36,14,62,2,26385410,94
648.16,1545111413,13658.32,51.489388,7.404608,173.46,13.20,-0.19,91.23,1,-77,-9,18,12,63,2,26385410,94
649.16,1545111414,13671.52,51.489384,7.404813,173.56,12.90,-0.30,91.19,1,-77,-9,18,12,63,2,26385410,94
650.16,1545111415,13684.42,51.489379,7.404991,173.51,12.66,-0.23,90.60,1,-71,-6,14,6,63,1,26385408,95
651.16,1545111416,13697.04,51.489378,7.405175,173.65,12.51,-0.15,89.70,1,-71,-6,14,6,63,1,26385408,95
652.16,1545111417,13709.54,51.489382,7.405354,173.91,12.41,-0.09,88.25,1,-73,-7,26,15,63,1,26385408,95
653.16,1545111418,13722.00,51.489390,7.405544,174.63,12.48,0.07,86.44,1,-73,-7,26,15,63,1,26385408,95
654.16,1545111419,13734.47,51.489402,7.405699,174.78,12.51,0.02,84.23,1,-72,-5,30,15,63,1,26385408,95
655.16,1545111420,13746.98,51.489421,7.405878,175.00,12.59,0.08,82.48,1,-72,-5,30,15,63,1,26385408,95
656.16,1545111421,13759.57,51.489442,7.406055,175.12,12.66,0.07,80.83,1,-74,-6,16,15,63,1,26385408,95
657.16,1545111422,13772.22,51.489468,7.406229,175.14,12.81,0.15,79.47,1,-74,-6,16,15,63,1,26385408,95
658.16,1545111423,13785.04,51.489496,7.406411,175.03,13.09,0.28,78.78,1,-73,-5,22,14,63,1,26385408,95
659.16,1545111424,13798.13,51.489525,7.406596,174.95,13.34,0.25,78.41,1,-73,-5,22,14,63,1,26385408,95
660.16,1545111425,13811.42,51.489553,7.406783,174.82,13.69,0.35,77.85,1,-70,-4,26,15,63,1,26385408,95
661.16,1545111426,13825.11,51.489580,7.406992,174.77,13.85,0.17,78.19,1,-70,-4,26,15,63,1,26385408,95
662.16,1545111427,13839.02,51.489608,7.407199,175.13,13.66,-0.19,78.09,1,-72,-5,29,13,63,1,26385408,95
663.16,1545111428,13852.65,51.489635,7.407390,175.63,13.58,-0.08,78.26,1,-72,-5,29,13,63,1,26385408,95
664.16,1545111429,13866.26,51.489659,7.407569,175.64,13.41,-0.18,78.59,1,-75,-5,20,14,62,1,26385408,95
665.16,1545111430,13879.64,51.489684,7.407756,175.57,13.30,-0.10,79.13,1,-75,-5,20,14,62,1,26385408,95
666.16,1545111431,13892.97,51.489707,7.407945,175.26,13.37,0.06,79.44,1,-75,-5,20,14,62,1,26385408,95
667.17,1545111432,13906.35,51.489728,7.408128,174.83,13.54,0.17,78.47,1,-72,-4,20,14,62,1,26385408,95
668.16,1545111433,13919.83,51.489755,7.408316,174.22,13.72,0.19,77.71,1,-72,-4,20,14,62,1,26385408,95
669.16,1545111434,13933.56,51.489783,7.408508,173.50,14.15,0.43,77.12,1,-76,-5,25,15,60,1,26385408,95
670.16,1545111435,13947.74,51.489811,7.408705,172.81,14.21,0.06,77.10,1,-76,-5,25,15,60,1,26385408,95
671.16,1545111436,13961.96,51.489840,7.408917,172.48,14.34,0.13,77.42,1,-79,-6,25,15,57,1,26385408,95
672.16,1545111437,13976.28,51.489866,7.409128,172.71,14.42,0.07,77.74,1,-79,-6,25,15,57,1,26385408,95
673.16,1545111438,13990.70,51.489894,7.409341,172.73,14.68,0.26,77.69,1,-77,-6,24,12,60,1,26385408,95
674.16,1545111439,14005.39,51.489922,7.409549,172.68,14.79,0.11,78.02,1,-77,-6,24,12,60,1,26385408,95
675.16,1545111440,14020.19,51.489946,7.409753,172.33,14.82,0.04,78.75,1,-75,-5,19,9,61,1,26385408,95
676.16,1545111441,14035.01,51.489971,7.409966,172.01,14.48,-0.35,78.36,1,-75,-5,19,9,61,1,26385408,95
677.16,1545111442,14049.49,51.489995,7.410162,171.51,13.98,-0.50,78.72,1,-78,-5,26,15,59,1,26385408,95
678.16,1545111443,14063.46,51.490017,7.410364,170.85,13.32,-0.66,79.36,1,-78,-5,26,15,59,1,26385408,95
679.16,1545111444,14076.72,51.490038,7.410541,169.95,13.01,-0.31,79.35,1,-77,-5,23,15,58,1,26385408,95
680.16,1545111445,14089.80,51.490059,7.410702,168.90,12.18,-0.82,78.83,1,-77,-5,23,15,58,1,26385408,95
681.16,1545111446,14101.94,51.490081,7.410865,167.73,12.00,-0.18,78.38,1,-86,-6,18,10,52,1,26385408,95
