time_s,timestamp_ms,distance_m,latitude,longitude,altitude,velocity_mps,acceleration_mpss,direction,isRegistered,rsrp_dbm,rsrq_db,rssnr_db,cqi,ss,ta,ci,pci
0.09,1545025365,0.06,51.450152,7.488231,252.06,6.73,0.00,167.95,0,-97,-9,0,0,44,0,0,67
0.09,1545025365,0.06,51.450152,7.488231,252.06,6.73,0.00,167.95,0,-96,-8,0,0,41,0,0,157
1.08,1545025366,6.77,51.450088,7.488254,252.03,7.56,0.00,167.21,0,-98,-10,0,0,43,0,0,67
1.08,1545025366,6.77,51.450088,7.488254,252.03,7.56,0.00,167.21,0,-97,-8,0,0,40,0,0,157
2.08,1545025367,14.33,51.450025,7.488285,251.89,8.20,0.00,166.49,0,-98,-10,0,0,43,0,0,67
2.08,1545025367,14.34,51.450025,7.488285,251.89,8.20,0.00,166.49,0,-97,-8,0,0,40,0,0,157
3.08,1545025368,22.53,51.449943,7.488318,251.74,8.49,0.00,167.44,0,-98,-10,0,0,43,0,0,67
3.08,1545025368,22.54,51.449943,7.488318,251.74,8.49,0.00,167.44,0,-96,-7,0,0,41,0,0,157
4.08,1545025369,31.02,51.449857,7.488349,251.81,9.27,0.00,168.25,0,-98,-10,0,0,43,0,0,67
4.08,1545025369,31.03,51.449857,7.488349,251.81,9.27,0.00,168.25,0,-96,-7,0,0,41,0,0,157
5.09,1545025370,40.39,51.449770,7.488376,251.86,10.14,0.00,169.82,0,-101,-11,0,0,42,0,0,67
5.09,1545025370,40.39,51.449770,7.488376,251.86,10.14,0.00,169.82,0,-107,-17,0,0,41,0,0,280
5.09,1545025370,40.40,51.449770,7.488376,251.86,10.14,0.00,169.82,0,-99,-9,0,0,38,0,0,157
6.08,1545025371,50.43,51.449673,7.488399,252.14,10.79,0.00,171.63,0,-101,-11,0,0,42,0,0,67
6.08,1545025371,50.44,51.449673,7.488399,252.14,10.79,0.00,171.63,0,-107,-17,0,0,41,0,0,280
6.08,1545025371,50.45,51.449673,7.488399,252.14,10.79,0.00,171.63,0,-99,-9,0,0,38,0,0,157
7.08,1545025372,61.22,51.449577,7.488419,252.15,11.85,0.00,172.90,0,-101,-11,0,0,42,0,0,67
7.08,1545025372,61.23,51.449577,7.488419,252.15,11.85,0.00,172.90,0,-107,-17,0,0,41,0,0,280
7.08,1545025372,61.24,51.449577,7.488419,252.15,11.85,0.00,172.90,0,-99,-9,0,0,38,0,0,157
8.08,1545025373,73.07,51.449476,7.488434,252.24,12.33,0.00,174.41,0,-100,-10,0,0,41,0,0,67
8.08,1545025373,73.09,51.449476,7.488434,252.24,12.33,0.00,174.41,0,-98,-8,0,0,39,0,0,157
9.08,1545025374,85.39,51.449358,7.488440,252.08,13.13,0.00,176.15,0,-100,-10,0,0,41,0,0,67
9.08,1545025374,85.40,51.449358,7.488440,252.08,13.13,0.00,176.15,0,-98,-8,0,0,39,0,0,157
10.08,1545025375,98.48,51.449246,7.488446,251.81,13.54,0.00,178.06,0,-101,-11,0,0,42,0,0,67
10.08,1545025375,98.48,51.449246,7.488446,251.81,13.54,0.00,178.06,0,-100,-9,0,0,38,0,0,157
11.08,1545025376,112.08,51.449117,7.488443,251.47,13.73,0.00,179.93,0,-101,-11,0,0,42,0,0,67
11.08,1545025376,112.09,51.449117,7.488443,251.47,13.73,0.00,179.93,0,-100,-9,0,0,38,0,0,157
12.08,1545025377,125.78,51.448991,7.488426,251.19,13.30,0.00,182.81,0,-104,-13,0,0,40,0,0,67
12.08,1545025377,125.78,51.448991,7.488426,251.19,13.30,0.00,182.81,0,-110,-18,0,0,40,0,0,271
12.08,1545025377,125.81,51.448991,7.488426,251.19,13.30,0.00,182.81,0,-103,-10,0,0,36,0,0,157
13.08,1545025378,139.11,51.448866,7.488399,250.81,13.59,0.00,185.65,0,-104,-13,0,0,40,0,0,67
13.09,1545025378,139.14,51.448866,7.488399,250.81,13.59,0.00,185.65,0,-110,-18,0,0,40,0,0,271
13.09,1545025378,139.16,51.448866,7.488399,250.81,13.59,0.00,185.65,0,-103,-10,0,0,36,0,0,157
14.08,1545025379,152.70,51.448744,7.488359,250.39,13.52,0.00,187.52,0,-104,-13,0,0,40,0,0,67
14.08,1545025379,152.72,51.448744,7.488359,250.39,13.52,0.00,187.52,0,-103,-10,0,0,36,0,0,157
15.08,1545025380,166.22,51.448630,7.488311,250.03,13.78,0.00,189.30,0,-104,-13,0,0,40,0,0,67
15.08,1545025380,166.24,51.448630,7.488311,250.03,13.78,0.00,189.30,0,-103,-10,0,0,36,0,0,157
16.08,1545025381,180.01,51.448511,7.488263,250.19,14.15,0.00,190.76,0,-108,-14,0,0,37,0,0,67
16.08,1545025381,180.01,51.448511,7.488263,250.19,14.15,0.00,190.76,0,-109,-14,0,0,37,0,0,271
16.08,1545025381,180.02,51.448511,7.488263,250.19,14.15,0.00,190.76,0,-110,-14,0,0,37,0,0,280
16.08,1545025381,180.02,51.448511,7.488263,250.19,14.15,0.00,190.76,0,-108,-13,0,0,34,0,0,157
16.09,1545025381,180.03,51.448511,7.488263,250.19,14.15,0.00,190.76,0,-108,-13,0,0,33,0,0,318
17.08,1545025382,194.17,51.448381,7.488213,250.24,14.12,0.00,191.54,0,-108,-14,0,0,37,0,0,67
17.09,1545025382,194.19,51.448381,7.488213,250.24,14.12,0.00,191.54,0,-109,-14,0,0,37,0,0,271
17.09,1545025382,194.20,51.448381,7.488213,250.24,14.12,0.00,191.54,0,-110,-14,0,0,37,0,0,280
17.09,1545025382,194.21,51.448381,7.488213,250.24,14.12,0.00,191.54,0,-108,-13,0,0,34,0,0,157
17.09,1545025382,194.23,51.448381,7.488213,250.24,14.12,0.00,191.54,0,-108,-13,0,0,33,0,0,318
18.09,1545025383,208.34,51.448243,7.488155,249.77,14.41,0.00,192.59,0,-108,-12,0,0,38,0,0,271
18.09,1545025383,208.35,51.448243,7.488155,249.77,14.41,0.00,192.59,0,-108,-13,0,0,37,0,0,67
18.09,1545025383,208.37,51.448243,7.488155,249.77,14.41,0.00,192.59,0,-109,-15,0,0,38,0,0,195
18.09,1545025383,208.38,51.448243,7.488155,249.77,14.41,0.00,192.59,0,-108,-12,0,0,33,0,0,318
18.09,1545025383,208.39,51.448243,7.488155,249.77,14.41,0.00,192.59,0,-109,-13,0,0,33,0,0,157
19.09,1545025384,222.72,51.448121,7.488098,249.94,14.51,0.00,193.34,0,-108,-12,0,0,38,0,0,271
19.09,1545025384,222.73,51.448121,7.488098,249.94,14.51,0.00,193.34,0,-108,-13,0,0,37,0,0,67
19.09,1545025384,222.74,51.448121,7.488098,249.94,14.51,0.00,193.34,0,-109,-15,0,0,38,0,0,195
19.09,1545025384,222.76,51.448121,7.488098,249.94,14.51,0.00,193.34,0,-108,-12,0,0,33,0,0,318
19.09,1545025384,222.76,51.448121,7.488098,249.94,14.51,0.00,193.34,0,-109,-13,0,0,33,0,0,157
20.08,1545025385,237.21,51.448002,7.488042,250.09,14.48,0.00,192.35,0,-111,-14,0,0,35,0,0,66
20.09,1545025385,237.22,51.448002,7.488042,250.09,14.48,0.00,192.35,0,-112,-16,0,0,35,0,0,195
20.09,1545025385,237.22,51.448002,7.488042,250.09,14.48,0.00,192.35,0,-113,-17,0,0,36,0,0,272
20.09,1545025385,237.24,51.448002,7.488042,250.09,14.48,0.00,192.35,0,-99,-13,0,0,43,0,0,487
21.08,1545025386,251.69,51.447879,7.487993,250.17,14.50,0.00,191.80,0,-111,-14,0,0,35,0,0,66
21.09,1545025386,251.70,51.447879,7.487993,250.17,14.50,0.00,191.80,0,-112,-16,0,0,35,0,0,195
21.09,1545025386,251.70,51.447879,7.487993,250.17,14.50,0.00,191.80,0,-113,-17,0,0,36,0,0,272
21.09,1545025386,251.72,51.447879,7.487993,250.17,14.50,0.00,191.80,0,-99,-13,0,0,43,0,0,487
22.08,1545025387,266.17,51.447746,7.487942,249.92,14.16,0.00,191.45,0,-109,-14,0,0,39,0,0,195
22.08,1545025387,266.17,51.447746,7.487942,249.92,14.16,0.00,191.45,0,-110,-16,0,0,40,0,0,272
22.08,1545025387,266.19,51.447746,7.487942,249.92,14.16,0.00,191.45,0,-111,-19,0,0,40,0,0,280
22.08,1545025387,266.19,51.447746,7.487942,249.92,14.16,0.00,191.45,0,-97,-16,0,0,48,0,0,487
23.09,1545025388,280.36,51.447615,7.487907,249.84,13.72,0.00,189.97,0,-109,-14,0,0,39,0,0,195
23.09,1545025388,280.37,51.447615,7.487907,249.84,13.72,0.00,189.97,0,-110,-16,0,0,40,0,0,272
23.09,1545025388,280.38,51.447615,7.487907,249.84,13.72,0.00,189.97,0,-111,-19,0,0,40,0,0,280
23.09,1545025388,280.40,51.447615,7.487907,249.84,13.72,0.00,189.97,0,-97,-16,0,0,48,0,0,487
24.09,1545025389,294.09,51.447488,7.487880,250.13,13.51,0.00,188.70,0,-109,-14,0,0,38,0,0,272
24.09,1545025389,294.12,51.447488,7.487880,250.13,13.51,0.00,188.70,0,-110,-15,0,0,38,0,0,195
24.09,1545025389,294.12,51.447488,7.487880,250.13,13.51,0.00,188.70,0,-111,-15,0,0,38,0,0,280
24.09,1545025389,294.13,51.447488,7.487880,250.13,13.51,0.00,188.70,0,-97,-14,0,0,47,0,0,487
25.08,1545025390,307.58,51.447363,7.487861,250.41,13.13,0.00,186.90,0,-109,-14,0,0,38,0,0,272
25.09,1545025390,307.59,51.447363,7.487861,250.41,13.13,0.00,186.90,0,-110,-15,0,0,38,0,0,195
25.09,1545025390,307.60,51.447363,7.487861,250.41,13.13,0.00,186.90,0,-111,-15,0,0,38,0,0,280
25.09,1545025390,307.62,51.447363,7.487861,250.41,13.13,0.00,186.90,0,-97,-14,0,0,47,0,0,487
26.10,1545025391,320.92,51.447237,7.487859,250.72,13.27,0.00,184.44,0,-109,-14,0,0,37,0,0,272
26.10,1545025391,320.93,51.447237,7.487859,250.72,13.27,0.00,184.44,0,-109,-13,0,0,36,0,0,195
26.10,1545025391,320.95,51.447237,7.487859,250.72,13.27,0.00,184.44,0,-111,-14,0,0,35,0,0,280
26.10,1545025391,320.96,51.447237,7.487859,250.72,13.27,0.00,184.44,0,-94,-11,0,0,46,0,0,487
27.08,1545025392,333.92,51.447116,7.487902,251.11,13.74,0.00,171.68,0,-109,-14,0,0,37,0,0,272
27.08,1545025392,333.94,51.447116,7.487902,251.11,13.74,0.00,171.68,0,-109,-13,0,0,36,0,0,195
27.08,1545025392,333.94,51.447116,7.487902,251.11,13.74,0.00,171.68,0,-111,-14,0,0,35,0,0,280
27.08,1545025392,333.95,51.447116,7.487902,251.11,13.74,0.00,171.68,0,-94,-11,0,0,46,0,0,487
28.08,1545025393,347.67,51.446983,7.487944,251.19,13.85,0.00,170.75,0,-109,-14,0,0,37,0,0,272
28.08,1545025393,347.68,51.446983,7.487944,251.19,13.85,0.00,170.75,0,-109,-13,0,0,36,0,0,195
28.08,1545025393,347.68,51.446983,7.487944,251.19,13.85,0.00,170.75,0,-111,-14,0,0,35,0,0,280
28.08,1545025393,347.69,51.446983,7.487944,251.19,13.85,0.00,170.75,0,-94,-11,0,0,46,0,0,487
29.08,1545025394,361.55,51.446857,7.487994,250.97,13.70,0.00,168.76,0,-108,-14,0,0,37,0,0,195
29.08,1545025394,361.57,51.446857,7.487994,250.97,13.70,0.00,168.76,0,-111,-16,0,0,37,0,0,272
29.09,1545025394,361.58,51.446857,7.487994,250.97,13.70,0.00,168.76,0,-97,-15,0,0,46,0,0,487
30.08,1545025395,375.27,51.446739,7.488052,251.00,13.88,0.00,166.35,0,-108,-14,0,0,37,0,0,195
30.08,1545025395,375.27,51.446739,7.488052,251.00,13.88,0.00,166.35,0,-111,-16,0,0,37,0,0,272
30.09,1545025395,375.28,51.446739,7.488052,251.00,13.88,0.00,166.35,0,-97,-15,0,0,46,0,0,487
31.09,1545025396,389.18,51.446622,7.488117,251.68,13.92,0.00,163.79,0,-109,-11,0,0,34,0,0,272
31.09,1545025396,389.19,51.446622,7.488117,251.68,13.92,0.00,163.79,0,-113,-14,0,0,33,0,0,195
31.09,1545025396,389.20,51.446622,7.488117,251.68,13.92,0.00,163.79,0,-98,-11,0,0,43,0,0,487
32.08,1545025397,403.04,51.446514,7.488186,252.83,13.84,0.00,161.47,0,-109,-11,0,0,34,0,0,272
32.08,1545025397,403.05,51.446514,7.488186,252.83,13.84,0.00,161.47,0,-113,-14,0,0,33,0,0,195
32.08,1545025397,403.05,51.446514,7.488186,252.83,13.84,0.00,161.47,0,-98,-11,0,0,43,0,0,487
33.09,1545025398,416.95,51.446398,7.488269,254.42,13.77,0.00,158.83,0,-108,-12,0,0,38,0,0,272
33.09,1545025398,416.96,51.446398,7.488269,254.42,13.77,0.00,158.83,0,-109,-12,0,0,37,0,0,66
33.09,1545025398,416.98,51.446398,7.488269,254.42,13.77,0.00,158.83,0,-110,-14,0,0,37,0,0,67
33.09,1545025398,416.98,51.446398,7.488269,254.42,13.77,0.00,158.83,0,-96,-11,0,0,45,0,0,487
34.09,1545025399,430.70,51.446291,7.488360,255.52,13.92,0.00,155.87,0,-108,-12,0,0,38,0,0,272
34.09,1545025399,430.72,51.446291,7.488360,255.52,13.92,0.00,155.87,0,-109,-12,0,0,37,0,0,66
34.09,1545025399,430.73,51.446291,7.488360,255.52,13.92,0.00,155.87,0,-110,-14,0,0,37,0,0,67
34.09,1545025399,430.74,51.446291,7.488360,255.52,13.92,0.00,155.87,0,-96,-11,0,0,45,0,0,487
35.08,1545025400,444.60,51.446180,7.488465,256.52,14.25,0.00,152.45,0,-104,-10,0,0,38,0,0,66
35.09,1545025400,444.61,51.446180,7.488465,256.52,14.25,0.00,152.45,0,-106,-11,0,0,37,0,0,67
35.09,1545025400,444.61,51.446180,7.488465,256.52,14.25,0.00,152.45,0,-107,-12,0,0,38,0,0,272
35.09,1545025400,444.63,51.446180,7.488465,256.52,14.25,0.00,152.45,0,-92,-9,0,0,47,0,0,487
36.08,1545025401,458.85,51.446064,7.488586,257.79,14.49,0.00,149.32,0,-104,-10,0,0,38,0,0,66
36.09,1545025401,458.86,51.446064,7.488586,257.79,14.49,0.00,149.32,0,-106,-11,0,0,37,0,0,67
36.09,1545025401,458.88,51.446064,7.488586,257.79,14.49,0.00,149.32,0,-107,-12,0,0,38,0,0,272
36.09,1545025401,458.88,51.446064,7.488586,257.79,14.49,0.00,149.32,0,-92,-9,0,0,47,0,0,487
37.08,1545025402,473.34,51.445944,7.488730,258.90,14.57,0.00,145.82,0,-105,-9,0,0,35,0,0,66
37.09,1545025402,473.35,51.445944,7.488730,258.90,14.57,0.00,145.82,0,-107,-11,0,0,36,0,0,272
37.09,1545025402,473.35,51.445944,7.488730,258.90,14.57,0.00,145.82,0,-107,-12,0,0,36,0,0,67
37.09,1545025402,473.37,51.445944,7.488730,258.90,14.57,0.00,145.82,0,-93,-8,0,0,45,0,0,487
38.08,1545025403,487.89,51.445855,7.488859,259.64,14.73,0.00,142.68,0,-105,-9,0,0,35,0,0,66
38.08,1545025403,487.90,51.445855,7.488859,259.64,14.73,0.00,142.68,0,-107,-11,0,0,36,0,0,272
38.08,1545025403,487.90,51.445855,7.488859,259.64,14.73,0.00,142.68,0,-107,-12,0,0,36,0,0,67
38.09,1545025403,487.92,51.445855,7.488859,259.64,14.73,0.00,142.68,0,-93,-8,0,0,45,0,0,487
39.08,1545025404,502.61,51.445761,7.489008,260.26,14.76,0.00,139.23,0,-106,-11,0,0,37,0,0,272
39.08,1545025404,502.63,51.445761,7.489008,260.26,14.76,0.00,139.23,0,-106,-10,0,0,35,0,0,66
39.08,1545025404,502.63,51.445761,7.489008,260.26,14.76,0.00,139.23,0,-108,-12,0,0,35,0,0,67
39.09,1545025404,502.64,51.445761,7.489008,260.26,14.76,0.00,139.23,0,-93,-10,0,0,47,0,0,487
40.08,1545025405,517.30,51.445668,7.489173,260.74,14.98,0.00,136.57,0,-106,-11,0,0,37,0,0,272
40.08,1545025405,517.30,51.445668,7.489173,260.74,14.98,0.00,136.57,0,-106,-10,0,0,35,0,0,66
40.08,1545025405,517.31,51.445668,7.489173,260.74,14.98,0.00,136.57,0,-108,-12,0,0,35,0,0,67
40.08,1545025405,517.31,51.445668,7.489173,260.74,14.98,0.00,136.57,0,-93,-10,0,0,47,0,0,487
41.08,1545025406,532.35,51.445572,7.489362,261.70,15.07,0.00,133.72,0,-105,-10,0,0,36,0,0,66
41.08,1545025406,532.37,51.445572,7.489362,261.70,15.07,0.00,133.72,0,-105,-11,0,0,37,0,0,272
41.09,1545025406,532.38,51.445572,7.489362,261.70,15.07,0.00,133.72,0,-108,-13,0,0,36,0,0,67
41.09,1545025406,532.40,51.445572,7.489362,261.70,15.07,0.00,133.72,0,-94,-9,0,0,44,0,0,487
42.08,1545025407,547.41,51.445484,7.489555,262.30,15.31,0.00,131.34,0,-105,-10,0,0,36,0,0,66
42.08,1545025407,547.42,51.445484,7.489555,262.30,15.31,0.00,131.34,0,-105,-11,0,0,37,0,0,272
42.08,1545025407,547.44,51.445484,7.489555,262.30,15.31,0.00,131.34,0,-108,-13,0,0,36,0,0,67
42.08,1545025407,547.44,51.445484,7.489555,262.30,15.31,0.00,131.34,0,-94,-9,0,0,44,0,0,487
43.08,1545025408,562.73,51.445392,7.489749,262.82,15.27,0.00,130.13,0,-105,-11,0,0,40,0,0,66
43.08,1545025408,562.75,51.445392,7.489749,262.82,15.27,0.00,130.13,0,-107,-14,0,0,41,0,0,272
43.08,1545025408,562.75,51.445392,7.489749,262.82,15.27,0.00,130.13,0,-110,-15,0,0,38,0,0,67
43.09,1545025408,562.76,51.445392,7.489749,262.82,15.27,0.00,130.13,0,-94,-9,0,0,43,0,0,487
44.08,1545025409,578.01,51.445320,7.489919,263.45,15.05,0.00,128.94,0,-105,-11,0,0,40,0,0,66
44.08,1545025409,578.02,51.445320,7.489919,263.45,15.05,0.00,128.94,0,-107,-14,0,0,41,0,0,272
44.09,1545025409,578.04,51.445320,7.489919,263.45,15.05,0.00,128.94,0,-110,-15,0,0,38,0,0,67
44.09,1545025409,578.04,51.445320,7.489919,263.45,15.05,0.00,128.94,0,-94,-9,0,0,43,0,0,487
45.08,1545025410,593.05,51.445248,7.490078,263.81,14.49,0.00,128.13,0,-107,-14,0,0,47,0,0,66
45.08,1545025410,593.07,51.445248,7.490078,263.81,14.49,0.00,128.13,0,-107,-14,0,0,47,0,0,272
45.09,1545025410,593.08,51.445248,7.490078,263.81,14.49,0.00,128.13,0,-108,-18,0,0,46,0,0,67
45.09,1545025410,593.08,51.445248,7.490078,263.81,14.49,0.00,128.13,0,-95,-7,0,0,41,0,0,487
46.08,1545025411,607.54,51.445178,7.490242,264.24,14.27,0.00,127.85,0,-107,-14,0,0,47,0,0,66
46.08,1545025411,607.55,51.445178,7.490242,264.24,14.27,0.00,127.85,0,-107,-14,0,0,47,0,0,272
46.09,1545025411,607.57,51.445178,7.490242,264.24,14.27,0.00,127.85,0,-108,-18,0,0,46,0,0,67
46.09,1545025411,607.57,51.445178,7.490242,264.24,14.27,0.00,127.85,0,-95,-7,0,0,41,0,0,487
47.09,1545025412,621.92,51.445107,7.490407,264.89,13.88,0.00,128.51,0,-105,-13,0,0,48,0,0,66
47.09,1545025412,621.93,51.445107,7.490407,264.89,13.88,0.00,128.51,0,-105,-13,0,0,48,0,0,272
47.09,1545025412,621.95,51.445107,7.490407,264.89,13.88,0.00,128.51,0,-107,-19,0,0,48,0,0,67
47.09,1545025412,621.96,51.445107,7.490407,264.89,13.88,0.00,128.51,0,-95,-8,0,0,42,0,0,487
48.08,1545025413,635.71,51.445040,7.490568,265.44,13.40,0.00,127.71,0,-105,-13,0,0,48,0,0,66
48.09,1545025413,635.72,51.445040,7.490568,265.44,13.40,0.00,127.71,0,-105,-13,0,0,48,0,0,272
48.09,1545025413,635.73,51.445040,7.490568,265.44,13.40,0.00,127.71,0,-107,-19,0,0,48,0,0,67
48.09,1545025413,635.75,51.445040,7.490568,265.44,13.40,0.00,127.71,0,-95,-8,0,0,42,0,0,487
49.09,1545025414,649.11,51.444969,7.490737,265.89,12.82,0.00,126.83,0,-105,-13,0,0,48,0,0,66
49.09,1545025414,649.13,51.444969,7.490737,265.89,12.82,0.00,126.83,0,-105,-13,0,0,48,0,0,272
49.09,1545025414,649.13,51.444969,7.490737,265.89,12.82,0.00,126.83,0,-107,-19,0,0,48,0,0,67
49.09,1545025414,649.14,51.444969,7.490737,265.89,12.82,0.00,126.83,0,-95,-8,0,0,42,0,0,487
50.08,1545025415,661.90,51.444909,7.490884,266.09,12.48,0.00,125.99,0,-108,-13,0,0,41,0,0,66
51.08,1545025416,674.39,51.444845,7.491033,266.43,12.21,0.00,126.35,0,-108,-13,0,0,41,0,0,66
52.08,1545025417,686.59,51.444790,7.491163,266.45,10.97,0.00,127.26,0,-109,-13,0,0,43,0,0,66
52.08,1545025417,686.60,51.444790,7.491163,266.45,10.97,0.00,127.26,0,-111,-18,0,0,42,0,0,271
53.08,1545025418,697.56,51.444740,7.491278,266.25,9.55,0.00,127.24,0,-109,-13,0,0,43,0,0,66
53.08,1545025418,697.56,51.444740,7.491278,266.25,9.55,0.00,127.24,0,-111,-18,0,0,42,0,0,271
60.08,1545025425,728.47,51.444605,7.491595,266.75,0.00,0.00,126.17,0,-115,-14,0,0,37,0,0,66
61.09,1545025426,728.47,51.444605,7.491595,266.74,0.00,0.00,126.17,0,-115,-14,0,0,37,0,0,66
62.08,1545025427,728.47,51.444605,7.491595,266.74,0.00,0.00,126.17,0,-114,-15,0,0,37,0,0,66
63.08,1545025428,728.47,51.444605,7.491595,266.73,0.00,0.00,126.17,0,-114,-15,0,0,37,0,0,66
64.08,1545025429,728.47,51.444605,7.491595,266.72,0.00,0.00,126.17,0,-114,-13,0,0,34,0,0,66
65.08,1545025430,728.47,51.444605,7.491595,266.72,0.00,0.00,126.17,0,-114,-13,0,0,34,0,0,66
73.08,1545025438,728.47,51.444605,7.491595,266.73,0.00,0.00,126.17,0,-114,-14,0,0,37,0,0,66
74.08,1545025439,728.47,51.444605,7.491595,266.72,0.00,0.00,126.17,0,-114,-14,0,0,37,0,0,66
77.08,1545025442,728.47,51.444605,7.491595,266.69,0.00,0.00,126.17,0,-114,-15,0,0,38,0,0,66
78.08,1545025443,728.47,51.444605,7.491595,266.68,0.00,0.00,126.17,0,-114,-15,0,0,38,0,0,66
83.08,1545025448,728.47,51.444605,7.491595,266.62,0.00,0.00,126.17,0,-115,-14,0,0,36,0,0,66
84.08,1545025449,728.47,51.444605,7.491595,266.61,0.00,0.00,126.17,0,-115,-14,0,0,36,0,0,66
123.08,1545025488,1229.83,51.441024,7.486962,281.59,16.18,0.00,232.99,0,-72,-10,0,0,63,0,0,488
124.08,1545025489,1246.00,51.440936,7.486769,281.52,16.25,0.00,232.67,0,-72,-10,0,0,63,0,0,488
127.08,1545025492,1294.74,51.440663,7.486196,281.92,16.07,0.00,232.43,0,-85,-10,0,0,57,0,0,272
128.08,1545025493,1310.81,51.440573,7.485995,282.05,16.40,0.00,232.85,0,-85,-10,0,0,57,0,0,272
129.08,1545025494,1327.21,51.440490,7.485807,281.77,16.52,0.00,232.01,0,-83,-12,0,0,61,0,0,272
130.08,1545025495,1343.71,51.440401,7.485617,281.15,16.50,0.00,231.97,0,-83,-12,0,0,61,0,0,272
161.08,1545025526,1819.48,51.438077,7.479676,292.43,15.37,0.00,241.04,0,-105,-14,0,0,38,0,0,88
162.08,1545025527,1834.83,51.438014,7.479479,292.93,15.98,0.00,240.41,0,-105,-14,0,0,38,0,0,88
163.08,1545025528,1850.86,51.437952,7.479290,293.03,15.18,0.00,240.82,0,-101,-12,0,0,40,0,0,284
163.09,1545025528,1850.88,51.437952,7.479290,293.03,15.18,0.00,240.82,0,-103,-14,0,0,39,0,0,88
164.08,1545025529,1866.05,51.437894,7.479102,293.26,14.75,0.00,241.55,0,-101,-12,0,0,40,0,0,284
164.09,1545025529,1866.06,51.437894,7.479102,293.26,14.75,0.00,241.55,0,-103,-14,0,0,39,0,0,88
165.08,1545025530,1880.78,51.437839,7.478923,292.91,13.77,0.00,242.30,0,-110,-15,0,0,39,0,0,205
165.08,1545025530,1880.80,51.437839,7.478923,292.91,13.77,0.00,242.30,0,-99,-13,0,0,43,0,0,88
166.08,1545025531,1894.50,51.437779,7.478739,292.33,13.92,0.00,241.95,0,-110,-15,0,0,39,0,0,205
166.08,1545025531,1894.51,51.437779,7.478739,292.33,13.92,0.00,241.95,0,-99,-13,0,0,43,0,0,88
167.08,1545025532,1908.42,51.437716,7.478540,292.04,14.09,0.00,241.66,0,-109,-16,0,0,39,0,0,261
167.08,1545025532,1908.43,51.437716,7.478540,292.04,14.09,0.00,241.66,0,-98,-12,0,0,43,0,0,88
168.08,1545025533,1922.55,51.437651,7.478349,291.86,13.29,0.00,241.08,0,-109,-16,0,0,39,0,0,261
168.08,1545025533,1922.56,51.437651,7.478349,291.86,13.29,0.00,241.08,0,-98,-12,0,0,43,0,0,88
169.08,1545025534,1935.85,51.437590,7.478165,291.71,13.11,0.00,242.08,0,-109,-10,0,0,32,0,0,261
169.08,1545025534,1935.85,51.437590,7.478165,291.71,13.11,0.00,242.08,0,-111,-13,0,0,33,0,0,205
169.08,1545025534,1935.86,51.437590,7.478165,291.71,13.11,0.00,242.08,0,-96,-10,0,0,43,0,0,88
170.09,1545025535,1949.03,51.437531,7.477980,291.45,13.71,0.00,242.49,0,-109,-10,0,0,32,0,0,261
170.09,1545025535,1949.04,51.437531,7.477980,291.45,13.71,0.00,242.49,0,-111,-13,0,0,33,0,0,205
170.09,1545025535,1949.04,51.437531,7.477980,291.45,13.71,0.00,242.49,0,-96,-10,0,0,43,0,0,88
171.08,1545025536,1962.66,51.437470,7.477786,291.05,14.58,0.00,241.49,0,-112,-11,0,0,32,0,0,261
171.08,1545025536,1962.67,51.437470,7.477786,291.05,14.58,0.00,241.49,0,-113,-13,0,0,32,0,0,205
171.08,1545025536,1962.69,51.437470,7.477786,291.05,14.58,0.00,241.49,0,-98,-11,0,0,42,0,0,88
172.08,1545025537,1977.25,51.437406,7.477599,290.62,14.13,0.00,241.99,0,-112,-11,0,0,32,0,0,261
172.08,1545025537,1977.26,51.437406,7.477599,290.62,14.13,0.00,241.99,0,-113,-13,0,0,32,0,0,205
172.09,1545025537,1977.28,51.437406,7.477599,290.62,14.13,0.00,241.99,0,-98,-11,0,0,42,0,0,88
173.08,1545025538,1991.38,51.437345,7.477412,290.49,13.33,0.00,242.25,0,-111,-13,0,0,34,0,0,205
173.08,1545025538,1991.39,51.437345,7.477412,290.49,13.33,0.00,242.25,0,-111,-14,0,0,34,0,0,261
173.08,1545025538,1991.39,51.437345,7.477412,290.49,13.33,0.00,242.25,0,-99,-11,0,0,41,0,0,88
174.09,1545025539,2004.74,51.437287,7.477235,290.20,12.48,0.00,242.80,0,-111,-13,0,0,34,0,0,205
174.09,1545025539,2004.75,51.437287,7.477235,290.20,12.48,0.00,242.80,0,-111,-14,0,0,34,0,0,261
174.09,1545025539,2004.76,51.437287,7.477235,290.20,12.48,0.00,242.80,0,-99,-11,0,0,41,0,0,88
175.09,1545025540,2017.33,51.437232,7.477044,290.17,11.61,0.00,244.69,0,-111,-15,0,0,36,0,0,261
175.10,1545025540,2017.35,51.437232,7.477044,290.17,11.61,0.00,244.69,0,-112,-16,0,0,35,0,0,205
175.10,1545025540,2017.36,51.437232,7.477044,290.17,11.61,0.00,244.69,0,-98,-11,0,0,42,0,0,88
176.08,1545025541,2028.80,51.437193,7.476866,290.57,11.97,0.00,248.24,0,-111,-15,0,0,36,0,0,261
176.08,1545025541,2028.81,51.437193,7.476866,290.57,11.97,0.00,248.24,0,-112,-16,0,0,35,0,0,205
176.08,1545025541,2028.81,51.437193,7.476866,290.57,11.97,0.00,248.24,0,-98,-11,0,0,42,0,0,88
177.08,1545025542,2040.78,51.437162,7.476696,290.78,11.99,0.00,251.46,0,-111,-15,0,0,36,0,0,261
177.08,1545025542,2040.80,51.437162,7.476696,290.78,11.99,0.00,251.46,0,-112,-16,0,0,35,0,0,205
177.08,1545025542,2040.81,51.437162,7.476696,290.78,11.99,0.00,251.46,0,-98,-11,0,0,42,0,0,88
178.08,1545025543,2052.77,51.437162,7.476531,290.68,11.87,0.00,268.80,0,-101,-11,0,0,39,0,0,88
179.08,1545025544,2064.62,51.437185,7.476359,290.39,10.33,0.00,284.49,0,-101,-11,0,0,39,0,0,88
180.08,1545025545,2074.94,51.437230,7.476225,290.22,9.37,0.00,304.93,0,-101,-11,0,0,38,0,0,88
181.08,1545025546,2084.35,51.437304,7.476142,290.09,8.56,0.00,326.89,0,-101,-11,0,0,38,0,0,88
182.08,1545025547,2092.87,51.437378,7.476120,289.97,8.09,0.00,353.56,0,-101,-11,0,0,41,0,0,88
183.08,1545025548,2100.95,51.437480,7.476148,289.78,9.24,0.00,18.81,0,-101,-11,0,0,41,0,0,88
224.08,1545025589,2820.42,51.441744,7.484082,280.29,21.03,0.00,30.50,0,-89,-10,0,0,52,0,0,271
225.08,1545025590,2841.51,51.441904,7.484219,279.47,20.57,0.00,29.23,0,-89,-10,0,0,52,0,0,271
226.08,1545025591,2862.10,51.442059,7.484348,278.74,20.12,0.00,27.96,0,-91,-8,0,0,48,0,0,271
226.08,1545025591,2862.13,51.442059,7.484348,278.74,20.12,0.00,27.96,0,-80,-10,0,0,58,0,0,486
227.08,1545025592,2882.20,51.442220,7.484480,278.09,19.87,0.00,27.17,0,-91,-8,0,0,48,0,0,271
227.08,1545025592,2882.20,51.442220,7.484480,278.09,19.87,0.00,27.17,0,-80,-10,0,0,58,0,0,486
228.08,1545025593,2902.03,51.442391,7.484607,277.41,19.45,0.00,26.48,0,-77,-10,0,0,62,0,0,488
229.08,1545025594,2921.48,51.442552,7.484728,276.87,19.01,0.00,25.53,0,-77,-10,0,0,62,0,0,488
249.08,1545025614,3235.08,51.444683,7.487018,266.29,12.39,0.00,107.85,0,-82,-10,0,0,59,0,0,487
250.08,1545025615,3247.46,51.444626,7.487187,266.34,12.53,0.00,120.98,0,-82,-10,0,0,59,0,0,487
251.08,1545025616,3260.00,51.444551,7.487322,266.25,12.30,0.00,135.02,0,-78,-13,0,0,63,0,0,487
252.08,1545025617,3272.25,51.444459,7.487423,265.89,12.26,0.00,148.96,0,-78,-13,0,0,63,0,0,487
253.08,1545025618,3284.54,51.444366,7.487510,266.07,12.39,0.00,153.04,0,-68,-12,0,0,63,0,0,487
254.08,1545025619,3296.94,51.444264,7.487534,266.11,12.15,0.00,173.85,0,-68,-12,0,0,63,0,0,487
255.08,1545025620,3309.09,51.444148,7.487547,266.01,12.15,0.00,177.64,0,-68,-12,0,0,63,0,0,487
256.08,1545025621,3321.24,51.444046,7.487485,265.75,12.40,0.00,201.60,0,-68,-12,0,0,63,0,0,487
257.08,1545025622,3333.64,51.443956,7.487386,265.36,12.82,0.00,214.92,0,-68,-8,0,0,63,0,0,487
258.08,1545025623,3346.45,51.443879,7.487251,264.94,12.79,0.00,229.68,0,-68,-8,0,0,63,0,0,487
259.08,1545025624,3359.23,51.443823,7.487083,264.65,13.32,0.00,243.52,0,-69,-9,0,0,63,0,0,487
260.08,1545025625,3372.57,51.443792,7.486880,264.49,13.53,0.00,258.22,0,-69,-9,0,0,63,0,0,487
261.08,1545025626,3386.09,51.443770,7.486685,264.18,14.26,0.00,260.92,0,-69,-11,0,0,63,0,0,487
262.08,1545025627,3400.37,51.443755,7.486472,263.71,15.12,0.00,263.40,0,-69,-11,0,0,63,0,0,487
282.08,1545025647,3831.65,51.443583,7.480144,254.48,24.61,0.00,263.59,0,-89,-11,0,0,51,0,0,488
283.08,1545025648,3856.23,51.443560,7.479794,254.35,25.12,0.00,263.05,0,-89,-11,0,0,51,0,0,488
284.08,1545025649,3881.37,51.443530,7.479436,254.28,25.46,0.00,262.38,0,-89,-11,0,0,51,0,0,488
285.08,1545025650,3906.83,51.443500,7.479074,254.28,25.89,0.00,262.33,0,-89,-11,0,0,51,0,0,488
286.09,1545025651,3933.04,51.443471,7.478707,254.31,26.31,0.00,262.42,0,-88,-10,0,0,52,0,0,488
287.08,1545025652,3959.03,51.443442,7.478331,254.33,26.35,0.00,262.61,0,-88,-10,0,0,52,0,0,488
288.08,1545025653,3985.38,51.443413,7.477959,254.25,26.05,0.00,262.70,0,-88,-10,0,0,52,0,0,488
289.08,1545025654,4011.42,51.443384,7.477591,254.18,25.77,0.00,262.35,0,-85,-10,0,0,55,0,0,488
290.08,1545025655,4037.22,51.443354,7.477226,254.13,25.37,0.00,261.88,0,-85,-10,0,0,55,0,0,488
291.08,1545025656,4062.61,51.443321,7.476869,254.09,25.23,0.00,261.34,0,-96,-11,0,0,47,0,0,270
291.08,1545025656,4062.61,51.443321,7.476869,254.09,25.23,0.00,261.34,0,-85,-8,0,0,52,0,0,488
292.08,1545025657,4087.74,51.443288,7.476510,253.98,25.19,0.00,261.01,0,-96,-11,0,0,47,0,0,270
292.08,1545025657,4087.74,51.443288,7.476510,253.98,25.19,0.00,261.01,0,-85,-8,0,0,52,0,0,488
293.08,1545025658,4112.92,51.443257,7.476153,253.99,25.38,0.00,260.77,0,-89,-10,0,0,54,0,0,270
293.08,1545025658,4112.92,51.443257,7.476153,253.99,25.38,0.00,260.77,0,-81,-9,0,0,57,0,0,488
294.08,1545025659,4138.33,51.443222,7.475785,254.12,25.84,0.00,260.97,0,-89,-10,0,0,54,0,0,270
294.08,1545025659,4138.33,51.443222,7.475785,254.12,25.84,0.00,260.97,0,-81,-9,0,0,57,0,0,488
295.08,1545025660,4164.20,51.443186,7.475418,254.00,26.31,0.00,260.03,0,-88,-9,0,0,54,0,0,270
295.08,1545025660,4164.23,51.443186,7.475418,254.00,26.31,0.00,260.03,0,-81,-8,0,0,55,0,0,488
296.08,1545025661,4190.54,51.443143,7.475039,253.84,26.95,0.00,258.92,0,-88,-9,0,0,54,0,0,270
296.08,1545025661,4190.57,51.443143,7.475039,253.84,26.95,0.00,258.92,0,-81,-8,0,0,55,0,0,488
297.08,1545025662,4217.47,51.443094,7.474652,253.51,27.75,0.00,257.88,0,-101,-10,0,0,41,0,0,270
297.08,1545025662,4217.49,51.443094,7.474652,253.51,27.75,0.00,257.88,0,-97,-9,0,0,40,0,0,488
298.08,1545025663,4245.22,51.443041,7.474251,253.12,28.71,0.00,256.98,0,-101,-10,0,0,41,0,0,270
298.08,1545025663,4245.24,51.443041,7.474251,253.12,28.71,0.00,256.98,0,-97,-9,0,0,40,0,0,488
299.08,1545025664,4274.02,51.442982,7.473847,252.75,28.91,0.00,256.73,0,-104,-9,0,0,35,0,0,155
299.09,1545025664,4274.05,51.442982,7.473847,252.75,28.91,0.00,256.73,0,-106,-11,0,0,36,0,0,376
299.09,1545025664,4274.05,51.442982,7.473847,252.75,28.91,0.00,256.73,0,-104,-12,0,0,36,0,0,488
299.09,1545025664,4274.07,51.442982,7.473847,252.75,28.91,0.00,256.73,0,-109,-15,0,0,34,0,0,88
300.08,1545025665,4302.93,51.442923,7.473443,252.40,28.55,0.00,256.90,0,-104,-9,0,0,35,0,0,155
300.09,1545025665,4302.96,51.442923,7.473443,252.40,28.55,0.00,256.90,0,-106,-11,0,0,36,0,0,376
300.09,1545025665,4303.01,51.442923,7.473443,252.40,28.55,0.00,256.90,0,-104,-12,0,0,36,0,0,488
300.09,1545025665,4303.04,51.442923,7.473443,252.40,28.55,0.00,256.90,0,-109,-15,0,0,34,0,0,88
305.08,1545025670,4442.44,51.442666,7.471489,249.50,27.54,0.00,258.38,0,-114,-12,0,0,32,0,0,271
305.08,1545025670,4442.47,51.442666,7.471489,249.50,27.54,0.00,258.38,0,-116,-13,0,0,31,0,0,195
306.08,1545025671,4469.98,51.442616,7.471098,248.72,27.73,0.00,258.16,0,-114,-12,0,0,32,0,0,271
306.08,1545025671,4470.01,51.442616,7.471098,248.72,27.73,0.00,258.16,0,-116,-13,0,0,31,0,0,195
307.09,1545025672,4497.96,51.442566,7.470703,247.94,27.93,0.00,258.00,0,-113,-12,0,0,29,0,0,195
307.09,1545025672,4497.99,51.442566,7.470703,247.94,27.93,0.00,258.00,0,-114,-13,0,0,30,0,0,270
307.09,1545025672,4497.99,51.442566,7.470703,247.94,27.93,0.00,258.00,0,-116,-14,0,0,30,0,0,271
308.08,1545025673,4525.64,51.442515,7.470306,247.21,28.13,0.00,257.96,0,-113,-12,0,0,29,0,0,195
308.08,1545025673,4525.67,51.442515,7.470306,247.21,28.13,0.00,257.96,0,-114,-13,0,0,30,0,0,270
308.08,1545025673,4525.67,51.442515,7.470306,247.21,28.13,0.00,257.96,0,-116,-14,0,0,30,0,0,271
309.08,1545025674,4553.77,51.442464,7.469909,246.44,28.21,0.00,258.06,0,-113,-12,0,0,29,0,0,195
309.08,1545025674,4553.77,51.442464,7.469909,246.44,28.21,0.00,258.06,0,-114,-13,0,0,30,0,0,270
309.08,1545025674,4553.80,51.442464,7.469909,246.44,28.21,0.00,258.06,0,-116,-14,0,0,30,0,0,271
310.08,1545025675,4582.01,51.442411,7.469507,245.47,28.44,0.00,257.89,0,-110,-10,0,0,32,0,0,195
310.09,1545025675,4582.03,51.442411,7.469507,245.47,28.44,0.00,257.89,0,-115,-18,0,0,35,0,0,249
310.09,1545025675,4582.06,51.442411,7.469507,245.47,28.44,0.00,257.89,0,-115,-16,0,0,33,0,0,376
311.08,1545025676,4610.42,51.442359,7.469104,244.54,28.43,0.00,258.18,0,-110,-10,0,0,32,0,0,195
311.08,1545025676,4610.45,51.442359,7.469104,244.54,28.43,0.00,258.18,0,-115,-18,0,0,35,0,0,249
311.09,1545025676,4610.48,51.442359,7.469104,244.54,28.43,0.00,258.18,0,-115,-16,0,0,33,0,0,376
312.08,1545025677,4638.68,51.442308,7.468706,243.67,28.35,0.00,258.36,0,-111,-12,0,0,34,0,0,195
312.08,1545025677,4638.68,51.442308,7.468706,243.67,28.35,0.00,258.36,0,-112,-12,0,0,34,0,0,270
312.08,1545025677,4638.68,51.442308,7.468706,243.67,28.35,0.00,258.36,0,-115,-16,0,0,34,0,0,249
313.08,1545025678,4667.03,51.442257,7.468308,242.88,28.48,0.00,258.44,0,-111,-12,0,0,34,0,0,195
313.08,1545025678,4667.06,51.442257,7.468308,242.88,28.48,0.00,258.44,0,-112,-12,0,0,34,0,0,270
313.08,1545025678,4667.06,51.442257,7.468308,242.88,28.48,0.00,258.44,0,-115,-16,0,0,34,0,0,249
314.08,1545025679,4695.62,51.442206,7.467904,242.05,28.73,0.00,258.61,0,-106,-9,0,0,35,0,0,195
314.08,1545025679,4695.65,51.442206,7.467904,242.05,28.73,0.00,258.61,0,-112,-15,0,0,35,0,0,249
315.08,1545025680,4724.35,51.442157,7.467488,241.50,29.09,0.00,259.05,0,-106,-9,0,0,35,0,0,195
315.08,1545025680,4724.38,51.442157,7.467488,241.50,29.09,0.00,259.05,0,-112,-15,0,0,35,0,0,249
326.08,1545025691,5056.72,51.441705,7.462736,236.38,32.51,0.00,263.99,0,-109,-11,0,0,34,0,0,376
327.08,1545025692,5089.19,51.441675,7.462268,235.93,32.93,0.00,264.67,0,-109,-11,0,0,34,0,0,376
333.08,1545025698,5294.94,51.441562,7.459291,232.67,35.48,0.00,268.32,0,-108,-11,0,0,36,0,0,376
334.08,1545025699,5330.48,51.441556,7.458776,231.61,35.31,0.00,268.75,0,-108,-11,0,0,36,0,0,376
335.08,1545025700,5365.80,51.441556,7.458264,230.60,35.46,0.00,269.34,0,-102,-8,0,0,37,0,0,270
335.08,1545025700,5365.80,51.441556,7.458264,230.60,35.46,0.00,269.34,0,-106,-10,0,0,37,0,0,376
336.08,1545025701,5401.23,51.441553,7.457748,229.92,35.56,0.00,269.85,0,-102,-8,0,0,37,0,0,270
336.08,1545025701,5401.26,51.441553,7.457748,229.92,35.56,0.00,269.85,0,-106,-10,0,0,37,0,0,376
337.08,1545025702,5436.78,51.441554,7.457239,229.21,35.71,0.00,270.35,0,-98,-7,0,0,40,0,0,376
337.08,1545025702,5436.82,51.441554,7.457239,229.21,35.71,0.00,270.35,0,-102,-7,0,0,37,0,0,270
338.08,1545025703,5472.50,51.441556,7.456724,228.67,35.60,0.00,270.14,0,-98,-7,0,0,40,0,0,376
338.08,1545025703,5472.53,51.441556,7.456724,228.67,35.60,0.00,270.14,0,-102,-7,0,0,37,0,0,270
339.08,1545025704,5508.06,51.441559,7.456219,228.41,34.99,0.00,270.32,0,-99,-6,0,0,39,0,0,270
340.08,1545025705,5543.09,51.441561,7.455720,228.46,34.91,0.00,270.80,0,-99,-6,0,0,39,0,0,270
400.08,1545025765,7647.11,51.447773,7.427952,195.64,34.38,0.00,318.75,0,-87,-7,0,0,53,0,0,49
401.08,1545025766,7681.63,51.448014,7.427629,194.10,34.73,0.00,320.00,0,-87,-7,0,0,53,0,0,49
402.08,1545025767,7716.33,51.448266,7.427311,192.59,35.48,0.00,321.93,0,-91,-7,0,0,50,0,0,49
403.08,1545025768,7751.70,51.448531,7.426994,190.65,35.72,0.00,323.29,0,-91,-7,0,0,50,0,0,49
404.08,1545025769,7787.56,51.448800,7.426688,188.53,35.86,0.00,324.55,0,-91,-5,0,0,46,0,0,49
405.08,1545025770,7823.38,51.449069,7.426396,186.52,35.85,0.00,325.94,0,-91,-5,0,0,46,0,0,49
406.08,1545025771,7859.27,51.449341,7.426119,184.62,35.95,0.00,327.71,0,-93,-6,0,0,45,0,0,49
407.08,1545025772,7895.19,51.449617,7.425854,182.85,36.56,0.00,329.64,0,-93,-6,0,0,45,0,0,49
410.08,1545025775,8005.21,51.450474,7.425098,177.38,36.83,0.00,333.45,0,-103,-10,0,0,39,0,0,49
411.08,1545025776,8041.90,51.450774,7.424868,175.48,36.94,0.00,335.04,0,-103,-10,0,0,39,0,0,49
412.08,1545025777,8078.73,51.451079,7.424646,173.86,36.77,0.00,336.36,0,-98,-10,0,0,43,0,0,49
412.08,1545025777,8078.76,51.451079,7.424646,173.86,36.77,0.00,336.36,0,-99,-12,0,0,43,0,0,414
412.08,1545025777,8078.76,51.451079,7.424646,173.86,36.77,0.00,336.36,0,-102,-13,0,0,43,0,0,26
413.08,1545025778,8115.61,51.451387,7.424445,172.55,36.58,0.00,338.24,0,-98,-10,0,0,43,0,0,49
413.08,1545025778,8115.65,51.451387,7.424445,172.55,36.58,0.00,338.24,0,-99,-12,0,0,43,0,0,414
413.08,1545025778,8115.69,51.451387,7.424445,172.55,36.58,0.00,338.24,0,-102,-13,0,0,43,0,0,26
417.08,1545025782,8261.49,51.452597,7.423760,168.39,36.02,0.00,342.23,0,-101,-11,0,0,42,0,0,49
417.09,1545025782,8261.52,51.452597,7.423760,168.39,36.02,0.00,342.23,0,-103,-12,0,0,42,0,0,35
417.09,1545025782,8261.56,51.452597,7.423760,168.39,36.02,0.00,342.23,0,-103,-11,0,0,42,0,0,414
417.09,1545025782,8261.56,51.452597,7.423760,168.39,36.02,0.00,342.23,0,-104,-11,0,0,36,0,0,270
417.09,1545025782,8261.60,51.452597,7.423760,168.39,36.02,0.00,342.23,0,-104,-11,0,0,36,0,0,210
418.08,1545025783,8297.37,51.452902,7.423603,167.25,35.86,0.00,342.98,0,-101,-11,0,0,42,0,0,49
418.08,1545025783,8297.37,51.452902,7.423603,167.25,35.86,0.00,342.98,0,-103,-12,0,0,42,0,0,35
418.08,1545025783,8297.37,51.452902,7.423603,167.25,35.86,0.00,342.98,0,-103,-11,0,0,42,0,0,414
418.08,1545025783,8297.40,51.452902,7.423603,167.25,35.86,0.00,342.98,0,-104,-11,0,0,36,0,0,270
418.08,1545025783,8297.40,51.452902,7.423603,167.25,35.86,0.00,342.98,0,-104,-11,0,0,36,0,0,210
419.08,1545025784,8333.19,51.453211,7.423457,165.94,35.92,0.00,343.58,0,-102,-14,0,0,46,0,0,26
419.08,1545025784,8333.23,51.453211,7.423457,165.94,35.92,0.00,343.58,0,-102,-15,0,0,46,0,0,35
420.08,1545025785,8369.30,51.453523,7.423313,164.62,36.03,0.00,343.94,0,-102,-14,0,0,46,0,0,26
420.08,1545025785,8369.30,51.453523,7.423313,164.62,36.03,0.00,343.94,0,-102,-15,0,0,46,0,0,35
421.09,1545025786,8405.36,51.453830,7.423168,163.35,35.87,0.00,344.10,0,-99,-15,0,0,47,0,0,35
421.09,1545025786,8405.39,51.453830,7.423168,163.35,35.87,0.00,344.10,0,-101,-14,0,0,47,0,0,352
421.09,1545025786,8405.43,51.453830,7.423168,163.35,35.87,0.00,344.10,0,-102,-17,0,0,47,0,0,370
421.09,1545025786,8405.43,51.453830,7.423168,163.35,35.87,0.00,344.10,0,-89,-7,0,0,46,0,0,287
422.08,1545025787,8441.19,51.454139,7.423026,162.14,36.02,0.00,344.13,0,-99,-15,0,0,47,0,0,35
422.09,1545025787,8441.22,51.454139,7.423026,162.14,36.02,0.00,344.13,0,-101,-14,0,0,47,0,0,352
422.09,1545025787,8441.26,51.454139,7.423026,162.14,36.02,0.00,344.13,0,-102,-17,0,0,47,0,0,370
422.09,1545025787,8441.30,51.454139,7.423026,162.14,36.02,0.00,344.13,0,-89,-7,0,0,46,0,0,287
423.08,1545025788,8477.17,51.454449,7.422880,160.98,35.76,0.00,343.96,0,-100,-11,0,0,43,0,0,249
423.08,1545025788,8477.20,51.454449,7.422880,160.98,35.76,0.00,343.96,0,-100,-12,0,0,44,0,0,414
423.09,1545025788,8477.24,51.454449,7.422880,160.98,35.76,0.00,343.96,0,-100,-12,0,0,44,0,0,35
423.09,1545025788,8477.28,51.454449,7.422880,160.98,35.76,0.00,343.96,0,-90,-10,0,0,58,0,0,287
424.08,1545025789,8512.97,51.454756,7.422736,159.84,35.15,0.00,343.53,0,-100,-11,0,0,43,0,0,249
424.09,1545025789,8513.04,51.454756,7.422736,159.84,35.15,0.00,343.53,0,-100,-12,0,0,44,0,0,414
424.09,1545025789,8513.07,51.454756,7.422736,159.84,35.15,0.00,343.53,0,-100,-12,0,0,44,0,0,35
424.09,1545025789,8513.11,51.454756,7.422736,159.84,35.15,0.00,343.53,0,-90,-10,0,0,58,0,0,287
427.08,1545025792,8616.96,51.455644,7.422301,156.73,33.95,0.00,341.66,0,-93,-10,0,0,48,0,0,370
427.08,1545025792,8616.99,51.455644,7.422301,156.73,33.95,0.00,341.66,0,-96,-12,0,0,48,0,0,414
427.08,1545025792,8616.99,51.455644,7.422301,156.73,33.95,0.00,341.66,0,-97,-11,0,0,46,0,0,249
428.08,1545025793,8650.94,51.455934,7.422148,155.86,33.68,0.00,341.15,0,-93,-10,0,0,48,0,0,370
428.08,1545025793,8650.97,51.455934,7.422148,155.86,33.68,0.00,341.15,0,-96,-12,0,0,48,0,0,414
428.08,1545025793,8650.97,51.455934,7.422148,155.86,33.68,0.00,341.15,0,-97,-11,0,0,46,0,0,249
429.08,1545025794,8684.62,51.456219,7.421988,155.12,33.47,0.00,340.42,0,-92,-11,0,0,50,0,0,35
429.08,1545025794,8684.65,51.456219,7.421988,155.12,33.47,0.00,340.42,0,-94,-9,0,0,47,0,0,375
429.09,1545025794,8684.68,51.456219,7.421988,155.12,33.47,0.00,340.42,0,-95,-13,0,0,50,0,0,414
429.09,1545025794,8684.68,51.456219,7.421988,155.12,33.47,0.00,340.42,0,-94,-9,0,0,43,0,0,104
429.09,1545025794,8684.72,51.456219,7.421988,155.12,33.47,0.00,340.42,0,-95,-11,0,0,44,0,0,270
430.09,1545025795,8718.18,51.456499,7.421822,154.49,33.18,0.00,339.33,0,-92,-11,0,0,50,0,0,35
430.09,1545025795,8718.22,51.456499,7.421822,154.49,33.18,0.00,339.33,0,-94,-9,0,0,47,0,0,375
430.09,1545025795,8718.25,51.456499,7.421822,154.49,33.18,0.00,339.33,0,-95,-13,0,0,50,0,0,414
430.09,1545025795,8718.28,51.456499,7.421822,154.49,33.18,0.00,339.33,0,-94,-9,0,0,43,0,0,104
430.09,1545025795,8718.28,51.456499,7.421822,154.49,33.18,0.00,339.33,0,-95,-11,0,0,44,0,0,270
431.08,1545025796,8751.10,51.456777,7.421654,154.04,32.93,0.00,338.65,0,-96,-13,0,0,50,0,0,370
431.08,1545025796,8751.13,51.456777,7.421654,154.04,32.93,0.00,338.65,0,-96,-12,0,0,49,0,0,49
431.08,1545025796,8751.13,51.456777,7.421654,154.04,32.93,0.00,338.65,0,-97,-14,0,0,49,0,0,375
431.08,1545025796,8751.13,51.456777,7.421654,154.04,32.93,0.00,338.65,0,-94,-10,0,0,46,0,0,424
431.08,1545025796,8751.16,51.456777,7.421654,154.04,32.93,0.00,338.65,0,-95,-11,0,0,46,0,0,209
432.09,1545025797,8784.36,51.457050,7.421472,153.73,33.05,0.00,337.38,0,-96,-13,0,0,50,0,0,370
432.09,1545025797,8784.39,51.457050,7.421472,153.73,33.05,0.00,337.38,0,-96,-12,0,0,49,0,0,49
432.09,1545025797,8784.42,51.457050,7.421472,153.73,33.05,0.00,337.38,0,-97,-14,0,0,49,0,0,375
432.09,1545025797,8784.46,51.457050,7.421472,153.73,33.05,0.00,337.38,0,-94,-10,0,0,46,0,0,424
432.09,1545025797,8784.46,51.457050,7.421472,153.73,33.05,0.00,337.38,0,-95,-11,0,0,46,0,0,209
433.08,1545025798,8817.12,51.457322,7.421288,153.50,33.17,0.00,336.53,0,-92,-12,0,0,52,0,0,370
433.08,1545025798,8817.12,51.457322,7.421288,153.50,33.17,0.00,336.53,0,-95,-14,0,0,52,0,0,375
433.08,1545025798,8817.15,51.457322,7.421288,153.50,33.17,0.00,336.53,0,-95,-15,0,0,52,0,0,414
433.08,1545025798,8817.15,51.457322,7.421288,153.50,33.17,0.00,336.53,0,-91,-11,0,0,49,0,0,114
433.08,1545025798,8817.15,51.457322,7.421288,153.50,33.17,0.00,336.53,0,-94,-13,0,0,49,0,0,209
434.08,1545025799,8850.46,51.457593,7.421090,153.32,33.35,0.00,335.56,0,-92,-12,0,0,52,0,0,370
434.09,1545025799,8850.49,51.457593,7.421090,153.32,33.35,0.00,335.56,0,-95,-14,0,0,52,0,0,375
434.09,1545025799,8850.52,51.457593,7.421090,153.32,33.35,0.00,335.56,0,-95,-15,0,0,52,0,0,414
434.09,1545025799,8850.56,51.457593,7.421090,153.32,33.35,0.00,335.56,0,-91,-11,0,0,49,0,0,114
434.09,1545025799,8850.59,51.457593,7.421090,153.32,33.35,0.00,335.56,0,-94,-13,0,0,49,0,0,209
435.09,1545025800,8884.04,51.457866,7.420884,153.16,33.63,0.00,334.49,0,-93,-10,0,0,49,0,0,370
435.09,1545025800,8884.08,51.457866,7.420884,153.16,33.63,0.00,334.49,0,-93,-7,0,0,46,0,0,375
435.09,1545025800,8884.08,51.457866,7.420884,153.16,33.63,0.00,334.49,0,-92,-10,0,0,48,0,0,114
435.09,1545025800,8884.11,51.457866,7.420884,153.16,33.63,0.00,334.49,0,-93,-9,0,0,46,0,0,209
436.08,1545025801,8917.44,51.458142,7.420674,153.01,33.96,0.00,333.56,0,-93,-10,0,0,49,0,0,370
436.09,1545025801,8917.47,51.458142,7.420674,153.01,33.96,0.00,333.56,0,-93,-7,0,0,46,0,0,375
436.09,1545025801,8917.47,51.458142,7.420674,153.01,33.96,0.00,333.56,0,-92,-10,0,0,48,0,0,114
436.09,1545025801,8917.50,51.458142,7.420674,153.01,33.96,0.00,333.56,0,-93,-9,0,0,46,0,0,209
437.08,1545025802,8951.36,51.458413,7.420450,152.92,34.20,0.00,332.71,0,-93,-10,0,0,49,0,0,370
437.08,1545025802,8951.39,51.458413,7.420450,152.92,34.20,0.00,332.71,0,-93,-7,0,0,46,0,0,375
437.08,1545025802,8951.39,51.458413,7.420450,152.92,34.20,0.00,332.71,0,-92,-10,0,0,48,0,0,114
437.09,1545025802,8951.43,51.458413,7.420450,152.92,34.20,0.00,332.71,0,-93,-9,0,0,46,0,0,209
440.08,1545025805,9052.80,51.459211,7.419754,152.47,33.34,0.00,329.99,0,-88,-9,0,0,52,0,0,370
441.08,1545025806,9086.01,51.459472,7.419513,152.33,33.32,0.00,329.05,0,-88,-9,0,0,52,0,0,370
442.08,1545025807,9119.50,51.459726,7.419257,152.07,33.45,0.00,327.79,0,-84,-11,0,0,60,0,0,375
442.08,1545025807,9119.53,51.459726,7.419257,152.07,33.45,0.00,327.79,0,-83,-7,0,0,54,0,0,209
442.08,1545025807,9119.56,51.459726,7.419257,152.07,33.45,0.00,327.79,0,-84,-11,0,0,57,0,0,114
443.08,1545025808,9152.95,51.459984,7.418990,152.03,33.52,0.00,326.51,0,-84,-11,0,0,60,0,0,375
443.08,1545025808,9152.98,51.459984,7.418990,152.03,33.52,0.00,326.51,0,-83,-7,0,0,54,0,0,209
443.08,1545025808,9153.01,51.459984,7.418990,152.03,33.52,0.00,326.51,0,-84,-11,0,0,57,0,0,114
448.08,1545025813,9323.06,51.461235,7.417560,153.21,34.74,0.00,322.03,0,-82,-6,0,0,57,0,0,375
448.08,1545025813,9323.06,51.461235,7.417560,153.21,34.74,0.00,322.03,0,-82,-8,0,0,55,0,0,209
449.08,1545025814,9357.80,51.461477,7.417243,153.43,35.06,0.00,320.79,0,-82,-6,0,0,57,0,0,375
449.08,1545025814,9357.84,51.461477,7.417243,153.43,35.06,0.00,320.79,0,-82,-8,0,0,55,0,0,209
450.08,1545025815,9392.93,51.461722,7.416921,153.59,35.41,0.00,320.17,0,-86,-9,0,0,56,0,0,370
450.09,1545025815,9392.97,51.461722,7.416921,153.59,35.41,0.00,320.17,0,-87,-8,0,0,53,0,0,375
450.09,1545025815,9392.97,51.461722,7.416921,153.59,35.41,0.00,320.17,0,-83,-10,0,0,56,0,0,114
451.08,1545025816,9428.27,51.461962,7.416588,153.70,35.49,0.00,319.26,0,-86,-9,0,0,56,0,0,370
451.08,1545025816,9428.31,51.461962,7.416588,153.70,35.49,0.00,319.26,0,-87,-8,0,0,53,0,0,375
451.08,1545025816,9428.35,51.461962,7.416588,153.70,35.49,0.00,319.26,0,-83,-10,0,0,56,0,0,114
463.08,1545025828,9865.57,51.464645,7.412010,151.66,36.13,0.00,308.79,0,-81,-12,0,0,63,0,0,33
463.08,1545025828,9865.57,51.464645,7.412010,151.66,36.13,0.00,308.79,0,-77,-11,0,0,63,0,0,271
464.08,1545025829,9901.67,51.464849,7.411609,151.92,36.24,0.00,308.27,0,-81,-12,0,0,63,0,0,33
464.08,1545025829,9901.70,51.464849,7.411609,151.92,36.24,0.00,308.27,0,-77,-11,0,0,63,0,0,271
465.08,1545025830,9937.98,51.465057,7.411200,152.09,36.45,0.00,308.26,0,-93,-9,0,0,48,0,0,33
465.08,1545025830,9938.05,51.465057,7.411200,152.09,36.45,0.00,308.26,0,-93,-8,0,0,44,0,0,271
466.08,1545025831,9974.47,51.465260,7.410784,152.06,36.66,0.00,308.10,0,-93,-9,0,0,48,0,0,33
466.08,1545025831,9974.47,51.465260,7.410784,152.06,36.66,0.00,308.10,0,-93,-8,0,0,44,0,0,271
467.08,1545025832,10011.13,51.465462,7.410372,151.90,35.83,0.00,308.00,0,-99,-14,0,0,45,0,0,97
467.08,1545025832,10011.16,51.465462,7.410372,151.90,35.83,0.00,308.00,0,-101,-15,0,0,45,0,0,49
467.08,1545025832,10011.20,51.465462,7.410372,151.90,35.83,0.00,308.00,0,-103,-15,0,0,44,0,0,262
468.08,1545025833,10046.99,51.465661,7.409968,151.65,35.35,0.00,308.06,0,-99,-14,0,0,45,0,0,97
468.08,1545025833,10046.99,51.465661,7.409968,151.65,35.35,0.00,308.06,0,-101,-15,0,0,45,0,0,49
468.08,1545025833,10047.03,51.465661,7.409968,151.65,35.35,0.00,308.06,0,-103,-15,0,0,44,0,0,262
473.08,1545025838,10222.66,51.466633,7.407982,151.90,35.42,0.00,308.81,0,-94,-13,0,0,53,0,0,157
473.08,1545025838,10222.66,51.466633,7.407982,151.90,35.42,0.00,308.81,0,-93,-13,0,0,50,0,0,478
474.08,1545025839,10258.15,51.466833,7.407593,151.96,35.09,0.00,309.14,0,-94,-13,0,0,53,0,0,157
474.08,1545025839,10258.15,51.466833,7.407593,151.96,35.09,0.00,309.14,0,-93,-13,0,0,50,0,0,478
482.08,1545025847,10536.64,51.468459,7.404547,153.89,34.81,0.00,312.13,0,-81,-8,0,0,58,0,0,49
483.08,1545025848,10571.48,51.468670,7.404175,154.25,34.24,0.00,312.64,0,-81,-8,0,0,58,0,0,49
484.08,1545025849,10605.68,51.468878,7.403808,154.46,34.25,0.00,312.80,0,-88,-7,0,0,50,0,0,49
485.08,1545025850,10640.03,51.469086,7.403443,154.63,34.30,0.00,313.10,0,-88,-7,0,0,50,0,0,49
486.08,1545025851,10674.34,51.469299,7.403083,155.23,34.16,0.00,313.40,0,-84,-9,0,0,56,0,0,286
487.08,1545025852,10708.49,51.469512,7.402730,155.59,34.13,0.00,314.36,0,-84,-9,0,0,56,0,0,286
488.08,1545025853,10742.62,51.469726,7.402391,155.98,32.89,0.00,314.75,0,-87,-15,0,0,59,0,0,286
489.08,1545025854,10775.50,51.469934,7.402057,156.46,32.53,0.00,315.11,0,-87,-15,0,0,59,0,0,286
496.08,1545025861,10986.09,51.471295,7.400055,162.72,26.43,0.00,317.08,0,-92,-13,0,0,56,0,0,307
496.08,1545025861,10986.12,51.471295,7.400055,162.72,26.43,0.00,317.08,0,-93,-12,0,0,54,0,0,286
497.08,1545025862,11012.52,51.471467,7.399804,163.74,25.51,0.00,317.30,0,-92,-13,0,0,56,0,0,307
497.08,1545025862,11012.52,51.471467,7.399804,163.74,25.51,0.00,317.30,0,-93,-12,0,0,54,0,0,286
509.08,1545025874,11306.18,51.473452,7.397025,168.92,24.09,0.00,320.89,0,-88,-6,0,0,50,0,0,375
510.08,1545025875,11330.29,51.473623,7.396807,169.24,24.10,0.00,321.19,0,-88,-6,0,0,50,0,0,375
511.08,1545025876,11354.32,51.473794,7.396589,169.55,24.17,0.00,321.33,0,-88,-8,0,0,53,0,0,375
512.08,1545025877,11378.47,51.473966,7.396371,169.83,24.30,0.00,322.00,0,-88,-8,0,0,53,0,0,375
513.08,1545025878,11402.79,51.474143,7.396157,170.14,24.49,0.00,322.75,0,-89,-8,0,0,51,0,0,375
514.08,1545025879,11427.33,51.474323,7.395941,170.45,24.44,0.00,323.29,0,-89,-8,0,0,51,0,0,375
515.08,1545025880,11451.76,51.474501,7.395734,170.84,24.06,0.00,324.02,0,-83,-8,0,0,57,0,0,375
516.08,1545025881,11475.82,51.474677,7.395526,171.40,23.74,0.00,324.90,0,-83,-8,0,0,57,0,0,375
517.08,1545025882,11499.56,51.474857,7.395329,172.23,23.65,0.00,325.18,0,-87,-8,0,0,52,0,0,375
518.08,1545025883,11523.18,51.475040,7.395130,173.09,23.69,0.00,326.54,0,-87,-8,0,0,52,0,0,375
526.08,1545025891,11718.73,51.476571,7.393737,178.63,23.62,0.00,334.15,0,-78,-11,0,0,63,0,0,48
527.08,1545025892,11742.35,51.476761,7.393587,178.92,23.26,0.00,335.00,0,-78,-11,0,0,63,0,0,48
528.08,1545025893,11765.63,51.476952,7.393444,179.15,22.97,0.00,335.91,0,-86,-11,0,0,58,0,0,48
528.08,1545025893,11765.63,51.476952,7.393444,179.15,22.97,0.00,335.91,0,-69,-12,0,0,63,0,0,307
529.08,1545025894,11788.60,51.477135,7.393319,179.39,21.78,0.00,337.58,0,-86,-11,0,0,58,0,0,48
529.08,1545025894,11788.62,51.477135,7.393319,179.39,21.78,0.00,337.58,0,-69,-12,0,0,63,0,0,307
530.08,1545025895,11810.32,51.477312,7.393212,179.68,20.64,0.00,340.21,0,-85,-9,0,0,55,0,0,48
530.08,1545025895,11810.34,51.477312,7.393212,179.68,20.64,0.00,340.21,0,-76,-10,0,0,62,0,0,307
531.08,1545025896,11831.01,51.477482,7.393132,179.90,19.71,0.00,343.64,0,-85,-9,0,0,55,0,0,48
531.08,1545025896,11831.03,51.477482,7.393132,179.90,19.71,0.00,343.64,0,-76,-10,0,0,62,0,0,307
532.08,1545025897,11850.64,51.477634,7.393082,179.81,18.95,0.00,347.87,0,-83,-8,0,0,58,0,0,48
532.08,1545025897,11850.64,51.477634,7.393082,179.81,18.95,0.00,347.87,0,-73,-8,0,0,63,0,0,307
533.08,1545025898,11869.65,51.477802,7.393035,179.72,18.52,0.00,350.57,0,-83,-8,0,0,58,0,0,48
533.08,1545025898,11869.65,51.477802,7.393035,179.72,18.52,0.00,350.57,0,-73,-8,0,0,63,0,0,307
534.08,1545025899,11888.11,51.477977,7.393006,179.52,18.63,0.00,354.51,0,-63,-8,0,0,63,0,0,308
535.08,1545025900,11906.81,51.478161,7.393046,179.41,18.90,0.00,8.85,0,-63,-8,0,0,63,0,0,308
545.08,1545025910,12078.66,51.479553,7.393756,179.75,14.31,0.00,339.40,0,-94,-10,0,0,47,0,0,223
546.08,1545025911,12092.98,51.479670,7.393677,179.99,14.62,0.00,337.40,0,-94,-10,0,0,47,0,0,223
547.08,1545025912,12107.61,51.479785,7.393593,180.46,13.92,0.00,335.70,0,-89,-7,0,0,50,0,0,223
548.08,1545025913,12121.52,51.479894,7.393507,180.57,12.95,0.00,335.36,0,-89,-7,0,0,50,0,0,223
549.08,1545025914,12134.47,51.479991,7.393439,180.76,11.40,0.00,337.95,0,-88,-7,0,0,50,0,0,48
550.08,1545025915,12145.87,51.480083,7.393423,181.34,10.55,0.00,358.47,0,-88,-7,0,0,50,0,0,48
557.08,1545025922,12227.49,51.480582,7.394277,185.37,13.30,0.00,58.58,0,-87,-8,0,0,53,0,0,223
558.08,1545025923,12240.77,51.480648,7.394444,185.77,14.12,0.00,57.67,0,-87,-8,0,0,53,0,0,223
591.08,1545025956,12737.39,51.483497,7.399800,188.87,14.30,0.00,34.33,0,-98,-11,0,0,46,0,0,223
591.09,1545025956,12737.40,51.483497,7.399800,188.87,14.30,0.00,34.33,0,-92,-7,0,0,44,0,0,409
592.08,1545025957,12751.60,51.483605,7.399916,189.16,14.94,0.00,34.20,0,-98,-11,0,0,46,0,0,223
592.08,1545025957,12751.60,51.483605,7.399916,189.16,14.94,0.00,34.20,0,-92,-7,0,0,44,0,0,409
593.08,1545025958,12766.57,51.483712,7.400028,188.86,14.97,0.00,34.63,0,-97,-9,0,0,44,0,0,223
593.08,1545025958,12766.57,51.483712,7.400028,188.86,14.97,0.00,34.63,0,-92,-8,0,0,45,0,0,409
594.08,1545025959,12781.54,51.483818,7.400144,188.47,14.55,0.00,35.35,0,-97,-9,0,0,44,0,0,223
594.08,1545025959,12781.55,51.483818,7.400144,188.47,14.55,0.00,35.35,0,-92,-8,0,0,45,0,0,409
595.08,1545025960,12796.07,51.483923,7.400261,188.16,14.27,0.00,36.09,0,-100,-13,0,0,45,0,0,48
596.08,1545025961,12810.38,51.484025,7.400384,187.75,13.89,0.00,36.99,0,-100,-13,0,0,45,0,0,48
597.08,1545025962,12824.26,51.484128,7.400513,187.85,13.58,0.00,37.93,0,-101,-9,0,0,39,0,0,48
598.08,1545025963,12837.85,51.484228,7.400646,187.90,13.41,0.00,38.85,0,-101,-9,0,0,39,0,0,48
599.08,1545025964,12851.26,51.484325,7.400774,187.90,13.35,0.00,39.45,0,-99,-10,0,0,42,0,0,48
600.08,1545025965,12864.64,51.484413,7.400899,187.85,13.36,0.00,40.11,0,-99,-10,0,0,42,0,0,48
601.09,1545025966,12878.02,51.484498,7.401020,187.73,13.21,0.00,40.65,0,-97,-10,0,0,45,0,0,48
601.09,1545025966,12878.04,51.484498,7.401020,187.73,13.21,0.00,40.65,0,-99,-10,0,0,44,0,0,167
601.09,1545025966,12878.04,51.484498,7.401020,187.73,13.21,0.00,40.65,0,-99,-10,0,0,40,0,0,291
602.09,1545025967,12891.23,51.484586,7.401150,187.73,12.83,0.00,41.26,0,-97,-10,0,0,45,0,0,48
602.09,1545025967,12891.25,51.484586,7.401150,187.73,12.83,0.00,41.26,0,-99,-10,0,0,44,0,0,167
602.09,1545025967,12891.26,51.484586,7.401150,187.73,12.83,0.00,41.26,0,-99,-10,0,0,40,0,0,291
603.09,1545025968,12904.17,51.484667,7.401268,187.54,12.57,0.00,41.75,0,-102,-12,0,0,42,0,0,48
603.10,1545025968,12904.19,51.484667,7.401268,187.54,12.57,0.00,41.75,0,-104,-12,0,0,40,0,0,167
603.10,1545025968,12904.20,51.484667,7.401268,187.54,12.57,0.00,41.75,0,-105,-13,0,0,39,0,0,128
603.10,1545025968,12904.20,51.484667,7.401268,187.54,12.57,0.00,41.75,0,-103,-11,0,0,36,0,0,291
603.10,1545025968,12904.21,51.484667,7.401268,187.54,12.57,0.00,41.75,0,-104,-11,0,0,36,0,0,246
604.20,1545025969,12918.14,51.484749,7.401387,187.19,12.20,0.00,42.19,0,-102,-12,0,0,42,0,0,48
604.21,1545025969,12918.16,51.484749,7.401387,187.19,12.20,0.00,42.19,0,-104,-12,0,0,40,0,0,167
604.21,1545025969,12918.16,51.484749,7.401387,187.19,12.20,0.00,42.19,0,-105,-13,0,0,39,0,0,128
604.21,1545025969,12918.16,51.484749,7.401387,187.19,12.20,0.00,42.19,0,-103,-11,0,0,36,0,0,291
604.21,1545025969,12918.16,51.484749,7.401387,187.19,12.20,0.00,42.19,0,-104,-11,0,0,36,0,0,246
605.19,1545025970,12930.18,51.484826,7.401511,187.19,11.83,0.00,42.30,0,-103,-12,0,0,41,0,0,48
605.19,1545025970,12930.20,51.484826,7.401511,187.19,11.83,0.00,42.30,0,-105,-12,0,0,39,0,0,167
605.19,1545025970,12930.21,51.484826,7.401511,187.19,11.83,0.00,42.30,0,-103,-11,0,0,35,0,0,291
605.19,1545025970,12930.21,51.484826,7.401511,187.19,11.83,0.00,42.30,0,-105,-11,0,0,35,0,0,405
606.18,1545025971,12941.92,51.484900,7.401626,187.21,11.53,0.00,41.91,0,-103,-12,0,0,41,0,0,48
606.18,1545025971,12941.93,51.484900,7.401626,187.21,11.53,0.00,41.91,0,-105,-12,0,0,39,0,0,167
606.19,1545025971,12941.95,51.484900,7.401626,187.21,11.53,0.00,41.91,0,-103,-11,0,0,35,0,0,291
606.19,1545025971,12941.95,51.484900,7.401626,187.21,11.53,0.00,41.91,0,-105,-11,0,0,35,0,0,405
607.18,1545025972,12953.44,51.484975,7.401738,187.34,11.01,0.00,41.59,0,-103,-12,0,0,41,0,0,48
607.18,1545025972,12953.45,51.484975,7.401738,187.34,11.01,0.00,41.59,0,-105,-12,0,0,39,0,0,167
607.18,1545025972,12953.45,51.484975,7.401738,187.34,11.01,0.00,41.59,0,-103,-11,0,0,35,0,0,291
607.18,1545025972,12953.46,51.484975,7.401738,187.34,11.01,0.00,41.59,0,-105,-11,0,0,35,0,0,405
608.18,1545025973,12964.44,51.485046,7.401844,187.17,10.48,0.00,42.21,0,-101,-9,0,0,36,0,0,291
608.18,1545025973,12964.45,51.485046,7.401844,187.17,10.48,0.00,42.21,0,-103,-10,0,0,35,0,0,246
609.18,1545025974,12974.91,51.485118,7.401946,187.01,10.10,0.00,43.24,0,-101,-9,0,0,36,0,0,291
609.18,1545025974,12974.92,51.485118,7.401946,187.01,10.10,0.00,43.24,0,-103,-10,0,0,35,0,0,246
610.18,1545025975,12985.03,51.485183,7.402046,186.74,10.02,0.00,44.00,0,-100,-10,0,0,41,0,0,167
610.18,1545025975,12985.04,51.485183,7.402046,186.74,10.02,0.00,44.00,0,-101,-9,0,0,40,0,0,128
610.19,1545025975,12985.05,51.485183,7.402046,186.74,10.02,0.00,44.00,0,-102,-10,0,0,36,0,0,291
610.19,1545025975,12985.06,51.485183,7.402046,186.74,10.02,0.00,44.00,0,-104,-10,0,0,35,0,0,246
611.18,1545025976,12995.06,51.485244,7.402144,186.40,9.75,0.00,44.94,0,-100,-10,0,0,41,0,0,167
611.18,1545025976,12995.06,51.485244,7.402144,186.40,9.75,0.00,44.94,0,-101,-9,0,0,40,0,0,128
611.18,1545025976,12995.06,51.485244,7.402144,186.40,9.75,0.00,44.94,0,-102,-10,0,0,36,0,0,291
611.19,1545025976,12995.07,51.485244,7.402144,186.40,9.75,0.00,44.94,0,-104,-10,0,0,35,0,0,246
612.19,1545025977,13004.83,51.485303,7.402244,186.11,9.40,0.00,45.97,0,-102,-11,0,0,40,0,0,167
612.19,1545025977,13004.84,51.485303,7.402244,186.11,9.40,0.00,45.97,0,-104,-12,0,0,40,0,0,128
612.19,1545025977,13004.85,51.485303,7.402244,186.11,9.40,0.00,45.97,0,-101,-9,0,0,36,0,0,246
612.19,1545025977,13004.85,51.485303,7.402244,186.11,9.40,0.00,45.97,0,-102,-12,0,0,37,0,0,291
613.18,1545025978,13014.19,51.485357,7.402338,185.94,8.63,0.00,47.03,0,-102,-11,0,0,40,0,0,167
613.18,1545025978,13014.20,51.485357,7.402338,185.94,8.63,0.00,47.03,0,-104,-12,0,0,40,0,0,128
613.18,1545025978,13014.20,51.485357,7.402338,185.94,8.63,0.00,47.03,0,-101,-9,0,0,36,0,0,246
613.18,1545025978,13014.20,51.485357,7.402338,185.94,8.63,0.00,47.03,0,-102,-12,0,0,37,0,0,291
614.18,1545025979,13022.82,51.485402,7.402428,185.92,8.02,0.00,48.19,0,-99,-7,0,0,40,0,0,167
614.18,1545025979,13022.83,51.485402,7.402428,185.92,8.02,0.00,48.19,0,-96,-7,0,0,39,0,0,291
614.18,1545025979,13022.84,51.485402,7.402428,185.92,8.02,0.00,48.19,0,-102,-11,0,0,38,0,0,246
615.18,1545025980,13030.83,51.485446,7.402520,185.88,7.56,0.00,49.08,0,-99,-7,0,0,40,0,0,167
615.18,1545025980,13030.84,51.485446,7.402520,185.88,7.56,0.00,49.08,0,-96,-7,0,0,39,0,0,291
615.18,1545025980,13030.85,51.485446,7.402520,185.88,7.56,0.00,49.08,0,-102,-11,0,0,38,0,0,246
616.18,1545025981,13038.41,51.485486,7.402607,185.95,7.07,0.00,49.84,0,-101,-8,0,0,38,0,0,167
616.18,1545025981,13038.41,51.485486,7.402607,185.95,7.07,0.00,49.84,0,-104,-9,0,0,37,0,0,128
616.18,1545025981,13038.42,51.485486,7.402607,185.95,7.07,0.00,49.84,0,-99,-7,0,0,36,0,0,291
616.19,1545025981,13038.43,51.485486,7.402607,185.95,7.07,0.00,49.84,0,-103,-9,0,0,35,0,0,246
617.18,1545025982,13045.48,51.485521,7.402687,185.77,6.83,0.00,50.33,0,-101,-8,0,0,38,0,0,167
617.18,1545025982,13045.48,51.485521,7.402687,185.77,6.83,0.00,50.33,0,-104,-9,0,0,37,0,0,128
617.18,1545025982,13045.49,51.485521,7.402687,185.77,6.83,0.00,50.33,0,-99,-7,0,0,36,0,0,291
617.18,1545025982,13045.49,51.485521,7.402687,185.77,6.83,0.00,50.33,0,-103,-9,0,0,35,0,0,246
620.18,1545025985,13066.46,51.485692,7.402783,185.16,7.75,0.00,353.78,0,-93,-8,0,0,44,0,0,46
621.18,1545025986,13074.18,51.485751,7.402742,184.92,8.19,0.00,334.33,0,-93,-8,0,0,44,0,0,46
622.18,1545025987,13082.38,51.485822,7.402676,184.58,8.94,0.00,330.27,0,-104,-12,0,0,37,0,0,246
623.18,1545025988,13091.36,51.485890,7.402602,184.87,9.43,0.00,327.22,0,-104,-12,0,0,37,0,0,246
624.18,1545025989,13100.76,51.485964,7.402522,185.25,10.11,0.00,326.37,0,-103,-11,0,0,40,0,0,128
624.18,1545025989,13100.76,51.485964,7.402522,185.25,10.11,0.00,326.37,0,-104,-12,0,0,40,0,0,93
624.18,1545025989,13100.77,51.485964,7.402522,185.25,10.11,0.00,326.37,0,-102,-9,0,0,37,0,0,246
624.18,1545025989,13100.77,51.485964,7.402522,185.25,10.11,0.00,326.37,0,-103,-10,0,0,36,0,0,470
625.18,1545025990,13110.87,51.486039,7.402432,185.46,10.57,0.00,325.63,0,-103,-11,0,0,40,0,0,128
625.18,1545025990,13110.88,51.486039,7.402432,185.46,10.57,0.00,325.63,0,-104,-12,0,0,40,0,0,93
625.18,1545025990,13110.88,51.486039,7.402432,185.46,10.57,0.00,325.63,0,-102,-9,0,0,37,0,0,246
625.18,1545025990,13110.89,51.486039,7.402432,185.46,10.57,0.00,325.63,0,-103,-10,0,0,36,0,0,470
626.19,1545025991,13121.58,51.486120,7.402338,185.53,11.33,0.00,326.01,0,-103,-11,0,0,40,0,0,128
626.19,1545025991,13121.59,51.486120,7.402338,185.53,11.33,0.00,326.01,0,-103,-10,0,0,39,0,0,93
626.19,1545025991,13121.60,51.486120,7.402338,185.53,11.33,0.00,326.01,0,-103,-12,0,0,40,0,0,48
626.20,1545025991,13121.61,51.486120,7.402338,185.53,11.33,0.00,326.01,0,-101,-11,0,0,39,0,0,246
626.20,1545025991,13121.61,51.486120,7.402338,185.53,11.33,0.00,326.01,0,-101,-11,0,0,40,0,0,293
627.18,1545025992,13132.81,51.486212,7.402243,185.42,11.33,0.00,327.04,0,-103,-11,0,0,40,0,0,128
627.19,1545025992,13132.83,51.486212,7.402243,185.42,11.33,0.00,327.04,0,-103,-10,0,0,39,0,0,93
627.19,1545025992,13132.83,51.486212,7.402243,185.42,11.33,0.00,327.04,0,-103,-12,0,0,40,0,0,48
627.19,1545025992,13132.84,51.486212,7.402243,185.42,11.33,0.00,327.04,0,-101,-11,0,0,39,0,0,246
627.19,1545025992,13132.85,51.486212,7.402243,185.42,11.33,0.00,327.04,0,-101,-11,0,0,40,0,0,293
628.19,1545025993,13144.15,51.486300,7.402158,185.15,11.40,0.00,329.25,0,-103,-11,0,0,40,0,0,128
628.19,1545025993,13144.15,51.486300,7.402158,185.15,11.40,0.00,329.25,0,-103,-10,0,0,39,0,0,93
628.19,1545025993,13144.16,51.486300,7.402158,185.15,11.40,0.00,329.25,0,-103,-12,0,0,40,0,0,48
628.19,1545025993,13144.17,51.486300,7.402158,185.15,11.40,0.00,329.25,0,-101,-11,0,0,39,0,0,246
628.19,1545025993,13144.17,51.486300,7.402158,185.15,11.40,0.00,329.25,0,-101,-11,0,0,40,0,0,293
631.19,1545025996,13177.73,51.486572,7.401944,184.44,10.81,0.00,335.25,0,-96,-8,0,0,43,0,0,93
631.19,1545025996,13177.74,51.486572,7.401944,184.44,10.81,0.00,335.25,0,-100,-9,0,0,37,0,0,470
631.19,1545025996,13177.75,51.486572,7.401944,184.44,10.81,0.00,335.25,0,-103,-12,0,0,37,0,0,293
632.18,1545025997,13188.48,51.486660,7.401889,183.94,10.56,0.00,337.15,0,-96,-8,0,0,43,0,0,93
632.18,1545025997,13188.49,51.486660,7.401889,183.94,10.56,0.00,337.15,0,-100,-9,0,0,37,0,0,470
632.18,1545025997,13188.50,51.486660,7.401889,183.94,10.56,0.00,337.15,0,-103,-12,0,0,37,0,0,293
633.18,1545025998,13199.05,51.486742,7.401842,183.40,10.69,0.00,339.49,0,-96,-8,0,0,44,0,0,48
633.18,1545025998,13199.05,51.486742,7.401842,183.40,10.69,0.00,339.49,0,-96,-9,0,0,41,0,0,470
633.18,1545025998,13199.06,51.486742,7.401842,183.40,10.69,0.00,339.49,0,-99,-10,0,0,40,0,0,51
634.18,1545025999,13209.73,51.486836,7.401800,183.26,10.94,0.00,341.76,0,-96,-8,0,0,44,0,0,48
634.18,1545025999,13209.74,51.486836,7.401800,183.26,10.94,0.00,341.76,0,-96,-9,0,0,41,0,0,470
634.18,1545025999,13209.75,51.486836,7.401800,183.26,10.94,0.00,341.76,0,-99,-10,0,0,40,0,0,51
635.18,1545026000,13220.69,51.486923,7.401766,182.82,10.95,0.00,344.00,0,-97,-7,0,0,42,0,0,48
635.18,1545026000,13220.70,51.486923,7.401766,182.82,10.95,0.00,344.00,0,-100,-8,0,0,40,0,0,93
635.18,1545026000,13220.70,51.486923,7.401766,182.82,10.95,0.00,344.00,0,-101,-10,0,0,40,0,0,428
635.19,1545026000,13220.71,51.486923,7.401766,182.82,10.95,0.00,344.00,0,-98,-8,0,0,38,0,0,470
635.19,1545026000,13220.72,51.486923,7.401766,182.82,10.95,0.00,344.00,0,-101,-11,0,0,38,0,0,405
636.18,1545026001,13231.64,51.487019,7.401737,182.61,10.67,0.00,346.27,0,-97,-7,0,0,42,0,0,48
636.18,1545026001,13231.64,51.487019,7.401737,182.61,10.67,0.00,346.27,0,-100,-8,0,0,40,0,0,93
636.18,1545026001,13231.65,51.487019,7.401737,182.61,10.67,0.00,346.27,0,-101,-10,0,0,40,0,0,428
636.19,1545026001,13231.66,51.487019,7.401737,182.61,10.67,0.00,346.27,0,-98,-8,0,0,38,0,0,470
636.19,1545026001,13231.66,51.487019,7.401737,182.61,10.67,0.00,346.27,0,-101,-11,0,0,38,0,0,405
637.18,1545026002,13242.29,51.487120,7.401713,182.23,10.71,0.00,348.74,0,-89,-6,0,0,48,0,0,93
637.18,1545026002,13242.30,51.487120,7.401713,182.23,10.71,0.00,348.74,0,-82,-5,0,0,53,0,0,409
638.18,1545026003,13253.00,51.487220,7.401692,181.89,10.49,0.00,351.10,0,-89,-6,0,0,48,0,0,93
638.18,1545026003,13253.01,51.487220,7.401692,181.89,10.49,0.00,351.10,0,-82,-5,0,0,53,0,0,409
639.18,1545026004,13263.49,51.487312,7.401680,181.23,10.46,0.00,353.29,0,-88,-6,0,0,50,0,0,93
639.18,1545026004,13263.49,51.487312,7.401680,181.23,10.46,0.00,353.29,0,-83,-5,0,0,52,0,0,409
640.18,1545026005,13273.95,51.487404,7.401676,181.10,10.45,0.00,355.10,0,-88,-6,0,0,50,0,0,93
640.18,1545026005,13273.96,51.487404,7.401676,181.10,10.45,0.00,355.10,0,-83,-5,0,0,52,0,0,409
652.18,1545026017,13404.49,51.488601,7.401723,175.62,11.68,0.00,359.63,0,-96,-13,0,0,50,0,0,427
653.18,1545026018,13416.10,51.488697,7.401726,175.43,10.64,0.00,359.18,0,-96,-13,0,0,50,0,0,427
654.18,1545026019,13426.79,51.488782,7.401730,175.29,9.49,0.00,359.15,0,-87,-11,0,0,56,0,0,94
654.18,1545026019,13426.80,51.488782,7.401730,175.29,9.49,0.00,359.15,0,-90,-7,0,0,48,0,0,427
655.18,1545026020,13436.27,51.488859,7.401730,175.17,8.51,0.00,0.11,0,-87,-11,0,0,56,0,0,94
655.18,1545026020,13436.28,51.488859,7.401730,175.17,8.51,0.00,0.11,0,-90,-7,0,0,48,0,0,427
656.18,1545026021,13444.79,51.488926,7.401732,175.10,7.20,0.00,0.67,0,-83,-7,0,0,56,0,0,94
656.18,1545026021,13444.79,51.488926,7.401732,175.10,7.20,0.00,0.67,0,-83,-5,0,0,54,0,0,427
657.18,1545026022,13451.98,51.488987,7.401735,175.43,6.12,0.00,0.29,0,-83,-7,0,0,56,0,0,94
657.18,1545026022,13451.98,51.488987,7.401735,175.43,6.12,0.00,0.29,0,-83,-5,0,0,54,0,0,427
698.18,1545026063,13662.27,51.489396,7.404388,176.14,10.88,0.00,91.32,0,-75,-7,0,0,63,0,0,95
698.18,1545026063,13662.28,51.489396,7.404388,176.14,10.88,0.00,91.32,0,-80,-8,0,0,59,0,0,426
699.18,1545026064,13673.17,51.489393,7.404552,176.45,11.89,0.00,91.67,0,-75,-7,0,0,63,0,0,95
699.18,1545026064,13673.18,51.489393,7.404552,176.45,11.89,0.00,91.67,0,-80,-8,0,0,59,0,0,426
