time_s,timestamp_ms,distance_m,latitude,longitude,altitude,velocity_mps,acceleration_mpss,direction,isRegistered,rsrp_dbm,rsrq_db,rssnr_db,cqi,ss,ta,ci,pci
0.01,1545283541,0.04,51.450027,7.488249,252.05,8.73,0.00,171.24,0,-97,-9,0,0,44,0,0,67
0.01,1545283541,0.04,51.450027,7.488249,252.05,8.73,0.00,171.24,0,-96,-8,0,0,41,0,0,157
1.01,1545283542,8.74,51.449958,7.488277,252.33,9.32,0.00,169.98,0,-97,-8,0,0,43,0,0,67
1.01,1545283542,8.74,51.449958,7.488277,252.33,9.32,0.00,169.98,0,-96,-8,0,0,41,0,0,157
2.01,1545283543,18.05,51.449869,7.488305,252.75,10.06,0.00,170.34,0,-97,-8,0,0,43,0,0,67
2.01,1545283543,18.06,51.449869,7.488305,252.75,10.06,0.00,170.34,0,-96,-8,0,0,41,0,0,157
3.01,1545283544,28.12,51.449778,7.488337,253.02,10.52,0.00,170.69,0,-96,-9,0,0,45,0,0,67
3.01,1545283544,28.13,51.449778,7.488337,253.02,10.52,0.00,170.69,0,-96,-8,0,0,41,0,0,157
4.01,1545283545,38.65,51.449685,7.488364,253.38,10.96,0.00,171.49,0,-96,-9,0,0,45,0,0,67
4.01,1545283545,38.65,51.449685,7.488364,253.38,10.96,0.00,171.49,0,-96,-8,0,0,41,0,0,157
5.01,1545283546,49.61,51.449585,7.488385,253.79,11.50,0.00,172.92,0,-99,-9,0,0,42,0,0,67
5.01,1545283546,49.62,51.449585,7.488385,253.79,11.50,0.00,172.92,0,-98,-8,0,0,39,0,0,157
6.01,1545283547,61.11,51.449486,7.488405,253.85,11.97,0.00,174.43,0,-99,-9,0,0,42,0,0,67
6.01,1545283547,61.11,51.449486,7.488405,253.85,11.97,0.00,174.43,0,-98,-8,0,0,39,0,0,157
7.01,1545283548,73.08,51.449382,7.488417,253.57,11.90,0.00,176.10,0,-101,-11,0,0,41,0,0,67
7.01,1545283548,73.09,51.449382,7.488417,253.57,11.90,0.00,176.10,0,-99,-9,0,0,39,0,0,157
8.01,1545283549,84.98,51.449274,7.488422,253.64,11.95,0.00,177.80,0,-101,-11,0,0,41,0,0,67
8.01,1545283549,84.99,51.449274,7.488422,253.64,11.95,0.00,177.80,0,-99,-9,0,0,39,0,0,157
9.01,1545283550,96.93,51.449152,7.488421,253.68,11.73,0.00,179.68,0,-100,-11,0,0,42,0,0,67
9.01,1545283550,96.93,51.449152,7.488421,253.68,11.73,0.00,179.68,0,-99,-10,0,0,39,0,0,157
10.14,1545283551,110.19,51.449035,7.488418,253.89,12.35,0.00,181.44,0,-100,-11,0,0,42,0,0,67
10.14,1545283551,110.19,51.449035,7.488418,253.89,12.35,0.00,181.44,0,-99,-10,0,0,39,0,0,157
11.11,1545283552,122.18,51.448922,7.488402,254.34,12.88,0.00,183.37,0,-104,-10,0,0,38,0,0,67
11.11,1545283552,122.19,51.448922,7.488402,254.34,12.88,0.00,183.37,0,-109,-12,0,0,36,0,0,271
11.11,1545283552,122.21,51.448922,7.488402,254.34,12.88,0.00,183.37,0,-109,-13,0,0,36,0,0,280
11.11,1545283552,122.22,51.448922,7.488402,254.34,12.88,0.00,183.37,0,-102,-10,0,0,36,0,0,157
12.11,1545283553,135.08,51.448802,7.488375,254.67,13.21,0.00,186.29,0,-104,-10,0,0,38,0,0,67
12.11,1545283553,135.09,51.448802,7.488375,254.67,13.21,0.00,186.29,0,-109,-12,0,0,36,0,0,271
12.11,1545283553,135.10,51.448802,7.488375,254.67,13.21,0.00,186.29,0,-109,-13,0,0,36,0,0,280
12.11,1545283553,135.12,51.448802,7.488375,254.67,13.21,0.00,186.29,0,-102,-10,0,0,36,0,0,157
13.10,1545283554,148.22,51.448684,7.488336,255.51,13.62,0.00,188.71,0,-106,-12,0,0,37,0,0,67
13.10,1545283554,148.22,51.448684,7.488336,255.51,13.62,0.00,188.71,0,-107,-11,0,0,36,0,0,271
13.10,1545283554,148.22,51.448684,7.488336,255.51,13.62,0.00,188.71,0,-109,-12,0,0,35,0,0,280
13.10,1545283554,148.23,51.448684,7.488336,255.51,13.62,0.00,188.71,0,-105,-10,0,0,34,0,0,157
13.10,1545283554,148.23,51.448684,7.488336,255.51,13.62,0.00,188.71,0,-108,-11,0,0,31,0,0,318
14.11,1545283555,161.90,51.448559,7.488293,255.94,13.61,0.00,190.34,0,-106,-12,0,0,37,0,0,67
14.11,1545283555,161.92,51.448559,7.488293,255.94,13.61,0.00,190.34,0,-107,-11,0,0,36,0,0,271
14.11,1545283555,161.92,51.448559,7.488293,255.94,13.61,0.00,190.34,0,-109,-12,0,0,35,0,0,280
14.11,1545283555,161.93,51.448559,7.488293,255.94,13.61,0.00,190.34,0,-105,-10,0,0,34,0,0,157
14.11,1545283555,161.94,51.448559,7.488293,255.94,13.61,0.00,190.34,0,-108,-11,0,0,31,0,0,318
15.12,1545283556,175.61,51.448430,7.488246,256.38,13.84,0.00,191.75,0,-107,-11,0,0,36,0,0,271
15.12,1545283556,175.62,51.448430,7.488246,256.38,13.84,0.00,191.75,0,-109,-14,0,0,36,0,0,195
15.12,1545283556,175.64,51.448430,7.488246,256.38,13.84,0.00,191.75,0,-111,-14,0,0,36,0,0,272
15.12,1545283556,175.64,51.448430,7.488246,256.38,13.84,0.00,191.75,0,-108,-11,0,0,32,0,0,157
15.12,1545283556,175.65,51.448430,7.488246,256.38,13.84,0.00,191.75,0,-109,-11,0,0,31,0,0,318
16.11,1545283557,189.38,51.448305,7.488194,256.82,13.78,0.00,192.81,0,-107,-11,0,0,36,0,0,271
16.11,1545283557,189.38,51.448305,7.488194,256.82,13.78,0.00,192.81,0,-109,-14,0,0,36,0,0,195
16.11,1545283557,189.39,51.448305,7.488194,256.82,13.78,0.00,192.81,0,-111,-14,0,0,36,0,0,272
16.11,1545283557,189.40,51.448305,7.488194,256.82,13.78,0.00,192.81,0,-108,-11,0,0,32,0,0,157
16.11,1545283557,189.42,51.448305,7.488194,256.82,13.78,0.00,192.81,0,-109,-11,0,0,31,0,0,318
17.11,1545283558,203.13,51.448188,7.488145,257.32,13.56,0.00,193.40,0,-107,-11,0,0,36,0,0,271
17.11,1545283558,203.14,51.448188,7.488145,257.32,13.56,0.00,193.40,0,-109,-14,0,0,36,0,0,195
17.11,1545283558,203.14,51.448188,7.488145,257.32,13.56,0.00,193.40,0,-111,-14,0,0,36,0,0,272
17.11,1545283558,203.15,51.448188,7.488145,257.32,13.56,0.00,193.40,0,-108,-11,0,0,32,0,0,157
17.11,1545283558,203.17,51.448188,7.488145,257.32,13.56,0.00,193.40,0,-109,-11,0,0,31,0,0,318
18.11,1545283559,216.68,51.448070,7.488095,257.86,13.53,0.00,193.85,0,-106,-9,0,0,35,0,0,271
18.11,1545283559,216.70,51.448070,7.488095,257.86,13.53,0.00,193.85,0,-110,-12,0,0,34,0,0,195
18.11,1545283559,216.70,51.448070,7.488095,257.86,13.53,0.00,193.85,0,-110,-13,0,0,35,0,0,272
18.11,1545283559,216.71,51.448070,7.488095,257.86,13.53,0.00,193.85,0,-108,-10,0,0,31,0,0,157
18.11,1545283559,216.72,51.448070,7.488095,257.86,13.53,0.00,193.85,0,-110,-10,0,0,29,0,0,318
19.11,1545283560,230.22,51.450729,7.491038,258.35,13.57,0.00,193.39,0,-106,-9,0,0,35,0,0,271
19.11,1545283560,230.24,51.450729,7.491038,258.35,13.57,0.00,193.39,0,-110,-12,0,0,34,0,0,195
19.11,1545283560,230.25,51.450729,7.491038,258.35,13.57,0.00,193.39,0,-110,-13,0,0,35,0,0,272
19.11,1545283560,230.25,51.450729,7.491038,258.35,13.57,0.00,193.39,0,-108,-10,0,0,31,0,0,157
19.11,1545283560,230.26,51.450729,7.491038,258.35,13.57,0.00,193.39,0,-110,-10,0,0,29,0,0,318
20.10,1545283561,243.72,51.447835,7.487995,258.59,13.06,0.00,192.42,0,-104,-8,0,0,36,0,0,271
20.10,1545283561,243.72,51.447835,7.487995,258.59,13.06,0.00,192.42,0,-108,-12,0,0,35,0,0,67
20.11,1545283561,243.73,51.447835,7.487995,258.59,13.06,0.00,192.42,0,-110,-13,0,0,35,0,0,195
20.11,1545283561,243.73,51.447835,7.487995,258.59,13.06,0.00,192.42,0,-108,-11,0,0,32,0,0,157
20.11,1545283561,243.73,51.447835,7.487995,258.59,13.06,0.00,192.42,0,-110,-11,0,0,29,0,0,318
21.21,1545283562,258.11,51.447717,7.487951,258.57,12.39,0.00,191.45,0,-104,-8,0,0,36,0,0,271
21.21,1545283562,258.11,51.447717,7.487951,258.57,12.39,0.00,191.45,0,-108,-12,0,0,35,0,0,67
21.21,1545283562,258.11,51.447717,7.487951,258.57,12.39,0.00,191.45,0,-110,-13,0,0,35,0,0,195
21.21,1545283562,258.13,51.447717,7.487951,258.57,12.39,0.00,191.45,0,-108,-11,0,0,32,0,0,157
21.21,1545283562,258.13,51.447717,7.487951,258.57,12.39,0.00,191.45,0,-110,-11,0,0,29,0,0,318
22.20,1545283563,270.48,51.447592,7.487915,258.97,13.52,0.00,189.10,0,-110,-14,0,0,36,0,0,195
22.21,1545283563,270.50,51.447592,7.487915,258.97,13.52,0.00,189.10,0,-111,-14,0,0,35,0,0,280
22.21,1545283563,270.50,51.447592,7.487915,258.97,13.52,0.00,189.10,0,-111,-16,0,0,36,0,0,272
22.21,1545283563,270.51,51.447592,7.487915,258.97,13.52,0.00,189.10,0,-97,-14,0,0,46,0,0,487
23.20,1545283564,284.00,51.447468,7.487886,259.34,13.42,0.00,187.15,0,-110,-14,0,0,36,0,0,195
23.20,1545283564,284.00,51.447468,7.487886,259.34,13.42,0.00,187.15,0,-111,-14,0,0,35,0,0,280
23.20,1545283564,284.00,51.447468,7.487886,259.34,13.42,0.00,187.15,0,-111,-16,0,0,36,0,0,272
23.21,1545283564,284.02,51.447468,7.487886,259.34,13.42,0.00,187.15,0,-97,-14,0,0,46,0,0,487
24.20,1545283565,297.42,51.447343,7.487863,259.49,13.13,0.00,185.88,0,-108,-13,0,0,37,0,0,272
24.20,1545283565,297.42,51.447343,7.487863,259.49,13.13,0.00,185.88,0,-108,-12,0,0,35,0,0,195
24.21,1545283565,297.43,51.447343,7.487863,259.49,13.13,0.00,185.88,0,-96,-11,0,0,44,0,0,487
25.20,1545283566,310.54,51.447219,7.487853,259.82,13.24,0.00,183.94,0,-108,-13,0,0,37,0,0,272
25.20,1545283566,310.56,51.447219,7.487853,259.82,13.24,0.00,183.94,0,-108,-12,0,0,35,0,0,195
25.20,1545283566,310.56,51.447219,7.487853,259.82,13.24,0.00,183.94,0,-96,-11,0,0,44,0,0,487
26.21,1545283567,323.83,51.447102,7.487861,259.91,13.18,0.00,182.23,0,-107,-13,0,0,38,0,0,272
26.21,1545283567,323.85,51.447102,7.487861,259.91,13.18,0.00,182.23,0,-94,-10,0,0,45,0,0,487
27.21,1545283568,337.01,51.446991,7.487881,260.08,13.37,0.00,179.41,0,-107,-13,0,0,38,0,0,272
27.21,1545283568,337.02,51.446991,7.487881,260.08,13.37,0.00,179.41,0,-94,-10,0,0,45,0,0,487
28.21,1545283569,350.39,51.446873,7.487943,260.03,14.05,0.00,165.85,0,-108,-12,0,0,36,0,0,195
28.21,1545283569,350.39,51.446873,7.487943,260.03,14.05,0.00,165.85,0,-111,-14,0,0,35,0,0,25
28.21,1545283569,350.40,51.446873,7.487943,260.03,14.05,0.00,165.85,0,-97,-12,0,0,44,0,0,487
29.21,1545283570,364.42,51.446738,7.488004,259.16,14.02,0.00,165.00,0,-108,-12,0,0,36,0,0,195
29.21,1545283570,364.44,51.446738,7.488004,259.16,14.02,0.00,165.00,0,-111,-14,0,0,35,0,0,25
29.21,1545283570,364.45,51.446738,7.488004,259.16,14.02,0.00,165.00,0,-97,-12,0,0,44,0,0,487
30.21,1545283571,378.46,51.446608,7.488084,258.34,14.40,0.00,163.01,0,-107,-12,0,0,37,0,0,272
30.21,1545283571,378.47,51.446608,7.488084,258.34,14.40,0.00,163.01,0,-110,-14,0,0,35,0,0,195
30.21,1545283571,378.49,51.446608,7.488084,258.34,14.40,0.00,163.01,0,-94,-12,0,0,46,0,0,487
31.21,1545283572,392.94,51.446488,7.488163,258.26,14.53,0.00,160.50,0,-107,-12,0,0,37,0,0,272
31.21,1545283572,392.96,51.446488,7.488163,258.26,14.53,0.00,160.50,0,-110,-14,0,0,35,0,0,195
31.22,1545283572,392.98,51.446488,7.488163,258.26,14.53,0.00,160.50,0,-94,-12,0,0,46,0,0,487
32.21,1545283573,407.41,51.446370,7.488254,258.36,14.58,0.00,157.93,0,-105,-11,0,0,38,0,0,272
32.21,1545283573,407.43,51.446370,7.488254,258.36,14.58,0.00,157.93,0,-107,-11,0,0,37,0,0,66
32.21,1545283573,407.44,51.446370,7.488254,258.36,14.58,0.00,157.93,0,-107,-12,0,0,38,0,0,67
32.21,1545283573,407.44,51.446370,7.488254,258.36,14.58,0.00,157.93,0,-91,-10,0,0,48,0,0,487
33.20,1545283574,421.93,51.446256,7.488352,258.86,14.63,0.00,155.13,0,-105,-11,0,0,38,0,0,272
33.21,1545283574,421.95,51.446256,7.488352,258.86,14.63,0.00,155.13,0,-107,-11,0,0,37,0,0,66
33.21,1545283574,421.95,51.446256,7.488352,258.86,14.63,0.00,155.13,0,-107,-12,0,0,38,0,0,67
33.21,1545283574,421.96,51.446256,7.488352,258.86,14.63,0.00,155.13,0,-91,-10,0,0,48,0,0,487
34.21,1545283575,436.62,51.446150,7.488459,259.47,14.66,0.00,152.07,0,-103,-12,0,0,41,0,0,66
34.21,1545283575,436.64,51.446150,7.488459,259.47,14.66,0.00,152.07,0,-104,-12,0,0,40,0,0,67
34.21,1545283575,436.64,51.446150,7.488459,259.47,14.66,0.00,152.07,0,-104,-12,0,0,40,0,0,272
34.21,1545283575,436.65,51.446150,7.488459,259.47,14.66,0.00,152.07,0,-91,-9,0,0,47,0,0,487
35.21,1545283576,451.30,51.446042,7.488582,259.67,14.90,0.00,149.16,0,-103,-12,0,0,41,0,0,66
35.21,1545283576,451.30,51.446042,7.488582,259.67,14.90,0.00,149.16,0,-104,-12,0,0,40,0,0,67
35.21,1545283576,451.31,51.446042,7.488582,259.67,14.90,0.00,149.16,0,-104,-12,0,0,40,0,0,272
35.21,1545283576,451.33,51.446042,7.488582,259.67,14.90,0.00,149.16,0,-91,-9,0,0,47,0,0,487
36.21,1545283577,466.18,51.445916,7.488734,260.54,15.12,0.00,145.60,0,-103,-10,0,0,39,0,0,272
36.21,1545283577,466.20,51.445916,7.488734,260.54,15.12,0.00,145.60,0,-105,-9,0,0,36,0,0,66
36.21,1545283577,466.20,51.445916,7.488734,260.54,15.12,0.00,145.60,0,-107,-11,0,0,36,0,0,67
36.21,1545283577,466.21,51.445916,7.488734,260.54,15.12,0.00,145.60,0,-90,-8,0,0,47,0,0,487
37.21,1545283578,481.29,51.445810,7.488882,261.69,15.16,0.00,142.31,0,-103,-10,0,0,39,0,0,272
37.21,1545283578,481.30,51.445810,7.488882,261.69,15.16,0.00,142.31,0,-105,-9,0,0,36,0,0,66
37.21,1545283578,481.30,51.445810,7.488882,261.69,15.16,0.00,142.31,0,-107,-11,0,0,36,0,0,67
37.21,1545283578,481.32,51.445810,7.488882,261.69,15.16,0.00,142.31,0,-90,-8,0,0,47,0,0,487
38.22,1545283579,496.58,51.445709,7.489046,263.13,15.20,0.00,138.91,0,-105,-8,0,0,35,0,0,66
38.22,1545283579,496.58,51.445709,7.489046,263.13,15.20,0.00,138.91,0,-105,-10,0,0,36,0,0,272
38.22,1545283579,496.60,51.445709,7.489046,263.13,15.20,0.00,138.91,0,-108,-12,0,0,35,0,0,67
38.22,1545283579,496.61,51.445709,7.489046,263.13,15.20,0.00,138.91,0,-93,-8,0,0,44,0,0,487
39.21,1545283580,511.65,51.445528,7.479498,264.54,15.24,0.00,135.98,0,-105,-8,0,0,35,0,0,66
39.21,1545283580,511.67,51.445528,7.479498,264.54,15.24,0.00,135.98,0,-105,-10,0,0,36,0,0,272
39.21,1545283580,511.67,51.445528,7.479498,264.54,15.24,0.00,135.98,0,-108,-12,0,0,35,0,0,67
39.21,1545283580,511.68,51.445528,7.479498,264.54,15.24,0.00,135.98,0,-93,-8,0,0,44,0,0,487
40.21,1545283581,526.89,51.445536,7.489402,266.25,15.11,0.00,133.82,0,-105,-8,0,0,35,0,0,66
40.21,1545283581,526.90,51.445536,7.489402,266.25,15.11,0.00,133.82,0,-105,-10,0,0,36,0,0,272
40.21,1545283581,526.90,51.445536,7.489402,266.25,15.11,0.00,133.82,0,-108,-12,0,0,35,0,0,67
40.21,1545283581,526.92,51.445536,7.489402,266.25,15.11,0.00,133.82,0,-93,-8,0,0,44,0,0,487
41.21,1545283582,542.00,51.445453,7.489590,267.52,15.35,0.00,131.90,0,-102,-7,0,0,36,0,0,66
41.21,1545283582,542.00,51.445453,7.489590,267.52,15.35,0.00,131.90,0,-106,-9,0,0,35,0,0,272
41.21,1545283582,542.02,51.445453,7.489590,267.52,15.35,0.00,131.90,0,-106,-12,0,0,36,0,0,67
41.21,1545283582,542.02,51.445453,7.489590,267.52,15.35,0.00,131.90,0,-95,-9,0,0,43,0,0,487
42.21,1545283583,557.39,51.445379,7.489770,268.30,15.54,0.00,130.48,0,-102,-7,0,0,36,0,0,66
42.21,1545283583,557.39,51.445379,7.489770,268.30,15.54,0.00,130.48,0,-106,-9,0,0,35,0,0,272
42.21,1545283583,557.40,51.445379,7.489770,268.30,15.54,0.00,130.48,0,-106,-12,0,0,36,0,0,67
42.21,1545283583,557.42,51.445379,7.489770,268.30,15.54,0.00,130.48,0,-95,-9,0,0,43,0,0,487
43.21,1545283584,572.88,51.445300,7.489962,269.01,15.39,0.00,129.09,0,-107,-10,0,0,35,0,0,272
43.21,1545283584,572.90,51.445300,7.489962,269.01,15.39,0.00,129.09,0,-108,-13,0,0,36,0,0,67
43.21,1545283584,572.90,51.445300,7.489962,269.01,15.39,0.00,129.09,0,-109,-13,0,0,36,0,0,271
43.21,1545283584,572.91,51.445300,7.489962,269.01,15.39,0.00,129.09,0,-107,-13,0,0,34,0,0,157
44.21,1545283585,588.30,51.445224,7.490142,269.63,15.26,0.00,128.42,0,-107,-10,0,0,35,0,0,272
44.21,1545283585,588.31,51.445224,7.490142,269.63,15.26,0.00,128.42,0,-108,-13,0,0,36,0,0,67
44.21,1545283585,588.33,51.445224,7.490142,269.63,15.26,0.00,128.42,0,-109,-13,0,0,36,0,0,271
44.21,1545283585,588.33,51.445224,7.490142,269.63,15.26,0.00,128.42,0,-107,-13,0,0,34,0,0,157
45.21,1545283586,603.55,51.445146,7.490327,270.00,15.00,0.00,127.96,0,-107,-11,0,0,37,0,0,272
45.21,1545283586,603.57,51.445146,7.490327,270.00,15.00,0.00,127.96,0,-110,-15,0,0,36,0,0,271
45.21,1545283586,603.58,51.445146,7.490327,270.00,15.00,0.00,127.96,0,-111,-15,0,0,36,0,0,67
45.21,1545283586,603.58,51.445146,7.490327,270.00,15.00,0.00,127.96,0,-110,-14,0,0,32,0,0,157
46.21,1545283587,618.56,51.445069,7.490505,270.65,14.61,0.00,127.76,0,-107,-11,0,0,37,0,0,272
46.21,1545283587,618.57,51.445069,7.490505,270.65,14.61,0.00,127.76,0,-110,-15,0,0,36,0,0,271
46.21,1545283587,618.57,51.445069,7.490505,270.65,14.61,0.00,127.76,0,-111,-15,0,0,36,0,0,67
46.21,1545283587,618.58,51.445069,7.490505,270.65,14.61,0.00,127.76,0,-110,-14,0,0,32,0,0,157
47.21,1545283588,633.16,51.444993,7.490679,271.37,14.14,0.00,127.45,0,-107,-10,0,0,35,0,0,272
47.21,1545283588,633.18,51.444993,7.490679,271.37,14.14,0.00,127.45,0,-111,-14,0,0,35,0,0,271
47.21,1545283588,633.19,51.444993,7.490679,271.37,14.14,0.00,127.45,0,-112,-16,0,0,35,0,0,67
47.21,1545283588,633.19,51.444993,7.490679,271.37,14.14,0.00,127.45,0,-110,-14,0,0,34,0,0,157
48.21,1545283589,647.30,51.444923,7.490846,272.12,13.82,0.00,127.79,0,-107,-10,0,0,35,0,0,272
48.21,1545283589,647.31,51.444923,7.490846,272.12,13.82,0.00,127.79,0,-111,-14,0,0,35,0,0,271
48.21,1545283589,647.33,51.444923,7.490846,272.12,13.82,0.00,127.79,0,-112,-16,0,0,35,0,0,67
48.21,1545283589,647.33,51.444923,7.490846,272.12,13.82,0.00,127.79,0,-110,-14,0,0,34,0,0,157
49.21,1545283590,661.07,51.444864,7.490987,272.43,11.04,0.00,126.79,0,-105,-9,0,0,36,0,0,272
50.21,1545283591,672.12,51.444811,7.491107,272.27,9.44,0.00,126.92,0,-105,-9,0,0,36,0,0,272
51.21,1545283592,681.58,51.444766,7.491209,272.11,8.04,0.00,126.90,0,-108,-8,0,0,33,0,0,272
51.21,1545283592,681.58,51.444766,7.491209,272.11,8.04,0.00,126.90,0,-114,-14,0,0,33,0,0,271
51.21,1545283592,681.58,51.444766,7.491209,272.11,8.04,0.00,126.90,0,-115,-15,0,0,31,0,0,288
51.21,1545283592,681.59,51.444766,7.491209,272.11,8.04,0.00,126.90,0,-113,-13,0,0,28,0,0,437
51.21,1545283592,681.60,51.444766,7.491209,272.11,8.04,0.00,126.90,0,-114,-12,0,0,26,0,0,103
52.21,1545283593,689.61,51.444723,7.491306,272.43,7.09,0.00,126.65,0,-108,-8,0,0,33,0,0,272
52.21,1545283593,689.61,51.444723,7.491306,272.43,7.09,0.00,126.65,0,-114,-14,0,0,33,0,0,271
52.21,1545283593,689.62,51.444723,7.491306,272.43,7.09,0.00,126.65,0,-115,-15,0,0,31,0,0,288
52.21,1545283593,689.63,51.444723,7.491306,272.43,7.09,0.00,126.65,0,-113,-13,0,0,28,0,0,437
52.21,1545283593,689.63,51.444723,7.491306,272.43,7.09,0.00,126.65,0,-114,-12,0,0,26,0,0,103
53.21,1545283594,696.68,51.444693,7.491378,272.93,5.04,0.00,127.20,0,-112,-12,0,0,31,0,0,25
53.21,1545283594,696.69,51.444693,7.491378,272.93,5.04,0.00,127.20,0,-114,-12,0,0,28,0,0,288
54.21,1545283595,701.72,51.444669,7.491440,273.33,4.63,0.00,127.49,0,-112,-12,0,0,31,0,0,25
54.21,1545283595,701.72,51.444669,7.491440,273.33,4.63,0.00,127.49,0,-114,-12,0,0,28,0,0,288
55.20,1545283596,706.33,51.444646,7.491493,273.80,4.61,0.00,127.38,0,-115,-13,0,0,29,0,0,25
55.20,1545283596,706.34,51.444646,7.491493,273.80,4.61,0.00,127.38,0,-116,-12,0,0,28,0,0,66
56.21,1545283597,710.96,51.444619,7.491551,274.18,5.16,0.00,127.09,0,-115,-13,0,0,29,0,0,25
56.21,1545283597,710.97,51.444619,7.491551,274.18,5.16,0.00,127.09,0,-116,-12,0,0,28,0,0,66
93.21,1545283634,1220.19,51.441070,7.487136,278.68,16.65,0.00,232.03,0,-74,-11,0,0,63,0,0,488
94.21,1545283635,1236.84,51.440985,7.486950,279.03,16.62,0.00,232.55,0,-74,-11,0,0,63,0,0,488
95.21,1545283636,1253.46,51.440894,7.486751,278.90,16.59,0.00,232.76,0,-87,-10,0,0,56,0,0,270
95.21,1545283636,1253.48,51.440894,7.486751,278.90,16.59,0.00,232.76,0,-69,-7,0,0,63,0,0,488
96.21,1545283637,1270.06,51.440806,7.486545,279.08,16.64,0.00,233.49,0,-87,-10,0,0,56,0,0,270
96.21,1545283637,1270.07,51.440806,7.486545,279.08,16.64,0.00,233.49,0,-69,-7,0,0,63,0,0,488
97.21,1545283638,1286.69,51.440719,7.486339,279.12,16.56,0.00,233.86,0,-83,-8,0,0,56,0,0,270
97.21,1545283638,1286.71,51.440719,7.486339,279.12,16.56,0.00,233.86,0,-64,-6,0,0,63,0,0,488
98.21,1545283639,1303.27,51.440637,7.486144,279.31,16.78,0.00,233.42,0,-83,-8,0,0,56,0,0,270
98.21,1545283639,1303.29,51.440637,7.486144,279.31,16.78,0.00,233.42,0,-64,-6,0,0,63,0,0,488
99.21,1545283640,1320.04,51.443246,7.494510,279.61,16.73,0.00,233.47,0,-85,-11,0,0,58,0,0,272
100.21,1545283641,1336.77,51.440467,7.485763,280.00,16.61,0.00,232.92,0,-85,-11,0,0,58,0,0,272
131.21,1545283672,1846.03,51.437991,7.479433,294.37,16.28,0.00,241.46,0,-104,-12,0,0,37,0,0,88
132.20,1545283673,1862.29,51.437918,7.479221,294.84,16.49,0.00,240.98,0,-104,-12,0,0,37,0,0,88
133.21,1545283674,1878.81,51.437844,7.479010,295.16,15.89,0.00,240.86,0,-101,-11,0,0,39,0,0,88
134.21,1545283675,1894.75,51.437781,7.478827,295.58,15.30,0.00,241.64,0,-101,-11,0,0,39,0,0,88
135.21,1545283676,1910.00,51.437711,7.478620,295.46,15.49,0.00,241.75,0,-107,-14,0,0,40,0,0,261
135.21,1545283676,1910.01,51.437711,7.478620,295.46,15.49,0.00,241.75,0,-99,-9,0,0,38,0,0,88
136.21,1545283677,1925.55,51.437644,7.478404,295.35,14.92,0.00,241.43,0,-107,-14,0,0,40,0,0,261
136.21,1545283677,1925.55,51.437644,7.478404,295.35,14.92,0.00,241.43,0,-99,-9,0,0,38,0,0,88
137.21,1545283678,1940.44,51.437584,7.478222,294.85,14.83,0.00,241.84,0,-108,-15,0,0,39,0,0,261
137.21,1545283678,1940.46,51.437584,7.478222,294.85,14.83,0.00,241.84,0,-110,-16,0,0,38,0,0,205
137.21,1545283678,1940.47,51.437584,7.478222,294.85,14.83,0.00,241.84,0,-97,-8,0,0,40,0,0,88
138.20,1545283679,1955.19,51.437519,7.478033,294.33,15.08,0.00,241.71,0,-108,-15,0,0,39,0,0,261
138.20,1545283679,1955.21,51.437519,7.478033,294.33,15.08,0.00,241.71,0,-110,-16,0,0,38,0,0,205
138.20,1545283679,1955.21,51.437519,7.478033,294.33,15.08,0.00,241.71,0,-97,-8,0,0,40,0,0,88
139.21,1545283680,1970.35,51.436094,7.477380,293.75,14.79,0.00,242.29,0,-111,-10,0,0,30,0,0,261
139.21,1545283680,1970.37,51.436094,7.477380,293.75,14.79,0.00,242.29,0,-111,-11,0,0,31,0,0,205
139.21,1545283680,1970.37,51.436094,7.477380,293.75,14.79,0.00,242.29,0,-98,-7,0,0,38,0,0,88
140.21,1545283681,1985.13,51.437399,7.477672,293.27,13.02,0.00,241.86,0,-111,-10,0,0,30,0,0,261
140.21,1545283681,1985.15,51.437399,7.477672,293.27,13.02,0.00,241.86,0,-111,-11,0,0,31,0,0,205
140.21,1545283681,1985.16,51.437399,7.477672,293.27,13.02,0.00,241.86,0,-98,-7,0,0,38,0,0,88
141.21,1545283682,1998.16,51.437341,7.477497,292.60,13.31,0.00,242.22,0,-108,-12,0,0,36,0,0,261
141.21,1545283682,1998.19,51.437341,7.477497,292.60,13.31,0.00,242.22,0,-111,-15,0,0,35,0,0,205
141.21,1545283682,1998.20,51.437341,7.477497,292.60,13.31,0.00,242.22,0,-97,-8,0,0,40,0,0,88
142.21,1545283683,2011.46,51.437282,7.477302,292.37,13.42,0.00,242.72,0,-108,-12,0,0,36,0,0,261
142.21,1545283683,2011.47,51.437282,7.477302,292.37,13.42,0.00,242.72,0,-111,-15,0,0,35,0,0,205
142.21,1545283683,2011.48,51.437282,7.477302,292.37,13.42,0.00,242.72,0,-97,-8,0,0,40,0,0,88
143.22,1545283684,2024.98,51.437227,7.477119,292.15,12.84,0.00,243.48,0,-108,-12,0,0,36,0,0,261
143.22,1545283684,2024.99,51.437227,7.477119,292.15,12.84,0.00,243.48,0,-112,-15,0,0,35,0,0,205
143.22,1545283684,2024.99,51.437227,7.477119,292.15,12.84,0.00,243.48,0,-98,-10,0,0,41,0,0,88
144.21,1545283685,2037.69,51.437183,7.476945,292.06,12.67,0.00,246.34,0,-108,-12,0,0,36,0,0,261
144.21,1545283685,2037.70,51.437183,7.476945,292.06,12.67,0.00,246.34,0,-112,-15,0,0,35,0,0,205
144.21,1545283685,2037.71,51.437183,7.476945,292.06,12.67,0.00,246.34,0,-98,-10,0,0,41,0,0,88
145.21,1545283686,2050.36,51.437150,7.476787,292.38,12.63,0.00,248.75,0,-108,-12,0,0,36,0,0,261
145.21,1545283686,2050.37,51.437150,7.476787,292.38,12.63,0.00,248.75,0,-112,-15,0,0,35,0,0,205
145.21,1545283686,2050.38,51.437150,7.476787,292.38,12.63,0.00,248.75,0,-98,-10,0,0,41,0,0,88
146.21,1545283687,2062.98,51.437139,7.476620,292.66,11.30,0.00,262.88,0,-111,-10,0,0,30,0,0,261
146.21,1545283687,2062.99,51.437139,7.476620,292.66,11.30,0.00,262.88,0,-98,-9,0,0,40,0,0,88
147.21,1545283688,2074.26,51.437148,7.476452,292.57,9.20,0.00,277.18,0,-111,-10,0,0,30,0,0,261
147.21,1545283688,2074.27,51.437148,7.476452,292.57,9.20,0.00,277.18,0,-98,-9,0,0,40,0,0,88
148.21,1545283689,2083.46,51.437166,7.476319,292.19,8.38,0.00,279.67,0,-101,-9,0,0,37,0,0,88
149.21,1545283690,2091.84,51.437226,7.476203,291.51,8.31,0.00,310.26,0,-101,-9,0,0,37,0,0,88
150.20,1545283691,2100.13,51.437297,7.476134,291.01,7.81,0.00,331.46,0,-98,-10,0,0,41,0,0,88
151.20,1545283692,2107.95,51.437383,7.476123,290.86,8.43,0.00,1.23,0,-98,-10,0,0,41,0,0,88
190.31,1545283731,2862.01,51.442010,7.484269,280.14,23.57,0.00,29.85,0,-90,-9,0,0,50,0,0,271
191.31,1545283732,2885.55,51.442203,7.484430,279.53,23.42,0.00,27.52,0,-90,-9,0,0,50,0,0,271
192.30,1545283733,2908.88,51.442391,7.484589,279.14,23.38,0.00,26.52,0,-91,-16,0,0,56,0,0,272
192.30,1545283733,2908.91,51.442391,7.484589,279.14,23.38,0.00,26.52,0,-91,-15,0,0,56,0,0,270
192.30,1545283733,2908.91,51.442391,7.484589,279.14,23.38,0.00,26.52,0,-76,-12,0,0,63,0,0,488
193.30,1545283734,2932.26,51.442579,7.484732,278.89,23.24,0.00,25.80,0,-91,-16,0,0,56,0,0,272
193.30,1545283734,2932.29,51.442579,7.484732,278.89,23.24,0.00,25.80,0,-91,-15,0,0,56,0,0,270
193.30,1545283734,2932.29,51.442579,7.484732,278.89,23.24,0.00,25.80,0,-76,-12,0,0,63,0,0,488
213.31,1545283754,3284.00,51.444494,7.487452,268.91,12.87,0.00,144.87,0,-73,-11,0,0,63,0,0,487
214.31,1545283755,3296.89,51.444385,7.487557,268.81,13.05,0.00,148.80,0,-73,-11,0,0,63,0,0,487
215.31,1545283756,3309.90,51.444258,7.487594,268.06,12.95,0.00,170.34,0,-66,-7,0,0,63,0,0,487
216.31,1545283757,3322.87,51.444131,7.487557,267.25,13.74,0.00,189.49,0,-66,-7,0,0,63,0,0,487
217.31,1545283758,3336.59,51.444012,7.487466,266.58,13.78,0.00,205.73,0,-66,-8,0,0,63,0,0,487
218.31,1545283759,3350.37,51.443908,7.487333,265.90,13.59,0.00,220.17,0,-66,-8,0,0,63,0,0,487
219.31,1545283760,3364.01,51.445528,7.479498,265.31,13.70,0.00,238.38,0,-69,-8,0,0,63,0,0,487
220.30,1545283761,3377.65,51.443788,7.486963,265.08,14.41,0.00,257.12,0,-69,-8,0,0,63,0,0,487
221.31,1545283762,3392.14,51.443758,7.486774,264.89,14.43,0.00,259.25,0,-76,-13,0,0,63,0,0,487
222.30,1545283763,3406.45,51.443738,7.486566,264.60,15.05,0.00,262.27,0,-76,-13,0,0,63,0,0,487
244.40,1545283785,3901.62,51.443471,7.479050,262.12,26.27,0.00,262.61,0,-88,-11,0,0,52,0,0,488
245.40,1545283786,3927.91,51.443439,7.478670,261.76,26.80,0.00,262.68,0,-88,-11,0,0,52,0,0,488
246.40,1545283787,3954.63,51.443408,7.478281,261.39,27.38,0.00,262.77,0,-83,-9,0,0,55,0,0,488
247.40,1545283788,3982.01,51.443376,7.477883,261.03,27.94,0.00,262.73,0,-83,-9,0,0,55,0,0,488
248.40,1545283789,4009.95,51.443343,7.477478,260.69,28.42,0.00,262.23,0,-80,-9,0,0,58,0,0,488
249.40,1545283790,4038.37,51.443311,7.477074,260.30,28.31,0.00,261.93,0,-80,-9,0,0,58,0,0,488
250.40,1545283791,4066.68,51.443278,7.476674,259.83,28.12,0.00,261.86,0,-81,-9,0,0,56,0,0,488
251.40,1545283792,4094.80,51.443244,7.476273,259.24,27.99,0.00,261.82,0,-81,-9,0,0,56,0,0,488
252.40,1545283793,4122.85,51.443204,7.475876,258.48,27.82,0.00,261.11,0,-91,-12,0,0,54,0,0,270
252.40,1545283793,4122.85,51.443204,7.475876,258.48,27.82,0.00,261.11,0,-80,-8,0,0,57,0,0,488
253.40,1545283794,4150.69,51.443166,7.475484,257.77,27.67,0.00,260.83,0,-91,-12,0,0,54,0,0,270
253.40,1545283794,4150.69,51.443166,7.475484,257.77,27.67,0.00,260.83,0,-80,-8,0,0,57,0,0,488
254.41,1545283795,4178.61,51.443121,7.475094,257.18,27.85,0.00,259.90,0,-92,-10,0,0,49,0,0,270
254.41,1545283795,4178.64,51.443121,7.475094,257.18,27.85,0.00,259.90,0,-82,-8,0,0,55,0,0,488
255.40,1545283796,4206.12,51.443077,7.474700,256.59,28.04,0.00,259.11,0,-92,-10,0,0,49,0,0,270
255.40,1545283796,4206.12,51.443077,7.474700,256.59,28.04,0.00,259.11,0,-82,-8,0,0,55,0,0,488
256.40,1545283797,4234.16,51.443035,7.474314,255.79,28.34,0.00,259.04,0,-92,-10,0,0,49,0,0,270
256.40,1545283797,4234.16,51.443035,7.474314,255.79,28.34,0.00,259.04,0,-82,-8,0,0,55,0,0,488
257.40,1545283798,4262.59,51.442986,7.473906,255.11,28.66,0.00,258.93,0,-105,-10,0,0,36,0,0,155
257.40,1545283798,4262.59,51.442986,7.473906,255.11,28.66,0.00,258.93,0,-107,-11,0,0,36,0,0,376
257.40,1545283798,4262.62,51.442986,7.473906,255.11,28.66,0.00,258.93,0,-108,-12,0,0,35,0,0,195
257.40,1545283798,4262.62,51.442986,7.473906,255.11,28.66,0.00,258.93,0,-102,-10,0,0,37,0,0,488
258.40,1545283799,4291.19,51.442932,7.473493,254.36,29.15,0.00,258.39,0,-105,-10,0,0,36,0,0,155
258.40,1545283799,4291.19,51.442932,7.473493,254.36,29.15,0.00,258.39,0,-107,-11,0,0,36,0,0,376
258.40,1545283799,4291.19,51.442932,7.473493,254.36,29.15,0.00,258.39,0,-108,-12,0,0,35,0,0,195
258.40,1545283799,4291.22,51.442932,7.473493,254.36,29.15,0.00,258.39,0,-102,-10,0,0,37,0,0,488
259.40,1545283800,4320.28,51.442876,7.473080,253.79,29.68,0.00,258.13,0,-104,-9,0,0,37,0,0,195
260.41,1545283801,4350.17,51.442820,7.472659,253.30,30.56,0.00,257.59,0,-104,-9,0,0,37,0,0,195
263.40,1545283804,4443.84,51.442637,7.471337,252.26,32.69,0.00,258.16,0,-113,-12,0,0,30,0,0,271
263.40,1545283804,4443.84,51.442637,7.471337,252.26,32.69,0.00,258.16,0,-115,-15,0,0,32,0,0,195
264.41,1545283805,4476.70,51.442577,7.470884,251.78,32.76,0.00,258.50,0,-113,-12,0,0,30,0,0,271
264.41,1545283805,4476.73,51.442577,7.470884,251.78,32.76,0.00,258.50,0,-115,-15,0,0,32,0,0,195
265.40,1545283806,4509.26,51.442515,7.470430,251.38,32.76,0.00,258.78,0,-113,-12,0,0,31,0,0,195
266.40,1545283807,4542.02,51.442454,7.469977,251.03,32.64,0.00,258.40,0,-113,-12,0,0,31,0,0,195
267.40,1545283808,4574.79,51.442394,7.469518,250.78,32.66,0.00,258.02,0,-111,-10,0,0,31,0,0,195
268.40,1545283809,4607.32,51.442332,7.469056,250.52,32.81,0.00,258.19,0,-111,-10,0,0,31,0,0,195
269.41,1545283810,4640.29,51.442270,7.468591,250.06,32.95,0.00,258.23,0,-109,-8,0,0,31,0,0,195
269.41,1545283810,4640.29,51.442270,7.468591,250.06,32.95,0.00,258.23,0,-113,-14,0,0,33,0,0,249
270.40,1545283811,4673.08,51.442209,7.468124,249.66,33.09,0.00,258.63,0,-109,-8,0,0,31,0,0,195
270.40,1545283811,4673.11,51.442209,7.468124,249.66,33.09,0.00,258.63,0,-113,-14,0,0,33,0,0,249
271.41,1545283812,4706.33,51.442150,7.467664,248.93,33.10,0.00,258.39,0,-108,-10,0,0,34,0,0,195
271.41,1545283812,4706.36,51.442150,7.467664,248.93,33.10,0.00,258.39,0,-113,-16,0,0,35,0,0,249
272.40,1545283813,4739.26,51.442092,7.467203,248.01,32.98,0.00,258.99,0,-108,-10,0,0,34,0,0,195
272.40,1545283813,4739.26,51.442092,7.467203,248.01,32.98,0.00,258.99,0,-113,-16,0,0,35,0,0,249
288.40,1545283829,5252.83,51.441539,7.459871,235.41,32.67,0.00,267.40,0,-107,-10,0,0,33,0,0,376
288.40,1545283829,5252.83,51.441539,7.459871,235.41,32.67,0.00,267.40,0,-109,-11,0,0,35,0,0,270
289.40,1545283830,5285.59,51.441522,7.459410,234.75,32.20,0.00,267.83,0,-107,-10,0,0,33,0,0,376
289.40,1545283830,5285.59,51.441522,7.459410,234.75,32.20,0.00,267.83,0,-109,-11,0,0,35,0,0,270
290.40,1545283831,5317.67,51.441513,7.458952,234.17,31.42,0.00,268.03,0,-105,-8,0,0,36,0,0,270
290.40,1545283831,5317.67,51.441513,7.458952,234.17,31.42,0.00,268.03,0,-106,-9,0,0,34,0,0,376
291.40,1545283832,5349.15,51.441507,7.458501,233.88,31.39,0.00,268.73,0,-105,-8,0,0,36,0,0,270
291.40,1545283832,5349.18,51.441507,7.458501,233.88,31.39,0.00,268.73,0,-106,-9,0,0,34,0,0,376
292.40,1545283833,5380.54,51.441505,7.458046,233.53,31.52,0.00,269.16,0,-103,-9,0,0,38,0,0,270
292.40,1545283833,5380.54,51.441505,7.458046,233.53,31.52,0.00,269.16,0,-105,-9,0,0,36,0,0,376
293.41,1545283834,5412.28,51.441504,7.457592,232.90,31.79,0.00,269.76,0,-103,-9,0,0,38,0,0,270
293.41,1545283834,5412.31,51.441504,7.457592,232.90,31.79,0.00,269.76,0,-105,-9,0,0,36,0,0,376
294.41,1545283835,5443.98,51.441503,7.457127,232.42,31.97,0.00,269.93,0,-102,-9,0,0,40,0,0,376
294.41,1545283835,5443.98,51.441503,7.457127,232.42,31.97,0.00,269.93,0,-102,-9,0,0,40,0,0,270
295.41,1545283836,5475.92,51.441507,7.456668,231.95,31.72,0.00,270.52,0,-102,-9,0,0,40,0,0,376
295.41,1545283836,5475.95,51.441507,7.456668,231.95,31.72,0.00,270.52,0,-102,-9,0,0,40,0,0,270
296.41,1545283837,5507.89,51.441511,7.456208,231.55,31.65,0.00,270.68,0,-103,-7,0,0,36,0,0,376
297.40,1545283838,5539.26,51.441516,7.455756,231.15,31.14,0.00,271.08,0,-103,-7,0,0,36,0,0,376
298.40,1545283839,5570.33,51.441523,7.455310,230.99,30.83,0.00,271.39,0,-103,-7,0,0,36,0,0,376
299.40,1545283840,5601.23,51.441536,7.454864,230.63,30.94,0.00,272.19,0,-93,-6,0,0,44,0,0,376
300.40,1545283841,5632.04,51.441549,7.454428,230.19,30.77,0.00,272.68,0,-93,-6,0,0,44,0,0,376
372.40,1545283913,7803.06,51.448904,7.426480,181.71,32.39,0.00,325.30,0,-92,-9,0,0,49,0,0,49
373.40,1545283914,7835.45,51.449151,7.426223,180.49,32.59,0.00,326.32,0,-92,-9,0,0,49,0,0,49
374.40,1545283915,7868.05,51.449401,7.425970,179.32,32.93,0.00,327.64,0,-97,-7,0,0,41,0,0,49
375.40,1545283916,7901.11,51.449654,7.425731,178.11,33.08,0.00,329.27,0,-97,-7,0,0,41,0,0,49
380.41,1545283921,8068.24,51.450990,7.424663,171.34,33.52,0.00,336.15,0,-99,-10,0,0,43,0,0,49
380.41,1545283921,8068.28,51.450990,7.424663,171.34,33.52,0.00,336.15,0,-101,-11,0,0,43,0,0,414
380.41,1545283921,8068.31,51.450990,7.424663,171.34,33.52,0.00,336.15,0,-103,-12,0,0,41,0,0,26
381.40,1545283922,8101.63,51.451268,7.424479,170.02,33.01,0.00,337.75,0,-99,-10,0,0,43,0,0,49
381.40,1545283922,8101.63,51.451268,7.424479,170.02,33.01,0.00,337.75,0,-101,-11,0,0,43,0,0,414
381.40,1545283922,8101.63,51.451268,7.424479,170.02,33.01,0.00,337.75,0,-103,-12,0,0,41,0,0,26
382.41,1545283923,8134.97,51.451540,7.424309,169.08,32.50,0.00,338.78,0,-101,-11,0,0,41,0,0,414
382.41,1545283923,8134.97,51.451540,7.424309,169.08,32.50,0.00,338.78,0,-101,-10,0,0,41,0,0,26
382.41,1545283923,8135.00,51.451540,7.424309,169.08,32.50,0.00,338.78,0,-102,-11,0,0,42,0,0,249
382.41,1545283923,8135.00,51.451540,7.424309,169.08,32.50,0.00,338.78,0,-87,-7,0,0,48,0,0,212
382.41,1545283923,8135.03,51.451540,7.424309,169.08,32.50,0.00,338.78,0,-89,-8,0,0,49,0,0,287
383.40,1545283924,8167.24,51.451811,7.424150,168.20,32.18,0.00,339.96,0,-101,-11,0,0,41,0,0,414
383.41,1545283924,8167.27,51.451811,7.424150,168.20,32.18,0.00,339.96,0,-101,-10,0,0,41,0,0,26
383.41,1545283924,8167.27,51.451811,7.424150,168.20,32.18,0.00,339.96,0,-102,-11,0,0,42,0,0,249
383.41,1545283924,8167.30,51.451811,7.424150,168.20,32.18,0.00,339.96,0,-87,-7,0,0,48,0,0,212
383.41,1545283924,8167.30,51.451811,7.424150,168.20,32.18,0.00,339.96,0,-89,-8,0,0,49,0,0,287
384.41,1545283925,8199.48,51.452083,7.423996,167.38,32.25,0.00,340.62,0,-101,-11,0,0,41,0,0,414
384.41,1545283925,8199.51,51.452083,7.423996,167.38,32.25,0.00,340.62,0,-101,-10,0,0,41,0,0,26
384.41,1545283925,8199.51,51.452083,7.423996,167.38,32.25,0.00,340.62,0,-102,-11,0,0,42,0,0,249
384.41,1545283925,8199.54,51.452083,7.423996,167.38,32.25,0.00,340.62,0,-87,-7,0,0,48,0,0,212
384.41,1545283925,8199.58,51.452083,7.423996,167.38,32.25,0.00,340.62,0,-89,-8,0,0,49,0,0,287
385.41,1545283926,8231.79,51.452365,7.423847,166.61,32.60,0.00,341.48,0,-104,-11,0,0,39,0,0,375
385.41,1545283926,8231.79,51.452365,7.423847,166.61,32.60,0.00,341.48,0,-105,-12,0,0,38,0,0,249
385.41,1545283926,8231.82,51.452365,7.423847,166.61,32.60,0.00,341.48,0,-106,-13,0,0,39,0,0,49
385.41,1545283926,8231.86,51.452365,7.423847,166.61,32.60,0.00,341.48,0,-101,-10,0,0,38,0,0,209
385.41,1545283926,8231.89,51.452365,7.423847,166.61,32.60,0.00,341.48,0,-101,-10,0,0,38,0,0,424
386.41,1545283927,8264.39,51.452642,7.423703,165.65,32.42,0.00,342.37,0,-104,-11,0,0,39,0,0,375
386.41,1545283927,8264.39,51.452642,7.423703,165.65,32.42,0.00,342.37,0,-105,-12,0,0,38,0,0,249
386.41,1545283927,8264.43,51.452642,7.423703,165.65,32.42,0.00,342.37,0,-106,-13,0,0,39,0,0,49
386.41,1545283927,8264.46,51.452642,7.423703,165.65,32.42,0.00,342.37,0,-101,-10,0,0,38,0,0,209
386.41,1545283927,8264.46,51.452642,7.423703,165.65,32.42,0.00,342.37,0,-101,-10,0,0,38,0,0,424
387.40,1545283928,8296.69,51.452924,7.423568,164.67,32.16,0.00,342.88,0,-99,-11,0,0,44,0,0,97
387.40,1545283928,8296.69,51.452924,7.423568,164.67,32.16,0.00,342.88,0,-100,-12,0,0,44,0,0,49
387.40,1545283928,8296.69,51.452924,7.423568,164.67,32.16,0.00,342.88,0,-102,-14,0,0,44,0,0,35
387.41,1545283928,8296.72,51.452924,7.423568,164.67,32.16,0.00,342.88,0,-102,-12,0,0,38,0,0,270
387.41,1545283928,8296.72,51.452924,7.423568,164.67,32.16,0.00,342.88,0,-104,-11,0,0,36,0,0,209
388.40,1545283929,8328.82,51.453199,7.423436,163.79,31.96,0.00,342.90,0,-99,-11,0,0,44,0,0,97
388.40,1545283929,8328.82,51.453199,7.423436,163.79,31.96,0.00,342.90,0,-100,-12,0,0,44,0,0,49
388.40,1545283929,8328.82,51.453199,7.423436,163.79,31.96,0.00,342.90,0,-102,-14,0,0,44,0,0,35
388.40,1545283929,8328.85,51.453199,7.423436,163.79,31.96,0.00,342.90,0,-102,-12,0,0,38,0,0,270
388.40,1545283929,8328.85,51.453199,7.423436,163.79,31.96,0.00,342.90,0,-104,-11,0,0,36,0,0,209
389.40,1545283930,8360.78,51.453471,7.423307,163.05,31.81,0.00,343.21,0,-101,-16,0,0,47,0,0,35
389.40,1545283930,8360.78,51.453471,7.423307,163.05,31.81,0.00,343.21,0,-101,-15,0,0,47,0,0,97
389.40,1545283930,8360.78,51.453471,7.423307,163.05,31.81,0.00,343.21,0,-102,-17,0,0,47,0,0,375
390.40,1545283931,8392.46,51.453746,7.423177,162.44,31.63,0.00,343.73,0,-101,-16,0,0,47,0,0,35
390.40,1545283931,8392.49,51.453746,7.423177,162.44,31.63,0.00,343.73,0,-101,-15,0,0,47,0,0,97
390.40,1545283931,8392.49,51.453746,7.423177,162.44,31.63,0.00,343.73,0,-102,-17,0,0,47,0,0,375
391.40,1545283932,8424.15,51.454014,7.423058,161.74,31.28,0.00,344.01,0,-101,-12,0,0,43,0,0,370
391.40,1545283932,8424.18,51.454014,7.423058,161.74,31.28,0.00,344.01,0,-102,-13,0,0,43,0,0,414
391.40,1545283932,8424.18,51.454014,7.423058,161.74,31.28,0.00,344.01,0,-103,-13,0,0,43,0,0,97
391.40,1545283932,8424.18,51.454014,7.423058,161.74,31.28,0.00,344.01,0,-86,-7,0,0,50,0,0,287
392.40,1545283933,8455.43,51.454278,7.422940,161.02,30.76,0.00,343.82,0,-101,-12,0,0,43,0,0,370
392.40,1545283933,8455.46,51.454278,7.422940,161.02,30.76,0.00,343.82,0,-102,-13,0,0,43,0,0,414
392.40,1545283933,8455.46,51.454278,7.422940,161.02,30.76,0.00,343.82,0,-103,-13,0,0,43,0,0,97
392.40,1545283933,8455.46,51.454278,7.422940,161.02,30.76,0.00,343.82,0,-86,-7,0,0,50,0,0,287
393.40,1545283934,8486.25,51.454543,7.422822,160.27,30.55,0.00,343.66,0,-96,-7,0,0,43,0,0,249
393.40,1545283934,8486.25,51.454543,7.422822,160.27,30.55,0.00,343.66,0,-98,-11,0,0,44,0,0,35
393.40,1545283934,8486.25,51.454543,7.422822,160.27,30.55,0.00,343.66,0,-103,-14,0,0,43,0,0,414
393.40,1545283934,8486.28,51.454543,7.422822,160.27,30.55,0.00,343.66,0,-88,-7,0,0,48,0,0,287
394.40,1545283935,8516.80,51.454803,7.422705,159.40,30.40,0.00,343.36,0,-96,-7,0,0,43,0,0,249
394.40,1545283935,8516.80,51.454803,7.422705,159.40,30.40,0.00,343.36,0,-98,-11,0,0,44,0,0,35
394.40,1545283935,8516.83,51.454803,7.422705,159.40,30.40,0.00,343.36,0,-103,-14,0,0,43,0,0,414
394.40,1545283935,8516.83,51.454803,7.422705,159.40,30.40,0.00,343.36,0,-88,-7,0,0,48,0,0,287
395.40,1545283936,8547.14,51.455066,7.422586,158.60,30.34,0.00,343.25,0,-95,-8,0,0,45,0,0,249
395.40,1545283936,8547.14,51.455066,7.422586,158.60,30.34,0.00,343.25,0,-95,-9,0,0,44,0,0,424
395.40,1545283936,8547.14,51.455066,7.422586,158.60,30.34,0.00,343.25,0,-98,-11,0,0,42,0,0,210
396.41,1545283937,8577.63,51.455327,7.422457,157.95,30.09,0.00,342.71,0,-95,-8,0,0,45,0,0,249
396.41,1545283937,8577.63,51.455327,7.422457,157.95,30.09,0.00,342.71,0,-95,-9,0,0,44,0,0,424
396.41,1545283937,8577.66,51.455327,7.422457,157.95,30.09,0.00,342.71,0,-98,-11,0,0,42,0,0,210
397.40,1545283938,8607.57,51.455586,7.422329,157.38,29.99,0.00,342.34,0,-94,-10,0,0,49,0,0,414
397.40,1545283938,8607.57,51.455586,7.422329,157.38,29.99,0.00,342.34,0,-94,-13,0,0,50,0,0,35
397.40,1545283938,8607.57,51.455586,7.422329,157.38,29.99,0.00,342.34,0,-95,-10,0,0,48,0,0,249
397.40,1545283938,8607.60,51.455586,7.422329,157.38,29.99,0.00,342.34,0,-91,-11,0,0,48,0,0,210
397.40,1545283938,8607.60,51.455586,7.422329,157.38,29.99,0.00,342.34,0,-94,-12,0,0,48,0,0,104
398.40,1545283939,8637.55,51.455839,7.422195,156.78,29.96,0.00,341.42,0,-94,-10,0,0,49,0,0,414
398.40,1545283939,8637.55,51.455839,7.422195,156.78,29.96,0.00,341.42,0,-94,-13,0,0,50,0,0,35
398.40,1545283939,8637.58,51.455839,7.422195,156.78,29.96,0.00,341.42,0,-95,-10,0,0,48,0,0,249
398.40,1545283939,8637.58,51.455839,7.422195,156.78,29.96,0.00,341.42,0,-91,-11,0,0,48,0,0,210
398.40,1545283939,8637.58,51.455839,7.422195,156.78,29.96,0.00,341.42,0,-94,-12,0,0,48,0,0,104
399.40,1545283940,8667.52,51.456093,7.422059,156.14,29.99,0.00,340.60,0,-92,-11,0,0,50,0,0,35
399.40,1545283940,8667.52,51.456093,7.422059,156.14,29.99,0.00,340.60,0,-94,-10,0,0,49,0,0,26
399.40,1545283940,8667.55,51.456093,7.422059,156.14,29.99,0.00,340.60,0,-95,-11,0,0,49,0,0,49
399.40,1545283940,8667.55,51.456093,7.422059,156.14,29.99,0.00,340.60,0,-96,-12,0,0,44,0,0,270
399.40,1545283940,8667.55,51.456093,7.422059,156.14,29.99,0.00,340.60,0,-97,-10,0,0,42,0,0,104
400.41,1545283941,8697.75,51.456344,7.421913,155.44,30.03,0.00,339.90,0,-92,-11,0,0,50,0,0,35
400.41,1545283941,8697.78,51.456344,7.421913,155.44,30.03,0.00,339.90,0,-94,-10,0,0,49,0,0,26
400.41,1545283941,8697.84,51.456344,7.421913,155.44,30.03,0.00,339.90,0,-95,-11,0,0,49,0,0,49
400.41,1545283941,8697.87,51.456344,7.421913,155.44,30.03,0.00,339.90,0,-96,-12,0,0,44,0,0,270
400.41,1545283941,8697.90,51.456344,7.421913,155.44,30.03,0.00,339.90,0,-97,-10,0,0,42,0,0,104
401.40,1545283942,8727.53,51.456597,7.421764,154.77,30.04,0.00,339.06,0,-91,-13,0,0,53,0,0,35
401.40,1545283942,8727.56,51.456597,7.421764,154.77,30.04,0.00,339.06,0,-92,-12,0,0,54,0,0,414
401.40,1545283942,8727.56,51.456597,7.421764,154.77,30.04,0.00,339.06,0,-93,-11,0,0,47,0,0,270
401.40,1545283942,8727.56,51.456597,7.421764,154.77,30.04,0.00,339.06,0,-95,-11,0,0,47,0,0,210
402.40,1545283943,8757.58,51.456849,7.421603,154.19,30.18,0.00,338.25,0,-91,-13,0,0,53,0,0,35
402.40,1545283943,8757.58,51.456849,7.421603,154.19,30.18,0.00,338.25,0,-92,-12,0,0,54,0,0,414
402.40,1545283943,8757.61,51.456849,7.421603,154.19,30.18,0.00,338.25,0,-93,-11,0,0,47,0,0,270
402.40,1545283943,8757.61,51.456849,7.421603,154.19,30.18,0.00,338.25,0,-95,-11,0,0,47,0,0,210
403.41,1545283944,8788.03,51.457101,7.421439,153.72,30.32,0.00,337.36,0,-94,-13,0,0,53,0,0,375
403.41,1545283944,8788.06,51.457101,7.421439,153.72,30.32,0.00,337.36,0,-95,-15,0,0,52,0,0,370
403.41,1545283944,8788.06,51.457101,7.421439,153.72,30.32,0.00,337.36,0,-96,-14,0,0,52,0,0,414
403.41,1545283944,8788.06,51.457101,7.421439,153.72,30.32,0.00,337.36,0,-92,-11,0,0,47,0,0,114
403.41,1545283944,8788.09,51.457101,7.421439,153.72,30.32,0.00,337.36,0,-95,-12,0,0,46,0,0,209
404.41,1545283945,8818.29,51.457355,7.421264,153.31,30.50,0.00,336.46,0,-94,-13,0,0,53,0,0,375
404.41,1545283945,8818.29,51.457355,7.421264,153.31,30.50,0.00,336.46,0,-95,-15,0,0,52,0,0,370
404.41,1545283945,8818.32,51.457355,7.421264,153.31,30.50,0.00,336.46,0,-96,-14,0,0,52,0,0,414
404.41,1545283945,8818.35,51.457355,7.421264,153.31,30.50,0.00,336.46,0,-92,-11,0,0,47,0,0,114
404.41,1545283945,8818.35,51.457355,7.421264,153.31,30.50,0.00,336.46,0,-95,-12,0,0,46,0,0,209
405.41,1545283946,8848.76,51.457612,7.421086,153.01,30.82,0.00,335.52,0,-94,-13,0,0,53,0,0,375
405.41,1545283946,8848.76,51.457612,7.421086,153.01,30.82,0.00,335.52,0,-95,-15,0,0,52,0,0,370
405.41,1545283946,8848.79,51.457612,7.421086,153.01,30.82,0.00,335.52,0,-96,-14,0,0,52,0,0,414
405.41,1545283946,8848.82,51.457612,7.421086,153.01,30.82,0.00,335.52,0,-92,-11,0,0,47,0,0,114
405.41,1545283946,8848.82,51.457612,7.421086,153.01,30.82,0.00,335.52,0,-95,-12,0,0,46,0,0,209
406.40,1545283947,8879.37,51.457866,7.420895,152.79,31.12,0.00,334.51,0,-87,-8,0,0,47,0,0,114
407.40,1545283948,8910.55,51.458116,7.420705,152.48,31.32,0.00,333.97,0,-87,-8,0,0,47,0,0,114
408.40,1545283949,8941.81,51.458367,7.420500,152.17,31.13,0.00,332.92,0,-94,-9,0,0,45,0,0,209
409.40,1545283950,8972.93,51.458614,7.420296,151.96,30.86,0.00,331.98,0,-94,-9,0,0,45,0,0,209
410.42,1545283951,9004.38,51.458855,7.420087,151.85,30.60,0.00,331.34,0,-88,-9,0,0,52,0,0,370
411.40,1545283952,9034.44,51.459097,7.419880,151.89,30.42,0.00,330.48,0,-88,-9,0,0,52,0,0,370
412.40,1545283953,9064.85,51.459330,7.419662,151.84,30.35,0.00,329.31,0,-87,-10,0,0,54,0,0,375
412.40,1545283953,9064.85,51.459330,7.419662,151.84,30.35,0.00,329.31,0,-90,-13,0,0,56,0,0,370
413.40,1545283954,9095.17,51.459564,7.419440,151.77,30.33,0.00,328.34,0,-87,-10,0,0,54,0,0,375
413.40,1545283954,9095.17,51.459564,7.419440,151.77,30.33,0.00,328.34,0,-90,-13,0,0,56,0,0,370
414.40,1545283955,9125.53,51.459794,7.419209,151.69,30.42,0.00,327.78,0,-83,-16,0,0,63,0,0,375
414.40,1545283955,9125.53,51.459794,7.419209,151.69,30.42,0.00,327.78,0,-88,-18,0,0,62,0,0,370
414.40,1545283955,9125.56,51.459794,7.419209,151.69,30.42,0.00,327.78,0,-89,-20,0,0,63,0,0,249
414.40,1545283955,9125.56,51.459794,7.419209,151.69,30.42,0.00,327.78,0,-84,-17,0,0,62,0,0,209
414.40,1545283955,9125.59,51.459794,7.419209,151.69,30.42,0.00,327.78,0,-85,-16,0,0,61,0,0,114
415.41,1545283956,9156.07,51.460027,7.418967,151.48,30.65,0.00,326.77,0,-83,-16,0,0,63,0,0,375
415.41,1545283956,9156.10,51.460027,7.418967,151.48,30.65,0.00,326.77,0,-88,-18,0,0,62,0,0,370
415.41,1545283956,9156.13,51.460027,7.418967,151.48,30.65,0.00,326.77,0,-89,-20,0,0,63,0,0,249
415.41,1545283956,9156.13,51.460027,7.418967,151.48,30.65,0.00,326.77,0,-84,-17,0,0,62,0,0,209
415.41,1545283956,9156.16,51.460027,7.418967,151.48,30.65,0.00,326.77,0,-85,-16,0,0,61,0,0,114
418.40,1545283959,9248.09,51.460714,7.418209,150.97,30.67,0.00,324.17,0,-85,-6,0,0,54,0,0,375
418.40,1545283959,9248.09,51.460714,7.418209,150.97,30.67,0.00,324.17,0,-89,-8,0,0,49,0,0,209
418.40,1545283959,9248.09,51.460714,7.418209,150.97,30.67,0.00,324.17,0,-90,-11,0,0,52,0,0,114
419.40,1545283960,9278.72,51.460931,7.417950,150.92,30.65,0.00,323.14,0,-85,-6,0,0,54,0,0,375
419.40,1545283960,9278.72,51.460931,7.417950,150.92,30.65,0.00,323.14,0,-89,-8,0,0,49,0,0,209
419.40,1545283960,9278.75,51.460931,7.417950,150.92,30.65,0.00,323.14,0,-90,-11,0,0,52,0,0,114
420.40,1545283961,9309.37,51.461149,7.417687,150.89,30.70,0.00,322.63,0,-77,-5,0,0,61,0,0,375
420.40,1545283961,9309.37,51.461149,7.417687,150.89,30.70,0.00,322.63,0,-78,-5,0,0,58,0,0,209
421.40,1545283962,9340.10,51.461367,7.417420,150.83,30.86,0.00,322.48,0,-77,-5,0,0,61,0,0,375
421.40,1545283962,9340.10,51.461367,7.417420,150.83,30.86,0.00,322.48,0,-78,-5,0,0,58,0,0,209
422.40,1545283963,9370.95,51.461586,7.417137,150.77,31.17,0.00,320.67,0,-80,-5,0,0,57,0,0,375
422.40,1545283963,9370.99,51.461586,7.417137,150.77,31.17,0.00,320.67,0,-85,-10,0,0,57,0,0,370
422.40,1545283963,9370.99,51.461586,7.417137,150.77,31.17,0.00,320.67,0,-79,-6,0,0,58,0,0,209
423.40,1545283964,9402.18,51.461810,7.416843,150.77,31.46,0.00,319.89,0,-80,-5,0,0,57,0,0,375
423.40,1545283964,9402.21,51.461810,7.416843,150.77,31.46,0.00,319.89,0,-85,-10,0,0,57,0,0,370
423.41,1545283964,9402.25,51.461810,7.416843,150.77,31.46,0.00,319.89,0,-79,-6,0,0,58,0,0,209
424.41,1545283965,9433.73,51.462020,7.416545,150.82,31.67,0.00,319.08,0,-81,-6,0,0,57,0,0,35
425.40,1545283966,9465.34,51.462233,7.416236,150.87,32.53,0.00,318.05,0,-81,-6,0,0,57,0,0,35
426.40,1545283967,9497.72,51.462446,7.415919,150.93,33.03,0.00,316.79,0,-81,-6,0,0,57,0,0,35
433.40,1545283974,9736.90,51.463931,7.413420,152.04,35.41,0.00,310.82,0,-95,-7,0,0,44,0,0,375
434.40,1545283975,9772.37,51.464135,7.413034,152.02,34.91,0.00,309.92,0,-95,-7,0,0,44,0,0,375
441.40,1545283982,10012.87,51.465482,7.410330,151.63,34.46,0.00,308.21,0,-100,-14,0,0,48,0,0,262
441.40,1545283982,10012.87,51.465482,7.410330,151.63,34.46,0.00,308.21,0,-100,-11,0,0,43,0,0,209
442.40,1545283983,10047.33,51.465674,7.409937,151.64,34.63,0.00,308.10,0,-100,-14,0,0,48,0,0,262
442.40,1545283983,10047.36,51.465674,7.409937,151.64,34.63,0.00,308.10,0,-100,-11,0,0,43,0,0,209
448.40,1545283989,10256.83,51.466838,7.407569,152.82,34.64,0.00,309.00,0,-95,-10,0,0,47,0,0,157
448.40,1545283989,10256.87,51.466838,7.407569,152.82,34.64,0.00,309.00,0,-97,-11,0,0,46,0,0,262
449.40,1545283990,10291.47,51.467031,7.407182,153.25,34.45,0.00,309.43,0,-95,-10,0,0,47,0,0,157
449.40,1545283990,10291.47,51.467031,7.407182,153.25,34.45,0.00,309.43,0,-97,-11,0,0,46,0,0,262
452.40,1545283993,10394.50,51.467613,7.406047,154.51,33.36,0.00,310.50,0,-88,-10,0,0,55,0,0,157
452.41,1545283993,10394.53,51.467613,7.406047,154.51,33.36,0.00,310.50,0,-86,-9,0,0,52,0,0,478
453.40,1545283994,10427.79,51.467805,7.405682,154.96,32.56,0.00,310.87,0,-88,-10,0,0,55,0,0,157
453.40,1545283994,10427.82,51.467805,7.405682,154.96,32.56,0.00,310.87,0,-86,-9,0,0,52,0,0,478
458.40,1545283999,10584.49,51.468731,7.404005,156.46,30.51,0.00,312.58,0,-88,-10,0,0,55,0,0,375
458.40,1545283999,10584.52,51.468731,7.404005,156.46,30.51,0.00,312.58,0,-88,-11,0,0,54,0,0,33
458.40,1545283999,10584.52,51.468731,7.404005,156.46,30.51,0.00,312.58,0,-77,-7,0,0,59,0,0,286
459.40,1545284000,10615.00,51.468921,7.403674,156.84,30.59,0.00,312.68,0,-88,-10,0,0,55,0,0,375
459.40,1545284000,10615.03,51.468921,7.403674,156.84,30.59,0.00,312.68,0,-88,-11,0,0,54,0,0,33
459.40,1545284000,10615.03,51.468921,7.403674,156.84,30.59,0.00,312.68,0,-77,-7,0,0,59,0,0,286
460.40,1545284001,10645.59,51.469115,7.403356,157.42,30.99,0.00,313.48,0,-79,-9,0,0,58,0,0,286
461.40,1545284002,10676.62,51.469312,7.403028,157.75,30.96,0.00,312.72,0,-79,-9,0,0,58,0,0,286
462.40,1545284003,10707.64,51.469506,7.402714,158.32,31.10,0.00,314.06,0,-90,-8,0,0,50,0,0,375
462.40,1545284003,10707.64,51.469506,7.402714,158.32,31.10,0.00,314.06,0,-86,-10,0,0,52,0,0,286
463.41,1545284004,10738.80,51.469710,7.402402,158.96,31.19,0.00,315.44,0,-90,-8,0,0,50,0,0,375
463.41,1545284004,10738.83,51.469710,7.402402,158.96,31.19,0.00,315.44,0,-86,-10,0,0,52,0,0,286
464.41,1545284005,10770.02,51.469914,7.402103,159.40,31.11,0.00,317.03,0,-82,-6,0,0,56,0,0,375
464.41,1545284005,10770.05,51.469914,7.402103,159.40,31.11,0.00,317.03,0,-89,-11,0,0,50,0,0,286
465.40,1545284006,10801.03,51.470121,7.401802,159.81,30.76,0.00,316.82,0,-82,-6,0,0,56,0,0,375
465.41,1545284006,10801.09,51.470121,7.401802,159.81,30.76,0.00,316.82,0,-89,-11,0,0,50,0,0,286
466.41,1545284007,10831.88,51.470327,7.401499,160.19,30.45,0.00,317.13,0,-92,-10,0,0,49,0,0,375
466.41,1545284007,10831.88,51.470327,7.401499,160.19,30.45,0.00,317.13,0,-90,-10,0,0,48,0,0,286
467.40,1545284008,10862.15,51.470526,7.401204,160.55,30.04,0.00,317.06,0,-92,-10,0,0,49,0,0,375
467.40,1545284008,10862.15,51.470526,7.401204,160.55,30.04,0.00,317.06,0,-90,-10,0,0,48,0,0,286
468.40,1545284009,10892.19,51.470720,7.400915,160.91,29.35,0.00,316.77,0,-92,-10,0,0,49,0,0,375
468.40,1545284009,10892.19,51.470720,7.400915,160.91,29.35,0.00,316.77,0,-90,-10,0,0,48,0,0,286
471.40,1545284012,10978.24,51.471275,7.400088,161.82,27.30,0.00,316.55,0,-93,-12,0,0,47,0,0,286
472.41,1545284013,11005.65,51.471450,7.399825,162.15,26.63,0.00,317.55,0,-93,-12,0,0,47,0,0,286
473.41,1545284014,11032.25,51.471622,7.399567,162.47,26.28,0.00,317.66,0,-91,-12,0,0,54,0,0,375
473.41,1545284014,11032.25,51.471622,7.399567,162.47,26.28,0.00,317.66,0,-95,-13,0,0,49,0,0,307
474.40,1545284015,11058.45,51.471793,7.399311,162.84,26.12,0.00,318.02,0,-91,-12,0,0,54,0,0,375
474.40,1545284015,11058.47,51.471793,7.399311,162.84,26.12,0.00,318.02,0,-95,-13,0,0,49,0,0,307
475.40,1545284016,11084.51,51.471969,7.399059,163.20,26.07,0.00,318.20,0,-88,-7,0,0,51,0,0,375
476.40,1545284017,11110.63,51.472142,7.398813,163.61,25.59,0.00,318.61,0,-88,-7,0,0,51,0,0,375
477.40,1545284018,11136.23,51.472316,7.398566,164.16,24.94,0.00,318.62,0,-89,-9,0,0,52,0,0,375
478.40,1545284019,11161.19,51.472486,7.398326,164.78,24.98,0.00,318.91,0,-89,-9,0,0,52,0,0,375
481.40,1545284022,11236.64,51.473007,7.397615,166.75,25.63,0.00,320.02,0,-88,-7,0,0,53,0,0,375
482.40,1545284023,11262.28,51.473186,7.397380,167.33,25.84,0.00,320.32,0,-88,-7,0,0,53,0,0,375
483.40,1545284024,11288.14,51.473365,7.397142,167.84,25.85,0.00,320.70,0,-86,-6,0,0,52,0,0,375
484.40,1545284025,11313.94,51.473545,7.396902,168.25,26.01,0.00,321.10,0,-86,-6,0,0,52,0,0,375
485.40,1545284026,11339.94,51.473726,7.396669,168.66,25.83,0.00,321.66,0,-87,-8,0,0,54,0,0,375
486.40,1545284027,11365.87,51.473907,7.396438,169.12,25.46,0.00,321.92,0,-87,-8,0,0,54,0,0,375
487.42,1545284028,11391.61,51.474087,7.396215,169.60,24.91,0.00,322.78,0,-88,-8,0,0,53,0,0,375
487.42,1545284028,11391.64,51.474087,7.396215,169.60,24.91,0.00,322.78,0,-92,-10,0,0,52,0,0,249
488.40,1545284029,11416.24,51.474262,7.395998,170.16,24.33,0.00,323.51,0,-88,-8,0,0,53,0,0,375
488.41,1545284029,11416.27,51.474262,7.395998,170.16,24.33,0.00,323.51,0,-92,-10,0,0,52,0,0,249
489.40,1545284030,11440.47,51.474436,7.395792,170.65,24.00,0.00,324.13,0,-88,-8,0,0,53,0,0,375
489.40,1545284030,11440.50,51.474436,7.395792,170.65,24.00,0.00,324.13,0,-92,-10,0,0,52,0,0,249
490.41,1545284031,11464.62,51.474608,7.395589,171.08,23.92,0.00,324.49,0,-87,-7,0,0,54,0,0,375
491.40,1545284032,11488.40,51.474780,7.395394,171.45,23.94,0.00,325.14,0,-87,-7,0,0,54,0,0,375
498.40,1545284039,11662.27,51.476137,7.394101,173.24,25.36,0.00,331.74,0,-81,-11,0,0,59,0,0,307
499.40,1545284040,11687.60,51.476336,7.393928,173.51,24.98,0.00,332.70,0,-81,-11,0,0,59,0,0,307
500.41,1545284041,11712.76,51.476536,7.393766,173.76,24.55,0.00,333.67,0,-81,-11,0,0,62,0,0,48
501.40,1545284042,11737.25,51.476728,7.393621,174.05,23.94,0.00,334.99,0,-81,-11,0,0,62,0,0,48
502.40,1545284043,11761.08,51.476918,7.393481,174.34,23.01,0.00,336.38,0,-74,-11,0,0,63,0,0,307
503.40,1545284044,11784.13,51.477103,7.393357,174.68,21.96,0.00,337.64,0,-74,-11,0,0,63,0,0,307
504.40,1545284045,11806.07,51.477278,7.393253,175.00,20.88,0.00,339.98,0,-85,-10,0,0,57,0,0,48
504.40,1545284045,11806.09,51.477278,7.393253,175.00,20.88,0.00,339.98,0,-77,-9,0,0,62,0,0,307
505.40,1545284046,11827.01,51.477447,7.393165,175.23,19.57,0.00,342.53,0,-85,-10,0,0,57,0,0,48
505.40,1545284046,11827.03,51.477447,7.393165,175.23,19.57,0.00,342.53,0,-77,-9,0,0,62,0,0,307
506.40,1545284047,11846.58,51.477614,7.393109,175.41,19.01,0.00,348.30,0,-82,-7,0,0,57,0,0,48
506.40,1545284047,11846.60,51.477614,7.393109,175.41,19.01,0.00,348.30,0,-75,-8,0,0,62,0,0,307
507.40,1545284048,11865.58,51.477795,7.393057,175.33,18.59,0.00,350.55,0,-82,-7,0,0,57,0,0,48
507.40,1545284048,11865.58,51.477795,7.393057,175.33,18.59,0.00,350.55,0,-75,-8,0,0,62,0,0,307
511.41,1545284052,11938.52,51.478440,7.393204,175.30,18.39,0.00,14.94,0,-80,-11,0,0,60,0,0,308
512.40,1545284053,11956.84,51.478589,7.393343,175.13,18.69,0.00,30.59,0,-80,-11,0,0,60,0,0,308
521.40,1545284062,12094.96,51.479721,7.393651,181.69,14.38,0.00,334.31,0,-95,-10,0,0,47,0,0,223
522.40,1545284063,12109.37,51.479826,7.393561,182.89,13.78,0.00,334.10,0,-95,-10,0,0,47,0,0,223
523.40,1545284064,12123.14,51.479935,7.393474,183.42,12.55,0.00,335.00,0,-91,-8,0,0,48,0,0,48
524.40,1545284065,12135.68,51.480020,7.393439,183.75,10.28,0.00,348.77,0,-91,-8,0,0,48,0,0,48
532.40,1545284073,12227.22,51.480590,7.394329,183.34,15.33,0.00,58.49,0,-83,-6,0,0,55,0,0,223
533.40,1545284074,12242.57,51.480665,7.394520,183.07,16.41,0.00,57.97,0,-83,-6,0,0,55,0,0,223
534.40,1545284075,12258.95,51.480746,7.394727,182.48,17.10,0.00,57.85,0,-87,-8,0,0,53,0,0,48
535.40,1545284076,12276.06,51.480830,7.394938,182.08,17.90,0.00,57.87,0,-87,-8,0,0,53,0,0,48
542.40,1545284083,12402.85,51.481413,7.396503,181.82,17.49,0.00,60.28,0,-93,-8,0,0,48,0,0,157
543.40,1545284084,12420.34,51.481491,7.396715,182.45,17.27,0.00,59.66,0,-93,-8,0,0,48,0,0,157
590.40,1545284131,12628.15,51.482766,7.399040,186.40,10.89,0.00,36.40,0,-90,-10,0,0,52,0,0,223
591.40,1545284132,12639.02,51.482855,7.399138,186.48,11.61,0.00,34.40,0,-90,-10,0,0,52,0,0,223
592.41,1545284133,12650.76,51.482941,7.399222,186.38,12.46,0.00,32.44,0,-91,-11,0,0,52,0,0,223
593.40,1545284134,12663.08,51.483046,7.399327,186.35,13.55,0.00,32.89,0,-91,-11,0,0,52,0,0,223
599.40,1545284140,12752.14,51.483711,7.399994,186.52,15.81,0.00,35.30,0,-97,-11,0,0,47,0,0,223
599.41,1545284140,12752.16,51.483711,7.399994,186.52,15.81,0.00,35.30,0,-94,-8,0,0,44,0,0,409
600.40,1545284141,12767.89,51.483838,7.400127,187.33,16.22,0.00,35.83,0,-97,-11,0,0,47,0,0,223
600.40,1545284141,12767.89,51.483838,7.400127,187.33,16.22,0.00,35.83,0,-94,-8,0,0,44,0,0,409
601.40,1545284142,12784.11,51.483966,7.400278,188.09,16.23,0.00,36.25,0,-95,-9,0,0,46,0,0,223
601.40,1545284142,12784.13,51.483966,7.400278,188.09,16.23,0.00,36.25,0,-95,-8,0,0,42,0,0,409
601.40,1545284142,12784.13,51.483966,7.400278,188.09,16.23,0.00,36.25,0,-100,-12,0,0,42,0,0,410
602.40,1545284143,12800.36,51.484090,7.400425,188.79,16.36,0.00,36.72,0,-95,-9,0,0,46,0,0,223
602.40,1545284143,12800.36,51.484090,7.400425,188.79,16.36,0.00,36.72,0,-95,-8,0,0,42,0,0,409
602.40,1545284143,12800.38,51.484090,7.400425,188.79,16.36,0.00,36.72,0,-100,-12,0,0,42,0,0,410
603.40,1545284144,12816.71,51.484207,7.400578,189.26,16.32,0.00,37.86,0,-100,-12,0,0,44,0,0,48
604.40,1545284145,12833.03,51.484324,7.400735,189.75,16.48,0.00,38.77,0,-100,-12,0,0,44,0,0,48
607.40,1545284148,12882.01,51.484647,7.401199,189.88,16.10,0.00,41.05,0,-99,-9,0,0,43,0,0,48
607.40,1545284148,12882.03,51.484647,7.401199,189.88,16.10,0.00,41.05,0,-103,-10,0,0,39,0,0,128
607.40,1545284148,12882.03,51.484647,7.401199,189.88,16.10,0.00,41.05,0,-104,-12,0,0,40,0,0,167
607.40,1545284148,12882.03,51.484647,7.401199,189.88,16.10,0.00,41.05,0,-100,-9,0,0,38,0,0,246
607.40,1545284148,12882.04,51.484647,7.401199,189.88,16.10,0.00,41.05,0,-101,-10,0,0,39,0,0,291
608.40,1545284149,12898.12,51.484743,7.401350,189.59,15.82,0.00,41.88,0,-99,-9,0,0,43,0,0,48
608.40,1545284149,12898.13,51.484743,7.401350,189.59,15.82,0.00,41.88,0,-103,-10,0,0,39,0,0,128
608.40,1545284149,12898.13,51.484743,7.401350,189.59,15.82,0.00,41.88,0,-104,-12,0,0,40,0,0,167
608.40,1545284149,12898.13,51.484743,7.401350,189.59,15.82,0.00,41.88,0,-100,-9,0,0,38,0,0,246
608.40,1545284149,12898.15,51.484743,7.401350,189.59,15.82,0.00,41.88,0,-101,-10,0,0,39,0,0,291
609.40,1545284150,12913.92,51.484838,7.401508,189.13,15.53,0.00,42.71,0,-101,-8,0,0,36,0,0,291
610.40,1545284151,12929.51,51.484942,7.401669,188.76,15.30,0.00,42.27,0,-101,-8,0,0,36,0,0,291
611.40,1545284152,12944.77,51.485045,7.401822,188.23,15.14,0.00,41.32,0,-100,-10,0,0,41,0,0,128
611.40,1545284152,12944.77,51.485045,7.401822,188.23,15.14,0.00,41.32,0,-103,-11,0,0,41,0,0,167
611.40,1545284152,12944.79,51.485045,7.401822,188.23,15.14,0.00,41.32,0,-100,-11,0,0,41,0,0,246
611.40,1545284152,12944.79,51.485045,7.401822,188.23,15.14,0.00,41.32,0,-101,-10,0,0,41,0,0,291
612.40,1545284153,12959.91,51.485145,7.401976,187.50,14.79,0.00,42.40,0,-100,-10,0,0,41,0,0,128
612.40,1545284153,12959.92,51.485145,7.401976,187.50,14.79,0.00,42.40,0,-103,-11,0,0,41,0,0,167
612.40,1545284153,12959.92,51.485145,7.401976,187.50,14.79,0.00,42.40,0,-100,-11,0,0,41,0,0,246
612.40,1545284153,12959.92,51.485145,7.401976,187.50,14.79,0.00,42.40,0,-101,-10,0,0,41,0,0,291
613.40,1545284154,12974.68,51.485238,7.402128,186.70,14.53,0.00,44.13,0,-96,-9,0,0,43,0,0,291
613.40,1545284154,12974.68,51.485238,7.402128,186.70,14.53,0.00,44.13,0,-102,-14,0,0,43,0,0,246
614.40,1545284155,12989.25,51.485327,7.402280,186.12,13.99,0.00,45.75,0,-96,-9,0,0,43,0,0,291
614.41,1545284155,12989.27,51.485327,7.402280,186.12,13.99,0.00,45.75,0,-102,-14,0,0,43,0,0,246
615.41,1545284156,13003.28,51.485405,7.402419,185.72,12.65,0.00,47.45,0,-103,-8,0,0,37,0,0,167
615.41,1545284156,13003.28,51.485405,7.402419,185.72,12.65,0.00,47.45,0,-107,-11,0,0,36,0,0,128
615.41,1545284156,13003.28,51.485405,7.402419,185.72,12.65,0.00,47.45,0,-100,-7,0,0,36,0,0,291
615.41,1545284156,13003.30,51.485405,7.402419,185.72,12.65,0.00,47.45,0,-104,-11,0,0,35,0,0,246
616.40,1545284157,13015.89,51.485476,7.402550,185.36,11.11,0.00,48.09,0,-103,-8,0,0,37,0,0,167
616.40,1545284157,13015.89,51.485476,7.402550,185.36,11.11,0.00,48.09,0,-107,-11,0,0,36,0,0,128
616.40,1545284157,13015.90,51.485476,7.402550,185.36,11.11,0.00,48.09,0,-100,-7,0,0,36,0,0,291
616.40,1545284157,13015.90,51.485476,7.402550,185.36,11.11,0.00,48.09,0,-104,-11,0,0,35,0,0,246
617.40,1545284158,13026.99,51.485529,7.402654,185.34,9.24,0.00,49.11,0,-103,-8,0,0,37,0,0,167
617.40,1545284158,13027.00,51.485529,7.402654,185.34,9.24,0.00,49.11,0,-107,-11,0,0,36,0,0,128
617.40,1545284158,13027.00,51.485529,7.402654,185.34,9.24,0.00,49.11,0,-100,-7,0,0,36,0,0,291
617.41,1545284158,13027.01,51.485529,7.402654,185.34,9.24,0.00,49.11,0,-104,-11,0,0,35,0,0,246
618.40,1545284159,13036.22,51.485581,7.402743,185.31,8.69,0.00,45.16,0,-96,-6,0,0,42,0,0,167
618.40,1545284159,13036.22,51.485581,7.402743,185.31,8.69,0.00,45.16,0,-94,-6,0,0,41,0,0,291
619.40,1545284160,13044.93,51.485655,7.402785,185.24,8.68,0.00,17.68,0,-96,-6,0,0,42,0,0,167
619.41,1545284160,13044.94,51.485655,7.402785,185.24,8.68,0.00,17.68,0,-94,-6,0,0,41,0,0,291
620.40,1545284161,13053.57,51.485723,7.402775,185.15,8.26,0.00,349.65,0,-96,-7,0,0,41,0,0,46
621.40,1545284162,13061.87,51.485775,7.402718,184.95,8.56,0.00,327.11,0,-96,-7,0,0,41,0,0,46
624.40,1545284165,13089.56,51.485988,7.402463,183.99,10.85,0.00,323.75,0,-103,-12,0,0,40,0,0,48
624.40,1545284165,13089.56,51.485988,7.402463,183.99,10.85,0.00,323.75,0,-102,-7,0,0,34,0,0,246
625.40,1545284166,13100.39,51.486065,7.402369,183.73,11.35,0.00,324.75,0,-103,-12,0,0,40,0,0,48
625.40,1545284166,13100.39,51.486065,7.402369,183.73,11.35,0.00,324.75,0,-102,-7,0,0,34,0,0,246
626.40,1545284167,13111.74,51.486160,7.402269,183.44,12.55,0.00,325.60,0,-103,-9,0,0,38,0,0,93
626.40,1545284167,13111.74,51.486160,7.402269,183.44,12.55,0.00,325.60,0,-103,-10,0,0,38,0,0,128
626.40,1545284167,13111.76,51.486160,7.402269,183.44,12.55,0.00,325.60,0,-103,-11,0,0,39,0,0,48
626.40,1545284167,13111.76,51.486160,7.402269,183.44,12.55,0.00,325.60,0,-100,-8,0,0,37,0,0,470
626.40,1545284167,13111.76,51.486160,7.402269,183.44,12.55,0.00,325.60,0,-101,-8,0,0,36,0,0,246
627.40,1545284168,13124.34,51.486263,7.402168,183.44,13.31,0.00,327.68,0,-103,-9,0,0,38,0,0,93
627.40,1545284168,13124.34,51.486263,7.402168,183.44,13.31,0.00,327.68,0,-103,-10,0,0,38,0,0,128
627.41,1545284168,13124.35,51.486263,7.402168,183.44,13.31,0.00,327.68,0,-103,-11,0,0,39,0,0,48
627.41,1545284168,13124.35,51.486263,7.402168,183.44,13.31,0.00,327.68,0,-100,-8,0,0,37,0,0,470
627.41,1545284168,13124.36,51.486263,7.402168,183.44,13.31,0.00,327.68,0,-101,-8,0,0,36,0,0,246
628.40,1545284169,13137.61,51.486364,7.402071,183.88,13.25,0.00,329.84,0,-99,-9,0,0,42,0,0,166
628.40,1545284169,13137.62,51.486364,7.402071,183.88,13.25,0.00,329.84,0,-100,-9,0,0,41,0,0,128
628.40,1545284169,13137.62,51.486364,7.402071,183.88,13.25,0.00,329.84,0,-102,-10,0,0,39,0,0,93
628.40,1545284169,13137.62,51.486364,7.402071,183.88,13.25,0.00,329.84,0,-97,-8,0,0,40,0,0,246
628.40,1545284169,13137.64,51.486364,7.402071,183.88,13.25,0.00,329.84,0,-98,-9,0,0,40,0,0,293
629.40,1545284170,13150.86,51.486468,7.401990,184.11,13.36,0.00,332.15,0,-99,-9,0,0,42,0,0,166
629.40,1545284170,13150.86,51.486468,7.401990,184.11,13.36,0.00,332.15,0,-100,-9,0,0,41,0,0,128
629.40,1545284170,13150.88,51.486468,7.401990,184.11,13.36,0.00,332.15,0,-102,-10,0,0,39,0,0,93
629.40,1545284170,13150.88,51.486468,7.401990,184.11,13.36,0.00,332.15,0,-97,-8,0,0,40,0,0,246
629.40,1545284170,13150.88,51.486468,7.401990,184.11,13.36,0.00,332.15,0,-98,-9,0,0,40,0,0,293
630.40,1545284171,13164.22,51.486581,7.401912,184.08,13.48,0.00,334.55,0,-97,-9,0,0,43,0,0,93
630.40,1545284171,13164.22,51.486581,7.401912,184.08,13.48,0.00,334.55,0,-93,-7,0,0,43,0,0,470
630.40,1545284171,13164.22,51.486581,7.401912,184.08,13.48,0.00,334.55,0,-97,-11,0,0,43,0,0,405
631.40,1545284172,13177.70,51.486691,7.401845,183.99,13.67,0.00,337.14,0,-97,-9,0,0,43,0,0,93
631.40,1545284172,13177.70,51.486691,7.401845,183.99,13.67,0.00,337.14,0,-93,-7,0,0,43,0,0,470
631.40,1545284172,13177.72,51.486691,7.401845,183.99,13.67,0.00,337.14,0,-97,-11,0,0,43,0,0,405
632.40,1545284173,13191.37,51.486797,7.401791,184.04,13.63,0.00,340.17,0,-94,-7,0,0,44,0,0,48
632.40,1545284173,13191.39,51.486797,7.401791,184.04,13.63,0.00,340.17,0,-98,-8,0,0,43,0,0,93
632.40,1545284173,13191.39,51.486797,7.401791,184.04,13.63,0.00,340.17,0,-97,-9,0,0,42,0,0,470
633.40,1545284174,13204.99,51.486916,7.401742,184.13,13.91,0.00,342.86,0,-94,-7,0,0,44,0,0,48
633.40,1545284174,13205.00,51.486916,7.401742,184.13,13.91,0.00,342.86,0,-98,-8,0,0,43,0,0,93
633.40,1545284174,13205.00,51.486916,7.401742,184.13,13.91,0.00,342.86,0,-97,-9,0,0,42,0,0,470
634.40,1545284175,13218.90,51.487049,7.401694,183.92,13.98,0.00,345.24,0,-96,-8,0,0,44,0,0,93
635.40,1545284176,13232.89,51.487172,7.401667,183.41,14.30,0.00,348.10,0,-96,-8,0,0,44,0,0,93
649.40,1545284190,13422.04,51.488858,7.401721,177.58,8.57,0.00,0.52,0,-87,-10,0,0,55,0,0,94
649.40,1545284190,13422.04,51.488858,7.401721,177.58,8.57,0.00,0.52,0,-92,-8,0,0,48,0,0,427
650.40,1545284191,13430.61,51.488928,7.401725,177.49,6.85,0.00,0.65,0,-87,-10,0,0,55,0,0,94
650.40,1545284191,13430.61,51.488928,7.401725,177.49,6.85,0.00,0.65,0,-92,-8,0,0,48,0,0,427
651.40,1545284192,13437.45,51.488982,7.401727,177.56,5.42,0.00,1.42,0,-87,-14,0,0,58,0,0,93
652.40,1545284193,13442.88,51.489033,7.401730,177.76,4.55,0.00,0.68,0,-87,-14,0,0,58,0,0,93
653.40,1545284194,13447.43,51.489067,7.401732,177.77,3.73,0.00,0.61,0,-87,-12,0,0,57,0,0,93
654.40,1545284195,13451.17,51.489091,7.401734,177.79,2.73,0.00,0.47,0,-87,-12,0,0,57,0,0,93
681.40,1545284222,13623.84,51.489398,7.404077,177.01,13.63,0.00,90.81,0,-81,-11,0,0,61,0,0,426
682.40,1545284223,13637.47,51.489396,7.404278,177.11,13.77,0.00,90.95,0,-81,-11,0,0,61,0,0,426
683.40,1545284224,13651.24,51.489394,7.404479,177.38,13.88,0.00,91.16,0,-78,-8,0,0,61,0,0,95
683.40,1545284224,13651.25,51.489394,7.404479,177.38,13.88,0.00,91.16,0,-81,-8,0,0,58,0,0,426
684.40,1545284225,13665.12,51.489393,7.404679,177.74,13.92,0.00,90.94,0,-78,-8,0,0,61,0,0,95
684.40,1545284225,13665.14,51.489393,7.404679,177.74,13.92,0.00,90.94,0,-81,-8,0,0,58,0,0,426
685.40,1545284226,13679.06,51.489391,7.404882,178.10,13.70,0.00,90.12,0,-80,-11,0,0,63,0,0,94
685.40,1545284226,13679.06,51.489391,7.404882,178.10,13.70,0.00,90.12,0,-84,-11,0,0,60,0,0,427
686.40,1545284227,13692.80,51.489390,7.405082,178.43,13.55,0.00,89.54,0,-80,-11,0,0,63,0,0,94
686.41,1545284227,13692.82,51.489390,7.405082,178.43,13.55,0.00,89.54,0,-84,-11,0,0,60,0,0,427
