time_s,timestamp_ms,distance_m,latitude,longitude,altitude,velocity_mps,acceleration_mpss,direction,isRegistered,rsrp_dbm,rsrq_db,rssnr_db,cqi,ss,ta,ci,pci,id,payload_mb,throughput_mbits,rtt_ms,txPower_dbm,f_mhz
9.95,1545227986,96.06,51.490543,7.413734,160.06,13.69,0.31,78.07,1,-111,-14,-5,4,22,22,13532675,385,0,2.00,1.41,60.00,20.39,890
21.22,1545227997,260.56,51.490713,7.416051,156.55,10.10,-2.27,90.61,1,-112,-15,-6,5,24,19,13532675,385,1,5.00,5.02,290.00,20.62,890
29.98,1545228006,298.37,51.490646,7.416529,155.68,0.00,-0.96,99.55,1,-111,-13,3,9,20,17,12806666,385,2,0.10,4.26,57.00,21.25,1770
39.98,1545228016,298.37,51.490604,7.416697,155.46,3.98,0.00,106.55,1,-111,-10,3,11,15,17,12806666,385,3,10.00,3.75,54.00,21.47,1770
51.05,1545228027,413.22,51.489748,7.417457,153.60,15.41,0.08,166.98,1,-115,-11,0,7,14,17,12806666,385,4,10.00,1.63,585.00,21.53,1770
60.35,1545228036,550.86,51.488486,7.417721,155.31,15.92,0.16,179.29,1,-109,-9,4,6,18,17,12806666,385,5,10.00,2.59,103.00,21.56,1770
73.58,1545228050,753.30,51.486827,7.418572,148.00,14.94,0.41,152.07,1,-119,-13,-3,5,12,17,12806666,385,6,0.10,0.21,959.00,20.38,1770
82.48,1545228058,875.37,51.485760,7.418531,144.44,11.96,0.54,175.11,1,-116,-12,2,9,15,16,13392906,346,7,2.00,1.46,1191.00,20.55,1770
91.37,1545228068,978.43,51.484900,7.418948,151.61,11.28,0.70,175.78,1,-112,-11,3,9,17,16,13392906,346,8,0.10,0.34,1476.00,20.56,1770
100.72,1545228077,1097.29,51.483876,7.418349,148.54,14.22,-0.01,211.05,1,-108,-8,6,9,19,16,13392906,346,9,8.00,5.72,434.00,21.17,1770
111.42,1545228087,1251.01,51.482714,7.417226,149.05,12.59,-0.65,203.43,1,-109,-7,8,8,16,16,13392906,346,10,0.10,1.62,875.00,20.42,1770
119.99,1545228096,1344.36,51.481935,7.416812,150.44,7.84,-1.63,200.59,1,-97,-8,5,8,23,16,13392906,346,11,10.00,3.03,70.00,15.47,1770
131.69,1545228108,1370.43,51.481755,7.416712,151.22,0.00,0.00,200.26,1,-110,-9,4,9,17,16,13392906,346,12,9.00,2.42,970.00,21.27,1770
143.20,1545228119,1370.43,51.481755,7.416712,151.27,0.00,0.00,200.26,1,-110,-9,3,4,19,16,13392906,346,13,3.00,1.68,2034.00,20.62,1770
179.91,1545228156,1508.49,51.481547,7.418478,153.67,13.53,0.29,84.87,1,-96,-6,11,14,27,16,13392906,346,17,0.10,4.28,58.00,19.97,1770
189.88,1545228166,1646.46,51.481653,7.420533,148.79,13.90,-0.52,84.73,1,-100,-8,5,6,23,16,13392906,346,18,0.50,9.78,62.00,20.39,1770
199.90,1545228176,1781.90,51.481893,7.422448,143.36,14.19,-0.09,77.57,1,-93,-7,20,15,34,16,13392906,346,19,2.00,5.80,63.00,16.73,1770
219.98,1545228196,2032.29,51.482400,7.425948,136.47,10.85,-0.86,77.80,1,-93,-7,-1,7,34,16,13392906,346,21,0.10,3.31,61.00,16.97,1770
229.91,1545228206,2148.97,51.482594,7.427690,143.71,13.75,-0.08,83.13,1,-88,-8,-4,11,38,16,13392906,346,22,4.00,20.57,61.00,20.17,1770
249.94,1545228226,2395.62,51.482374,7.431233,144.77,3.03,-2.73,99.54,1,-78,-6,26,15,47,4,13392904,347,24,0.50,8.60,58.00,2.71,1770
259.95,1545228236,2398.66,51.482374,7.431233,144.89,0.00,0.00,99.54,1,-72,-5,14,15,53,4,13392904,347,25,10.00,34.56,53.00,-0.45,1770
299.89,1545228276,2508.22,51.482220,7.433076,151.09,10.78,0.44,96.71,1,-75,-5,28,9,45,4,13392904,347,29,3.00,26.52,64.00,4.83,1770
319.93,1545228296,2704.64,51.481998,7.435900,151.74,10.18,0.27,96.82,1,-83,-9,20,12,45,4,13392904,347,31,0.50,5.93,61.00,7.43,1770
329.93,1545228306,2794.08,51.481899,7.437226,151.59,10.33,-0.48,96.29,1,-91,-10,7,7,36,4,13392904,347,32,1.00,6.23,53.00,14.94,1770
339.90,1545228316,2873.47,51.481822,7.438398,152.31,6.83,-0.28,97.62,1,-99,-13,0,5,33,4,13392904,347,33,3.00,7.80,53.00,20.36,1770
349.91,1545228326,2965.91,51.481746,7.439789,158.04,10.52,0.55,95.70,1,-97,-7,11,11,27,6,13392905,345,34,2.00,11.86,55.00,20.23,1770
360.16,1545228336,3072.59,51.481640,7.441272,160.44,9.17,0.37,102.82,1,-93,-8,14,10,30,6,13392905,345,35,1.00,5.50,56.00,15.83,1770
379.95,1545228356,3301.81,51.480069,7.443312,158.44,12.96,-0.81,149.14,1,-102,-8,2,6,24,6,13392905,345,37,8.00,2.87,68.00,20.86,1770
394.58,1545228371,3532.03,51.478255,7.444890,165.80,15.33,-0.23,151.28,1,-114,-8,0,9,11,6,13392905,345,38,5.00,4.71,2355.00,21.33,1770
400.29,1545228376,3619.02,51.477571,7.445490,165.52,13.95,0.05,151.52,1,-117,-10,-3,5,11,6,13392905,345,39,4.00,6.32,233.00,21.52,1770
409.95,1545228386,3745.06,51.476584,7.446351,164.42,12.33,-0.60,152.41,1,-74,-10,8,9,57,3,12973569,333,40,6.00,15.13,50.00,-10.69,890
419.98,1545228396,3851.97,51.475797,7.447030,164.04,1.38,-5.63,152.66,1,-65,-5,34,12,59,2,12973570,334,41,0.50,11.11,49.00,-8.95,890
429.90,1545228406,3853.35,51.475700,7.447112,164.52,0.00,0.00,154.63,1,-70,-5,18,12,55,2,12973570,334,42,2.00,13.96,50.00,-1.19,890
439.95,1545228416,3885.90,51.475394,7.447415,166.48,4.30,0.57,148.04,1,-69,-5,38,11,56,2,12973570,334,43,9.00,15.50,44.00,-7.09,890
460.08,1545228437,4079.36,51.473959,7.449164,163.67,12.45,0.07,138.68,1,-84,-7,27,1,44,2,12973570,334,45,0.50,5.12,55.00,6.05,890
479.90,1545228456,4176.51,51.473430,7.450161,163.61,0.00,0.00,130.23,1,-78,-7,30,10,47,2,12973570,334,47,1.00,10.85,47.00,-3.55,890
489.92,1545228466,4176.51,51.473430,7.450161,163.43,0.00,0.00,130.23,1,-78,-6,31,15,47,2,12973570,334,48,6.00,15.34,54.00,7.56,890
499.92,1545228476,4176.51,51.473430,7.450161,163.31,0.00,0.00,130.23,1,-79,-6,30,15,46,2,12973570,334,49,8.00,17.44,68.00,7.62,890
509.91,1545228486,4176.51,51.473353,7.450341,162.68,5.51,0.00,127.24,1,-84,-7,6,8,43,2,12973570,334,50,8.00,14.77,48.00,13.97,890
519.90,1545228496,4283.27,51.472871,7.451743,166.39,14.90,0.16,114.71,1,-80,-7,16,12,47,6,13394179,495,51,2.00,14.49,52.00,-0.71,890
529.93,1545228506,4445.65,51.472500,7.453984,168.17,17.25,0.15,105.14,1,-81,-7,10,10,46,6,13394179,495,52,6.00,13.52,63.00,8.05,890
539.95,1545228516,4613.32,51.472007,7.456245,167.12,15.92,-0.20,112.74,1,-89,-8,8,9,40,6,13394179,495,53,9.00,15.45,97.00,16.56,890
549.89,1545228526,4761.93,51.471406,7.458149,159.29,11.26,-1.10,116.19,1,-85,-7,10,10,41,4,13394177,497,54,6.00,14.83,59.00,17.34,890
559.91,1545228536,4805.47,51.471260,7.458636,156.93,0.00,0.00,114.68,1,-82,-7,16,12,45,4,13394177,497,55,4.00,14.93,53.00,13.55,890
569.91,1545228546,4805.47,51.471260,7.458636,156.97,0.00,0.00,114.68,1,-80,-7,16,15,46,4,13394177,497,56,0.10,4.91,57.00,2.56,890
589.91,1545228566,4956.95,51.470655,7.460763,162.68,12.80,-0.23,113.42,1,-85,-7,13,8,42,4,13394177,497,58,0.50,7.80,50.00,4.83,890
599.89,1545228576,5075.09,51.470184,7.462349,170.91,10.97,-0.28,115.40,1,-92,-12,4,9,40,4,13394177,497,59,1.00,10.68,58.00,15.80,890
609.93,1545228586,5192.62,51.469754,7.463859,167.29,12.35,1.16,111.76,1,-88,-8,14,6,40,13,13393923,318,60,8.00,10.63,64.00,16.47,890
619.94,1545228597,5347.74,51.469431,7.466100,159.61,17.37,0.24,96.82,1,-93,-10,10,8,40,13,13393923,318,61,6.00,6.95,73.00,16.16,890
629.90,1545228606,5528.62,51.469566,7.468708,159.47,17.15,0.44,81.22,1,-97,-11,4,7,35,13,13393923,318,62,0.50,5.27,69.00,18.28,890
639.92,1545228616,5684.88,51.469819,7.470944,161.75,12.71,-0.82,84.15,1,-94,-12,3,6,38,13,13393923,318,63,5.00,9.19,51.00,17.94,890
649.92,1545228626,5795.62,51.469798,7.472602,168.59,5.48,-0.95,94.88,1,-95,-12,1,2,44,23,13246977,156,64,7.00,0.66,65.00,13.69,890
662.35,1545228639,5859.60,51.469693,7.473563,176.86,2.15,-1.10,99.97,1,-95,-13,5,5,38,23,13246977,156,65,5.00,0.81,1473.00,20.08,890
672.04,1545228648,5869.93,51.469677,7.473835,177.05,4.94,1.00,95.99,1,-98,-13,5,7,34,23,13246977,156,66,3.00,0.36,2895.00,20.23,890
759.92,1545228736,6193.65,51.469823,7.478869,171.69,0.00,0.00,73.24,1,-83,-10,10,12,46,9,13393922,319,75,4.00,14.18,55.00,12.61,890
769.90,1545228746,6193.65,51.469823,7.478869,171.78,0.00,0.00,73.24,1,-83,-9,10,11,45,9,13393922,319,76,5.00,15.37,53.00,6.88,890
779.92,1545228756,6193.65,51.469853,7.479055,174.16,6.07,0.00,75.41,1,-84,-12,10,11,48,9,13393922,319,77,3.00,15.23,55.00,8.41,890
789.90,1545228766,6291.37,51.470128,7.480459,176.57,12.83,0.49,71.34,1,-79,-8,15,10,48,9,13393922,319,78,3.00,13.25,61.00,11.89,890
799.93,1545228776,6395.07,51.470116,7.481697,177.00,9.86,0.85,161.30,1,-93,-9,11,9,37,9,13393922,319,79,2.00,12.57,57.00,17.50,890
809.90,1545228786,6514.95,51.468945,7.482178,177.92,13.12,0.28,168.41,1,-99,-9,5,7,29,9,13393922,319,80,4.00,8.41,57.00,19.27,890
819.89,1545228796,6623.69,51.467963,7.482601,180.76,10.03,-0.53,166.10,1,-104,-11,-8,7,29,9,13393922,319,81,0.50,3.57,63.00,18.98,890
829.88,1545228806,6681.97,51.467423,7.482730,172.44,8.34,1.91,175.16,1,-108,-12,-1,7,25,9,13393922,319,82,1.00,2.10,59.00,19.94,890
839.95,1545228816,6794.88,51.466361,7.482513,172.41,14.46,0.23,193.05,1,-110,-14,-5,5,25,9,13393922,319,83,0.10,0.49,76.00,20.39,890
849.93,1545228826,6939.56,51.465157,7.481708,174.59,13.32,-0.09,202.72,1,-111,-8,11,6,17,16,13393934,265,84,5.00,1.03,69.00,20.92,2510
903.17,1545228880,7338.69,51.462044,7.480812,178.15,10.33,-0.30,89.81,1,-120,-11,2,7,11,26,13394189,137,89,3.00,1.53,67.00,21.56,2510
911.61,1545228888,7435.79,51.462021,7.482225,179.36,13.67,0.01,91.58,1,-106,-13,0,5,29,14,13394435,184,90,0.10,0.13,2414.00,21.77,890
920.65,1545228897,7533.81,51.462005,7.483588,182.20,7.58,0.00,88.89,1,-113,-15,1,6,32,13,13394435,156,91,8.00,2.68,346.00,20.48,890
933.23,1545228909,7608.17,51.461552,7.484360,185.20,5.26,0.71,168.62,1,-101,-14,-3,5,33,13,13394435,184,92,5.00,3.13,1624.00,21.72,890
942.19,1545228918,7669.44,51.460914,7.484503,184.50,8.12,-0.74,174.13,1,-100,-13,-2,7,33,14,13394435,184,93,8.00,3.79,784.00,21.08,890
951.75,1545228928,7733.38,51.460350,7.484417,186.09,5.41,-0.35,190.61,1,-94,-12,3,10,38,14,13394435,184,94,2.00,2.01,698.00,15.22,890
961.47,1545228938,7794.90,51.459640,7.484213,192.25,9.24,1.36,192.78,1,-101,-13,3,6,32,14,13394435,184,95,7.00,2.17,813.00,18.30,890
972.49,1545228949,7914.59,51.458541,7.483933,204.20,8.80,-1.03,192.89,1,-102,-15,-2,7,32,14,13394435,184,96,2.00,1.22,1862.00,19.94,890
990.68,1545228967,8106.73,51.456710,7.483392,219.15,14.75,0.47,190.64,1,-101,-12,3,10,32,7,13415170,315,98,2.00,6.75,561.00,19.30,890
999.92,1545228976,8239.86,51.455510,7.483261,221.50,15.25,0.11,179.43,1,-97,-8,11,9,31,7,13415170,315,99,9.00,14.41,56.00,17.56,890
1009.94,1545228986,8398.44,51.454125,7.483898,224.99,16.05,-0.22,153.79,1,-97,-8,5,7,32,7,13415170,315,100,6.00,11.01,55.00,16.62,890
1019.94,1545228996,8556.51,51.453052,7.485517,229.78,15.97,-0.09,136.15,1,-82,-8,22,12,45,7,13415170,315,101,1.00,9.64,74.00,6.61,890
1029.98,1545229006,8714.11,51.451988,7.487065,236.43,15.45,0.60,147.97,1,-83,-7,20,15,43,7,13415170,315,102,2.00,12.31,58.00,5.47,890