time_s,timestamp_ms,distance_m,latitude,longitude,altitude,velocity_mps,acceleration_mpss,direction,isRegistered,rsrp_dbm,rsrq_db,rssnr_db,cqi,ss,ta,ci,pci
0.05,1545056047,0.00,51.485733,7.418561,143.42,11.17,0.00,175.53,1,-102,-11,-2,4,36,7,13416986,61
1.06,1545056048,11.25,51.485637,7.418579,143.66,11.21,0.03,172.45,1,-107,-11,3,7,32,7,13416986,61
2.06,1545056049,22.46,51.485542,7.418611,144.20,11.13,-0.08,168.60,1,-107,-11,3,7,32,7,13416986,61
3.05,1545056050,33.55,51.485452,7.418681,144.98,11.29,0.16,155.40,1,-103,-10,-1,2,35,7,13416986,61
4.05,1545056051,44.84,51.485364,7.418752,145.96,11.43,0.15,154.62,1,-103,-10,-1,2,35,7,13416986,61
5.06,1545056052,56.40,51.485278,7.418823,147.31,11.68,0.24,154.11,1,-106,-14,-4,2,33,7,13416986,61
6.06,1545056053,67.97,51.485193,7.418892,148.46,11.57,-0.11,155.16,1,-106,-14,-4,2,33,7,13416986,61
7.06,1545056054,79.54,51.485100,7.418953,149.51,11.34,-0.23,157.67,1,-106,-14,-4,2,33,7,13416986,61
8.06,1545056055,90.89,51.484999,7.418974,150.41,11.26,-0.07,173.95,1,-106,-14,-4,5,34,7,13416986,61
9.06,1545056056,102.14,51.484888,7.418986,150.59,11.96,0.69,176.49,1,-106,-14,-4,5,34,7,13416986,61
10.06,1545056057,114.11,51.484767,7.418989,150.61,12.31,0.35,179.33,1,-108,-14,-5,4,33,7,13416986,61
11.06,1545056058,126.43,51.484651,7.418972,150.69,12.52,0.21,183.03,1,-108,-14,-5,4,33,7,13416986,61
12.06,1545056059,138.94,51.484535,7.418917,150.45,13.33,0.81,195.89,1,-108,-16,-7,3,34,7,13416986,61
13.06,1545056060,152.28,51.484430,7.418852,149.94,13.67,0.34,199.11,1,-108,-16,-7,3,34,7,13416986,61
14.06,1545056061,165.93,51.484327,7.418773,149.77,13.54,-0.13,202.67,1,-109,-16,-7,4,31,7,13416986,61
15.06,1545056062,179.49,51.484213,7.418674,149.36,14.18,0.63,205.58,1,-109,-16,-7,4,31,7,13416986,61
16.06,1545056063,193.66,51.484095,7.418565,148.83,13.99,-0.19,208.13,1,-109,-13,-7,5,30,7,13416986,61
17.06,1545056064,207.64,51.483989,7.418458,147.88,13.71,-0.28,210.30,1,-109,-13,-7,5,30,7,13416986,61
18.06,1545056065,221.36,51.483875,7.418336,146.74,14.03,0.32,211.47,1,-109,-19,-7,2,36,7,13416986,61
19.06,1545056066,235.37,51.483770,7.418216,146.23,13.61,-0.41,213.13,1,-109,-19,-7,2,36,7,13416986,61
20.06,1545056067,248.97,51.483661,7.418095,145.71,13.59,-0.02,214.11,1,-107,-15,-10,4,34,17,13427483,146
21.06,1545056068,262.58,51.483564,7.417980,145.09,13.42,-0.17,213.64,1,-107,-15,-10,4,34,17,13427483,146
22.06,1545056069,275.98,51.483463,7.417862,144.37,13.16,-0.26,213.24,1,-105,-14,-6,6,35,17,13427483,146
23.05,1545056070,289.07,51.483363,7.417744,143.73,12.83,-0.32,212.44,1,-105,-14,-6,6,35,17,13427483,146
24.06,1545056071,301.98,51.483260,7.417636,143.58,12.93,0.10,211.78,1,-104,-13,-3,7,35,17,13427483,146
25.06,1545056072,314.93,51.483154,7.417536,143.30,13.23,0.29,210.19,1,-104,-13,-3,7,35,17,13427483,146
26.06,1545056073,328.19,51.483061,7.417455,143.23,13.14,-0.09,208.34,1,-101,-12,0,6,37,17,13427483,146
27.06,1545056074,341.27,51.482961,7.417373,143.35,13.41,0.27,206.82,1,-101,-12,0,6,37,17,13427483,146
28.05,1545056075,354.66,51.482852,7.417294,143.74,13.47,0.06,204.99,1,-101,-12,0,6,37,17,13427483,146
29.06,1545056076,368.15,51.482743,7.417220,144.31,13.47,-0.00,203.52,1,-101,-12,1,6,37,17,13427483,146
30.06,1545056077,381.63,51.482630,7.417147,144.73,13.51,0.05,202.63,1,-101,-12,1,6,37,17,13427483,146
31.06,1545056078,395.14,51.482516,7.417080,145.07,13.62,0.11,201.75,1,-102,-13,1,8,37,17,13427483,146
32.06,1545056079,408.76,51.482398,7.417012,145.45,13.58,-0.04,201.14,1,-102,-13,1,8,37,17,13427483,146
33.06,1545056080,422.33,51.482281,7.416953,145.75,13.63,0.04,200.60,1,-101,-12,1,8,37,17,13427483,146
34.06,1545056081,435.97,51.482173,7.416899,146.31,13.50,-0.12,199.93,1,-101,-12,1,8,37,17,13427483,146
35.05,1545056082,449.45,51.482056,7.416848,147.01,13.23,-0.28,198.96,1,-102,-14,0,6,38,17,13427483,146
36.05,1545056083,462.68,51.481933,7.416787,147.80,12.40,-0.83,199.52,1,-102,-14,0,6,38,17,13427483,146
37.06,1545056084,475.10,51.481841,7.416735,148.42,10.67,-1.73,200.58,1,-100,-14,-1,7,40,17,13427483,146
38.06,1545056085,485.76,51.481763,7.416688,148.57,8.38,-2.28,201.12,1,-100,-14,-1,7,40,17,13427483,146
39.06,1545056086,494.14,51.481693,7.416648,148.51,6.02,-2.37,200.76,1,-101,-14,-2,6,40,17,13427483,146
40.06,1545056087,500.18,51.481658,7.416625,148.51,2.51,-3.50,199.24,1,-101,-14,-2,6,40,17,13427483,146
41.05,1545056088,502.67,51.481641,7.416609,148.49,0.38,-2.14,199.24,1,-87,-10,-3,6,48,12,13495579,134
42.05,1545056089,503.05,51.481641,7.416609,148.48,0.00,-0.38,199.24,1,-87,-10,-3,6,48,12,13495579,134
43.05,1545056090,503.05,51.481641,7.416609,148.47,0.00,0.00,199.24,1,-91,-9,1,7,44,12,13495579,134
44.05,1545056091,503.05,51.481641,7.416609,148.47,0.00,0.00,199.24,1,-91,-9,1,7,44,12,13495579,134
45.05,1545056092,503.05,51.481641,7.416609,148.47,0.00,0.00,199.24,1,-92,-12,2,8,46,12,13495579,134
46.05,1545056093,503.05,51.481641,7.416609,148.47,0.00,0.00,199.24,1,-92,-12,2,8,46,12,13495579,134
47.05,1545056094,503.05,51.481641,7.416609,148.47,0.00,0.00,199.24,1,-95,-14,-1,5,45,12,13495579,134
48.06,1545056095,503.05,51.481641,7.416609,148.48,0.00,0.00,199.24,1,-95,-14,-1,5,45,12,13495579,134
49.06,1545056096,503.05,51.481641,7.416609,148.48,0.00,0.00,199.24,1,-92,-9,0,5,43,12,13495579,134
50.05,1545056097,503.05,51.481641,7.416609,148.49,0.00,0.00,199.24,1,-92,-9,0,5,43,12,13495579,134
51.06,1545056098,503.05,51.481641,7.416609,148.49,0.00,0.00,199.24,1,-92,-9,0,5,43,12,13495579,134
52.05,1545056099,503.05,51.481641,7.416609,148.50,0.00,0.00,199.24,1,-92,-10,1,6,43,12,13495579,134
53.06,1545056100,503.05,51.481641,7.416609,148.51,0.00,0.00,199.24,1,-92,-10,1,6,43,12,13495579,134
54.05,1545056101,503.05,51.481641,7.416609,148.52,0.00,0.00,199.24,1,-98,-13,1,6,41,12,13495579,134
55.05,1545056102,503.05,51.481641,7.416609,148.52,0.00,0.00,199.24,1,-98,-13,1,6,41,12,13495579,134
56.05,1545056103,503.05,51.481641,7.416609,148.53,0.00,0.00,199.24,1,-92,-9,1,5,43,12,13495579,134
57.05,1545056104,503.05,51.481641,7.416609,148.54,0.00,0.00,199.24,1,-92,-9,1,5,43,12,13495579,134
58.05,1545056105,503.05,51.481641,7.416609,148.55,0.00,0.00,199.24,1,-93,-9,5,8,42,12,13495579,134
59.05,1545056106,503.05,51.481641,7.416609,148.56,0.00,0.00,199.24,1,-93,-9,5,8,42,12,13495579,134
60.05,1545056107,503.05,51.481641,7.416609,148.57,0.00,0.00,199.24,1,-100,-12,1,5,38,12,13495579,134
61.06,1545056108,503.05,51.481641,7.416609,148.57,0.00,0.00,199.24,1,-100,-12,1,5,38,12,13495579,134
62.06,1545056109,503.05,51.481641,7.416609,148.58,0.00,0.00,199.24,1,-93,-9,7,8,42,12,13495579,134
63.06,1545056110,503.05,51.481641,7.416609,148.59,0.00,0.00,199.24,1,-93,-9,7,8,42,12,13495579,134
64.05,1545056111,503.05,51.481641,7.416609,148.60,0.00,0.00,199.24,1,-92,-8,5,11,42,12,13495579,134
65.05,1545056112,503.05,51.481641,7.416609,148.60,0.00,0.00,199.24,1,-92,-8,5,11,42,12,13495579,134
66.05,1545056113,503.05,51.481641,7.416609,148.61,0.00,0.00,199.24,1,-92,-8,15,6,42,12,13495579,134
67.05,1545056114,503.05,51.481641,7.416609,148.62,0.00,0.00,199.24,1,-92,-8,15,6,42,12,13495579,134
68.05,1545056115,503.05,51.481641,7.416609,148.63,0.00,0.00,199.24,1,-92,-8,17,8,43,12,13495579,134
69.05,1545056116,503.05,51.481641,7.416609,148.63,0.00,0.00,199.24,1,-92,-8,17,8,43,12,13495579,134
70.05,1545056117,503.05,51.481638,7.416604,148.64,0.00,0.00,199.24,1,-92,-8,17,9,42,12,13495579,134
71.06,1545056118,503.05,51.481634,7.416599,148.65,0.00,0.00,199.24,1,-92,-8,17,9,42,12,13495579,134
72.06,1545056119,503.05,51.481628,7.416594,148.65,0.00,0.00,199.24,1,-94,-11,8,6,43,12,13495579,134
73.06,1545056120,503.05,51.481622,7.416589,148.76,0.00,0.00,199.24,1,-94,-11,8,6,43,12,13495579,134
74.05,1545056121,503.05,51.481615,7.416581,148.88,0.00,0.00,199.24,1,-94,-11,8,6,43,12,13495579,134
75.06,1545056122,503.05,51.481606,7.416574,149.00,0.00,0.00,166.14,1,-92,-9,4,6,44,12,13495579,134
76.06,1545056123,503.05,51.481603,7.416566,149.15,0.00,0.00,166.14,1,-92,-9,4,6,44,12,13495579,134
77.06,1545056124,503.05,51.481600,7.416558,149.17,0.00,0.00,166.14,1,-96,-11,-2,7,41,12,13495579,134
78.06,1545056125,503.05,51.481600,7.416554,149.19,0.00,0.00,166.14,1,-96,-11,-2,7,41,12,13495579,134
79.06,1545056126,503.05,51.481602,7.416553,149.48,0.00,0.00,166.14,1,-95,-10,17,8,41,12,13495579,134
80.06,1545056127,503.05,51.481603,7.416555,149.52,0.00,0.00,166.14,1,-95,-10,17,8,41,12,13495579,134
81.06,1545056128,503.05,51.481605,7.416555,149.87,0.00,0.00,166.14,1,-96,-10,3,7,39,12,13495579,134
82.06,1545056129,503.05,51.481607,7.416553,150.25,0.00,0.00,166.14,1,-96,-10,3,7,39,12,13495579,134
83.06,1545056130,503.05,51.481610,7.416554,150.58,0.00,0.00,7.90,1,-97,-11,3,8,39,12,13495579,134
84.06,1545056131,503.05,51.481611,7.416554,150.84,0.00,0.00,7.90,1,-97,-11,3,8,39,12,13495579,134
85.05,1545056132,503.05,51.481611,7.416554,150.86,0.00,0.00,7.90,1,-96,-12,4,7,41,12,13495579,134
86.06,1545056133,503.05,51.481612,7.416554,150.89,0.00,0.00,7.90,1,-96,-12,4,7,41,12,13495579,134
87.06,1545056134,503.05,51.481613,7.416556,150.91,0.00,0.00,7.90,1,-98,-12,-1,6,40,12,13495579,134
88.05,1545056135,503.05,51.481616,7.416561,150.93,0.00,0.00,7.90,1,-98,-12,-1,6,40,12,13495579,134
89.06,1545056136,503.05,51.481618,7.416566,151.04,0.00,0.00,7.90,1,-102,-13,-1,5,37,10,13884185,134
90.05,1545056137,503.05,51.481620,7.416568,151.18,0.00,0.00,7.90,1,-102,-13,-1,5,37,10,13884185,134
91.06,1545056138,503.05,51.481622,7.416570,151.26,0.00,0.00,7.90,1,-98,-11,1,4,40,10,13884185,27
92.06,1545056139,503.05,51.481624,7.416576,151.26,0.00,0.00,7.90,1,-98,-11,1,4,40,10,13884185,27
93.06,1545056140,503.05,51.481626,7.416586,151.25,0.00,0.00,7.90,1,-98,-9,1,6,38,10,13884185,27
94.06,1545056141,503.05,51.481627,7.416595,151.24,0.00,0.00,7.90,1,-98,-9,1,6,38,10,13884185,27
95.06,1545056142,503.05,51.481629,7.416602,151.22,0.00,0.00,7.90,1,-98,-9,1,6,38,10,13884185,27
96.06,1545056143,503.05,51.481631,7.416604,151.21,0.00,0.00,7.90,1,-96,-9,2,6,40,10,13884185,27
97.06,1545056144,503.05,51.481634,7.416603,151.17,0.00,0.00,7.90,1,-96,-9,2,6,40,10,13884185,27
98.06,1545056145,503.05,51.481635,7.416601,151.19,0.00,0.00,7.90,1,-96,-12,1,6,43,10,13884185,27
99.07,1545056146,503.05,51.481637,7.416598,151.19,0.00,0.00,7.90,1,-96,-12,1,6,43,10,13884185,27
100.06,1545056147,503.05,51.481640,7.416593,151.21,0.00,0.00,7.90,1,-95,-12,2,6,44,10,13884185,27
101.06,1545056148,503.05,51.481643,7.416587,151.23,0.00,0.00,7.90,1,-95,-12,2,6,44,10,13884185,27
102.05,1545056149,503.05,51.481647,7.416582,151.26,0.00,0.00,7.90,1,-96,-10,2,6,41,10,13884185,27
103.06,1545056150,503.05,51.481653,7.416578,151.29,0.00,0.00,7.90,1,-96,-10,2,6,41,10,13884185,27
104.06,1545056151,503.05,51.481658,7.416575,151.31,0.00,0.00,7.90,1,-94,-12,3,6,44,10,13884185,27
105.06,1545056152,503.05,51.481663,7.416575,151.33,0.00,0.00,7.90,1,-94,-12,3,6,44,10,13884185,27
106.06,1545056153,503.05,51.481667,7.416572,151.34,0.00,0.00,7.90,1,-95,-12,3,5,44,10,13884185,27
107.06,1545056154,503.05,51.481670,7.416571,151.44,0.00,0.00,7.90,1,-95,-12,3,5,44,10,13884185,27
108.06,1545056155,503.05,51.481673,7.416571,151.52,0.00,0.00,7.90,1,-97,-12,4,5,42,10,13884185,27
109.06,1545056156,503.05,51.481676,7.416569,151.51,0.00,0.00,284.94,1,-97,-12,4,5,42,10,13884185,27
110.05,1545056157,503.05,51.481678,7.416572,151.49,0.00,0.00,284.94,1,-96,-10,2,5,40,10,13884185,27
111.06,1545056158,503.05,51.481680,7.416576,151.48,0.00,0.00,284.94,1,-96,-10,2,5,40,10,13884185,27
112.06,1545056159,503.05,51.481682,7.416584,151.26,0.00,0.00,284.94,1,-96,-11,2,5,42,10,13884185,27
113.07,1545056160,503.05,51.481686,7.416581,151.06,0.00,0.00,294.05,1,-96,-11,2,5,42,10,13884185,27
114.06,1545056161,503.05,51.481682,7.416594,150.83,0.00,0.00,141.44,1,-95,-10,2,5,41,10,13884185,27
115.06,1545056162,503.05,51.481681,7.416608,150.57,0.74,0.00,105.11,1,-95,-10,2,5,41,10,13884185,27
116.06,1545056163,503.79,51.481681,7.416609,150.54,0.44,-0.30,105.11,1,-95,-10,2,5,41,10,13884185,27
117.06,1545056164,504.24,51.481680,7.416614,150.53,0.27,-0.17,105.11,1,-96,-12,1,5,43,10,13884185,27
118.06,1545056165,504.51,51.481680,7.416617,150.52,0.00,-0.27,105.11,1,-96,-12,1,5,43,10,13884185,27
119.06,1545056166,504.51,51.481680,7.416621,150.51,0.00,0.00,105.11,1,-95,-11,1,6,43,10,13884185,27
120.05,1545056167,504.51,51.481683,7.416620,150.33,0.00,0.00,319.94,1,-95,-11,1,6,43,10,13884185,27
121.06,1545056168,504.51,51.481683,7.416619,150.21,0.00,0.00,319.94,1,-95,-11,3,5,41,10,13884185,27
122.06,1545056169,504.51,51.481680,7.416617,150.10,0.00,0.00,319.94,1,-95,-11,3,5,41,10,13884185,27
123.05,1545056170,504.51,51.481677,7.416619,150.09,0.00,0.00,319.94,1,-94,-11,2,5,42,10,13884185,27
124.06,1545056171,504.51,51.481674,7.416621,150.09,0.00,0.00,319.94,1,-94,-11,2,5,42,10,13884185,27
125.06,1545056172,504.51,51.481671,7.416624,150.00,0.00,0.00,319.94,1,-95,-10,2,6,41,10,13884185,27
126.06,1545056173,504.51,51.481668,7.416624,149.88,0.00,0.00,290.98,1,-95,-10,2,6,41,10,13884185,27
127.06,1545056174,504.51,51.481666,7.416627,149.87,0.00,0.00,290.98,1,-93,-12,2,6,44,10,13884185,27
128.06,1545056175,504.51,51.481663,7.416631,149.86,0.00,0.00,290.98,1,-93,-12,2,6,44,10,13884185,27
129.06,1545056176,504.51,51.481659,7.416636,149.86,0.00,0.00,290.98,1,-97,-13,1,6,43,10,13884185,27
130.06,1545056177,504.51,51.481656,7.416639,149.86,0.00,0.00,290.98,1,-97,-13,1,6,43,10,13884185,27
131.06,1545056178,504.51,51.481658,7.416640,149.89,0.00,0.00,23.04,1,-93,-10,3,7,43,10,13884185,27
132.06,1545056179,504.51,51.481656,7.416643,149.84,0.00,0.00,23.04,1,-93,-10,3,7,43,10,13884185,27
133.06,1545056180,504.51,51.481653,7.416650,149.86,0.00,0.00,111.54,1,-95,-12,2,7,44,10,13884185,27
134.06,1545056181,504.51,51.481652,7.416652,149.87,0.00,0.00,111.54,1,-95,-12,2,7,44,10,13884185,27
135.07,1545056182,504.51,51.481652,7.416654,149.88,0.00,0.00,111.54,1,-94,-13,3,8,45,10,13884185,27
136.06,1545056183,504.51,51.481653,7.416654,149.88,0.00,0.00,111.54,1,-94,-13,3,8,45,10,13884185,27
137.05,1545056184,504.51,51.481653,7.416653,149.95,0.00,0.00,150.51,1,-94,-13,3,8,45,10,13884185,27
138.06,1545056185,504.51,51.481656,7.416654,150.06,0.00,0.00,150.51,1,-95,-14,1,7,44,10,13884185,27
139.06,1545056186,504.51,51.481659,7.416654,150.08,0.00,0.00,150.51,1,-95,-14,1,7,44,10,13884185,27
140.05,1545056187,504.51,51.481662,7.416653,150.10,0.00,0.00,150.51,1,-95,-14,1,6,44,10,13884185,27
141.06,1545056188,504.51,51.481665,7.416655,150.11,0.00,0.00,150.51,1,-95,-14,1,6,44,10,13884185,27
142.06,1545056189,504.51,51.481669,7.416658,150.13,0.00,0.00,150.51,1,-96,-11,0,6,42,10,13884185,27
143.07,1545056190,504.51,51.481673,7.416658,150.15,0.00,0.00,150.51,1,-96,-11,0,6,42,10,13884185,27
144.06,1545056191,504.51,51.481678,7.416661,150.17,0.00,0.00,150.51,1,-95,-10,2,5,41,10,13884185,27
145.06,1545056192,504.51,51.481679,7.416666,150.46,0.00,0.00,150.51,1,-95,-10,2,5,41,10,13884185,27
146.06,1545056193,504.51,51.481681,7.416668,150.49,0.00,0.00,150.51,1,-97,-10,1,5,40,10,13884185,27
147.05,1545056194,504.51,51.481681,7.416670,150.52,0.00,0.00,150.51,1,-97,-10,1,5,40,10,13884185,27
148.05,1545056195,504.51,51.481682,7.416676,150.55,0.00,0.00,150.51,1,-95,-9,4,6,40,10,13884185,27
149.06,1545056196,504.51,51.481684,7.416678,150.91,0.00,0.00,289.54,1,-95,-9,4,6,40,10,13884185,27
150.05,1545056197,504.51,51.481682,7.416686,151.31,0.00,0.00,289.54,1,-94,-8,8,7,40,10,13884185,27
151.06,1545056198,504.51,51.481670,7.416687,151.63,0.00,0.00,193.35,1,-94,-8,8,7,40,10,13884185,27
152.06,1545056199,504.51,51.481615,7.416654,151.95,0.00,0.00,203.33,1,-94,-12,1,6,45,11,13495579,27
153.06,1545056200,504.51,51.481559,7.416633,152.19,1.94,0.00,191.11,1,-94,-12,1,6,45,11,13495579,27
154.05,1545056201,506.44,51.481515,7.416644,152.31,2.86,0.93,162.75,1,-92,-10,-3,6,42,9,13884185,27
155.05,1545056202,509.30,51.481474,7.416693,153.61,3.85,0.99,139.96,1,-92,-10,-3,6,42,9,13884185,27
156.06,1545056203,513.19,51.481440,7.416787,154.94,4.96,1.10,115.86,1,-89,-9,4,7,47,9,13884185,27
157.06,1545056204,518.12,51.481433,7.416905,156.19,6.04,1.09,93.43,1,-89,-9,4,7,47,9,13884185,27
158.05,1545056205,524.15,51.481439,7.417043,156.72,10.52,4.49,84.28,1,-89,-9,4,7,47,9,13884185,27
159.05,1545056206,534.67,51.481453,7.417204,156.92,11.08,0.56,83.05,1,-88,-11,8,10,49,9,13884185,27
160.05,1545056207,545.72,51.481472,7.417369,156.79,12.81,1.73,81.19,1,-88,-11,8,10,49,9,13884185,27
161.06,1545056208,558.67,51.481489,7.417570,155.94,13.81,0.99,80.39,1,-90,-9,4,6,45,9,13884185,27
162.05,1545056209,572.35,51.481513,7.417757,154.81,13.18,-0.63,79.79,1,-90,-9,4,6,45,9,13884185,27
163.06,1545056210,585.57,51.481539,7.417961,153.50,14.58,1.39,80.43,1,-87,-8,7,8,47,9,13884185,27
164.05,1545056211,600.12,51.481557,7.418180,152.66,14.75,0.17,81.28,1,-87,-8,7,8,47,9,13884185,27
165.06,1545056212,614.88,51.481575,7.418406,152.02,15.29,0.54,82.45,1,-88,-11,8,8,49,9,13884185,27
166.06,1545056213,630.18,51.481591,7.418626,151.38,15.43,0.15,83.44,1,-88,-11,8,8,49,9,13884185,27
167.06,1545056214,645.62,51.481601,7.418837,150.31,15.40,-0.03,83.88,1,-91,-13,4,6,49,9,13884185,27
168.06,1545056215,661.02,51.481614,7.419062,149.54,15.78,0.37,82.77,1,-91,-13,4,6,49,9,13884185,27
169.06,1545056216,676.80,51.481626,7.419284,148.62,16.13,0.35,83.52,1,-95,-17,-2,4,47,9,13884185,27
170.06,1545056217,692.94,51.481637,7.419531,148.14,16.64,0.52,84.51,1,-95,-17,-2,4,47,9,13884185,27
171.06,1545056218,709.60,51.481648,7.419763,147.95,16.21,-0.43,85.35,1,-97,-16,-4,5,45,9,13884185,27
172.06,1545056219,725.79,51.481659,7.420011,148.27,15.87,-0.34,85.02,1,-97,-16,-4,5,45,9,13884185,27
173.06,1545056220,741.63,51.481674,7.420274,148.29,16.65,0.78,84.83,1,-97,-16,-5,5,45,9,13884185,27
174.06,1545056221,758.32,51.481687,7.420525,148.40,16.82,0.17,84.25,1,-97,-16,-5,5,45,9,13884185,27
175.06,1545056222,775.16,51.481701,7.420765,147.64,17.31,0.49,83.48,1,-101,-17,-7,4,41,9,13884185,27
176.06,1545056223,792.45,51.481719,7.421014,146.27,17.47,0.17,82.32,1,-101,-17,-7,4,41,9,13884185,27
177.06,1545056224,809.91,51.481741,7.421256,145.19,17.75,0.28,80.44,1,-91,-10,0,7,46,13,13495577,135
178.05,1545056225,827.59,51.481767,7.421506,143.99,17.80,0.04,79.71,1,-91,-10,0,7,46,13,13495577,135
179.06,1545056226,845.45,51.481796,7.421758,142.81,17.54,-0.25,79.05,1,-91,-10,0,7,46,13,13495577,135
180.06,1545056227,863.03,51.481825,7.421995,141.68,17.59,0.05,78.47,1,-98,-9,5,6,36,13,13495577,135
181.06,1545056228,880.62,51.481858,7.422240,140.43,17.72,0.12,78.08,1,-98,-9,5,6,36,13,13495577,135
182.06,1545056229,898.30,51.481896,7.422497,139.17,17.53,-0.19,77.72,1,-103,-12,-2,6,35,15,13884185,27
183.06,1545056230,915.83,51.481932,7.422739,138.52,17.31,-0.21,76.91,1,-103,-12,-2,6,35,15,13884185,27
184.06,1545056231,933.16,51.481968,7.422978,137.65,17.23,-0.09,76.42,1,-104,-14,-2,5,37,15,13884185,27
185.06,1545056232,950.40,51.482005,7.423220,136.96,16.79,-0.44,76.83,1,-104,-14,-2,5,37,15,13884185,27
186.06,1545056233,967.17,51.482041,7.423471,135.92,17.10,0.31,77.33,1,-105,-17,-5,4,38,15,13884185,27
187.05,1545056234,984.20,51.482071,7.423697,134.48,16.45,-0.64,76.91,1,-105,-17,-5,4,38,15,13884185,27
188.05,1545056235,1000.65,51.482105,7.423927,133.15,15.26,-1.19,76.11,1,-99,-11,-7,6,38,13,13825561,339
189.05,1545056236,1015.92,51.482140,7.424153,131.73,15.90,0.64,76.85,1,-99,-11,-7,6,38,13,13825561,339
190.05,1545056237,1031.80,51.482173,7.424368,130.48,15.55,-0.35,76.96,1,-95,-11,3,12,43,13,13825561,339
191.06,1545056238,1047.40,51.482205,7.424587,129.42,15.35,-0.20,77.57,1,-95,-11,3,12,43,13,13825561,339
192.05,1545056239,1062.71,51.482235,7.424794,129.04,14.05,-1.31,78.21,1,-96,-12,6,7,42,13,13825561,339
193.05,1545056240,1076.76,51.482264,7.425017,128.84,15.17,1.12,77.71,1,-96,-12,6,7,42,13,13825561,339
194.05,1545056241,1091.95,51.482290,7.425229,128.96,15.55,0.38,77.02,1,-92,-12,6,7,46,13,13825561,339
195.05,1545056242,1107.50,51.482318,7.425447,129.07,14.91,-0.64,77.43,1,-92,-12,6,7,46,13,13825561,339
196.05,1545056243,1122.41,51.482349,7.425672,129.21,15.39,0.48,76.72,1,-92,-12,6,7,46,13,13825561,339
197.05,1545056244,1137.80,51.482379,7.425900,129.49,15.42,0.03,77.25,1,-92,-12,6,7,46,13,13825561,339
198.06,1545056245,1153.34,51.482408,7.426111,130.11,15.49,0.07,76.70,1,-91,-12,6,11,47,13,13825561,339
199.05,1545056246,1168.66,51.482439,7.426327,130.55,15.08,-0.42,76.64,1,-91,-12,6,11,47,13,13825561,339
200.05,1545056247,1183.73,51.482472,7.426542,130.87,14.50,-0.59,77.34,1,-91,-12,6,11,47,13,13825561,339
201.05,1545056248,1198.28,51.482505,7.426741,131.21,13.61,-0.88,76.50,1,-91,-8,11,7,44,13,13825561,339
202.05,1545056249,1211.88,51.482532,7.426917,131.89,13.89,0.28,77.14,1,-91,-8,11,7,44,13,13825561,339
203.06,1545056250,1225.80,51.482556,7.427122,133.12,15.00,1.10,79.60,1,-90,-9,6,7,44,13,13825561,339
204.06,1545056251,1240.89,51.482577,7.427347,134.46,15.40,0.40,81.84,1,-90,-9,6,7,44,13,13825561,339
205.05,1545056252,1256.16,51.482594,7.427561,135.78,15.27,-0.13,82.80,1,-93,-11,3,10,45,13,13825561,339
206.06,1545056253,1271.49,51.482609,7.427784,136.12,14.35,-0.92,83.63,1,-93,-11,3,10,45,13,13825561,339
207.06,1545056254,1285.82,51.482617,7.428018,136.42,15.58,1.23,86.26,1,-89,-11,2,7,47,13,13825561,339
208.05,1545056255,1301.38,51.482617,7.428276,136.23,15.53,-0.04,88.96,1,-89,-11,2,7,47,13,13825561,339
209.06,1545056256,1316.93,51.482614,7.428499,135.92,14.35,-1.18,90.34,1,-92,-10,3,8,45,13,13825561,339
210.06,1545056257,1331.29,51.482607,7.428716,135.61,14.92,0.57,91.74,1,-92,-10,3,8,45,13,13825561,339
211.06,1545056258,1346.19,51.482593,7.428919,135.44,14.66,-0.26,93.51,1,-97,-15,-2,6,45,12,13823003,339
212.06,1545056259,1360.85,51.482582,7.429123,135.24,13.94,-0.72,94.04,1,-97,-15,-2,6,45,12,13823003,339
213.05,1545056260,1374.76,51.482568,7.429328,135.33,14.44,0.50,94.54,1,-92,-9,-1,5,43,12,13823003,266
214.05,1545056261,1389.21,51.482553,7.429527,135.54,13.64,-0.80,95.41,1,-92,-9,-1,5,43,12,13823003,266
215.05,1545056262,1402.86,51.482533,7.429733,135.62,13.98,0.34,96.18,1,-92,-10,2,8,42,12,13823003,266
216.05,1545056263,1416.85,51.482516,7.429936,135.76,14.31,0.33,96.26,1,-92,-10,2,8,42,12,13823003,266
217.06,1545056264,1431.18,51.482497,7.430133,136.34,13.78,-0.53,95.79,1,-92,-11,2,9,45,12,13823003,266
218.05,1545056265,1444.94,51.482484,7.430347,137.10,14.37,0.59,95.06,1,-92,-11,2,9,45,12,13823003,266
219.07,1545056266,1459.47,51.482472,7.430542,137.95,14.36,-0.01,95.75,1,-96,-10,2,6,39,12,13823003,266
220.05,1545056267,1473.67,51.482454,7.430765,138.43,13.67,-0.70,96.03,1,-96,-10,2,6,39,12,13823003,266
221.05,1545056268,1487.34,51.482432,7.430975,138.55,13.32,-0.34,96.37,1,-96,-10,2,6,39,12,13823003,266
222.06,1545056269,1500.67,51.482413,7.431171,138.51,13.24,-0.09,96.81,1,-94,-10,3,6,42,12,13823003,266
223.05,1545056270,1513.90,51.482393,7.431368,138.19,13.17,-0.07,96.12,1,-94,-10,3,6,42,12,13823003,266
224.05,1545056271,1527.06,51.482371,7.431572,137.90,13.51,0.34,96.99,1,-92,-11,2,6,44,12,13823003,266
225.05,1545056272,1540.57,51.482342,7.431794,137.48,13.42,-0.09,97.45,1,-92,-11,2,6,44,12,13823003,266
226.05,1545056273,1553.99,51.482318,7.431994,136.70,13.42,0.00,97.09,1,-90,-12,1,6,47,12,13823003,266
227.06,1545056274,1567.42,51.482294,7.432193,136.06,13.50,0.08,96.70,1,-90,-12,1,6,47,12,13823003,266
228.05,1545056275,1580.91,51.482269,7.432388,135.20,13.50,0.00,96.57,1,-86,-11,1,7,48,12,13823003,266
229.05,1545056276,1594.41,51.482248,7.432590,134.40,13.90,0.40,96.32,1,-86,-11,1,7,48,12,13823003,266
230.05,1545056277,1608.26,51.482228,7.432789,133.74,13.52,-0.39,96.95,1,-83,-7,10,9,50,12,13823003,266
231.05,1545056278,1621.77,51.482208,7.432975,133.42,12.71,-0.81,97.82,1,-83,-7,10,9,50,12,13823003,266
232.05,1545056279,1634.49,51.482190,7.433152,133.39,12.00,-0.70,97.60,1,-84,-8,7,9,49,12,13823003,266
233.05,1545056280,1646.48,51.482173,7.433318,133.44,11.40,-0.61,97.26,1,-84,-8,7,9,49,12,13823003,266
234.06,1545056281,1657.95,51.482160,7.433475,133.69,10.42,-0.97,96.71,1,-85,-7,5,9,47,12,13823003,266
235.05,1545056282,1668.29,51.482147,7.433607,134.00,7.83,-2.60,95.77,1,-85,-7,5,9,47,12,13823003,266
236.06,1545056283,1676.18,51.482139,7.433707,134.06,6.05,-1.77,95.36,1,-87,-12,6,9,49,12,13823003,266
237.05,1545056284,1682.23,51.482130,7.433788,134.18,4.60,-1.45,96.52,1,-87,-12,6,9,49,12,13823003,266
238.05,1545056285,1686.83,51.482124,7.433841,134.19,2.51,-2.09,96.00,1,-89,-7,5,9,44,12,13823003,266
239.05,1545056286,1689.34,51.482119,7.433880,134.22,2.23,-0.28,98.53,1,-89,-7,5,9,44,12,13823003,266
240.06,1545056287,1691.58,51.482115,7.433907,134.21,2.16,-0.07,98.04,1,-87,-8,10,8,46,12,13823003,266
241.05,1545056288,1693.72,51.482112,7.433940,134.17,2.92,0.77,97.33,1,-87,-8,10,8,46,12,13823003,266
242.05,1545056289,1696.64,51.482107,7.433982,134.14,2.86,-0.06,96.85,1,-87,-8,10,8,46,12,13823003,266
243.05,1545056290,1699.51,51.482102,7.434023,134.09,3.02,0.16,97.23,1,-92,-9,5,7,44,12,13823003,266
244.05,1545056291,1702.54,51.482097,7.434065,134.04,2.85,-0.17,96.59,1,-92,-9,5,7,44,12,13823003,266
245.05,1545056292,1705.39,51.482092,7.434106,134.01,2.52,-0.33,97.55,1,-83,-11,9,11,55,12,13823003,266
246.05,1545056293,1707.91,51.482089,7.434144,133.97,3.02,0.50,95.47,1,-83,-11,9,11,55,12,13823003,266
247.05,1545056294,1710.93,51.482088,7.434185,133.96,3.81,0.79,95.04,1,-89,-8,7,5,44,12,13823003,266
248.05,1545056295,1714.74,51.482085,7.434218,134.54,4.46,0.65,96.03,1,-89,-8,7,5,44,12,13823003,266
249.05,1545056296,1719.20,51.482080,7.434287,135.35,5.34,0.88,97.44,1,-82,-10,10,9,52,12,13823003,266
250.05,1545056297,1724.53,51.482075,7.434384,136.10,5.91,0.57,98.18,1,-82,-10,10,9,52,12,13823003,266
251.06,1545056298,1730.50,51.482071,7.434475,136.77,6.28,0.36,96.31,1,-87,-11,7,9,50,12,13823003,266
252.05,1545056299,1736.70,51.482065,7.434584,137.36,6.83,0.56,94.53,1,-87,-11,7,9,50,12,13823003,266
253.05,1545056300,1743.53,51.482058,7.434720,138.06,7.33,0.50,95.42,1,-86,-9,8,11,49,12,13823003,266
254.05,1545056301,1750.87,51.482051,7.434829,138.17,8.71,1.37,96.08,1,-86,-9,8,11,49,12,13823003,266
255.05,1545056302,1759.60,51.482043,7.434961,137.92,8.69,-0.02,96.78,1,-84,-9,9,12,52,12,13823003,266
256.05,1545056303,1768.28,51.482037,7.435093,138.07,8.64,-0.05,96.83,1,-84,-9,9,12,52,12,13823003,266
257.05,1545056304,1776.91,51.482030,7.435218,138.25,8.88,0.24,96.22,1,-82,-7,7,11,50,12,13823003,266
258.05,1545056305,1785.79,51.482024,7.435330,138.76,9.06,0.18,97.58,1,-82,-7,7,11,50,12,13823003,266
259.05,1545056306,1794.85,51.482015,7.435461,139.25,9.78,0.72,97.97,1,-83,-7,7,7,50,12,13823003,266
260.05,1545056307,1804.61,51.482003,7.435620,139.90,9.80,0.03,97.07,1,-83,-7,7,7,50,12,13823003,266
261.06,1545056308,1814.47,51.481994,7.435763,139.90,9.12,-0.68,97.62,1,-83,-8,14,8,51,12,13823003,266
262.05,1545056309,1823.55,51.481986,7.435894,140.10,9.59,0.47,97.07,1,-83,-8,14,8,51,12,13823003,266
263.05,1545056310,1833.15,51.481978,7.436030,140.47,10.48,0.89,96.46,1,-83,-8,14,8,51,12,13823003,266
264.05,1545056311,1843.63,51.481965,7.436190,141.05,10.49,0.01,97.26,1,-80,-10,11,8,57,12,13823003,266
265.05,1545056312,1854.09,51.481957,7.436333,141.90,10.16,-0.33,96.73,1,-80,-10,11,8,57,12,13823003,266
266.05,1545056313,1864.28,51.481945,7.436486,142.72,9.71,-0.45,96.33,1,-82,-10,12,10,55,12,13823003,266
267.05,1545056314,1873.97,51.481936,7.436622,143.65,9.60,-0.12,95.99,1,-82,-10,12,10,55,12,13823003,266
268.05,1545056315,1883.58,51.481926,7.436775,143.43,10.36,0.77,96.26,1,-84,-10,13,9,51,12,13823003,266
269.05,1545056316,1893.94,51.481916,7.436923,143.27,10.22,-0.14,95.75,1,-84,-10,13,9,51,12,13823003,266
270.05,1545056317,1904.16,51.481907,7.437076,143.43,10.44,0.22,95.85,1,-78,-11,10,10,55,12,13823003,266
271.05,1545056318,1914.60,51.481899,7.437217,143.51,10.65,0.21,96.35,1,-78,-11,10,10,55,12,13823003,266
272.05,1545056319,1925.23,51.481888,7.437371,143.67,10.35,-0.30,95.93,1,-76,-11,14,15,58,12,13823003,266
273.05,1545056320,1935.61,51.481877,7.437533,143.98,10.26,-0.09,96.51,1,-76,-11,14,15,58,12,13823003,266
274.05,1545056321,1945.86,51.481868,7.437674,144.23,10.36,0.11,95.99,1,-75,-11,17,13,62,12,13823003,266
275.05,1545056322,1956.23,51.481858,7.437818,144.74,10.29,-0.07,96.50,1,-75,-11,17,13,62,12,13823003,266
276.05,1545056323,1966.53,51.481849,7.437957,145.34,9.46,-0.83,97.30,1,-76,-7,22,12,57,12,13823003,266
277.05,1545056324,1975.98,51.481841,7.438056,145.14,9.32,-0.14,100.37,1,-76,-7,22,12,57,12,13823003,266
278.05,1545056325,1985.30,51.481828,7.438189,145.73,10.46,1.14,99.78,1,-73,-7,19,15,56,12,13823003,266
279.05,1545056326,1995.75,51.481816,7.438361,146.60,10.86,0.41,97.83,1,-73,-7,19,15,56,12,13823003,266
280.05,1545056327,2006.58,51.481808,7.438524,147.63,11.24,0.38,96.37,1,-75,-7,24,15,59,12,13823003,266
281.05,1545056328,2017.83,51.481801,7.438672,148.63,10.77,-0.47,96.04,1,-75,-7,24,15,59,12,13823003,266
282.06,1545056329,2028.71,51.481794,7.438823,149.60,10.73,-0.04,96.84,1,-69,-10,21,13,63,12,13823003,266
283.05,1545056330,2039.36,51.481787,7.438983,150.63,11.19,0.46,96.49,1,-69,-10,21,13,63,12,13823003,266
284.05,1545056331,2050.56,51.481776,7.439152,151.18,12.22,1.03,96.07,1,-69,-10,21,13,63,12,13823003,266
285.05,1545056332,2062.78,51.481766,7.439321,151.44,12.07,-0.15,96.39,1,-69,-9,18,15,63,12,13823003,266
286.05,1545056333,2074.85,51.481755,7.439492,151.44,11.39,-0.68,96.03,1,-69,-9,18,15,63,12,13823003,266
287.05,1545056334,2086.20,51.481742,7.439669,151.96,11.50,0.11,95.62,1,-66,-7,28,13,63,12,13823003,266
288.05,1545056335,2097.75,51.481735,7.439833,152.38,11.91,0.41,94.82,1,-66,-7,28,13,63,12,13823003,266
289.05,1545056336,2109.66,51.481731,7.439991,152.86,11.49,-0.42,94.41,1,-69,-7,24,12,63,12,13823003,266
290.05,1545056337,2121.15,51.481726,7.440152,153.34,11.41,-0.08,94.76,1,-69,-7,24,12,63,12,13823003,266
291.05,1545056338,2132.55,51.481717,7.440323,153.85,11.83,0.42,94.95,1,-77,-9,24,15,59,12,13823003,266
292.05,1545056339,2144.39,51.481709,7.440498,154.31,12.70,0.87,95.29,1,-77,-9,24,15,59,12,13823003,266
293.05,1545056340,2157.08,51.481700,7.440672,154.56,12.45,-0.25,95.54,1,-68,-9,21,14,63,12,13823003,266
294.05,1545056341,2169.54,51.481689,7.440851,155.11,12.53,0.09,96.47,1,-68,-9,21,14,63,12,13823003,266
295.05,1545056342,2182.03,51.481676,7.441028,155.55,12.09,-0.45,97.20,1,-76,-11,7,4,63,12,13823003,266
296.05,1545056343,2194.16,51.481657,7.441194,155.46,12.01,-0.08,99.35,1,-76,-11,7,4,63,12,13823003,266
297.05,1545056344,2206.17,51.481633,7.441364,155.80,11.87,-0.13,102.06,1,-69,-9,18,8,63,12,13823003,266
298.05,1545056345,2218.04,51.481602,7.441502,156.26,11.49,-0.39,105.76,1,-69,-9,18,8,63,12,13823003,266
299.05,1545056346,2229.53,51.481546,7.441644,156.63,11.90,0.41,118.51,1,-70,-9,7,11,63,12,13823003,266
300.05,1545056347,2241.39,51.481481,7.441816,156.75,12.72,0.82,120.12,1,-70,-9,7,11,63,12,13823003,266
301.05,1545056348,2254.12,51.481391,7.441956,157.11,12.86,0.14,135.47,1,-73,-10,0,6,62,1,13823002,265
302.05,1545056349,2267.00,51.481301,7.442094,157.17,12.82,-0.04,136.09,1,-73,-10,0,6,62,1,13823002,265
303.06,1545056350,2279.92,51.481207,7.442227,157.39,13.44,0.62,136.50,1,-73,-11,10,9,63,1,13823002,265
304.05,1545056351,2293.23,51.481117,7.442367,157.34,14.19,0.76,135.43,1,-73,-11,10,9,63,1,13823002,265
305.05,1545056352,2307.44,51.481025,7.442507,157.40,13.84,-0.35,134.52,1,-73,-11,10,9,63,1,13823002,265
306.05,1545056353,2321.32,51.480940,7.442645,157.62,13.08,-0.76,134.06,1,-70,-6,15,12,62,1,13823002,265
307.06,1545056354,2334.44,51.480861,7.442775,157.64,12.26,-0.82,133.47,1,-70,-6,15,12,62,1,13823002,265
308.05,1545056355,2346.65,51.480789,7.442894,157.68,11.68,-0.58,133.47,1,-67,-7,7,7,63,1,13823002,265
309.05,1545056356,2358.32,51.480720,7.443000,157.75,10.76,-0.92,135.64,1,-67,-7,7,7,63,1,13823002,265
310.05,1545056357,2369.09,51.480633,7.443072,157.97,9.97,-0.79,153.48,1,-66,-6,7,9,63,1,13823002,265
311.05,1545056358,2379.02,51.480552,7.443128,158.33,9.67,-0.30,157.55,1,-66,-6,7,9,63,1,13823002,265
312.05,1545056359,2388.70,51.480463,7.443142,158.96,9.67,0.01,177.08,1,-64,-6,13,15,63,1,13823002,265
313.05,1545056360,2398.36,51.480371,7.443152,159.40,10.77,1.10,177.49,1,-64,-6,13,15,63,1,13823002,265
314.05,1545056361,2409.17,51.480268,7.443172,159.68,11.31,0.53,174.92,1,-72,-7,18,9,62,1,13823002,265
315.05,1545056362,2420.47,51.480161,7.443237,159.96,12.61,1.31,156.64,1,-72,-7,18,9,62,1,13823002,265
316.05,1545056363,2433.04,51.480064,7.443316,159.85,13.14,0.53,154.19,1,-79,-13,6,6,60,1,13823002,265
317.06,1545056364,2446.25,51.479969,7.443401,159.79,13.27,0.13,153.22,1,-79,-13,6,6,60,1,13823002,265
318.06,1545056365,2459.51,51.479867,7.443493,159.88,13.33,0.06,152.52,1,-83,-12,5,6,55,1,13823002,265
319.06,1545056366,2472.84,51.479758,7.443594,159.99,13.67,0.35,151.56,1,-83,-12,5,6,55,1,13823002,265
320.05,1545056367,2486.49,51.479649,7.443690,160.03,13.90,0.23,151.55,1,-85,-14,2,6,55,1,13823002,265
321.05,1545056368,2500.40,51.479535,7.443790,160.22,14.11,0.21,152.03,1,-85,-14,2,6,55,1,13823002,265
322.05,1545056369,2514.46,51.479423,7.443896,160.31,14.44,0.33,151.39,1,-86,-11,-1,4,53,1,13823002,265
323.06,1545056370,2528.97,51.479310,7.443999,160.27,14.75,0.31,151.37,1,-86,-11,-1,4,53,1,13823002,265
324.05,1545056371,2543.68,51.479189,7.444113,160.17,15.13,0.38,151.38,1,-82,-10,-2,6,52,10,12896793,375
325.05,1545056372,2558.81,51.479073,7.444217,160.33,14.99,-0.14,151.59,1,-82,-10,-2,6,52,10,12896793,375
326.05,1545056373,2573.78,51.478961,7.444315,160.28,14.79,-0.21,151.91,1,-82,-10,-2,6,52,10,12896793,375
327.06,1545056374,2588.65,51.478849,7.444413,160.29,14.29,-0.49,151.62,1,-83,-11,9,8,54,10,12896793,375
328.05,1545056375,2602.90,51.478740,7.444508,160.14,13.61,-0.68,151.67,1,-83,-11,9,8,54,10,12896793,375
329.05,1545056376,2616.52,51.478628,7.444604,159.92,13.16,-0.45,151.45,1,-84,-9,8,11,52,10,12896793,375
330.05,1545056377,2629.67,51.478522,7.444693,159.88,12.85,-0.31,151.45,1,-84,-9,8,11,52,10,12896793,375
331.05,1545056378,2642.50,51.478425,7.444778,159.95,12.20,-0.65,152.03,1,-82,-9,6,5,53,10,12896793,375
332.05,1545056379,2654.73,51.478333,7.444859,160.14,11.83,-0.37,151.40,1,-82,-9,6,5,53,10,12896793,375
333.05,1545056380,2666.52,51.478247,7.444935,160.26,10.37,-1.47,151.35,1,-83,-11,8,5,55,10,12896793,375
334.05,1545056381,2676.91,51.478174,7.444997,160.37,8.60,-1.76,151.64,1,-83,-11,8,5,55,10,12896793,375
335.05,1545056382,2685.53,51.478115,7.445047,160.47,6.97,-1.64,151.15,1,-82,-11,8,11,56,10,12896793,375
336.05,1545056383,2692.49,51.478065,7.445090,160.45,5.03,-1.94,151.50,1,-82,-11,8,11,56,10,12896793,375
337.05,1545056384,2697.51,51.478030,7.445124,160.45,3.49,-1.54,151.85,1,-79,-8,10,10,56,10,12896793,375
338.05,1545056385,2701.01,51.478011,7.445140,160.45,2.12,-1.37,151.88,1,-79,-8,10,10,56,10,12896793,375
339.05,1545056386,2703.13,51.478002,7.445150,160.42,0.89,-1.23,150.25,1,-82,-8,10,8,54,10,12896793,375
340.05,1545056387,2704.02,51.478002,7.445150,160.42,0.00,-0.89,150.25,1,-82,-8,10,8,54,10,12896793,375
341.05,1545056388,2704.02,51.478002,7.445150,160.41,0.00,0.00,150.25,1,-84,-9,6,6,51,10,12896793,375
342.05,1545056389,2704.02,51.478002,7.445150,160.41,0.00,0.00,150.25,1,-84,-9,6,6,51,10,12896793,375
343.05,1545056390,2704.02,51.478002,7.445150,160.41,0.00,0.00,150.25,1,-85,-7,8,10,48,10,12896793,375
344.05,1545056391,2704.02,51.478002,7.445150,160.40,0.00,0.00,150.25,1,-85,-7,8,10,48,10,12896793,375
345.06,1545056392,2704.02,51.478002,7.445150,160.38,0.00,0.00,156.11,1,-86,-8,7,6,46,10,12896793,375
346.05,1545056393,2704.02,51.478002,7.445150,160.35,0.00,0.00,154.80,1,-86,-8,7,6,46,10,12896793,375
347.05,1545056394,2704.02,51.477952,7.445186,160.32,3.16,0.00,153.70,1,-86,-8,7,6,46,10,12896793,375
348.05,1545056395,2707.18,51.477922,7.445210,160.29,3.63,0.47,153.33,1,-81,-9,9,11,53,10,12896793,375
349.05,1545056396,2710.81,51.477887,7.445240,159.77,4.41,0.78,153.70,1,-81,-9,9,11,53,10,12896793,375
350.05,1545056397,2715.21,51.477847,7.445276,159.04,4.75,0.34,152.90,1,-78,-8,11,11,58,10,12896793,375
351.05,1545056398,2719.96,51.477804,7.445314,158.67,5.09,0.34,152.37,1,-78,-8,11,11,58,10,12896793,375
352.05,1545056399,2725.05,51.477753,7.445356,158.49,6.43,1.34,151.65,1,-81,-7,13,15,53,10,12896793,375
353.05,1545056400,2731.51,51.477696,7.445406,158.25,7.39,0.96,152.03,1,-81,-7,13,15,53,10,12896793,375
354.05,1545056401,2738.89,51.477636,7.445459,157.99,7.43,0.03,152.33,1,-79,-8,13,10,55,10,12896793,375
355.05,1545056402,2746.29,51.477578,7.445510,157.77,7.59,0.16,152.00,1,-79,-8,13,10,55,10,12896793,375
356.05,1545056403,2753.91,51.477519,7.445562,157.66,7.68,0.09,152.11,1,-79,-8,14,11,57,10,12896793,375
357.05,1545056404,2761.59,51.477455,7.445617,157.58,8.27,0.59,151.51,1,-79,-8,14,11,57,10,12896793,375
358.05,1545056405,2769.86,51.477386,7.445679,157.49,9.14,0.87,152.22,1,-82,-8,15,11,53,10,12896793,375
359.05,1545056406,2779.01,51.477311,7.445741,157.56,9.87,0.73,152.06,1,-82,-8,15,11,53,10,12896793,375
360.05,1545056407,2788.88,51.477229,7.445812,157.55,10.48,0.61,151.56,1,-78,-6,16,11,56,10,12896793,375
361.05,1545056408,2799.35,51.477145,7.445886,157.69,10.69,0.21,151.06,1,-78,-6,16,11,56,10,12896793,375
362.05,1545056409,2810.01,51.477059,7.445960,157.95,10.91,0.22,151.63,1,-77,-8,17,11,58,10,12896793,375
363.05,1545056410,2820.93,51.476974,7.446036,158.06,10.98,0.08,151.46,1,-77,-8,17,11,58,10,12896793,375
364.05,1545056411,2831.94,51.476877,7.446125,158.19,10.98,-0.00,151.13,1,-76,-11,18,12,60,10,12896793,375
365.05,1545056412,2842.91,51.476797,7.446199,158.41,10.81,-0.18,151.07,1,-76,-11,18,12,60,10,12896793,375
366.06,1545056413,2853.81,51.476718,7.446268,158.50,10.69,-0.12,150.45,1,-75,-11,19,11,60,10,12896793,375
367.05,1545056414,2864.40,51.476635,7.446338,158.61,10.62,-0.07,150.85,1,-75,-11,19,11,60,10,12896793,375
368.05,1545056415,2875.03,51.476554,7.446410,158.67,11.07,0.45,151.21,1,-75,-11,19,11,60,10,12896793,375
369.05,1545056416,2886.10,51.476465,7.446484,158.90,11.01,-0.06,151.72,1,-74,-7,17,15,56,10,12896793,375
370.05,1545056417,2897.11,51.476373,7.446561,159.10,11.44,0.43,152.08,1,-74,-7,17,15,56,10,12896793,375
371.06,1545056418,2908.62,51.476283,7.446635,159.27,11.84,0.40,152.13,1,-71,-7,19,15,61,10,12896793,375
372.05,1545056419,2920.36,51.476185,7.446716,159.49,11.86,0.02,152.57,1,-71,-7,19,15,61,10,12896793,375
373.05,1545056420,2932.22,51.476084,7.446798,159.75,11.87,0.01,152.01,1,-72,-10,21,15,63,10,12896793,375
374.05,1545056421,2944.12,51.475991,7.446875,159.92,11.84,-0.03,151.81,1,-72,-10,21,15,63,10,12896793,375
375.05,1545056422,2955.95,51.475899,7.446955,160.04,11.55,-0.28,151.08,1,-74,-6,22,15,57,10,12896793,375
376.05,1545056423,2967.51,51.475809,7.447033,160.18,11.34,-0.21,151.94,1,-74,-6,22,15,57,10,12896793,375
377.05,1545056424,2978.85,51.475721,7.447111,160.28,10.77,-0.57,151.87,1,-75,-9,22,15,60,10,12896793,375
378.05,1545056425,2989.61,51.475646,7.447177,160.41,9.52,-1.26,151.45,1,-75,-9,22,15,60,10,12896793,375
379.05,1545056426,2999.13,51.475580,7.447235,160.45,7.96,-1.56,151.93,1,-76,-9,22,12,60,10,12896793,375
380.05,1545056427,3007.09,51.475518,7.447289,160.63,7.09,-0.87,151.47,1,-76,-9,22,12,60,10,12896793,375
381.05,1545056428,3014.18,51.475456,7.447346,160.84,6.70,-0.39,150.49,1,-77,-9,22,14,59,10,12896793,375
382.05,1545056429,3020.86,51.475402,7.447400,160.90,6.42,-0.28,149.96,1,-77,-9,22,14,59,10,12896793,375
383.05,1545056430,3027.29,51.475354,7.447450,160.98,6.47,0.05,149.20,1,-80,-11,17,12,58,10,12896793,375
384.05,1545056431,3033.75,51.475306,7.447502,161.03,6.71,0.24,148.53,1,-80,-11,17,12,58,10,12896793,375
385.05,1545056432,3040.49,51.475259,7.447550,160.79,6.99,0.28,147.71,1,-81,-11,18,12,56,10,12896793,375
386.05,1545056433,3047.48,51.475209,7.447600,160.75,6.77,-0.22,147.00,1,-81,-11,18,12,56,10,12896793,375
387.06,1545056434,3054.28,51.475159,7.447651,160.61,6.59,-0.18,146.53,1,-80,-9,18,15,55,10,12896793,375
388.05,1545056435,3060.83,51.475111,7.447702,160.51,6.25,-0.35,145.93,1,-80,-9,18,15,55,10,12896793,375
389.05,1545056436,3067.07,51.475067,7.447749,160.47,5.93,-0.31,145.42,1,-80,-9,18,15,55,10,12896793,375
390.05,1545056437,3073.01,51.475026,7.447798,160.43,5.58,-0.35,144.92,1,-84,-9,14,8,51,10,12896793,375
391.05,1545056438,3078.59,51.474988,7.447839,160.42,4.98,-0.61,143.74,1,-84,-9,14,8,51,10,12896793,375
392.05,1545056439,3083.56,51.474953,7.447875,160.42,4.44,-0.54,143.06,1,-82,-8,14,12,52,10,12896793,375
393.05,1545056440,3088.00,51.474921,7.447909,160.43,4.04,-0.40,142.51,1,-82,-8,14,12,52,10,12896793,375
394.05,1545056441,3092.03,51.474893,7.447939,160.43,3.63,-0.41,143.18,1,-85,-11,14,12,53,10,12896793,375
395.05,1545056442,3095.67,51.474867,7.447966,160.44,3.20,-0.43,142.69,1,-85,-11,14,12,53,10,12896793,375
396.05,1545056443,3098.87,51.474845,7.447990,160.45,2.56,-0.64,143.23,1,-84,-7,12,11,49,10,12896793,375
397.05,1545056444,3101.44,51.474845,7.447990,160.45,0.00,-2.56,143.23,1,-84,-7,12,11,49,10,12896793,375
398.05,1545056445,3101.44,51.474845,7.447990,160.45,0.00,0.00,143.23,1,-82,-7,13,12,50,10,12896793,375
399.05,1545056446,3101.44,51.474845,7.447990,160.45,0.00,0.00,143.23,1,-82,-7,13,12,50,10,12896793,375
400.05,1545056447,3101.44,51.474845,7.447990,160.44,0.00,0.00,143.23,1,-82,-6,14,12,48,10,12896793,375
401.05,1545056448,3101.44,51.474845,7.447990,160.44,0.00,0.00,143.23,1,-82,-6,14,12,48,10,12896793,375
402.05,1545056449,3101.44,51.474845,7.447990,160.44,0.00,0.00,143.23,1,-84,-9,16,10,50,10,12896793,375
403.05,1545056450,3101.44,51.474845,7.447990,160.43,0.00,0.00,143.23,1,-84,-9,16,10,50,10,12896793,375
404.05,1545056451,3101.44,51.474845,7.447990,160.43,0.00,0.00,143.23,1,-83,-6,16,11,48,10,12896793,375
405.05,1545056452,3101.44,51.474845,7.447990,160.43,0.00,0.00,143.23,1,-83,-6,16,11,48,10,12896793,375
406.05,1545056453,3101.44,51.474845,7.447990,160.43,0.00,0.00,143.23,1,-84,-11,16,11,52,10,12896793,375
407.06,1545056454,3101.44,51.474845,7.447990,160.43,0.00,0.00,143.23,1,-84,-11,16,11,52,10,12896793,375
408.06,1545056455,3101.44,51.474845,7.447990,160.43,0.00,0.00,143.23,1,-83,-11,15,10,52,10,12896793,375
409.05,1545056456,3101.44,51.474845,7.447990,160.44,0.00,0.00,143.23,1,-83,-11,15,10,52,10,12896793,375
410.05,1545056457,3101.44,51.474845,7.447990,160.45,0.00,0.00,143.23,1,-83,-11,15,10,52,10,12896793,375
411.06,1545056458,3101.44,51.474845,7.447990,160.46,0.00,0.00,143.23,1,-84,-11,16,11,52,10,12896793,375
412.05,1545056459,3101.44,51.474845,7.447990,160.48,0.00,0.00,143.23,1,-84,-11,16,11,52,10,12896793,375
413.05,1545056460,3101.44,51.474845,7.447990,160.50,0.00,0.00,143.23,1,-84,-11,16,10,52,10,12896793,375
414.06,1545056461,3101.44,51.474845,7.447990,160.51,0.00,0.00,143.23,1,-84,-11,16,10,52,10,12896793,375
415.05,1545056462,3101.44,51.474845,7.447990,160.53,0.00,0.00,143.23,1,-84,-9,17,12,51,10,12896793,375
416.05,1545056463,3101.44,51.474845,7.447990,160.55,0.00,0.00,143.23,1,-84,-9,17,12,51,10,12896793,375
417.05,1545056464,3101.44,51.474845,7.447990,160.56,0.00,0.00,143.23,1,-84,-9,18,12,50,10,12896793,375
418.05,1545056465,3101.44,51.474845,7.447990,160.58,0.00,0.00,143.23,1,-84,-9,18,12,50,10,12896793,375
419.05,1545056466,3101.44,51.474845,7.447990,160.60,0.00,0.00,143.23,1,-83,-7,18,14,50,10,12896793,375
420.05,1545056467,3101.44,51.474845,7.447990,160.61,0.00,0.00,143.23,1,-83,-7,18,14,50,10,12896793,375
421.05,1545056468,3101.44,51.474845,7.447990,160.63,0.00,0.00,143.23,1,-84,-11,18,11,52,10,12896793,375
422.05,1545056469,3101.44,51.474845,7.447990,160.64,0.00,0.00,143.23,1,-84,-11,18,11,52,10,12896793,375
423.05,1545056470,3101.44,51.474845,7.447990,160.66,0.00,0.00,143.23,1,-84,-11,18,11,52,10,12896793,375
424.05,1545056471,3101.44,51.474845,7.447990,160.67,0.00,0.00,143.23,1,-84,-11,18,11,52,10,12896793,375
425.05,1545056472,3101.44,51.474845,7.447990,160.69,0.00,0.00,143.23,1,-85,-11,19,11,51,10,12896793,375
426.05,1545056473,3101.44,51.474845,7.447990,160.70,0.00,0.00,143.23,1,-85,-11,19,11,51,10,12896793,375
427.05,1545056474,3101.44,51.474845,7.447990,160.72,0.00,0.00,143.23,1,-85,-11,18,8,51,10,12896793,375
428.05,1545056475,3101.44,51.474845,7.447990,160.73,0.00,0.00,143.23,1,-85,-11,18,8,51,10,12896793,375
429.06,1545056476,3101.44,51.474845,7.447990,160.75,0.00,0.00,143.23,1,-84,-11,17,11,51,10,12896793,375
430.05,1545056477,3101.44,51.474845,7.447990,160.76,0.00,0.00,143.23,1,-84,-11,17,11,51,10,12896793,375
431.05,1545056478,3101.44,51.474845,7.447990,160.78,0.00,0.00,143.23,1,-84,-11,17,11,51,10,12896793,375
432.05,1545056479,3101.44,51.474845,7.447990,160.79,0.00,0.00,143.23,1,-85,-11,17,14,51,10,12896793,375
433.05,1545056480,3101.44,51.474845,7.447990,160.80,0.00,0.00,143.23,1,-85,-11,17,14,51,10,12896793,375
434.06,1545056481,3101.44,51.474845,7.447990,160.82,0.00,0.00,143.23,1,-85,-10,18,12,51,10,12896793,375
435.05,1545056482,3101.44,51.474845,7.447990,160.83,0.00,0.00,143.23,1,-85,-10,18,12,51,10,12896793,375
436.05,1545056483,3101.44,51.474845,7.447990,160.84,0.00,0.00,143.23,1,-85,-7,17,11,48,10,12896793,375
437.05,1545056484,3101.44,51.474845,7.447990,160.85,0.00,0.00,143.23,1,-85,-7,17,11,48,10,12896793,375
438.05,1545056485,3101.44,51.474845,7.447990,160.87,0.00,0.00,143.23,1,-84,-6,18,11,47,10,12896793,375
439.05,1545056486,3101.44,51.474845,7.447990,160.88,0.00,0.00,143.23,1,-84,-6,18,11,47,10,12896793,375
440.05,1545056487,3101.44,51.474845,7.447990,160.89,0.00,0.00,143.23,1,-84,-10,17,12,51,10,12896793,375
441.05,1545056488,3101.44,51.474845,7.447990,160.90,0.00,0.00,143.23,1,-84,-10,17,12,51,10,12896793,375
442.05,1545056489,3101.44,51.474845,7.447990,160.91,0.00,0.00,143.23,1,-86,-6,18,12,46,10,12896793,375
443.05,1545056490,3101.44,51.474845,7.447990,160.92,0.00,0.00,143.23,1,-86,-6,18,12,46,10,12896793,375
444.05,1545056491,3101.44,51.474845,7.447990,160.92,0.00,0.00,143.23,1,-85,-6,18,12,46,10,12896793,375
445.05,1545056492,3101.44,51.474845,7.447990,160.93,0.00,0.00,143.23,1,-85,-6,18,12,46,10,12896793,375
446.05,1545056493,3101.44,51.474845,7.447990,161.01,0.00,0.00,143.23,1,-85,-6,17,12,48,10,12896793,375
447.05,1545056494,3101.44,51.474845,7.447990,161.08,0.00,0.00,143.23,1,-85,-6,17,12,48,10,12896793,375
448.05,1545056495,3101.44,51.474845,7.447990,161.09,0.00,0.00,143.23,1,-81,-6,17,14,50,10,12896793,375
449.05,1545056496,3101.44,51.474845,7.447990,161.10,0.00,0.00,143.23,1,-81,-6,17,14,50,10,12896793,375
450.06,1545056497,3101.44,51.474845,7.447990,161.18,0.00,0.00,143.23,1,-83,-6,18,12,49,10,12896793,375
451.05,1545056498,3101.44,51.474845,7.447990,161.28,0.00,0.00,138.71,1,-83,-6,18,12,49,10,12896793,375
452.05,1545056499,3101.44,51.474784,7.448060,161.39,0.00,0.00,139.77,1,-83,-6,18,12,49,10,12896793,375
453.05,1545056500,3101.44,51.474756,7.448094,162.56,4.18,0.00,140.15,1,-85,-7,16,12,48,10,12896793,375
454.05,1545056501,3105.62,51.474729,7.448126,163.02,5.50,1.31,140.71,1,-85,-7,16,12,48,10,12896793,375
455.05,1545056502,3111.12,51.474694,7.448165,162.99,6.35,0.85,141.29,1,-84,-9,16,10,52,10,12896793,375
456.05,1545056503,3117.46,51.474652,7.448215,162.78,6.36,0.01,141.66,1,-84,-9,16,10,52,10,12896793,375
457.05,1545056504,3123.83,51.474606,7.448267,162.67,6.50,0.14,141.64,1,-84,-8,15,9,51,10,12896793,375
458.05,1545056505,3130.33,51.474557,7.448325,162.54,7.23,0.73,141.14,1,-84,-8,15,9,51,10,12896793,375
459.05,1545056506,3137.56,51.474502,7.448392,162.45,7.96,0.72,140.63,1,-78,-11,14,10,59,10,12896793,375
460.05,1545056507,3145.48,51.474447,7.448462,162.28,7.94,-0.02,140.73,1,-78,-11,14,10,59,10,12896793,375
461.05,1545056508,3153.45,51.474389,7.448536,162.06,7.96,0.02,141.19,1,-81,-9,12,9,55,10,12896793,375
462.05,1545056509,3161.39,51.474331,7.448611,161.82,8.43,0.47,140.62,1,-81,-9,12,9,55,10,12896793,375
463.05,1545056510,3169.84,51.474269,7.448693,161.59,8.76,0.33,140.69,1,-80,-7,14,10,53,10,12896793,375
464.05,1545056511,3178.58,51.474205,7.448781,161.49,9.28,0.52,140.17,1,-80,-7,14,10,53,10,12896793,375
465.05,1545056512,3187.88,51.474130,7.448884,161.66,10.03,0.75,139.64,1,-71,-7,15,10,63,10,12896793,375
466.05,1545056513,3197.91,51.474055,7.448993,162.14,10.41,0.38,139.02,1,-71,-7,15,10,63,10,12896793,375
467.05,1545056514,3208.31,51.473986,7.449093,162.70,10.28,-0.13,138.32,1,-71,-8,15,11,63,10,12896793,375
468.05,1545056515,3218.60,51.473924,7.449189,163.03,9.94,-0.34,137.63,1,-71,-8,15,11,63,10,12896793,375
469.05,1545056516,3228.54,51.473864,7.449281,163.40,10.08,0.14,136.90,1,-66,-5,14,9,63,10,12896793,375
470.05,1545056517,3238.59,51.473796,7.449392,163.51,10.82,0.73,135.95,1,-66,-5,14,9,63,10,12896793,375
471.06,1545056518,3249.47,51.473731,7.449504,163.62,10.73,-0.08,134.27,1,-74,-8,11,9,62,10,12896793,375
472.05,1545056519,3260.15,51.473666,7.449619,163.97,10.69,-0.04,133.12,1,-74,-8,11,9,62,10,12896793,375
473.05,1545056520,3270.87,51.473597,7.449746,164.51,11.10,0.40,132.12,1,-74,-8,11,9,62,10,12896793,375
474.05,1545056521,3281.96,51.473530,7.449875,165.24,11.29,0.19,131.02,1,-84,-12,9,9,54,10,12896793,375
475.05,1545056522,3293.26,51.473467,7.450002,165.98,11.17,-0.11,129.85,1,-84,-12,9,9,54,10,12896793,375
476.05,1545056523,3304.45,51.473404,7.450137,166.55,10.73,-0.45,128.60,1,-76,-9,6,8,60,10,12896793,375
477.05,1545056524,3315.17,51.473346,7.450268,166.80,10.83,0.10,127.27,1,-76,-9,6,8,60,10,12896793,375
478.06,1545056525,3326.03,51.473286,7.450409,167.08,11.29,0.46,126.09,1,-77,-8,7,8,57,1,12896794,376
479.06,1545056526,3337.31,51.473223,7.450561,167.62,12.08,0.80,125.09,1,-77,-8,7,8,57,1,12896794,376
480.05,1545056527,3349.31,51.473166,7.450710,168.20,12.39,0.31,124.03,1,-73,-11,8,7,63,1,12896794,376
481.05,1545056528,3361.72,51.473111,7.450860,168.50,13.05,0.66,122.61,1,-73,-11,8,7,63,1,12896794,376
482.05,1545056529,3374.76,51.473054,7.451027,168.65,14.12,1.07,121.01,1,-80,-7,8,9,54,1,12896794,376
483.06,1545056530,3388.98,51.472995,7.451212,168.94,14.57,0.45,119.28,1,-80,-7,8,9,54,1,12896794,376
484.05,1545056531,3403.48,51.472937,7.451404,169.15,14.22,-0.35,117.67,1,-82,-9,12,10,52,1,12896794,376
485.05,1545056532,3417.70,51.472890,7.451582,169.26,13.97,-0.25,116.12,1,-82,-9,12,10,52,1,12896794,376
486.05,1545056533,3431.66,51.472845,7.451763,169.11,13.73,-0.23,114.24,1,-79,-7,16,12,53,1,12896794,376
487.05,1545056534,3445.40,51.472805,7.451943,168.88,13.51,-0.22,112.41,1,-79,-7,16,12,53,1,12896794,376
488.05,1545056535,3458.90,51.472761,7.452140,168.37,13.41,-0.09,110.95,1,-75,-6,21,14,56,1,12896794,376
489.05,1545056536,3472.30,51.472721,7.452334,167.44,13.50,0.09,109.29,1,-75,-6,21,14,56,1,12896794,376
490.05,1545056537,3485.82,51.472682,7.452533,166.73,13.80,0.30,108.06,1,-70,-5,26,15,62,1,12896794,376
491.05,1545056538,3499.56,51.472653,7.452721,166.35,14.14,0.35,106.87,1,-70,-5,26,15,62,1,12896794,376
492.06,1545056539,3513.80,51.472621,7.452930,166.23,14.68,0.53,105.87,1,-72,-6,25,15,59,1,12896794,376
493.05,1545056540,3528.39,51.472589,7.453135,166.00,15.31,0.63,104.95,1,-72,-6,25,15,59,1,12896794,376
494.05,1545056541,3543.75,51.472558,7.453347,165.63,15.33,0.02,104.43,1,-72,-6,25,15,59,1,12896794,376
495.05,1545056542,3559.09,51.472525,7.453563,165.28,15.50,0.17,103.88,1,-64,-7,24,15,63,1,12896794,376
496.05,1545056543,3574.54,51.472500,7.453764,165.39,15.66,0.16,104.29,1,-64,-7,24,15,63,1,12896794,376
497.05,1545056544,3590.19,51.472470,7.453979,165.39,15.60,-0.06,104.87,1,-66,-8,25,15,63,1,12896794,376
498.05,1545056545,3605.82,51.472439,7.454195,165.26,15.52,-0.08,105.28,1,-66,-8,25,15,63,1,12896794,376
499.05,1545056546,3621.36,51.472406,7.454410,165.16,15.39,-0.13,105.72,1,-71,-5,32,15,62,1,12896794,376
500.05,1545056547,3636.76,51.472370,7.454627,165.14,15.28,-0.11,106.33,1,-71,-5,32,15,62,1,12896794,376
501.05,1545056548,3652.02,51.472336,7.454833,164.84,15.01,-0.27,106.93,1,-77,-6,21,12,55,1,12896794,376
502.05,1545056549,3666.99,51.472302,7.455042,164.48,14.66,-0.35,107.58,1,-77,-6,21,12,55,1,12896794,376
503.05,1545056550,3681.69,51.472265,7.455244,164.05,14.46,-0.20,108.48,1,-81,-6,20,12,52,1,12896794,376
504.05,1545056551,3696.11,51.472225,7.455438,163.69,14.13,-0.33,109.54,1,-81,-6,20,12,52,1,12896794,376
505.05,1545056552,3710.25,51.472186,7.455625,163.40,13.90,-0.23,110.43,1,-83,-7,14,10,49,1,12896794,376
506.05,1545056553,3724.17,51.472143,7.455805,163.30,13.52,-0.39,111.48,1,-83,-7,14,10,49,1,12896794,376
507.05,1545056554,3737.70,51.472097,7.455984,163.15,13.43,-0.09,112.47,1,-86,-6,16,15,47,1,12896794,376
508.05,1545056555,3751.12,51.472045,7.456167,162.86,13.62,0.19,113.04,1,-86,-6,16,15,47,1,12896794,376
509.05,1545056556,3764.69,51.471993,7.456348,162.53,13.62,-0.00,113.43,1,-89,-7,17,10,43,1,12896794,376
510.05,1545056557,3778.39,51.471940,7.456528,162.20,13.80,0.18,114.23,1,-89,-7,17,10,43,1,12896794,376
511.05,1545056558,3792.17,51.471886,7.456711,161.83,13.65,-0.15,114.35,1,-88,-7,19,11,45,1,12896794,376
512.05,1545056559,3805.81,51.471836,7.456884,161.59,13.53,-0.12,114.63,1,-88,-7,19,11,45,1,12896794,376
513.06,1545056560,3819.47,51.471784,7.457056,161.35,13.38,-0.15,115.46,1,-86,-6,15,15,47,1,12896794,376
514.05,1545056561,3832.76,51.471731,7.457229,161.15,13.40,0.02,115.93,1,-86,-6,15,15,47,1,12896794,376
515.05,1545056562,3846.14,51.471678,7.457403,160.96,13.54,0.14,116.39,1,-86,-6,15,15,47,1,12896794,376
516.05,1545056563,3859.66,51.471621,7.457577,160.79,13.91,0.38,117.18,1,-88,-5,14,13,44,1,12896794,376
517.05,1545056564,3873.59,51.471564,7.457747,160.47,13.86,-0.05,118.02,1,-88,-5,14,13,44,1,12896794,376
518.05,1545056565,3887.46,51.471501,7.457935,160.50,13.87,0.02,117.69,1,-94,-7,17,7,40,1,12896794,376
519.05,1545056566,3901.33,51.471444,7.458105,160.75,13.07,-0.80,117.11,1,-94,-7,17,7,40,1,12896794,376
520.06,1545056567,3914.41,51.471393,7.458260,160.95,11.40,-1.67,116.67,1,-93,-7,18,8,41,1,12896794,376
521.05,1545056568,3925.79,51.471352,7.458385,160.75,8.83,-2.57,115.73,1,-93,-7,18,8,41,1,12896794,376
522.05,1545056569,3934.61,51.471318,7.458487,160.41,6.60,-2.23,115.33,1,-91,-7,17,7,43,1,12896794,376
523.05,1545056570,3941.21,51.471290,7.458571,160.03,5.94,-0.66,116.09,1,-91,-7,17,7,43,1,12896794,376
524.06,1545056571,3947.19,51.471266,7.458648,159.75,5.93,-0.00,115.56,1,-91,-7,12,10,42,1,12896794,376
525.07,1545056572,3953.19,51.471239,7.458737,159.32,7.09,1.14,115.96,1,-91,-7,12,10,42,1,12896794,376
526.05,1545056573,3960.16,51.471210,7.458827,159.21,7.08,-0.01,115.69,1,-93,-8,9,11,41,1,12896794,376
527.05,1545056574,3967.22,51.471179,7.458918,159.19,7.85,0.78,116.20,1,-93,-8,9,11,41,1,12896794,376
528.05,1545056575,3975.06,51.471143,7.459022,159.36,9.31,1.46,115.92,1,-91,-11,10,10,47,1,12896794,376
529.05,1545056576,3984.38,51.471104,7.459140,159.44,9.35,0.04,115.77,1,-91,-11,10,10,47,1,12896794,376
530.05,1545056577,3993.75,51.471069,7.459251,159.40,7.99,-1.36,114.93,1,-87,-7,12,9,46,1,12896794,376
531.05,1545056578,4001.75,51.471033,7.459369,159.04,8.11,0.11,116.03,1,-87,-7,12,9,46,1,12896794,376
532.06,1545056579,4009.86,51.470999,7.459482,158.68,8.52,0.42,115.96,1,-86,-8,15,8,50,1,12896794,376
533.06,1545056580,4018.39,51.470963,7.459596,158.46,8.83,0.30,116.91,1,-86,-8,15,8,50,1,12896794,376
534.07,1545056581,4027.37,51.470930,7.459713,158.41,9.50,0.66,117.37,1,-85,-11,11,7,53,1,12896794,376
535.06,1545056582,4036.76,51.470898,7.459825,158.54,9.29,-0.21,116.11,1,-85,-11,11,7,53,1,12896794,376
536.05,1545056583,4045.98,51.470867,7.459963,158.57,9.42,0.12,113.42,1,-85,-11,11,7,53,1,12896794,376
537.05,1545056584,4055.40,51.470837,7.460108,158.47,9.49,0.08,112.06,1,-88,-8,12,8,46,1,12896794,376
538.05,1545056585,4064.89,51.470807,7.460259,158.24,10.09,0.59,111.15,1,-88,-8,12,8,46,1,12896794,376
539.05,1545056586,4074.98,51.470776,7.460404,157.71,10.59,0.51,111.03,1,-83,-6,21,12,49,1,12896794,376
540.05,1545056587,4085.52,51.470742,7.460552,157.37,10.49,-0.10,111.56,1,-83,-6,21,12,49,1,12896794,376
541.05,1545056588,4096.06,51.470709,7.460704,157.17,10.48,-0.01,111.98,1,-88,-7,15,10,45,1,12896794,376
542.05,1545056589,4106.54,51.470672,7.460843,157.31,10.47,-0.01,112.84,1,-88,-7,15,10,45,1,12896794,376
543.05,1545056590,4117.02,51.470639,7.460965,157.17,10.23,-0.25,113.33,1,-85,-6,13,10,47,1,12896794,376
544.05,1545056591,4127.24,51.470602,7.461102,156.70,11.03,0.80,113.67,1,-85,-6,13,10,47,1,12896794,376
545.05,1545056592,4138.27,51.470559,7.461240,156.42,11.17,0.14,114.02,1,-92,-8,8,7,42,1,12896794,376
546.05,1545056593,4149.44,51.470514,7.461392,156.34,11.56,0.39,114.97,1,-92,-8,8,7,42,1,12896794,376
547.05,1545056594,4160.98,51.470469,7.461548,156.19,12.30,0.74,114.63,1,-91,-8,10,9,43,1,12896794,376
548.05,1545056595,4173.28,51.470419,7.461701,156.26,12.75,0.45,115.51,1,-91,-8,10,9,43,1,12896794,376
549.05,1545056596,4186.03,51.470370,7.461857,156.64,11.22,-1.53,115.10,1,-87,-6,13,9,45,1,12896794,376
550.05,1545056597,4197.26,51.470320,7.462008,157.51,11.01,-0.21,115.62,1,-87,-6,13,9,45,1,12896794,376
551.05,1545056598,4208.26,51.470268,7.462164,158.43,11.67,0.66,115.10,1,-92,-8,16,8,42,1,12896794,376
552.05,1545056599,4219.94,51.470218,7.462316,159.38,12.12,0.45,115.30,1,-92,-8,16,8,42,1,12896794,376
553.05,1545056600,4232.06,51.470169,7.462472,159.96,11.88,-0.24,116.18,1,-90,-8,13,11,46,1,12896794,376
554.05,1545056601,4243.91,51.470120,7.462624,160.36,12.10,0.22,116.42,1,-90,-8,13,11,46,1,12896794,376
555.06,1545056602,4256.08,51.470070,7.462793,160.66,12.71,0.61,116.00,1,-95,-12,12,9,43,1,12896794,376
556.05,1545056603,4268.76,51.470027,7.462947,160.62,12.08,-0.63,115.27,1,-95,-12,12,9,43,1,12896794,376
557.05,1545056604,4280.83,51.469973,7.463126,160.29,12.84,0.76,116.02,1,-95,-12,12,9,43,1,12896794,376
558.05,1545056605,4293.67,51.469922,7.463298,159.87,13.55,0.71,115.42,1,-94,-7,9,8,40,1,12896794,376
559.05,1545056606,4307.22,51.469867,7.463479,159.47,13.68,0.13,114.41,1,-94,-7,9,8,40,1,12896794,376
560.05,1545056607,4320.91,51.469807,7.463690,158.97,14.82,1.14,113.42,1,-94,-7,9,7,38,1,12896794,376
561.06,1545056608,4335.75,51.469755,7.463911,158.80,16.18,1.36,112.42,1,-94,-7,9,7,38,1,12896794,376
562.06,1545056609,4351.96,51.469705,7.464123,159.16,16.46,0.28,111.53,1,-95,-9,9,6,41,1,12896794,376
563.06,1545056610,4368.40,51.469664,7.464332,159.04,16.35,-0.11,110.77,1,-95,-9,9,6,41,1,12896794,376
564.06,1545056611,4384.75,51.469618,7.464564,158.81,16.65,0.30,109.31,1,-94,-8,5,10,40,1,12896794,376
565.06,1545056612,4401.45,51.469575,7.464806,158.27,17.20,0.55,107.94,1,-94,-8,5,10,40,1,12896794,376
566.05,1545056613,4418.53,51.469538,7.465044,157.70,17.18,-0.02,106.11,1,-90,-7,14,9,43,1,12896794,376
567.05,1545056614,4435.73,51.469502,7.465282,157.21,16.49,-0.69,105.02,1,-90,-7,14,9,43,1,12896794,376
568.05,1545056615,4452.24,51.469470,7.465523,156.90,15.59,-0.90,103.22,1,-94,-8,8,9,41,1,12896794,376
569.05,1545056616,4467.83,51.469443,7.465762,156.57,15.90,0.31,101.01,1,-94,-8,8,9,41,1,12896794,376
570.06,1545056617,4483.82,51.469425,7.466001,156.23,16.10,0.20,97.99,1,-98,-10,10,7,38,1,12896794,376
571.06,1545056618,4499.86,51.469412,7.466241,156.20,16.79,0.69,96.39,1,-98,-10,10,7,38,1,12896794,376
572.06,1545056619,4516.64,51.469404,7.466483,156.39,16.48,-0.31,94.55,1,-101,-10,4,8,35,1,12896794,376
573.05,1545056620,4533.10,51.469400,7.466719,156.53,16.27,-0.21,92.93,1,-101,-10,4,8,35,1,12896794,376
574.06,1545056621,4549.47,51.469400,7.466950,156.56,16.21,-0.05,91.77,1,-99,-9,3,5,37,1,12896794,376
575.06,1545056622,4565.60,51.469404,7.467189,156.30,16.17,-0.05,89.85,1,-99,-9,3,5,37,1,12896794,376
576.06,1545056623,4581.90,51.469417,7.467412,155.80,16.03,-0.13,88.21,1,-98,-12,3,7,40,1,12896794,376
577.06,1545056624,4597.82,51.469436,7.467625,155.70,15.77,-0.26,86.77,1,-98,-12,3,7,40,1,12896794,376
578.05,1545056625,4613.51,51.469458,7.467838,155.77,15.00,-0.77,85.22,1,-98,-12,3,7,40,1,12896794,376
579.05,1545056626,4628.54,51.469483,7.468050,155.92,14.51,-0.49,84.04,1,-94,-12,3,10,43,1,12896794,376
580.05,1545056627,4643.05,51.469504,7.468258,156.32,14.45,-0.06,82.96,1,-94,-12,3,10,43,1,12896794,376
581.05,1545056628,4657.50,51.469524,7.468472,156.69,14.52,0.07,82.38,1,-95,-8,9,8,39,1,12896794,376
582.05,1545056629,4672.02,51.469545,7.468692,156.86,14.40,-0.12,81.87,1,-95,-8,9,8,39,1,12896794,376
583.06,1545056630,4686.45,51.469566,7.468887,156.71,14.52,0.12,82.63,1,-99,-9,8,9,38,1,12896794,376
584.05,1545056631,4700.96,51.469589,7.469084,156.66,14.31,-0.21,82.69,1,-99,-9,8,9,38,1,12896794,376
585.05,1545056632,4715.27,51.469612,7.469293,156.17,12.88,-1.43,81.91,1,-99,-11,4,6,38,1,12896794,376
586.05,1545056633,4728.15,51.469628,7.469485,155.96,13.40,0.52,81.27,1,-99,-11,4,6,38,1,12896794,376
587.05,1545056634,4741.54,51.469650,7.469680,155.29,13.50,0.10,80.69,1,-97,-8,-1,1,38,1,12896794,376
588.05,1545056635,4755.05,51.469674,7.469906,154.58,14.84,1.34,80.25,1,-97,-8,-1,1,38,1,12896794,376
589.05,1545056636,4769.87,51.469695,7.470128,153.93,15.91,1.08,80.91,1,-97,-8,7,5,37,1,12896794,376
590.05,1545056637,4785.73,51.469716,7.470364,153.38,16.27,0.36,81.98,1,-97,-8,7,5,37,1,12896794,376
591.06,1545056638,4802.18,51.469739,7.470602,152.99,15.97,-0.30,82.35,1,-95,-8,14,9,38,1,12896794,376
592.05,1545056639,4818.00,51.469759,7.470825,153.15,15.66,-0.31,82.85,1,-95,-8,14,9,38,1,12896794,376
593.05,1545056640,4833.68,51.469773,7.471044,153.62,15.86,0.20,83.76,1,-97,-8,8,9,37,1,12896794,376
594.06,1545056641,4849.59,51.469787,7.471283,154.25,16.13,0.26,85.29,1,-97,-8,8,9,37,1,12896794,376
595.06,1545056642,4865.71,51.469798,7.471514,155.30,16.07,-0.06,86.01,1,-97,-10,4,6,39,1,12896794,376
596.06,1545056643,4881.89,51.469802,7.471731,156.11,15.41,-0.65,87.82,1,-97,-10,4,6,39,1,12896794,376
597.06,1545056644,4897.30,51.469801,7.471939,157.05,15.50,0.10,89.72,1,-97,-9,4,9,38,1,12896794,376
598.05,1545056645,4912.66,51.469800,7.472177,157.96,16.23,0.73,91.55,1,-97,-9,4,9,38,1,12896794,376
599.05,1545056646,4928.91,51.469792,7.472420,159.27,16.89,0.66,92.92,1,-97,-9,4,9,38,1,12896794,376
600.05,1545056647,4945.78,51.469783,7.472666,160.39,17.22,0.33,94.07,1,-99,-10,3,6,38,1,12896794,376
601.05,1545056648,4963.02,51.469771,7.472925,161.30,16.86,-0.36,94.95,1,-99,-10,3,6,38,1,12896794,376
602.09,1545056649,4980.45,51.469754,7.473184,161.98,16.51,-0.34,95.47,1,-100,-14,-2,6,40,1,12896794,376
603.06,1545056650,4996.43,51.469733,7.473425,161.89,16.16,-0.36,96.55,1,-100,-14,-2,6,40,1,12896794,376
604.06,1545056651,5012.58,51.469711,7.473655,161.86,15.57,-0.59,97.12,1,-96,-13,-2,5,41,14,12909339,289
605.06,1545056652,5028.15,51.469687,7.473873,162.25,15.08,-0.49,97.61,1,-96,-13,-2,5,41,14,12909339,289
606.06,1545056653,5043.23,51.469661,7.474084,162.72,14.88,-0.20,98.13,1,-97,-14,0,6,43,14,12909339,289
607.06,1545056654,5058.14,51.469636,7.474306,162.90,14.67,-0.21,97.62,1,-97,-14,0,6,43,14,12909339,289
608.06,1545056655,5072.80,51.469611,7.474525,162.73,15.15,0.48,97.56,1,-95,-13,-2,5,45,14,12909339,289
609.06,1545056656,5087.95,51.469588,7.474765,163.01,15.33,0.18,97.02,1,-95,-13,-2,5,45,14,12909339,289
610.06,1545056657,5103.27,51.469566,7.474988,163.57,15.63,0.30,97.61,1,-98,-13,-1,6,41,14,12909339,289
611.05,1545056658,5118.88,51.469547,7.475204,164.28,15.30,-0.33,97.03,1,-98,-13,-1,6,41,14,12909339,289
612.06,1545056659,5134.20,51.469529,7.475429,165.18,15.37,0.07,96.05,1,-97,-12,1,7,42,14,12909339,289
613.06,1545056660,5149.59,51.469516,7.475651,166.07,15.12,-0.26,94.85,1,-97,-12,1,7,42,14,12909339,289
614.06,1545056661,5164.69,51.469505,7.475862,167.16,14.61,-0.51,93.86,1,-97,-13,2,8,42,14,12909339,289
615.05,1545056662,5179.28,51.469503,7.476045,168.60,13.88,-0.73,91.63,1,-97,-13,2,8,42,14,12909339,289
616.05,1545056663,5193.16,51.469500,7.476238,170.14,13.01,-0.87,90.85,1,-92,-12,4,7,44,14,12909339,289
617.06,1545056664,5206.18,51.469503,7.476412,171.10,12.58,-0.43,88.51,1,-92,-12,4,7,44,14,12909339,289
618.06,1545056665,5218.83,51.469507,7.476592,171.74,13.22,0.64,87.34,1,-87,-10,6,10,47,14,12909339,289
619.06,1545056666,5231.97,51.469513,7.476776,172.45,13.43,0.20,86.46,1,-87,-10,6,10,47,14,12909339,289
620.07,1545056667,5245.60,51.469527,7.476955,173.25,12.10,-1.30,83.80,1,-90,-9,7,8,45,14,12909339,289
621.05,1545056668,5257.49,51.469541,7.477141,173.67,12.18,0.08,84.02,1,-90,-9,7,8,45,14,12909339,289
622.05,1545056669,5269.69,51.469555,7.477333,173.59,12.05,-0.13,84.20,1,-90,-9,7,8,45,14,12909339,289
623.05,1545056670,5281.74,51.469571,7.477525,173.07,11.45,-0.60,82.41,1,-91,-11,8,10,46,14,12909339,289
624.05,1545056671,5293.16,51.469590,7.477712,172.16,10.36,-1.09,80.43,1,-91,-11,8,10,46,14,12909339,289
625.06,1545056672,5303.63,51.469606,7.477861,171.40,9.05,-1.30,79.67,1,-90,-11,8,7,47,14,12909339,289
626.05,1545056673,5312.60,51.469620,7.477992,170.56,7.97,-1.09,80.45,1,-90,-11,8,7,47,14,12909339,289
627.05,1545056674,5320.57,51.469633,7.478124,169.51,7.79,-0.18,79.49,1,-90,-11,7,11,47,14,12909339,289
628.05,1545056675,5328.36,51.469648,7.478218,168.55,6.76,-1.04,78.66,1,-90,-11,7,11,47,14,12909339,289
629.05,1545056676,5335.12,51.469661,7.478310,167.50,6.00,-0.76,77.75,1,-91,-12,5,6,47,14,12909339,289
630.05,1545056677,5341.10,51.469670,7.478374,166.66,5.10,-0.90,77.07,1,-91,-12,5,6,47,14,12909339,289
631.06,1545056678,5346.22,51.469679,7.478437,166.03,4.26,-0.84,76.43,1,-91,-13,5,6,48,14,12909339,289
632.06,1545056679,5350.49,51.469687,7.478501,165.96,3.62,-0.64,80.32,1,-91,-13,5,6,48,14,12909339,289
633.06,1545056680,5354.11,51.469693,7.478539,165.89,3.11,-0.52,76.51,1,-92,-12,6,6,46,14,12909339,289
634.06,1545056681,5357.21,51.469698,7.478563,165.84,1.79,-1.32,80.37,1,-92,-12,6,6,46,14,12909339,289
635.06,1545056682,5359.01,51.469698,7.478584,165.83,1.29,-0.50,81.26,1,-90,-12,5,6,48,14,12909339,289
636.06,1545056683,5360.29,51.469703,7.478596,165.84,0.65,-0.63,81.26,1,-90,-12,5,6,48,14,12909339,289
637.06,1545056684,5360.94,51.469703,7.478596,165.84,0.00,-0.65,81.26,1,-91,-12,6,6,47,14,12909339,289
638.06,1545056685,5360.94,51.469703,7.478596,165.84,0.00,0.00,81.26,1,-91,-12,6,6,47,14,12909339,289
639.06,1545056686,5360.94,51.469703,7.478596,165.85,0.00,0.00,81.26,1,-91,-13,4,6,47,14,12909339,289
640.06,1545056687,5360.94,51.469703,7.478596,165.86,0.00,0.00,81.26,1,-91,-13,4,6,47,14,12909339,289
641.10,1545056688,5360.94,51.469703,7.478596,165.87,0.00,0.00,81.26,1,-92,-13,5,5,47,14,12909339,289
642.06,1545056689,5360.94,51.469703,7.478596,165.88,0.00,0.00,81.26,1,-92,-13,5,5,47,14,12909339,289
643.05,1545056690,5360.94,51.469703,7.478596,165.89,0.00,0.00,81.26,1,-92,-13,5,5,47,14,12909339,289
644.06,1545056691,5360.94,51.469703,7.478596,165.90,0.00,0.00,81.26,1,-92,-13,5,6,46,14,12909339,289
645.06,1545056692,5360.94,51.469703,7.478596,165.91,0.00,0.00,81.26,1,-92,-13,5,6,46,14,12909339,289
646.06,1545056693,5360.94,51.469703,7.478596,165.97,0.00,0.00,81.26,1,-91,-12,8,6,47,14,12909339,289
647.06,1545056694,5360.94,51.469703,7.478596,166.04,0.00,0.00,76.34,1,-91,-12,8,6,47,14,12909339,289
648.05,1545056695,5360.94,51.469703,7.478596,166.61,0.00,0.00,75.44,1,-92,-12,7,5,46,14,12909339,289
649.06,1545056696,5360.94,51.469737,7.478753,166.86,5.93,0.00,75.80,1,-92,-12,7,5,46,14,12909339,289
650.05,1545056697,5366.87,51.469756,7.478861,167.38,7.46,1.53,75.32,1,-91,-8,8,11,43,14,12909339,289
651.05,1545056698,5374.33,51.469776,7.478970,167.30,9.08,1.62,74.76,1,-91,-8,8,11,43,14,12909339,289
652.05,1545056699,5383.39,51.469800,7.479104,167.35,9.73,0.64,74.47,1,-92,-12,9,12,47,14,12909339,289
653.05,1545056700,5393.14,51.469828,7.479239,167.20,9.77,0.04,74.04,1,-92,-12,9,12,47,14,12909339,289
654.05,1545056701,5402.90,51.469860,7.479384,167.07,9.44,-0.33,73.48,1,-90,-11,10,10,48,14,12909339,289
655.05,1545056702,5412.32,51.469888,7.479503,167.28,8.96,-0.49,72.91,1,-90,-11,10,10,48,14,12909339,289
656.05,1545056703,5421.31,51.469914,7.479637,167.39,9.18,0.22,72.53,1,-85,-6,14,11,47,14,12909339,289
657.05,1545056704,5430.49,51.469939,7.479766,167.38,9.53,0.35,72.38,1,-85,-6,14,11,47,14,12909339,289
658.05,1545056705,5440.01,51.469965,7.479902,167.32,10.20,0.68,71.98,1,-85,-7,18,9,48,14,12909339,289
659.05,1545056706,5450.21,51.469991,7.480039,167.23,10.14,-0.07,72.76,1,-85,-7,18,9,48,14,12909339,289
660.05,1545056707,5460.34,51.470022,7.480183,167.16,10.75,0.61,72.80,1,-88,-8,15,10,47,14,12909339,289
661.05,1545056708,5471.07,51.470055,7.480332,167.30,10.96,0.21,71.98,1,-88,-8,15,10,47,14,12909339,289
662.06,1545056709,5482.16,51.470087,7.480481,167.61,11.05,0.09,72.04,1,-89,-10,12,5,48,14,12909339,289
663.05,1545056710,5493.12,51.470119,7.480620,168.53,11.41,0.36,71.56,1,-89,-10,12,5,48,14,12909339,289
664.05,1545056711,5504.53,51.470154,7.480773,169.55,11.84,0.44,71.08,1,-89,-10,12,5,48,14,12909339,289
665.05,1545056712,5516.37,51.470190,7.480937,170.36,12.20,0.36,71.54,1,-90,-9,14,9,45,14,12909339,289
666.05,1545056713,5528.56,51.470228,7.481109,170.94,12.04,-0.16,72.03,1,-90,-9,14,9,45,14,12909339,289
667.05,1545056714,5540.58,51.470260,7.481275,171.40,10.38,-1.67,72.65,1,-93,-8,13,14,42,14,12909339,289
668.05,1545056715,5550.96,51.470283,7.481406,171.37,8.08,-2.29,73.42,1,-93,-8,13,14,42,14,12909339,289
669.05,1545056716,5559.04,51.470286,7.481520,171.24,5.79,-2.30,91.06,1,-93,-9,10,10,43,14,12909339,289
670.05,1545056717,5564.83,51.470247,7.481583,171.10,6.32,0.54,136.57,1,-93,-9,10,10,43,14,12909339,289
671.05,1545056718,5571.16,51.470185,7.481655,170.92,8.92,2.59,154.09,1,-92,-7,14,12,41,14,12909339,289
672.05,1545056719,5580.08,51.470119,7.481691,171.10,9.69,0.77,156.64,1,-92,-7,14,12,41,14,12909339,289
673.05,1545056720,5589.76,51.470028,7.481742,171.50,11.03,1.34,158.42,1,-93,-8,10,12,40,14,12909339,289
674.05,1545056721,5600.79,51.469933,7.481789,171.60,12.54,1.51,160.27,1,-93,-8,10,12,40,14,12909339,289
675.05,1545056722,5613.33,51.469820,7.481841,171.48,13.97,1.44,161.83,1,-90,-8,15,10,44,14,12909339,289
676.05,1545056723,5627.30,51.469695,7.481895,171.61,14.07,0.10,162.56,1,-90,-8,15,10,44,14,12909339,289
677.05,1545056724,5641.37,51.469572,7.481943,171.93,13.73,-0.34,163.72,1,-90,-8,16,13,44,14,12909339,289
678.05,1545056725,5655.11,51.469448,7.482003,172.26,13.37,-0.36,164.28,1,-90,-8,16,13,44,14,12909339,289
679.05,1545056726,5668.47,51.469337,7.482058,172.85,13.19,-0.19,163.69,1,-90,-8,7,5,45,14,12909339,289
680.05,1545056727,5681.63,51.469213,7.482109,174.15,14.12,0.94,164.72,1,-90,-8,7,5,45,14,12909339,289
681.05,1545056728,5695.80,51.469080,7.482164,175.10,13.24,-0.88,164.20,1,-91,-8,14,9,43,14,12909339,289
682.05,1545056729,5708.99,51.468957,7.482212,174.96,13.34,0.10,164.92,1,-91,-8,14,9,43,14,12909339,289
683.06,1545056730,5722.47,51.468844,7.482258,174.87,12.83,-0.51,165.36,1,-89,-9,11,14,45,14,12909339,289
684.05,1545056731,5735.20,51.468729,7.482304,174.83,12.74,-0.09,165.26,1,-89,-9,11,14,45,14,12909339,289
685.05,1545056732,5747.95,51.468617,7.482351,174.82,12.35,-0.39,164.67,1,-89,-9,11,14,45,14,12909339,289
686.06,1545056733,5760.31,51.468509,7.482398,175.08,12.10,-0.25,164.01,1,-89,-11,11,12,48,14,12909339,289
687.05,1545056734,5772.37,51.468408,7.482442,175.40,11.20,-0.91,163.16,1,-89,-11,11,12,48,14,12909339,289
688.06,1545056735,5783.61,51.468304,7.482491,175.17,11.77,0.57,163.90,1,-89,-11,11,9,49,14,12909339,289
689.05,1545056736,5795.33,51.468203,7.482531,174.75,11.38,-0.39,164.77,1,-89,-11,11,9,49,14,12909339,289
690.05,1545056737,5806.74,51.468106,7.482572,174.31,10.78,-0.60,165.25,1,-89,-7,12,10,44,14,12909339,289
691.06,1545056738,5817.53,51.468006,7.482607,174.24,9.81,-0.97,165.69,1,-89,-7,12,10,44,14,12909339,289
692.05,1545056739,5827.31,51.467913,7.482638,174.51,9.21,-0.60,166.90,1,-89,-11,12,13,47,14,12909339,289
693.05,1545056740,5836.54,51.467827,7.482662,174.87,8.80,-0.41,168.29,1,-89,-11,12,13,47,14,12909339,289
694.05,1545056741,5845.33,51.467753,7.482683,175.21,8.22,-0.59,168.83,1,-93,-9,10,12,42,14,12909339,289
695.05,1545056742,5853.55,51.467688,7.482699,175.40,7.06,-1.16,170.10,1,-93,-9,10,12,42,14,12909339,289
696.05,1545056743,5860.61,51.467630,7.482718,174.91,6.36,-0.70,169.72,1,-88,-7,14,11,45,14,12909339,289
697.05,1545056744,5866.97,51.467584,7.482737,174.53,6.48,0.12,170.60,1,-88,-7,14,11,45,14,12909339,289
698.05,1545056745,5873.46,51.467522,7.482753,174.17,8.22,1.73,171.70,1,-90,-6,15,9,41,14,12909339,289
699.05,1545056746,5881.67,51.467444,7.482765,173.43,9.86,1.65,173.35,1,-90,-6,15,9,41,14,12909339,289
700.05,1545056747,5891.54,51.467349,7.482778,172.70,11.12,1.26,174.98,1,-92,-10,19,10,45,14,12909339,289
701.05,1545056748,5902.67,51.467235,7.482784,172.04,12.32,1.19,176.90,1,-92,-10,19,10,45,14,12909339,289
702.05,1545056749,5914.97,51.467119,7.482784,171.30,13.49,1.17,178.66,1,-92,-8,15,9,42,14,12909339,289
703.05,1545056750,5928.46,51.466994,7.482780,170.59,13.95,0.47,180.21,1,-92,-8,15,9,42,14,12909339,289
704.06,1545056751,5942.54,51.466860,7.482761,170.23,13.93,-0.03,183.13,1,-93,-11,11,9,45,14,12909339,289
705.05,1545056752,5956.36,51.466728,7.482728,170.09,13.83,-0.10,186.60,1,-93,-11,11,9,45,14,12909339,289
706.05,1545056753,5970.17,51.466606,7.482685,169.90,14.46,0.63,189.95,1,-93,-11,11,9,45,14,12909339,289
707.05,1545056754,5984.64,51.466485,7.482628,170.26,14.31,-0.15,193.46,1,-90,-7,11,9,44,14,12909339,289
708.05,1545056755,5998.95,51.466366,7.482560,170.72,13.59,-0.71,195.71,1,-90,-7,11,9,44,14,12909339,289
709.05,1545056756,6012.54,51.466230,7.482480,170.93,14.61,1.01,197.15,1,-90,-9,24,11,45,14,12909339,289
710.05,1545056757,6027.10,51.466102,7.482397,170.78,15.42,0.82,198.21,1,-90,-9,24,11,45,14,12909339,289
711.05,1545056758,6042.55,51.465963,7.482307,170.17,15.62,0.20,200.70,1,-98,-8,21,10,37,14,12909339,289
712.05,1545056759,6058.19,51.465850,7.482179,169.82,14.13,-1.49,215.69,1,-98,-8,21,10,37,14,12909339,289
713.05,1545056760,6072.32,51.465736,7.482052,169.40,14.13,0.00,206.91,1,-100,-12,10,9,37,14,12909339,289
714.05,1545056761,6086.45,51.465619,7.481980,168.69,14.63,0.50,205.16,1,-100,-12,10,9,37,14,12909339,289
715.05,1545056762,6101.06,51.465501,7.481901,168.06,14.79,0.16,204.50,1,-90,-11,8,8,47,14,12909339,289
716.05,1545056763,6115.81,51.465381,7.481824,167.67,14.50,-0.29,203.80,1,-90,-11,8,8,47,14,12909339,289
717.06,1545056764,6130.38,51.465254,7.481730,168.10,14.79,0.29,203.12,1,-94,-12,5,5,44,14,12909339,289
718.06,1545056765,6145.18,51.465123,7.481650,168.58,14.48,-0.31,202.44,1,-94,-12,5,5,44,14,12909339,289
719.06,1545056766,6159.66,51.464987,7.481567,168.30,14.68,0.20,201.61,1,-93,-11,5,6,44,14,12909339,289
720.07,1545056767,6174.53,51.464858,7.481494,168.58,15.14,0.45,200.62,1,-93,-11,5,6,44,14,12909339,289
721.06,1545056768,6189.47,51.464725,7.481423,169.43,15.33,0.19,200.13,1,-100,-13,3,7,39,14,12909339,289
722.06,1545056769,6204.81,51.464590,7.481356,170.04,15.41,0.08,199.30,1,-100,-13,3,7,39,14,12909339,289
723.05,1545056770,6220.19,51.464453,7.481284,170.69,15.83,0.42,198.71,1,-97,-12,3,9,42,14,12909339,289
724.06,1545056771,6236.04,51.464322,7.481219,172.17,16.04,0.21,198.02,1,-97,-12,3,9,42,14,12909339,289
725.06,1545056772,6252.21,51.464178,7.481151,173.24,16.39,0.34,198.32,1,-94,-12,3,6,43,14,12909339,289
726.06,1545056773,6268.46,51.464028,7.481077,174.00,16.51,0.12,197.54,1,-94,-12,3,6,43,14,12909339,289
727.06,1545056774,6284.97,51.463884,7.481013,174.67,15.86,-0.64,196.84,1,-94,-12,3,6,43,14,12909339,289
728.06,1545056775,6300.83,51.463747,7.480953,175.21,15.35,-0.52,196.60,1,-96,-9,3,5,40,14,12909339,289
729.05,1545056776,6316.12,51.463617,7.480892,175.78,15.00,-0.34,196.68,1,-96,-9,3,5,40,14,12909339,289
730.06,1545056777,6331.18,51.463491,7.480831,176.27,14.78,-0.23,196.47,1,-97,-15,-1,6,43,14,12909339,289
731.06,1545056778,6345.96,51.463366,7.480771,176.67,14.66,-0.12,196.15,1,-97,-15,-1,6,43,14,12909339,289
732.06,1545056779,6360.62,51.463244,7.480713,176.81,14.46,-0.20,196.25,1,-93,-13,-1,6,46,7,12909595,143
733.06,1545056780,6375.10,51.463124,7.480663,177.09,14.57,0.11,195.63,1,-93,-13,-1,6,46,7,12909595,143
734.06,1545056781,6389.65,51.462996,7.480605,177.59,14.95,0.39,196.17,1,-97,-11,0,6,40,7,12909595,143
735.06,1545056782,6404.62,51.462868,7.480549,178.17,14.72,-0.24,196.45,1,-97,-11,0,6,40,7,12909595,143
736.05,1545056783,6419.28,51.462745,7.480493,178.78,14.13,-0.58,195.67,1,-90,-9,2,9,45,7,12909595,143
737.06,1545056784,6433.45,51.462628,7.480440,179.35,12.86,-1.27,195.11,1,-90,-9,2,9,45,7,12909595,143
738.05,1545056785,6446.30,51.462521,7.480396,179.86,11.04,-1.82,194.54,1,-90,-10,5,10,46,7,12909595,143
739.05,1545056786,6457.34,51.462434,7.480355,180.47,9.58,-1.47,195.19,1,-90,-10,5,10,46,7,12909595,143
740.06,1545056787,6466.93,51.462364,7.480321,181.03,7.30,-2.27,196.01,1,-91,-12,5,6,47,7,12909595,143
741.05,1545056788,6474.22,51.462312,7.480294,181.46,5.34,-1.97,196.06,1,-91,-12,5,6,47,7,12909595,143
742.06,1545056789,6479.56,51.462273,7.480276,181.49,3.92,-1.41,197.05,1,-93,-11,5,9,45,7,12909595,143
743.06,1545056790,6483.49,51.462246,7.480265,181.50,2.72,-1.20,194.45,1,-93,-11,5,9,45,7,12909595,143
744.05,1545056791,6486.21,51.462225,7.480262,181.49,1.18,-1.54,181.35,1,-92,-13,5,9,47,7,12909595,143
745.05,1545056792,6487.39,51.462212,7.480255,181.46,1.28,0.09,199.06,1,-92,-13,5,9,47,7,12909595,143
746.07,1545056793,6488.68,51.462195,7.480247,181.42,2.84,1.55,198.03,1,-93,-13,3,5,45,7,12909595,143
747.06,1545056794,6491.50,51.462159,7.480230,181.13,4.31,1.48,197.09,1,-93,-13,3,5,45,7,12909595,143
748.05,1545056795,6495.80,51.462105,7.480236,181.26,5.63,1.33,175.92,1,-93,-13,3,5,45,7,12909595,143
749.06,1545056796,6501.44,51.462069,7.480270,181.35,4.92,-0.71,146.72,1,-92,-12,2,8,47,7,12909595,143
750.05,1545056797,6506.35,51.462061,7.480323,181.51,5.87,0.95,108.50,1,-92,-12,2,8,47,7,12909595,143
751.05,1545056798,6512.22,51.462054,7.480422,181.43,6.50,0.63,93.79,1,-91,-11,3,5,46,7,12909595,143
752.05,1545056799,6518.70,51.462054,7.480534,181.44,7.61,1.11,91.47,1,-91,-11,3,5,46,7,12909595,143
753.05,1545056800,6526.33,51.462055,7.480660,181.15,8.73,1.12,90.20,1,-97,-12,2,5,40,7,12909595,143
754.05,1545056801,6535.05,51.462056,7.480798,180.36,10.39,1.66,90.76,1,-97,-12,2,5,40,7,12909595,143
755.05,1545056802,6545.46,51.462057,7.480952,179.71,10.83,0.43,90.77,1,-97,-12,2,8,41,7,12909595,143
756.05,1545056803,6556.27,51.462057,7.481088,178.87,10.38,-0.45,91.11,1,-97,-12,2,8,41,7,12909595,143
757.05,1545056804,6566.66,51.462055,7.481255,178.35,10.64,0.27,90.12,1,-96,-12,3,7,41,7,12909595,143
758.06,1545056805,6577.31,51.462054,7.481416,178.13,11.46,0.82,90.03,1,-96,-12,3,7,41,7,12909595,143
759.05,1545056806,6588.76,51.462052,7.481597,177.55,12.49,1.03,89.80,1,-96,-12,4,7,40,7,12909595,143
760.06,1545056807,6601.26,51.462047,7.481787,177.13,12.49,-0.01,90.13,1,-96,-12,4,7,40,7,12909595,143
761.05,1545056808,6613.73,51.462042,7.481971,176.95,12.61,0.13,90.55,1,-98,-12,3,7,39,7,12909595,143
762.05,1545056809,6626.35,51.462036,7.482153,176.88,12.44,-0.18,91.04,1,-98,-12,3,7,39,7,12909595,143
763.06,1545056810,6638.81,51.462028,7.482340,177.05,12.36,-0.08,91.49,1,-90,-11,1,7,43,7,12909595,143
764.06,1545056811,6651.15,51.462021,7.482517,177.19,12.06,-0.30,90.91,1,-90,-11,1,7,43,7,12909595,143
765.05,1545056812,6663.20,51.462014,7.482686,177.52,11.97,-0.09,90.64,1,-102,-16,-1,4,39,7,12909595,143
766.06,1545056813,6675.19,51.462009,7.482854,177.96,11.90,-0.07,91.05,1,-102,-16,-1,4,39,7,12909595,143
767.06,1545056814,6687.19,51.462006,7.483039,178.06,12.08,0.18,90.61,1,-103,-15,-4,5,40,7,12909595,143
768.06,1545056815,6699.17,51.462005,7.483209,177.79,12.16,0.07,90.29,1,-103,-15,-4,5,40,7,12909595,143
769.06,1545056816,6711.34,51.462002,7.483371,176.98,11.39,-0.77,91.83,1,-103,-15,-4,5,40,7,12909595,143
770.06,1545056817,6722.74,51.461995,7.483524,176.23,10.81,-0.58,94.60,1,-103,-18,-7,4,41,7,12909595,143
771.06,1545056818,6733.54,51.461984,7.483718,175.29,10.81,0.00,92.90,1,-103,-18,-7,4,41,7,12909595,143
772.06,1545056819,6744.34,51.461981,7.483894,172.78,11.15,0.34,92.52,1,-99,-13,-2,6,40,5,12909593,141
773.05,1545056820,6755.45,51.461974,7.484020,172.66,8.88,-2.28,94.01,1,-99,-13,-2,6,40,5,12909593,141
774.05,1545056821,6764.32,51.461956,7.484129,172.55,8.90,0.03,98.08,1,-88,-9,2,8,46,5,12909593,141
775.05,1545056822,6773.23,51.461926,7.484193,173.47,7.78,-1.13,134.38,1,-88,-9,2,8,46,5,12909593,141
776.05,1545056823,6781.01,51.461886,7.484225,174.33,8.38,0.61,155.62,1,-84,-7,4,11,48,5,12909593,141
777.05,1545056824,6789.39,51.461820,7.484270,175.53,9.72,1.34,158.45,1,-84,-7,4,11,48,5,12909593,141
778.05,1545056825,6799.10,51.461730,7.484320,176.77,10.56,0.85,161.20,1,-84,-12,5,6,53,5,12909593,141
779.05,1545056826,6809.66,51.461647,7.484356,177.65,11.40,0.83,163.02,1,-84,-12,5,6,53,5,12909593,141
780.05,1545056827,6821.04,51.461543,7.484396,178.66,13.32,1.93,165.15,1,-84,-8,11,12,51,5,12909593,141
781.05,1545056828,6834.39,51.461412,7.484444,179.80,14.27,0.94,166.44,1,-84,-8,11,12,51,5,12909593,141
782.05,1545056829,6848.62,51.461287,7.484492,180.88,14.98,0.71,167.19,1,-78,-10,10,6,59,5,12909593,141
783.05,1545056830,6863.64,51.461150,7.484531,182.01,15.30,0.32,169.46,1,-78,-10,10,6,59,5,12909593,141
784.05,1545056831,6878.94,51.461009,7.484555,183.25,15.70,0.41,171.96,1,-80,-7,6,15,54,5,12909593,141
785.05,1545056832,6894.64,51.460866,7.484578,184.28,15.47,-0.23,173.83,1,-80,-7,6,15,54,5,12909593,141
786.05,1545056833,6910.09,51.460722,7.484587,185.54,15.31,-0.15,175.76,1,-79,-11,16,12,58,5,12909593,141
787.05,1545056834,6925.42,51.460574,7.484593,186.61,15.66,0.34,177.58,1,-79,-11,16,12,58,5,12909593,141
788.06,1545056835,6941.19,51.460420,7.484594,187.06,15.62,-0.04,179.79,1,-79,-11,11,15,59,5,12909593,141
789.05,1545056836,6956.71,51.460274,7.484581,187.70,15.29,-0.33,181.66,1,-79,-11,11,15,59,5,12909593,141
790.05,1545056837,6971.97,51.460130,7.484557,188.04,15.50,0.21,183.41,1,-79,-11,11,15,59,5,12909593,141
791.05,1545056838,6987.49,51.459996,7.484528,188.75,15.22,-0.28,185.26,1,-79,-11,9,9,57,5,12909593,141
792.05,1545056839,7002.67,51.459859,7.484487,189.29,15.21,-0.01,186.72,1,-79,-11,9,9,57,5,12909593,141
793.05,1545056840,7017.93,51.459727,7.484445,189.96,15.00,-0.21,187.86,1,-79,-13,6,7,59,5,12909593,141
794.05,1545056841,7032.93,51.459591,7.484400,190.43,15.58,0.59,188.53,1,-79,-13,6,7,59,5,12909593,141
795.06,1545056842,7048.52,51.459443,7.484346,191.07,15.45,-0.13,189.06,1,-81,-15,-1,5,59,5,12909593,141
796.05,1545056843,7063.96,51.459303,7.484299,191.83,15.35,-0.10,189.41,1,-81,-15,-1,5,59,5,12909593,141
797.05,1545056844,7079.29,51.459178,7.484260,192.51,14.57,-0.78,190.04,1,-72,-14,-4,5,63,5,12909593,141
798.05,1545056845,7093.88,51.459043,7.484213,192.97,14.43,-0.13,190.28,1,-72,-14,-4,5,63,5,12909593,141
799.05,1545056846,7108.29,51.458905,7.484164,193.63,14.22,-0.22,191.02,1,-67,-12,-5,6,63,1,12909595,143
800.05,1545056847,7122.51,51.458777,7.484116,194.43,13.93,-0.29,191.81,1,-67,-12,-5,6,63,1,12909595,143
801.05,1545056848,7136.43,51.458654,7.484072,195.38,13.66,-0.27,190.92,1,-72,-7,10,15,61,1,12909595,143
802.05,1545056849,7150.09,51.458532,7.484029,196.25,13.89,0.23,191.30,1,-72,-7,10,15,61,1,12909595,143
803.05,1545056850,7164.01,51.458417,7.483994,197.01,13.30,-0.58,191.65,1,-75,-11,11,9,61,1,12909595,143
804.05,1545056851,7177.30,51.458298,7.483955,197.38,13.40,0.10,191.03,1,-75,-11,11,9,61,1,12909595,143
805.05,1545056852,7190.70,51.458176,7.483914,198.07,13.79,0.39,191.62,1,-77,-12,24,8,62,1,12909595,143
806.05,1545056853,7204.49,51.458058,7.483874,198.81,12.81,-0.99,191.27,1,-77,-12,24,8,62,1,12909595,143
807.05,1545056854,7217.29,51.457934,7.483827,200.16,13.84,1.04,192.10,1,-79,-12,10,12,59,1,12909595,143
808.05,1545056855,7231.14,51.457807,7.483779,201.32,14.04,0.20,191.73,1,-79,-12,10,12,59,1,12909595,143
809.06,1545056856,7245.29,51.457679,7.483730,202.48,14.08,0.04,191.75,1,-83,-13,4,7,56,1,12909595,143
810.05,1545056857,7259.25,51.457552,7.483690,204.12,13.63,-0.45,191.57,1,-83,-13,4,7,56,1,12909595,143
811.06,1545056858,7272.91,51.457426,7.483646,205.62,14.44,0.81,190.82,1,-83,-13,4,7,56,1,12909595,143
812.06,1545056859,7287.37,51.457280,7.483606,207.09,15.21,0.76,189.96,1,-81,-15,-7,3,59,1,12909595,143
813.07,1545056860,7302.85,51.457149,7.483563,208.69,15.53,0.32,190.54,1,-81,-15,-7,3,59,1,12909595,143
814.06,1545056861,7318.09,51.457015,7.483516,210.21,15.91,0.38,190.87,1,-87,-11,-5,5,52,5,12909594,142
815.06,1545056862,7334.00,51.456872,7.483474,211.53,16.50,0.59,190.40,1,-87,-11,-5,5,52,5,12909594,142
816.05,1545056863,7350.48,51.456736,7.483429,212.73,16.48,-0.02,190.06,1,-90,-14,-3,8,50,5,12909594,142
817.06,1545056864,7366.99,51.456596,7.483386,213.68,16.76,0.28,189.57,1,-90,-14,-3,8,50,5,12909594,142
818.06,1545056865,7383.75,51.456436,7.483348,214.18,16.53,-0.23,188.74,1,-90,-13,0,7,49,5,12909594,142
819.05,1545056866,7400.24,51.456281,7.483319,214.58,15.68,-0.85,187.41,1,-90,-13,0,7,49,5,12909594,142
820.05,1545056867,7415.91,51.456130,7.483293,214.89,15.88,0.20,186.32,1,-91,-13,2,6,47,5,12909594,142
821.05,1545056868,7431.77,51.455984,7.483278,215.20,15.85,-0.03,184.37,1,-91,-13,2,6,47,5,12909594,142
822.05,1545056869,7447.63,51.455847,7.483272,215.82,15.99,0.15,183.35,1,-92,-12,6,7,46,5,12909594,142
823.05,1545056870,7463.61,51.455708,7.483268,216.44,16.01,0.02,182.21,1,-92,-12,6,7,46,5,12909594,142
824.05,1545056871,7479.64,51.455567,7.483270,216.91,15.99,-0.03,180.73,1,-91,-7,14,15,42,5,12909594,142
825.05,1545056872,7495.63,51.455418,7.483275,217.69,16.04,0.05,179.42,1,-91,-7,14,15,42,5,12909594,142
826.05,1545056873,7511.67,51.455284,7.483297,218.27,15.42,-0.62,177.29,1,-89,-6,13,15,43,5,12909594,142
827.05,1545056874,7527.08,51.455142,7.483327,219.16,15.59,0.18,174.98,1,-89,-6,13,15,43,5,12909594,142
828.05,1545056875,7542.68,51.455003,7.483367,220.17,15.86,0.26,172.12,1,-83,-5,18,15,49,5,12909594,142
829.05,1545056876,7558.52,51.454859,7.483433,221.35,16.04,0.19,169.42,1,-83,-5,18,15,49,5,12909594,142
830.06,1545056877,7574.69,51.454727,7.483502,222.05,16.44,0.39,166.70,1,-86,-10,18,14,49,5,12909594,142
831.05,1545056878,7591.01,51.454586,7.483582,222.61,16.56,0.12,163.54,1,-86,-10,18,14,49,5,12909594,142
832.05,1545056879,7607.55,51.454438,7.483675,223.40,16.68,0.12,160.88,1,-86,-10,18,14,49,5,12909594,142
833.05,1545056880,7624.23,51.454302,7.483784,223.91,16.67,-0.01,157.68,1,-90,-9,16,10,46,5,12909594,142
834.05,1545056881,7640.91,51.454175,7.483894,224.33,16.50,-0.16,154.27,1,-90,-9,16,10,46,5,12909594,142
835.05,1545056882,7657.40,51.454048,7.484026,224.69,16.27,-0.23,151.11,1,-88,-6,13,11,45,5,12909594,142
836.05,1545056883,7673.69,51.453925,7.484168,225.03,16.23,-0.04,148.05,1,-88,-6,13,11,45,5,12909594,142
837.05,1545056884,7689.90,51.453809,7.484321,225.60,16.02,-0.21,144.13,1,-88,-7,9,11,44,5,12909594,142
838.05,1545056885,7705.93,51.453690,7.484483,226.47,15.90,-0.11,141.67,1,-88,-7,9,11,44,5,12909594,142
839.05,1545056886,7721.82,51.453569,7.484661,226.79,16.30,0.39,140.03,1,-93,-11,5,8,44,5,12909594,142
840.05,1545056887,7738.12,51.453459,7.484835,227.10,16.75,0.46,138.58,1,-93,-11,5,8,44,5,12909594,142
841.06,1545056888,7754.96,51.453350,7.485017,227.56,17.19,0.43,136.39,1,-96,-11,1,4,41,5,12909594,142
842.05,1545056889,7772.09,51.453255,7.485191,228.41,16.38,-0.81,134.40,1,-96,-11,1,4,41,5,12909594,142
843.05,1545056890,7788.47,51.453162,7.485365,229.14,15.66,-0.71,133.91,1,-103,-10,2,8,33,5,12909594,142
844.05,1545056891,7804.13,51.453068,7.485540,229.79,15.17,-0.49,134.52,1,-103,-10,2,8,33,5,12909594,142
845.05,1545056892,7819.30,51.452975,7.485706,231.07,15.52,0.35,134.47,1,-104,-11,1,6,34,5,12909594,142
846.05,1545056893,7834.80,51.452883,7.485875,232.12,14.56,-0.96,133.96,1,-104,-11,1,6,34,5,12909594,142
847.05,1545056894,7849.36,51.452790,7.486047,233.06,14.88,0.32,132.98,1,-97,-7,9,11,36,5,12909594,142
848.05,1545056895,7864.24,51.452697,7.486208,233.76,14.85,-0.03,135.34,1,-97,-7,9,11,36,5,12909594,142
849.05,1545056896,7879.10,51.452604,7.486356,234.20,15.21,0.35,137.99,1,-100,-7,19,10,33,5,12909594,142
850.05,1545056897,7894.29,51.452507,7.486488,234.85,15.00,-0.21,140.05,1,-100,-7,19,10,33,5,12909594,142
851.06,1545056898,7909.43,51.452397,7.486630,235.12,14.77,-0.23,141.28,1,-103,-8,14,9,31,5,12909594,142
852.05,1545056899,7924.06,51.452283,7.486769,235.59,14.84,0.07,143.21,1,-103,-8,14,9,31,5,12909594,142
853.05,1545056900,7938.93,51.452173,7.486893,235.90,15.00,0.17,145.47,1,-103,-8,14,9,31,5,12909594,142
854.06,1545056901,7953.96,51.452054,7.487016,236.63,15.07,0.06,147.53,1,-109,-11,2,7,29,5,12909594,142
855.06,1545056902,7969.01,51.451937,7.487126,237.53,14.97,-0.10,149.84,1,-109,-11,2,7,29,5,12909594,142
856.06,1545056903,7983.99,51.451814,7.487229,238.46,15.62,0.65,151.97,1,-111,-14,-2,5,29,5,12909594,142
857.06,1545056904,7999.62,51.451691,7.487321,239.26,15.47,-0.15,154.16,1,-111,-14,-2,5,29,5,12909594,142
858.06,1545056905,8015.08,51.451573,7.487402,240.05,13.86,-1.62,156.64,1,-109,-15,-4,5,32,5,12909594,142
859.06,1545056906,8028.93,51.451456,7.487477,241.05,13.54,-0.32,157.12,1,-109,-15,-4,5,32,5,12909594,142
860.05,1545056907,8042.39,51.451338,7.487549,242.14,13.41,-0.13,157.35,1,-110,-16,-4,5,32,5,12909594,142
