time_s,timestamp_ms,distance_m,latitude,longitude,altitude,velocity_mps,acceleration_mpss,direction,isRegistered,rsrp_dbm,rsrq_db,rssnr_db,cqi,ss,ta,ci,pci
0.09,1547646477,0.00,51.490378,7.412589,169.37,8.26,0.00,78.66,1,-91,-5,21,11,45,7,26385408,95
1.09,1547646478,8.28,51.490408,7.412708,169.11,9.14,0.88,76.98,1,-91,-5,21,11,45,7,26385408,95
2.09,1547646479,17.42,51.490438,7.412815,168.22,9.14,0.00,76.98,1,-85,-5,14,10,49,7,26385408,95
3.09,1547646480,26.56,51.490467,7.412982,166.52,11.03,1.88,77.58,1,-85,-5,14,10,49,7,26385408,95
4.09,1547646481,37.60,51.490496,7.413133,165.68,11.33,0.31,78.74,1,-88,-6,10,14,46,7,26385408,95
5.09,1547646482,48.92,51.490509,7.413284,165.35,11.24,-0.10,79.69,1,-88,-6,10,14,46,7,26385408,95
6.09,1547646483,60.16,51.490498,7.413429,165.26,11.24,0.00,79.69,1,-85,-5,30,12,49,7,26385408,95
7.09,1547646484,71.40,51.490494,7.413587,165.93,11.86,0.62,78.33,1,-85,-5,30,12,49,7,26385408,95
8.09,1547646485,83.25,51.490506,7.413762,166.19,12.55,0.69,78.25,1,-87,-5,13,2,47,7,26385408,95
9.09,1547646486,95.80,51.490522,7.413957,165.91,13.54,1.00,77.76,1,-87,-5,13,2,47,7,26385408,95
10.09,1547646487,109.34,51.490549,7.414164,165.16,14.49,0.95,76.93,1,-79,-5,22,13,55,9,26385408,95
11.09,1547646488,123.80,51.490581,7.414380,163.87,15.11,0.62,77.42,1,-79,-5,22,13,55,9,26385408,95
12.09,1547646489,138.98,51.490612,7.414602,162.32,15.20,0.08,77.97,1,-84,-6,18,14,52,9,26385408,95
13.09,1547646490,154.14,51.490641,7.414821,160.71,15.14,-0.06,78.58,1,-84,-6,18,14,52,9,26385408,95
14.09,1547646491,169.30,51.490663,7.415036,159.32,14.91,-0.23,79.60,1,-84,-6,18,14,52,9,26385408,95
15.09,1547646492,184.19,51.490682,7.415249,158.27,14.85,-0.05,80.88,1,-85,-5,13,10,48,9,26385408,95
16.09,1547646493,199.05,51.490697,7.415457,157.78,14.46,-0.40,82.84,1,-85,-5,13,10,48,9,26385408,95
17.09,1547646494,213.50,51.490702,7.415664,157.44,14.19,-0.27,85.21,1,-83,-7,5,6,53,4,29391105,167
18.09,1547646495,227.69,51.490701,7.415884,157.25,14.63,0.44,87.72,1,-83,-7,5,6,53,4,29391105,167
19.09,1547646496,242.31,51.490696,7.416110,156.61,15.06,0.44,90.67,1,-82,-8,33,15,59,4,29391105,167
20.09,1547646497,257.38,51.490680,7.416325,156.18,15.06,-0.01,93.33,1,-82,-8,33,15,59,4,29391105,167
21.09,1547646498,272.45,51.490657,7.416521,155.73,13.56,-1.50,96.86,1,-84,-8,34,15,56,4,29391105,167
22.09,1547646499,286.00,51.490630,7.416684,155.57,11.27,-2.29,100.18,1,-84,-8,34,15,56,4,29391105,167
23.09,1547646500,297.27,51.490601,7.416828,155.17,10.07,-1.20,101.38,1,-87,-7,21,12,49,4,29391105,167
24.09,1547646501,307.35,51.490578,7.416952,155.04,8.74,-1.33,101.10,1,-87,-7,21,12,49,4,29391105,167
25.09,1547646502,316.07,51.490552,7.417053,154.98,6.97,-1.76,104.72,1,-78,-7,13,15,60,4,29391105,167
26.09,1547646503,323.05,51.490500,7.417139,154.93,7.31,0.34,136.30,1,-78,-7,13,15,60,4,29391105,167
27.09,1547646504,330.36,51.490421,7.417198,154.17,9.06,1.75,161.58,1,-72,-6,38,15,63,4,29391105,167
28.09,1547646505,339.42,51.490339,7.417245,153.50,9.07,0.01,163.40,1,-72,-6,38,15,63,4,29391105,167
29.09,1547646506,348.49,51.490224,7.417292,152.71,11.83,2.76,165.02,1,-83,-8,29,9,56,4,29391105,167
30.09,1547646507,360.32,51.490108,7.417340,152.20,12.58,0.75,165.63,1,-83,-8,29,9,56,4,29391105,167
31.09,1547646508,372.91,51.489985,7.417387,151.80,13.73,1.15,164.87,1,-80,-7,21,15,60,4,29391105,167
32.09,1547646509,386.61,51.489859,7.417440,151.21,14.33,0.60,164.39,1,-80,-7,21,15,60,4,29391105,167
33.09,1547646510,400.96,51.489726,7.417499,150.62,14.69,0.36,164.79,1,-85,-6,19,10,52,4,29391105,167
34.09,1547646511,415.66,51.489589,7.417556,150.54,15.61,0.92,165.96,1,-85,-6,19,10,52,4,29391105,167
35.10,1547646512,431.46,51.489446,7.417606,150.25,15.94,0.32,166.94,1,-88,-6,16,10,49,4,29391105,167
36.09,1547646513,447.21,51.489294,7.417657,150.16,16.55,0.61,167.78,1,-88,-6,16,10,49,4,29391105,167
37.09,1547646514,463.77,51.489147,7.417699,150.24,16.19,-0.36,168.90,1,-88,-6,16,10,49,4,29391105,167
38.09,1547646515,479.96,51.488990,7.417734,150.46,16.13,-0.07,170.51,1,-96,-8,15,9,42,4,29391105,167
39.09,1547646516,496.09,51.488832,7.417767,150.89,16.36,0.24,171.96,1,-96,-8,15,9,42,4,29391105,167
40.09,1547646517,512.43,51.488703,7.417773,150.99,15.93,-0.43,174.51,1,-89,-6,14,7,49,4,29391105,167
41.09,1547646518,528.36,51.488566,7.417769,150.81,15.87,-0.06,177.24,1,-89,-6,14,7,49,4,29391105,167
42.09,1547646519,544.20,51.488427,7.417756,150.82,16.08,0.21,179.10,1,-92,-9,9,7,46,4,29391105,167
43.09,1547646520,560.30,51.488279,7.417742,150.78,16.06,-0.01,180.43,1,-92,-9,9,7,46,4,29391105,167
44.09,1547646521,576.38,51.488134,7.417729,150.73,16.21,0.14,180.82,1,-94,-9,6,6,46,4,29391105,167
45.09,1547646522,592.57,51.487993,7.417718,150.07,16.33,0.12,180.04,1,-94,-9,6,6,46,4,29391105,167
46.10,1547646523,608.98,51.487852,7.417714,148.83,16.39,0.06,178.63,1,-98,-13,3,6,43,4,29391105,167
47.10,1547646524,625.35,51.487707,7.417725,147.81,16.24,-0.15,176.39,1,-98,-13,3,6,43,4,29391105,167
48.09,1547646525,641.54,51.487554,7.417748,147.50,16.28,0.04,173.49,1,-102,-10,0,5,36,4,29391105,167
49.09,1547646526,657.82,51.487411,7.417836,147.23,16.17,-0.10,157.92,1,-102,-10,0,5,36,4,29391105,167
50.09,1547646527,673.96,51.487281,7.417930,147.24,15.81,-0.36,156.00,1,-96,-8,4,8,43,10,28365056,222
51.10,1547646528,689.89,51.487170,7.418087,146.35,15.88,0.06,139.35,1,-96,-8,4,8,43,10,28365056,222
52.09,1547646529,705.64,51.487080,7.418231,145.52,15.62,-0.26,137.72,1,-98,-9,6,8,40,10,28365056,222
53.09,1547646530,721.30,51.486998,7.418362,144.73,15.07,-0.54,137.00,1,-98,-9,6,8,40,10,28365056,222
54.09,1547646531,736.38,51.486891,7.418510,144.21,14.85,-0.23,139.88,1,-104,-8,7,6,35,10,28365056,222
55.09,1547646532,751.22,51.486766,7.418602,143.55,14.18,-0.67,156.94,1,-104,-8,7,6,35,10,28365056,222
56.10,1547646533,765.52,51.486644,7.418680,142.86,13.18,-0.99,159.75,1,-103,-7,8,8,35,10,28365056,222
57.09,1547646534,778.60,51.486518,7.418699,141.89,12.57,-0.61,178.16,1,-103,-7,8,8,35,10,28365056,222
58.09,1547646535,791.18,51.486399,7.418705,141.01,12.84,0.27,180.27,1,-103,-7,8,8,35,10,28365056,222
59.09,1547646536,804.00,51.486292,7.418694,140.22,12.04,-0.80,184.07,1,-100,-7,9,11,38,10,28365056,222
60.09,1547646537,815.99,51.486198,7.418647,139.32,11.36,-0.68,196.95,1,-100,-7,9,11,38,10,28365056,222
61.09,1547646538,827.36,51.486104,7.418598,138.68,11.32,-0.04,197.20,1,-99,-7,24,8,38,10,28365056,222
62.09,1547646539,838.67,51.486003,7.418551,138.54,11.05,-0.27,196.43,1,-99,-7,24,8,38,10,28365056,222
63.09,1547646540,849.72,51.485908,7.418520,138.82,10.70,-0.34,193.61,1,-95,-9,6,9,45,10,28365056,222
64.09,1547646541,860.43,51.485811,7.418499,139.12,10.71,0.01,189.72,1,-95,-9,6,9,45,10,28365056,222
65.09,1547646542,871.17,51.485721,7.418518,139.45,10.31,-0.40,174.42,1,-95,-9,2,12,44,10,28365056,222
66.09,1547646543,881.48,51.485630,7.418543,139.84,10.31,0.00,172.73,1,-95,-9,2,12,44,10,28365056,222
67.09,1547646544,891.79,51.485538,7.418579,140.70,10.13,-0.18,169.87,1,-97,-7,5,12,39,10,28365056,222
68.09,1547646545,901.91,51.485460,7.418614,141.91,10.44,0.31,166.29,1,-97,-7,5,12,39,10,28365056,222
69.09,1547646546,912.36,51.485381,7.418682,143.42,10.61,0.18,153.51,1,-100,-9,6,7,39,10,28365056,222
70.10,1547646547,922.99,51.485298,7.418755,144.84,10.40,-0.21,153.02,1,-100,-9,6,7,39,10,28365056,222
71.09,1547646548,933.37,51.485228,7.418822,146.13,10.08,-0.33,152.49,1,-96,-9,-3,6,41,12,29391105,167
72.09,1547646549,943.43,51.485139,7.418897,147.02,10.24,0.17,153.59,1,-96,-9,-3,6,41,12,29391105,167
73.09,1547646550,953.68,51.485054,7.418963,147.77,10.60,0.35,156.92,1,-94,-8,-2,9,43,12,29391105,167
74.09,1547646551,964.31,51.484940,7.418983,148.07,11.74,1.14,174.80,1,-94,-8,-2,9,43,12,29391105,167
75.10,1547646552,976.06,51.484831,7.418990,148.29,11.92,0.18,176.71,1,-106,-15,-3,5,41,12,29391105,167
76.09,1547646553,987.97,51.484721,7.418986,148.44,11.99,0.06,179.62,1,-106,-15,-3,5,41,12,29391105,167
77.10,1547646554,1000.07,51.484610,7.418972,148.20,12.14,0.15,183.52,1,-99,-9,7,11,38,8,28365056,222
78.10,1547646555,1012.10,51.484502,7.418914,147.84,12.32,0.18,198.28,1,-99,-9,7,11,38,8,28365056,222
79.10,1547646556,1024.42,51.484398,7.418848,147.73,12.52,0.20,199.41,1,-99,-9,7,11,38,8,28365056,222
80.09,1547646557,1036.92,51.484288,7.418767,147.83,13.11,0.59,202.71,1,-101,-9,4,8,40,8,28365056,222
81.09,1547646558,1050.04,51.484174,7.418676,147.85,14.00,0.89,205.30,1,-101,-9,4,8,40,8,28365056,222
82.10,1547646559,1064.05,51.484063,7.418578,147.65,14.14,0.15,207.91,1,-98,-9,3,9,40,8,28365056,222
83.09,1547646560,1078.12,51.483955,7.418467,147.25,14.04,-0.11,210.24,1,-98,-9,3,9,40,8,28365056,222
84.09,1547646561,1092.15,51.483860,7.418360,146.96,14.02,-0.02,211.70,1,-94,-10,5,11,44,8,28365056,222
85.09,1547646562,1106.22,51.483746,7.418234,146.65,13.94,-0.08,212.49,1,-94,-10,5,11,44,8,28365056,222
86.09,1547646563,1120.16,51.483650,7.418123,146.08,13.65,-0.29,213.44,1,-104,-10,4,5,38,8,28365056,222
87.09,1547646564,1133.81,51.483548,7.418000,145.65,13.49,-0.16,212.86,1,-104,-10,4,5,38,8,28365056,222
88.10,1547646565,1147.33,51.483455,7.417889,145.39,13.34,-0.15,212.94,1,-107,-10,1,8,34,8,28365056,222
89.10,1547646566,1160.67,51.483358,7.417774,145.42,13.37,0.03,212.90,1,-107,-10,1,8,34,8,28365056,222
90.09,1547646567,1174.03,51.483257,7.417671,145.32,13.87,0.50,212.06,1,-102,-9,4,9,38,8,28365056,222
91.09,1547646568,1187.90,51.483146,7.417564,145.21,14.24,0.37,210.97,1,-102,-9,4,9,38,8,28365056,222
92.10,1547646569,1202.18,51.483030,7.417464,145.07,14.70,0.46,209.03,1,-103,-12,2,9,38,8,28365056,222
93.10,1547646570,1216.88,51.482918,7.417372,144.56,14.70,-0.00,207.15,1,-103,-12,2,9,38,8,28365056,222
94.10,1547646571,1231.62,51.482798,7.417287,144.36,14.82,0.13,205.39,1,-107,-14,0,7,35,8,28365056,222
95.10,1547646572,1246.40,51.482675,7.417207,144.47,14.80,-0.03,204.08,1,-107,-14,0,7,35,8,28365056,222
96.10,1547646573,1261.18,51.482552,7.417127,145.16,14.81,0.01,203.03,1,-104,-13,0,9,37,8,28365056,222
97.10,1547646574,1275.98,51.482421,7.417048,145.90,14.37,-0.44,202.00,1,-104,-13,0,9,37,8,28365056,222
98.10,1547646575,1290.45,51.482301,7.416977,146.61,13.92,-0.45,201.03,1,-100,-10,7,9,40,8,28365056,222
99.09,1547646576,1304.23,51.482182,7.416912,147.59,13.25,-0.67,199.98,1,-100,-10,7,9,40,8,28365056,222
100.09,1547646577,1317.49,51.482068,7.416850,148.67,12.77,-0.48,199.63,1,-100,-10,7,9,40,8,28365056,222
101.09,1547646578,1330.25,51.481964,7.416796,149.36,12.23,-0.55,199.72,1,-83,-8,13,10,58,8,28365056,222
102.10,1547646579,1342.52,51.481872,7.416749,149.58,10.67,-1.56,200.09,1,-83,-8,13,10,58,8,28365056,222
103.09,1547646580,1353.16,51.481793,7.416708,149.66,8.95,-1.72,200.79,1,-92,-11,8,11,50,8,28365056,222
104.09,1547646581,1362.10,51.481721,7.416667,149.81,7.47,-1.49,201.55,1,-92,-11,8,11,50,8,28365056,222
105.09,1547646582,1369.58,51.481667,7.416636,149.89,5.55,-1.91,200.98,1,-91,-11,8,8,51,8,28365056,222
106.09,1547646583,1375.13,51.481628,7.416615,149.88,3.20,-2.35,200.32,1,-91,-11,8,8,51,8,28365056,222
107.09,1547646584,1378.33,51.481626,7.416608,149.90,0.48,-2.72,200.32,1,-90,-10,6,7,51,8,28365056,222
108.09,1547646585,1378.81,51.481626,7.416608,149.91,0.00,-0.48,200.32,1,-90,-10,6,7,51,8,28365056,222
109.09,1547646586,1378.81,51.481626,7.416608,149.91,0.00,0.00,200.32,1,-90,-9,8,6,50,8,28365056,222
110.10,1547646587,1378.81,51.481626,7.416608,149.92,0.00,0.00,200.32,1,-90,-9,8,6,50,8,28365056,222
111.10,1547646588,1378.81,51.481626,7.416608,149.93,0.00,0.00,200.32,1,-92,-12,3,5,51,8,28365056,222
112.10,1547646589,1378.81,51.481626,7.416608,149.94,0.00,0.00,200.32,1,-92,-12,3,5,51,8,28365056,222
113.09,1547646590,1378.81,51.481626,7.416608,149.95,0.00,0.00,200.32,1,-89,-11,5,10,50,8,28365056,222
114.09,1547646591,1378.81,51.481626,7.416608,149.96,0.00,0.00,200.32,1,-89,-11,5,10,50,8,28365056,222
115.10,1547646592,1378.81,51.481626,7.416608,149.97,0.00,0.00,200.32,1,-93,-9,5,5,47,8,28365056,222
116.10,1547646593,1378.81,51.481626,7.416608,149.98,0.00,0.00,200.32,1,-93,-9,5,5,47,8,28365056,222
117.09,1547646594,1378.81,51.481626,7.416608,150.00,0.00,0.00,200.32,1,-93,-11,7,7,47,8,28365056,222
118.10,1547646595,1378.81,51.481626,7.416608,150.01,0.00,0.00,200.32,1,-93,-11,7,7,47,8,28365056,222
119.10,1547646596,1378.81,51.481626,7.416608,150.02,0.00,0.00,200.32,1,-89,-10,8,6,52,8,28365056,222
120.10,1547646597,1378.81,51.481626,7.416608,150.03,0.00,0.00,200.32,1,-89,-10,8,6,52,8,28365056,222
121.10,1547646598,1378.81,51.481626,7.416608,150.05,0.00,0.00,200.32,1,-89,-10,8,6,52,8,28365056,222
122.09,1547646599,1378.81,51.481626,7.416608,150.06,0.00,0.00,200.32,1,-90,-11,6,7,50,8,28365056,222
123.09,1547646600,1378.81,51.481626,7.416608,150.08,0.00,0.00,200.32,1,-90,-11,6,7,50,8,28365056,222
124.09,1547646601,1378.81,51.481626,7.416608,150.09,0.00,0.00,200.32,1,-89,-11,5,5,50,8,28365056,222
125.09,1547646602,1378.81,51.481626,7.416608,150.11,0.00,0.00,200.32,1,-89,-11,5,5,50,8,28365056,222
126.09,1547646603,1378.81,51.481626,7.416608,150.13,0.00,0.00,200.32,1,-93,-10,4,9,47,8,28365056,222
127.09,1547646604,1378.81,51.481626,7.416608,150.15,0.00,0.00,200.32,1,-93,-10,4,9,47,8,28365056,222
128.10,1547646605,1378.81,51.481626,7.416608,150.16,0.00,0.00,200.32,1,-90,-10,3,8,50,8,28365056,222
129.09,1547646606,1378.81,51.481626,7.416608,150.18,0.00,0.00,200.32,1,-90,-10,3,8,50,8,28365056,222
130.09,1547646607,1378.81,51.481626,7.416608,150.20,0.00,0.00,200.32,1,-91,-10,7,8,50,8,28365056,222
131.10,1547646608,1378.81,51.481626,7.416608,150.22,0.00,0.00,200.32,1,-91,-10,7,8,50,8,28365056,222
132.10,1547646609,1378.81,51.481626,7.416608,150.24,0.00,0.00,200.32,1,-90,-10,5,7,49,8,28365056,222
133.09,1547646610,1378.81,51.481626,7.416608,150.27,0.00,0.00,200.32,1,-90,-10,5,7,49,8,28365056,222
134.10,1547646611,1378.81,51.481626,7.416608,150.29,0.00,0.00,200.32,1,-92,-11,4,3,47,8,28365056,222
135.09,1547646612,1378.81,51.481626,7.416608,150.32,0.00,0.00,200.32,1,-92,-11,4,3,47,8,28365056,222
136.10,1547646613,1378.81,51.481626,7.416608,150.34,0.00,0.00,200.32,1,-91,-10,4,8,50,8,28365056,222
137.09,1547646614,1378.81,51.481626,7.416608,150.60,0.00,0.00,198.90,1,-91,-10,4,8,50,8,28365056,222
138.09,1547646615,1378.81,51.481553,7.416573,150.84,0.00,0.00,200.37,1,-92,-13,-2,7,52,8,28365056,222
139.09,1547646616,1378.81,51.481510,7.416573,152.74,5.56,0.00,183.41,1,-92,-13,-2,7,52,8,28365056,222
140.10,1547646617,1384.42,51.481475,7.416611,153.80,5.79,0.23,152.01,1,-85,-8,2,6,53,4,28365057,224
141.10,1547646618,1390.18,51.481455,7.416680,154.42,7.77,1.99,125.20,1,-85,-8,2,6,53,4,28365057,224
142.10,1547646619,1397.95,51.481426,7.416801,154.97,8.93,1.16,108.99,1,-85,-8,2,6,53,4,28365057,224
143.09,1547646620,1406.82,51.481418,7.416934,154.84,10.01,1.08,93.14,1,-85,-10,6,7,55,4,28365057,224
144.10,1547646621,1416.88,51.481419,7.417071,154.69,11.02,1.01,89.85,1,-85,-10,6,7,55,4,28365057,224
145.10,1547646622,1427.88,51.481422,7.417224,154.71,12.32,1.30,87.18,1,-90,-10,4,6,51,4,28365057,224
146.10,1547646623,1440.20,51.481435,7.417397,154.40,13.41,1.09,84.81,1,-90,-10,4,6,51,4,28365057,224
147.09,1547646624,1453.58,51.481459,7.417615,153.47,14.24,0.83,82.05,1,-88,-8,-3,4,49,4,28365057,224
148.09,1547646625,1467.83,51.481481,7.417837,152.57,15.60,1.36,81.68,1,-88,-8,-3,4,49,4,28365057,224
149.09,1547646626,1483.43,51.481498,7.418086,151.82,16.15,0.55,82.22,1,-89,-10,3,4,52,4,28365057,224
150.10,1547646627,1499.63,51.481511,7.418323,150.79,16.13,-0.02,83.24,1,-89,-10,3,4,52,4,28365057,224
151.10,1547646628,1515.75,51.481522,7.418560,150.21,16.49,0.36,84.05,1,-88,-9,6,6,50,4,28365057,224
152.10,1547646629,1532.24,51.481534,7.418799,150.09,16.53,0.04,84.48,1,-88,-9,6,6,50,4,28365057,224
153.10,1547646630,1548.75,51.481548,7.419043,149.95,16.64,0.12,84.96,1,-85,-12,3,6,53,4,28365057,224
154.10,1547646631,1565.42,51.481560,7.419304,148.97,17.22,0.57,85.36,1,-85,-12,3,6,53,4,28365057,224
155.09,1547646632,1582.59,51.481571,7.419543,148.01,17.26,0.04,85.68,1,-86,-10,1,5,51,4,28365057,224
156.10,1547646633,1599.87,51.481584,7.419805,146.90,17.36,0.10,84.95,1,-86,-10,1,5,51,4,28365057,224
157.09,1547646634,1617.19,51.481597,7.420043,146.09,16.90,-0.46,84.86,1,-85,-8,5,5,53,8,28365057,224
158.09,1547646635,1634.09,51.481613,7.420308,144.81,17.04,0.14,84.44,1,-85,-8,5,5,53,8,28365057,224
159.10,1547646636,1651.17,51.481629,7.420586,143.53,17.81,0.77,84.10,1,-93,-12,0,5,49,8,28365057,224
160.10,1547646637,1669.00,51.481649,7.420834,142.87,17.96,0.15,82.74,1,-93,-12,0,5,49,8,28365057,224
161.10,1547646638,1687.03,51.481674,7.421093,142.31,18.54,0.58,81.54,1,-93,-13,-3,5,47,8,28365057,224
162.09,1547646639,1705.40,51.481705,7.421355,141.81,18.51,-0.03,80.04,1,-93,-13,-3,5,47,8,28365057,224
163.10,1547646640,1723.98,51.481736,7.421618,141.00,18.85,0.34,79.25,1,-93,-13,-3,5,47,8,28365057,224
164.10,1547646641,1742.84,51.481773,7.421897,140.29,18.80,-0.05,78.67,1,-96,-13,-2,5,46,8,28365057,224
165.10,1547646642,1761.64,51.481808,7.422177,139.29,19.02,0.22,77.84,1,-96,-13,-2,5,46,8,28365057,224
166.09,1547646643,1780.65,51.481846,7.422443,138.47,19.21,0.19,77.50,1,-95,-11,-1,5,45,8,28365057,224
167.09,1547646644,1799.86,51.481890,7.422746,137.36,19.60,0.38,77.84,1,-95,-11,-1,5,45,8,28365057,224
168.09,1547646645,1819.46,51.481927,7.423009,136.39,18.90,-0.70,77.57,1,-97,-10,-4,6,42,8,28365057,224
169.09,1547646646,1838.35,51.481963,7.423265,135.56,18.83,-0.06,77.56,1,-97,-10,-4,6,42,8,28365057,224
170.10,1547646647,1857.23,51.482005,7.423525,134.76,19.08,0.24,77.91,1,-98,-11,-5,4,42,8,28365057,224
171.10,1547646648,1876.30,51.482046,7.423797,134.29,18.49,-0.59,78.01,1,-98,-11,-5,4,42,8,28365057,224
172.10,1547646649,1894.79,51.482079,7.424024,133.27,17.75,-0.73,78.38,1,-102,-15,-5,3,43,8,28365057,224
173.10,1547646650,1912.52,51.482113,7.424262,132.85,16.93,-0.83,77.44,1,-102,-15,-5,3,43,8,28365057,224
174.09,1547646651,1929.43,51.482146,7.424501,132.60,16.22,-0.71,78.36,1,-99,-12,-8,6,43,16,28368386,213
175.09,1547646652,1945.63,51.482176,7.424728,132.03,15.20,-1.02,78.45,1,-99,-12,-8,6,43,16,28368386,213
176.10,1547646653,1960.86,51.482198,7.424941,131.60,14.30,-0.89,78.79,1,-98,-10,5,7,42,16,28368386,213
177.10,1547646654,1975.17,51.482220,7.425137,131.36,14.22,-0.09,78.36,1,-98,-10,5,7,42,16,28368386,213
178.09,1547646655,1989.37,51.482248,7.425339,131.30,14.54,0.32,77.64,1,-101,-10,2,7,41,16,28368386,213
179.09,1547646656,2003.91,51.482282,7.425551,130.95,14.82,0.28,77.01,1,-101,-10,2,7,41,16,28368386,213
180.10,1547646657,2018.74,51.482313,7.425758,130.90,14.57,-0.25,76.49,1,-100,-12,-3,6,42,16,28368386,213
181.10,1547646658,2033.31,51.482347,7.425965,130.56,13.93,-0.63,77.39,1,-100,-12,-3,6,42,16,28368386,213
182.10,1547646659,2047.36,51.482372,7.426157,130.57,13.84,-0.09,78.20,1,-102,-14,-4,6,43,16,28368386,213
183.10,1547646660,2061.09,51.482396,7.426352,130.78,13.19,-0.66,77.65,1,-102,-14,-4,6,43,16,28368386,213
184.10,1547646661,2074.29,51.482422,7.426543,131.26,13.53,0.34,77.17,1,-102,-14,-4,6,43,16,28368386,213
185.10,1547646662,2087.81,51.482449,7.426743,131.52,13.90,0.37,77.35,1,-102,-13,-3,6,43,16,28368386,213
186.10,1547646663,2101.71,51.482474,7.426940,131.75,13.70,-0.20,77.70,1,-102,-13,-3,6,43,16,28368386,213
187.10,1547646664,2115.42,51.482500,7.427145,131.93,13.24,-0.46,78.44,1,-99,-12,-1,7,43,16,28368386,213
188.09,1547646665,2128.64,51.482522,7.427334,132.02,12.96,-0.28,79.17,1,-99,-12,-1,7,43,16,28368386,213
189.09,1547646666,2141.60,51.482541,7.427519,132.35,13.09,0.13,81.28,1,-97,-11,1,5,44,16,28368386,213
190.10,1547646667,2154.73,51.482556,7.427696,133.15,12.99,-0.10,81.68,1,-97,-11,1,5,44,16,28368386,213
191.09,1547646668,2167.62,51.482571,7.427913,134.21,13.40,0.42,82.69,1,-97,-11,1,8,44,16,28368386,213
192.10,1547646669,2181.10,51.482584,7.428123,135.57,12.65,-0.75,84.22,1,-97,-11,1,8,44,16,28368386,213
193.09,1547646670,2193.73,51.482595,7.428229,137.03,5.72,-6.93,87.59,1,-100,-14,-1,6,44,16,28368386,213
194.10,1547646671,2199.47,51.482598,7.428265,137.14,0.44,-5.28,87.59,1,-100,-14,-1,6,44,16,28368386,213
195.10,1547646672,2199.91,51.482601,7.428289,137.31,0.69,0.25,87.59,1,-96,-12,-1,5,46,16,28368386,213
196.09,1547646673,2200.60,51.482601,7.428289,137.33,0.00,-0.69,87.59,1,-96,-12,-1,5,46,16,28368386,213
197.09,1547646674,2200.60,51.482601,7.428289,137.34,0.00,0.00,87.59,1,-97,-12,-1,4,44,16,28368386,213
198.10,1547646675,2200.60,51.482601,7.428289,137.35,0.00,0.00,87.59,1,-97,-12,-1,4,44,16,28368386,213
199.10,1547646676,2200.60,51.482601,7.428289,137.37,0.00,0.00,87.59,1,-96,-11,-1,8,43,16,28368386,213
200.10,1547646677,2200.60,51.482601,7.428289,137.38,0.00,0.00,87.59,1,-96,-11,-1,8,43,16,28368386,213
201.10,1547646678,2200.60,51.482601,7.428289,137.40,0.00,0.00,87.59,1,-97,-11,0,7,42,16,28368386,213
202.10,1547646679,2200.60,51.482601,7.428289,137.41,0.00,0.00,87.59,1,-97,-11,0,7,42,16,28368386,213
203.10,1547646680,2200.60,51.482601,7.428289,137.43,0.00,0.00,87.59,1,-96,-12,-2,6,44,16,28368386,213
204.10,1547646681,2200.60,51.482601,7.428289,137.45,0.00,0.00,87.59,1,-96,-12,-2,6,44,16,28368386,213
205.10,1547646682,2200.60,51.482601,7.428289,137.47,0.00,0.00,87.59,1,-96,-11,-2,6,44,16,28368386,213
206.10,1547646683,2200.60,51.482601,7.428289,137.49,0.00,0.00,87.59,1,-96,-11,-2,6,44,16,28368386,213
207.09,1547646684,2200.60,51.482601,7.428289,137.51,0.00,0.00,87.59,1,-96,-11,-2,6,44,16,28368386,213
208.10,1547646685,2200.60,51.482601,7.428289,137.53,0.00,0.00,87.59,1,-96,-12,-2,7,44,16,28368386,213
209.10,1547646686,2200.60,51.482601,7.428289,137.55,0.00,0.00,87.59,1,-96,-12,-2,7,44,16,28368386,213
210.10,1547646687,2200.60,51.482601,7.428289,137.57,0.00,0.00,87.59,1,-99,-12,1,6,43,16,28368386,213
211.10,1547646688,2200.60,51.482601,7.428289,137.58,0.00,0.00,87.59,1,-99,-12,1,6,43,16,28368386,213
212.10,1547646689,2200.60,51.482601,7.428289,137.59,0.00,0.00,87.59,1,-98,-12,0,6,44,16,28368386,213
213.10,1547646690,2200.60,51.482601,7.428289,137.60,0.00,0.00,87.59,1,-98,-12,0,6,44,16,28368386,213
214.09,1547646691,2200.60,51.482601,7.428289,137.60,0.00,0.00,87.59,1,-99,-12,-1,5,43,16,28368386,213
215.09,1547646692,2200.60,51.482601,7.428289,137.60,0.00,0.00,87.59,1,-99,-12,-1,5,43,16,28368386,213
216.10,1547646693,2200.60,51.482601,7.428289,137.61,0.00,0.00,87.59,1,-98,-12,3,6,45,16,28368386,213
217.09,1547646694,2200.60,51.482601,7.428289,137.61,0.00,0.00,87.59,1,-98,-12,3,6,45,16,28368386,213
218.10,1547646695,2200.60,51.482601,7.428289,137.72,0.00,0.00,88.18,1,-96,-12,0,8,44,16,28368386,213
219.10,1547646696,2200.60,51.482602,7.428391,137.86,0.00,0.00,88.52,1,-96,-12,0,8,44,16,28368386,213
220.10,1547646697,2200.60,51.482599,7.428478,138.53,7.22,0.00,89.86,1,-97,-11,3,9,44,16,28368386,213
221.10,1547646698,2207.81,51.482595,7.428552,139.23,7.61,0.39,88.64,1,-97,-11,3,9,44,16,28368386,213
222.10,1547646699,2215.41,51.482594,7.428682,139.64,8.26,0.65,90.62,1,-99,-13,-1,6,45,16,28368386,213
223.10,1547646700,2223.68,51.482583,7.428799,140.01,8.73,0.47,92.87,1,-99,-13,-1,6,45,16,28368386,213
224.10,1547646701,2232.41,51.482570,7.428944,140.11,9.85,1.12,94.72,1,-99,-11,-1,7,43,16,28368386,213
225.09,1547646702,2242.24,51.482554,7.429090,139.88,10.82,0.97,95.41,1,-99,-11,-1,7,43,16,28368386,213
226.10,1547646703,2253.16,51.482538,7.429253,139.83,12.15,1.32,95.85,1,-100,-10,1,7,41,16,28368386,213
227.09,1547646704,2265.20,51.482523,7.429418,139.96,11.46,-0.69,96.48,1,-100,-10,1,7,41,16,28368386,213
228.10,1547646705,2276.67,51.482508,7.429589,140.45,10.71,-0.75,96.93,1,-100,-10,1,7,41,16,28368386,213
229.10,1547646706,2287.38,51.482487,7.429739,140.58,10.77,0.06,96.00,1,-105,-12,-1,6,36,15,29563904,96
230.09,1547646707,2298.14,51.482474,7.429919,141.17,10.59,-0.18,96.40,1,-105,-12,-1,6,36,15,29563904,96
231.10,1547646708,2308.75,51.482463,7.430059,142.05,9.40,-1.19,96.86,1,-102,-11,1,7,40,15,29563904,96
232.10,1547646709,2318.15,51.482453,7.430187,142.87,7.83,-1.58,97.73,1,-102,-11,1,7,40,15,29563904,96
233.09,1547646710,2325.96,51.482442,7.430309,143.25,6.64,-1.19,97.33,1,-103,-13,-6,6,44,6,28367106,86
234.09,1547646711,2332.58,51.482437,7.430374,143.54,5.43,-1.21,97.73,1,-103,-13,-6,6,44,6,28367106,86
235.09,1547646712,2338.03,51.482432,7.430450,143.71,4.45,-0.98,95.67,1,-101,-12,-4,6,44,6,28367106,86
236.09,1547646713,2342.47,51.482427,7.430526,143.92,4.20,-0.24,96.29,1,-101,-12,-4,6,44,6,28367106,86
237.10,1547646714,2346.70,51.482421,7.430595,143.97,3.26,-0.93,95.52,1,-95,-10,-1,7,46,6,28367106,86
238.09,1547646715,2349.95,51.482415,7.430644,144.05,2.38,-0.89,96.97,1,-95,-10,-1,7,46,6,28367106,86
239.09,1547646716,2352.33,51.482411,7.430689,144.13,2.51,0.13,94.68,1,-91,-11,3,9,44,6,28367106,86
240.10,1547646717,2354.83,51.482405,7.430754,144.30,2.34,-0.16,92.64,1,-91,-11,3,9,44,6,28367106,86
241.09,1547646718,2357.16,51.482409,7.430780,144.52,2.74,0.40,91.62,1,-96,-9,5,4,41,6,28367106,86
242.10,1547646719,2359.92,51.482411,7.430815,144.70,3.80,1.06,94.15,1,-96,-9,5,4,41,6,28367106,86
243.09,1547646720,2363.69,51.482401,7.430856,144.88,3.35,-0.45,120.49,1,-94,-7,2,10,43,6,28367106,86
244.09,1547646721,2367.04,51.482398,7.430894,145.04,2.50,-0.85,107.67,1,-94,-7,2,10,43,6,28367106,86
245.09,1547646722,2369.55,51.482386,7.430927,145.13,1.51,-0.98,105.92,1,-91,-6,16,14,46,6,28367106,86
246.09,1547646723,2371.06,51.482374,7.430945,145.17,0.86,-0.66,105.92,1,-91,-6,16,14,46,6,28367106,86
247.10,1547646724,2371.92,51.482374,7.430945,145.17,0.00,-0.85,105.92,1,-94,-6,14,12,45,6,28367106,86
248.09,1547646725,2371.92,51.482374,7.430945,145.17,0.00,0.00,105.92,1,-94,-6,14,12,45,6,28367106,86
249.09,1547646726,2371.92,51.482374,7.430945,145.17,0.00,0.00,105.92,1,-94,-6,14,12,45,6,28367106,86
250.09,1547646727,2371.92,51.482374,7.430945,145.16,0.00,0.00,105.92,1,-94,-7,25,12,44,6,28367106,86
251.09,1547646728,2371.92,51.482374,7.430945,145.16,0.00,0.00,105.92,1,-94,-7,25,12,44,6,28367106,86
252.09,1547646729,2371.92,51.482374,7.430945,145.15,0.00,0.00,105.92,1,-91,-7,11,10,48,6,28367106,86
253.09,1547646730,2371.92,51.482374,7.430945,145.14,0.00,0.00,105.92,1,-91,-7,11,10,48,6,28367106,86
254.09,1547646731,2371.92,51.482374,7.430945,145.14,0.00,0.00,105.92,1,-95,-6,11,12,44,6,28367106,86
255.09,1547646732,2371.92,51.482374,7.430945,145.13,0.00,0.00,105.92,1,-95,-6,11,12,44,6,28367106,86
256.09,1547646733,2371.92,51.482374,7.430945,145.13,0.00,0.00,105.92,1,-91,-6,13,8,47,6,28367106,86
257.09,1547646734,2371.92,51.482374,7.430945,145.12,0.00,0.00,105.92,1,-91,-6,13,8,47,6,28367106,86
258.09,1547646735,2371.92,51.482374,7.430945,145.11,0.00,0.00,105.92,1,-91,-6,25,12,47,6,28367106,86
259.09,1547646736,2371.92,51.482374,7.430945,145.10,0.00,0.00,105.92,1,-91,-6,25,12,47,6,28367106,86
260.10,1547646737,2371.92,51.482374,7.430945,145.09,0.00,0.00,105.92,1,-91,-6,13,13,47,6,28367106,86
261.09,1547646738,2371.92,51.482374,7.430945,145.08,0.00,0.00,105.92,1,-91,-6,13,13,47,6,28367106,86
262.09,1547646739,2371.92,51.482374,7.430945,144.92,0.00,0.00,105.92,1,-90,-7,12,7,48,6,28367106,86
263.09,1547646740,2371.92,51.482374,7.430945,144.78,0.00,0.00,105.92,1,-90,-7,12,7,48,6,28367106,86
264.09,1547646741,2371.92,51.482374,7.430945,143.69,0.00,0.00,94.73,1,-95,-8,6,7,40,6,28367106,86
265.09,1547646742,2371.92,51.482374,7.430945,143.07,0.00,0.00,94.71,1,-95,-8,6,7,40,6,28367106,86
266.09,1547646743,2371.92,51.482347,7.431176,142.96,6.19,0.00,95.10,1,-95,-7,6,7,42,6,28367106,86
267.09,1547646744,2378.11,51.482335,7.431272,142.67,6.94,0.76,95.45,1,-95,-7,6,7,42,6,28367106,86
268.10,1547646745,2385.12,51.482330,7.431381,143.16,8.22,1.26,94.91,1,-92,-11,1,8,49,6,28367106,86
269.09,1547646746,2393.27,51.482325,7.431515,144.07,8.95,0.74,95.83,1,-92,-11,1,8,49,6,28367106,86
270.10,1547646747,2402.23,51.482311,7.431619,144.90,8.35,-0.60,96.63,1,-92,-11,1,8,49,6,28367106,86
271.10,1547646748,2410.59,51.482301,7.431729,145.38,7.54,-0.81,96.13,1,-97,-11,4,9,44,6,28367106,86
272.10,1547646749,2418.13,51.482290,7.431846,145.68,7.23,-0.31,97.08,1,-97,-11,4,9,44,6,28367106,86
273.10,1547646750,2425.36,51.482276,7.431949,145.62,7.06,-0.16,96.51,1,-95,-8,1,9,42,6,28367106,86
274.10,1547646751,2432.41,51.482267,7.432043,145.31,7.54,0.48,96.49,1,-95,-8,1,9,42,6,28367106,86
275.10,1547646752,2439.96,51.482252,7.432165,145.08,8.92,1.38,96.17,1,-100,-12,1,7,42,6,28367106,86
276.10,1547646753,2448.87,51.482241,7.432320,145.05,10.20,1.28,95.83,1,-100,-12,1,7,42,6,28367106,86
277.09,1547646754,2459.05,51.482234,7.432449,145.37,9.50,-0.70,96.43,1,-90,-10,4,7,50,6,28367106,86
278.09,1547646755,2468.54,51.482228,7.432593,145.87,10.19,0.69,95.51,1,-90,-10,4,7,50,6,28367106,86
279.09,1547646756,2478.74,51.482219,7.432756,146.30,10.21,0.02,95.90,1,-91,-11,1,8,50,6,28367106,86
280.09,1547646757,2488.94,51.482207,7.432880,146.56,10.60,0.39,97.12,1,-91,-11,1,8,50,6,28367106,86
281.10,1547646758,2499.55,51.482193,7.433030,146.41,10.91,0.31,96.47,1,-91,-10,1,7,49,6,28367106,86
282.09,1547646759,2510.44,51.482180,7.433190,146.29,10.96,0.05,96.21,1,-91,-10,1,7,49,6,28367106,86
283.09,1547646760,2521.36,51.482167,7.433343,146.08,10.68,-0.28,96.72,1,-91,-11,3,5,48,6,28367106,86
284.09,1547646761,2532.08,51.482154,7.433489,145.85,10.21,-0.46,98.74,1,-91,-11,3,5,48,6,28367106,86
285.09,1547646762,2542.29,51.482140,7.433647,145.88,10.61,0.40,98.11,1,-94,-9,4,7,45,6,28367106,86
286.09,1547646763,2552.91,51.482132,7.433810,146.02,11.55,0.94,96.85,1,-94,-9,4,7,45,6,28367106,86
287.10,1547646764,2564.48,51.482123,7.433975,146.23,12.17,0.62,97.24,1,-100,-12,1,5,42,6,28367106,86
288.10,1547646765,2576.65,51.482116,7.434145,146.64,11.39,-0.78,97.43,1,-100,-12,1,5,42,6,28367106,86
289.10,1547646766,2588.03,51.482108,7.434294,147.39,10.47,-0.92,96.70,1,-95,-12,-2,4,48,6,28367106,86
290.10,1547646767,2598.50,51.482101,7.434444,147.97,9.98,-0.49,95.94,1,-95,-12,-2,4,48,6,28367106,86
291.10,1547646768,2608.51,51.482095,7.434576,148.61,9.72,-0.26,97.18,1,-95,-13,-2,5,47,6,28367106,86
292.09,1547646769,2618.18,51.482086,7.434700,149.37,9.45,-0.27,97.56,1,-95,-13,-2,5,47,6,28367106,86
293.09,1547646770,2627.62,51.482077,7.434842,149.82,9.21,-0.25,98.45,1,-95,-13,-2,5,47,6,28367106,86
294.09,1547646771,2636.85,51.482069,7.434966,149.98,8.53,-0.68,98.71,1,-92,-11,4,9,49,6,28367106,86
295.09,1547646772,2645.38,51.482060,7.435093,149.78,8.25,-0.28,98.32,1,-92,-11,4,9,49,6,28367106,86
296.10,1547646773,2653.65,51.482048,7.435236,149.81,8.70,0.45,98.74,1,-100,-15,-1,6,43,6,28367106,86
297.10,1547646774,2662.35,51.482040,7.435380,149.90,9.82,1.12,96.84,1,-100,-15,-1,6,43,6,28367106,86
298.09,1547646775,2672.15,51.482034,7.435516,150.31,9.29,-0.53,95.01,1,-96,-11,-2,6,44,10,28368386,213
299.09,1547646776,2681.43,51.482028,7.435664,150.23,9.81,0.52,95.72,1,-96,-11,-2,6,44,10,28368386,213
300.09,1547646777,2691.21,51.482020,7.435822,150.32,10.69,0.89,96.33,1,-95,-11,7,9,48,10,28368386,213
301.10,1547646778,2702.03,51.482012,7.435969,150.59,11.41,0.71,96.46,1,-95,-11,7,9,48,10,28368386,213
302.09,1547646779,2713.32,51.481997,7.436133,150.79,11.31,-0.11,96.02,1,-85,-9,5,6,51,4,28367105,85
303.09,1547646780,2724.66,51.481983,7.436296,150.98,11.87,0.56,96.78,1,-85,-9,5,6,51,4,28367105,85
304.10,1547646781,2736.57,51.481970,7.436461,150.97,11.59,-0.28,96.50,1,-91,-12,5,7,50,4,28367105,85
305.10,1547646782,2748.17,51.481959,7.436622,151.31,10.79,-0.80,95.97,1,-91,-12,5,7,50,4,28367105,85
306.10,1547646783,2758.93,51.481952,7.436801,151.82,11.33,0.54,96.95,1,-91,-13,0,8,50,4,28367105,85
307.10,1547646784,2770.26,51.481944,7.436949,152.01,11.04,-0.28,96.02,1,-91,-13,0,8,50,4,28367105,85
308.09,1547646785,2781.29,51.481939,7.437118,152.36,10.56,-0.49,96.87,1,-93,-8,7,9,44,4,28367105,85
309.09,1547646786,2791.83,51.481931,7.437288,153.10,9.54,-1.02,99.29,1,-93,-8,7,9,44,4,28367105,85
310.09,1547646787,2801.37,51.481917,7.437441,153.13,9.01,-0.53,98.68,1,-90,-7,10,8,49,4,28367105,85
311.09,1547646788,2810.38,51.481907,7.437553,153.83,7.67,-1.34,98.53,1,-90,-7,10,8,49,4,28367105,85
312.10,1547646789,2818.10,51.481897,7.437664,154.10,7.32,-0.34,99.46,1,-87,-8,10,7,51,4,28367105,85
313.09,1547646790,2825.39,51.481888,7.437769,154.28,8.00,0.68,99.40,1,-87,-8,10,7,51,4,28367105,85
314.09,1547646791,2833.38,51.481879,7.437860,154.56,7.87,-0.13,99.22,1,-87,-8,10,7,51,4,28367105,85
315.09,1547646792,2841.24,51.481864,7.437964,154.49,6.86,-1.01,100.93,1,-86,-6,18,10,51,4,28367105,85
316.09,1547646793,2848.10,51.481848,7.438075,153.83,7.77,0.91,104.07,1,-86,-6,18,10,51,4,28367105,85
317.09,1547646794,2855.86,51.481835,7.438195,153.13,8.78,1.01,105.50,1,-83,-5,11,8,53,4,28367105,85
318.09,1547646795,2864.64,51.481814,7.438349,153.20,8.32,-0.46,103.04,1,-83,-5,11,8,53,4,28367105,85
319.09,1547646796,2872.96,51.481800,7.438469,152.99,8.21,-0.11,102.05,1,-89,-7,6,6,48,4,28367105,85
320.09,1547646797,2881.19,51.481795,7.438570,153.06,7.88,-0.33,100.14,1,-89,-7,6,6,48,4,28367105,85
321.09,1547646798,2889.04,51.481793,7.438671,153.17,7.58,-0.30,98.92,1,-90,-7,2,11,47,4,28367105,85
322.09,1547646799,2896.63,51.481791,7.438790,153.19,8.44,0.86,95.95,1,-90,-7,2,11,47,4,28367105,85
323.10,1547646800,2905.11,51.481788,7.438910,153.02,9.28,0.84,94.23,1,-86,-9,0,6,50,9,28368386,213
324.09,1547646801,2914.32,51.481784,7.439040,153.06,9.98,0.71,94.93,1,-86,-9,0,6,50,9,28368386,213
325.09,1547646802,2924.33,51.481778,7.439175,153.15,9.84,-0.14,94.10,1,-90,-10,16,10,50,9,28368386,213
326.09,1547646803,2934.16,51.481771,7.439327,153.07,9.95,0.11,94.73,1,-90,-10,16,10,50,9,28368386,213
327.09,1547646804,2944.14,51.481762,7.439476,152.77,10.14,0.19,95.24,1,-94,-10,10,9,46,9,28368386,213
328.09,1547646805,2954.27,51.481752,7.439633,152.48,10.25,0.11,95.84,1,-94,-10,10,9,46,9,28368386,213
329.09,1547646806,2964.53,51.481743,7.439779,152.49,9.88,-0.37,95.43,1,-91,-9,8,12,49,9,28368386,213
330.09,1547646807,2974.41,51.481735,7.439916,152.86,9.97,0.09,94.90,1,-91,-9,8,12,49,9,28368386,213
331.09,1547646808,2984.39,51.481731,7.440043,153.58,9.51,-0.46,95.00,1,-93,-8,24,7,46,9,28368386,213
332.10,1547646809,2993.91,51.481728,7.440166,154.24,9.07,-0.44,95.77,1,-93,-8,24,7,46,9,28368386,213
333.10,1547646810,3003.06,51.481722,7.440297,154.37,8.27,-0.80,94.88,1,-99,-11,8,4,43,9,28368386,213
334.10,1547646811,3011.26,51.481719,7.440402,154.64,7.20,-1.08,94.47,1,-99,-11,8,4,43,9,28368386,213
335.09,1547646812,3018.43,51.481712,7.440513,154.52,6.59,-0.61,95.49,1,-99,-11,8,4,43,9,28368386,213
336.09,1547646813,3025.04,51.481705,7.440602,154.43,5.77,-0.82,96.42,1,-97,-11,5,9,44,9,28368386,213
337.09,1547646814,3030.80,51.481700,7.440687,154.51,4.65,-1.12,96.88,1,-97,-11,5,9,44,9,28368386,213
338.09,1547646815,3035.46,51.481698,7.440759,154.56,3.46,-1.20,95.41,1,-98,-11,7,9,43,9,28368386,213
339.09,1547646816,3038.92,51.481696,7.440807,154.61,2.71,-0.74,97.29,1,-98,-11,7,9,43,9,28368386,213
340.09,1547646817,3041.63,51.481694,7.440842,154.68,2.36,-0.35,98.18,1,-95,-10,9,9,45,9,28368386,213
341.10,1547646818,3043.99,51.481704,7.440878,154.78,1.71,-0.64,98.18,1,-95,-10,9,9,45,9,28368386,213
342.10,1547646819,3045.71,51.481716,7.440890,154.90,0.34,-1.38,98.18,1,-93,-8,8,9,46,9,28368386,213
343.09,1547646820,3046.05,51.481716,7.440890,154.91,0.00,-0.34,98.18,1,-93,-8,8,9,46,9,28368386,213
344.09,1547646821,3046.05,51.481716,7.440890,154.93,0.00,0.00,98.18,1,-97,-10,4,8,44,9,28368386,213
345.09,1547646822,3046.05,51.481716,7.440890,154.95,0.00,0.00,98.18,1,-97,-10,4,8,44,9,28368386,213
346.09,1547646823,3046.05,51.481716,7.440890,154.97,0.00,0.00,98.18,1,-97,-10,2,8,45,9,28368386,213
347.09,1547646824,3046.05,51.481716,7.440890,155.00,0.00,0.00,98.18,1,-97,-10,2,8,45,9,28368386,213
348.09,1547646825,3046.05,51.481716,7.440890,155.03,0.00,0.00,98.18,1,-97,-9,8,8,44,9,28368386,213
349.09,1547646826,3046.05,51.481716,7.440890,155.06,0.00,0.00,98.18,1,-97,-9,8,8,44,9,28368386,213
350.09,1547646827,3046.05,51.481716,7.440890,155.09,0.00,0.00,98.18,1,-97,-10,7,10,44,9,28368386,213
351.10,1547646828,3046.05,51.481716,7.440890,155.11,0.00,0.00,98.18,1,-97,-10,7,10,44,9,28368386,213
352.09,1547646829,3046.05,51.481716,7.440890,155.14,0.00,0.00,98.18,1,-97,-10,8,7,43,9,28368386,213
353.10,1547646830,3046.05,51.481716,7.440890,155.17,0.00,0.00,98.18,1,-97,-10,8,7,43,9,28368386,213
354.10,1547646831,3046.05,51.481716,7.440890,155.20,0.00,0.00,98.18,1,-98,-9,7,11,42,9,28368386,213
355.09,1547646832,3046.05,51.481716,7.440890,155.23,0.00,0.00,98.18,1,-98,-9,7,11,42,9,28368386,213
356.09,1547646833,3046.05,51.481716,7.440890,155.26,0.00,0.00,98.18,1,-98,-9,7,11,42,9,28368386,213
357.09,1547646834,3046.05,51.481716,7.440890,155.29,0.00,0.00,98.18,1,-98,-9,7,6,43,9,28368386,213
358.09,1547646835,3046.05,51.481716,7.440890,155.31,0.00,0.00,98.18,1,-98,-9,7,6,43,9,28368386,213
359.09,1547646836,3046.05,51.481716,7.440890,155.52,0.00,0.00,98.18,1,-96,-10,7,7,45,9,28368386,213
360.09,1547646837,3046.05,51.481716,7.440890,155.73,0.00,0.00,97.74,1,-96,-10,7,7,45,9,28368386,213
361.09,1547646838,3046.05,51.481716,7.441021,158.03,0.00,0.00,97.20,1,-96,-10,9,7,45,9,28368386,213
362.10,1547646839,3046.05,51.481710,7.441102,159.88,6.13,0.00,96.69,1,-96,-10,9,7,45,9,28368386,213
363.09,1547646840,3052.17,51.481704,7.441176,161.02,5.99,-0.14,98.67,1,-101,-12,2,4,42,9,28368386,213
364.10,1547646841,3058.17,51.481686,7.441235,161.11,6.51,0.51,102.05,1,-101,-12,2,4,42,9,28368386,213
365.10,1547646842,3064.68,51.481668,7.441322,160.82,7.17,0.67,103.70,1,-101,-13,0,5,43,9,28368386,213
366.09,1547646843,3071.85,51.481645,7.441431,160.52,7.93,0.75,107.74,1,-101,-13,0,5,43,9,28368386,213
367.09,1547646844,3079.76,51.481599,7.441544,160.02,9.19,1.26,120.68,1,-97,-11,1,9,44,9,28368386,213
368.09,1547646845,3088.94,51.481546,7.441671,160.06,9.80,0.62,121.78,1,-97,-11,1,9,44,9,28368386,213
369.09,1547646846,3098.75,51.481493,7.441779,160.44,10.49,0.68,123.75,1,-95,-10,4,11,45,9,28368386,213
370.09,1547646847,3109.25,51.481429,7.441911,160.52,10.53,0.04,126.30,1,-95,-10,4,11,45,9,28368386,213
371.09,1547646848,3119.78,51.481357,7.442049,160.38,11.21,0.68,128.63,1,-92,-9,7,6,45,7,28367105,85
372.09,1547646849,3130.96,51.481275,7.442174,159.77,11.96,0.75,131.66,1,-92,-9,7,6,45,7,28367105,85
373.09,1547646850,3142.94,51.481202,7.442285,159.47,12.31,0.35,132.23,1,-89,-8,4,9,45,7,28367105,85
374.09,1547646851,3155.24,51.481125,7.442408,159.25,12.80,0.49,131.23,1,-89,-8,4,9,45,7,28367105,85
375.10,1547646852,3168.16,51.481045,7.442544,159.04,14.03,1.22,131.86,1,-87,-6,14,8,48,7,28367105,85
376.09,1547646853,3182.07,51.480956,7.442698,159.19,14.25,0.22,131.81,1,-87,-6,14,8,48,7,28367105,85
377.09,1547646854,3196.33,51.480868,7.442849,159.34,14.33,0.08,132.38,1,-87,-6,14,8,48,7,28367105,85
378.09,1547646855,3210.65,51.480771,7.442984,159.33,13.35,-0.98,135.05,1,-92,-6,7,9,44,7,28367105,85
379.09,1547646856,3224.02,51.480659,7.443068,159.24,12.52,-0.83,151.39,1,-92,-6,7,9,44,7,28367105,85
380.09,1547646857,3236.55,51.480550,7.443152,159.31,12.00,-0.52,152.60,1,-96,-8,10,8,43,7,28367105,85
381.09,1547646858,3248.52,51.480429,7.443162,159.58,12.33,0.33,177.71,1,-96,-8,10,8,43,7,28367105,85
382.09,1547646859,3260.87,51.480318,7.443165,159.84,12.51,0.18,176.32,1,-97,-10,4,7,43,7,28367105,85
383.10,1547646860,3273.44,51.480202,7.443220,160.11,13.29,0.77,160.61,1,-97,-10,4,7,43,7,28367105,85
384.09,1547646861,3286.67,51.480084,7.443289,160.44,14.25,0.97,157.81,1,-98,-12,-1,5,44,7,28367105,85
385.10,1547646862,3300.98,51.479961,7.443382,160.71,15.41,1.16,155.73,1,-98,-12,-1,5,44,7,28367105,85
386.10,1547646863,3316.41,51.479831,7.443486,160.94,16.44,1.02,154.37,1,-100,-14,-4,6,43,7,28367105,85
387.10,1547646864,3332.83,51.479703,7.443591,161.22,16.82,0.39,153.52,1,-100,-14,-4,6,43,7,28367105,85
388.09,1547646865,3349.60,51.479562,7.443713,161.10,16.93,0.11,152.83,1,-100,-13,-4,6,41,7,28368386,213
389.09,1547646866,3366.51,51.479429,7.443826,161.07,16.96,0.04,152.35,1,-100,-13,-4,6,41,7,28368386,213
390.10,1547646867,3383.60,51.479299,7.443944,161.20,16.84,-0.13,151.55,1,-100,-12,-3,7,41,7,28368386,213
391.10,1547646868,3400.35,51.479167,7.444062,161.27,16.69,-0.15,151.39,1,-100,-12,-3,7,41,7,28368386,213
392.10,1547646869,3417.06,51.479039,7.444180,161.37,16.72,0.02,151.56,1,-99,-11,0,6,41,7,28368386,213
393.10,1547646870,3433.78,51.478905,7.444298,161.62,16.82,0.10,151.49,1,-99,-11,0,6,41,7,28368386,213
394.10,1547646871,3450.61,51.478774,7.444423,162.04,16.96,0.14,151.41,1,-106,-13,-3,6,40,7,28368386,213
395.09,1547646872,3467.50,51.478644,7.444540,162.34,17.16,0.20,151.54,1,-106,-13,-3,6,40,7,28368386,213
396.10,1547646873,3484.85,51.478512,7.444658,162.56,17.11,-0.05,151.64,1,-107,-15,-6,6,40,7,28368386,213
397.11,1547646874,3502.00,51.478376,7.444772,162.45,16.94,-0.17,151.86,1,-107,-15,-6,6,40,7,28368386,213
398.10,1547646875,3518.78,51.478240,7.444886,162.37,16.81,-0.13,151.71,1,-107,-15,-6,6,40,7,28368386,213
399.10,1547646876,3535.56,51.478107,7.445000,162.41,16.68,-0.14,151.55,1,-106,-11,-8,5,39,12,28367105,85
400.10,1547646877,3552.26,51.477976,7.445114,162.45,16.76,0.08,151.67,1,-106,-11,-8,5,39,12,28367105,85
401.10,1547646878,3569.02,51.477845,7.445228,162.47,16.84,0.08,151.50,1,-104,-11,-7,7,42,7,28368384,215
402.10,1547646879,3585.89,51.477714,7.445340,162.32,16.66,-0.19,151.68,1,-104,-11,-7,7,42,7,28368384,215
403.10,1547646880,3602.52,51.477583,7.445451,162.18,16.54,-0.12,151.40,1,-101,-10,-5,9,42,7,28368384,215
404.10,1547646881,3619.04,51.477460,7.445558,162.38,16.40,-0.14,151.47,1,-101,-10,-5,9,42,7,28368384,215
405.09,1547646882,3635.42,51.477332,7.445667,162.61,16.19,-0.21,151.32,1,-99,-9,-1,10,40,7,28368384,215
406.09,1547646883,3651.60,51.477201,7.445781,162.77,15.87,-0.32,151.29,1,-99,-9,-1,10,40,7,28368384,215
407.09,1547646884,3667.45,51.477076,7.445890,162.75,15.43,-0.44,151.03,1,-94,-7,9,11,44,7,28368384,215
408.09,1547646885,3682.88,51.476955,7.445997,162.81,15.57,0.14,151.29,1,-94,-7,9,11,44,7,28368384,215
409.09,1547646886,3698.46,51.476828,7.446104,162.71,15.84,0.27,151.62,1,-98,-8,3,8,40,7,28368384,215
410.09,1547646887,3714.26,51.476705,7.446210,162.92,15.56,-0.28,152.12,1,-98,-8,3,8,40,7,28368384,215
411.10,1547646888,3729.89,51.476588,7.446310,163.36,15.27,-0.28,152.32,1,-90,-7,6,6,44,11,29568768,415
412.09,1547646889,3745.10,51.476461,7.446419,163.48,15.27,-0.00,151.72,1,-90,-7,6,6,44,11,29568768,415
413.09,1547646890,3760.42,51.476335,7.446523,163.64,15.37,0.10,151.97,1,-89,-6,10,10,46,11,29568768,415
414.09,1547646891,3775.77,51.476209,7.446627,163.72,15.12,-0.25,151.93,1,-89,-6,10,10,46,11,29568768,415
415.09,1547646892,3790.88,51.476096,7.446725,163.89,14.54,-0.58,151.45,1,-88,-5,12,11,46,11,29568768,415
416.09,1547646893,3805.42,51.475980,7.446826,163.89,14.23,-0.32,151.63,1,-88,-5,12,11,46,11,29568768,415
417.10,1547646894,3819.75,51.475874,7.446916,163.85,14.19,-0.04,151.59,1,-86,-5,20,15,50,11,29568768,415
418.09,1547646895,3833.84,51.475755,7.447017,164.00,14.09,-0.10,152.06,1,-86,-5,20,15,50,11,29568768,415
419.09,1547646896,3847.94,51.475641,7.447116,164.24,13.90,-0.18,151.61,1,-86,-5,20,15,50,11,29568768,415
420.10,1547646897,3861.91,51.475533,7.447210,164.47,13.54,-0.36,151.04,1,-87,-6,7,8,48,11,29568768,415
421.09,1547646898,3875.38,51.475425,7.447312,164.22,13.80,0.27,150.14,1,-87,-6,7,8,48,11,29568768,415
422.09,1547646899,3889.19,51.475321,7.447413,164.17,13.62,-0.18,149.22,1,-95,-12,-1,5,45,11,29568768,415
423.09,1547646900,3902.82,51.475213,7.447516,164.28,13.13,-0.49,148.31,1,-95,-12,-1,5,45,11,29568768,415
424.09,1547646901,3915.95,51.475122,7.447610,164.67,12.27,-0.86,146.85,1,-103,-10,4,7,38,11,29568768,415
425.09,1547646902,3928.21,51.475034,7.447708,165.19,11.75,-0.52,145.99,1,-103,-10,4,7,38,11,29568768,415
426.09,1547646903,3939.97,51.474950,7.447809,165.44,11.06,-0.70,145.07,1,-94,-6,2,6,44,8,28368384,215
427.09,1547646904,3951.02,51.474877,7.447900,165.51,9.78,-1.28,143.99,1,-94,-6,2,6,44,8,28368384,215
428.09,1547646905,3960.81,51.474810,7.447984,165.44,9.05,-0.73,143.30,1,-101,-9,7,7,39,8,28368384,215
429.09,1547646906,3969.86,51.474760,7.448051,165.58,7.67,-1.38,142.64,1,-101,-9,7,7,39,8,28368384,215
430.09,1547646907,3977.54,51.474706,7.448119,165.51,6.99,-0.69,141.95,1,-100,-10,-1,7,40,8,28368384,215
431.09,1547646908,3984.53,51.474658,7.448186,165.25,6.00,-0.98,141.30,1,-100,-10,-1,7,40,8,28368384,215
432.10,1547646909,3990.54,51.474620,7.448232,164.99,4.97,-1.03,141.23,1,-101,-11,2,7,43,8,28368384,215
433.09,1547646910,3995.50,51.474593,7.448267,164.98,3.62,-1.36,141.59,1,-101,-11,2,7,43,8,28368384,215
434.09,1547646911,3999.11,51.474574,7.448294,164.97,1.78,-1.83,142.42,1,-100,-9,7,9,40,8,28368384,215
435.09,1547646912,4000.90,51.474574,7.448294,164.96,0.00,-1.78,142.42,1,-100,-9,7,9,40,8,28368384,215
436.09,1547646913,4000.90,51.474574,7.448294,164.96,0.00,0.00,142.42,1,-99,-9,4,7,41,8,28368384,215
437.09,1547646914,4000.90,51.474574,7.448294,164.95,0.00,0.00,142.42,1,-99,-9,4,7,41,8,28368384,215
438.09,1547646915,4000.90,51.474574,7.448294,164.95,0.00,0.00,142.42,1,-98,-9,2,6,42,8,28368384,215
439.09,1547646916,4000.90,51.474574,7.448294,164.94,0.00,0.00,142.42,1,-98,-9,2,6,42,8,28368384,215
440.10,1547646917,4000.90,51.474574,7.448294,164.93,0.00,0.00,142.42,1,-96,-8,8,8,43,8,28368384,215
441.09,1547646918,4000.90,51.474574,7.448294,164.92,0.00,0.00,142.42,1,-96,-8,8,8,43,8,28368384,215
442.09,1547646919,4000.90,51.474574,7.448294,164.90,0.00,0.00,142.42,1,-96,-8,8,8,43,8,28368384,215
443.09,1547646920,4000.90,51.474574,7.448294,164.89,0.00,0.00,142.42,1,-97,-9,6,7,43,8,28368384,215
444.09,1547646921,4000.90,51.474574,7.448294,164.88,0.00,0.00,142.42,1,-97,-9,6,7,43,8,28368384,215
445.09,1547646922,4000.90,51.474574,7.448294,164.86,0.00,0.00,142.42,1,-98,-9,1,8,42,8,28368384,215
446.10,1547646923,4000.90,51.474574,7.448294,164.85,0.00,0.00,142.42,1,-98,-9,1,8,42,8,28368384,215
447.09,1547646924,4000.90,51.474574,7.448294,164.83,0.00,0.00,142.42,1,-100,-9,7,7,39,8,28368384,215
448.09,1547646925,4000.90,51.474574,7.448294,164.82,0.00,0.00,142.42,1,-100,-9,7,7,39,8,28368384,215
449.09,1547646926,4000.90,51.474574,7.448294,164.81,0.00,0.00,142.42,1,-98,-8,5,7,41,8,28368384,215
450.09,1547646927,4000.90,51.474574,7.448294,164.80,0.00,0.00,142.42,1,-98,-8,5,7,41,8,28368384,215
451.09,1547646928,4000.90,51.474574,7.448294,164.78,0.00,0.00,142.42,1,-98,-9,7,7,43,8,28368384,215
452.09,1547646929,4000.90,51.474574,7.448294,164.77,0.00,0.00,142.42,1,-98,-9,7,7,43,8,28368384,215
453.09,1547646930,4000.90,51.474574,7.448294,164.76,0.00,0.00,142.42,1,-100,-9,1,8,42,8,28368384,215
454.09,1547646931,4000.90,51.474574,7.448294,164.75,0.00,0.00,142.42,1,-100,-9,1,8,42,8,28368384,215
455.09,1547646932,4000.90,51.474574,7.448294,164.74,0.00,0.00,142.42,1,-98,-9,-1,8,43,8,28368384,215
456.10,1547646933,4000.90,51.474574,7.448294,164.73,0.00,0.00,142.42,1,-98,-9,-1,8,43,8,28368384,215
457.09,1547646934,4000.90,51.474574,7.448294,164.72,0.00,0.00,142.42,1,-98,-8,6,7,41,8,28368384,215
458.09,1547646935,4000.90,51.474574,7.448294,164.71,0.00,0.00,142.42,1,-98,-8,6,7,41,8,28368384,215
459.09,1547646936,4000.90,51.474574,7.448294,164.70,0.00,0.00,142.42,1,-99,-8,6,5,40,8,28368384,215
460.10,1547646937,4000.90,51.474574,7.448294,164.69,0.00,0.00,142.42,1,-99,-8,6,5,40,8,28368384,215
461.10,1547646938,4000.90,51.474574,7.448294,164.69,0.00,0.00,142.42,1,-97,-8,10,8,42,8,28368384,215
462.10,1547646939,4000.90,51.474574,7.448294,164.68,0.00,0.00,142.42,1,-97,-8,10,8,42,8,28368384,215
463.09,1547646940,4000.90,51.474574,7.448294,164.67,0.00,0.00,142.42,1,-97,-8,10,8,42,8,28368384,215
464.09,1547646941,4000.90,51.474574,7.448294,164.66,0.00,0.00,142.42,1,-98,-9,2,5,42,8,28368384,215
465.09,1547646942,4000.90,51.474574,7.448294,164.65,0.00,0.00,142.42,1,-98,-9,2,5,42,8,28368384,215
466.09,1547646943,4000.90,51.474574,7.448294,164.63,0.00,0.00,142.42,1,-99,-8,5,7,39,8,28368384,215
467.09,1547646944,4000.90,51.474574,7.448294,164.62,0.00,0.00,142.42,1,-99,-8,5,7,39,8,28368384,215
468.09,1547646945,4000.90,51.474574,7.448294,164.61,0.00,0.00,142.42,1,-99,-8,6,9,39,8,28368384,215
469.09,1547646946,4000.90,51.474574,7.448294,164.60,0.00,0.00,142.42,1,-99,-8,6,9,39,8,28368384,215
470.09,1547646947,4000.90,51.474574,7.448294,164.59,0.00,0.00,142.42,1,-101,-9,2,9,40,8,28368384,215
471.10,1547646948,4000.90,51.474574,7.448294,164.57,0.00,0.00,142.42,1,-101,-9,2,9,40,8,28368384,215
472.10,1547646949,4000.90,51.474574,7.448294,164.55,0.00,0.00,142.42,1,-100,-9,2,8,42,8,28368384,215
473.09,1547646950,4000.90,51.474574,7.448294,164.53,0.00,0.00,142.42,1,-100,-9,2,8,42,8,28368384,215
474.10,1547646951,4000.90,51.474574,7.448294,164.51,0.00,0.00,142.42,1,-99,-9,0,5,42,8,28368384,215
475.10,1547646952,4000.90,51.474574,7.448294,164.49,0.00,0.00,142.42,1,-99,-9,0,5,42,8,28368384,215
476.09,1547646953,4000.90,51.474574,7.448294,164.47,0.00,0.00,142.42,1,-99,-9,0,5,41,8,28368384,215
477.09,1547646954,4000.90,51.474574,7.448294,164.46,0.00,0.00,142.42,1,-99,-9,0,5,41,8,28368384,215
478.09,1547646955,4000.90,51.474574,7.448294,164.44,0.00,0.00,142.42,1,-99,-10,0,7,42,8,28368384,215
479.10,1547646956,4000.90,51.474574,7.448294,164.44,0.00,0.00,142.42,1,-99,-10,0,7,42,8,28368384,215
480.10,1547646957,4000.90,51.474574,7.448294,164.43,0.00,0.00,142.42,1,-99,-9,1,4,41,8,28368384,215
481.09,1547646958,4000.90,51.474574,7.448294,164.43,0.00,0.00,130.45,1,-99,-9,1,4,41,8,28368384,215
482.10,1547646959,4000.90,51.474534,7.448374,164.82,0.00,0.00,132.63,1,-100,-10,2,9,40,8,28368384,215
483.09,1547646960,4000.90,51.474502,7.448428,165.13,4.90,0.00,135.17,1,-100,-10,2,9,40,8,28368384,215
484.09,1547646961,4005.80,51.474460,7.448494,165.65,6.26,1.36,136.60,1,-100,-10,2,9,40,8,28368384,215
485.09,1547646962,4012.06,51.474416,7.448559,165.71,6.77,0.52,137.88,1,-99,-9,2,5,42,8,28368384,215
486.09,1547646963,4018.83,51.474370,7.448624,165.70,7.18,0.41,138.74,1,-99,-9,2,5,42,8,28368384,215
487.09,1547646964,4026.01,51.474314,7.448697,165.56,8.40,1.21,139.08,1,-97,-8,3,6,42,8,28368384,215
488.09,1547646965,4034.41,51.474252,7.448776,165.42,9.48,1.08,139.73,1,-97,-8,3,6,42,8,28368384,215
489.09,1547646966,4043.89,51.474184,7.448861,165.32,10.09,0.61,139.30,1,-93,-7,8,8,45,8,28368384,215
490.09,1547646967,4053.94,51.474110,7.448956,165.22,11.16,1.08,138.44,1,-93,-7,8,8,45,8,28368384,215
491.09,1547646968,4065.15,51.474028,7.449060,164.96,12.01,0.85,138.71,1,-92,-7,15,9,46,8,28368384,215
492.10,1547646969,4077.17,51.473946,7.449172,165.08,12.48,0.47,138.19,1,-92,-7,15,9,46,8,28368384,215
493.09,1547646970,4089.64,51.473865,7.449300,165.11,12.94,0.46,137.24,1,-85,-6,6,6,52,7,29568768,415
494.09,1547646971,4102.58,51.473781,7.449432,164.93,12.82,-0.12,135.88,1,-85,-6,6,6,52,7,29568768,415
495.09,1547646972,4115.38,51.473703,7.449566,164.72,12.83,0.01,134.80,1,-79,-5,30,10,59,7,29568768,415
496.09,1547646973,4128.21,51.473632,7.449698,164.79,12.62,-0.20,133.52,1,-79,-5,30,10,59,7,29568768,415
497.09,1547646974,4140.82,51.473560,7.449835,165.05,12.42,-0.20,132.26,1,-82,-5,34,12,56,7,29568768,415
498.09,1547646975,4153.25,51.473495,7.449965,165.04,11.81,-0.61,131.03,1,-82,-5,34,12,56,7,29568768,415
499.09,1547646976,4165.06,51.473432,7.450094,164.99,11.09,-0.71,129.59,1,-83,-5,36,15,54,7,29568768,415
500.09,1547646977,4176.15,51.473373,7.450219,165.13,10.75,-0.34,128.71,1,-83,-5,36,15,54,7,29568768,415
501.09,1547646978,4186.89,51.473316,7.450351,165.05,10.80,0.04,127.25,1,-84,-5,15,10,53,7,29568768,415
502.10,1547646979,4197.74,51.473264,7.450482,165.17,10.63,-0.17,125.94,1,-84,-5,15,10,53,7,29568768,415
503.10,1547646980,4208.39,51.473208,7.450616,165.14,11.23,0.60,125.01,1,-80,-7,18,11,57,7,29568768,415
504.09,1547646981,4219.57,51.473150,7.450769,165.19,12.54,1.31,123.91,1,-80,-7,18,11,57,7,29568768,415
505.09,1547646982,4232.12,51.473085,7.450941,165.50,13.79,1.25,122.28,1,-80,-7,18,11,57,7,29568768,415
506.09,1547646983,4245.89,51.473018,7.451126,165.56,14.96,1.17,120.52,1,-80,-4,22,15,54,7,29568768,415
507.09,1547646984,4260.87,51.472968,7.451321,165.42,14.96,0.00,121.37,1,-80,-4,22,15,54,7,29568768,415
508.09,1547646985,4275.83,51.472914,7.451550,165.23,17.37,2.41,112.55,1,-83,-5,25,15,53,7,29568768,415
509.09,1547646986,4293.18,51.472857,7.451796,165.12,18.49,1.12,111.98,1,-83,-5,25,15,53,7,29568768,415
510.09,1547646987,4311.69,51.472797,7.452038,165.41,18.64,0.15,111.04,1,-85,-5,29,12,50,7,29568768,415
511.10,1547646988,4330.36,51.472740,7.452277,165.51,18.11,-0.53,109.45,1,-85,-5,29,12,50,7,29568768,415
512.09,1547646989,4348.41,51.472694,7.452524,165.84,17.85,-0.26,108.11,1,-76,-6,22,13,56,7,29568768,415
513.09,1547646990,4366.28,51.472651,7.452765,165.70,17.35,-0.50,106.85,1,-76,-6,22,13,56,7,29568768,415
514.09,1547646991,4383.65,51.472608,7.453009,165.41,16.98,-0.37,105.76,1,-77,-5,36,15,57,7,29568768,415
515.09,1547646992,4400.61,51.472575,7.453239,165.05,16.83,-0.15,104.90,1,-77,-5,36,15,57,7,29568768,415
516.09,1547646993,4417.44,51.472544,7.453475,164.70,16.49,-0.34,104.53,1,-83,-5,17,12,50,7,29568768,415
517.09,1547646994,4433.91,51.472508,7.453716,164.39,16.25,-0.24,104.22,1,-83,-5,17,12,50,7,29568768,415
518.09,1547646995,4450.18,51.472472,7.453933,163.97,16.00,-0.25,104.59,1,-83,-6,19,11,52,7,29568768,415
519.09,1547646996,4466.18,51.472440,7.454150,163.65,15.77,-0.23,104.13,1,-83,-6,19,11,52,7,29568768,415
520.10,1547646997,4481.98,51.472404,7.454374,163.40,15.67,-0.10,105.27,1,-80,-5,37,13,54,7,29568768,415
521.09,1547646998,4497.60,51.472365,7.454576,163.00,15.45,-0.22,106.06,1,-80,-5,37,13,54,7,29568768,415
522.09,1547646999,4513.02,51.472323,7.454790,162.73,15.24,-0.21,106.80,1,-80,-6,26,15,55,7,29568768,415
523.09,1547647000,4528.25,51.472282,7.455001,162.69,15.06,-0.18,107.39,1,-80,-6,26,15,55,7,29568768,415
524.09,1547647001,4543.36,51.472244,7.455202,163.00,14.90,-0.16,107.91,1,-84,-5,28,15,50,7,29568768,415
525.09,1547647002,4558.26,51.472200,7.455412,163.27,14.21,-0.69,109.23,1,-84,-5,28,15,50,7,29568768,415
526.10,1547647003,4572.55,51.472160,7.455595,163.11,13.31,-0.89,109.96,1,-85,-6,16,14,50,7,29568768,415
527.09,1547647004,4585.78,51.472119,7.455767,162.92,13.10,-0.21,110.75,1,-85,-6,16,14,50,7,29568768,415
528.09,1547647005,4598.89,51.472080,7.455941,162.67,12.99,-0.12,111.56,1,-85,-6,16,14,50,7,29568768,415
529.09,1547647006,4611.88,51.472034,7.456111,162.39,12.86,-0.13,112.59,1,-87,-5,25,12,48,7,29568768,415
530.09,1547647007,4624.74,51.471991,7.456279,162.16,12.77,-0.09,113.22,1,-87,-5,25,12,48,7,29568768,415
531.09,1547647008,4637.47,51.471942,7.456441,161.80,12.67,-0.10,113.70,1,-87,-6,26,12,48,7,29568768,415
532.09,1547647009,4650.11,51.471893,7.456598,161.24,12.52,-0.15,114.46,1,-87,-6,26,12,48,7,29568768,415
533.09,1547647010,4662.68,51.471842,7.456763,160.70,12.54,0.03,114.55,1,-82,-7,21,15,55,7,29568768,415
534.09,1547647011,4675.21,51.471787,7.456928,160.30,12.49,-0.05,115.10,1,-82,-7,21,15,55,7,29568768,415
535.09,1547647012,4687.70,51.471736,7.457086,159.85,12.50,0.01,115.55,1,-90,-6,16,12,46,7,29568768,415
536.09,1547647013,4700.20,51.471685,7.457254,159.44,12.90,0.40,116.13,1,-90,-6,16,12,46,7,29568768,415
537.09,1547647014,4713.10,51.471635,7.457418,158.91,13.19,0.29,115.68,1,-93,-6,16,10,44,7,29568768,415
538.09,1547647015,4726.30,51.471580,7.457593,158.58,13.44,0.26,116.48,1,-93,-6,16,10,44,7,29568768,415
539.09,1547647016,4739.73,51.471529,7.457761,158.37,13.56,0.11,116.98,1,-91,-7,22,9,46,7,29568768,415
540.09,1547647017,4753.30,51.471469,7.457936,157.91,13.54,-0.01,117.77,1,-91,-7,22,9,46,7,29568768,415
541.09,1547647018,4766.86,51.471411,7.458109,157.58,13.17,-0.37,116.97,1,-86,-6,18,14,51,7,29568768,415
542.09,1547647019,4779.97,51.471352,7.458282,157.05,12.02,-1.16,116.54,1,-86,-6,18,14,51,7,29568768,415
543.09,1547647020,4792.01,51.471303,7.458425,156.45,11.06,-0.96,115.99,1,-90,-10,11,11,52,7,29568768,415
544.10,1547647021,4803.12,51.471258,7.458571,155.91,10.33,-0.73,115.31,1,-90,-10,11,11,52,7,29568768,415
545.10,1547647022,4813.44,51.471218,7.458700,155.42,10.20,-0.12,115.44,1,-90,-9,23,12,50,7,29568768,415
546.09,1547647023,4823.63,51.471179,7.458835,155.18,9.69,-0.52,115.11,1,-90,-9,23,12,50,7,29568768,415
547.10,1547647024,4833.40,51.471144,7.458949,154.86,8.83,-0.85,114.37,1,-97,-9,13,11,43,7,29568768,415
548.09,1547647025,4842.16,51.471113,7.459053,154.71,7.80,-1.04,114.74,1,-97,-9,13,11,43,7,29568768,415
549.09,1547647026,4849.96,51.471087,7.459137,154.60,6.14,-1.66,115.57,1,-97,-9,13,11,43,7,29568768,415
550.10,1547647027,4856.11,51.471060,7.459212,154.34,4.68,-1.46,116.03,1,-93,-9,14,9,48,7,29568768,415
551.09,1547647028,4860.76,51.471047,7.459259,154.40,3.74,-0.95,115.19,1,-93,-9,14,9,48,7,29568768,415
552.09,1547647029,4864.50,51.471029,7.459304,154.43,2.68,-1.06,116.41,1,-95,-11,11,9,48,7,29568768,415
553.09,1547647030,4867.19,51.471015,7.459327,154.48,1.47,-1.21,118.76,1,-95,-11,11,9,48,7,29568768,415
554.10,1547647031,4868.66,51.471015,7.459327,154.48,0.00,-1.47,118.76,1,-94,-10,21,11,47,7,29568768,415
555.09,1547647032,4868.66,51.471015,7.459327,154.47,0.00,0.00,118.76,1,-94,-10,21,11,47,7,29568768,415
556.09,1547647033,4868.66,51.471015,7.459327,154.46,0.00,0.00,118.76,1,-95,-9,18,10,47,7,29568768,415
557.09,1547647034,4868.66,51.471015,7.459327,154.45,0.00,0.00,118.76,1,-95,-9,18,10,47,7,29568768,415
558.09,1547647035,4868.66,51.471015,7.459327,154.43,0.00,0.00,118.76,1,-95,-9,19,11,47,7,29568768,415
559.09,1547647036,4868.66,51.471015,7.459327,154.42,0.00,0.00,118.76,1,-95,-9,19,11,47,7,29568768,415
560.09,1547647037,4868.66,51.471015,7.459327,154.41,0.00,0.00,118.76,1,-94,-9,14,6,47,7,29568768,415
561.09,1547647038,4868.66,51.471015,7.459327,154.40,0.00,0.00,118.76,1,-94,-9,14,6,47,7,29568768,415
562.09,1547647039,4868.66,51.471015,7.459327,154.39,0.00,0.00,118.76,1,-95,-10,23,11,45,7,29568768,415
563.09,1547647040,4868.66,51.471015,7.459327,154.38,0.00,0.00,118.76,1,-95,-10,23,11,45,7,29568768,415
564.09,1547647041,4868.66,51.471015,7.459327,154.38,0.00,0.00,118.76,1,-98,-9,10,10,43,7,29568768,415
565.09,1547647042,4868.66,51.471015,7.459327,154.37,0.00,0.00,118.76,1,-98,-9,10,10,43,7,29568768,415
566.09,1547647043,4868.66,51.471015,7.459327,154.36,0.00,0.00,118.76,1,-94,-9,20,11,48,7,29568768,415
567.09,1547647044,4868.66,51.471015,7.459327,154.35,0.00,0.00,118.76,1,-94,-9,20,11,48,7,29568768,415
568.10,1547647045,4868.66,51.471015,7.459327,154.33,0.00,0.00,118.76,1,-93,-9,17,9,48,7,29568768,415
569.09,1547647046,4868.66,51.471015,7.459327,154.32,0.00,0.00,118.76,1,-93,-9,17,9,48,7,29568768,415
570.10,1547647047,4868.66,51.471015,7.459327,154.30,0.00,0.00,118.76,1,-93,-9,17,9,48,7,29568768,415
571.09,1547647048,4868.66,51.471015,7.459327,154.28,0.00,0.00,118.76,1,-95,-9,13,11,48,7,29568768,415
572.10,1547647049,4868.66,51.471015,7.459327,154.27,0.00,0.00,118.76,1,-95,-9,13,11,48,7,29568768,415
573.09,1547647050,4868.66,51.471015,7.459327,154.25,0.00,0.00,118.76,1,-93,-10,7,6,48,7,29568768,415
574.09,1547647051,4868.66,51.471015,7.459327,154.23,0.00,0.00,118.76,1,-93,-10,7,6,48,7,29568768,415
575.09,1547647052,4868.66,51.471015,7.459327,154.22,0.00,0.00,118.76,1,-95,-10,6,7,47,7,29568768,415
576.09,1547647053,4868.66,51.471015,7.459327,154.20,0.00,0.00,118.76,1,-95,-10,6,7,47,7,29568768,415
577.09,1547647054,4868.66,51.471015,7.459327,154.18,0.00,0.00,118.76,1,-98,-10,8,9,44,7,29568768,415
578.09,1547647055,4868.66,51.471015,7.459327,154.17,0.00,0.00,118.76,1,-98,-10,8,9,44,7,29568768,415
579.09,1547647056,4868.66,51.471015,7.459327,154.15,0.00,0.00,118.76,1,-99,-10,16,8,43,7,29568768,415
580.09,1547647057,4868.66,51.471015,7.459327,154.14,0.00,0.00,118.76,1,-99,-10,16,8,43,7,29568768,415
581.09,1547647058,4868.66,51.471015,7.459327,154.14,0.00,0.00,118.76,1,-95,-9,17,9,47,7,29568768,415
582.09,1547647059,4868.66,51.471015,7.459327,154.13,0.00,0.00,118.76,1,-95,-9,17,9,47,7,29568768,415
583.10,1547647060,4868.66,51.471015,7.459327,154.13,0.00,0.00,118.76,1,-95,-10,6,9,47,7,29568768,415
584.09,1547647061,4868.66,51.471015,7.459327,154.12,0.00,0.00,118.76,1,-95,-10,6,9,47,7,29568768,415
585.09,1547647062,4868.66,51.471015,7.459327,154.12,0.00,0.00,118.76,1,-93,-8,19,10,47,7,29568768,415
586.09,1547647063,4868.66,51.471015,7.459327,154.12,0.00,0.00,118.76,1,-93,-8,19,10,47,7,29568768,415
587.09,1547647064,4868.66,51.471015,7.459327,154.11,0.00,0.00,118.76,1,-94,-9,16,10,48,7,29568768,415
588.09,1547647065,4868.66,51.471015,7.459327,154.12,0.00,0.00,118.76,1,-94,-9,16,10,48,7,29568768,415
589.10,1547647066,4868.66,51.471015,7.459327,154.12,0.00,0.00,118.76,1,-94,-9,22,10,47,7,29568768,415
590.09,1547647067,4868.66,51.471015,7.459327,154.12,0.00,0.00,118.76,1,-94,-9,22,10,47,7,29568768,415
591.10,1547647068,4868.66,51.471015,7.459327,154.13,0.00,0.00,118.76,1,-94,-9,22,10,47,7,29568768,415
592.09,1547647069,4868.66,51.471015,7.459327,154.13,0.00,0.00,118.76,1,-94,-10,7,9,47,7,29568768,415
593.09,1547647070,4868.66,51.471015,7.459327,154.14,0.00,0.00,118.76,1,-94,-10,7,9,47,7,29568768,415
594.10,1547647071,4868.66,51.471015,7.459327,154.15,0.00,0.00,118.76,1,-95,-9,6,7,46,7,29568768,415
595.09,1547647072,4868.66,51.471015,7.459327,154.16,0.00,0.00,118.76,1,-95,-9,6,7,46,7,29568768,415
596.09,1547647073,4868.66,51.471015,7.459327,154.28,0.00,0.00,118.76,1,-98,-9,10,5,43,7,29568768,415
597.09,1547647074,4868.66,51.471015,7.459327,154.39,0.00,0.00,118.76,1,-98,-9,10,5,43,7,29568768,415
598.09,1547647075,4868.66,51.471015,7.459327,154.48,0.00,0.00,111.43,1,-97,-10,17,6,45,7,29568768,415
599.09,1547647076,4868.66,51.470974,7.459468,155.11,0.00,0.00,113.70,1,-97,-10,17,6,45,7,29568768,415
600.09,1547647077,4868.66,51.470953,7.459543,155.60,6.10,0.00,114.33,1,-95,-11,18,7,47,7,29568768,415
601.10,1547647078,4874.78,51.470927,7.459636,156.05,7.59,1.49,115.58,1,-95,-11,18,7,47,7,29568768,415
602.10,1547647079,4882.36,51.470901,7.459734,156.01,9.44,1.85,114.42,1,-95,-12,11,6,46,7,29568768,415
603.09,1547647080,4891.79,51.470865,7.459876,156.16,10.80,1.36,113.98,1,-95,-12,11,6,46,7,29568768,415
604.09,1547647081,4902.58,51.470823,7.460026,156.17,12.02,1.22,113.62,1,-98,-11,5,5,41,7,29568768,415
605.09,1547647082,4914.60,51.470776,7.460204,156.12,13.16,1.14,113.19,1,-98,-11,5,5,41,7,29568768,415
606.10,1547647083,4927.78,51.470735,7.460380,156.13,14.47,1.31,112.74,1,-102,-12,2,5,42,7,29568768,415
607.10,1547647084,4942.25,51.470687,7.460568,155.96,15.05,0.59,111.89,1,-102,-12,2,5,42,7,29568768,415
608.09,1547647085,4957.24,51.470633,7.460771,155.73,14.59,-0.47,112.65,1,-92,-8,1,6,48,6,29568769,416
609.09,1547647086,4971.83,51.470585,7.460955,155.50,14.59,0.01,113.15,1,-92,-8,1,6,48,6,29568769,416
610.10,1547647087,4986.60,51.470532,7.461150,155.31,15.13,0.53,112.81,1,-101,-12,2,5,41,6,29568769,416
611.09,1547647088,5001.57,51.470475,7.461357,155.16,15.16,0.03,113.93,1,-101,-12,2,5,41,6,29568769,416
612.09,1547647089,5016.70,51.470414,7.461564,155.01,14.70,-0.46,114.69,1,-101,-12,2,5,41,6,29568769,416
613.09,1547647090,5031.43,51.470359,7.461749,154.91,14.42,-0.28,115.23,1,-99,-10,1,5,41,6,29568769,416
614.10,1547647091,5045.92,51.470308,7.461919,155.04,14.32,-0.10,114.82,1,-99,-10,1,5,41,6,29568769,416
615.10,1547647092,5060.20,51.470252,7.462114,155.25,14.21,-0.11,114.84,1,-100,-10,-1,6,38,13,26378498,495
616.09,1547647093,5074.38,51.470196,7.462304,155.23,13.93,-0.28,115.31,1,-100,-10,-1,6,38,13,26378498,495
617.09,1547647094,5088.31,51.470149,7.462465,155.07,13.30,-0.63,114.37,1,-98,-11,3,7,43,13,26378498,495
618.09,1547647095,5101.60,51.470097,7.462643,154.93,12.94,-0.36,115.27,1,-98,-11,3,7,43,13,26378498,495
619.09,1547647096,5114.53,51.470049,7.462808,154.85,12.70,-0.24,115.54,1,-99,-10,2,7,40,13,26378498,495
620.10,1547647097,5127.27,51.469998,7.462973,154.79,12.53,-0.17,116.41,1,-99,-10,2,7,40,13,26378498,495
621.09,1547647098,5139.75,51.469947,7.463144,154.67,12.97,0.43,115.65,1,-102,-11,-1,6,40,13,26378498,495
622.09,1547647099,5152.72,51.469897,7.463317,154.83,13.17,0.21,114.90,1,-102,-11,-1,6,40,13,26378498,495
623.09,1547647100,5165.89,51.469853,7.463484,154.98,13.36,0.19,114.11,1,-100,-11,-2,7,42,13,26378498,495
624.10,1547647101,5179.35,51.469805,7.463661,155.19,13.15,-0.21,113.73,1,-100,-11,-2,7,42,13,26378498,495
625.09,1547647102,5192.44,51.469763,7.463831,155.44,13.40,0.25,112.13,1,-100,-10,-1,6,40,13,26378498,495
626.09,1547647103,5205.84,51.469714,7.464026,155.94,13.62,0.22,111.18,1,-100,-10,-1,6,40,13,26378498,495
627.09,1547647104,5219.44,51.469676,7.464204,156.16,13.18,-0.44,110.14,1,-101,-9,1,5,39,13,26378498,495
628.09,1547647105,5232.62,51.469642,7.464383,156.44,12.89,-0.29,107.84,1,-101,-9,1,5,39,13,26378498,495
629.09,1547647106,5245.52,51.469605,7.464577,156.57,13.02,0.14,106.88,1,-99,-9,2,6,39,13,26378498,495
630.09,1547647107,5258.55,51.469577,7.464758,156.68,13.35,0.32,105.61,1,-99,-9,2,6,39,13,26378498,495
631.10,1547647108,5272.00,51.469546,7.464946,156.26,13.32,-0.03,104.50,1,-101,-11,0,7,41,13,26378498,495
632.09,1547647109,5285.22,51.469518,7.465132,155.69,12.95,-0.37,103.45,1,-101,-11,0,7,41,13,26378498,495
633.09,1547647110,5298.17,51.469496,7.465307,155.41,13.09,0.14,101.43,1,-101,-11,0,7,41,13,26378498,495
634.09,1547647111,5311.25,51.469472,7.465505,155.33,13.33,0.24,100.67,1,-103,-12,-2,5,40,13,26378498,495
635.09,1547647112,5324.58,51.469457,7.465703,155.44,13.43,0.10,99.10,1,-103,-12,-2,5,40,13,26378498,495
636.09,1547647113,5337.99,51.469446,7.465895,155.45,14.09,0.66,97.93,1,-99,-9,1,7,41,14,29401601,354
637.09,1547647114,5352.08,51.469434,7.466109,155.37,14.62,0.53,97.09,1,-99,-9,1,7,41,14,29401601,354
638.09,1547647115,5366.70,51.469423,7.466330,155.24,15.03,0.42,95.21,1,-98,-9,5,7,41,14,29401601,354
639.09,1547647116,5381.73,51.469419,7.466550,155.28,15.16,0.13,93.42,1,-98,-9,5,7,41,14,29401601,354
640.09,1547647117,5396.89,51.469426,7.466766,155.44,15.73,0.57,91.61,1,-97,-8,5,7,42,14,29401601,354
641.09,1547647118,5412.56,51.469436,7.467000,155.74,16.24,0.51,89.94,1,-97,-8,5,7,42,14,29401601,354
642.09,1547647119,5428.82,51.469452,7.467228,155.85,16.26,0.02,88.39,1,-97,-9,5,12,43,14,29401601,354
643.09,1547647120,5445.10,51.469466,7.467470,155.55,16.45,0.19,87.10,1,-97,-9,5,12,43,14,29401601,354
644.09,1547647121,5461.58,51.469481,7.467700,155.45,16.97,0.52,85.92,1,-102,-15,1,8,41,14,29401601,354
645.10,1547647122,5478.62,51.469501,7.467952,155.29,17.47,0.49,84.76,1,-102,-15,1,8,41,14,29401601,354
646.10,1547647123,5496.05,51.469522,7.468218,155.25,18.04,0.57,83.56,1,-101,-9,4,7,38,14,29401601,354
647.10,1547647124,5514.09,51.469546,7.468473,155.13,17.68,-0.36,82.30,1,-101,-9,4,7,38,14,29401601,354
648.10,1547647125,5531.77,51.469571,7.468727,155.06,17.84,0.16,81.41,1,-107,-11,3,8,35,14,29401601,354
649.10,1547647126,5549.61,51.469599,7.469003,154.90,18.05,0.21,80.93,1,-107,-11,3,8,35,14,29401601,354
650.10,1547647127,5567.66,51.469628,7.469269,154.98,17.09,-0.96,81.23,1,-106,-12,-1,8,37,14,29401601,354
651.10,1547647128,5584.86,51.469658,7.469538,154.86,18.21,1.11,80.78,1,-106,-12,-1,8,37,14,29401601,354
652.10,1547647129,5603.01,51.469687,7.469800,155.03,18.50,0.29,80.17,1,-102,-13,-3,7,39,14,29401601,354
653.09,1547647130,5621.42,51.469716,7.470096,155.13,19.02,0.53,80.70,1,-102,-13,-3,7,39,14,29401601,354
654.10,1547647131,5640.52,51.469745,7.470372,155.25,19.59,0.57,81.37,1,-102,-13,-3,7,39,14,29401601,354
655.09,1547647132,5660.03,51.469768,7.470633,155.30,18.96,-0.64,82.16,1,-98,-10,-2,6,42,20,31263232,281
656.10,1547647133,5679.05,51.469789,7.470906,155.42,18.92,-0.04,82.69,1,-98,-10,-2,6,42,20,31263232,281
657.10,1547647134,5697.95,51.469808,7.471178,155.81,18.64,-0.28,83.77,1,-102,-9,2,9,38,20,31263232,281
658.09,1547647135,5716.58,51.469820,7.471418,156.73,18.13,-0.51,85.98,1,-102,-9,2,9,38,20,31263232,281
659.10,1547647136,5734.73,51.469827,7.471696,157.54,18.91,0.78,87.55,1,-102,-9,0,5,37,20,31263232,281
660.10,1547647137,5753.77,51.469826,7.471969,158.21,18.85,-0.06,89.46,1,-102,-9,0,5,37,20,31263232,281
661.10,1547647138,5772.56,51.469819,7.472259,158.91,19.13,0.28,91.54,1,-98,-9,13,8,41,20,31263232,281
662.10,1547647139,5791.63,51.469807,7.472522,159.53,19.47,0.34,92.55,1,-98,-9,13,8,41,20,31263232,281
663.09,1547647140,5811.03,51.469791,7.472795,159.93,18.93,-0.55,94.33,1,-99,-11,7,8,42,20,31263232,281
664.09,1547647141,5829.93,51.469778,7.473043,160.61,18.12,-0.81,94.78,1,-99,-11,7,8,42,20,31263232,281
665.10,1547647142,5848.12,51.469758,7.473316,161.70,18.14,0.02,95.72,1,-100,-10,4,5,39,20,31263232,281
666.10,1547647143,5866.26,51.469736,7.473574,162.60,18.10,-0.04,96.62,1,-100,-10,4,5,39,20,31263232,281
667.10,1547647144,5884.37,51.469706,7.473818,163.34,17.86,-0.24,97.38,1,-104,-12,-1,5,38,20,31263232,281
668.09,1547647145,5902.20,51.469677,7.474083,163.66,18.16,0.30,98.03,1,-104,-12,-1,5,38,20,31263232,281
669.10,1547647146,5920.40,51.469646,7.474344,164.02,18.63,0.46,98.71,1,-103,-12,1,4,40,20,31263232,281
670.10,1547647147,5939.03,51.469617,7.474614,164.28,18.46,-0.17,99.38,1,-103,-12,1,4,40,20,31263232,281
671.10,1547647148,5957.63,51.469591,7.474887,164.41,17.93,-0.53,98.27,1,-105,-15,-4,4,41,20,31263232,281
672.10,1547647149,5975.44,51.469570,7.475146,165.36,17.39,-0.55,97.38,1,-105,-15,-4,4,41,20,31263232,281
673.11,1547647150,5992.99,51.469554,7.475401,166.58,16.60,-0.78,95.83,1,-102,-14,-6,5,42,94,29908736,249
674.10,1547647151,6009.44,51.469537,7.475647,167.58,16.21,-0.40,95.02,1,-102,-14,-6,5,42,94,29908736,249
675.10,1547647152,6025.65,51.469529,7.475879,168.50,14.60,-1.61,93.67,1,-102,-14,-6,5,42,94,29908736,249
676.10,1547647153,6040.26,51.469522,7.476087,169.40,13.82,-0.77,92.88,1,-104,-15,-6,5,43,22,30492930,219
677.10,1547647154,6054.07,51.469524,7.476274,170.26,13.50,-0.32,92.27,1,-104,-15,-6,5,43,22,30492930,219
678.10,1547647155,6067.61,51.469530,7.476470,171.12,12.88,-0.62,90.08,1,-104,-14,-5,5,42,22,30492930,219
679.10,1547647156,6080.43,51.469532,7.476648,171.75,12.07,-0.81,89.16,1,-104,-14,-5,5,42,22,30492930,219
680.10,1547647157,6092.51,51.469535,7.476820,172.16,12.42,0.35,87.79,1,-101,-13,-1,5,44,22,30492930,219
681.10,1547647158,6104.93,51.469539,7.476997,172.39,12.90,0.49,87.38,1,-101,-13,-1,5,44,22,30492930,219
682.10,1547647159,6117.84,51.469551,7.477189,172.74,12.59,-0.31,85.72,1,-100,-14,-4,5,46,22,30492930,219
683.10,1547647160,6130.42,51.469562,7.477382,172.53,13.05,0.46,84.45,1,-100,-14,-4,5,46,22,30492930,219
684.10,1547647161,6143.49,51.469576,7.477557,172.12,12.55,-0.50,82.84,1,-97,-14,-6,6,47,10,29913344,432
685.10,1547647162,6156.01,51.469595,7.477746,171.98,11.87,-0.68,82.12,1,-97,-14,-6,6,47,10,29913344,432
686.10,1547647163,6167.88,51.469615,7.477920,172.06,11.34,-0.52,80.90,1,-94,-10,4,7,47,10,29913344,432
687.10,1547647164,6179.22,51.469634,7.478072,171.99,10.79,-0.55,79.13,1,-94,-10,4,7,47,10,29913344,432
688.10,1547647165,6190.01,51.469656,7.478233,171.90,10.54,-0.26,78.38,1,-94,-12,-3,6,49,10,29913344,432
689.10,1547647166,6200.54,51.469675,7.478366,171.65,9.79,-0.75,77.49,1,-94,-12,-3,6,49,10,29913344,432
690.09,1547647167,6210.28,51.469696,7.478499,171.62,9.33,-0.46,76.84,1,-93,-11,-3,5,50,10,29913344,432
691.09,1547647168,6219.60,51.469720,7.478616,171.49,8.62,-0.71,76.16,1,-93,-11,-3,5,50,10,29913344,432
692.09,1547647169,6228.22,51.469742,7.478717,171.56,7.40,-1.21,76.13,1,-90,-9,-2,6,49,8,26378497,496
693.09,1547647170,6235.62,51.469764,7.478821,171.74,6.15,-1.25,75.74,1,-90,-9,-2,6,49,8,26378497,496
694.10,1547647171,6241.80,51.469785,7.478914,171.85,5.18,-0.96,74.79,1,-89,-8,11,7,50,8,26378497,496
695.09,1547647172,6246.97,51.469797,7.478978,171.48,4.23,-0.96,75.72,1,-89,-8,11,7,50,8,26378497,496
696.09,1547647173,6251.20,51.469806,7.479028,171.48,3.21,-1.01,74.34,1,-89,-8,11,7,50,8,26378497,496
697.09,1547647174,6254.41,51.469814,7.479059,171.46,0.46,-2.76,74.34,1,-87,-6,13,9,50,8,26378497,496
698.09,1547647175,6254.87,51.469814,7.479059,171.45,0.00,-0.46,74.34,1,-87,-6,13,9,50,8,26378497,496
699.09,1547647176,6254.87,51.469814,7.479059,171.44,0.00,0.00,74.34,1,-89,-6,13,8,48,8,26378497,496
700.09,1547647177,6254.87,51.469814,7.479059,171.44,0.00,0.00,74.34,1,-89,-6,13,8,48,8,26378497,496
701.10,1547647178,6254.87,51.469814,7.479059,171.43,0.00,0.00,74.34,1,-88,-6,14,10,50,8,26378497,496
702.09,1547647179,6254.87,51.469814,7.479059,171.42,0.00,0.00,74.34,1,-88,-6,14,10,50,8,26378497,496
703.09,1547647180,6254.87,51.469814,7.479059,171.40,0.00,0.00,74.34,1,-87,-8,12,10,52,8,26378497,496
704.09,1547647181,6254.87,51.469814,7.479059,171.39,0.00,0.00,74.34,1,-87,-8,12,10,52,8,26378497,496
705.09,1547647182,6254.87,51.469814,7.479059,171.37,0.00,0.00,74.34,1,-87,-6,13,10,50,8,26378497,496
706.09,1547647183,6254.87,51.469814,7.479059,171.36,0.00,0.00,74.34,1,-87,-6,13,10,50,8,26378497,496
707.09,1547647184,6254.87,51.469814,7.479059,171.34,0.00,0.00,74.34,1,-87,-6,13,9,50,8,26378497,496
708.09,1547647185,6254.87,51.469814,7.479059,171.32,0.00,0.00,74.34,1,-87,-6,13,9,50,8,26378497,496
709.09,1547647186,6254.87,51.469814,7.479059,171.30,0.00,0.00,74.34,1,-88,-6,13,9,49,8,26378497,496
710.09,1547647187,6254.87,51.469814,7.479059,171.27,0.00,0.00,74.34,1,-88,-6,13,9,49,8,26378497,496
711.10,1547647188,6254.87,51.469814,7.479059,171.25,0.00,0.00,74.34,1,-87,-6,13,9,50,8,26378497,496
712.09,1547647189,6254.87,51.469814,7.479059,171.22,0.00,0.00,74.34,1,-87,-6,13,9,50,8,26378497,496
713.09,1547647190,6254.87,51.469814,7.479059,171.19,0.00,0.00,74.34,1,-87,-8,12,8,52,8,26378497,496
714.09,1547647191,6254.87,51.469814,7.479059,171.17,0.00,0.00,74.34,1,-87,-8,12,8,52,8,26378497,496
715.10,1547647192,6254.87,51.469814,7.479059,171.15,0.00,0.00,74.34,1,-87,-6,11,9,49,8,26378497,496
716.09,1547647193,6254.87,51.469814,7.479059,170.92,0.00,0.00,74.34,1,-87,-6,11,9,49,8,26378497,496
717.09,1547647194,6254.87,51.469814,7.479059,170.71,0.00,0.00,78.76,1,-87,-6,11,9,49,8,26378497,496
718.09,1547647195,6254.87,51.469818,7.479192,169.46,0.00,0.00,77.08,1,-88,-7,13,10,49,8,26378497,496
719.09,1547647196,6254.87,51.469831,7.479278,168.89,5.86,0.00,75.93,1,-88,-7,13,10,49,8,26378497,496
720.09,1547647197,6260.73,51.469843,7.479361,168.89,6.40,0.54,75.48,1,-87,-7,14,10,51,8,26378497,496
721.09,1547647198,6267.14,51.469864,7.479474,169.18,8.29,1.89,74.37,1,-87,-7,14,10,51,8,26378497,496
722.09,1547647199,6275.41,51.469881,7.479577,169.29,9.53,1.24,74.45,1,-86,-7,13,12,51,8,26378497,496
723.09,1547647200,6284.97,51.469909,7.479731,169.10,9.68,0.15,75.00,1,-86,-7,13,12,51,8,26378497,496
724.09,1547647201,6294.65,51.469934,7.479844,169.07,10.78,1.10,72.58,1,-82,-6,19,10,55,8,26378497,496
725.09,1547647202,6305.41,51.469964,7.479980,168.72,10.34,-0.44,73.70,1,-82,-6,19,10,55,8,26378497,496
726.09,1547647203,6315.76,51.469994,7.480130,168.26,11.76,1.42,72.96,1,-81,-6,16,9,56,8,26378497,496
727.09,1547647204,6327.51,51.470034,7.480309,168.38,13.13,1.37,72.10,1,-81,-6,16,9,56,8,26378497,496
728.09,1547647205,6340.65,51.470079,7.480520,168.37,14.60,1.47,71.53,1,-86,-7,4,8,51,8,26378497,496
729.09,1547647206,6355.25,51.470119,7.480706,168.61,13.74,-0.86,71.91,1,-86,-7,4,8,51,8,26378497,496
730.09,1547647207,6369.00,51.470164,7.480895,168.53,14.03,0.29,71.32,1,-89,-7,10,10,49,8,26378497,496
731.09,1547647208,6383.03,51.470204,7.481075,168.53,13.72,-0.31,72.70,1,-89,-7,10,10,49,8,26378497,496
732.09,1547647209,6396.72,51.470243,7.481264,168.89,11.93,-1.80,73.38,1,-85,-9,4,10,53,8,26378497,496
733.09,1547647210,6408.65,51.470274,7.481415,169.34,9.42,-2.51,74.13,1,-85,-9,4,10,53,8,26378497,496
734.09,1547647211,6418.08,51.470278,7.481511,169.59,6.72,-2.70,88.91,1,-90,-8,9,8,50,8,26378497,496
735.09,1547647212,6424.77,51.470259,7.481607,170.10,6.44,-0.28,118.31,1,-90,-8,9,8,50,8,26378497,496
736.10,1547647213,6431.28,51.470201,7.481648,170.36,9.04,2.57,155.27,1,-91,-8,8,12,49,8,26378497,496
737.09,1547647214,6440.25,51.470133,7.481688,170.51,10.13,1.10,157.76,1,-91,-8,8,12,49,8,26378497,496
738.09,1547647215,6450.38,51.470016,7.481762,170.92,11.91,1.78,159.53,1,-91,-8,8,12,49,8,26378497,496
739.09,1547647216,6462.29,51.469909,7.481819,171.37,13.61,1.70,161.11,1,-91,-8,2,7,50,8,26378497,496
740.09,1547647217,6475.86,51.469790,7.481878,171.69,13.76,0.15,162.13,1,-91,-8,2,7,50,8,26378497,496
741.09,1547647218,6489.61,51.469671,7.481929,171.81,13.66,-0.10,163.29,1,-91,-10,-4,5,51,8,26378497,496
742.09,1547647219,6503.31,51.469553,7.481978,171.87,13.38,-0.28,163.83,1,-91,-10,-4,5,51,8,26378497,496
743.09,1547647220,6516.67,51.469437,7.482024,172.04,13.63,0.26,164.20,1,-93,-12,-1,7,52,8,26378497,496
744.09,1547647221,6530.32,51.469329,7.482067,171.90,12.21,-1.43,165.06,1,-93,-12,-1,7,52,8,26378497,496
745.10,1547647222,6542.56,51.469215,7.482106,172.43,13.32,1.11,165.81,1,-92,-12,0,8,52,8,26378497,496
746.10,1547647223,6555.92,51.469081,7.482149,172.90,14.03,0.71,166.60,1,-92,-12,0,8,52,8,26378497,496
747.09,1547647224,6569.85,51.468956,7.482194,173.18,13.07,-0.96,167.56,1,-89,-9,-2,6,51,7,29913344,432
748.10,1547647225,6582.98,51.468838,7.482229,173.45,13.03,-0.04,168.46,1,-89,-9,-2,6,51,7,29913344,432
749.10,1547647226,6596.01,51.468719,7.482266,173.61,12.85,-0.18,167.58,1,-94,-8,5,9,44,7,29913344,432
750.10,1547647227,6608.87,51.468606,7.482312,173.79,12.54,-0.31,166.03,1,-94,-8,5,9,44,7,29913344,432
751.09,1547647228,6621.37,51.468494,7.482358,174.02,12.33,-0.21,165.27,1,-95,-10,4,9,45,7,29913344,432
752.09,1547647229,6633.71,51.468384,7.482403,174.29,11.96,-0.37,164.70,1,-95,-10,4,9,45,7,29913344,432
753.09,1547647230,6645.67,51.468269,7.482453,174.58,12.19,0.23,164.55,1,-96,-11,3,7,45,7,29913344,432
754.09,1547647231,6657.88,51.468155,7.482502,174.91,12.15,-0.05,165.23,1,-96,-11,3,7,45,7,29913344,432
755.09,1547647232,6670.03,51.468050,7.482544,175.44,11.71,-0.44,165.77,1,-97,-9,7,9,42,7,29913344,432
756.09,1547647233,6681.73,51.467958,7.482586,175.43,11.75,0.05,166.48,1,-97,-9,7,9,42,7,29913344,432
757.10,1547647234,6693.56,51.467853,7.482621,175.47,11.36,-0.39,167.56,1,-94,-7,5,8,45,7,29913344,432
758.09,1547647235,6704.84,51.467762,7.482653,175.49,10.07,-1.30,168.36,1,-94,-7,5,8,45,7,29913344,432
759.09,1547647236,6714.91,51.467691,7.482666,175.09,8.71,-1.35,169.78,1,-94,-7,5,8,45,7,29913344,432
760.09,1547647237,6723.60,51.467629,7.482687,174.44,8.73,0.01,170.42,1,-94,-8,25,7,44,7,29913344,432
761.09,1547647238,6732.33,51.467546,7.482706,174.18,11.16,2.43,171.27,1,-94,-8,25,7,44,7,29913344,432
762.10,1547647239,6743.54,51.467441,7.482725,173.84,11.40,0.23,172.95,1,-91,-7,8,8,47,7,29913344,432
763.09,1547647240,6754.89,51.467339,7.482740,173.92,12.32,0.92,174.94,1,-91,-7,8,8,47,7,29913344,432
764.09,1547647241,6767.22,51.467199,7.482747,174.10,14.59,2.27,177.23,1,-96,-7,19,12,41,7,29913344,432
765.09,1547647242,6781.81,51.467046,7.482747,174.06,15.59,1.00,179.49,1,-96,-7,19,12,41,7,29913344,432
766.09,1547647243,6797.40,51.466884,7.482730,173.68,16.59,1.01,180.99,1,-98,-8,18,7,40,7,29913344,432
767.09,1547647244,6814.03,51.466729,7.482700,173.49,16.27,-0.33,184.15,1,-98,-8,18,7,40,7,29913344,432
768.09,1547647245,6830.28,51.466589,7.482664,173.25,15.88,-0.38,186.95,1,-91,-7,7,8,47,7,29913344,432
769.09,1547647246,6846.15,51.466446,7.482613,172.94,16.32,0.44,190.48,1,-91,-7,7,8,47,7,29913344,432
770.09,1547647247,6862.47,51.466314,7.482527,172.57,16.11,-0.21,203.14,1,-86,-7,8,12,51,7,29913344,432
771.10,1547647248,6878.66,51.466173,7.482444,171.67,15.85,-0.25,200.50,1,-86,-7,8,12,51,7,29913344,432
772.09,1547647249,6894.38,51.466044,7.482359,171.09,15.40,-0.46,200.04,1,-84,-8,13,8,53,7,29913344,432
773.09,1547647250,6909.80,51.465927,7.482281,170.17,16.30,0.90,200.85,1,-84,-8,13,8,53,7,29913344,432
774.09,1547647251,6926.13,51.465794,7.482198,168.52,16.23,-0.07,201.24,1,-96,-7,13,10,41,7,29913344,432
775.09,1547647252,6942.36,51.465647,7.482102,166.31,15.51,-0.72,201.73,1,-96,-7,13,10,41,7,29913344,432
776.09,1547647253,6957.89,51.465516,7.482013,164.98,14.79,-0.73,202.46,1,-86,-7,13,15,51,7,29913344,432
777.09,1547647254,6972.66,51.465397,7.481926,164.53,14.03,-0.76,202.81,1,-86,-7,13,15,51,7,29913344,432
778.10,1547647255,6986.80,51.465279,7.481835,164.31,15.02,0.99,202.16,1,-81,-6,11,15,57,7,29913344,432
779.09,1547647256,7001.66,51.465154,7.481741,164.60,15.32,0.30,202.80,1,-81,-6,11,15,57,7,29913344,432
780.09,1547647257,7017.05,51.465028,7.481639,165.05,14.77,-0.55,201.95,1,-81,-6,11,15,57,7,29913344,432
781.09,1547647258,7031.77,51.464891,7.481551,165.31,15.36,0.59,201.40,1,-85,-7,11,10,53,7,29913344,432
782.09,1547647259,7047.13,51.464759,7.481467,165.69,15.48,0.11,200.22,1,-85,-7,11,10,53,7,29913344,432
783.09,1547647260,7062.63,51.464629,7.481397,166.52,15.29,-0.18,199.11,1,-86,-8,10,8,49,7,29913344,432
784.09,1547647261,7077.96,51.464505,7.481327,166.96,15.27,-0.02,198.61,1,-86,-8,10,8,49,7,29913344,432
785.09,1547647262,7093.23,51.464377,7.481258,167.27,15.40,0.13,198.25,1,-91,-9,18,10,48,7,29913344,432
786.09,1547647263,7108.59,51.464245,7.481191,167.57,15.73,0.32,197.34,1,-91,-9,18,10,48,7,29913344,432
787.09,1547647264,7124.33,51.464113,7.481127,167.99,15.89,0.16,196.73,1,-86,-7,5,6,51,2,29913346,433
788.09,1547647265,7140.22,51.463980,7.481063,167.99,15.88,-0.01,196.78,1,-86,-7,5,6,51,2,29913346,433
789.09,1547647266,7156.10,51.463846,7.480995,168.40,15.72,-0.16,196.76,1,-81,-6,16,15,56,2,29913346,433
790.09,1547647267,7171.82,51.463701,7.480928,168.93,15.64,-0.09,196.24,1,-81,-6,16,15,56,2,29913346,433
791.09,1547647268,7187.48,51.463564,7.480862,169.34,15.34,-0.30,195.61,1,-80,-7,20,11,57,2,29913346,433
792.09,1547647269,7202.80,51.463433,7.480800,169.69,14.97,-0.37,196.14,1,-80,-7,20,11,57,2,29913346,433
793.09,1547647270,7217.74,51.463304,7.480737,170.01,14.95,-0.02,195.75,1,-74,-7,23,15,63,2,29913346,433
794.09,1547647271,7232.73,51.463188,7.480677,170.49,14.53,-0.42,195.57,1,-74,-7,23,15,63,2,29913346,433
795.09,1547647272,7247.27,51.463062,7.480622,170.60,14.04,-0.49,195.36,1,-75,-6,19,15,61,2,29913346,433
796.09,1547647273,7261.30,51.462935,7.480569,170.86,13.16,-0.89,195.03,1,-75,-6,19,15,61,2,29913346,433
797.09,1547647274,7274.46,51.462833,7.480534,170.78,10.90,-2.26,195.53,1,-75,-5,24,15,61,2,29913346,433
798.09,1547647275,7285.36,51.462746,7.480499,170.93,8.96,-1.94,195.12,1,-75,-5,24,15,61,2,29913346,433
799.10,1547647276,7294.39,51.462679,7.480476,170.70,8.23,-0.72,195.80,1,-70,-5,27,15,63,2,29913346,433
800.09,1547647277,7302.57,51.462612,7.480448,170.61,7.32,-0.92,196.13,1,-70,-5,27,15,63,2,29913346,433
801.09,1547647278,7309.85,51.462549,7.480419,170.61,6.53,-0.79,196.25,1,-70,-5,27,15,63,2,29913346,433
802.09,1547647279,7316.40,51.462497,7.480395,170.59,5.60,-0.93,197.01,1,-76,-6,27,15,62,2,29913346,433
803.09,1547647280,7321.99,51.462448,7.480368,170.96,4.81,-0.79,195.63,1,-76,-6,27,15,62,2,29913346,433
804.09,1547647281,7326.81,51.462418,7.480349,171.00,3.61,-1.20,196.06,1,-81,-6,28,10,55,2,29913346,433
805.09,1547647282,7330.42,51.462393,7.480335,171.02,2.77,-0.84,195.53,1,-81,-6,28,10,55,2,29913346,433
806.09,1547647283,7333.19,51.462373,7.480330,171.03,2.29,-0.48,195.16,1,-85,-6,19,10,52,2,29913346,433
807.09,1547647284,7335.48,51.462352,7.480326,171.04,2.02,-0.27,194.26,1,-85,-6,19,10,52,2,29913346,433
808.09,1547647285,7337.50,51.462337,7.480323,171.04,2.01,-0.01,194.92,1,-83,-6,25,11,53,2,29913346,433
809.09,1547647286,7339.52,51.462321,7.480319,171.06,1.95,-0.06,195.01,1,-83,-6,25,11,53,2,29913346,433
810.09,1547647287,7341.47,51.462302,7.480310,171.06,1.95,-0.00,195.44,1,-81,-5,13,12,56,2,29913346,433
811.09,1547647288,7343.41,51.462286,7.480303,171.04,1.58,-0.37,193.82,1,-81,-5,13,12,56,2,29913346,433
812.09,1547647289,7344.99,51.462279,7.480298,171.03,0.68,-0.90,193.82,1,-82,-7,20,12,54,2,29913346,433
813.09,1547647290,7345.67,51.462279,7.480298,171.03,0.00,-0.68,193.82,1,-82,-7,20,12,54,2,29913346,433
814.09,1547647291,7345.67,51.462279,7.480298,171.03,0.00,0.00,193.82,1,-88,-6,17,11,50,2,29913346,433
815.09,1547647292,7345.67,51.462279,7.480298,171.03,0.00,0.00,193.82,1,-88,-6,17,11,50,2,29913346,433
816.09,1547647293,7345.67,51.462279,7.480298,171.03,0.00,0.00,193.82,1,-88,-6,32,15,49,2,29913346,433
817.09,1547647294,7345.67,51.462279,7.480298,171.02,0.00,0.00,193.82,1,-88,-6,32,15,49,2,29913346,433
818.09,1547647295,7345.67,51.462279,7.480298,171.02,0.00,0.00,193.82,1,-85,-6,15,12,52,2,29913346,433
819.09,1547647296,7345.67,51.462279,7.480298,171.02,0.00,0.00,193.82,1,-85,-6,15,12,52,2,29913346,433
820.10,1547647297,7345.67,51.462279,7.480298,171.02,0.00,0.00,193.82,1,-84,-6,23,9,52,2,29913346,433
821.09,1547647298,7345.67,51.462279,7.480298,171.02,0.00,0.00,193.82,1,-84,-6,23,9,52,2,29913346,433
822.09,1547647299,7345.67,51.462279,7.480298,171.02,0.00,0.00,193.82,1,-84,-6,23,9,52,2,29913346,433
823.09,1547647300,7345.67,51.462279,7.480298,171.03,0.00,0.00,193.82,1,-84,-8,23,11,52,2,29913346,433
824.09,1547647301,7345.67,51.462279,7.480298,171.03,0.00,0.00,193.82,1,-84,-8,23,11,52,2,29913346,433
825.09,1547647302,7345.67,51.462279,7.480298,171.03,0.00,0.00,193.82,1,-88,-6,25,12,48,2,29913346,433
826.09,1547647303,7345.67,51.462279,7.480298,171.04,0.00,0.00,193.82,1,-88,-6,25,12,48,2,29913346,433
827.09,1547647304,7345.67,51.462279,7.480298,171.04,0.00,0.00,193.82,1,-88,-6,23,12,47,2,29913346,433
828.09,1547647305,7345.67,51.462279,7.480298,171.04,0.00,0.00,193.82,1,-88,-6,23,12,47,2,29913346,433
829.09,1547647306,7345.67,51.462279,7.480298,171.04,0.00,0.00,193.82,1,-85,-5,23,11,51,2,29913346,433
830.09,1547647307,7345.67,51.462279,7.480298,171.05,0.00,0.00,193.82,1,-85,-5,23,11,51,2,29913346,433
831.09,1547647308,7345.67,51.462279,7.480298,171.05,0.00,0.00,193.82,1,-85,-6,17,12,51,2,29913346,433
832.09,1547647309,7345.67,51.462279,7.480298,171.05,0.00,0.00,193.82,1,-85,-6,17,12,51,2,29913346,433
833.09,1547647310,7345.67,51.462279,7.480298,171.05,0.00,0.00,193.82,1,-84,-7,15,11,50,2,29913346,433
834.09,1547647311,7345.67,51.462279,7.480298,171.05,0.00,0.00,193.82,1,-84,-7,15,11,50,2,29913346,433
835.09,1547647312,7345.67,51.461309,7.475300,171.05,0.00,0.00,193.82,1,-88,-6,30,12,47,2,29913346,433
836.09,1547647313,7345.67,51.462279,7.480298,171.05,0.00,0.00,193.82,1,-88,-6,30,12,47,2,29913346,433
837.09,1547647314,7345.67,51.462279,7.480298,171.04,0.00,0.00,193.82,1,-86,-7,22,10,51,2,29913346,433
838.09,1547647315,7345.67,51.462279,7.480298,171.04,0.00,0.00,193.82,1,-86,-7,22,10,51,2,29913346,433
839.09,1547647316,7345.67,51.462279,7.480298,171.04,0.00,0.00,193.82,1,-86,-7,22,12,50,2,29913346,433
840.09,1547647317,7345.67,51.462279,7.480298,171.03,0.00,0.00,193.82,1,-86,-7,22,12,50,2,29913346,433
841.09,1547647318,7345.67,51.462279,7.480298,171.03,0.00,0.00,193.82,1,-85,-7,21,12,51,2,29913346,433
842.09,1547647319,7345.67,51.462279,7.480298,171.02,0.00,0.00,193.82,1,-85,-7,21,12,51,2,29913346,433
843.10,1547647320,7345.67,51.462279,7.480298,171.02,0.00,0.00,193.82,1,-83,-9,17,15,51,2,29913346,433
844.09,1547647321,7345.67,51.462279,7.480298,171.01,0.00,0.00,193.82,1,-83,-9,17,15,51,2,29913346,433
845.09,1547647322,7345.67,51.462279,7.480298,171.01,0.00,0.00,193.82,1,-83,-9,17,15,51,2,29913346,433
846.09,1547647323,7345.67,51.462279,7.480298,171.00,0.00,0.00,193.82,1,-89,-6,14,11,47,2,29913346,433
847.09,1547647324,7345.67,51.462279,7.480298,170.99,0.00,0.00,193.82,1,-89,-6,14,11,47,2,29913346,433
848.09,1547647325,7345.67,51.462279,7.480298,170.99,0.00,0.00,193.82,1,-86,-6,21,15,50,2,29913346,433
849.09,1547647326,7345.67,51.462279,7.480298,170.98,0.00,0.00,193.82,1,-86,-6,21,15,50,2,29913346,433
850.09,1547647327,7345.67,51.462279,7.480298,170.97,0.00,0.00,193.82,1,-85,-6,13,8,50,2,29913346,433
851.09,1547647328,7345.67,51.462279,7.480298,170.97,0.00,0.00,193.82,1,-85,-6,13,8,50,2,29913346,433
852.09,1547647329,7345.67,51.462279,7.480298,170.96,0.00,0.00,193.82,1,-84,-7,17,11,51,2,29913346,433
853.09,1547647330,7345.67,51.462279,7.480298,170.96,0.00,0.00,193.82,1,-84,-7,17,11,51,2,29913346,433
854.09,1547647331,7345.67,51.462279,7.480298,170.95,0.00,0.00,193.82,1,-88,-6,16,12,47,2,29913346,433
855.09,1547647332,7345.67,51.461309,7.475300,170.89,0.00,0.00,193.82,1,-88,-6,16,12,47,2,29913346,433
856.09,1547647333,7345.67,51.462279,7.480298,170.86,0.00,0.00,193.40,1,-85,-6,22,15,52,2,29913346,433
857.09,1547647334,7345.67,51.462217,7.480271,171.21,0.00,0.00,193.06,1,-85,-6,22,15,52,2,29913346,433
858.09,1547647335,7345.67,51.462180,7.480252,171.26,4.07,0.00,192.97,1,-85,-7,23,10,53,2,29913346,433
859.09,1547647336,7349.74,51.462155,7.480236,171.32,2.48,-1.59,193.62,1,-85,-7,23,10,53,2,29913346,433
860.09,1547647337,7352.22,51.462122,7.480217,171.34,1.41,-1.07,194.00,1,-86,-6,12,10,50,2,29913346,433
861.09,1547647338,7353.62,51.462109,7.480211,171.39,1.09,-0.32,195.52,1,-86,-6,12,10,50,2,29913346,433
862.09,1547647339,7354.72,51.462100,7.480209,171.42,0.83,-0.26,195.52,1,-85,-6,15,11,50,2,29913346,433
863.09,1547647340,7355.55,51.462100,7.480209,171.42,0.00,-0.82,195.52,1,-85,-6,15,11,50,2,29913346,433
864.10,1547647341,7355.55,51.462100,7.480209,171.43,0.00,0.00,195.52,1,-87,-6,19,10,51,2,29913346,433
865.09,1547647342,7355.55,51.462100,7.480209,171.43,0.00,0.00,195.52,1,-87,-6,19,10,51,2,29913346,433
866.09,1547647343,7355.55,51.462100,7.480209,171.50,0.00,0.00,197.12,1,-87,-6,19,10,51,2,29913346,433
867.09,1547647344,7355.55,51.462100,7.480209,171.54,0.00,0.00,178.34,1,-88,-6,22,13,50,2,29913346,433
868.09,1547647345,7355.55,51.462030,7.480246,171.83,5.15,0.00,131.18,1,-88,-6,22,13,50,2,29913346,433
869.09,1547647346,7360.69,51.462033,7.480320,172.13,6.95,1.80,97.28,1,-88,-6,18,11,49,2,29913346,433
870.09,1547647347,7367.63,51.462034,7.480436,172.92,9.30,2.36,94.06,1,-88,-6,18,11,49,2,29913346,433
871.09,1547647348,7376.92,51.462034,7.480576,173.77,11.26,1.96,92.63,1,-87,-6,16,12,49,2,29913346,433
872.09,1547647349,7388.22,51.462031,7.480764,174.28,12.72,1.46,91.85,1,-87,-6,16,12,49,2,29913346,433
873.09,1547647350,7400.96,51.462026,7.480970,174.51,12.89,0.16,92.36,1,-83,-6,20,15,54,2,29913346,433
874.09,1547647351,7413.84,51.462032,7.481155,174.59,13.52,0.63,88.99,1,-83,-6,20,15,54,2,29913346,433
875.09,1547647352,7427.36,51.461309,7.475300,174.42,12.85,-0.67,89.83,1,-83,-7,11,12,54,2,29913346,433
876.09,1547647353,7440.20,51.462025,7.481513,173.79,12.47,-0.38,92.68,1,-83,-7,11,12,54,2,29913346,433
877.09,1547647354,7452.67,51.462019,7.481699,173.34,12.45,-0.02,92.19,1,-81,-7,16,7,57,2,29913346,433
878.09,1547647355,7465.12,51.462015,7.481876,172.93,12.83,0.38,91.78,1,-81,-7,16,7,57,2,29913346,433
879.09,1547647356,7477.95,51.462014,7.482056,172.85,13.55,0.72,92.64,1,-73,-7,12,7,58,2,29913346,433
880.09,1547647357,7491.50,51.462009,7.482266,173.37,13.95,0.40,93.22,1,-73,-7,12,7,58,2,29913346,433
881.09,1547647358,7505.45,51.462002,7.482477,173.93,14.01,0.06,92.66,1,-78,-7,6,6,57,2,29913345,434
882.09,1547647359,7519.46,51.461996,7.482673,174.33,14.17,0.16,92.00,1,-78,-7,6,6,57,2,29913345,434
883.09,1547647360,7533.61,51.461994,7.482889,174.97,14.52,0.35,91.15,1,-83,-7,16,15,54,2,29913345,434
884.09,1547647361,7548.13,51.461996,7.483102,176.10,13.96,-0.55,92.14,1,-83,-7,16,15,54,2,29913345,434
885.10,1547647362,7562.19,51.461988,7.483287,176.73,13.36,-0.59,92.77,1,-77,-6,19,15,60,2,29913345,434
886.09,1547647363,7575.47,51.461979,7.483406,176.97,10.87,-2.51,94.49,1,-77,-6,19,15,60,2,29913345,434
887.09,1547647364,7586.34,51.461997,7.483606,177.99,14.02,3.15,81.63,1,-77,-6,19,15,60,2,29913345,434
888.09,1547647365,7600.35,51.461990,7.483755,177.92,10.31,-3.72,96.16,1,-93,-6,18,11,43,2,29913345,434
889.09,1547647366,7610.67,51.461985,7.483901,178.76,9.77,-0.54,94.64,1,-93,-6,18,11,43,2,29913345,434
890.10,1547647367,7620.53,51.461981,7.484002,179.48,7.46,-2.29,96.19,1,-82,-8,20,12,58,2,29913345,434
891.09,1547647368,7627.89,51.461942,7.484149,178.68,7.77,0.32,122.77,1,-82,-8,20,12,58,2,29913345,434
892.09,1547647369,7635.66,51.461905,7.484246,179.18,7.57,-0.20,124.81,1,-83,-6,26,11,52,2,29913345,434
893.09,1547647370,7643.25,51.461830,7.484273,180.44,11.11,3.54,164.69,1,-83,-6,26,11,52,2,29913345,434
894.09,1547647371,7654.37,51.461719,7.484320,181.22,11.39,0.28,165.56,1,-85,-7,21,12,53,2,29913345,434
895.09,1547647372,7665.77,51.461453,7.483367,181.83,12.64,1.25,166.26,1,-85,-7,21,12,53,2,29913345,434
896.09,1547647373,7678.40,51.461461,7.484419,182.42,14.20,1.56,167.31,1,-87,-8,14,12,50,2,29913345,434
897.09,1547647374,7692.60,51.461330,7.484463,183.10,14.40,0.20,169.21,1,-87,-8,14,12,50,2,29913345,434
898.09,1547647375,7707.00,51.461184,7.484508,183.52,15.25,0.85,170.22,1,-85,-8,19,1,54,2,29913345,434
899.09,1547647376,7722.27,51.461045,7.484536,183.70,15.36,0.11,171.57,1,-85,-8,19,1,54,2,29913345,434
900.09,1547647377,7737.64,51.460906,7.484552,184.08,15.85,0.49,173.69,1,-87,-7,11,12,51,2,29913345,434
901.09,1547647378,7753.42,51.460774,7.484559,185.06,15.91,0.07,175.84,1,-87,-7,11,12,51,2,29913345,434
902.09,1547647379,7769.37,51.460640,7.484560,186.31,15.10,-0.81,178.08,1,-87,-8,9,8,52,2,29913345,434
903.09,1547647380,7784.50,51.460494,7.484556,187.44,14.41,-0.69,180.19,1,-87,-8,9,8,52,2,29913345,434
904.09,1547647381,7798.91,51.460345,7.484547,188.70,15.47,1.06,181.28,1,-94,-9,8,6,46,2,29913345,434
905.09,1547647382,7814.37,51.460198,7.484532,189.54,14.64,-0.84,183.89,1,-94,-9,8,6,46,2,29913345,434
906.10,1547647383,7829.12,51.460042,7.484504,190.36,15.09,0.45,185.38,1,-99,-11,5,5,43,2,29913345,434
907.09,1547647384,7844.11,51.459886,7.484470,191.06,15.14,0.05,187.41,1,-99,-11,5,5,43,2,29913345,434
908.09,1547647385,7859.25,51.459742,7.484428,191.40,15.38,0.24,188.89,1,-99,-11,5,5,43,2,29913345,434
909.09,1547647386,7874.60,51.459602,7.484380,191.63,15.84,0.47,188.78,1,-100,-11,3,5,41,2,29913345,434
910.09,1547647387,7890.44,51.459458,7.484330,192.11,15.90,0.05,189.22,1,-100,-11,3,5,41,2,29913345,434
911.09,1547647388,7906.35,51.459318,7.484275,193.02,16.29,0.40,189.95,1,-100,-10,5,6,40,2,29913345,434
912.09,1547647389,7922.65,51.459179,7.484221,193.81,16.73,0.44,190.42,1,-100,-10,5,6,40,2,29913345,434
913.09,1547647390,7939.39,51.459039,7.484168,194.40,16.63,-0.10,191.10,1,-100,-12,0,5,40,2,29913345,434
914.09,1547647391,7956.03,51.458890,7.484117,195.08,16.46,-0.17,191.46,1,-100,-12,0,5,40,2,29913345,434
915.10,1547647392,7972.52,51.461453,7.483367,195.97,16.03,-0.43,191.22,1,-102,-12,-1,6,39,2,29913345,434
916.10,1547647393,7988.53,51.458618,7.484017,196.93,15.27,-0.75,191.92,1,-102,-12,-1,6,39,2,29913345,434
917.10,1547647394,8003.83,51.458472,7.483963,197.84,15.00,-0.28,191.04,1,-103,-14,-2,5,41,2,29913345,434
918.10,1547647395,8018.82,51.458331,7.483917,198.72,16.05,1.06,190.47,1,-103,-14,-2,5,41,2,29913345,434
919.10,1547647396,8034.86,51.458171,7.483869,199.60,16.19,0.14,191.47,1,-101,-11,-3,5,41,2,29913345,434
920.09,1547647397,8050.97,51.458006,7.483813,200.64,16.53,0.34,192.05,1,-101,-11,-3,5,41,2,29913345,434
921.10,1547647398,8067.58,51.457860,7.483759,202.43,15.84,-0.69,193.03,1,-95,-12,-5,6,46,7,28371200,68
922.09,1547647399,8083.34,51.457719,7.483707,204.33,15.84,-0.00,192.38,1,-95,-12,-5,6,46,7,28371200,68
923.09,1547647400,8099.22,51.457581,7.483665,206.01,16.85,1.01,191.80,1,-94,-10,0,7,45,7,28371200,68
924.10,1547647401,8116.10,51.457434,7.483624,207.37,16.41,-0.44,192.15,1,-94,-10,0,7,45,7,28371200,68
925.09,1547647402,8132.49,51.457287,7.483578,208.67,16.43,0.02,192.42,1,-96,-9,10,11,42,7,28371200,68
926.09,1547647403,8148.92,51.457137,7.483533,209.81,16.68,0.25,192.01,1,-96,-9,10,11,42,7,28371200,68
927.10,1547647404,8165.76,51.456995,7.483482,210.68,16.69,0.01,191.66,1,-95,-11,7,8,45,7,28371200,68
928.09,1547647405,8182.28,51.456847,7.483430,211.25,16.92,0.24,191.25,1,-95,-11,7,8,45,7,28371200,68
929.10,1547647406,8199.22,51.456692,7.483380,211.90,16.90,-0.03,190.84,1,-95,-11,7,8,45,7,28371200,68
930.11,1547647407,8216.31,51.456545,7.483341,212.83,16.77,-0.12,190.11,1,-91,-12,13,11,51,7,28371200,68
931.09,1547647408,8232.85,51.456390,7.483297,213.50,16.21,-0.58,189.43,1,-91,-12,13,11,51,7,28371200,68
932.09,1547647409,8249.02,51.456238,7.483267,214.40,15.96,-0.24,188.16,1,-93,-10,5,9,46,7,28371200,68
933.09,1547647410,8265.00,51.456089,7.483237,215.16,16.36,0.40,187.23,1,-93,-10,5,9,46,7,28371200,68
934.09,1547647411,8281.34,51.455943,7.483221,215.87,16.61,0.24,185.89,1,-91,-12,4,7,48,7,28371200,68
935.09,1547647412,8298.00,51.454240,7.487760,216.73,16.89,0.28,184.43,1,-91,-12,4,7,48,7,28371200,68
936.09,1547647413,8314.91,51.455649,7.483216,217.55,17.04,0.15,182.85,1,-98,-13,11,7,43,7,28371200,68
937.09,1547647414,8331.95,51.455494,7.483232,218.40,17.49,0.46,180.57,1,-98,-13,11,7,43,7,28371200,68
938.09,1547647415,8349.42,51.455339,7.483255,219.09,17.47,-0.03,178.46,1,-92,-9,6,8,47,5,28371202,67
939.09,1547647416,8366.89,51.455190,7.483287,220.15,17.07,-0.40,176.72,1,-92,-9,6,8,47,5,28371202,67
940.09,1547647417,8383.96,51.455034,7.483327,221.42,17.25,0.19,174.04,1,-88,-9,26,8,52,5,28371202,67
941.09,1547647418,8401.21,51.454883,7.483381,222.30,17.35,0.09,171.20,1,-88,-9,26,8,52,5,28371202,67
942.09,1547647419,8418.54,51.454734,7.483451,222.99,17.57,0.23,167.69,1,-91,-10,15,12,48,5,28371202,67
943.09,1547647420,8436.11,51.454583,7.483529,223.58,17.66,0.09,165.07,1,-91,-10,15,12,48,5,28371202,67
944.09,1547647421,8453.77,51.454430,7.483620,224.38,17.89,0.23,161.99,1,-90,-9,12,13,46,5,28371202,67
945.09,1547647422,8471.70,51.454272,7.483734,225.30,17.97,0.07,158.71,1,-90,-9,12,13,46,5,28371202,67
946.09,1547647423,8489.63,51.454127,7.483863,225.84,16.76,-1.21,155.12,1,-100,-9,9,9,40,5,28371202,67
947.09,1547647424,8506.39,51.453986,7.484007,226.55,16.84,0.08,151.37,1,-100,-9,9,9,40,5,28371202,67
948.10,1547647425,8523.38,51.453847,7.484168,227.41,17.62,0.78,148.08,1,-94,-7,9,11,43,5,28371202,67
949.09,1547647426,8540.85,51.453715,7.484331,227.86,17.97,0.35,144.74,1,-94,-7,9,11,43,5,28371202,67
950.09,1547647427,8558.83,51.453593,7.484502,228.31,16.85,-1.11,141.28,1,-94,-7,9,11,43,5,28371202,67
951.09,1547647428,8575.62,51.453489,7.484673,229.27,16.46,-0.39,137.66,1,-91,-10,13,11,50,5,28371202,67
952.09,1547647429,8592.10,51.453385,7.484869,230.22,17.62,1.15,134.80,1,-91,-10,13,11,50,5,28371202,67
953.09,1547647430,8609.75,51.453287,7.485068,231.22,17.35,-0.27,132.72,1,-88,-6,13,9,49,5,28371202,67
954.09,1547647431,8627.12,51.453180,7.485280,231.79,16.83,-0.52,132.85,1,-88,-6,13,9,49,5,28371202,67
955.09,1547647432,8643.95,51.454155,7.483935,232.26,17.59,0.75,132.54,1,-88,-6,19,12,50,5,28371202,67
956.09,1547647433,8661.54,51.452975,7.485668,232.75,17.82,0.23,133.49,1,-88,-6,19,12,50,5,28371202,67
957.09,1547647434,8679.34,51.452863,7.485870,233.12,17.67,-0.15,134.21,1,-86,-5,24,12,49,5,28371202,67
958.09,1547647435,8697.00,51.452754,7.486056,233.15,17.59,-0.08,135.38,1,-86,-5,24,12,49,5,28371202,67
959.09,1547647436,8714.60,51.452646,7.486232,233.46,17.36,-0.23,136.61,1,-83,-6,19,15,55,5,28371202,67
960.10,1547647437,8732.12,51.452534,7.486402,233.30,16.61,-0.75,137.76,1,-83,-6,19,15,55,5,28371202,67
961.10,1547647438,8748.64,51.452429,7.486560,233.71,15.73,-0.88,138.40,1,-82,-9,11,14,57,5,28371202,67
962.09,1547647439,8764.32,51.452318,7.486710,234.12,16.62,0.89,140.85,1,-82,-9,11,14,57,5,28371202,67
963.09,1547647440,8780.92,51.452204,7.486845,234.26,17.27,0.65,144.10,1,-85,-10,15,11,53,5,28371202,67
964.09,1547647441,8798.20,51.452082,7.486973,234.57,16.52,-0.75,146.12,1,-85,-10,15,11,53,5,28371202,67
965.09,1547647442,8814.70,51.451968,7.487088,235.49,15.58,-0.94,147.64,1,-90,-6,9,11,47,5,28371202,67
966.09,1547647443,8830.29,51.451846,7.487202,236.77,15.69,0.12,149.64,1,-90,-6,9,11,47,5,28371202,67
967.09,1547647444,8845.98,51.451721,7.487303,238.03,15.18,-0.51,151.85,1,-92,-7,6,12,47,5,28371202,67
968.09,1547647445,8861.18,51.451594,7.487395,239.40,13.59,-1.59,154.40,1,-92,-7,6,12,47,5,28371202,67
969.10,1547647446,8874.86,51.451464,7.487484,240.64,14.35,0.75,155.88,1,-88,-6,13,9,49,5,28371202,67
970.09,1547647447,8889.10,51.451334,7.487568,242.07,14.79,0.45,157.21,1,-88,-6,13,9,49,5,28371202,67
971.09,1547647448,8903.89,51.451213,7.487642,243.25,14.21,-0.59,157.66,1,-88,-6,13,9,49,5,28371202,67
972.09,1547647449,8918.10,51.451085,7.487719,243.88,13.36,-0.84,158.45,1,-91,-8,12,8,47,5,28371202,67
