time_s,timestamp_ms,distance_m,latitude,longitude,altitude,velocity_mps,acceleration_mpss,direction,isRegistered,rsrp_dbm,rsrq_db,rssnr_db,cqi,ss,ta,ci,pci
0.04,1547474039,0.00,51.490304,7.412254,163.52,3.25,0.00,78.11,1,-106,-12,-4,8,26,22,13532675,385
1.04,1547474040,3.26,51.490330,7.412359,163.53,3.50,0.25,76.73,1,-106,-12,-4,8,26,22,13532675,385
2.04,1547474041,6.75,51.490361,7.412490,163.74,3.88,0.38,79.04,1,-107,-10,-3,6,24,22,13532675,385
3.04,1547474042,10.63,51.490390,7.412635,163.95,10.12,6.24,77.49,1,-107,-10,-3,6,24,22,13532675,385
4.05,1547474043,20.79,51.490407,7.412768,164.43,10.12,0.00,77.49,1,-110,-13,-3,5,22,22,13532675,385
5.05,1547474044,30.92,51.490425,7.412938,164.73,11.94,1.81,77.77,1,-110,-13,-3,5,22,22,13532675,385
6.04,1547474045,42.83,51.490443,7.413125,165.07,13.24,1.31,78.11,1,-110,-14,-4,4,24,22,13532675,385
7.04,1547474046,56.07,51.490460,7.413317,165.38,13.92,0.68,77.61,1,-110,-14,-4,4,24,22,13532675,385
8.05,1547474047,70.03,51.490477,7.413511,165.58,13.87,-0.05,78.25,1,-112,-14,-5,5,22,22,13532675,385
9.05,1547474048,83.90,51.490500,7.413714,165.25,14.45,0.58,77.82,1,-112,-14,-5,5,22,22,13532675,385
10.04,1547474049,98.30,51.490531,7.413922,164.97,15.02,0.57,78.08,1,-116,-16,-6,3,23,16,13532163,385
11.04,1547474050,113.32,51.490556,7.414135,164.68,15.33,0.31,77.94,1,-116,-16,-6,3,23,16,13532163,385
12.04,1547474051,128.66,51.490577,7.414353,163.95,15.27,-0.06,77.59,1,-114,-16,-7,3,25,16,13532163,200
13.05,1547474052,143.94,51.490599,7.414569,163.10,15.07,-0.20,78.13,1,-114,-16,-7,3,25,16,13532163,200
14.05,1547474053,159.02,51.490620,7.414784,162.37,15.06,-0.01,79.42,1,-114,-19,-10,3,25,16,13532163,200
15.05,1547474054,174.11,51.490638,7.414997,161.52,14.78,-0.28,80.49,1,-114,-19,-10,3,25,16,13532163,200
16.05,1547474055,188.92,51.490657,7.415208,160.70,14.51,-0.28,81.38,1,-116,-19,-10,1,24,16,13532163,200
17.05,1547474056,203.43,51.490675,7.415426,159.84,14.28,-0.22,82.49,1,-116,-19,-10,1,24,16,13532163,200
18.06,1547474057,217.80,51.490682,7.415635,158.99,13.91,-0.37,84.07,nan,nan,nan,nan,nan,nan,nan,nan,nan
19.04,1547474058,231.52,51.490685,7.415830,158.01,14.09,0.18,86.20,nan,nan,nan,nan,nan,nan,nan,nan,nan
20.04,1547474059,245.60,51.490678,7.416027,157.18,13.99,-0.11,89.54,nan,nan,nan,nan,nan,nan,nan,nan,nan
21.04,1547474060,259.56,51.490664,7.416219,156.71,13.44,-0.55,92.59,nan,nan,nan,nan,nan,nan,nan,nan,nan
22.04,1547474061,273.04,51.490643,7.416404,156.49,11.82,-1.61,95.66,nan,nan,nan,nan,nan,nan,nan,nan,nan
23.04,1547474062,284.87,51.490624,7.416565,156.29,9.75,-2.07,98.54,nan,nan,nan,nan,nan,nan,nan,nan,nan
24.04,1547474063,294.60,51.490603,7.416703,155.95,7.00,-2.75,101.51,nan,nan,nan,nan,nan,nan,nan,nan,nan
25.04,1547474064,301.61,51.490590,7.416771,156.00,5.34,-1.66,103.25,nan,nan,nan,nan,nan,nan,nan,nan,nan
26.04,1547474065,306.94,51.490577,7.416838,156.06,4.57,-0.76,104.72,nan,nan,nan,nan,nan,nan,nan,nan,nan
27.04,1547474066,311.51,51.490567,7.416882,156.09,2.42,-2.15,105.39,nan,nan,nan,nan,nan,nan,nan,nan,nan
28.04,1547474067,313.94,51.490567,7.416882,156.15,0.27,-2.15,105.39,nan,nan,nan,nan,nan,nan,nan,nan,nan
29.04,1547474068,314.21,51.490567,7.416882,156.15,0.00,-0.27,105.39,nan,nan,nan,nan,nan,nan,nan,nan,nan
30.04,1547474069,314.21,51.490567,7.416882,156.15,0.00,0.00,105.39,nan,nan,nan,nan,nan,nan,nan,nan,nan
31.04,1547474070,314.21,51.490567,7.416882,156.15,0.00,0.00,105.39,nan,nan,nan,nan,nan,nan,nan,nan,nan
32.04,1547474071,314.21,51.490567,7.416882,156.15,0.00,0.00,105.39,nan,nan,nan,nan,nan,nan,nan,nan,nan
33.04,1547474072,314.21,51.490567,7.416882,156.14,0.00,0.00,105.39,nan,nan,nan,nan,nan,nan,nan,nan,nan
34.04,1547474073,314.21,51.490567,7.416882,156.14,0.00,0.00,105.39,nan,nan,nan,nan,nan,nan,nan,nan,nan
35.04,1547474074,314.21,51.490567,7.416882,156.13,0.00,0.00,105.39,nan,nan,nan,nan,nan,nan,nan,nan,nan
36.04,1547474075,314.21,51.490567,7.416882,156.12,0.00,0.00,105.39,nan,nan,nan,nan,nan,nan,nan,nan,nan
37.04,1547474076,314.21,51.490567,7.416882,156.11,0.00,0.00,105.39,nan,nan,nan,nan,nan,nan,nan,nan,nan
38.04,1547474077,314.21,51.490567,7.416882,156.10,0.00,0.00,105.39,nan,nan,nan,nan,nan,nan,nan,nan,nan
39.05,1547474078,314.21,51.490567,7.416882,156.09,0.00,0.00,105.39,nan,nan,nan,nan,nan,nan,nan,nan,nan
40.04,1547474079,314.21,51.490567,7.416882,156.08,0.00,0.00,105.39,nan,nan,nan,nan,nan,nan,nan,nan,nan
41.04,1547474080,314.21,51.490567,7.416882,156.08,0.00,0.00,105.39,nan,nan,nan,nan,nan,nan,nan,nan,nan
42.04,1547474081,314.21,51.490567,7.416882,156.07,0.00,0.00,105.39,nan,nan,nan,nan,nan,nan,nan,nan,nan
43.04,1547474082,314.21,51.490567,7.416882,156.06,0.00,0.00,105.39,nan,nan,nan,nan,nan,nan,nan,nan,nan
44.04,1547474083,314.21,51.490567,7.416882,156.06,0.00,0.00,105.39,nan,nan,nan,nan,nan,nan,nan,nan,nan
45.04,1547474084,314.21,51.490567,7.416882,156.06,0.00,0.00,105.39,nan,nan,nan,nan,nan,nan,nan,nan,nan
46.04,1547474085,314.21,51.490567,7.416882,156.06,0.00,0.00,105.39,nan,nan,nan,nan,nan,nan,nan,nan,nan
47.04,1547474086,314.21,51.490567,7.416882,156.07,0.00,0.00,105.39,nan,nan,nan,nan,nan,nan,nan,nan,nan
48.04,1547474087,314.21,51.490567,7.416882,156.07,0.00,0.00,105.39,nan,nan,nan,nan,nan,nan,nan,nan,nan
49.04,1547474088,314.21,51.490567,7.416882,156.07,0.00,0.00,105.39,nan,nan,nan,nan,nan,nan,nan,nan,nan
50.04,1547474089,314.21,51.490567,7.416882,156.07,0.00,0.00,105.39,nan,nan,nan,nan,nan,nan,nan,nan,nan
51.04,1547474090,314.21,51.490567,7.416882,156.07,0.00,0.00,105.39,nan,nan,nan,nan,nan,nan,nan,nan,nan
52.04,1547474091,314.21,51.490567,7.416882,156.07,0.00,0.00,105.39,nan,nan,nan,nan,nan,nan,nan,nan,nan
53.04,1547474092,314.21,51.490567,7.416882,156.07,0.00,0.00,105.39,nan,nan,nan,nan,nan,nan,nan,nan,nan
54.04,1547474093,314.21,51.490567,7.416882,156.07,0.00,0.00,105.39,nan,nan,nan,nan,nan,nan,nan,nan,nan
55.04,1547474094,314.21,51.490567,7.416882,156.07,0.00,0.00,105.39,nan,nan,nan,nan,nan,nan,nan,nan,nan
56.04,1547474095,314.21,51.490562,7.416879,156.07,0.00,0.00,105.39,nan,nan,nan,nan,nan,nan,nan,nan,nan
57.04,1547474096,314.21,51.490556,7.416872,156.08,0.00,0.00,105.39,nan,nan,nan,nan,nan,nan,nan,nan,nan
58.04,1547474097,314.21,51.490546,7.416855,156.24,0.00,0.00,220.50,nan,nan,nan,nan,nan,nan,nan,nan,nan
59.04,1547474098,314.21,51.490540,7.416842,156.27,0.00,0.00,220.50,nan,nan,nan,nan,nan,nan,nan,nan,nan
60.05,1547474099,314.21,51.490535,7.416828,156.58,0.00,0.00,220.50,nan,nan,nan,nan,nan,nan,nan,nan,nan
61.04,1547474100,314.21,51.490532,7.416812,156.62,0.00,0.00,220.50,nan,nan,nan,nan,nan,nan,nan,nan,nan
62.04,1547474101,314.21,51.490524,7.416800,156.86,0.00,0.00,193.82,nan,nan,nan,nan,nan,nan,nan,nan,nan
63.04,1547474102,314.21,51.490521,7.416797,157.02,0.00,0.00,206.49,nan,nan,nan,nan,nan,nan,nan,nan,nan
64.04,1547474103,314.21,51.490521,7.416799,157.03,0.00,0.00,206.49,nan,nan,nan,nan,nan,nan,nan,nan,nan
65.04,1547474104,314.21,51.490523,7.416822,157.04,0.00,0.00,206.49,nan,nan,nan,nan,nan,nan,nan,nan,nan
66.04,1547474105,314.21,51.490528,7.416845,157.03,0.00,0.00,206.49,nan,nan,nan,nan,nan,nan,nan,nan,nan
67.04,1547474106,314.21,51.490532,7.416849,157.02,0.00,0.00,206.49,nan,nan,nan,nan,nan,nan,nan,nan,nan
68.04,1547474107,314.21,51.490534,7.416861,156.98,0.00,0.00,206.49,nan,nan,nan,nan,nan,nan,nan,nan,nan
69.04,1547474108,314.21,51.490526,7.416911,156.94,0.00,0.00,108.74,1,-104,-13,-6,4,37,23,13159682,137
70.04,1547474109,314.21,51.490517,7.416985,156.45,0.00,0.00,101.00,1,-104,-13,-6,4,37,23,13159682,137
71.05,1547474110,314.21,51.490498,7.417065,156.08,3.02,0.00,111.70,1,-110,-15,-6,5,25,23,13159682,137
72.05,1547474111,317.23,51.490452,7.417152,155.65,5.07,2.05,131.61,1,-110,-15,-6,5,25,23,13159682,137
73.04,1547474112,322.26,51.490379,7.417200,154.96,6.71,1.66,162.88,1,-105,-8,-10,5,22,17,12806666,385
74.04,1547474113,328.97,51.490296,7.417248,154.30,10.55,3.83,165.94,1,-105,-8,-10,5,22,17,12806666,385
75.04,1547474114,339.53,51.490201,7.417285,153.54,11.80,1.25,166.43,1,-112,-11,-5,8,15,17,12806666,385
76.04,1547474115,351.33,51.490111,7.417322,153.04,13.20,1.40,166.78,1,-112,-11,-5,8,15,17,12806666,385
77.04,1547474116,364.54,51.489996,7.417365,152.54,14.18,0.97,165.97,1,-111,-10,-1,8,16,17,12806666,385
78.04,1547474117,378.73,51.489867,7.417419,152.31,14.76,0.58,165.35,1,-111,-10,-1,8,16,17,12806666,385
79.04,1547474118,393.46,51.489735,7.417477,152.14,14.62,-0.13,164.83,1,-115,-11,-1,8,14,17,12806666,385
80.04,1547474119,408.11,51.489596,7.417535,151.95,15.41,0.78,165.73,1,-115,-11,-1,8,14,17,12806666,385
81.04,1547474120,423.51,51.489461,7.417583,151.83,15.55,0.14,166.64,1,-114,-11,1,6,15,17,12806666,385
82.05,1547474121,439.09,51.489331,7.417629,152.04,15.51,-0.04,167.50,1,-114,-11,1,6,15,17,12806666,385
83.04,1547474122,454.57,51.489196,7.417670,152.42,15.74,0.23,168.82,1,-112,-11,1,6,17,17,12806666,385
84.05,1547474123,470.34,51.489048,7.417704,152.77,15.97,0.23,170.41,1,-112,-11,1,6,17,17,12806666,385
85.05,1547474124,486.33,51.488901,7.417728,153.07,16.07,0.10,172.51,1,-110,-10,3,10,18,17,12806666,385
86.04,1547474125,502.29,51.488754,7.417738,152.97,16.14,0.08,175.05,1,-110,-10,3,10,18,17,12806666,385
87.04,1547474126,518.43,51.488598,7.417742,153.04,16.20,0.06,177.35,1,-110,-10,3,10,18,17,12806666,385
88.04,1547474127,534.64,51.488445,7.417740,152.99,16.19,-0.01,179.25,1,-112,-14,1,7,20,17,12806666,385
89.04,1547474128,550.85,51.488297,7.417730,153.01,16.25,0.06,180.70,1,-112,-14,1,7,20,17,12806666,385
90.04,1547474129,567.10,51.488150,7.417716,152.98,16.40,0.15,181.30,1,-105,-8,9,15,20,17,12806666,385
91.04,1547474130,583.48,51.488000,7.417704,152.76,16.63,0.23,180.77,1,-105,-8,9,15,20,17,12806666,385
92.05,1547474131,600.18,51.487843,7.417705,152.53,16.76,0.13,179.19,1,-106,-9,8,12,22,17,12806666,385
93.05,1547474132,616.95,51.487699,7.417713,152.08,16.25,-0.51,177.05,1,-106,-9,8,12,22,17,12806666,385
94.04,1547474133,633.18,51.487555,7.417741,151.15,15.89,-0.36,173.41,1,-110,-13,5,11,22,17,12806666,385
95.04,1547474134,649.07,51.487422,7.417826,150.23,16.09,0.20,157.53,1,-110,-13,5,11,22,17,12806666,385
96.04,1547474135,665.17,51.487307,7.417920,149.43,16.07,-0.02,154.27,1,-109,-10,4,12,19,17,12806666,385
97.05,1547474136,681.25,51.487205,7.418072,148.84,16.09,0.02,138.18,1,-109,-10,4,12,19,17,12806666,385
98.04,1547474137,697.32,51.487098,7.418229,148.07,15.87,-0.21,136.85,1,-112,-10,2,9,16,17,12806666,385
99.04,1547474138,713.20,51.486994,7.418385,147.29,15.49,-0.38,136.64,1,-112,-10,2,9,16,17,12806666,385
100.05,1547474139,728.71,51.486897,7.418519,146.62,15.18,-0.32,139.05,1,-112,-11,-1,6,17,16,13392904,347
101.05,1547474140,743.89,51.486774,7.418618,145.65,14.93,-0.25,154.87,1,-112,-11,-1,6,17,16,13392904,347
102.05,1547474141,758.94,51.486653,7.418692,144.71,14.75,-0.18,158.98,1,-115,-11,0,8,13,16,13392904,347
103.05,1547474142,773.57,51.486526,7.418706,143.88,14.45,-0.30,177.50,1,-115,-11,0,8,13,16,13392904,347
104.05,1547474143,788.02,51.486401,7.418707,143.11,13.82,-0.63,180.87,1,-116,-11,0,9,13,16,13392904,347
105.05,1547474144,801.84,51.486280,7.418659,142.52,13.28,-0.54,195.38,1,-116,-11,0,9,13,16,13392904,347
106.05,1547474145,815.22,51.486166,7.418614,142.04,12.30,-0.97,195.95,1,-117,-13,-1,8,16,16,13392904,347
107.05,1547474146,827.42,51.486042,7.418569,141.65,11.62,-0.68,194.94,1,-117,-13,-1,8,16,16,13392904,347
108.04,1547474147,839.02,51.485931,7.418537,141.47,11.55,-0.07,193.28,1,-117,-13,-1,8,16,16,13392904,347
109.04,1547474148,850.59,51.485828,7.418511,141.70,11.99,0.43,189.62,1,-117,-11,1,9,12,16,13392904,347
110.04,1547474149,862.55,51.485720,7.418536,142.24,12.76,0.78,173.42,1,-117,-11,1,9,12,16,13392904,347
111.04,1547474150,875.33,51.485618,7.418559,142.91,12.11,-0.66,171.90,1,-116,-12,0,9,13,16,13392904,347
112.04,1547474151,887.44,51.485518,7.418596,143.94,12.11,0.00,168.52,1,-116,-12,0,9,13,16,13392904,347
113.04,1547474152,899.55,51.485423,7.418668,145.03,12.09,-0.02,155.98,1,-118,-13,1,9,15,16,13392904,347
114.05,1547474153,911.65,51.485329,7.418739,145.90,11.86,-0.23,155.62,1,-118,-13,1,9,15,16,13392904,347
115.05,1547474154,923.54,51.485236,7.418813,146.50,12.45,0.59,154.58,1,-114,-11,1,6,15,16,13392904,347
116.04,1547474155,935.94,51.485141,7.418885,146.90,12.61,0.16,155.39,1,-114,-11,1,6,15,16,13392904,347
117.05,1547474156,948.57,51.485055,7.418941,147.67,11.84,-0.77,158.83,1,-114,-13,2,9,18,16,13392904,347
118.04,1547474157,960.40,51.484933,7.418956,148.21,12.69,0.85,177.17,1,-114,-13,2,9,18,16,13392904,347
119.05,1547474158,973.12,51.484812,7.418961,148.46,12.83,0.14,178.56,1,-114,-12,2,11,16,16,13392904,347
120.04,1547474159,985.92,51.484687,7.418954,148.54,13.09,0.26,181.57,1,-114,-12,2,11,16,16,13392904,347
121.05,1547474160,999.02,51.484569,7.418906,148.59,13.43,0.34,194.65,1,-109,-14,4,7,24,16,13392904,347
122.04,1547474161,1012.40,51.484452,7.418845,148.51,13.36,-0.07,196.97,1,-109,-14,4,7,24,16,13392904,347
123.05,1547474162,1025.81,51.484343,7.418775,148.41,13.63,0.27,200.60,1,-114,-14,5,5,18,16,13392904,347
124.05,1547474163,1039.45,51.484232,7.418688,148.10,14.09,0.46,203.81,1,-114,-14,5,5,18,16,13392904,347
125.04,1547474164,1053.52,51.484113,7.418583,147.60,15.08,0.99,206.57,1,-114,-12,3,10,16,16,13392904,347
126.04,1547474165,1068.60,51.483995,7.418470,147.11,15.20,0.12,208.82,1,-114,-12,3,10,16,16,13392904,347
127.05,1547474166,1083.92,51.483876,7.418347,146.90,15.34,0.14,210.41,1,-113,-13,4,6,18,16,13392904,347
128.04,1547474167,1099.14,51.483755,7.418215,146.30,15.13,-0.21,211.42,1,-113,-13,4,6,18,16,13392904,347
129.04,1547474168,1114.25,51.483644,7.418088,145.90,15.16,0.03,212.36,1,-113,-13,4,6,18,16,13392904,347
130.04,1547474169,1129.40,51.483522,7.417950,145.53,15.05,-0.11,212.69,1,-110,-9,5,11,17,14,13392906,346
131.04,1547474170,1144.47,51.483417,7.417825,145.28,15.11,0.06,212.52,1,-110,-9,5,11,17,14,13392906,346
132.05,1547474171,1159.61,51.483309,7.417703,145.00,14.84,-0.26,211.89,1,-105,-7,8,15,20,14,13392906,346
133.04,1547474172,1174.42,51.483200,7.417597,145.07,14.83,-0.01,210.59,1,-105,-7,8,15,20,14,13392906,346
134.04,1547474173,1189.27,51.483085,7.417495,145.17,14.75,-0.08,208.85,1,-107,-7,9,12,18,14,13392906,346
135.05,1547474174,1204.04,51.482970,7.417399,145.24,14.68,-0.07,207.39,1,-107,-7,9,12,18,14,13392906,346
136.04,1547474175,1218.66,51.482848,7.417306,145.45,14.70,0.01,205.75,1,-108,-10,8,11,20,14,13392906,346
137.04,1547474176,1233.39,51.482729,7.417224,145.79,14.47,-0.23,204.42,1,-108,-10,8,11,20,14,13392906,346
138.04,1547474177,1247.87,51.482609,7.417147,146.22,14.17,-0.29,203.24,1,-110,-8,7,10,15,14,13392906,346
139.04,1547474178,1262.04,51.482493,7.417075,146.59,13.89,-0.28,202.20,1,-110,-8,7,10,15,14,13392906,346
140.04,1547474179,1275.93,51.482375,7.417006,146.91,13.61,-0.28,200.95,1,-109,-8,7,10,17,14,13392906,346
141.04,1547474180,1289.53,51.482261,7.416942,147.43,13.65,0.04,200.02,1,-109,-8,7,10,17,14,13392906,346
142.04,1547474181,1303.20,51.482141,7.416881,148.11,13.75,0.10,199.63,1,-107,-8,7,12,18,14,13392906,346
143.04,1547474182,1316.95,51.482024,7.416822,148.80,13.35,-0.40,199.94,1,-107,-8,7,12,18,14,13392906,346
144.04,1547474183,1330.30,51.481917,7.416769,149.52,11.91,-1.44,200.30,1,-105,-8,8,11,20,14,13392906,346
145.04,1547474184,1342.21,51.481822,7.416717,150.20,9.52,-2.39,201.20,1,-105,-8,8,11,20,14,13392906,346
146.04,1547474185,1351.72,51.481752,7.416677,150.79,6.99,-2.53,200.51,1,-109,-9,6,10,17,14,13392906,346
147.04,1547474186,1358.71,51.481697,7.416647,151.35,5.19,-1.80,200.96,1,-109,-9,6,10,17,14,13392906,346
148.05,1547474187,1363.93,51.481656,7.416626,151.40,3.45,-1.73,201.45,1,-110,-9,5,9,17,14,13392906,346
149.05,1547474188,1367.36,51.481634,7.416615,151.47,2.01,-1.45,200.78,1,-110,-9,5,9,17,14,13392906,346
150.04,1547474189,1369.36,51.481629,7.416615,151.56,0.39,-1.63,200.78,1,-110,-9,5,9,17,14,13392906,346
151.04,1547474190,1369.75,51.481629,7.416615,151.57,0.00,-0.39,200.78,1,-110,-11,3,10,19,14,13392906,346
152.04,1547474191,1369.75,51.481629,7.416615,151.58,0.00,0.00,200.78,1,-110,-11,3,10,19,14,13392906,346
153.04,1547474192,1369.75,51.481629,7.416615,151.59,0.00,0.00,200.78,1,-109,-9,4,9,18,14,13392906,346
154.04,1547474193,1369.75,51.481629,7.416615,151.61,0.00,0.00,200.78,1,-109,-9,4,9,18,14,13392906,346
155.05,1547474194,1369.75,51.481629,7.416615,151.62,0.00,0.00,200.78,1,-111,-9,3,7,16,14,13392906,346
156.05,1547474195,1369.75,51.481629,7.416615,151.64,0.00,0.00,200.78,1,-111,-9,3,7,16,14,13392906,346
157.04,1547474196,1369.75,51.481629,7.416615,151.65,0.00,0.00,200.78,1,-108,-8,4,10,18,14,13392906,346
158.05,1547474197,1369.75,51.481629,7.416615,151.67,0.00,0.00,200.78,1,-108,-8,4,10,18,14,13392906,346
159.04,1547474198,1369.75,51.481629,7.416615,151.68,0.00,0.00,200.78,1,-108,-8,5,9,18,14,13392906,346
160.04,1547474199,1369.75,51.481629,7.416615,151.70,0.00,0.00,200.78,1,-108,-8,5,9,18,14,13392906,346
161.04,1547474200,1369.75,51.481629,7.416615,151.71,0.00,0.00,200.78,1,-109,-8,5,9,18,14,13392906,346
162.04,1547474201,1369.75,51.481629,7.416615,151.72,0.00,0.00,200.78,1,-109,-8,5,9,18,14,13392906,346
163.05,1547474202,1369.75,51.481629,7.416615,151.73,0.00,0.00,200.78,1,-110,-10,1,7,19,14,13392906,346
164.04,1547474203,1369.75,51.481629,7.416615,151.84,0.00,0.00,200.78,1,-110,-10,1,7,19,14,13392906,346
165.04,1547474204,1369.75,51.481629,7.416615,151.95,0.00,0.00,199.29,1,-110,-10,3,8,17,14,13392906,346
166.04,1547474205,1369.75,51.481551,7.416576,152.05,0.00,0.00,198.41,1,-110,-10,3,8,17,14,13392906,346
167.04,1547474206,1369.75,51.481515,7.416558,152.15,2.39,0.00,194.91,1,-106,-9,4,10,21,14,13392906,346
168.04,1547474207,1372.13,51.481501,7.416554,152.26,1.38,-1.01,192.41,1,-106,-9,4,10,21,14,13392906,346
169.05,1547474208,1373.53,51.481492,7.416558,152.40,2.09,0.70,178.56,1,-106,-10,5,10,26,14,13392906,346
170.04,1547474209,1375.59,51.481475,7.416570,152.52,3.33,1.26,161.58,1,-106,-10,5,10,26,14,13392906,346
171.05,1547474210,1378.96,51.481454,7.416608,153.56,4.12,0.78,135.31,1,-106,-10,5,10,26,14,13392906,346
172.04,1547474211,1383.03,51.481434,7.416685,154.19,6.16,2.07,107.63,1,-103,-6,7,10,22,14,13392906,346
173.04,1547474212,1389.19,51.481437,7.416769,154.98,7.72,1.56,90.89,1,-103,-6,7,10,22,14,13392906,346
174.04,1547474213,1396.92,51.481440,7.416878,155.38,8.82,1.10,89.17,1,-105,-11,3,8,24,14,13392906,346
175.04,1547474214,1405.76,51.481450,7.416999,155.29,9.07,0.25,75.19,1,-105,-11,3,8,24,14,13392906,346
176.04,1547474215,1414.84,51.481468,7.417115,155.48,9.42,0.35,76.01,1,-105,-9,2,6,23,14,13392906,346
177.04,1547474216,1424.26,51.481483,7.417249,155.35,10.39,0.97,77.08,1,-105,-9,2,6,23,14,13392906,346
178.05,1547474217,1434.69,51.481501,7.417410,155.10,11.55,1.16,77.86,1,-106,-10,1,6,22,14,13392906,346
179.04,1547474218,1446.14,51.481516,7.417593,154.70,12.48,0.93,80.28,1,-106,-10,1,6,22,14,13392906,346
180.04,1547474219,1458.67,51.481526,7.417781,154.03,12.47,-0.01,82.95,1,-97,-9,5,11,30,14,13392906,346
181.05,1547474220,1471.17,51.481534,7.417970,153.30,12.38,-0.09,84.04,1,-97,-9,5,11,30,14,13392906,346
182.04,1547474221,1483.47,51.481545,7.418155,152.68,12.67,0.29,84.91,1,-99,-11,7,7,29,14,13392906,346
183.04,1547474222,1496.14,51.481550,7.418337,151.95,12.96,0.29,86.19,1,-99,-11,7,7,29,14,13392906,346
184.04,1547474223,1509.14,51.481554,7.418517,151.36,13.03,0.07,86.46,1,-101,-11,8,7,27,14,13392906,346
185.04,1547474224,1522.17,51.481559,7.418717,150.33,13.29,0.26,85.89,1,-101,-11,8,7,27,14,13392906,346
186.04,1547474225,1535.45,51.481566,7.418917,149.35,13.15,-0.14,86.25,1,-100,-6,10,13,25,14,13392906,346
187.04,1547474226,1548.60,51.481574,7.419110,148.61,13.56,0.40,86.90,1,-100,-6,10,13,25,14,13392906,346
188.04,1547474227,1562.15,51.481583,7.419306,148.02,14.06,0.51,86.19,1,-102,-7,9,11,25,14,13392906,346
189.04,1547474228,1576.21,51.481593,7.419516,147.53,14.36,0.30,86.86,1,-102,-7,9,11,25,14,13392906,346
190.05,1547474229,1590.69,51.481602,7.419724,147.35,14.33,-0.03,86.17,1,-103,-8,5,8,24,14,13392906,346
191.06,1547474230,1605.18,51.481611,7.419940,147.16,14.04,-0.29,84.88,1,-103,-8,5,8,24,14,13392906,346
192.04,1547474231,1618.90,51.481623,7.420149,146.96,14.25,0.21,84.51,1,-103,-8,5,8,24,14,13392906,346
193.04,1547474232,1633.14,51.481633,7.420371,146.85,14.50,0.25,85.06,1,-102,-11,3,9,28,14,13392906,346
194.04,1547474233,1647.64,51.481644,7.420590,146.36,15.17,0.67,84.66,1,-102,-11,3,9,28,14,13392906,346
195.04,1547474234,1662.81,51.481661,7.420811,145.83,14.87,-0.29,83.57,1,-101,-11,6,10,27,14,13392906,346
196.04,1547474235,1677.74,51.481680,7.421026,145.25,14.88,0.01,82.39,1,-101,-11,6,10,27,14,13392906,346
197.04,1547474236,1692.62,51.481701,7.421249,144.84,14.46,-0.42,80.83,1,-101,-7,8,12,27,14,13392906,346
198.04,1547474237,1707.07,51.481722,7.421442,144.84,14.69,0.23,80.24,1,-101,-7,8,12,27,14,13392906,346
199.04,1547474238,1721.76,51.481746,7.421650,144.55,14.24,-0.45,79.02,1,-97,-8,12,12,31,14,13392906,346
200.04,1547474239,1735.98,51.481771,7.421862,143.91,15.02,0.78,78.47,1,-97,-8,12,12,31,14,13392906,346
201.05,1547474240,1751.09,51.481798,7.422069,143.10,14.11,-0.90,77.75,1,-94,-7,16,15,32,14,13392906,346
202.04,1547474241,1765.10,51.481828,7.422274,142.45,14.12,0.01,76.25,1,-94,-7,16,15,32,14,13392906,346
203.04,1547474242,1779.23,51.481856,7.422480,142.12,14.56,0.44,76.94,1,-90,-11,16,7,41,14,13392906,346
204.04,1547474243,1793.77,51.481891,7.422716,140.94,14.57,0.01,75.43,1,-90,-11,16,7,41,14,13392906,346
205.04,1547474244,1808.39,51.481925,7.422939,139.93,15.06,0.48,75.80,1,-91,-7,16,7,33,14,13392906,346
206.04,1547474245,1823.46,51.481956,7.423138,139.20,14.61,-0.45,76.12,1,-91,-7,16,7,33,14,13392906,346
207.04,1547474246,1838.07,51.481987,7.423349,138.25,14.05,-0.56,76.97,1,-88,-6,9,15,36,14,13392906,346
208.04,1547474247,1852.12,51.482015,7.423543,137.17,14.26,0.21,76.24,1,-88,-6,9,15,36,14,13392906,346
209.04,1547474248,1866.37,51.482046,7.423751,135.82,14.76,0.50,76.74,1,-90,-7,13,13,36,14,13392906,346
210.04,1547474249,1881.12,51.482071,7.423952,134.88,14.87,0.11,77.23,1,-90,-7,13,13,36,14,13392906,346
211.06,1547474250,1896.20,51.482097,7.424171,134.17,15.17,0.30,77.07,1,-96,-6,11,12,29,14,13392906,346
212.04,1547474251,1911.14,51.482123,7.424397,133.21,15.42,0.25,77.58,1,-96,-6,11,12,29,14,13392906,346
213.04,1547474252,1926.58,51.482153,7.424621,132.21,15.53,0.11,77.61,1,-96,-6,11,12,29,14,13392906,346
214.04,1547474253,1942.11,51.482181,7.424847,131.19,14.73,-0.80,77.95,1,-96,-7,11,12,29,14,13392906,346
215.04,1547474254,1956.85,51.482211,7.425061,130.49,14.09,-0.64,77.02,1,-96,-7,11,12,29,14,13392906,346
216.04,1547474255,1970.94,51.482237,7.425248,129.88,13.51,-0.58,76.37,1,-97,-7,8,12,28,14,13392906,346
217.04,1547474256,1984.45,51.482266,7.425436,129.85,13.50,-0.01,75.62,1,-97,-7,8,12,28,14,13392906,346
218.04,1547474257,1997.95,51.482297,7.425634,130.01,13.51,0.00,76.49,1,-95,-6,7,13,30,14,13392906,346
219.04,1547474258,2011.46,51.482325,7.425833,130.28,13.22,-0.28,77.10,1,-95,-6,7,13,30,14,13392906,346
220.04,1547474259,2024.68,51.482351,7.426022,130.89,13.10,-0.12,76.60,1,-91,-7,21,15,34,14,13392906,346
221.04,1547474260,2037.79,51.482377,7.426223,131.67,13.28,0.18,76.38,1,-91,-7,21,15,34,14,13392906,346
222.04,1547474261,2051.03,51.482405,7.426421,132.49,13.29,0.00,76.90,1,-92,-7,26,13,33,14,13392906,346
223.04,1547474262,2064.36,51.482431,7.426598,133.28,12.54,-0.74,77.16,1,-92,-7,26,13,33,14,13392906,346
224.04,1547474263,2076.90,51.482450,7.426768,133.95,11.66,-0.88,77.81,1,-86,-8,9,13,39,14,13392906,346
225.04,1547474264,2088.55,51.482473,7.426932,134.70,11.27,-0.39,78.37,1,-86,-8,9,13,39,14,13392906,346
226.04,1547474265,2099.83,51.482489,7.427120,135.73,11.38,0.11,80.32,1,-88,-8,8,15,38,14,13392906,346
227.04,1547474266,2111.21,51.482504,7.427301,136.93,10.79,-0.59,81.02,1,-88,-8,8,15,38,14,13392906,346
228.04,1547474267,2121.99,51.482518,7.427425,138.30,9.69,-1.10,81.20,1,-83,-8,25,14,43,14,13392906,346
229.04,1547474268,2131.69,51.482527,7.427565,139.58,9.44,-0.25,83.47,1,-83,-8,25,14,43,14,13392906,346
230.04,1547474269,2141.14,51.482533,7.427721,140.67,9.34,-0.11,83.75,1,-87,-8,14,13,38,14,13392906,346
231.04,1547474270,2150.49,51.482535,7.427860,141.83,9.81,0.47,84.70,1,-87,-8,14,13,38,14,13392906,346
232.05,1547474271,2160.37,51.482541,7.427991,142.88,9.44,-0.37,86.88,1,-90,-10,11,7,39,14,13392906,346
233.05,1547474272,2169.75,51.482542,7.428109,143.51,6.51,-2.95,87.81,1,-90,-10,11,7,39,14,13392906,346
234.04,1547474273,2176.23,51.482545,7.428192,143.55,3.91,-2.60,85.59,1,-90,-10,11,7,39,14,13392906,346
235.04,1547474274,2180.14,51.482546,7.428250,143.64,2.53,-1.38,89.21,1,-91,-12,7,7,39,14,13392906,346
236.04,1547474275,2182.67,51.482547,7.428282,143.76,1.63,-0.90,91.32,1,-91,-12,7,7,39,14,13392906,346
237.04,1547474276,2184.30,51.482547,7.428297,143.91,0.63,-0.99,91.32,1,-91,-12,7,7,41,14,13392906,346
238.04,1547474277,2184.94,51.482547,7.428297,143.93,0.00,-0.63,91.32,1,-91,-12,7,7,41,14,13392906,346
239.04,1547474278,2184.94,51.482547,7.428297,143.95,0.00,0.00,91.32,1,-91,-10,7,10,38,14,13392906,346
240.04,1547474279,2184.94,51.482547,7.428297,143.98,0.00,0.00,91.32,1,-91,-10,7,10,38,14,13392906,346
241.05,1547474280,2184.94,51.482547,7.428297,144.01,0.00,0.00,91.32,1,-89,-9,18,13,39,14,13392906,346
242.04,1547474281,2184.94,51.482547,7.428297,144.06,0.00,0.00,91.32,1,-89,-9,18,13,39,14,13392906,346
243.04,1547474282,2184.94,51.482547,7.428297,144.12,0.00,0.00,91.32,1,-91,-12,10,11,41,14,13392906,346
244.04,1547474283,2184.94,51.482547,7.428297,144.18,0.00,0.00,91.32,1,-91,-12,10,11,41,14,13392906,346
245.04,1547474284,2184.94,51.482547,7.428297,144.24,0.00,0.00,91.32,1,-89,-11,6,7,38,14,13392906,346
246.04,1547474285,2184.94,51.482547,7.428297,144.31,0.00,0.00,91.32,1,-89,-11,6,7,38,14,13392906,346
247.04,1547474286,2184.94,51.482547,7.428297,144.93,0.00,0.00,91.32,1,-90,-8,6,10,38,14,13392906,346
248.04,1547474287,2184.94,51.482547,7.428297,145.42,0.00,0.00,79.74,1,-90,-8,6,10,38,14,13392906,346
249.04,1547474288,2184.94,51.482556,7.428439,149.04,0.00,0.00,81.10,1,-92,-8,17,7,35,14,13392906,346
250.04,1547474289,2184.94,51.482549,7.428559,150.84,8.43,0.00,94.82,1,-92,-8,17,7,35,14,13392906,346
251.05,1547474290,2193.39,51.482544,7.428699,151.76,8.62,0.19,95.20,1,-90,-8,6,7,36,14,13392906,346
252.04,1547474291,2202.00,51.482533,7.428880,151.36,10.51,1.89,96.29,1,-90,-8,6,7,36,14,13392906,346
253.04,1547474292,2212.51,51.482520,7.429045,150.47,11.45,0.94,95.78,1,-92,-12,6,7,38,14,13392906,346
254.04,1547474293,2223.93,51.482504,7.429230,149.45,13.39,1.94,95.94,1,-92,-12,6,7,38,14,13392906,346
255.05,1547474294,2237.40,51.482491,7.429432,148.97,14.63,1.23,97.47,1,-95,-13,6,7,37,14,13392906,346
256.04,1547474295,2251.92,51.482477,7.429635,148.50,13.79,-0.85,96.34,1,-95,-13,6,7,37,14,13392906,346
257.05,1547474296,2265.78,51.482462,7.429842,148.19,14.56,0.77,95.91,1,-95,-13,6,7,37,14,13392906,346
258.05,1547474297,2280.35,51.482446,7.430056,147.92,14.45,-0.11,96.68,1,-87,-8,11,13,37,4,13392904,347
259.04,1547474298,2294.73,51.482429,7.430264,147.69,14.18,-0.27,97.07,1,-87,-8,11,13,37,4,13392904,347
260.04,1547474299,2308.85,51.482412,7.430463,147.10,13.91,-0.27,96.99,1,-89,-7,16,14,35,4,13392904,347
261.04,1547474300,2322.85,51.482392,7.430658,146.42,13.60,-0.31,97.63,1,-89,-7,16,14,35,4,13392904,347
262.04,1547474301,2336.37,51.482374,7.430850,145.80,12.79,-0.81,96.62,1,-87,-7,34,15,38,4,13392904,347
263.04,1547474302,2349.21,51.482356,7.431051,145.67,12.69,-0.10,97.51,1,-87,-7,34,15,38,4,13392904,347
264.04,1547474303,2361.87,51.482336,7.431246,145.80,12.56,-0.13,97.78,1,-86,-7,21,13,40,4,13392904,347
265.04,1547474304,2374.45,51.482320,7.431418,146.06,12.40,-0.16,97.17,1,-86,-7,21,13,40,4,13392904,347
266.04,1547474305,2386.85,51.482309,7.431582,146.48,12.37,-0.04,96.36,1,-76,-5,18,14,48,4,13392904,347
267.04,1547474306,2399.22,51.482296,7.431751,146.40,12.62,0.26,96.57,1,-76,-5,18,14,48,4,13392904,347
268.04,1547474307,2411.84,51.482282,7.431939,146.29,13.40,0.78,96.81,1,-79,-6,27,15,46,4,13392904,347
269.04,1547474308,2425.22,51.482269,7.432133,146.23,13.07,-0.33,96.72,1,-79,-6,27,15,46,4,13392904,347
270.04,1547474309,2438.30,51.482255,7.432329,146.50,12.71,-0.35,96.41,1,-77,-6,30,15,46,4,13392904,347
271.04,1547474310,2451.00,51.482244,7.432515,146.88,13.09,0.38,97.13,1,-77,-6,30,15,46,4,13392904,347
272.04,1547474311,2464.06,51.482233,7.432696,147.20,12.86,-0.23,96.83,1,-78,-7,26,15,44,4,13392904,347
273.04,1547474312,2476.96,51.482222,7.432885,147.90,12.46,-0.40,97.07,1,-78,-7,26,15,44,4,13392904,347
274.04,1547474313,2489.42,51.482209,7.433071,148.63,12.26,-0.19,96.63,1,-76,-7,18,15,48,4,13392904,347
275.04,1547474314,2501.68,51.482197,7.433252,149.19,12.62,0.36,96.17,1,-76,-7,18,15,48,4,13392904,347
276.05,1547474315,2514.42,51.482180,7.433434,149.55,12.67,0.05,97.82,1,-72,-7,22,12,50,4,13392904,347
277.04,1547474316,2526.98,51.482165,7.433608,149.68,12.98,0.31,97.43,1,-72,-7,22,12,50,4,13392904,347
278.04,1547474317,2539.96,51.482147,7.433799,149.67,13.26,0.28,96.90,1,-72,-7,22,12,50,4,13392904,347
279.04,1547474318,2553.23,51.482130,7.433978,149.63,13.14,-0.11,97.61,1,-73,-5,25,15,52,4,13392904,347
280.04,1547474319,2566.37,51.482115,7.434158,149.73,13.06,-0.08,98.24,1,-73,-5,25,15,52,4,13392904,347
281.04,1547474320,2579.38,51.482099,7.434358,149.85,13.32,0.26,97.29,1,-74,-5,27,15,47,4,13392904,347
282.04,1547474321,2592.68,51.482086,7.434551,150.10,12.73,-0.59,96.91,1,-74,-5,27,15,47,4,13392904,347
283.04,1547474322,2605.47,51.482075,7.434736,150.08,12.32,-0.40,96.81,1,-77,-11,21,15,53,4,13392904,347
284.04,1547474323,2617.79,51.482062,7.434949,149.97,12.78,0.45,96.68,1,-77,-11,21,15,53,4,13392904,347
285.04,1547474324,2630.60,51.482052,7.435120,150.49,12.24,-0.54,96.16,1,-79,-7,32,15,42,4,13392904,347
286.04,1547474325,2642.83,51.482042,7.435276,150.80,10.99,-1.25,97.28,1,-79,-7,32,15,42,4,13392904,347
287.04,1547474326,2653.79,51.482031,7.435432,151.38,10.25,-0.73,96.69,1,-77,-7,9,15,45,4,13392904,347
288.04,1547474327,2664.04,51.482022,7.435597,152.14,10.71,0.45,95.60,1,-77,-7,9,15,45,4,13392904,347
289.04,1547474328,2674.75,51.482011,7.435772,152.58,10.87,0.16,96.34,1,-84,-8,14,10,43,4,13392904,347
290.04,1547474329,2685.61,51.481996,7.435923,152.91,10.60,-0.27,97.15,1,-84,-8,14,10,43,4,13392904,347
291.04,1547474330,2696.24,51.481985,7.436072,152.99,9.75,-0.85,97.13,1,-85,-10,8,11,42,4,13392904,347
292.04,1547474331,2705.97,51.481975,7.436219,153.14,10.58,0.83,97.90,1,-85,-10,8,11,42,4,13392904,347
293.04,1547474332,2716.57,51.481964,7.436357,153.19,9.61,-0.97,97.50,1,-89,-10,9,10,39,4,13392904,347
294.04,1547474333,2726.19,51.481955,7.436514,153.38,9.97,0.36,98.13,1,-89,-10,9,10,39,4,13392904,347
295.04,1547474334,2736.15,51.481946,7.436650,153.76,9.19,-0.79,97.38,1,-90,-9,14,11,36,4,13392904,347
296.04,1547474335,2745.34,51.481934,7.436788,154.19,9.55,0.36,96.26,1,-90,-9,14,11,36,4,13392904,347
297.05,1547474336,2754.96,51.481923,7.436917,154.18,9.91,0.37,95.69,1,-92,-9,8,10,35,4,13392904,347
298.04,1547474337,2764.79,51.481913,7.437062,154.01,10.74,0.83,94.96,1,-92,-9,8,10,35,4,13392904,347
299.04,1547474338,2775.53,51.481902,7.437226,153.70,11.10,0.36,95.29,1,-92,-9,8,10,35,4,13392904,347
300.04,1547474339,2786.63,51.481886,7.437393,153.12,11.29,0.19,98.28,1,-92,-11,8,9,37,4,13392904,347
301.04,1547474340,2797.89,51.481867,7.437544,152.64,10.61,-0.69,100.57,1,-92,-11,8,9,37,4,13392904,347
302.04,1547474341,2808.51,51.481852,7.437666,152.21,9.60,-1.01,100.93,1,-90,-9,6,10,37,4,13392904,347
303.04,1547474342,2818.13,51.481843,7.437779,152.03,7.37,-2.22,98.13,1,-90,-9,6,10,37,4,13392904,347
304.04,1547474343,2825.49,51.481827,7.437874,151.56,5.20,-2.17,97.35,1,-93,-10,12,8,32,4,13392904,347
305.04,1547474344,2830.69,51.481823,7.437943,151.56,3.75,-1.45,95.42,1,-93,-10,12,8,32,4,13392904,347
306.04,1547474345,2834.45,51.481826,7.437997,151.49,4.41,0.66,99.25,1,-97,-11,7,9,32,4,13392904,347
307.04,1547474346,2838.86,51.481826,7.438062,152.17,4.13,-0.28,98.23,1,-97,-11,7,9,32,4,13392904,347
308.04,1547474347,2842.98,51.481826,7.438124,152.19,2.49,-1.64,83.73,1,-99,-12,5,7,33,4,13392904,347
309.04,1547474348,2845.47,51.481828,7.438159,152.23,1.46,-1.03,85.59,1,-99,-12,5,7,33,4,13392904,347
310.04,1547474349,2846.93,51.481815,7.438251,152.20,1.94,0.48,118.26,1,-101,-14,2,8,34,4,13392904,347
311.05,1547474350,2848.88,51.481799,7.438314,152.26,3.28,1.34,117.50,1,-101,-14,2,8,34,4,13392904,347
312.04,1547474351,2852.15,51.481790,7.438397,152.30,3.98,0.70,97.62,1,-98,-12,1,7,30,4,13392904,347
313.04,1547474352,2856.13,51.481783,7.438470,152.34,3.97,-0.02,96.40,1,-98,-12,1,7,30,4,13392904,347
314.04,1547474353,2860.09,51.481780,7.438532,152.40,2.65,-1.32,96.00,1,-93,-5,0,9,31,10,12973569,333
315.04,1547474354,2862.75,51.481781,7.438569,152.47,2.50,-0.15,96.88,1,-93,-5,0,9,31,10,12973569,333
316.04,1547474355,2865.25,51.481778,7.438638,152.56,3.98,1.48,95.67,1,-95,-10,8,8,36,10,12973569,333
317.04,1547474356,2869.22,51.481784,7.438682,152.65,3.31,-0.67,81.79,1,-95,-10,8,8,36,10,12973569,333
318.05,1547474357,2872.56,51.481781,7.438741,153.53,5.21,1.89,100.37,1,-92,-7,13,10,36,10,12973569,333
319.04,1547474358,2877.72,51.481775,7.438827,154.31,6.56,1.36,99.51,1,-92,-7,13,10,36,10,12973569,333
320.04,1547474359,2884.28,51.481770,7.438916,154.93,8.12,1.56,98.21,1,-92,-7,13,10,36,10,12973569,333
321.04,1547474360,2892.38,51.481762,7.439037,155.10,9.34,1.22,97.24,1,-88,-7,16,12,37,10,12973569,333
322.04,1547474361,2901.74,51.481757,7.439166,155.08,8.84,-0.50,96.57,1,-88,-7,16,12,37,10,12973569,333
323.04,1547474362,2910.58,51.481752,7.439289,154.99,9.23,0.40,95.95,1,-88,-12,10,8,44,10,12973569,333
324.04,1547474363,2919.84,51.481752,7.439428,155.05,10.05,0.82,94.96,1,-88,-12,10,8,44,10,12973569,333
325.04,1547474364,2929.89,51.481751,7.439570,155.20,9.34,-0.72,95.69,1,-91,-7,17,10,35,10,12973569,333
326.04,1547474365,2939.22,51.481744,7.439710,155.51,9.13,-0.21,96.38,1,-91,-7,17,10,35,10,12973569,333
327.04,1547474366,2948.34,51.481736,7.439852,155.85,9.64,0.51,95.86,1,-89,-6,10,9,38,10,12973569,333
328.04,1547474367,2957.97,51.481727,7.439990,156.10,9.18,-0.46,95.47,1,-89,-6,10,9,38,10,12973569,333
329.04,1547474368,2967.15,51.481722,7.440116,156.63,8.59,-0.58,95.39,1,-92,-10,19,11,38,10,12973569,333
330.04,1547474369,2975.75,51.481717,7.440232,156.91,7.87,-0.72,96.01,1,-92,-10,19,11,38,10,12973569,333
331.04,1547474370,2983.62,51.481715,7.440340,157.38,7.65,-0.23,96.56,1,-88,-7,17,10,38,10,12973569,333
332.04,1547474371,2991.27,51.481712,7.440447,158.11,7.33,-0.31,96.26,1,-88,-7,17,10,38,10,12973569,333
333.04,1547474372,2998.61,51.481707,7.440551,158.51,7.06,-0.27,96.14,1,-92,-9,15,9,37,10,12973569,333
334.04,1547474373,3005.67,51.481700,7.440655,158.48,6.44,-0.63,96.68,1,-92,-9,15,9,37,10,12973569,333
335.04,1547474374,3012.09,51.481695,7.440731,158.42,5.41,-1.03,96.26,1,-86,-7,14,9,40,10,12973569,333
336.04,1547474375,3017.49,51.481690,7.440797,158.33,4.55,-0.86,96.67,1,-86,-7,14,9,40,10,12973569,333
337.04,1547474376,3022.05,51.481679,7.440849,158.29,3.45,-1.10,97.64,1,-93,-8,7,11,35,10,12973569,333
338.04,1547474377,3025.50,51.481678,7.440905,158.29,2.06,-1.39,99.80,1,-93,-8,7,11,35,10,12973569,333
339.05,1547474378,3027.59,51.481678,7.440928,158.31,1.05,-1.00,99.80,1,-96,-7,11,9,31,10,12973569,333
340.04,1547474379,3028.63,51.481678,7.440928,158.31,0.00,-1.06,99.80,1,-96,-7,11,9,31,10,12973569,333
341.05,1547474380,3028.63,51.481678,7.440928,158.31,0.00,0.00,99.80,1,-96,-7,11,9,31,10,12973569,333
342.04,1547474381,3028.63,51.481678,7.440928,158.31,0.00,0.00,99.80,1,-92,-6,16,10,35,10,12973569,333
343.04,1547474382,3028.63,51.481678,7.440928,158.30,0.00,0.00,99.80,1,-92,-6,16,10,35,10,12973569,333
344.04,1547474383,3028.63,51.481678,7.440928,158.29,0.00,0.00,99.80,1,-93,-7,12,7,35,10,12973569,333
345.04,1547474384,3028.63,51.481678,7.440928,158.28,0.00,0.00,99.80,1,-93,-7,12,7,35,10,12973569,333
346.04,1547474385,3028.63,51.481678,7.440928,158.27,0.00,0.00,99.80,1,-93,-9,10,11,37,10,12973569,333
347.04,1547474386,3028.63,51.481678,7.440928,158.25,0.00,0.00,99.80,1,-93,-9,10,11,37,10,12973569,333
348.04,1547474387,3028.63,51.481678,7.440928,158.24,0.00,0.00,99.80,1,-94,-7,14,9,36,10,12973569,333
349.04,1547474388,3028.63,51.481678,7.440928,158.22,0.00,0.00,99.80,1,-94,-7,14,9,36,10,12973569,333
350.04,1547474389,3028.63,51.481678,7.440928,158.20,0.00,0.00,99.80,1,-93,-5,19,10,33,10,12973569,333
351.05,1547474390,3028.63,51.481678,7.440928,158.19,0.00,0.00,99.80,1,-93,-5,19,10,33,10,12973569,333
352.04,1547474391,3028.63,51.481678,7.440928,158.17,0.00,0.00,99.80,1,-93,-7,13,9,35,10,12973569,333
353.04,1547474392,3028.63,51.481678,7.440928,158.15,0.00,0.00,99.80,1,-93,-7,13,9,35,10,12973569,333
354.04,1547474393,3028.63,51.481678,7.440928,158.14,0.00,0.00,99.80,1,-92,-6,12,9,35,10,12973569,333
355.04,1547474394,3028.63,51.481678,7.440928,158.01,0.00,0.00,99.80,1,-92,-6,12,9,35,10,12973569,333
356.04,1547474395,3028.63,51.481678,7.440928,157.91,0.00,0.00,95.09,1,-93,-9,12,11,38,10,12973569,333
357.04,1547474396,3028.63,51.481678,7.440928,157.14,0.00,0.00,95.79,1,-93,-9,12,11,38,10,12973569,333
358.04,1547474397,3028.63,51.481662,7.441085,157.00,5.01,0.00,96.98,1,-92,-6,13,11,35,10,12973569,333
359.04,1547474398,3033.64,51.481656,7.441155,157.09,5.21,0.20,97.36,1,-92,-6,13,11,35,10,12973569,333
360.05,1547474399,3038.90,51.481629,7.441248,157.21,7.47,2.23,113.14,1,-90,-6,15,11,36,10,12973569,333
361.04,1547474400,3046.32,51.481607,7.441330,157.22,6.52,-0.96,113.94,1,-90,-6,15,11,36,10,12973569,333
362.04,1547474401,3052.83,51.481580,7.441423,157.32,7.15,0.64,114.28,1,-90,-6,15,11,36,10,12973569,333
363.04,1547474402,3059.98,51.481553,7.441512,157.85,8.51,1.36,115.95,1,-89,-6,15,11,37,10,12973569,333
364.04,1547474403,3068.50,51.481523,7.441613,158.55,9.08,0.57,119.00,1,-89,-6,15,11,37,10,12973569,333
365.04,1547474404,3077.56,51.481483,7.441729,159.26,9.14,0.06,121.04,1,-88,-7,17,11,39,10,12973569,333
366.04,1547474405,3086.69,51.481434,7.441854,159.73,9.79,0.65,122.46,1,-88,-7,17,11,39,10,12973569,333
367.04,1547474406,3096.50,51.481365,7.441986,159.73,12.41,2.61,125.48,1,-88,-11,17,13,43,10,12973569,333
368.04,1547474407,3108.94,51.481281,7.442098,159.73,9.94,-2.47,140.15,1,-88,-11,17,13,43,10,12973569,333
369.04,1547474408,3118.89,51.481203,7.442203,159.50,10.87,0.93,138.27,1,-89,-11,17,10,42,10,12973569,333
370.04,1547474409,3129.76,51.481124,7.442314,159.58,10.34,-0.54,137.48,1,-89,-11,17,10,42,10,12973569,333
371.04,1547474410,3140.09,51.481059,7.442408,159.58,10.61,0.27,137.02,1,-92,-7,14,11,36,10,12973569,333
372.04,1547474411,3150.71,51.480984,7.442527,159.78,10.91,0.30,135.93,1,-92,-7,14,11,36,10,12973569,333
373.04,1547474412,3161.62,51.480923,7.442624,159.81,10.18,-0.73,134.99,1,-87,-6,15,12,38,10,12973569,333
374.04,1547474413,3171.79,51.480864,7.442719,159.90,9.85,-0.32,133.85,1,-87,-6,15,12,38,10,12973569,333
375.04,1547474414,3181.64,51.480795,7.442833,160.09,9.50,-0.36,133.18,1,-88,-6,21,11,38,10,12973569,333
376.04,1547474415,3191.13,51.480727,7.442936,160.31,9.30,-0.20,134.13,1,-88,-6,21,11,38,10,12973569,333
377.04,1547474416,3200.43,51.480673,7.443010,160.15,9.21,-0.09,137.23,1,-84,-5,21,12,44,10,12973569,333
378.04,1547474417,3209.64,51.480599,7.443068,160.15,8.96,-0.25,153.58,1,-84,-5,21,12,44,10,12973569,333
379.04,1547474418,3218.61,51.480537,7.443105,160.16,8.64,-0.33,157.58,1,-85,-6,18,15,44,10,12973569,333
380.04,1547474419,3227.22,51.480471,7.443105,160.41,9.31,0.67,178.00,1,-85,-6,18,15,44,10,12973569,333
381.04,1547474420,3236.53,51.480386,7.443112,160.33,9.80,0.50,178.43,1,-82,-10,31,15,48,10,12973569,333
382.04,1547474421,3246.34,51.480300,7.443119,159.94,10.01,0.21,175.97,1,-82,-10,31,15,48,10,12973569,333
383.05,1547474422,3256.41,51.480207,7.443179,159.76,11.00,0.98,156.45,1,-79,-6,21,15,44,10,12973569,333
384.04,1547474423,3267.37,51.480119,7.443243,159.94,11.53,0.54,155.06,1,-79,-6,21,15,44,10,12973569,333
385.04,1547474424,3278.93,51.480019,7.443315,159.91,11.12,-0.42,153.90,1,-79,-6,21,15,44,10,12973569,333
386.04,1547474425,3290.03,51.479925,7.443392,159.73,11.33,0.21,153.16,1,-84,-6,17,12,42,10,12973569,333
387.04,1547474426,3301.36,51.479834,7.443473,159.72,11.91,0.58,152.48,1,-84,-6,17,12,42,10,12973569,333
388.04,1547474427,3313.27,51.479735,7.443559,159.68,11.98,0.07,152.15,1,-85,-6,22,11,41,10,12973569,333
389.04,1547474428,3325.25,51.479631,7.443648,159.42,12.41,0.43,152.10,1,-85,-6,22,11,41,10,12973569,333
390.04,1547474429,3337.66,51.479533,7.443734,159.46,12.72,0.30,151.63,1,-81,-6,22,12,45,10,12973569,333
391.04,1547474430,3350.35,51.479433,7.443824,159.47,12.73,0.01,151.47,1,-81,-6,22,12,45,10,12973569,333
392.04,1547474431,3363.05,51.479329,7.443917,159.74,12.73,0.00,151.39,1,-80,-6,33,12,47,10,12973569,333
393.04,1547474432,3375.82,51.479228,7.444007,159.79,13.24,0.51,150.82,1,-80,-6,33,12,47,10,12973569,333
394.04,1547474433,3389.07,51.479124,7.444102,159.87,13.34,0.10,151.19,1,-77,-6,22,12,48,10,12973569,333
395.04,1547474434,3402.40,51.479018,7.444196,160.01,13.38,0.04,151.48,1,-77,-6,22,12,48,10,12973569,333
396.04,1547474435,3415.80,51.478909,7.444287,159.98,13.82,0.44,151.76,1,-74,-6,25,15,52,10,12973569,333
397.04,1547474436,3429.62,51.478800,7.444376,159.78,13.83,0.01,151.77,1,-74,-6,25,15,52,10,12973569,333
398.04,1547474437,3443.44,51.478690,7.444468,159.56,13.90,0.07,151.81,1,-74,-6,25,15,53,10,12973569,333
399.04,1547474438,3457.36,51.478582,7.444561,159.41,14.02,0.12,151.53,1,-74,-6,25,15,53,10,12973569,333
400.04,1547474439,3471.37,51.478469,7.444662,159.50,13.90,-0.12,151.50,1,-75,-7,26,15,51,10,12973569,333
401.04,1547474440,3485.27,51.478353,7.444762,159.67,14.19,0.29,151.33,1,-75,-7,26,15,51,10,12973569,333
402.04,1547474441,3499.41,51.478245,7.444854,159.65,14.54,0.35,151.33,1,-71,-8,27,12,59,10,12973569,333
403.04,1547474442,3513.96,51.478132,7.444952,159.64,14.50,-0.04,151.13,1,-71,-8,27,12,59,10,12973569,333
404.05,1547474443,3528.65,51.478013,7.445058,159.88,14.39,-0.11,150.98,1,-70,-9,22,12,57,10,12973569,333
405.04,1547474444,3542.92,51.477894,7.445161,160.11,14.50,0.11,151.24,1,-70,-9,22,12,57,10,12973569,333
406.04,1547474445,3557.42,51.477774,7.445270,160.51,14.75,0.25,151.30,1,-70,-9,22,12,57,10,12973569,333
407.04,1547474446,3572.13,51.477654,7.445376,160.83,14.75,0.00,151.13,1,-63,-8,30,13,63,10,12973569,333
408.04,1547474447,3586.88,51.477538,7.445479,161.07,14.73,-0.02,151.18,1,-63,-8,30,13,63,10,12973569,333
409.04,1547474448,3601.61,51.477441,7.445567,160.98,14.91,0.19,151.61,1,-65,-7,27,15,63,10,12973569,333
410.04,1547474449,3616.51,51.477317,7.445674,160.89,14.89,-0.03,151.52,1,-65,-7,27,15,63,10,12973569,333
411.04,1547474450,3631.36,51.477192,7.445783,160.81,14.71,-0.18,151.57,1,-70,-7,8,14,58,10,12973569,333
412.04,1547474451,3646.07,51.477081,7.445880,160.75,14.64,-0.07,151.46,1,-70,-7,8,14,58,10,12973569,333
413.04,1547474452,3660.71,51.476967,7.445980,160.67,14.64,-0.00,151.48,1,-72,-13,13,11,62,10,12973569,333
414.04,1547474453,3675.38,51.476848,7.446081,160.46,14.40,-0.23,151.65,1,-72,-13,13,11,62,10,12973569,333
415.04,1547474454,3689.83,51.476734,7.446179,160.20,14.14,-0.26,151.58,1,-75,-13,6,9,59,10,12973569,333
416.04,1547474455,3703.97,51.476628,7.446264,160.33,13.88,-0.26,152.17,1,-75,-13,6,9,59,10,12973569,333
417.04,1547474456,3717.81,51.476507,7.446371,160.29,13.98,0.09,152.06,1,-74,-14,5,11,60,3,12973570,334
418.04,1547474457,3731.80,51.476400,7.446462,160.15,14.19,0.22,152.31,1,-74,-14,5,11,60,3,12973570,334
419.04,1547474458,3745.99,51.476287,7.446558,159.90,13.96,-0.23,152.13,1,-65,-8,19,15,63,3,12973570,334
420.04,1547474459,3759.95,51.476178,7.446648,159.57,13.97,0.01,152.05,1,-65,-8,19,15,63,3,12973570,334
421.05,1547474460,3773.99,51.476067,7.446746,159.38,13.59,-0.38,151.97,1,-63,-6,27,11,63,3,12973570,334
422.04,1547474461,3787.50,51.475970,7.446828,159.10,12.84,-0.75,151.52,1,-63,-6,27,11,63,3,12973570,334
423.04,1547474462,3800.36,51.475875,7.446910,158.90,12.12,-0.72,151.43,1,-73,-10,23,15,56,3,12973570,334
424.04,1547474463,3812.49,51.475786,7.446986,159.02,12.32,0.19,151.52,1,-73,-10,23,15,56,3,12973570,334
425.05,1547474464,3824.90,51.475677,7.447078,159.01,12.73,0.41,151.94,1,-66,-11,21,12,63,3,12973570,334
426.04,1547474465,3837.53,51.475574,7.447166,158.92,12.91,0.18,151.55,1,-66,-11,21,12,63,3,12973570,334
427.04,1547474466,3850.44,51.475474,7.447252,158.80,12.45,-0.46,150.71,1,-66,-11,21,12,63,3,12973570,334
428.04,1547474467,3862.87,51.475375,7.447343,158.69,12.53,0.08,149.73,1,-75,-7,22,12,52,3,12973570,334
429.04,1547474468,3875.41,51.475277,7.447433,158.67,12.47,-0.07,149.01,1,-75,-7,22,12,52,3,12973570,334
430.04,1547474469,3887.89,51.475191,7.447524,158.92,12.42,-0.05,148.26,1,-72,-8,24,12,59,3,12973570,334
431.04,1547474470,3900.29,51.475101,7.447623,159.23,12.41,-0.01,147.20,1,-72,-8,24,12,59,3,12973570,334
432.04,1547474471,3912.70,51.475012,7.447722,159.55,12.13,-0.28,146.14,1,-77,-9,13,8,54,3,12973570,334
433.04,1547474472,3924.83,51.474927,7.447822,159.84,11.61,-0.52,144.80,1,-77,-9,13,8,54,3,12973570,334
434.04,1547474473,3936.44,51.474843,7.447925,160.00,11.31,-0.30,143.83,1,-81,-7,21,12,46,3,12973570,334
435.04,1547474474,3947.74,51.474764,7.448025,160.09,10.81,-0.49,143.01,1,-81,-7,21,12,46,3,12973570,334
436.04,1547474475,3958.56,51.474691,7.448121,160.13,10.01,-0.80,142.62,1,-81,-6,29,11,44,3,12973570,334
437.04,1547474476,3968.58,51.474628,7.448204,160.16,8.53,-1.48,141.94,1,-81,-6,29,11,44,3,12973570,334
438.04,1547474477,3977.09,51.474572,7.448278,160.21,7.21,-1.31,142.47,1,-85,-7,21,10,43,3,12973570,334
439.04,1547474478,3984.31,51.474529,7.448336,160.28,5.45,-1.76,141.74,1,-85,-7,21,10,43,3,12973570,334
440.04,1547474479,3989.75,51.474505,7.448368,160.30,2.15,-3.32,140.80,1,-82,-7,11,11,46,3,12973570,334
441.04,1547474480,3991.90,51.474503,7.448373,160.35,0.59,-1.55,140.80,1,-82,-7,11,11,46,3,12973570,334
442.04,1547474481,3992.48,51.474503,7.448373,160.35,0.00,-0.59,140.80,1,-84,-10,13,10,43,3,12973570,334
443.04,1547474482,3992.48,51.474503,7.448373,160.36,0.00,0.00,140.80,1,-84,-10,13,10,43,3,12973570,334
444.04,1547474483,3992.48,51.474503,7.448373,160.36,0.00,0.00,140.80,1,-83,-7,12,11,45,3,12973570,334
445.04,1547474484,3992.48,51.474503,7.448373,160.37,0.00,0.00,140.80,1,-83,-7,12,11,45,3,12973570,334
446.05,1547474485,3992.48,51.474503,7.448373,160.37,0.00,0.00,140.80,1,-84,-10,11,11,46,3,12973570,334
447.04,1547474486,3992.48,51.474503,7.448373,160.37,0.00,0.00,140.80,1,-84,-10,11,11,46,3,12973570,334
448.04,1547474487,3992.48,51.474503,7.448373,160.37,0.00,0.00,140.80,1,-84,-10,11,11,46,3,12973570,334
449.04,1547474488,3992.48,51.474503,7.448373,160.37,0.00,0.00,140.80,1,-84,-6,22,12,41,3,12973570,334
450.04,1547474489,3992.48,51.474503,7.448373,160.37,0.00,0.00,140.80,1,-84,-6,22,12,41,3,12973570,334
451.04,1547474490,3992.48,51.474503,7.448373,160.37,0.00,0.00,140.80,1,-85,-6,10,12,42,3,12973570,334
452.04,1547474491,3992.48,51.474503,7.448373,160.37,0.00,0.00,140.80,1,-85,-6,10,12,42,3,12973570,334
453.04,1547474492,3992.48,51.474503,7.448373,160.36,0.00,0.00,140.80,1,-85,-9,18,12,45,3,12973570,334
454.04,1547474493,3992.48,51.474503,7.448373,160.36,0.00,0.00,140.80,1,-85,-9,18,12,45,3,12973570,334
455.04,1547474494,3992.48,51.474503,7.448373,160.36,0.00,0.00,140.80,1,-83,-6,16,12,42,3,12973570,334
456.04,1547474495,3992.48,51.474503,7.448373,160.36,0.00,0.00,140.80,1,-83,-6,16,12,42,3,12973570,334
457.04,1547474496,3992.48,51.474503,7.448373,160.35,0.00,0.00,140.80,1,-84,-7,19,11,43,3,12973570,334
458.04,1547474497,3992.48,51.474503,7.448373,160.35,0.00,0.00,140.80,1,-84,-7,19,11,43,3,12973570,334
459.04,1547474498,3992.48,51.474503,7.448373,160.35,0.00,0.00,140.80,1,-85,-6,13,12,41,3,12973570,334
460.04,1547474499,3992.48,51.474503,7.448373,160.34,0.00,0.00,140.80,1,-85,-6,13,12,41,3,12973570,334
461.04,1547474500,3992.48,51.474503,7.448373,160.34,0.00,0.00,140.80,1,-85,-6,27,12,42,3,12973570,334
462.04,1547474501,3992.48,51.474503,7.448373,160.33,0.00,0.00,140.80,1,-85,-6,27,12,42,3,12973570,334
463.04,1547474502,3992.48,51.474503,7.448373,160.33,0.00,0.00,140.80,1,-84,-6,18,10,42,3,12973570,334
464.04,1547474503,3992.48,51.474503,7.448373,160.33,0.00,0.00,140.80,1,-84,-6,18,10,42,3,12973570,334
465.04,1547474504,3992.48,51.474503,7.448373,160.32,0.00,0.00,140.80,1,-83,-6,18,12,42,3,12973570,334
466.04,1547474505,3992.48,51.474503,7.448373,160.32,0.00,0.00,140.80,1,-83,-6,18,12,42,3,12973570,334
467.05,1547474506,3992.48,51.474503,7.448373,160.32,0.00,0.00,140.80,1,-85,-8,16,9,46,3,12973570,334
468.04,1547474507,3992.48,51.474503,7.448373,160.31,0.00,0.00,140.80,1,-85,-8,16,9,46,3,12973570,334
469.04,1547474508,3992.48,51.474503,7.448373,160.31,0.00,0.00,140.80,1,-85,-8,16,9,46,3,12973570,334
470.04,1547474509,3992.48,51.474503,7.448373,160.30,0.00,0.00,140.80,1,-83,-7,11,11,45,3,12973570,334
471.04,1547474510,3992.48,51.474503,7.448373,160.30,0.00,0.00,140.80,1,-83,-7,11,11,45,3,12973570,334
472.04,1547474511,3992.48,51.474503,7.448373,160.29,0.00,0.00,140.80,1,-83,-7,13,10,45,3,12973570,334
473.04,1547474512,3992.48,51.474503,7.448373,160.29,0.00,0.00,140.80,1,-83,-7,13,10,45,3,12973570,334
474.04,1547474513,3992.48,51.474503,7.448373,160.28,0.00,0.00,140.80,1,-85,-6,23,12,41,3,12973570,334
475.04,1547474514,3992.48,51.474503,7.448373,160.28,0.00,0.00,140.80,1,-85,-6,23,12,41,3,12973570,334
476.04,1547474515,3992.48,51.474503,7.448373,160.28,0.00,0.00,140.80,1,-85,-6,23,13,42,3,12973570,334
477.04,1547474516,3992.48,51.474503,7.448373,160.28,0.00,0.00,140.80,1,-85,-6,23,13,42,3,12973570,334
478.04,1547474517,3992.48,51.474503,7.448373,160.31,0.00,0.00,141.18,1,-81,-7,27,15,46,3,12973570,334
479.04,1547474518,3992.48,51.474468,7.448414,160.35,0.00,0.00,142.98,1,-81,-7,27,15,46,3,12973570,334
480.04,1547474519,3992.48,51.474437,7.448454,160.42,3.69,0.00,141.43,1,-80,-8,14,11,47,3,12973570,334
481.04,1547474520,3996.16,51.474401,7.448499,161.06,5.67,1.98,140.88,1,-80,-8,14,11,47,3,12973570,334
482.04,1547474521,4001.81,51.474365,7.448545,161.38,6.03,0.37,140.46,1,-84,-11,15,11,48,3,12973570,334
483.04,1547474522,4007.88,51.474316,7.448610,161.80,7.01,0.97,139.99,1,-84,-11,15,11,48,3,12973570,334
484.04,1547474523,4014.88,51.474270,7.448672,161.88,8.08,1.07,139.31,1,-85,-6,14,9,41,3,12973570,334
485.04,1547474524,4022.96,51.474213,7.448747,161.77,9.64,1.56,139.29,1,-85,-6,14,9,41,3,12973570,334
486.04,1547474525,4032.60,51.474141,7.448847,161.69,10.88,1.24,138.67,1,-84,-7,11,11,44,3,12973570,334
487.04,1547474526,4043.47,51.474064,7.448954,161.72,11.37,0.49,138.48,1,-84,-7,11,11,44,3,12973570,334
488.05,1547474527,4054.94,51.473983,7.449073,162.03,11.68,0.30,138.13,1,-85,-7,12,10,45,3,12973570,334
489.04,1547474528,4066.52,51.473899,7.449200,162.53,12.45,0.78,137.59,1,-85,-7,12,10,45,3,12973570,334
490.04,1547474529,4078.97,51.473808,7.449339,163.13,13.51,1.05,136.72,1,-85,-7,12,10,45,3,12973570,334
491.04,1547474530,4092.49,51.473715,7.449488,163.50,14.55,1.04,135.28,1,-84,-8,7,7,44,3,12973570,334
492.04,1547474531,4106.99,51.473620,7.449650,163.84,15.25,0.71,133.92,1,-84,-8,7,7,44,3,12973570,334
493.04,1547474532,4122.26,51.473528,7.449818,164.20,15.26,0.00,132.72,1,-87,-13,6,7,45,3,12973570,334
494.04,1547474533,4137.50,51.473445,7.449978,164.30,14.90,-0.36,131.19,1,-87,-13,6,7,45,3,12973570,334
495.04,1547474534,4152.47,51.473370,7.450139,164.36,14.13,-0.76,129.30,1,-78,-7,6,11,47,8,13394179,495
496.04,1547474535,4166.59,51.473304,7.450296,164.41,12.50,-1.63,127.70,1,-78,-7,6,11,47,8,13394179,495
497.04,1547474536,4179.07,51.473243,7.450443,164.31,12.47,-0.04,126.37,1,-81,-7,10,10,45,8,13394179,495
498.04,1547474537,4191.55,51.473178,7.450598,164.25,13.60,1.13,127.18,1,-81,-7,10,10,45,8,13394179,495
499.04,1547474538,4205.15,51.473111,7.450763,164.02,14.25,0.65,125.24,1,-79,-6,13,8,45,8,13394179,495
500.04,1547474539,4219.35,51.473043,7.450949,163.79,14.80,0.55,123.15,1,-79,-6,13,8,45,8,13394179,495
501.04,1547474540,4234.23,51.472982,7.451139,163.65,15.41,0.61,121.23,1,-78,-6,13,11,48,8,13394179,495
502.04,1547474541,4249.55,51.472911,7.451360,163.36,16.07,0.67,118.97,1,-78,-6,13,11,48,8,13394179,495
503.04,1547474542,4265.69,51.472853,7.451571,163.15,16.29,0.21,116.86,1,-81,-8,14,13,46,8,13394179,495
504.04,1547474543,4281.96,51.472796,7.451799,162.79,16.58,0.30,114.81,1,-81,-8,14,13,46,8,13394179,495
505.04,1547474544,4298.56,51.472746,7.452030,162.51,17.00,0.41,112.55,1,-81,-6,13,11,45,8,13394179,495
506.04,1547474545,4315.54,51.472702,7.452252,162.23,17.27,0.28,110.63,1,-81,-6,13,11,45,8,13394179,495
507.04,1547474546,4332.81,51.472662,7.452486,162.06,17.29,0.02,108.74,1,-75,-6,22,15,52,8,13394179,495
508.04,1547474547,4350.09,51.472623,7.452737,161.99,17.27,-0.03,107.51,1,-75,-6,22,15,52,8,13394179,495
509.05,1547474548,4367.49,51.472585,7.452982,162.16,16.92,-0.34,106.45,1,-77,-6,19,11,49,8,13394179,495
510.04,1547474549,4384.28,51.472546,7.453224,162.25,16.70,-0.23,105.63,1,-77,-6,19,11,49,8,13394179,495
511.06,1547474550,4401.31,51.472513,7.453468,162.56,16.45,-0.24,104.92,1,-77,-6,22,15,49,8,13394179,495
512.04,1547474551,4417.39,51.472480,7.453707,162.95,16.65,0.21,104.45,1,-77,-6,22,15,49,8,13394179,495
513.04,1547474552,4434.08,51.472449,7.453939,163.23,16.58,-0.07,103.96,1,-77,-6,22,15,49,8,13394179,495
514.04,1547474553,4450.67,51.472415,7.454171,163.23,16.71,0.13,104.73,1,-84,-7,17,9,43,8,13394179,495
515.04,1547474554,4467.40,51.472378,7.454407,163.29,17.05,0.34,105.41,1,-84,-7,17,9,43,8,13394179,495
516.04,1547474555,4484.45,51.472339,7.454631,163.29,17.57,0.51,106.22,1,-80,-5,14,12,46,8,13394179,495
517.04,1547474556,4502.02,51.472299,7.454868,163.12,17.30,-0.27,106.91,1,-80,-5,14,12,46,8,13394179,495
518.04,1547474557,4519.30,51.472252,7.455104,163.07,17.32,0.02,108.11,1,-86,-6,18,10,40,8,13394179,495
519.04,1547474558,4536.64,51.472207,7.455330,163.12,17.33,0.01,109.02,1,-86,-6,18,10,40,8,13394179,495
520.04,1547474559,4553.98,51.472150,7.455570,163.00,17.32,-0.01,110.10,1,-83,-6,30,15,43,8,13394179,495
521.04,1547474560,4571.28,51.472097,7.455806,162.50,17.13,-0.19,111.05,1,-83,-6,30,15,43,8,13394179,495
522.04,1547474561,4588.43,51.472037,7.456038,161.83,17.05,-0.08,111.96,1,-91,-7,8,9,37,8,13394179,495
523.04,1547474562,4605.48,51.471982,7.456258,161.08,16.98,-0.07,112.77,1,-91,-7,8,9,37,8,13394179,495
524.04,1547474563,4622.49,51.471925,7.456470,160.46,16.69,-0.28,113.44,1,-89,-8,5,11,40,8,13394179,495
525.04,1547474564,4639.17,51.471859,7.456695,159.92,16.55,-0.14,114.04,1,-89,-8,5,11,40,8,13394179,495
526.04,1547474565,4655.72,51.471796,7.456909,159.22,16.47,-0.08,114.42,1,-90,-9,15,8,40,5,13394177,495
527.04,1547474566,4672.19,51.471730,7.457116,158.61,16.38,-0.09,115.26,1,-90,-9,15,8,40,5,13394177,495
528.04,1547474567,4688.55,51.471663,7.457324,158.04,16.23,-0.15,116.00,1,-85,-7,16,14,42,5,13394177,497
529.04,1547474568,4704.77,51.471595,7.457523,157.55,15.96,-0.27,116.83,1,-85,-7,16,14,42,5,13394177,497
530.04,1547474569,4720.73,51.471528,7.457723,157.12,15.55,-0.41,117.22,1,-85,-7,24,11,42,5,13394177,497
531.04,1547474570,4736.25,51.471462,7.457920,156.79,15.13,-0.43,117.04,1,-85,-7,24,11,42,5,13394177,497
532.04,1547474571,4751.44,51.471397,7.458118,156.61,14.85,-0.27,116.27,1,-82,-10,15,12,47,5,13394177,497
533.04,1547474572,4766.24,51.471340,7.458302,156.44,14.11,-0.74,115.58,1,-82,-10,15,12,47,5,13394177,497
534.04,1547474573,4780.40,51.471287,7.458473,156.14,13.50,-0.61,115.66,1,-82,-10,15,12,47,5,13394177,497
535.04,1547474574,4793.90,51.471238,7.458631,155.73,11.52,-1.98,115.34,1,-82,-6,17,15,43,5,13394177,497
536.04,1547474575,4805.43,51.471196,7.458776,155.64,10.12,-1.40,115.20,1,-82,-6,17,15,43,5,13394177,497
537.04,1547474576,4815.54,51.471161,7.458903,155.68,9.29,-0.83,115.80,1,-84,-6,13,15,43,5,13394177,497
538.04,1547474577,4824.83,51.471126,7.459018,155.71,8.71,-0.58,116.60,1,-84,-6,13,15,43,5,13394177,497
539.04,1547474578,4833.53,51.471093,7.459125,155.63,7.65,-1.06,116.31,1,-81,-7,22,15,44,5,13394177,497
540.04,1547474579,4841.18,51.471070,7.459198,155.31,5.63,-2.02,116.19,1,-81,-7,22,15,44,5,13394177,497
541.04,1547474580,4846.82,51.471049,7.459264,155.30,3.39,-2.24,116.48,1,-82,-7,21,15,44,5,13394177,497
542.04,1547474581,4850.20,51.471037,7.459300,155.28,2.03,-1.35,117.16,1,-82,-7,21,15,44,5,13394177,497
543.04,1547474582,4852.24,51.471031,7.459319,155.29,0.80,-1.23,117.16,1,-84,-6,19,14,42,5,13394177,497
544.04,1547474583,4853.04,51.471031,7.459319,155.29,0.00,-0.80,117.16,1,-84,-6,19,14,42,5,13394177,497
545.04,1547474584,4853.04,51.471031,7.459319,155.30,0.00,0.00,117.16,1,-81,-6,19,11,46,5,13394177,497
546.04,1547474585,4853.04,51.471031,7.459319,155.30,0.00,0.00,117.16,1,-81,-6,19,11,46,5,13394177,497
547.04,1547474586,4853.04,51.471031,7.459319,155.31,0.00,0.00,117.16,1,-80,-6,22,14,46,5,13394177,497
548.04,1547474587,4853.04,51.471031,7.459319,155.32,0.00,0.00,117.16,1,-80,-6,22,14,46,5,13394177,497
549.04,1547474588,4853.04,51.471031,7.459319,155.33,0.00,0.00,117.16,1,-81,-6,21,8,46,5,13394177,497
550.04,1547474589,4853.04,51.471031,7.459319,155.34,0.00,0.00,117.16,1,-81,-6,21,8,46,5,13394177,497
551.04,1547474590,4853.04,51.471031,7.459319,155.36,0.00,0.00,117.16,1,-81,-6,18,9,44,5,13394177,497
552.04,1547474591,4853.04,51.471031,7.459319,155.37,0.00,0.00,117.16,1,-81,-6,18,9,44,5,13394177,497
553.05,1547474592,4853.04,51.471031,7.459319,155.39,0.00,0.00,117.16,1,-81,-5,23,12,44,5,13394177,497
554.04,1547474593,4853.04,51.471031,7.459319,155.40,0.00,0.00,117.16,1,-81,-5,23,12,44,5,13394177,497
555.04,1547474594,4853.04,51.471031,7.459319,155.42,0.00,0.00,117.16,1,-81,-5,23,12,44,5,13394177,497
556.04,1547474595,4853.04,51.471031,7.459319,155.43,0.00,0.00,117.16,1,-82,-6,24,13,45,5,13394177,497
557.04,1547474596,4853.04,51.471031,7.459319,155.45,0.00,0.00,117.16,1,-82,-6,24,13,45,5,13394177,497
558.04,1547474597,4853.04,51.471031,7.459319,155.47,0.00,0.00,117.16,1,-82,-6,25,12,44,5,13394177,497
559.04,1547474598,4853.04,51.471031,7.459319,155.49,0.00,0.00,117.16,1,-82,-6,25,12,44,5,13394177,497
560.04,1547474599,4853.04,51.471031,7.459319,155.51,0.00,0.00,117.16,1,-81,-6,22,12,46,5,13394177,497
561.04,1547474600,4853.04,51.471031,7.459319,155.53,0.00,0.00,117.16,1,-81,-6,22,12,46,5,13394177,497
562.04,1547474601,4853.04,51.471031,7.459319,155.55,0.00,0.00,117.16,1,-82,-6,21,12,44,5,13394177,497
563.04,1547474602,4853.04,51.471031,7.459319,155.57,0.00,0.00,117.16,1,-82,-6,21,12,44,5,13394177,497
564.04,1547474603,4853.04,51.471031,7.459319,155.58,0.00,0.00,117.16,1,-84,-6,21,12,42,5,13394177,497
565.04,1547474604,4853.04,51.471031,7.459319,155.60,0.00,0.00,117.16,1,-84,-6,21,12,42,5,13394177,497
566.04,1547474605,4853.04,51.471031,7.459319,155.61,0.00,0.00,117.16,1,-84,-6,21,13,42,5,13394177,497
567.04,1547474606,4853.04,51.471031,7.459319,155.62,0.00,0.00,117.16,1,-84,-6,21,13,42,5,13394177,497
568.04,1547474607,4853.04,51.471031,7.459319,155.63,0.00,0.00,117.16,1,-85,-6,21,12,42,5,13394177,497
569.04,1547474608,4853.04,51.471031,7.459319,155.63,0.00,0.00,117.16,1,-85,-6,21,12,42,5,13394177,497
570.04,1547474609,4853.04,51.471031,7.459319,155.64,0.00,0.00,117.16,1,-84,-5,21,13,41,5,13394177,497
571.04,1547474610,4853.04,51.471031,7.459319,155.65,0.00,0.00,117.16,1,-84,-5,21,13,41,5,13394177,497
572.04,1547474611,4853.04,51.471031,7.459319,155.65,0.00,0.00,117.16,1,-84,-7,17,13,41,5,13394177,497
573.04,1547474612,4853.04,51.471031,7.459319,155.66,0.00,0.00,117.16,1,-84,-7,17,13,41,5,13394177,497
574.05,1547474613,4853.04,51.471031,7.459319,155.66,0.00,0.00,117.16,1,-84,-6,20,13,42,5,13394177,497
575.04,1547474614,4853.04,51.471031,7.459319,155.67,0.00,0.00,117.16,1,-84,-6,20,13,42,5,13394177,497
576.04,1547474615,4853.04,51.471031,7.459319,155.67,0.00,0.00,117.16,1,-84,-6,20,13,42,5,13394177,497
577.04,1547474616,4853.04,51.471031,7.459319,155.75,0.00,0.00,117.16,1,-84,-6,21,14,42,5,13394177,497
578.04,1547474617,4853.04,51.471031,7.459319,155.83,0.00,0.00,112.54,1,-84,-6,21,14,42,5,13394177,497
579.04,1547474618,4853.04,51.470999,7.459413,155.90,0.00,0.00,115.79,1,-83,-6,19,12,43,5,13394177,497
580.04,1547474619,4853.04,51.470984,7.459446,156.30,5.28,0.00,116.94,1,-83,-6,19,12,43,5,13394177,497
581.04,1547474620,4858.32,51.470955,7.459534,156.24,6.39,1.11,118.20,1,-83,-6,17,11,43,5,13394177,497
582.04,1547474621,4864.71,51.470923,7.459641,156.30,7.94,1.55,117.20,1,-83,-6,17,11,43,5,13394177,497
583.04,1547474622,4872.62,51.470888,7.459762,156.50,8.14,0.20,115.41,1,-82,-7,17,12,47,5,13394177,497
584.04,1547474623,4880.78,51.470861,7.459861,156.66,8.54,0.40,113.60,1,-82,-7,17,12,47,5,13394177,497
585.04,1547474624,4889.35,51.470831,7.459982,156.42,10.37,1.83,112.93,1,-84,-6,16,12,41,5,13394177,497
586.04,1547474625,4899.71,51.470791,7.460136,156.33,11.70,1.33,112.19,1,-84,-6,16,12,41,5,13394177,497
587.04,1547474626,4911.40,51.470749,7.460307,156.28,12.80,1.10,111.24,1,-86,-6,14,12,39,5,13394177,497
588.04,1547474627,4924.21,51.470700,7.460496,156.39,13.29,0.49,111.78,1,-86,-6,14,12,39,5,13394177,497
589.04,1547474628,4937.47,51.470655,7.460675,156.50,13.66,0.37,112.16,1,-86,-6,16,11,39,5,13394177,497
590.05,1547474629,4951.23,51.470608,7.460867,156.64,14.11,0.45,112.91,1,-86,-6,16,11,39,5,13394177,497
591.04,1547474630,4965.25,51.470557,7.461056,156.84,14.96,0.85,113.52,1,-86,-6,15,11,41,5,13394177,497
592.04,1547474631,4980.16,51.470505,7.461231,156.85,15.05,0.09,114.14,1,-86,-6,15,11,41,5,13394177,497
593.04,1547474632,4995.25,51.470442,7.461443,157.05,14.84,-0.20,114.57,1,-88,-7,14,9,38,5,13394177,497
594.04,1547474633,5010.10,51.470384,7.461639,157.56,14.76,-0.08,114.43,1,-88,-7,14,9,38,5,13394177,497
595.04,1547474634,5024.86,51.470329,7.461838,158.03,14.26,-0.50,114.98,1,-93,-7,8,10,34,5,13394177,497
596.04,1547474635,5039.11,51.470274,7.462030,158.68,14.18,-0.08,114.87,1,-93,-7,8,10,34,5,13394177,497
597.05,1547474636,5053.42,51.470220,7.462211,159.44,14.22,0.05,114.07,1,-94,-8,9,8,35,5,13394177,497
598.04,1547474637,5067.53,51.470164,7.462397,160.07,13.95,-0.28,114.44,1,-94,-8,9,8,35,5,13394177,497
599.04,1547474638,5081.46,51.470110,7.462582,160.55,13.77,-0.17,114.90,1,-94,-8,9,8,35,5,13394177,497
600.04,1547474639,5095.24,51.470055,7.462771,160.81,14.29,0.52,115.57,1,-95,-8,4,10,33,5,13394177,497
601.05,1547474640,5109.68,51.470011,7.462906,160.48,14.00,-0.29,116.07,1,-95,-8,4,10,33,5,13394177,497
602.04,1547474641,5123.51,51.469958,7.463093,160.37,13.53,-0.47,116.44,1,-94,-8,10,7,33,5,13394177,497
603.04,1547474642,5137.02,51.469902,7.463286,160.06,14.04,0.51,115.86,1,-94,-8,10,7,33,5,13394177,497
604.04,1547474643,5151.12,51.469847,7.463470,159.91,13.89,-0.14,114.57,1,-95,-10,5,9,34,5,13394177,497
605.04,1547474644,5165.01,51.469797,7.463653,159.68,13.67,-0.22,114.05,1,-95,-10,5,9,34,5,13394177,497
606.04,1547474645,5178.68,51.469749,7.463849,159.27,13.78,0.11,112.37,1,-97,-10,3,6,33,5,13394177,497
607.04,1547474646,5192.46,51.469699,7.464051,159.14,15.57,1.79,111.34,1,-97,-10,3,6,33,5,13394177,497
608.04,1547474647,5208.01,51.469651,7.464258,158.83,17.06,1.49,111.41,1,-88,-6,11,15,38,13,13393923,318
609.04,1547474648,5225.06,51.469606,7.464472,159.16,17.20,0.14,110.24,1,-88,-6,11,15,38,13,13393923,318
610.04,1547474649,5242.29,51.469556,7.464726,159.43,17.54,0.34,108.76,1,-90,-6,5,9,37,13,13393923,318
611.04,1547474650,5259.83,51.469509,7.464984,159.50,17.74,0.20,107.23,1,-90,-6,5,9,37,13,13393923,318
612.04,1547474651,5277.53,51.469474,7.465229,159.30,17.23,-0.51,104.63,1,-95,-8,8,9,33,13,13393923,318
613.04,1547474652,5294.78,51.469445,7.465464,159.16,16.89,-0.35,102.86,1,-95,-8,8,9,33,13,13393923,318
614.04,1547474653,5311.66,51.469419,7.465717,159.15,16.48,-0.41,100.80,1,-93,-8,25,9,34,13,13393923,318
615.04,1547474654,5328.13,51.469401,7.465968,159.35,16.77,0.29,98.27,1,-93,-8,25,9,34,13,13393923,318
616.04,1547474655,5344.90,51.469390,7.466212,159.48,17.98,1.21,96.34,1,-94,-7,16,10,35,13,13393923,318
617.04,1547474656,5362.90,51.469380,7.466484,159.47,17.64,-0.33,94.43,1,-94,-7,16,10,35,13,13393923,318
618.05,1547474657,5380.70,51.469378,7.466747,159.34,17.72,0.08,92.40,1,-100,-9,3,7,30,13,13393923,318
619.04,1547474658,5398.27,51.469384,7.467020,159.39,17.65,-0.08,90.44,1,-100,-9,3,7,30,13,13393923,318
620.06,1547474659,5416.30,51.469396,7.467284,159.52,17.38,-0.26,88.67,1,-97,-11,2,4,34,13,13393923,318
621.04,1547474660,5433.23,51.469413,7.467542,159.91,17.85,0.48,87.07,1,-97,-11,2,4,34,13,13393923,318
622.04,1547474661,5451.12,51.469435,7.467792,160.29,18.30,0.44,85.77,1,-97,-11,2,4,34,13,13393923,318
623.04,1547474662,5469.43,51.469459,7.468055,160.41,18.35,0.05,84.32,1,-100,-14,1,7,33,13,13393923,318
624.04,1547474663,5487.82,51.469487,7.468292,160.50,18.04,-0.30,83.13,1,-100,-14,1,7,33,13,13393923,318
625.04,1547474664,5505.86,51.469518,7.468519,160.66,17.58,-0.46,81.63,1,-102,-10,-2,8,27,13,13393923,318
626.04,1547474665,5523.44,51.469548,7.468754,160.77,17.80,0.22,80.71,1,-102,-10,-2,8,27,13,13393923,318
627.05,1547474666,5541.28,51.469586,7.469014,160.80,18.56,0.76,79.87,1,-98,-10,0,7,32,13,13393923,318
628.04,1547474667,5559.82,51.469620,7.469270,160.97,19.24,0.68,79.24,1,-98,-10,0,7,32,13,13393923,318
629.05,1547474668,5579.08,51.469655,7.469531,160.83,19.89,0.64,79.29,1,-98,-11,5,9,31,13,13393923,318
630.05,1547474669,5598.97,51.469695,7.469828,160.62,20.56,0.67,79.64,1,-98,-11,5,9,31,13,13393923,318
631.04,1547474670,5619.42,51.469731,7.470124,160.43,20.04,-0.52,80.39,1,-95,-11,4,9,35,13,13393923,318
632.04,1547474671,5639.46,51.469753,7.470387,160.79,19.32,-0.72,83.86,1,-95,-11,4,9,35,13,13393923,318
633.04,1547474672,5658.78,51.469778,7.470695,161.37,20.24,0.92,82.97,1,-95,-13,2,6,37,13,13393923,318
634.04,1547474673,5679.10,51.469801,7.470988,161.80,19.27,-0.97,83.70,1,-95,-13,2,6,37,13,13393923,318
635.04,1547474674,5698.30,51.469820,7.471286,161.88,19.66,0.40,84.79,1,-94,-10,3,9,36,13,13393923,318
636.04,1547474675,5718.04,51.469831,7.471589,162.13,20.05,0.39,86.08,1,-94,-10,3,9,36,13,13393923,318
637.04,1547474676,5738.09,51.469834,7.471878,162.30,19.60,-0.45,87.83,1,-93,-8,5,10,34,13,13393923,318
638.04,1547474677,5757.69,51.469821,7.472159,162.51,19.33,-0.27,92.56,1,-93,-8,5,10,34,13,13393923,318
639.04,1547474678,5777.02,51.469810,7.472436,163.24,19.07,-0.26,93.58,1,-97,-9,-1,9,32,13,13393923,318
640.05,1547474679,5796.10,51.469792,7.472716,163.99,19.61,0.54,94.65,1,-97,-9,-1,9,32,13,13393923,318
641.05,1547474680,5815.72,51.469770,7.472996,164.86,18.75,-0.86,95.31,1,-99,-10,3,6,33,23,13246977,156
642.04,1547474681,5834.41,51.469741,7.473303,165.57,19.39,0.64,96.11,1,-99,-10,3,6,33,23,13246977,156
643.05,1547474682,5853.96,51.469718,7.473576,166.32,19.18,-0.21,96.82,1,-99,-13,5,8,34,23,13246977,156
644.04,1547474683,5872.99,51.469692,7.473850,166.60,18.49,-0.70,97.33,1,-99,-13,5,8,34,23,13246977,156
645.04,1547474684,5891.48,51.469670,7.474097,166.65,17.92,-0.57,98.12,1,-99,-13,5,8,34,23,13246977,156
646.04,1547474685,5909.41,51.469645,7.474340,166.67,17.75,-0.17,99.21,1,-99,-13,6,5,33,23,13246977,156
647.04,1547474686,5927.16,51.469622,7.474582,166.71,17.28,-0.47,98.77,1,-99,-13,6,5,33,23,13246977,156
648.04,1547474687,5944.42,51.469601,7.474831,167.12,17.08,-0.20,97.77,1,-100,-10,4,5,30,23,13246977,156
649.04,1547474688,5961.50,51.469579,7.475092,167.74,17.09,0.01,97.03,1,-100,-10,4,5,30,23,13246977,156
650.06,1547474689,5978.87,51.469563,7.475350,168.74,16.70,-0.39,95.91,1,-103,-10,2,4,28,23,13246977,156
651.04,1547474690,5995.31,51.469544,7.475605,169.77,16.94,0.25,95.20,1,-103,-10,2,4,28,23,13246977,156
652.04,1547474691,6012.23,51.469530,7.475852,170.77,16.93,-0.01,93.87,1,-102,-12,1,7,29,23,13246977,156
653.04,1547474692,6029.16,51.469521,7.476079,171.81,16.11,-0.82,92.29,1,-102,-12,1,7,29,23,13246977,156
654.04,1547474693,6045.30,51.469519,7.476311,172.70,15.85,-0.26,90.48,1,-104,-13,0,6,30,23,13246977,156
655.05,1547474694,6061.16,51.469521,7.476550,173.69,15.58,-0.27,88.92,1,-104,-13,0,6,30,23,13246977,156
656.04,1547474695,6076.71,51.469527,7.476778,174.70,15.03,-0.55,87.79,1,-98,-11,1,6,33,10,13393922,319
657.04,1547474696,6091.70,51.469535,7.477004,175.54,14.69,-0.34,86.35,1,-98,-11,1,6,33,10,13393922,319
658.04,1547474697,6106.43,51.469547,7.477222,176.44,14.33,-0.36,85.65,1,-98,-12,1,7,33,10,13393922,319
659.04,1547474698,6120.76,51.469564,7.477446,177.27,13.68,-0.65,84.15,1,-98,-12,1,7,33,10,13393922,319
660.04,1547474699,6134.45,51.469581,7.477645,177.70,12.90,-0.78,82.59,1,-96,-10,3,9,33,10,13393922,319
661.04,1547474700,6147.32,51.469601,7.477829,178.22,12.87,-0.03,81.57,1,-96,-10,3,9,33,10,13393922,319
662.04,1547474701,6160.15,51.469625,7.478013,178.70,11.69,-1.18,80.15,1,-98,-10,1,7,32,10,13393922,319
663.04,1547474702,6171.84,51.469645,7.478161,179.16,9.64,-2.05,78.72,1,-98,-10,1,7,32,10,13393922,319
664.05,1547474703,6181.61,51.469660,7.478276,179.53,7.91,-1.71,78.20,1,-95,-12,3,8,36,10,13393922,319
665.04,1547474704,6189.44,51.469674,7.478368,179.42,6.72,-1.21,77.40,1,-95,-12,3,8,36,10,13393922,319
666.04,1547474705,6196.16,51.469690,7.478455,179.18,5.54,-1.18,76.97,1,-95,-12,3,8,36,10,13393922,319
667.04,1547474706,6201.69,51.469702,7.478520,179.16,3.72,-1.82,77.67,1,-90,-9,8,11,38,10,13393922,319
668.04,1547474707,6205.42,51.469708,7.478553,179.17,1.62,-2.11,80.29,1,-90,-9,8,11,38,10,13393922,319
669.04,1547474708,6207.03,51.469714,7.478568,179.20,0.97,-0.65,80.29,1,-90,-8,12,12,39,10,13393922,319
670.04,1547474709,6208.00,51.469724,7.478581,179.23,0.75,-0.22,80.29,1,-90,-8,12,12,39,10,13393922,319
671.06,1547474710,6208.76,51.469724,7.478581,179.23,0.00,-0.74,80.29,1,-88,-9,11,10,41,10,13393922,319
672.04,1547474711,6208.76,51.469724,7.478581,179.22,0.00,0.00,80.29,1,-88,-9,11,10,41,10,13393922,319
673.04,1547474712,6208.76,51.469724,7.478581,179.22,0.00,0.00,80.29,1,-90,-12,9,11,43,10,13393922,319
674.04,1547474713,6208.76,51.469724,7.478581,179.14,0.00,0.00,80.29,1,-90,-12,9,11,43,10,13393922,319
675.04,1547474714,6208.76,51.469724,7.478581,179.08,0.00,0.00,86.06,1,-89,-8,10,10,38,10,13393922,319
676.04,1547474715,6208.76,51.469739,7.478702,178.36,0.00,0.00,82.39,1,-89,-8,10,10,38,10,13393922,319
677.04,1547474716,6208.76,51.469752,7.478823,178.01,7.50,0.00,79.58,1,-89,-9,8,10,39,10,13393922,319
678.04,1547474717,6216.27,51.469771,7.478933,177.71,7.86,0.36,77.48,1,-89,-9,8,10,39,10,13393922,319
679.04,1547474718,6224.12,51.469791,7.479039,177.54,8.91,1.05,76.18,1,-84,-7,10,10,42,10,13393922,319
680.04,1547474719,6233.03,51.469816,7.479176,177.40,9.74,0.83,75.32,1,-84,-7,10,10,42,10,13393922,319
681.04,1547474720,6242.76,51.469844,7.479318,177.19,9.91,0.17,74.75,1,-81,-6,13,15,46,10,13393922,319
682.04,1547474721,6252.66,51.469874,7.479458,177.02,9.78,-0.13,74.24,1,-81,-6,13,15,46,10,13393922,319
683.04,1547474722,6262.43,51.469904,7.479595,176.89,10.28,0.50,73.75,1,-82,-6,14,15,44,10,13393922,319
684.04,1547474723,6272.72,51.469936,7.479743,176.68,10.85,0.58,72.66,1,-82,-6,14,15,44,10,13393922,319
685.05,1547474724,6283.66,51.469969,7.479898,176.49,11.49,0.64,72.16,1,-81,-7,13,15,45,10,13393922,319
686.04,1547474725,6295.07,51.470001,7.480059,176.45,12.13,0.64,71.47,1,-81,-7,13,15,45,10,13393922,319
687.04,1547474726,6307.21,51.470039,7.480234,176.56,12.96,0.83,71.03,1,-81,-7,13,15,45,10,13393922,319
688.04,1547474727,6320.16,51.470077,7.480425,176.33,13.71,0.75,70.84,1,-81,-7,16,12,46,10,13393922,319
689.04,1547474728,6333.88,51.470116,7.480610,176.30,14.50,0.79,70.89,1,-81,-7,16,12,46,10,13393922,319
690.04,1547474729,6348.37,51.470155,7.480800,176.31,14.43,-0.07,71.43,1,-90,-7,10,10,37,10,13393922,319
691.04,1547474730,6362.85,51.470198,7.480996,176.54,13.76,-0.66,71.77,1,-90,-7,10,10,37,10,13393922,319
692.04,1547474731,6376.51,51.470238,7.481180,176.42,12.24,-1.54,72.62,1,-88,-6,13,11,38,10,13393922,319
693.04,1547474732,6388.75,51.470265,7.481316,176.28,9.71,-2.53,73.26,1,-88,-6,13,11,38,10,13393922,319
694.04,1547474733,6398.51,51.470286,7.481444,176.10,6.75,-2.94,75.98,1,-89,-7,13,15,38,10,13393922,319
695.04,1547474734,6405.25,51.470270,7.481543,176.34,6.32,-0.44,108.38,1,-89,-7,13,15,38,10,13393922,319
696.04,1547474735,6411.56,51.470220,7.481618,176.42,8.12,1.81,141.21,1,-92,-7,12,14,36,10,13393922,319
697.04,1547474736,6419.69,51.470157,7.481667,176.68,9.09,0.97,159.77,1,-92,-7,12,14,36,10,13393922,319
698.04,1547474737,6428.78,51.470078,7.481711,176.89,10.34,1.25,161.39,1,-95,-8,12,9,32,10,13393922,319
699.04,1547474738,6439.12,51.469983,7.481759,177.20,11.48,1.14,161.74,1,-95,-8,12,9,32,10,13393922,319
700.04,1547474739,6450.60,51.469889,7.481809,177.24,12.62,1.14,161.41,1,-97,-7,5,7,32,10,13393922,319
701.04,1547474740,6463.18,51.469791,7.481855,177.35,13.41,0.79,162.32,1,-97,-7,5,7,32,10,13393922,319
702.04,1547474741,6476.58,51.469672,7.481908,177.50,13.43,0.02,163.55,1,-96,-7,8,9,33,10,13393922,319
703.04,1547474742,6490.03,51.469559,7.481956,177.73,12.44,-1.00,164.17,1,-96,-7,8,9,33,10,13393922,319
704.04,1547474743,6502.51,51.469441,7.482000,178.06,11.61,-0.82,164.87,1,-92,-7,8,10,34,10,13393922,319
705.04,1547474744,6514.13,51.469318,7.482058,178.02,12.34,0.73,164.62,1,-92,-7,8,10,34,10,13393922,319
706.05,1547474745,6526.55,51.469201,7.482107,178.35,13.68,1.33,165.38,1,-97,-8,7,8,31,10,13393922,319
707.04,1547474746,6540.13,51.469088,7.482142,178.64,13.81,0.13,166.17,1,-97,-8,7,8,31,10,13393922,319
708.04,1547474747,6553.92,51.468966,7.482178,178.63,14.08,0.27,167.39,1,-97,-8,7,8,31,10,13393922,319
709.04,1547474748,6568.01,51.468837,7.482221,178.57,14.52,0.44,167.62,1,-98,-7,7,7,30,10,13393922,319
710.04,1547474749,6582.53,51.468709,7.482267,178.52,14.97,0.45,166.79,1,-98,-7,7,7,30,10,13393922,319
711.04,1547474750,6597.49,51.468573,7.482318,178.26,14.87,-0.09,165.52,1,-95,-6,7,9,33,10,13393922,319
712.04,1547474751,6612.32,51.468440,7.482376,178.35,14.89,0.02,164.45,1,-95,-6,7,9,33,10,13393922,319
713.04,1547474752,6627.27,51.468312,7.482433,178.38,14.41,-0.47,164.54,1,-103,-12,2,6,30,10,13393922,319
714.04,1547474753,6641.70,51.468183,7.482496,178.54,14.80,0.39,165.38,1,-103,-12,2,6,30,10,13393922,319
715.04,1547474754,6656.48,51.468064,7.482544,178.40,14.71,-0.09,165.98,1,-106,-13,-2,6,28,10,13393922,319
716.04,1547474755,6671.19,51.467943,7.482587,177.88,14.62,-0.09,166.57,1,-106,-13,-2,6,28,10,13393922,319
717.04,1547474756,6685.82,51.467810,7.482633,177.40,14.61,-0.01,167.48,1,-105,-10,0,6,24,10,13393922,319
718.05,1547474757,6700.46,51.467680,7.482664,177.10,14.53,-0.08,168.75,1,-105,-10,0,6,24,10,13393922,319
719.04,1547474758,6714.96,51.467541,7.482696,176.25,14.30,-0.23,170.16,1,-108,-10,1,7,22,10,13393922,319
720.04,1547474759,6729.25,51.467407,7.482717,175.62,14.45,0.15,172.52,1,-108,-10,1,7,22,10,13393922,319
721.04,1547474760,6743.71,51.467268,7.482732,175.33,14.19,-0.26,174.98,1,-109,-10,1,7,21,10,13393922,319
722.04,1547474761,6757.88,51.467140,7.482739,175.08,14.37,0.18,177.39,1,-109,-10,1,7,21,10,13393922,319
723.04,1547474762,6772.25,51.467007,7.482734,174.88,14.73,0.36,179.60,1,-111,-17,-4,1,28,10,13393922,319
724.04,1547474763,6786.98,51.466875,7.482714,174.73,14.61,-0.12,181.93,1,-111,-17,-4,1,28,10,13393922,319
725.04,1547474764,6801.59,51.466736,7.482693,174.68,14.15,-0.46,184.56,1,-109,-12,-7,4,21,10,13393922,319
726.05,1547474765,6815.81,51.466607,7.482670,174.28,13.64,-0.51,186.63,1,-109,-12,-7,4,21,10,13393922,319
727.05,1547474766,6829.51,51.466484,7.482592,173.82,14.61,0.96,200.88,1,-111,-12,-3,7,20,10,13393922,319
728.04,1547474767,6843.98,51.466368,7.482522,173.18,12.98,-1.64,200.32,1,-111,-12,-3,7,20,10,13393922,319
729.04,1547474768,6856.97,51.466248,7.482457,172.43,12.62,-0.36,199.82,1,-111,-12,-3,7,20,10,13393922,319
730.04,1547474769,6869.55,51.466130,7.482392,171.24,13.08,0.46,199.13,1,-111,-14,-3,6,22,10,13393922,319
731.05,1547474770,6882.75,51.466011,7.482328,170.16,14.31,1.22,198.68,1,-111,-14,-3,6,22,10,13393922,319
732.04,1547474771,6896.96,51.465897,7.482257,170.11,14.31,0.00,198.83,1,-116,-14,-5,3,18,10,13394435,319
733.04,1547474772,6911.26,51.465777,7.482169,169.72,14.95,0.65,200.12,1,-116,-14,-5,3,18,10,13394435,319
734.04,1547474773,6926.22,51.465660,7.482080,169.20,14.94,-0.01,200.72,1,-111,-22,-11,1,30,10,13394435,184
735.04,1547474774,6941.18,51.465535,7.481990,169.09,14.12,-0.82,202.21,1,-111,-22,-11,1,30,10,13394435,184
736.05,1547474775,6955.34,51.465405,7.481894,168.65,14.83,0.70,203.01,1,-111,-15,-9,5,23,27,13394177,497
737.05,1547474776,6970.17,51.465266,7.481776,168.63,16.11,1.28,202.30,1,-111,-15,-9,5,23,27,13394177,497
738.05,1547474777,6986.31,51.465145,7.481673,168.71,15.13,-0.98,203.29,1,-115,-16,-7,4,22,27,13394177,497
739.04,1547474778,7001.36,51.465017,7.481589,168.32,16.04,0.92,201.62,1,-115,-16,-7,4,22,27,13394177,497
740.04,1547474779,7017.39,51.464878,7.481489,168.45,16.63,0.59,201.21,1,-109,-7,4,10,17,16,13393934,265
741.04,1547474780,7034.01,51.464728,7.481401,168.56,16.69,0.06,200.38,1,-109,-7,4,10,17,16,13393934,265
742.04,1547474781,7050.72,51.464582,7.481316,168.71,16.24,-0.46,199.58,1,-113,-8,8,10,13,16,13393934,265
743.04,1547474782,7066.94,51.464447,7.481245,168.92,15.64,-0.59,198.90,1,-113,-8,8,10,13,16,13393934,265
744.04,1547474783,7082.61,51.464313,7.481182,169.49,15.35,-0.30,198.36,1,-117,-10,6,9,11,16,13393934,265
745.04,1547474784,7097.97,51.464188,7.481126,169.91,14.59,-0.76,197.94,1,-117,-10,6,9,11,16,13393934,265
746.04,1547474785,7112.52,51.464059,7.481066,170.33,14.46,-0.13,197.61,nan,nan,nan,nan,nan,nan,nan,nan,nan
747.04,1547474786,7126.98,51.463931,7.481003,170.67,13.98,-0.48,197.08,nan,nan,nan,nan,nan,nan,nan,nan,nan
748.05,1547474787,7141.09,51.463811,7.480954,170.91,13.56,-0.41,196.33,nan,nan,nan,nan,nan,nan,nan,nan,nan
749.04,1547474788,7154.52,51.463684,7.480895,171.28,13.45,-0.12,196.58,nan,nan,nan,nan,nan,nan,nan,nan,nan
750.04,1547474789,7167.98,51.463567,7.480841,171.68,13.31,-0.14,195.82,nan,nan,nan,nan,nan,nan,nan,nan,nan
751.04,1547474790,7181.30,51.463456,7.480793,172.01,13.30,-0.01,196.28,nan,nan,nan,nan,nan,nan,nan,nan,nan
752.04,1547474791,7194.60,51.463338,7.480743,172.08,13.76,0.45,196.73,nan,nan,nan,nan,nan,nan,nan,nan,nan
753.04,1547474792,7208.34,51.463221,7.480691,172.14,13.97,0.21,197.23,nan,nan,nan,nan,nan,nan,nan,nan,nan
754.04,1547474793,7222.32,51.463103,7.480634,172.32,13.93,-0.03,197.73,nan,nan,nan,nan,nan,nan,nan,nan,nan
755.04,1547474794,7236.24,51.462986,7.480575,172.47,13.52,-0.42,197.37,nan,nan,nan,nan,nan,nan,nan,nan,nan
756.04,1547474795,7249.77,51.462876,7.480526,172.71,12.85,-0.66,196.77,nan,nan,nan,nan,nan,nan,nan,nan,nan
757.04,1547474796,7262.62,51.462759,7.480476,173.02,12.51,-0.34,196.11,nan,nan,nan,nan,nan,nan,nan,nan,nan
758.05,1547474797,7275.25,51.462652,7.480431,173.19,11.90,-0.60,195.48,nan,nan,nan,nan,nan,nan,nan,nan,nan
759.04,1547474798,7287.04,51.462563,7.480390,173.25,10.50,-1.42,196.04,nan,nan,nan,nan,nan,nan,nan,nan,nan
760.04,1547474799,7297.55,51.462486,7.480355,173.27,8.40,-2.10,196.33,nan,nan,nan,nan,nan,nan,nan,nan,nan
761.04,1547474800,7305.93,51.462419,7.480331,173.18,5.87,-2.53,194.62,nan,nan,nan,nan,nan,nan,nan,nan,nan
762.05,1547474801,7311.83,51.462371,7.480315,173.17,3.93,-1.94,195.40,nan,nan,nan,nan,nan,nan,nan,nan,nan
763.04,1547474802,7315.75,51.462335,7.480299,173.17,2.48,-1.45,196.00,nan,nan,nan,nan,nan,nan,nan,nan,nan
764.04,1547474803,7318.23,51.462334,7.480296,173.22,0.76,-1.72,196.00,nan,nan,nan,nan,nan,nan,nan,nan,nan
765.04,1547474804,7318.99,51.462334,7.480296,173.23,0.00,-0.77,196.00,nan,nan,nan,nan,nan,nan,nan,nan,nan
766.04,1547474805,7318.99,51.462334,7.480296,173.24,0.00,0.00,196.00,nan,nan,nan,nan,nan,nan,nan,nan,nan
767.04,1547474806,7318.99,51.462334,7.480296,173.35,0.00,0.00,197.51,nan,nan,nan,nan,nan,nan,nan,nan,nan
768.04,1547474807,7318.99,51.462334,7.480296,173.44,0.00,0.00,197.39,nan,nan,nan,nan,nan,nan,nan,nan,nan
769.05,1547474808,7318.99,51.462267,7.480261,173.50,3.43,0.00,196.94,nan,nan,nan,nan,nan,nan,nan,nan,nan
770.04,1547474809,7322.39,51.462235,7.480249,173.53,2.51,-0.93,196.60,nan,nan,nan,nan,nan,nan,nan,nan,nan
771.04,1547474810,7324.91,51.462221,7.480246,173.60,1.43,-1.09,195.14,nan,nan,nan,nan,nan,nan,nan,nan,nan
772.04,1547474811,7326.33,51.462209,7.480241,173.69,0.88,-0.54,194.67,nan,nan,nan,nan,nan,nan,nan,nan,nan
773.04,1547474812,7327.22,51.462209,7.480241,173.71,0.00,-0.88,194.67,nan,nan,nan,nan,nan,nan,nan,nan,nan
774.04,1547474813,7327.22,51.462209,7.480241,173.72,0.00,0.00,194.67,nan,nan,nan,nan,nan,nan,nan,nan,nan
775.04,1547474814,7327.22,51.462209,7.480241,173.87,0.00,0.00,194.67,nan,nan,nan,nan,nan,nan,nan,nan,nan
776.04,1547474815,7327.22,51.462209,7.480241,174.03,0.00,0.00,189.01,nan,nan,nan,nan,nan,nan,nan,nan,nan
777.04,1547474816,7327.22,51.462145,7.480217,175.57,0.00,0.00,191.45,nan,nan,nan,nan,nan,nan,nan,nan,nan
778.04,1547474817,7327.22,51.462103,7.480203,176.29,4.91,0.00,192.62,nan,nan,nan,nan,nan,nan,nan,nan,nan
779.04,1547474818,7332.12,51.462060,7.480205,176.57,4.54,-0.36,176.35,nan,nan,nan,nan,nan,nan,nan,nan,nan
780.04,1547474819,7336.67,51.462039,7.480241,176.98,5.11,0.56,128.68,nan,nan,nan,nan,nan,nan,nan,nan,nan
781.04,1547474820,7341.77,51.462031,7.480309,176.89,5.98,0.88,101.34,nan,nan,nan,nan,nan,nan,nan,nan,nan
782.04,1547474821,7347.76,51.462022,7.480429,176.90,7.52,1.54,97.82,nan,nan,nan,nan,nan,nan,nan,nan,nan
783.04,1547474822,7355.28,51.462014,7.480553,176.95,8.11,0.59,94.87,nan,nan,nan,nan,nan,nan,nan,nan,nan
784.04,1547474823,7363.39,51.462012,7.480676,176.98,8.95,0.84,92.85,nan,nan,nan,nan,nan,nan,nan,nan,nan
785.04,1547474824,7372.34,51.462010,7.480819,176.61,9.97,1.02,92.00,nan,nan,nan,nan,nan,nan,nan,nan,nan
786.04,1547474825,7382.31,51.462011,7.480958,176.31,11.52,1.55,91.33,nan,nan,nan,nan,nan,nan,nan,nan,nan
787.04,1547474826,7393.84,51.462013,7.481126,175.69,11.58,0.06,89.78,nan,nan,nan,nan,nan,nan,nan,nan,nan
788.04,1547474827,7405.42,51.462017,7.481273,175.56,11.77,0.19,89.35,nan,nan,nan,nan,nan,nan,nan,nan,nan
789.04,1547474828,7417.20,51.462017,7.481446,175.69,11.93,0.16,90.22,nan,nan,nan,nan,nan,nan,nan,nan,nan
790.05,1547474829,7429.23,51.462014,7.481617,175.79,12.10,0.17,91.09,nan,nan,nan,nan,nan,nan,nan,nan,nan
791.04,1547474830,7441.19,51.462009,7.481793,175.85,11.91,-0.19,91.51,nan,nan,nan,nan,nan,nan,nan,nan,nan
792.04,1547474831,7453.11,51.462003,7.481967,175.96,11.47,-0.44,91.05,nan,nan,nan,nan,nan,nan,nan,nan,nan
793.04,1547474832,7464.59,51.461998,7.482137,176.06,11.21,-0.26,90.79,nan,nan,nan,nan,nan,nan,nan,nan,nan
794.04,1547474833,7475.79,51.461993,7.482299,176.21,10.92,-0.29,91.03,nan,nan,nan,nan,nan,nan,nan,nan,nan
795.04,1547474834,7486.72,51.461989,7.482456,176.40,10.76,-0.16,90.55,nan,nan,nan,nan,nan,nan,nan,nan,nan
796.04,1547474835,7497.47,51.461985,7.482612,176.62,10.99,0.23,90.12,nan,nan,nan,nan,nan,nan,nan,nan,nan
797.04,1547474836,7508.46,51.461981,7.482774,176.95,11.04,0.05,90.50,nan,nan,nan,nan,nan,nan,nan,nan,nan
798.04,1547474837,7519.50,51.461979,7.482930,177.33,10.82,-0.22,90.34,nan,nan,nan,nan,nan,nan,nan,nan,nan
799.04,1547474838,7530.33,51.461976,7.483084,177.67,10.63,-0.19,90.73,nan,nan,nan,nan,nan,nan,nan,nan,nan
800.04,1547474839,7540.97,51.461974,7.483249,177.89,10.94,0.31,90.57,nan,nan,nan,nan,nan,nan,nan,nan,nan
801.04,1547474840,7551.91,51.461975,7.483389,178.15,10.69,-0.26,89.51,nan,nan,nan,nan,nan,nan,nan,nan,nan
802.04,1547474841,7562.57,51.461977,7.483556,178.61,12.44,1.76,89.88,nan,nan,nan,nan,nan,nan,nan,nan,nan
803.04,1547474842,7575.01,51.461977,7.483721,178.17,12.18,-0.26,91.82,nan,nan,nan,nan,nan,nan,nan,nan,nan
804.04,1547474843,7587.20,51.461977,7.483849,177.06,7.52,-4.65,94.13,nan,nan,nan,nan,nan,nan,nan,nan,nan
805.04,1547474844,7594.72,51.461975,7.483984,176.92,7.85,0.33,94.76,nan,nan,nan,nan,nan,nan,nan,nan,nan
806.04,1547474845,7602.53,51.461954,7.484073,177.93,6.56,-1.30,114.97,nan,nan,nan,nan,nan,nan,nan,nan,nan
807.04,1547474846,7609.12,51.461914,7.484135,179.11,7.06,0.50,134.81,nan,nan,nan,nan,nan,nan,nan,nan,nan
808.04,1547474847,7616.18,51.461847,7.484181,180.38,8.55,1.49,157.92,nan,nan,nan,nan,nan,nan,nan,nan,nan
809.04,1547474848,7624.72,51.461779,7.484224,181.86,9.31,0.76,160.49,nan,nan,nan,nan,nan,nan,nan,nan,nan
810.04,1547474849,7634.04,51.461696,7.484266,182.91,10.92,1.60,161.14,nan,nan,nan,nan,nan,nan,nan,nan,nan
811.15,1547474850,7646.19,51.461590,7.484321,183.79,11.24,0.29,162.34,1,-101,-13,-6,8,30,13,13394435,184
812.04,1547474851,7656.16,51.461486,7.484367,184.57,12.86,1.82,164.88,1,-101,-13,-6,8,30,13,13394435,184
813.04,1547474852,7669.02,51.461375,7.484408,185.27,13.66,0.80,166.13,1,-101,-13,-6,8,30,13,13394435,184
814.04,1547474853,7682.69,51.461258,7.484438,186.13,13.20,-0.46,167.70,1,-102,-11,2,10,27,13,13394435,184
815.04,1547474854,7695.90,51.461136,7.484467,186.69,13.33,0.13,169.53,1,-102,-11,2,10,27,13,13394435,184
816.04,1547474855,7709.23,51.461005,7.484494,187.18,14.03,0.70,171.90,1,-104,-10,-2,6,27,14,13394435,184
817.04,1547474856,7723.24,51.460883,7.484511,187.66,13.73,-0.30,174.26,1,-104,-10,-2,6,27,14,13394435,184
818.04,1547474857,7736.95,51.460753,7.484527,188.16,13.82,0.09,175.60,1,-97,-10,-1,10,31,14,13394435,184
819.04,1547474858,7750.81,51.460634,7.484535,188.73,13.89,0.07,177.62,1,-97,-10,-1,10,31,14,13394435,184
820.04,1547474859,7764.69,51.460504,7.484535,189.80,13.39,-0.51,180.13,1,-98,-8,-4,6,31,14,13394435,184
821.04,1547474860,7778.08,51.460375,7.484526,190.60,13.00,-0.39,182.37,1,-98,-8,-4,6,31,14,13394435,184
822.04,1547474861,7791.05,51.460238,7.484516,190.99,13.34,0.34,183.21,1,-96,-9,4,12,31,14,13394435,184
823.04,1547474862,7804.39,51.460114,7.484495,191.31,12.83,-0.51,184.69,1,-96,-9,4,12,31,14,13394435,184
824.04,1547474863,7817.22,51.460006,7.484472,191.60,12.38,-0.45,186.22,1,-96,-12,6,8,35,14,13394435,184
825.04,1547474864,7829.63,51.459898,7.484446,191.96,12.02,-0.36,187.47,1,-96,-12,6,8,35,14,13394435,184
826.04,1547474865,7841.69,51.459803,7.484411,192.22,11.19,-0.84,188.89,1,-109,-14,3,5,33,26,13246977,156
827.04,1547474866,7852.88,51.459712,7.484378,192.50,10.23,-0.95,190.32,1,-109,-14,3,5,33,26,13246977,156
828.04,1547474867,7863.09,51.459619,7.484342,192.78,10.97,0.74,189.37,1,-100,-13,2,7,34,16,13394435,184
829.04,1547474868,7874.07,51.459515,7.484301,193.47,10.98,0.01,190.28,1,-100,-13,2,7,34,16,13394435,184
830.05,1547474869,7885.16,51.459411,7.484265,194.21,11.10,0.11,190.25,1,-105,-11,2,7,26,16,13394435,184
831.04,1547474870,7896.11,51.459309,7.484231,195.13,11.63,0.54,190.53,1,-105,-11,2,7,26,16,13394435,184
832.04,1547474871,7907.80,51.459202,7.484198,196.02,12.66,1.02,190.84,1,-105,-11,2,7,26,16,13394435,184
833.04,1547474872,7920.44,51.459088,7.484165,196.97,12.74,0.08,191.20,1,-103,-10,1,7,27,16,13394435,184
834.04,1547474873,7933.17,51.458974,7.484123,197.81,11.40,-1.34,193.05,1,-103,-10,1,7,27,16,13394435,184
835.04,1547474874,7944.59,51.458873,7.484087,198.59,11.39,-0.01,192.77,1,-102,-10,1,8,27,16,13394435,184
836.04,1547474875,7955.98,51.458768,7.484044,199.36,11.50,0.10,192.29,1,-102,-10,1,8,27,16,13394435,184
837.04,1547474876,7967.48,51.458664,7.484005,200.02,12.41,0.91,192.08,1,-105,-15,-1,6,29,16,13394435,184
838.04,1547474877,7979.89,51.458566,7.483971,200.83,11.03,-1.38,193.06,1,-105,-15,-1,6,29,16,13394435,184
839.04,1547474878,7990.91,51.458475,7.483938,201.59,10.28,-0.75,193.96,1,-102,-10,-3,5,27,16,13394435,184
840.04,1547474879,8001.18,51.458387,7.483907,202.23,8.72,-1.56,194.76,1,-102,-10,-3,5,27,16,13394435,184
841.05,1547474880,8009.94,51.458307,7.483878,202.92,7.14,-1.57,195.96,1,-101,-10,1,6,28,16,13394435,184
842.04,1547474881,8017.06,51.458228,7.483847,203.72,7.98,0.84,198.17,1,-101,-10,1,6,28,16,13394435,184
843.04,1547474882,8025.05,51.458145,7.483818,204.51,9.70,1.72,194.87,1,-100,-14,1,7,32,16,13394435,184
844.04,1547474883,8034.75,51.458053,7.483787,205.27,10.89,1.19,193.81,1,-100,-14,1,7,32,16,13394435,184
845.04,1547474884,8045.63,51.457954,7.483748,206.03,11.56,0.67,195.13,1,-101,-14,-2,6,33,16,13394435,184
846.04,1547474885,8057.19,51.457852,7.483708,206.60,11.73,0.17,194.31,1,-101,-14,-2,6,33,16,13394435,184
847.04,1547474886,8068.91,51.457742,7.483674,207.61,11.46,-0.27,193.64,1,-102,-15,-3,5,33,16,13394435,184
848.04,1547474887,8080.37,51.457630,7.483641,208.67,11.83,0.37,193.19,1,-102,-15,-3,5,33,16,13394435,184
849.04,1547474888,8092.17,51.457522,7.483608,209.07,11.52,-0.31,194.04,1,-103,-15,2,2,40,7,13415170,315
850.04,1547474889,8103.73,51.457408,7.483572,209.56,11.95,0.43,194.13,1,-103,-15,2,2,40,7,13415170,315
851.04,1547474890,8115.65,51.457297,7.483536,209.83,13.52,1.57,192.85,1,-100,-13,3,7,33,7,13415170,315
852.04,1547474891,8129.16,51.457168,7.483502,210.13,14.67,1.15,191.23,1,-100,-13,3,7,33,7,13415170,315
853.05,1547474892,8143.95,51.457046,7.483468,210.32,14.79,0.12,190.80,1,-102,-12,5,6,31,7,13415170,315
854.04,1547474893,8158.58,51.456918,7.483437,210.60,14.82,0.03,190.81,1,-102,-12,5,6,31,7,13415170,315
855.04,1547474894,8173.42,51.456780,7.483398,211.12,14.65,-0.17,190.41,1,-102,-12,5,6,31,7,13415170,315
856.04,1547474895,8188.11,51.456640,7.483367,211.56,14.71,0.06,189.82,1,-99,-11,8,8,34,7,13415170,315
857.04,1547474896,8202.81,51.456504,7.483338,212.26,14.92,0.20,189.45,1,-99,-11,8,8,34,7,13415170,315
858.04,1547474897,8217.70,51.456366,7.483308,213.12,15.08,0.16,188.62,1,-97,-11,8,10,34,7,13415170,315
859.04,1547474898,8232.80,51.456232,7.483287,213.87,15.01,-0.07,189.50,1,-97,-11,8,10,34,7,13415170,315
860.04,1547474899,8247.81,51.456102,7.483259,214.68,15.03,0.01,188.04,1,-94,-12,8,8,39,7,13415170,315
861.04,1547474900,8262.83,51.455971,7.483237,215.56,14.90,-0.13,186.11,1,-94,-12,8,8,39,7,13415170,315
862.04,1547474901,8277.73,51.455846,7.483226,216.19,14.63,-0.27,184.50,1,-93,-9,15,13,37,7,13415170,315
863.04,1547474902,8292.36,51.455711,7.483215,216.82,14.46,-0.17,183.19,1,-93,-9,15,13,37,7,13415170,315
864.04,1547474903,8306.82,51.455565,7.483222,217.21,15.01,0.55,180.85,1,-90,-11,18,15,41,7,13415170,315
865.04,1547474904,8321.83,51.455429,7.483239,217.87,14.84,-0.17,178.99,1,-90,-11,18,15,41,7,13415170,315
866.04,1547474905,8336.67,51.455299,7.483260,218.98,14.85,0.01,177.24,1,-94,-12,13,10,38,7,13415170,315
867.04,1547474906,8351.53,51.455173,7.483282,220.04,13.65,-1.20,177.23,1,-94,-12,13,10,38,7,13415170,315
868.04,1547474907,8365.20,51.455041,7.483312,221.02,14.12,0.47,175.35,1,-89,-11,14,9,42,7,13415170,315
869.04,1547474908,8379.25,51.454893,7.483398,221.91,16.10,2.00,162.13,1,-89,-11,14,9,42,7,13415170,315
870.04,1547474909,8395.40,51.454770,7.483468,222.89,14.91,-1.19,162.63,1,-91,-11,19,9,40,7,13415170,315
871.04,1547474910,8410.29,51.454632,7.483543,223.82,15.27,0.36,161.19,1,-91,-11,19,9,40,7,13415170,315
872.04,1547474911,8425.54,51.454508,7.483628,225.04,15.68,0.41,159.41,1,-91,-11,19,10,41,7,13415170,315
873.05,1547474912,8441.30,51.454374,7.483725,225.68,15.73,0.06,157.60,1,-91,-11,19,10,41,7,13415170,315
874.05,1547474913,8457.10,51.454242,7.483833,226.30,16.34,0.60,154.45,1,-98,-12,14,8,35,7,13415170,315
875.04,1547474914,8473.32,51.454103,7.483960,226.62,16.25,-0.09,151.46,1,-98,-12,14,8,35,7,13415170,315
876.04,1547474915,8489.56,51.453966,7.484100,226.66,16.56,0.31,148.73,1,-98,-12,14,8,35,7,13415170,315
877.04,1547474916,8506.14,51.453849,7.484245,226.81,16.09,-0.47,145.44,1,-96,-12,10,9,36,7,13415170,315
878.04,1547474917,8522.23,51.453735,7.484397,226.92,16.05,-0.04,141.46,1,-96,-12,10,9,36,7,13415170,315
879.04,1547474918,8538.23,51.453627,7.484563,226.97,15.50,-0.56,139.67,1,-92,-11,10,8,40,7,13415170,315
880.04,1547474919,8553.75,51.453526,7.484742,227.07,16.05,0.55,133.05,1,-92,-11,10,8,40,7,13415170,315
881.04,1547474920,8569.82,51.453428,7.484914,227.44,17.03,0.99,132.78,1,-91,-9,11,9,36,7,13415170,315
882.04,1547474921,8586.87,51.453348,7.485065,228.13,14.34,-2.69,133.24,1,-91,-9,11,9,36,7,13415170,315
883.04,1547474922,8601.20,51.453266,7.485220,228.98,13.14,-1.20,132.33,1,-82,-6,22,15,46,7,13415170,315
884.04,1547474923,8614.33,51.453171,7.485408,229.60,13.58,0.43,131.07,1,-82,-6,22,15,46,7,13415170,315
885.04,1547474924,8627.91,51.453078,7.485590,229.92,14.71,1.13,131.67,1,-85,-8,21,13,43,7,13415170,315
886.04,1547474925,8642.62,51.452983,7.485767,229.99,14.54,-0.17,131.83,1,-85,-8,21,13,43,7,13415170,315
887.04,1547474926,8657.14,51.452885,7.485934,230.03,14.68,0.14,133.09,1,-82,-7,25,15,44,7,13415170,315
888.04,1547474927,8671.77,51.452782,7.486105,229.96,14.98,0.31,134.31,1,-82,-7,25,15,44,7,13415170,315
889.04,1547474928,8686.81,51.452683,7.486261,229.81,14.50,-0.48,135.22,1,-81,-6,26,12,44,7,13415170,315
890.04,1547474929,8701.32,51.452591,7.486397,231.07,14.38,-0.12,137.49,1,-81,-6,26,12,44,7,13415170,315
891.04,1547474930,8715.71,51.452489,7.486546,232.37,14.71,0.33,139.49,1,-79,-7,25,15,51,7,13415170,315
892.04,1547474931,8730.36,51.452379,7.486683,233.34,15.10,0.39,140.83,1,-79,-7,25,15,51,7,13415170,315
893.04,1547474932,8745.44,51.452269,7.486805,234.01,14.75,-0.34,143.76,1,-86,-6,23,15,39,7,13415170,315
894.04,1547474933,8760.26,51.452166,7.486906,235.02,14.42,-0.34,146.29,1,-86,-6,23,15,39,7,13415170,315
895.05,1547474934,8774.77,51.452061,7.486999,235.89,14.05,-0.36,148.00,1,-86,-6,24,12,39,7,13415170,315
896.04,1547474935,8788.73,51.451940,7.487105,237.04,15.41,1.37,150.39,1,-86,-6,24,12,39,7,13415170,315
897.04,1547474936,8804.14,51.451824,7.487195,238.31,15.12,-0.30,152.51,1,-86,-6,24,12,39,7,13415170,315
898.04,1547474937,8819.26,51.451704,7.487280,239.69,14.30,-0.82,153.98,1,-86,-6,19,15,38,7,13415170,315
899.04,1547474938,8833.56,51.451578,7.487371,240.96,13.85,-0.45,154.91,1,-86,-6,19,15,38,7,13415170,315
900.04,1547474939,8847.40,51.451438,7.487461,241.74,14.01,0.16,156.41,1,-89,-6,21,12,37,7,13415170,315
