time_s,timestamp_ms,distance_m,latitude,longitude,altitude,velocity_mps,acceleration_mpss,direction,isRegistered,rsrp_dbm,rsrq_db,rssnr_db,cqi,ss,ta,ci,pci,id,payload_mb,throughput_mbits,rtt_ms,f_mhz
9.85,1547474056,102.43,51.490465,7.413969,159.62,14.94,0.46,78.37,1,-91,-7,10,9,47,7,26385408,95,0,0.50,6.27,158.00,1815
19.87,1547474066,251.51,51.490677,7.416056,157.52,13.89,-0.17,89.43,1,-81,-6,24,15,57,4,29391105,167,1,3.00,12.54,40.00,1815
29.83,1547474075,319.65,51.490573,7.416910,156.25,0.00,0.00,104.09,1,-77,-6,29,15,61,4,29391105,167,2,1.00,8.37,81.00,1815
39.87,1547474086,319.65,51.491490,7.421295,156.20,0.00,0.00,104.09,1,-76,-6,28,15,62,4,29391105,167,3,6.00,18.48,54.00,1815
49.82,1547474096,319.65,51.490573,7.416910,156.14,0.00,0.00,104.09,1,-77,-8,30,15,63,4,29391105,167,4,1.00,9.72,38.00,1815
59.83,1547474105,319.65,51.490548,7.416908,156.09,0.00,0.00,163.67,1,-77,-7,28,15,61,4,29391105,167,5,4.00,14.71,54.00,1815
69.86,1547474116,319.65,51.490521,7.416957,155.04,0.00,0.00,102.38,1,-75,-6,31,15,63,4,29391105,167,6,8.00,17.76,47.00,1815
79.84,1547474125,412.68,51.489553,7.417552,150.26,15.14,0.08,166.75,1,-84,-6,24,15,54,4,29391105,167,7,0.10,4.15,142.00,1815
89.91,1547474135,571.69,51.488135,7.417740,150.12,16.49,0.12,180.72,1,-92,-7,7,11,47,4,29391105,167,8,0.50,2.03,55.00,1815
99.90,1547474145,735.20,51.486878,7.418504,147.37,15.11,-0.40,139.78,1,-100,-7,11,10,39,10,28365056,222,9,0.50,7.72,47.00,1815
109.87,1547474155,867.66,51.485733,7.418512,142.21,11.72,0.09,175.23,1,-97,-6,14,9,41,10,28365056,222,10,6.00,5.70,110.00,1815
119.92,1547474165,990.93,51.484663,7.418962,149.10,13.01,0.08,181.51,1,-100,-10,-1,6,39,10,28365056,222,11,0.50,1.92,61.00,1815
129.88,1547474175,1134.54,51.483516,7.417967,145.18,15.05,-0.11,212.96,1,-104,-9,6,7,35,10,28365056,222,12,5.00,8.00,38.00,1815
139.86,1547474185,1281.25,51.482373,7.417038,143.80,13.66,-0.23,201.34,1,-106,-10,-1,6,35,10,28365056,222,13,0.10,3.51,67.00,1815
149.95,1547474195,1374.41,51.481651,7.416647,145.43,0.64,-1.42,200.00,1,-91,-10,10,7,50,10,28365056,222,14,9.00,11.41,54.00,1815
159.95,1547474205,1375.05,51.481651,7.416647,145.42,0.00,0.00,200.00,1,-95,-11,5,7,45,10,28365056,222,15,7.00,17.95,68.00,1815
169.85,1547474216,1384.82,51.481443,7.416568,145.35,3.08,1.35,161.02,1,-84,-8,8,14,55,5,28365057,224,16,3.00,13.34,39.00,1815
179.87,1547474225,1466.49,51.481477,7.417835,150.04,12.34,0.61,84.36,1,-89,-9,1,8,51,5,28365057,224,17,3.00,7.76,42.00,1815
189.87,1547474235,1597.77,51.481589,7.419735,147.27,13.80,-0.11,85.39,1,-85,-9,1,4,52,5,28365057,224,18,3.00,7.01,38.00,1815
199.86,1547474245,1743.25,51.481767,7.421889,143.34,14.96,0.29,78.07,1,-95,-11,-1,7,45,5,28365057,224,19,10.00,12.49,44.00,1815
209.87,1547474256,1891.62,51.482054,7.424008,135.14,15.06,0.37,78.60,1,-101,-8,10,7,38,16,28368386,213,20,7.00,11.46,61.00,1815
219.84,1547474266,2037.64,51.482344,7.426048,130.81,13.52,0.12,78.24,1,-103,-11,5,4,38,16,28368386,213,21,10.00,13.50,44.00,1815
229.88,1547474275,2156.06,51.482526,7.427732,136.02,9.58,0.69,82.92,1,-96,-8,2,5,42,16,28368386,213,22,6.00,11.07,44.00,1815
239.82,1547474286,2198.99,51.482477,7.433246,139.51,0.00,0.00,73.39,1,-95,-8,2,6,43,16,28368386,213,23,4.00,5.55,134.00,1815
249.85,1547474295,2198.99,51.482558,7.428573,141.60,7.57,0.00,84.22,1,-98,-10,6,6,43,16,28368386,213,24,3.00,4.40,42.00,1815
259.86,1547474306,2326.58,51.476871,7.427944,143.92,13.86,-0.05,96.69,1,-102,-9,-3,6,39,6,28367106,86,25,1.00,8.95,35.00,1815
269.84,1547474316,2455.84,51.482236,7.432327,141.92,12.50,-0.53,96.99,1,-98,-10,6,7,44,12,28368386,213,26,7.00,21.16,44.00,1815
279.82,1547474325,2583.50,51.482907,7.431672,145.96,13.23,0.13,97.42,1,-97,-10,5,8,43,4,28367106,86,27,7.00,12.17,36.00,1815
289.85,1547474335,2706.91,51.481991,7.435921,150.60,10.35,-0.47,96.35,1,-96,-12,0,7,47,4,28367105,213,28,1.00,8.04,38.00,1815
299.85,1547474345,2807.78,51.482431,7.439149,154.31,11.74,0.40,95.49,1,-92,-8,11,11,46,4,28367105,85,29,4.00,15.64,46.00,1815
309.83,1547474355,2873.83,51.481824,7.438335,154.55,2.30,-0.02,113.48,1,-89,-6,14,10,48,4,28367105,85,30,6.00,11.08,92.00,1815
319.84,1547474365,2912.86,51.480756,7.439545,156.92,8.00,1.41,94.05,1,-100,-9,6,10,38,4,28367105,85,31,9.00,20.50,36.00,1815
329.90,1547474375,3004.40,51.481690,7.440225,156.85,7.77,-0.76,96.73,1,-99,-9,22,9,40,9,28368386,213,32,0.50,3.65,45.00,1815
339.86,1547474386,3057.38,51.482703,7.440067,158.46,0.00,-1.10,96.08,1,-99,-9,7,9,41,9,28368386,213,33,3.00,5.09,37.00,1815
349.85,1547474395,3057.38,51.481648,7.440943,158.67,0.00,0.00,96.08,1,-101,-9,22,7,40,9,28368386,213,34,1.00,6.13,46.00,1815
359.91,1547474405,3067.84,51.482703,7.440067,162.58,6.77,1.34,102.32,1,-101,-10,9,8,39,9,28368386,213,35,7.00,17.40,41.00,1815
369.85,1547474415,3157.79,51.481153,7.442338,162.13,10.34,0.01,134.39,1,-96,-6,24,12,41,7,28367105,85,36,10.00,32.39,40.00,1815
379.86,1547474426,3254.44,51.480922,7.442124,160.14,9.19,0.98,178.45,1,-96,-7,10,9,40,7,28367105,85,37,1.00,3.02,41.00,1815
389.83,1547474435,3364.76,51.479519,7.443758,161.61,12.80,0.43,151.17,1,-104,-13,4,6,39,7,28367105,85,38,8.00,11.91,37.00,1815
399.85,1547474446,3498.34,51.482582,7.431585,163.51,13.99,-0.09,151.75,1,-109,-13,0,5,35,7,28368386,213,39,1.00,1.43,94.00,1815
409.85,1547474455,3643.34,51.477310,7.445686,165.19,14.80,-0.16,151.43,1,-100,-8,7,7,38,7,28368384,215,40,9.00,21.25,40.00,1815
419.82,1547474465,3786.97,51.472801,7.455577,164.58,13.98,0.11,151.80,1,-87,-6,28,12,47,11,29568768,415,41,0.10,5.06,44.00,1815
429.83,1547474475,3915.26,51.475195,7.447574,167.42,12.38,0.01,148.16,1,-96,-7,9,7,42,7,28368384,215,42,7.00,23.42,36.00,1815
439.85,1547474486,4016.80,51.475629,7.447464,166.64,2.21,-3.16,140.12,1,-101,-10,4,6,40,7,28368384,215,43,8.00,11.05,94.00,1815
449.83,1547474495,4019.62,51.474526,7.448396,166.65,0.00,0.00,140.12,1,-101,-8,9,10,39,7,28368384,215,44,7.00,11.05,37.00,1815
459.84,1547474505,4019.62,51.475629,7.447464,166.66,0.00,0.00,140.12,1,-99,-7,10,9,39,7,28368384,215,45,5.00,12.55,37.00,1815
469.86,1547474516,4019.62,51.474526,7.448396,166.57,0.00,0.00,140.12,1,-101,-8,19,8,39,7,28368384,215,46,6.00,18.33,38.00,1815
479.86,1547474525,4019.62,51.475629,7.447464,165.70,3.34,0.00,140.89,1,-100,-9,6,5,40,7,28368384,215,47,8.00,19.33,46.00,1815
489.89,1547474536,4106.41,51.473833,7.449368,165.03,13.27,0.67,136.30,1,-86,-6,3,6,51,7,29568768,415,48,6.00,17.61,45.00,1815
499.90,1547474546,4246.97,51.472801,7.455577,166.23,14.97,0.62,122.38,1,-72,-4,19,1,63,7,29568768,415,49,0.50,6.02,45.00,1815
509.85,1547474555,4412.42,51.472574,7.453225,165.68,16.69,-0.29,105.27,1,-81,-5,23,12,54,7,29568768,415,50,6.00,20.11,36.00,1815
519.83,1547474565,4581.38,51.472801,7.455577,164.24,17.25,0.01,109.60,1,-83,-5,24,15,53,7,29568768,415,51,1.00,13.91,37.00,1815
529.86,1547474575,4748.49,51.471547,7.457726,158.47,15.66,-0.34,117.03,1,-89,-6,15,12,48,7,29568768,415,52,8.00,18.58,37.00,1815
539.87,1547474586,4869.06,51.472801,7.455577,155.89,5.56,-2.02,116.25,1,-94,-10,10,10,47,7,29568768,415,53,5.00,14.31,36.00,1815
549.84,1547474595,4880.42,51.471043,7.459309,155.87,0.00,0.00,115.64,1,-95,-9,9,11,45,7,29568768,415,54,3.00,11.03,42.00,1815
559.84,1547474605,4880.42,51.472801,7.455577,155.69,0.00,0.00,115.64,1,-96,-9,4,8,45,7,29568768,415,55,5.00,13.26,42.00,1815
569.85,1547474615,4880.42,51.471043,7.459309,155.54,0.00,0.00,115.64,1,-100,-9,9,9,39,7,29568768,415,56,6.00,15.79,47.00,1815
579.85,1547474625,4880.42,51.472801,7.455577,154.07,0.00,0.00,113.24,1,-96,-10,1,7,45,7,29568768,415,57,3.00,8.13,54.00,1815
589.82,1547474635,4975.15,51.470630,7.460861,152.80,14.08,0.44,112.83,1,-92,-8,0,6,47,6,29568769,416,58,2.00,10.11,36.00,1815
599.90,1547474645,5119.32,51.470081,7.462740,156.28,14.24,0.46,115.88,1,-100,-9,-2,6,39,13,26378498,495,59,0.10,4.08,45.00,1815
609.84,1547474655,5266.02,51.469574,7.464757,155.56,18.15,0.58,108.64,1,-100,-9,2,9,40,13,26378498,495,60,2.00,5.15,39.00,1815
619.85,1547474666,5440.01,51.481743,7.470659,154.81,17.44,-0.18,89.37,1,-95,-8,5,7,43,14,29401601,354,61,1.00,9.45,34.00,1815
629.84,1547474675,5621.92,51.469679,7.469953,151.93,20.49,0.84,80.43,1,-103,-12,-3,8,40,14,29401601,354,62,10.00,14.37,46.00,1815
639.82,1547474685,5819.18,51.464429,7.462622,160.48,19.94,0.58,95.26,1,-103,-9,6,7,36,20,31263232,281,63,5.00,11.42,44.00,1815
649.82,1547474695,6003.79,51.469532,7.475381,167.01,16.58,-0.63,96.88,1,-101,-11,-4,5,42,8,26378497,496,64,5.00,4.75,107.00,1815
659.82,1547474705,6159.92,51.470097,7.477245,171.90,12.93,-0.65,83.43,1,-97,-13,-7,6,47,9,29913344,432,65,0.50,7.29,37.00,1815
669.86,1547474715,6232.79,51.469714,7.478681,170.47,0.52,-0.67,76.03,1,-92,-9,7,8,48,9,29913344,432,66,9.00,17.66,43.00,1815
679.82,1547474726,6257.31,51.473752,7.482033,169.02,9.68,0.84,76.46,1,-88,-6,10,10,50,8,26378497,496,67,8.00,36.38,46.00,1815
689.90,1547474736,6372.70,51.470138,7.480849,171.65,14.40,0.01,71.48,1,-88,-10,-1,7,52,8,26378497,496,68,10.00,16.89,40.00,1815
699.84,1547474745,6476.61,51.473752,7.482033,175.98,12.84,1.11,162.70,1,-92,-7,4,8,47,8,26378497,496,69,10.00,9.63,61.00,1815
709.87,1547474755,6607.75,51.468678,7.482308,173.16,15.11,0.59,166.73,1,-93,-12,-2,7,50,8,26378497,496,70,5.00,9.28,38.00,1815
719.85,1547474765,6753.82,51.469507,7.481312,173.89,14.43,0.23,172.81,1,-93,-6,11,14,45,7,29913344,432,71,3.00,15.36,39.00,1815
729.86,1547474775,6893.09,51.466128,7.482392,170.28,15.95,1.59,200.29,1,-85,-6,9,12,51,7,29913344,432,72,0.50,8.89,37.00,1815
739.84,1547474786,7046.71,51.469507,7.481312,172.22,16.55,1.05,201.00,1,-86,-7,10,15,51,7,29913344,432,73,8.00,16.71,36.00,1815
749.89,1547474796,7197.00,51.463584,7.480845,171.84,13.27,-0.19,195.96,1,-83,-6,25,15,53,2,29913346,433,74,4.00,17.33,45.00,1815
759.88,1547474805,7326.76,51.461309,7.475300,175.22,8.46,-2.15,196.41,1,-73,-6,27,15,63,2,29913346,433,75,4.00,16.16,45.00,1815
769.86,1547474815,7348.85,51.462247,7.480268,176.49,2.48,0.00,196.74,1,-85,-6,14,9,52,2,29913346,433,76,9.00,22.80,36.00,1815
779.83,1547474825,7363.83,51.461309,7.475300,179.75,5.50,0.06,132.72,1,-90,-6,13,8,48,2,29913346,433,77,8.00,19.41,40.00,1815
789.92,1547474836,7457.15,51.461988,7.481680,173.89,11.94,0.09,91.71,1,-88,-8,16,12,49,2,29913346,433,78,9.00,15.24,60.00,1815
799.84,1547474846,7568.73,51.461453,7.483367,174.58,10.87,0.29,90.96,1,-82,-8,19,14,56,2,29913345,434,79,5.00,13.86,40.00,1815
809.86,1547474855,7652.49,51.461689,7.484282,177.18,10.10,0.75,162.10,1,-82,-9,17,10,58,2,29913345,434,80,9.00,22.46,37.00,1815
819.84,1547474865,7781.90,51.461453,7.483367,190.36,13.68,0.22,178.78,1,-91,-9,11,9,49,2,29913345,434,81,4.00,9.35,40.00,1815
829.84,1547474875,7901.85,51.459386,7.484310,196.52,11.08,-0.25,191.77,1,-101,-9,5,8,38,2,29913345,434,82,1.00,5.35,45.00,1815
839.83,1547474886,8017.50,51.461453,7.483367,202.89,8.78,-1.75,191.58,1,-103,-12,-2,4,39,2,29913345,434,83,10.00,13.82,39.00,1815
849.84,1547474895,8121.48,51.457386,7.483607,210.51,12.42,0.26,193.02,1,-96,-8,10,8,42,7,28371200,68,84,0.10,4.68,41.00,1815
860.08,1547474906,8280.31,51.455951,7.483243,217.08,14.95,-0.16,185.24,1,-92,-11,10,9,49,7,28371200,68,85,6.00,8.87,41.00,1815
869.85,1547474915,8414.82,51.454745,7.483460,222.24,15.00,0.18,167.88,1,-90,-5,21,15,44,6,28371202,67,86,8.00,28.26,47.00,1815
879.84,1547474925,8572.07,51.454155,7.483935,230.06,14.99,-0.29,137.35,1,-90,-5,16,10,47,6,28371202,67,87,9.00,30.06,64.00,1815