time_s,timestamp_ms,distance_m,latitude,longitude,altitude,velocity_mps,acceleration_mpss,direction,isRegistered,rsrp_dbm,rsrq_db,rssnr_db,cqi,ss,ta,ci,pci,id,payload_mb,throughput_mbits,rtt_ms,f_mhz
9.70,1547474051,108.44,51.490583,7.414133,159.20,15.35,0.32,77.90,1,-102,-13,-1,4,35,7,13828122,452,0,0.10,4.04,49.00,1845
20.31,1547474062,268.51,51.490660,7.416385,156.77,11.79,-1.54,96.09,1,-93,-12,-4,6,41,6,13416987,62,1,4.00,1.66,358.00,1845
31.14,1547474073,309.50,51.490562,7.416888,156.74,0.00,0.00,103.49,1,-97,-12,2,9,40,6,13416987,62,2,3.00,0.77,1322.00,1845
40.05,1547474081,309.50,51.490562,7.416888,156.71,0.00,0.00,103.49,1,-97,-12,3,5,41,6,13416987,62,3,3.00,1.42,75.00,1845
50.91,1547474093,309.50,51.490562,7.416888,156.70,0.00,0.00,103.49,1,-97,-13,2,5,42,6,13416987,62,4,0.10,0.14,7030.00,1845
61.60,1547474103,309.50,51.490507,7.416960,156.52,0.00,0.00,103.49,1,-98,-14,2,6,39,6,13416987,62,5,7.00,1.87,789.00,1845
70.71,1547474112,311.61,51.490424,7.417171,156.72,3.96,1.84,136.51,1,-98,-13,2,5,40,6,13416987,62,6,0.10,0.22,701.00,1845
85.85,1547474128,508.20,51.488613,7.417755,154.25,16.20,0.13,177.46,1,-100,-15,-4,5,40,6,13416987,62,7,2.00,0.89,1884.00,1845
92.12,1547474134,623.12,51.487585,7.417744,154.10,16.27,-0.04,174.14,1,-99,-13,-5,5,39,5,13416986,61,8,0.50,0.59,1174.00,1845
101.18,1547474143,763.50,51.486506,7.418726,145.12,14.49,-0.09,178.28,1,-103,-16,-7,4,39,5,13416986,61,9,0.50,0.88,968.00,1845
111.75,1547474154,889.18,51.485446,7.418664,146.04,12.17,0.15,155.76,1,-104,-14,-5,5,34,5,13416986,61,10,7.00,1.45,1201.00,1845
122.42,1547474164,1029.49,51.484246,7.418682,150.21,14.22,0.20,205.82,1,-108,-15,-7,4,33,5,13416986,61,11,4.00,1.16,1565.00,1845
130.29,1547474172,1149.48,51.483323,7.417733,149.97,14.95,-0.19,211.96,1,-106,-17,-8,5,36,43,12897049,306,12,7.00,2.62,304.00,1845
143.31,1547474185,1332.67,51.481833,7.416722,149.99,9.83,-2.21,199.83,1,-99,-14,0,6,39,18,13427483,146,13,0.10,0.28,1734.00,1845
150.90,1547474192,1360.92,51.481669,7.416628,151.92,0.00,0.00,178.77,1,-92,-11,0,7,44,12,13495579,134,14,0.10,3.16,1058.00,1845
159.63,1547474201,1360.92,51.481669,7.416628,152.01,0.00,0.00,178.77,1,-101,-14,-3,4,39,12,13495579,134,15,5.00,4.30,37.00,1845
169.79,1547474211,1374.50,51.481467,7.416631,154.62,4.18,0.69,135.43,1,-87,-12,1,6,50,9,13884185,27,16,9.00,6.24,80.00,1845
179.93,1547474222,1465.84,51.481524,7.417964,151.58,11.97,0.44,82.96,1,-90,-12,4,5,47,9,13884185,27,17,3.00,2.83,245.00,1845
189.63,1547474231,1597.78,51.481600,7.419945,147.16,14.57,0.10,85.54,1,-89,-11,-2,7,45,11,13495579,134,18,9.00,3.13,38.00,1845
201.51,1547474243,1774.81,51.481875,7.422478,145.75,14.67,-0.04,76.71,1,-105,-18,-5,3,38,11,13495577,135,19,6.00,1.86,457.00,1845
210.92,1547474252,1908.25,51.482146,7.424381,134.21,15.46,0.19,77.96,1,-94,-13,-2,6,43,13,13825561,339,20,5.00,2.26,694.00,1845
221.31,1547474263,2063.23,51.482448,7.426569,136.34,12.84,-0.59,77.37,1,-91,-11,5,7,45,13,13825561,339,21,5.00,3.34,1533.00,1845
229.86,1547474271,2148.12,51.482576,7.427808,139.09,10.18,1.59,81.44,1,-89,-12,3,6,47,13,13825561,339,22,3.00,3.36,211.00,1845
239.65,1547474281,2181.53,51.482578,7.428285,139.12,0.00,0.00,93.56,1,-85,-10,0,7,49,13,13823003,266,23,2.00,7.30,46.00,1845
249.66,1547474291,2190.31,51.482587,7.428682,144.41,10.19,1.42,90.08,1,-84,-8,-2,6,48,13,13823003,266,24,1.00,1.77,127.00,1845
259.64,1547474301,2325.14,51.482443,7.430643,146.24,13.62,-0.30,96.72,1,-92,-12,4,7,44,13,13823003,266,25,1.00,6.58,70.00,1845
269.66,1547474311,2453.67,51.482264,7.432477,147.45,13.00,0.39,96.64,1,-80,-12,-3,11,55,13,13823003,266,26,6.00,11.46,76.00,1845
279.63,1547474321,2582.02,51.482121,7.434321,150.55,13.16,0.04,96.35,1,-83,-7,13,11,49,13,13823003,266,27,3.00,8.14,98.00,1845
289.66,1547474331,2700.42,51.481984,7.436042,151.95,9.90,-0.45,97.59,1,-84,-7,13,8,48,13,13823003,266,28,4.00,6.42,117.00,1845
299.66,1547474341,2801.29,51.481865,7.437500,154.66,10.09,0.01,96.15,1,-69,-6,24,15,56,13,13823003,266,29,2.00,12.81,59.00,1845
309.69,1547474351,2852.18,51.481848,7.438278,154.17,2.22,0.84,95.63,1,-67,-6,31,14,63,13,13823003,266,30,0.10,4.17,73.00,1845
319.63,1547474361,2896.12,51.481770,7.439033,155.37,9.33,1.25,95.67,1,-64,-5,25,12,63,13,13823003,266,31,9.00,16.19,37.00,1845
329.66,1547474371,2987.01,51.481706,7.440291,155.15,7.58,-0.16,94.71,1,-71,-6,20,12,61,13,13823003,266,32,8.00,6.82,55.00,1845
339.66,1547474381,3031.76,51.481663,7.440919,156.56,0.00,0.00,98.86,1,-69,-11,10,9,63,13,13823003,266,33,4.00,6.37,39.00,1845
349.65,1547474391,3031.76,51.481663,7.440919,156.70,0.00,0.00,98.86,1,-70,-7,15,11,62,13,13823003,266,34,6.00,10.27,48.00,1845
359.62,1547474401,3048.88,51.481627,7.441385,162.78,6.43,-0.02,103.70,1,-72,-9,16,8,62,13,13823003,266,35,10.00,10.48,43.00,1845
369.63,1547474412,3141.30,51.481067,7.442446,160.68,10.64,0.27,134.31,1,-73,-11,8,9,61,1,13823002,265,36,7.00,14.43,40.00,1845
379.61,1547474421,3237.92,51.480359,7.443122,159.35,9.81,0.43,178.39,1,-64,-7,22,9,63,1,13823002,265,37,7.00,6.92,35.00,1845
389.66,1547474432,3352.06,51.479437,7.443815,160.24,12.73,-0.01,151.53,1,-78,-9,5,12,55,10,12896793,375,38,7.00,5.15,55.00,1845
399.66,1547474442,3486.71,51.478383,7.444727,160.74,14.21,0.24,151.48,1,-80,-8,8,11,53,10,12896793,375,39,9.00,14.77,70.00,1845
409.67,1547474451,3632.91,51.477220,7.445748,161.40,14.80,-0.10,151.45,1,-74,-6,18,9,56,10,12896793,375,40,3.00,2.63,45.00,1845
419.71,1547474461,3775.70,51.476094,7.446711,160.26,13.68,-0.23,151.84,1,-65,-9,20,15,63,10,12896793,375,41,7.00,10.27,53.00,1845
429.68,1547474471,3902.39,51.475080,7.447638,161.10,12.25,-0.31,147.19,1,-78,-11,18,12,59,10,12896793,375,42,1.00,1.45,38.00,1845
439.65,1547474481,3993.51,51.474496,7.448372,164.49,0.61,-1.64,142.07,1,-76,-7,11,11,56,10,12896793,375,43,1.00,2.63,37.00,1845
449.66,1547474491,3994.13,51.474496,7.448372,164.41,0.00,0.00,142.07,1,-80,-9,13,12,56,10,12896793,375,44,9.00,7.04,66.00,1845
459.94,1547474501,3994.13,51.474496,7.448372,164.35,0.00,0.00,142.07,1,-80,-8,12,12,54,10,12896793,375,45,1.00,1.98,79.00,1845
469.65,1547474511,3994.13,51.474496,7.448372,164.31,0.00,0.00,142.07,1,-79,-9,13,11,55,10,12896793,375,46,5.00,7.02,54.00,1845
479.66,1547474522,3997.59,51.474392,7.448492,165.79,5.57,2.11,141.54,1,-80,-7,16,10,50,10,12896793,375,47,2.00,4.11,52.00,1845
489.68,1547474531,4094.51,51.473702,7.449488,169.64,14.80,1.55,135.24,1,-69,-8,15,15,63,10,12896793,375,48,3.00,3.79,118.00,1845
499.67,1547474541,4236.43,51.472953,7.451156,169.95,15.44,0.51,120.20,1,-79,-9,10,8,56,1,12896794,376,49,0.50,3.29,120.00,1845
509.67,1547474551,4403.56,51.472503,7.453454,168.56,16.52,-0.18,104.53,1,-63,-7,21,15,63,1,12896794,376,50,4.00,13.03,68.00,1845
519.66,1547474561,4573.59,51.472084,7.455814,166.89,17.37,-0.03,110.86,1,-82,-7,16,11,50,1,12896794,376,51,0.50,3.52,75.00,1845
529.65,1547474571,4739.41,51.471460,7.457898,159.92,15.06,-0.57,116.68,1,-91,-8,9,9,42,1,12896794,376,52,2.00,2.56,51.00,1845
539.63,1547474581,4849.72,51.471043,7.459231,154.61,3.23,-2.43,115.10,1,-89,-7,13,9,43,1,12896794,376,53,8.00,8.66,121.00,1845
549.66,1547474591,4855.45,51.471033,7.459272,154.58,0.00,0.00,117.01,1,-88,-7,11,9,46,1,12896794,376,54,0.10,3.72,47.00,1845
559.65,1547474601,4855.45,51.471033,7.459272,154.63,0.00,0.00,117.01,1,-88,-9,7,8,47,1,12896794,376,55,0.10,4.02,46.00,1845
569.65,1547474611,4855.45,51.471033,7.459272,154.85,0.00,0.00,117.01,1,-86,-7,16,9,47,1,12896794,376,56,7.00,12.44,55.00,1845
579.70,1547474621,4865.00,51.470944,7.459543,156.54,6.66,1.18,117.38,1,-86,-9,14,9,48,1,12896794,376,57,0.10,3.49,59.00,1845
589.65,1547474631,4972.97,51.470565,7.461005,156.88,14.84,0.84,113.48,1,-85,-8,2,5,48,1,12896794,376,58,5.00,9.39,47.00,1845
599.67,1547474641,5117.70,51.470011,7.462903,157.06,13.93,-0.35,115.12,1,-91,-8,9,8,40,1,12896794,376,59,1.00,1.73,69.00,1845
609.64,1547474651,5269.42,51.469524,7.465013,157.60,17.60,-0.20,105.62,1,-93,-7,3,8,39,1,12896794,376,60,4.00,10.56,59.00,1845
619.64,1547474661,5442.57,51.469428,7.467485,158.52,17.75,0.27,87.33,1,-95,-10,5,5,42,1,12896794,376,61,0.50,2.61,86.00,1845
629.64,1547474671,5629.19,51.469693,7.470175,160.96,20.37,-0.26,81.41,1,-93,-8,8,10,40,1,12896794,376,62,4.00,5.24,58.00,1845
639.66,1547474681,5826.61,51.469765,7.473024,163.80,19.68,-0.04,93.71,1,-99,-12,-6,2,39,1,12896794,376,63,5.00,3.29,48.00,1845
651.15,1547474693,6042.40,51.469514,7.476073,168.29,16.91,-0.20,93.81,1,-97,-12,0,7,40,13,12909339,289,64,5.00,5.62,613.00,1845
659.64,1547474701,6163.55,51.469589,7.477826,172.17,12.77,-0.67,81.93,1,-87,-11,9,9,48,13,12909339,289,65,7.00,6.68,58.00,1845
669.66,1547474711,6224.67,51.469708,7.478600,176.37,0.00,-0.63,65.45,1,-90,-12,8,7,48,13,12909339,289,66,10.00,9.98,51.00,1845
679.65,1547474721,6265.33,51.469837,7.479296,175.97,9.91,0.20,73.30,1,-91,-7,10,8,41,13,12909339,289,67,0.10,4.73,50.00,1845
689.64,1547474731,6385.42,51.470189,7.480977,175.77,13.74,-0.62,72.93,1,-86,-10,3,6,45,16,12909593,141,68,2.00,6.24,39.00,1845
699.67,1547474741,6483.21,51.469761,7.481871,174.13,13.52,1.03,163.12,1,-87,-11,17,5,49,8,12909339,289,69,1.00,2.25,70.00,1845
709.65,1547474751,6616.30,51.468557,7.482355,177.19,15.08,-0.10,165.63,1,-88,-11,10,10,48,8,12909339,289,70,0.10,3.74,112.00,1845
719.64,1547474761,6762.45,51.467264,7.482767,175.30,14.24,-0.09,174.84,1,-90,-11,12,11,47,8,12909339,289,71,2.00,3.82,81.00,1845
729.63,1547474771,6902.61,51.466022,7.482376,172.38,14.76,0.55,197.48,1,-96,-9,9,6,38,8,12909339,289,72,6.00,5.06,57.00,1845
739.71,1547474782,7053.36,51.464742,7.481417,166.95,16.70,0.48,199.96,1,-94,-13,3,6,44,8,12909339,289,73,3.00,2.04,57.00,1845
750.33,1547474792,7213.49,51.463365,7.480736,174.00,13.65,0.40,196.64,1,-91,-10,1,6,43,7,12909595,143,74,1.00,3.28,1292.00,1845
759.66,1547474801,7325.81,51.462430,7.480310,177.60,5.80,-2.72,195.02,1,-90,-9,4,7,44,7,12909595,143,75,1.00,5.52,35.00,1845
769.64,1547474811,7350.56,51.462252,7.480231,177.97,1.37,-1.12,197.95,1,-91,-7,20,10,42,7,12909595,143,76,8.00,9.56,33.00,1845
779.71,1547474821,7367.35,51.462060,7.480308,176.60,6.31,1.01,102.13,1,-92,-8,9,9,40,7,12909595,143,77,8.00,6.87,42.00,1845
789.73,1547474832,7467.70,51.462010,7.481796,178.50,11.92,-0.16,92.39,1,-94,-12,7,9,42,7,12909595,143,78,4.00,2.98,74.00,1845
800.12,1547474842,7588.41,51.461973,7.483583,182.03,10.50,0.00,92.04,1,-100,-14,-3,5,38,7,12909595,143,79,5.00,12.31,219.00,1845
809.62,1547474851,7667.11,51.461571,7.484374,183.27,9.82,0.49,164.25,1,-78,-6,19,12,53,5,12909593,141,80,8.00,19.96,34.00,1845
819.62,1547474861,7796.18,51.460418,7.484439,188.94,13.44,-0.03,182.02,1,-76,-6,18,12,56,5,12909593,141,81,3.00,16.75,38.00,1845
829.62,1547474872,7916.30,51.459316,7.484221,197.02,11.85,0.62,190.93,1,-79,-9,4,9,54,5,12909593,141,82,7.00,8.19,36.00,1845
839.62,1547474881,8032.88,51.458301,7.483894,203.76,7.49,-1.42,192.19,1,-75,-8,13,12,59,0,12909595,143,83,5.00,5.37,117.00,1845
849.67,1547474891,8141.96,51.457288,7.483576,210.42,12.84,0.28,191.63,1,-82,-10,4,3,53,0,12909595,143,84,5.00,5.58,38.00,1845
859.65,1547474902,8288.40,51.455967,7.483259,214.56,15.15,-0.22,185.19,1,-89,-7,6,7,42,3,12909594,142,85,8.00,11.13,37.00,1845
869.65,1547474911,8436.97,51.454645,7.483522,219.50,14.83,0.15,164.94,1,-80,-5,18,12,50,3,12909594,142,86,8.00,10.26,37.00,1845