time_s,timestamp_ms,distance_m,latitude,longitude,altitude,velocity_mps,acceleration_mpss,direction,isRegistered,rsrp_dbm,rsrq_db,rssnr_db,cqi,ss,ta,ci,pci,id,payload_mb,throughput_mbits,rtt_ms,txPower_dbm,f_mhz
9.66,1547729663,107.45,51.509891,7.468999,146.22,12.33,0.00,72.07,1,-94,-7,17,5,42,6,26379013,199,0,0.10,2.75,41.00,17.73,2530
19.68,1547729673,247.64,51.510639,7.470715,143.86,14.55,0.08,51.12,1,-91,-6,21,11,46,5,27256325,372,1,1.00,14.47,43.00,16.22,2530
29.68,1547729683,400.50,51.511713,7.472121,139.99,15.10,0.13,39.14,1,-85,-5,20,13,52,5,27256325,372,2,5.00,31.40,40.00,11.95,2530
39.67,1547729693,543.11,51.512879,7.472876,139.36,15.36,0.52,6.63,1,-90,-5,16,12,46,5,27256325,372,3,0.50,7.41,41.00,16.97,2530
49.73,1547729703,651.66,51.513737,7.472944,149.50,2.28,-3.17,2.76,1,-92,-5,5,6,45,10,29398276,358,4,10.00,32.51,38.00,11.44,2530
59.70,1547729713,654.93,51.513873,7.472959,150.65,5.56,0.00,8.90,1,-90,-6,35,15,48,10,29398276,358,5,5.00,19.18,49.00,10.03,2530
69.68,1547729723,734.10,51.514634,7.472969,148.48,4.73,-0.31,4.15,1,-91,-6,21,15,47,10,29398276,358,6,4.00,22.97,37.00,18.42,2530
79.74,1547729733,743.76,51.514689,7.472981,148.29,0.00,0.00,5.47,1,-91,-6,23,10,47,10,29398276,358,7,8.00,18.99,39.00,14.23,2530
89.85,1547729743,743.76,51.514689,7.472981,147.52,0.00,0.00,5.47,1,-91,-5,20,9,47,10,29398276,358,8,7.00,17.80,40.00,11.02,2530
99.71,1547729753,743.76,51.514689,7.472981,147.03,0.00,0.00,5.47,1,-91,-6,20,7,48,10,29398276,358,9,5.00,26.60,43.00,14.05,2530
109.72,1547729764,743.76,51.514689,7.472981,146.73,0.00,0.00,5.47,1,-91,-6,22,10,47,10,29398276,358,10,7.00,30.57,63.00,14.06,2530
119.71,1547729773,743.76,51.514689,7.472981,146.20,0.00,0.00,5.47,1,-91,-6,24,12,47,10,29398276,358,11,1.00,7.25,54.00,15.83,2530
129.69,1547729783,759.64,51.514999,7.473003,140.02,10.12,1.03,2.79,1,-94,-6,13,9,44,10,29398276,358,12,3.00,16.68,37.00,19.17,2530
139.73,1547729793,898.47,51.516180,7.472274,132.38,16.97,-0.23,319.76,1,-97,-7,10,7,40,10,29398276,358,13,9.00,22.26,39.00,17.75,2530
149.70,1547729803,1063.96,51.516866,7.470160,133.05,15.60,-0.02,292.01,1,-92,-6,8,9,45,10,29398276,358,14,3.00,18.24,44.00,18.83,2530
159.74,1547729814,1204.66,51.517248,7.468282,131.72,11.30,0.15,289.61,1,-92,-6,14,8,44,9,29398276,358,15,10.00,22.35,38.00,18.52,2530
169.69,1547729823,1295.65,51.517624,7.467058,134.04,12.62,0.52,295.18,1,-96,-8,12,7,43,9,29398276,358,16,0.10,2.79,40.00,19.98,2530
179.71,1547729833,1428.19,51.517857,7.465111,133.96,8.82,0.35,274.43,1,-98,-12,1,5,47,11,26376708,470,17,3.00,17.96,54.00,20.66,2530
189.73,1547729844,1520.87,51.517706,7.463764,130.01,7.03,-0.41,253.80,1,-88,-7,10,8,51,13,26796291,24,18,3.00,15.48,52.00,16.80,2530
199.67,1547729854,1594.57,51.517413,7.462762,136.39,9.35,0.07,247.13,1,-89,-7,13,7,50,8,26378754,443,19,2.00,20.41,66.00,14.86,2530
209.70,1547729863,1674.63,51.517151,7.461783,139.82,4.54,-0.75,249.79,1,-85,-6,12,9,53,8,26378754,443,20,2.00,14.95,68.00,14.21,2530
219.70,1547729874,1786.04,51.516795,7.460033,133.21,14.54,-0.33,253.17,1,-77,-5,26,15,60,8,26378754,443,21,1.00,9.67,73.00,7.05,2530
229.69,1547729883,1918.04,51.516557,7.458202,126.65,9.18,-0.88,257.87,1,-88,-7,9,8,49,8,26378754,443,22,2.00,15.17,73.00,13.69,2530
239.68,1547729894,1965.14,51.516483,7.457491,128.16,1.34,-0.06,258.45,1,-85,-6,14,10,52,10,27029251,331,23,2.00,18.41,39.00,7.97,2530
249.67,1547729904,1967.61,51.516484,7.457454,128.94,0.00,0.00,255.42,1,-88,-6,14,8,49,10,27029251,331,24,5.00,24.30,37.00,18.58,2530
259.64,1547729913,2011.12,51.516347,7.456699,132.77,7.54,0.00,249.09,1,-88,-6,28,7,47,10,27029251,331,25,0.10,5.26,35.00,9.77,2530
269.69,1547729924,2081.90,51.516001,7.455734,132.76,9.52,-0.11,237.11,1,-82,-9,2,4,58,3,26378754,443,26,4.00,18.77,52.00,15.70,2530
279.67,1547729933,2181.50,51.515094,7.455099,132.20,10.92,0.73,179.99,1,-84,-10,12,8,57,3,26796291,24,27,3.00,24.87,39.00,11.33,2530
289.67,1547729943,2286.46,51.514164,7.455376,138.12,3.19,-1.47,170.61,1,-69,-8,12,9,63,3,26796291,24,28,4.00,25.00,40.00,-1.73,2530
299.69,1547729954,2291.21,51.514145,7.455382,137.63,0.00,0.00,169.81,1,-70,-9,11,10,63,3,26796291,24,29,2.00,16.74,38.00,0.08,2530
309.68,1547729963,2291.21,51.514145,7.455382,137.21,0.00,0.00,169.81,1,-70,-8,12,11,63,3,26796291,24,30,0.50,8.57,45.00,2.80,2530
319.67,1547729973,2291.21,51.514145,7.455382,137.06,0.00,0.00,169.81,1,-70,-8,10,9,63,3,26796291,24,31,0.10,3.52,50.00,1.91,2530
329.71,1547729983,2291.21,51.514145,7.455382,136.84,0.00,0.00,169.81,1,-71,-9,9,7,63,3,26796291,24,32,9.00,29.02,40.00,-3.45,2530
339.68,1547729993,2291.21,51.514145,7.455382,136.88,0.00,0.00,169.81,1,-70,-7,10,12,63,3,26796291,24,33,4.00,20.82,43.00,0.03,2530
349.90,1547730004,2291.21,51.514145,7.455382,137.18,0.00,0.00,173.22,1,-69,-8,13,10,63,3,26796291,24,34,8.00,24.27,57.00,-2.66,2530
359.71,1547730013,2386.73,51.513135,7.455926,142.33,11.86,-1.44,141.63,1,-82,-8,9,6,58,1,26796290,25,35,6.00,14.38,53.00,12.84,2530
369.71,1547730023,2529.73,51.512369,7.457661,154.19,15.52,0.16,126.17,1,-88,-6,10,8,51,3,26378755,441,36,8.00,20.65,46.00,16.36,2530
379.69,1547730033,2682.21,51.511587,7.459463,153.58,15.18,0.36,126.14,1,-89,-7,9,8,49,3,26378755,441,37,0.10,3.59,75.00,16.64,2530
389.74,1547730043,2829.99,51.510674,7.461088,146.78,12.37,-1.91,136.33,1,-90,-7,13,8,49,3,26378755,441,38,4.00,21.72,66.00,19.88,2530
399.74,1547730053,2900.14,51.510239,7.461780,159.60,0.00,-0.68,122.49,1,-90,-9,7,6,51,3,26378755,441,39,4.00,22.63,59.00,19.44,2530
409.74,1547730064,2900.14,51.510239,7.461780,158.86,0.00,0.00,122.49,1,-89,-10,2,6,53,3,26378755,441,40,10.00,21.40,59.00,18.67,2530
419.71,1547730073,2951.33,51.509895,7.462719,142.56,9.63,-0.52,104.64,1,-85,-7,6,8,53,5,27299332,326,41,8.00,21.45,43.00,16.22,2530
429.67,1547730084,3025.09,51.509812,7.463762,147.40,4.85,-0.37,96.17,1,-81,-6,16,12,55,5,27299332,326,42,2.00,17.47,41.00,6.93,2530