time_s,timestamp_ms,distance_m,latitude,longitude,altitude,velocity_mps,acceleration_mpss,direction,isRegistered,rsrp_dbm,rsrq_db,rssnr_db,cqi,ss,ta,ci,pci
11.09,1547802469,142.74,51.510026,7.469374,147.63,13.76,0.00,58.82,0,-90,-11,0,0,53,0,0,399
11.10,1547802469,142.81,51.510026,7.469374,147.63,13.76,0.00,58.82,0,-81,-10,0,0,59,0,0,320
11.10,1547802469,142.82,51.510026,7.469374,147.63,13.76,0.00,58.82,0,-86,-14,0,0,58,0,0,443
12.09,1547802470,156.46,51.510101,7.469539,147.55,14.12,0.00,58.56,0,-90,-11,0,0,53,0,0,399
12.09,1547802470,156.47,51.510101,7.469539,147.55,14.12,0.00,58.56,0,-81,-10,0,0,59,0,0,320
12.09,1547802470,156.47,51.510101,7.469539,147.55,14.12,0.00,58.56,0,-86,-14,0,0,58,0,0,443
15.09,1547802473,199.47,51.510333,7.470044,147.34,14.40,0.00,57.53,0,-91,-19,0,0,58,0,0,31
16.09,1547802474,213.88,51.510407,7.470207,147.21,14.34,0.00,56.98,0,-91,-19,0,0,58,0,0,31
17.09,1547802475,228.22,51.510490,7.470391,147.19,14.01,0.00,55.58,0,-103,-12,0,0,41,0,0,21
17.09,1547802475,228.23,51.510490,7.470391,147.19,14.01,0.00,55.58,0,-86,-13,0,0,55,0,0,441
18.09,1547802476,242.23,51.510564,7.470553,147.18,13.01,0.00,54.45,0,-103,-12,0,0,41,0,0,21
18.09,1547802476,242.24,51.510564,7.470553,147.18,13.01,0.00,54.45,0,-86,-13,0,0,55,0,0,441
19.09,1547802477,255.23,51.510632,7.470689,147.18,10.86,0.00,51.63,0,-90,-15,0,0,54,0,0,441
19.09,1547802477,255.24,51.510632,7.470689,147.18,10.86,0.00,51.63,0,-91,-16,0,0,54,0,0,31
20.09,1547802478,266.09,51.510692,7.470788,147.16,8.77,0.00,49.03,0,-90,-15,0,0,54,0,0,441
20.09,1547802478,266.10,51.510692,7.470788,147.16,8.77,0.00,49.03,0,-91,-16,0,0,54,0,0,31
21.10,1547802479,274.92,51.510742,7.470861,146.87,7.32,0.00,46.71,0,-88,-15,0,0,57,0,0,441
21.10,1547802479,274.92,51.510742,7.470861,146.87,7.32,0.00,46.71,0,-89,-16,0,0,56,0,0,443
22.09,1547802480,282.18,51.510789,7.470917,146.63,6.31,0.00,44.44,0,-88,-15,0,0,57,0,0,441
22.09,1547802480,282.18,51.510789,7.470917,146.63,6.31,0.00,44.44,0,-89,-16,0,0,56,0,0,443
23.09,1547802481,288.51,51.510821,7.470956,146.57,4.82,0.00,42.92,0,-88,-15,0,0,57,0,0,441
23.10,1547802481,288.51,51.510821,7.470956,146.57,4.82,0.00,42.92,0,-89,-16,0,0,56,0,0,443
24.09,1547802482,293.30,51.510845,7.470985,146.56,3.40,0.00,43.15,0,-89,-14,0,0,53,0,0,441
24.09,1547802482,293.30,51.510845,7.470985,146.56,3.40,0.00,43.15,0,-92,-16,0,0,53,0,0,443
25.09,1547802483,296.70,51.510860,7.471005,146.52,1.74,0.00,41.61,0,-89,-14,0,0,53,0,0,441
25.09,1547802483,296.70,51.510860,7.471005,146.52,1.74,0.00,41.61,0,-92,-16,0,0,53,0,0,443
26.09,1547802484,298.44,51.510860,7.471005,146.52,0.00,0.00,41.61,0,-87,-12,0,0,55,0,0,441
26.09,1547802484,298.44,51.510860,7.471005,146.52,0.00,0.00,41.61,0,-93,-18,0,0,55,0,0,443
27.09,1547802485,298.44,51.510860,7.471005,146.50,0.00,0.00,41.61,0,-87,-12,0,0,55,0,0,441
27.09,1547802485,298.44,51.510860,7.471005,146.50,0.00,0.00,41.61,0,-93,-18,0,0,55,0,0,443
28.09,1547802486,298.44,51.510860,7.471005,146.49,0.00,0.00,41.61,0,-107,-12,0,0,37,0,0,21
28.09,1547802486,298.44,51.510860,7.471005,146.49,0.00,0.00,41.61,0,-85,-8,0,0,52,0,0,441
29.09,1547802487,298.44,51.510860,7.471005,146.46,0.00,0.00,41.61,0,-107,-12,0,0,37,0,0,21
29.09,1547802487,298.44,51.510860,7.471005,146.46,0.00,0.00,41.61,0,-85,-8,0,0,52,0,0,441
30.09,1547802488,298.44,51.510860,7.471005,146.43,0.00,0.00,41.61,0,-106,-13,0,0,37,0,0,21
30.10,1547802488,298.44,51.510860,7.471005,146.43,0.00,0.00,41.61,0,-85,-9,0,0,54,0,0,441
31.10,1547802489,298.44,51.510860,7.471005,146.39,0.00,0.00,41.61,0,-106,-13,0,0,37,0,0,21
31.10,1547802489,298.44,51.510860,7.471005,146.39,0.00,0.00,41.61,0,-85,-9,0,0,54,0,0,441
32.09,1547802490,298.44,51.510860,7.471005,146.34,0.00,0.00,41.61,0,-107,-18,0,0,43,0,0,21
32.09,1547802490,298.44,51.510860,7.471005,146.34,0.00,0.00,41.61,0,-85,-9,0,0,53,0,0,441
33.09,1547802491,298.44,51.510860,7.471005,146.29,0.00,0.00,41.61,0,-107,-18,0,0,43,0,0,21
33.09,1547802491,298.44,51.510860,7.471005,146.29,0.00,0.00,41.61,0,-85,-9,0,0,53,0,0,441
34.09,1547802492,298.44,51.510860,7.471005,146.24,0.00,0.00,41.61,0,-86,-13,0,0,56,0,0,441
35.09,1547802493,298.44,51.510860,7.471005,146.19,0.00,0.00,41.61,0,-86,-13,0,0,56,0,0,441
36.09,1547802494,298.44,51.510860,7.471005,146.15,0.00,0.00,41.61,0,-86,-10,0,0,54,0,0,441
37.09,1547802495,298.44,51.510860,7.471005,146.10,0.00,0.00,41.61,0,-86,-10,0,0,54,0,0,441
38.09,1547802496,298.44,51.510860,7.471005,146.07,0.00,0.00,41.61,0,-86,-12,0,0,55,0,0,441
39.09,1547802497,298.44,51.510860,7.471005,146.03,0.00,0.00,41.61,0,-86,-12,0,0,55,0,0,441
40.09,1547802498,298.44,51.510860,7.471005,146.01,0.00,0.00,41.61,0,-86,-11,0,0,55,0,0,441
40.10,1547802498,298.44,51.510860,7.471005,146.01,0.00,0.00,41.61,0,-93,-19,0,0,55,0,0,31
41.10,1547802499,298.44,51.510860,7.471005,145.99,0.00,0.00,41.61,0,-86,-11,0,0,55,0,0,441
41.10,1547802499,298.44,51.510860,7.471005,145.99,0.00,0.00,41.61,0,-93,-19,0,0,55,0,0,31
42.10,1547802500,298.44,51.510860,7.471005,145.97,0.00,0.00,41.61,0,-86,-13,0,0,56,0,0,441
43.09,1547802501,298.44,51.510860,7.471005,145.96,0.00,0.00,41.61,0,-86,-13,0,0,56,0,0,441
44.09,1547802502,298.44,51.510860,7.471005,145.95,0.00,0.00,41.61,0,-86,-13,0,0,56,0,0,441
45.09,1547802503,298.44,51.510860,7.471005,145.90,0.00,0.00,42.29,0,-85,-13,0,0,56,0,0,441
46.09,1547802504,298.44,51.510860,7.471005,144.93,0.00,0.00,41.08,0,-85,-13,0,0,56,0,0,441
47.09,1547802505,298.45,51.510954,7.471127,143.85,7.48,0.00,39.86,0,-87,-13,0,0,54,0,0,441
47.09,1547802505,298.45,51.510954,7.471127,143.85,7.48,0.00,39.86,0,-91,-17,0,0,54,0,0,443
48.09,1547802506,305.93,51.511012,7.471201,142.97,7.74,0.00,39.95,0,-87,-13,0,0,54,0,0,441
48.09,1547802506,305.94,51.511012,7.471201,142.97,7.74,0.00,39.95,0,-91,-17,0,0,54,0,0,443
49.09,1547802507,313.66,51.511073,7.471277,142.64,8.71,0.00,40.55,0,-87,-13,0,0,55,0,0,441
50.09,1547802508,322.38,51.511144,7.471370,141.96,10.25,0.00,40.19,0,-87,-13,0,0,55,0,0,441
51.09,1547802509,332.62,51.511221,7.471468,141.17,10.67,0.00,39.55,0,-84,-13,0,0,59,0,0,441
52.09,1547802510,343.30,51.511297,7.471563,140.73,10.81,0.00,39.14,0,-84,-13,0,0,59,0,0,441
53.10,1547802511,354.16,51.511380,7.471665,140.38,11.34,0.00,39.85,0,-80,-11,0,0,60,0,0,441
54.09,1547802512,365.46,51.511457,7.471763,140.14,11.34,0.00,39.80,0,-80,-11,0,0,60,0,0,441
55.10,1547802513,376.86,51.511537,7.471865,139.82,11.46,0.00,39.82,0,-83,-12,0,0,59,0,0,441
56.09,1547802514,388.27,51.511618,7.471972,139.44,11.45,0.00,39.83,0,-83,-12,0,0,59,0,0,441
57.09,1547802515,399.72,51.511704,7.472083,139.03,11.67,0.00,38.86,0,-86,-13,0,0,57,0,0,441
58.09,1547802516,411.36,51.511790,7.472192,138.69,11.41,0.00,39.10,0,-86,-13,0,0,57,0,0,441
59.09,1547802517,422.77,51.511869,7.472291,138.57,11.49,0.00,38.31,0,-83,-12,0,0,58,0,0,441
60.09,1547802518,434.24,51.511949,7.472390,138.25,11.69,0.00,38.56,0,-83,-12,0,0,58,0,0,441
61.09,1547802519,445.94,51.512032,7.472491,137.99,11.80,0.00,37.61,0,-80,-12,0,0,60,0,0,441
62.09,1547802520,457.72,51.512122,7.472592,137.95,11.76,0.00,35.92,0,-80,-12,0,0,60,0,0,441
63.10,1547802521,469.60,51.512212,7.472680,137.75,11.34,0.00,32.71,0,-82,-13,0,0,61,0,0,441
64.09,1547802522,480.86,51.512306,7.472728,137.49,10.76,0.00,18.51,0,-82,-13,0,0,61,0,0,441
65.09,1547802523,491.61,51.512415,7.472777,137.21,11.10,0.00,15.10,0,-82,-13,0,0,61,0,0,441
66.09,1547802524,502.73,51.512522,7.472807,137.11,11.64,0.00,12.03,0,-79,-13,0,0,63,0,0,441
67.09,1547802525,514.37,51.512624,7.472826,136.98,11.59,0.00,9.03,0,-79,-13,0,0,63,0,0,441
72.09,1547802530,572.84,51.513120,7.472860,136.86,11.01,0.00,5.01,0,-104,-18,0,0,45,0,0,400
73.09,1547802531,583.85,51.513222,7.472867,136.76,11.65,0.00,4.55,0,-104,-18,0,0,45,0,0,400
74.09,1547802532,595.57,51.513332,7.472874,136.48,11.84,0.00,3.67,0,-103,-16,0,0,45,0,0,400
74.10,1547802532,595.58,51.513332,7.472874,136.48,11.84,0.00,3.67,0,-91,-16,0,0,53,0,0,301
74.10,1547802532,595.61,51.513332,7.472874,136.48,11.84,0.00,3.67,0,-92,-17,0,0,53,0,0,318
75.09,1547802533,607.40,51.513448,7.472881,136.05,12.28,0.00,3.27,0,-103,-16,0,0,45,0,0,400
75.09,1547802533,607.41,51.513448,7.472881,136.05,12.28,0.00,3.27,0,-91,-16,0,0,53,0,0,301
75.10,1547802533,607.42,51.513448,7.472881,136.05,12.28,0.00,3.27,0,-92,-17,0,0,53,0,0,318
76.09,1547802534,619.66,51.513566,7.472891,135.54,12.77,0.00,3.14,0,-102,-12,0,0,42,0,0,400
76.09,1547802534,619.67,51.513566,7.472891,135.54,12.77,0.00,3.14,0,-88,-13,0,0,54,0,0,301
76.09,1547802534,619.69,51.513566,7.472891,135.54,12.77,0.00,3.14,0,-90,-15,0,0,53,0,0,318
77.09,1547802535,632.43,51.513688,7.472898,134.94,12.76,0.00,3.44,0,-102,-12,0,0,42,0,0,400
77.09,1547802535,632.44,51.513688,7.472898,134.94,12.76,0.00,3.44,0,-88,-13,0,0,54,0,0,301
77.09,1547802535,632.46,51.513688,7.472898,134.94,12.76,0.00,3.44,0,-90,-15,0,0,53,0,0,318
78.09,1547802536,645.20,51.513811,7.472905,133.87,12.67,0.00,3.09,0,-104,-17,0,0,47,0,0,399
78.09,1547802536,645.20,51.513811,7.472905,133.87,12.67,0.00,3.09,0,-83,-13,0,0,59,0,0,301
79.09,1547802537,657.86,51.513922,7.472909,133.10,12.26,0.00,3.01,0,-104,-17,0,0,47,0,0,399
79.09,1547802537,657.87,51.513922,7.472909,133.10,12.26,0.00,3.01,0,-83,-13,0,0,59,0,0,301
80.09,1547802538,670.14,51.514034,7.472913,132.44,12.21,0.00,2.44,0,-105,-16,0,0,43,0,0,399
80.10,1547802538,670.15,51.514034,7.472913,132.44,12.21,0.00,2.44,0,-88,-14,0,0,55,0,0,127
80.10,1547802538,670.17,51.514034,7.472913,132.44,12.21,0.00,2.44,0,-93,-18,0,0,56,0,0,301
81.10,1547802539,682.37,51.514145,7.472918,131.91,12.09,0.00,3.08,0,-105,-16,0,0,43,0,0,399
81.10,1547802539,682.37,51.514145,7.472918,131.91,12.09,0.00,3.08,0,-88,-14,0,0,55,0,0,127
81.10,1547802539,682.42,51.514145,7.472918,131.91,12.09,0.00,3.08,0,-93,-18,0,0,56,0,0,301
82.09,1547802540,694.37,51.514257,7.472925,131.34,11.85,0.00,3.14,0,-104,-16,0,0,46,0,0,399
82.09,1547802540,694.37,51.514257,7.472925,131.34,11.85,0.00,3.14,0,-89,-15,0,0,55,0,0,127
82.09,1547802540,694.37,51.514257,7.472925,131.34,11.85,0.00,3.14,0,-94,-19,0,0,55,0,0,320
83.09,1547802541,706.28,51.514363,7.472931,130.73,11.70,0.00,3.56,0,-104,-16,0,0,46,0,0,399
83.09,1547802541,706.29,51.514363,7.472931,130.73,11.70,0.00,3.56,0,-89,-15,0,0,55,0,0,127
83.10,1547802541,706.30,51.514363,7.472931,130.73,11.70,0.00,3.56,0,-94,-19,0,0,55,0,0,320
84.10,1547802542,718.05,51.514458,7.472937,130.26,10.45,0.00,3.78,0,-88,-14,0,0,55,0,0,127
84.10,1547802542,718.06,51.514458,7.472937,130.26,10.45,0.00,3.78,0,-94,-20,0,0,55,0,0,320
85.09,1547802543,728.43,51.514547,7.472941,129.88,9.36,0.00,4.24,0,-88,-14,0,0,55,0,0,127
85.09,1547802543,728.44,51.514547,7.472941,129.88,9.36,0.00,4.24,0,-94,-20,0,0,55,0,0,320
86.09,1547802544,737.79,51.514620,7.472946,129.64,8.15,0.00,3.53,0,-88,-14,0,0,55,0,0,127
86.09,1547802544,737.79,51.514620,7.472946,129.64,8.15,0.00,3.53,0,-94,-20,0,0,55,0,0,320
87.09,1547802545,745.94,51.514683,7.472949,129.32,6.65,0.00,4.18,0,-106,-16,0,0,42,0,0,399
87.09,1547802545,745.95,51.514683,7.472949,129.32,6.65,0.00,4.18,0,-89,-16,0,0,57,0,0,127
88.09,1547802546,752.58,51.514734,7.472951,129.17,5.09,0.00,4.27,0,-106,-16,0,0,42,0,0,399
88.09,1547802546,752.58,51.514734,7.472951,129.17,5.09,0.00,4.27,0,-89,-16,0,0,57,0,0,127
89.09,1547802547,757.68,51.514774,7.472954,129.19,3.97,0.00,4.09,0,-89,-14,0,0,54,0,0,127
89.09,1547802547,757.68,51.514774,7.472954,129.19,3.97,0.00,4.09,0,-93,-18,0,0,55,0,0,320
90.10,1547802548,761.68,51.514805,7.472958,129.22,2.75,0.00,3.50,0,-89,-14,0,0,54,0,0,127
90.10,1547802548,761.68,51.514805,7.472958,129.22,2.75,0.00,3.50,0,-93,-18,0,0,55,0,0,320
91.09,1547802549,764.40,51.514816,7.472962,129.28,1.51,0.00,4.44,0,-105,-14,0,0,41,0,0,399
91.09,1547802549,764.40,51.514816,7.472962,129.28,1.51,0.00,4.44,0,-90,-16,0,0,54,0,0,320
92.09,1547802550,765.89,51.514816,7.472962,129.29,0.00,0.00,4.44,0,-105,-14,0,0,41,0,0,399
92.09,1547802550,765.89,51.514816,7.472962,129.29,0.00,0.00,4.44,0,-90,-16,0,0,54,0,0,320
93.10,1547802551,765.89,51.514816,7.472962,129.30,0.00,0.00,4.44,0,-91,-16,0,0,54,0,0,127
94.09,1547802552,765.89,51.514816,7.472962,129.31,0.00,0.00,4.44,0,-91,-16,0,0,54,0,0,127
95.09,1547802553,765.89,51.514816,7.472962,129.32,0.00,0.00,4.44,0,-91,-14,0,0,52,0,0,127
96.09,1547802554,765.89,51.514816,7.472962,129.34,0.00,0.00,4.44,0,-91,-14,0,0,52,0,0,127
97.09,1547802555,765.89,51.514816,7.472962,129.36,0.00,0.00,4.44,0,-91,-14,0,0,54,0,0,127
98.09,1547802556,765.89,51.514816,7.472962,129.38,0.00,0.00,4.44,0,-91,-14,0,0,54,0,0,127
99.09,1547802557,765.89,51.514816,7.472962,129.40,0.00,0.00,4.44,0,-91,-15,0,0,53,0,0,127
100.10,1547802558,765.89,51.514816,7.472962,129.42,0.00,0.00,4.44,0,-91,-15,0,0,53,0,0,127
101.10,1547802559,765.89,51.514816,7.472962,129.44,0.00,0.00,4.44,0,-91,-15,0,0,55,0,0,127
102.09,1547802560,765.89,51.514816,7.472962,129.46,0.00,0.00,4.44,0,-91,-15,0,0,55,0,0,127
103.09,1547802561,765.89,51.514816,7.472962,129.48,0.00,0.00,4.44,0,-91,-15,0,0,54,0,0,127
104.09,1547802562,765.89,51.514816,7.472962,129.50,0.00,0.00,4.44,0,-91,-15,0,0,54,0,0,127
105.10,1547802563,765.89,51.514816,7.472962,129.51,0.00,0.00,4.44,0,-91,-15,0,0,55,0,0,127
106.09,1547802564,765.89,51.514816,7.472962,129.52,0.00,0.00,4.44,0,-91,-15,0,0,55,0,0,127
107.09,1547802565,765.89,51.514816,7.472962,129.54,0.00,0.00,4.44,0,-91,-15,0,0,55,0,0,127
108.09,1547802566,765.89,51.514816,7.472962,129.55,0.00,0.00,4.44,0,-91,-16,0,0,55,0,0,127
109.09,1547802567,765.89,51.514816,7.472962,129.56,0.00,0.00,4.44,0,-91,-16,0,0,55,0,0,127
110.09,1547802568,765.89,51.514816,7.472962,129.58,0.00,0.00,4.44,0,-91,-16,0,0,55,0,0,127
111.09,1547802569,765.89,51.514816,7.472962,129.59,0.00,0.00,4.44,0,-91,-16,0,0,55,0,0,127
112.09,1547802570,765.89,51.514816,7.472962,129.61,0.00,0.00,4.44,0,-91,-17,0,0,56,0,0,127
113.09,1547802571,765.89,51.514816,7.472962,129.63,0.00,0.00,4.44,0,-91,-17,0,0,56,0,0,127
114.09,1547802572,765.89,51.514816,7.472962,129.65,0.00,0.00,4.44,0,-90,-15,0,0,55,0,0,127
115.09,1547802573,765.89,51.514816,7.472962,129.67,0.00,0.00,4.44,0,-90,-15,0,0,55,0,0,127
116.09,1547802574,765.89,51.514816,7.472962,129.69,0.00,0.00,4.44,0,-90,-16,0,0,56,0,0,127
117.09,1547802575,765.89,51.514816,7.472962,129.72,0.00,0.00,4.44,0,-90,-16,0,0,56,0,0,127
118.09,1547802576,765.89,51.514816,7.472962,129.74,0.00,0.00,4.44,0,-91,-16,0,0,55,0,0,127
119.09,1547802577,765.89,51.514816,7.472962,129.77,0.00,0.00,4.44,0,-91,-16,0,0,55,0,0,127
120.09,1547802578,765.89,51.514816,7.472962,129.80,0.00,0.00,4.44,0,-91,-17,0,0,56,0,0,127
121.09,1547802579,765.89,51.514816,7.472962,129.83,0.00,0.00,4.44,0,-91,-17,0,0,56,0,0,127
122.09,1547802580,765.89,51.514816,7.472962,129.86,0.00,0.00,4.44,0,-91,-18,0,0,56,0,0,127
123.09,1547802581,765.89,51.514816,7.472962,129.89,0.00,0.00,4.44,0,-91,-18,0,0,56,0,0,127
124.09,1547802582,765.89,51.514816,7.472962,129.93,0.00,0.00,4.44,0,-91,-16,0,0,55,0,0,127
125.09,1547802583,765.89,51.514816,7.472962,129.96,0.00,0.00,4.44,0,-91,-16,0,0,55,0,0,127
126.09,1547802584,765.89,51.514816,7.472962,129.99,0.00,0.00,4.44,0,-91,-15,0,0,54,0,0,127
127.09,1547802585,765.89,51.514816,7.472962,130.29,0.00,0.00,6.90,0,-91,-15,0,0,54,0,0,127
128.10,1547802586,765.89,51.514816,7.472962,130.56,0.00,0.00,5.63,0,-90,-15,0,0,54,0,0,127
129.09,1547802587,765.91,51.514927,7.472987,132.64,7.28,0.00,4.72,0,-90,-15,0,0,54,0,0,127
130.09,1547802588,773.20,51.515011,7.472996,133.63,10.09,0.00,3.55,0,-90,-15,0,0,54,0,0,127
131.10,1547802589,783.32,51.515107,7.473003,133.77,10.36,0.00,2.37,0,-107,-14,0,0,39,0,0,20
131.10,1547802589,783.34,51.515107,7.473003,133.77,10.36,0.00,2.37,0,-89,-14,0,0,54,0,0,44
131.10,1547802589,783.34,51.515107,7.473003,133.77,10.36,0.00,2.37,0,-93,-17,0,0,54,0,0,127
132.09,1547802590,793.67,51.515199,7.473007,133.80,10.90,0.00,0.51,0,-107,-14,0,0,39,0,0,20
132.10,1547802590,793.68,51.515199,7.473007,133.80,10.90,0.00,0.51,0,-89,-14,0,0,54,0,0,44
132.10,1547802590,793.69,51.515199,7.473007,133.80,10.90,0.00,0.51,0,-93,-17,0,0,54,0,0,127
133.09,1547802591,804.50,51.515305,7.473002,133.82,10.38,0.00,357.73,0,-91,-18,0,0,56,0,0,127
134.09,1547802592,814.87,51.515410,7.472984,133.62,12.05,0.00,354.30,0,-91,-18,0,0,56,0,0,127
135.09,1547802593,826.93,51.515524,7.472950,133.29,13.61,0.00,350.76,0,-92,-19,0,0,56,0,0,127
136.09,1547802594,840.60,51.515652,7.472894,132.56,14.67,0.00,348.05,0,-92,-19,0,0,56,0,0,127
137.09,1547802595,855.28,51.515773,7.472834,132.89,14.56,0.00,344.59,0,-88,-17,0,0,57,0,0,127
138.09,1547802596,869.81,51.515898,7.472763,133.26,14.62,0.00,341.60,0,-88,-17,0,0,57,0,0,127
139.09,1547802597,884.42,51.516011,7.472631,133.67,14.89,0.00,326.58,0,-91,-17,0,0,54,0,0,127
140.09,1547802598,899.35,51.516121,7.472486,133.72,15.16,0.00,324.86,0,-91,-17,0,0,54,0,0,127
141.09,1547802599,914.45,51.516224,7.472330,133.57,14.94,0.00,321.49,0,-91,-18,0,0,56,0,0,127
141.09,1547802599,914.45,51.516224,7.472330,133.57,14.94,0.00,321.49,0,-91,-19,0,0,57,0,0,302
142.09,1547802600,929.43,51.516319,7.472164,132.82,14.14,0.00,317.59,0,-91,-18,0,0,56,0,0,127
142.09,1547802600,929.45,51.516319,7.472164,132.82,14.14,0.00,317.59,0,-91,-19,0,0,57,0,0,302
143.09,1547802601,943.57,51.516399,7.472003,132.33,13.45,0.00,313.83,0,-83,-14,0,0,59,0,0,127
143.09,1547802601,943.58,51.516399,7.472003,132.33,13.45,0.00,313.83,0,-89,-19,0,0,59,0,0,302
144.09,1547802602,957.02,51.516473,7.471842,131.94,12.43,0.00,309.85,0,-83,-14,0,0,59,0,0,127
144.09,1547802602,957.03,51.516473,7.471842,131.94,12.43,0.00,309.85,0,-89,-19,0,0,59,0,0,302
145.09,1547802603,969.45,51.516518,7.471677,131.62,11.30,0.00,295.68,0,-87,-14,0,0,56,0,0,127
146.09,1547802604,980.74,51.516555,7.471525,131.26,10.85,0.00,294.42,0,-87,-14,0,0,56,0,0,127
147.09,1547802605,991.59,51.516588,7.471391,130.74,9.83,0.00,294.37,0,-82,-13,0,0,61,0,0,127
148.09,1547802606,1001.42,51.516619,7.471266,130.06,9.24,0.00,295.08,0,-82,-13,0,0,61,0,0,127
149.10,1547802607,1010.73,51.516652,7.471137,129.41,9.22,0.00,294.82,0,-80,-13,0,0,62,0,0,127
150.09,1547802608,1019.90,51.516684,7.471016,128.94,9.13,0.00,295.42,0,-80,-13,0,0,62,0,0,127
151.09,1547802609,1028.99,51.516712,7.470910,128.27,8.88,0.00,295.78,0,-80,-13,0,0,62,0,0,127
152.09,1547802610,1037.86,51.516740,7.470797,127.64,9.09,0.00,295.21,0,-80,-13,0,0,61,0,0,127
153.09,1547802611,1046.95,51.516772,7.470674,127.29,9.43,0.00,295.92,0,-80,-13,0,0,61,0,0,127
154.09,1547802612,1056.41,51.516807,7.470541,126.96,10.52,0.00,295.39,0,-81,-12,0,0,61,0,0,127
155.09,1547802613,1066.95,51.516847,7.470402,126.78,10.61,0.00,295.04,0,-81,-12,0,0,61,0,0,127
156.09,1547802614,1077.57,51.516883,7.470261,126.70,10.42,0.00,294.23,0,-111,-14,0,0,34,0,0,15
156.09,1547802614,1077.57,51.516883,7.470261,126.70,10.42,0.00,294.23,0,-76,-11,0,0,63,0,0,127
157.09,1547802615,1087.98,51.516917,7.470122,126.55,10.26,0.00,293.21,0,-111,-14,0,0,34,0,0,15
157.09,1547802615,1087.99,51.516917,7.470122,126.55,10.26,0.00,293.21,0,-76,-11,0,0,63,0,0,127
158.09,1547802616,1098.25,51.516954,7.469978,126.53,9.66,0.00,292.79,0,-81,-13,0,0,60,0,0,127
158.09,1547802616,1098.26,51.516954,7.469978,126.53,9.66,0.00,292.79,0,-86,-18,0,0,60,0,0,128
159.09,1547802617,1107.90,51.516986,7.469832,126.76,8.88,0.00,290.22,0,-81,-13,0,0,60,0,0,127
159.09,1547802617,1107.91,51.516986,7.469832,126.76,8.88,0.00,290.22,0,-86,-18,0,0,60,0,0,128
160.09,1547802618,1116.80,51.517014,7.469688,127.09,10.84,0.00,289.21,0,-117,-16,0,0,29,0,0,20
160.10,1547802618,1116.81,51.517014,7.469688,127.09,10.84,0.00,289.21,0,-118,-16,0,0,30,0,0,15
160.10,1547802618,1116.82,51.517014,7.469688,127.09,10.84,0.00,289.21,0,-118,-16,0,0,30,0,0,231
160.10,1547802618,1116.82,51.517014,7.469688,127.09,10.84,0.00,289.21,0,-77,-12,0,0,62,0,0,127
160.10,1547802618,1116.83,51.517014,7.469688,127.09,10.84,0.00,289.21,0,-82,-16,0,0,62,0,0,128
161.09,1547802619,1127.64,51.517042,7.469540,127.38,10.85,0.00,288.97,0,-117,-16,0,0,29,0,0,20
161.10,1547802619,1127.65,51.517042,7.469540,127.38,10.85,0.00,288.97,0,-118,-16,0,0,30,0,0,15
161.10,1547802619,1127.66,51.517042,7.469540,127.38,10.85,0.00,288.97,0,-118,-16,0,0,30,0,0,231
161.10,1547802619,1127.67,51.517042,7.469540,127.38,10.85,0.00,288.97,0,-77,-12,0,0,62,0,0,127
161.10,1547802619,1127.67,51.517042,7.469540,127.38,10.85,0.00,288.97,0,-82,-16,0,0,62,0,0,128
162.09,1547802620,1138.48,51.517075,7.469380,127.43,12.01,0.00,288.62,0,-116,-15,0,0,31,0,0,15
162.10,1547802620,1138.50,51.517075,7.469380,127.43,12.01,0.00,288.62,0,-118,-17,0,0,30,0,0,20
162.10,1547802620,1138.50,51.517075,7.469380,127.43,12.01,0.00,288.62,0,-78,-13,0,0,63,0,0,127
162.10,1547802620,1138.51,51.517075,7.469380,127.43,12.01,0.00,288.62,0,-82,-15,0,0,63,0,0,128
163.09,1547802621,1150.50,51.517108,7.469209,127.58,12.73,0.00,287.70,0,-116,-15,0,0,31,0,0,15
163.10,1547802621,1150.51,51.517108,7.469209,127.58,12.73,0.00,287.70,0,-118,-17,0,0,30,0,0,20
163.10,1547802621,1150.52,51.517108,7.469209,127.58,12.73,0.00,287.70,0,-78,-13,0,0,63,0,0,127
163.10,1547802621,1150.52,51.517108,7.469209,127.58,12.73,0.00,287.70,0,-82,-15,0,0,63,0,0,128
164.11,1547802622,1163.42,51.517140,7.469033,127.88,12.52,0.00,286.65,0,-114,-14,0,0,31,0,0,20
164.11,1547802622,1163.42,51.517140,7.469033,127.88,12.52,0.00,286.65,0,-118,-16,0,0,30,0,0,15
164.11,1547802622,1163.43,51.517140,7.469033,127.88,12.52,0.00,286.65,0,-120,-18,0,0,29,0,0,33
164.11,1547802622,1163.43,51.517140,7.469033,127.88,12.52,0.00,286.65,0,-82,-14,0,0,60,0,0,127
164.11,1547802622,1163.44,51.517140,7.469033,127.88,12.52,0.00,286.65,0,-83,-15,0,0,60,0,0,128
165.09,1547802623,1175.75,51.517170,7.468858,128.08,12.84,0.00,286.29,0,-114,-14,0,0,31,0,0,20
165.09,1547802623,1175.75,51.517170,7.468858,128.08,12.84,0.00,286.29,0,-118,-16,0,0,30,0,0,15
165.10,1547802623,1175.76,51.517170,7.468858,128.08,12.84,0.00,286.29,0,-120,-18,0,0,29,0,0,33
165.10,1547802623,1175.77,51.517170,7.468858,128.08,12.84,0.00,286.29,0,-82,-14,0,0,60,0,0,127
165.10,1547802623,1175.77,51.517170,7.468858,128.08,12.84,0.00,286.29,0,-83,-15,0,0,60,0,0,128
166.09,1547802624,1188.58,51.517200,7.468676,128.17,13.45,0.00,287.35,0,-95,-17,0,0,48,0,0,461
166.10,1547802624,1188.60,51.517200,7.468676,128.17,13.45,0.00,287.35,0,-95,-17,0,0,47,0,0,218
166.10,1547802624,1188.61,51.517200,7.468676,128.17,13.45,0.00,287.35,0,-96,-19,0,0,48,0,0,176
166.10,1547802624,1188.62,51.517200,7.468676,128.17,13.45,0.00,287.35,0,-86,-14,0,0,55,0,0,128
166.10,1547802624,1188.62,51.517200,7.468676,128.17,13.45,0.00,287.35,0,-87,-15,0,0,55,0,0,127
167.09,1547802625,1202.04,51.517237,7.468498,128.34,13.31,0.00,288.78,0,-95,-17,0,0,48,0,0,461
167.10,1547802625,1202.05,51.517237,7.468498,128.34,13.31,0.00,288.78,0,-95,-17,0,0,47,0,0,218
167.10,1547802625,1202.05,51.517237,7.468498,128.34,13.31,0.00,288.78,0,-96,-19,0,0,48,0,0,176
167.10,1547802625,1202.06,51.517237,7.468498,128.34,13.31,0.00,288.78,0,-86,-14,0,0,55,0,0,128
167.10,1547802625,1202.08,51.517237,7.468498,128.34,13.31,0.00,288.78,0,-87,-15,0,0,55,0,0,127
168.09,1547802626,1215.32,51.517276,7.468309,128.58,13.38,0.00,289.94,0,-98,-19,0,0,47,0,0,218
168.09,1547802626,1215.33,51.517276,7.468309,128.58,13.38,0.00,289.94,0,-98,-19,0,0,47,0,0,18
168.09,1547802626,1215.34,51.517276,7.468309,128.58,13.38,0.00,289.94,0,-99,-20,0,0,47,0,0,461
169.09,1547802627,1228.71,51.517316,7.468143,128.54,13.05,0.00,291.54,0,-98,-19,0,0,47,0,0,218
169.09,1547802627,1228.72,51.517316,7.468143,128.54,13.05,0.00,291.54,0,-98,-19,0,0,47,0,0,18
169.09,1547802627,1228.72,51.517316,7.468143,128.54,13.05,0.00,291.54,0,-99,-20,0,0,47,0,0,461
170.10,1547802628,1241.85,51.517361,7.467983,128.17,12.51,0.00,293.15,0,-97,-19,0,0,47,0,0,18
170.10,1547802628,1241.86,51.517361,7.467983,128.17,12.51,0.00,293.15,0,-98,-19,0,0,47,0,0,461
170.10,1547802628,1241.86,51.517361,7.467983,128.17,12.51,0.00,293.15,0,-98,-19,0,0,46,0,0,218
171.09,1547802629,1254.28,51.517410,7.467815,127.75,13.22,0.00,294.52,0,-97,-19,0,0,47,0,0,18
171.09,1547802629,1254.28,51.517410,7.467815,127.75,13.22,0.00,294.52,0,-98,-19,0,0,47,0,0,461
171.10,1547802629,1254.30,51.517410,7.467815,127.75,13.22,0.00,294.52,0,-98,-19,0,0,46,0,0,218
172.09,1547802630,1267.49,51.517464,7.467644,127.43,12.97,0.00,295.66,0,-97,-19,0,0,47,0,0,18
172.09,1547802630,1267.51,51.517464,7.467644,127.43,12.97,0.00,295.66,0,-98,-19,0,0,47,0,0,461
172.10,1547802630,1267.52,51.517464,7.467644,127.43,12.97,0.00,295.66,0,-98,-19,0,0,46,0,0,218
173.09,1547802631,1280.45,51.517517,7.467478,127.19,13.03,0.00,296.54,0,-95,-16,0,0,47,0,0,461
173.09,1547802631,1280.46,51.517517,7.467478,127.19,13.03,0.00,296.54,0,-97,-18,0,0,47,0,0,139
173.09,1547802631,1280.48,51.517517,7.467478,127.19,13.03,0.00,296.54,0,-98,-19,0,0,47,0,0,191
174.09,1547802632,1293.49,51.517570,7.467308,127.26,12.88,0.00,295.90,0,-95,-16,0,0,47,0,0,461
174.09,1547802632,1293.49,51.517570,7.467308,127.26,12.88,0.00,295.90,0,-97,-18,0,0,47,0,0,139
174.09,1547802632,1293.51,51.517570,7.467308,127.26,12.88,0.00,295.90,0,-98,-19,0,0,47,0,0,191
175.09,1547802633,1306.38,51.517622,7.467132,127.55,13.38,0.00,294.79,0,-91,-15,0,0,50,0,0,191
175.09,1547802633,1306.39,51.517622,7.467132,127.55,13.38,0.00,294.79,0,-91,-15,0,0,50,0,0,139
175.10,1547802633,1306.40,51.517622,7.467132,127.55,13.38,0.00,294.79,0,-94,-18,0,0,50,0,0,461
176.09,1547802634,1319.75,51.517670,7.466950,127.71,13.79,0.00,293.05,0,-91,-15,0,0,50,0,0,191
176.09,1547802634,1319.77,51.517670,7.466950,127.71,13.79,0.00,293.05,0,-91,-15,0,0,50,0,0,139
176.10,1547802634,1319.78,51.517670,7.466950,127.71,13.79,0.00,293.05,0,-94,-18,0,0,50,0,0,461
177.09,1547802635,1333.46,51.517712,7.466772,127.75,13.47,0.00,291.07,0,-92,-16,0,0,49,0,0,461
177.09,1547802635,1333.46,51.517712,7.466772,127.75,13.47,0.00,291.07,0,-94,-18,0,0,49,0,0,191
177.09,1547802635,1333.46,51.517712,7.466772,127.75,13.47,0.00,291.07,0,-94,-18,0,0,49,0,0,176
177.09,1547802635,1333.47,51.517712,7.466772,127.75,13.47,0.00,291.07,0,-225,-225,0,0,63,0,0,327
178.09,1547802636,1347.03,51.517751,7.466590,127.78,13.20,0.00,289.18,0,-92,-16,0,0,49,0,0,461
178.09,1547802636,1347.03,51.517751,7.466590,127.78,13.20,0.00,289.18,0,-94,-18,0,0,49,0,0,191
178.10,1547802636,1347.04,51.517751,7.466590,127.78,13.20,0.00,289.18,0,-94,-18,0,0,49,0,0,176
178.10,1547802636,1347.05,51.517751,7.466590,127.78,13.20,0.00,289.18,0,-225,-225,0,0,63,0,0,327
179.09,1547802637,1360.22,51.517786,7.466405,127.99,12.71,0.00,287.83,0,-91,-16,0,0,50,0,0,176
179.09,1547802637,1360.23,51.517786,7.466405,127.99,12.71,0.00,287.83,0,-92,-17,0,0,50,0,0,461
179.10,1547802637,1360.24,51.517786,7.466405,127.99,12.71,0.00,287.83,0,-94,-18,0,0,50,0,0,18
179.10,1547802637,1360.25,51.517786,7.466405,127.99,12.71,0.00,287.83,0,-225,-225,0,0,63,0,0,327
180.09,1547802638,1372.94,51.517817,7.466217,128.32,13.03,0.00,286.47,0,-91,-16,0,0,50,0,0,176
180.09,1547802638,1372.94,51.517817,7.466217,128.32,13.03,0.00,286.47,0,-92,-17,0,0,50,0,0,461
180.10,1547802638,1372.95,51.517817,7.466217,128.32,13.03,0.00,286.47,0,-94,-18,0,0,50,0,0,18
180.10,1547802638,1372.96,51.517817,7.466217,128.32,13.03,0.00,286.47,0,-225,-225,0,0,63,0,0,327
181.10,1547802639,1385.98,51.517841,7.466044,128.69,11.85,0.00,284.57,0,-91,-18,0,0,52,0,0,176
181.10,1547802639,1385.99,51.517841,7.466044,128.69,11.85,0.00,284.57,0,-93,-19,0,0,52,0,0,139
181.10,1547802639,1385.99,51.517841,7.466044,128.69,11.85,0.00,284.57,0,-93,-20,0,0,52,0,0,18
181.10,1547802639,1386.00,51.517841,7.466044,128.69,11.85,0.00,284.57,0,-114,-12,0,0,29,0,0,15
181.10,1547802639,1386.01,51.517841,7.466044,128.69,11.85,0.00,284.57,0,-118,-16,0,0,29,0,0,16
181.10,1547802639,1386.01,51.517841,7.466044,128.69,11.85,0.00,284.57,0,-121,-17,0,0,27,0,0,488
182.10,1547802640,1397.83,51.517857,7.465891,129.05,9.86,0.00,282.37,0,-91,-18,0,0,52,0,0,176
182.10,1547802640,1397.83,51.517857,7.465891,129.05,9.86,0.00,282.37,0,-93,-19,0,0,52,0,0,139
182.10,1547802640,1397.84,51.517857,7.465891,129.05,9.86,0.00,282.37,0,-93,-20,0,0,52,0,0,18
182.10,1547802640,1397.85,51.517857,7.465891,129.05,9.86,0.00,282.37,0,-114,-12,0,0,29,0,0,15
182.10,1547802640,1397.85,51.517857,7.465891,129.05,9.86,0.00,282.37,0,-118,-16,0,0,29,0,0,16
182.10,1547802640,1397.86,51.517857,7.465891,129.05,9.86,0.00,282.37,0,-121,-17,0,0,27,0,0,488
183.09,1547802641,1407.68,51.517868,7.465757,129.33,8.54,0.00,280.10,0,-91,-19,0,0,54,0,0,18
183.10,1547802641,1407.68,51.517868,7.465757,129.33,8.54,0.00,280.10,0,-92,-18,0,0,53,0,0,139
183.10,1547802641,1407.69,51.517868,7.465757,129.33,8.54,0.00,280.10,0,-110,-11,0,0,33,0,0,15
183.10,1547802641,1407.69,51.517868,7.465757,129.33,8.54,0.00,280.10,0,-114,-16,0,0,33,0,0,16
183.10,1547802641,1407.70,51.517868,7.465757,129.33,8.54,0.00,280.10,0,-116,-16,0,0,32,0,0,488
184.09,1547802642,1416.21,51.517873,7.465633,129.79,8.11,0.00,278.15,0,-91,-19,0,0,54,0,0,18
184.10,1547802642,1416.22,51.517873,7.465633,129.79,8.11,0.00,278.15,0,-92,-18,0,0,53,0,0,139
184.10,1547802642,1416.23,51.517873,7.465633,129.79,8.11,0.00,278.15,0,-110,-11,0,0,33,0,0,15
184.10,1547802642,1416.23,51.517873,7.465633,129.79,8.11,0.00,278.15,0,-114,-16,0,0,33,0,0,16
184.10,1547802642,1416.24,51.517873,7.465633,129.79,8.11,0.00,278.15,0,-116,-16,0,0,32,0,0,488
185.09,1547802643,1424.32,51.517877,7.465515,130.11,8.48,0.00,276.23,0,-91,-16,0,0,51,0,0,139
185.10,1547802643,1424.33,51.517877,7.465515,130.11,8.48,0.00,276.23,0,-93,-17,0,0,51,0,0,191
185.10,1547802643,1424.34,51.517877,7.465515,130.11,8.48,0.00,276.23,0,-94,-18,0,0,51,0,0,461
185.10,1547802643,1424.35,51.517877,7.465515,130.11,8.48,0.00,276.23,0,-113,-11,0,0,30,0,0,15
185.10,1547802643,1424.35,51.517877,7.465515,130.11,8.48,0.00,276.23,0,-118,-16,0,0,30,0,0,16
186.10,1547802644,1432.82,51.517879,7.465394,130.27,8.99,0.00,274.65,0,-91,-16,0,0,51,0,0,139
186.10,1547802644,1432.82,51.517879,7.465394,130.27,8.99,0.00,274.65,0,-93,-17,0,0,51,0,0,191
186.10,1547802644,1432.83,51.517879,7.465394,130.27,8.99,0.00,274.65,0,-94,-18,0,0,51,0,0,461
186.10,1547802644,1432.84,51.517879,7.465394,130.27,8.99,0.00,274.65,0,-113,-11,0,0,30,0,0,15
186.10,1547802644,1432.84,51.517879,7.465394,130.27,8.99,0.00,274.65,0,-118,-16,0,0,30,0,0,16
187.09,1547802645,1441.80,51.517878,7.465266,130.39,8.95,0.00,273.19,0,-94,-19,0,0,51,0,0,191
187.10,1547802645,1441.81,51.517878,7.465266,130.39,8.95,0.00,273.19,0,-94,-19,0,0,51,0,0,461
187.10,1547802645,1441.83,51.517878,7.465266,130.39,8.95,0.00,273.19,0,-94,-20,0,0,52,0,0,18
187.10,1547802645,1441.83,51.517878,7.465266,130.39,8.95,0.00,273.19,0,-73,-11,0,0,63,0,0,128
188.09,1547802646,1450.75,51.517875,7.465127,130.45,8.97,0.00,271.33,0,-94,-19,0,0,51,0,0,191
188.09,1547802646,1450.75,51.517875,7.465127,130.45,8.97,0.00,271.33,0,-94,-19,0,0,51,0,0,461
188.10,1547802646,1450.76,51.517875,7.465127,130.45,8.97,0.00,271.33,0,-94,-20,0,0,52,0,0,18
188.10,1547802646,1450.76,51.517875,7.465127,130.45,8.97,0.00,271.33,0,-73,-11,0,0,63,0,0,128
189.09,1547802647,1459.70,51.517869,7.464991,130.51,8.80,0.00,269.76,0,-94,-20,0,0,52,0,0,461
189.09,1547802647,1459.71,51.517869,7.464991,130.51,8.80,0.00,269.76,0,-95,-20,0,0,51,0,0,176
189.10,1547802647,1459.72,51.517869,7.464991,130.51,8.80,0.00,269.76,0,-74,-11,0,0,63,0,0,128
190.09,1547802648,1468.50,51.517862,7.464863,130.42,8.68,0.00,267.97,0,-94,-20,0,0,52,0,0,461
190.09,1547802648,1468.51,51.517862,7.464863,130.42,8.68,0.00,267.97,0,-95,-20,0,0,51,0,0,176
190.09,1547802648,1468.51,51.517862,7.464863,130.42,8.68,0.00,267.97,0,-74,-11,0,0,63,0,0,128
191.10,1547802649,1477.25,51.517853,7.464748,130.35,7.59,0.00,265.96,0,-94,-18,0,0,51,0,0,461
191.10,1547802649,1477.26,51.517853,7.464748,130.35,7.59,0.00,265.96,0,-95,-19,0,0,51,0,0,18
191.10,1547802649,1477.26,51.517853,7.464748,130.35,7.59,0.00,265.96,0,-95,-20,0,0,50,0,0,176
192.09,1547802650,1484.78,51.517844,7.464645,130.50,7.03,0.00,264.48,0,-94,-18,0,0,51,0,0,461
192.09,1547802650,1484.78,51.517844,7.464645,130.50,7.03,0.00,264.48,0,-95,-19,0,0,51,0,0,18
192.09,1547802650,1484.78,51.517844,7.464645,130.50,7.03,0.00,264.48,0,-95,-20,0,0,50,0,0,176
193.09,1547802651,1491.81,51.517835,7.464549,130.58,6.57,0.00,263.47,0,-94,-18,0,0,51,0,0,461
193.09,1547802651,1491.81,51.517835,7.464549,130.58,6.57,0.00,263.47,0,-95,-19,0,0,51,0,0,18
193.09,1547802651,1491.82,51.517835,7.464549,130.58,6.57,0.00,263.47,0,-95,-20,0,0,50,0,0,176
194.09,1547802652,1498.37,51.517826,7.464459,130.52,6.14,0.00,262.59,0,-93,-19,0,0,52,0,0,461
194.09,1547802652,1498.38,51.517826,7.464459,130.52,6.14,0.00,262.59,0,-94,-19,0,0,51,0,0,191
195.09,1547802653,1504.52,51.517817,7.464356,130.24,6.33,0.00,263.34,0,-93,-19,0,0,52,0,0,461
195.09,1547802653,1504.52,51.517817,7.464356,130.24,6.33,0.00,263.34,0,-94,-19,0,0,51,0,0,191
198.09,1547802656,1527.36,51.517763,7.463965,128.24,10.08,0.00,256.66,0,-74,-9,0,0,63,0,0,128
199.09,1547802657,1537.44,51.517735,7.463808,128.03,10.96,0.00,255.03,0,-74,-9,0,0,63,0,0,128
200.09,1547802658,1548.41,51.517700,7.463638,128.12,11.92,0.00,253.51,0,-76,-11,0,0,62,0,0,128
201.09,1547802659,1560.33,51.517661,7.463476,128.66,13.02,0.00,251.83,0,-76,-11,0,0,62,0,0,128
202.09,1547802660,1573.37,51.517611,7.463295,129.45,13.94,0.00,249.60,0,-95,-18,0,0,48,0,0,218
202.10,1547802660,1573.39,51.517611,7.463295,129.45,13.94,0.00,249.60,0,-96,-18,0,0,48,0,0,461
202.10,1547802660,1573.40,51.517611,7.463295,129.45,13.94,0.00,249.60,0,-96,-19,0,0,48,0,0,19
203.09,1547802661,1587.29,51.517559,7.463099,130.09,14.24,0.00,247.60,0,-95,-18,0,0,48,0,0,218
203.09,1547802661,1587.30,51.517559,7.463099,130.09,14.24,0.00,247.60,0,-96,-18,0,0,48,0,0,461
203.09,1547802661,1587.31,51.517559,7.463099,130.09,14.24,0.00,247.60,0,-96,-19,0,0,48,0,0,19
204.09,1547802662,1601.54,51.517508,7.462922,130.34,12.94,0.00,246.84,0,-93,-17,0,0,49,0,0,19
204.09,1547802662,1601.56,51.517508,7.462922,130.34,12.94,0.00,246.84,0,-96,-19,0,0,49,0,0,18
204.10,1547802662,1601.57,51.517508,7.462922,130.34,12.94,0.00,246.84,0,-96,-19,0,0,49,0,0,461
204.10,1547802662,1601.58,51.517508,7.462922,130.34,12.94,0.00,246.84,0,-225,-225,0,0,63,0,0,327
205.09,1547802663,1614.50,51.517460,7.462768,130.88,11.40,0.00,247.51,0,-93,-17,0,0,49,0,0,19
205.10,1547802663,1614.51,51.517460,7.462768,130.88,11.40,0.00,247.51,0,-96,-19,0,0,49,0,0,18
205.10,1547802663,1614.51,51.517460,7.462768,130.88,11.40,0.00,247.51,0,-96,-19,0,0,49,0,0,461
205.10,1547802663,1614.52,51.517460,7.462768,130.88,11.40,0.00,247.51,0,-225,-225,0,0,63,0,0,327
208.11,1547802666,1646.67,51.517343,7.462353,130.86,10.28,0.00,249.29,0,-98,-11,0,0,44,0,0,488
208.11,1547802666,1646.68,51.517343,7.462353,130.86,10.28,0.00,249.29,0,-76,-12,0,0,63,0,0,348
209.09,1547802667,1656.80,51.517310,7.462209,130.19,11.37,0.00,249.66,0,-98,-11,0,0,44,0,0,488
209.10,1547802667,1656.84,51.517310,7.462209,130.19,11.37,0.00,249.66,0,-76,-12,0,0,63,0,0,348
210.09,1547802668,1668.18,51.517275,7.462048,129.37,11.64,0.00,250.56,0,-103,-14,0,0,45,0,0,16
210.10,1547802668,1668.19,51.517275,7.462048,129.37,11.64,0.00,250.56,0,-72,-12,0,0,63,0,0,348
211.09,1547802669,1679.81,51.517237,7.461876,128.78,12.03,0.00,249.72,0,-103,-14,0,0,45,0,0,16
211.09,1547802669,1679.83,51.517237,7.461876,128.78,12.03,0.00,249.72,0,-72,-12,0,0,63,0,0,348
212.09,1547802670,1691.86,51.517199,7.461724,128.41,12.61,0.00,250.44,0,-100,-12,0,0,45,0,0,16
212.10,1547802670,1691.87,51.517199,7.461724,128.41,12.61,0.00,250.44,0,-69,-11,0,0,63,0,0,348
213.09,1547802671,1704.45,51.517156,7.461558,128.06,12.90,0.00,250.95,0,-100,-12,0,0,45,0,0,16
213.09,1547802671,1704.46,51.517156,7.461558,128.06,12.90,0.00,250.95,0,-69,-11,0,0,63,0,0,348
214.10,1547802672,1717.47,51.517112,7.461388,127.80,12.96,0.00,251.43,0,-100,-12,0,0,44,0,0,16
214.10,1547802672,1717.49,51.517112,7.461388,127.80,12.96,0.00,251.43,0,-73,-12,0,0,63,0,0,348
215.09,1547802673,1730.27,51.517073,7.461224,127.98,12.48,0.00,251.91,0,-100,-12,0,0,44,0,0,16
215.09,1547802673,1730.27,51.517073,7.461224,127.98,12.48,0.00,251.91,0,-73,-12,0,0,63,0,0,348
216.09,1547802674,1742.81,51.517038,7.461064,128.28,12.07,0.00,252.53,0,-100,-12,0,0,44,0,0,16
216.09,1547802674,1742.81,51.517038,7.461064,128.28,12.07,0.00,252.53,0,-73,-12,0,0,63,0,0,348
217.09,1547802675,1754.85,51.517002,7.460896,128.64,11.77,0.00,252.76,0,-97,-11,0,0,45,0,0,16
217.09,1547802675,1754.85,51.517002,7.460896,128.64,11.77,0.00,252.76,0,-68,-12,0,0,63,0,0,348
218.09,1547802676,1766.59,51.516969,7.460730,129.37,11.17,0.00,253.71,0,-97,-11,0,0,45,0,0,16
218.09,1547802676,1766.61,51.516969,7.460730,129.37,11.17,0.00,253.71,0,-68,-12,0,0,63,0,0,348
219.09,1547802677,1777.77,51.516939,7.460575,129.81,10.54,0.00,253.23,0,-99,-18,0,0,52,0,0,488
219.09,1547802677,1777.77,51.516939,7.460575,129.81,10.54,0.00,253.23,0,-64,-11,0,0,63,0,0,348
220.09,1547802678,1788.34,51.516910,7.460422,130.09,10.84,0.00,252.78,0,-99,-18,0,0,52,0,0,488
220.09,1547802678,1788.35,51.516910,7.460422,130.09,10.84,0.00,252.78,0,-64,-11,0,0,63,0,0,348
221.09,1547802679,1799.14,51.516881,7.460272,130.39,11.04,0.00,253.24,0,-65,-12,0,0,63,0,0,348
222.09,1547802680,1810.16,51.516853,7.460121,130.87,10.96,0.00,253.40,0,-65,-12,0,0,63,0,0,348
223.09,1547802681,1821.15,51.516825,7.459971,131.37,9.88,0.00,254.61,0,-69,-11,0,0,63,0,0,348
224.09,1547802682,1831.06,51.516803,7.459831,131.62,10.34,0.00,255.33,0,-69,-11,0,0,63,0,0,348
225.09,1547802683,1841.39,51.516779,7.459679,131.76,10.99,0.00,255.93,0,-102,-16,0,0,46,0,0,488
225.09,1547802683,1841.40,51.516779,7.459679,131.76,10.99,0.00,255.93,0,-73,-12,0,0,63,0,0,348
226.09,1547802684,1852.38,51.516761,7.459537,132.35,11.35,0.00,256.78,0,-102,-16,0,0,46,0,0,488
226.09,1547802684,1852.39,51.516761,7.459537,132.35,11.35,0.00,256.78,0,-73,-12,0,0,63,0,0,348
227.09,1547802685,1863.71,51.516739,7.459371,133.07,11.18,0.00,257.40,0,-75,-11,0,0,63,0,0,348
228.09,1547802686,1874.89,51.516719,7.459211,134.12,10.24,0.00,256.53,0,-75,-11,0,0,63,0,0,348
229.09,1547802687,1885.14,51.516699,7.459050,135.01,10.38,0.00,257.49,0,-99,-17,0,0,49,0,0,488
229.09,1547802687,1885.15,51.516699,7.459050,135.01,10.38,0.00,257.49,0,-77,-12,0,0,63,0,0,348
230.09,1547802688,1895.52,51.516682,7.458897,135.84,10.05,0.00,258.29,0,-99,-17,0,0,49,0,0,488
230.09,1547802688,1895.53,51.516682,7.458897,135.84,10.05,0.00,258.29,0,-77,-12,0,0,63,0,0,348
231.09,1547802689,1905.55,51.516669,7.458760,136.53,9.67,0.00,259.21,0,-93,-12,0,0,52,0,0,488
231.09,1547802689,1905.56,51.516669,7.458760,136.53,9.67,0.00,259.21,0,-77,-14,0,0,63,0,0,348
232.09,1547802690,1915.22,51.516655,7.458628,137.37,9.19,0.00,259.20,0,-93,-12,0,0,52,0,0,488
232.09,1547802690,1915.22,51.516655,7.458628,137.37,9.19,0.00,259.20,0,-77,-14,0,0,63,0,0,348
233.09,1547802691,1924.40,51.516640,7.458496,138.18,8.71,0.00,259.19,0,-72,-12,0,0,63,0,0,348
234.09,1547802692,1933.13,51.516627,7.458373,138.51,8.02,0.00,258.68,0,-72,-12,0,0,63,0,0,348
235.09,1547802693,1941.15,51.516616,7.458270,138.73,7.32,0.00,257.99,0,-71,-10,0,0,63,0,0,348
236.09,1547802694,1948.46,51.516604,7.458165,138.57,7.24,0.00,257.59,0,-71,-10,0,0,63,0,0,348
237.10,1547802695,1955.75,51.516589,7.458066,137.74,6.62,0.00,256.91,0,-73,-10,0,0,63,0,0,348
238.09,1547802696,1962.33,51.516577,7.457981,137.70,6.22,0.00,257.82,0,-73,-10,0,0,63,0,0,348
239.09,1547802697,1968.55,51.516565,7.457892,137.95,5.64,0.00,257.50,0,-73,-10,0,0,63,0,0,348
240.09,1547802698,1974.19,51.516555,7.457815,138.15,4.33,0.00,258.01,0,-76,-12,0,0,63,0,0,348
241.09,1547802699,1978.52,51.516548,7.457759,138.15,2.25,0.00,259.16,0,-76,-12,0,0,63,0,0,348
246.09,1547802704,1981.78,51.516545,7.457742,138.35,0.00,0.00,259.16,0,-91,-16,0,0,57,0,0,488
246.09,1547802704,1981.78,51.516545,7.457742,138.35,0.00,0.00,259.16,0,-76,-13,0,0,63,0,0,348
247.09,1547802705,1981.78,51.516545,7.457742,138.50,0.00,0.00,259.16,0,-91,-16,0,0,57,0,0,488
247.09,1547802705,1981.78,51.516545,7.457742,138.50,0.00,0.00,259.16,0,-76,-13,0,0,63,0,0,348
248.09,1547802706,1981.78,51.516545,7.457742,138.66,0.00,0.00,261.94,0,-76,-13,0,0,63,0,0,348
249.09,1547802707,1981.78,51.516545,7.457742,138.88,0.00,0.00,261.24,0,-76,-13,0,0,63,0,0,348
250.09,1547802708,1981.78,51.516538,7.457569,139.00,2.38,0.00,262.30,0,-77,-11,0,0,63,0,0,348
251.09,1547802709,1984.18,51.516530,7.457524,139.94,4.28,0.00,261.07,0,-77,-11,0,0,63,0,0,348
263.09,1547802721,2060.89,51.516277,7.456353,133.74,8.52,0.00,246.57,0,-91,-17,0,0,57,0,0,488
264.09,1547802722,2069.41,51.516240,7.456242,134.34,9.16,0.00,244.45,0,-91,-17,0,0,57,0,0,488
265.09,1547802723,2078.59,51.516199,7.456127,134.46,9.25,0.00,241.85,0,-89,-15,0,0,57,0,0,488
266.09,1547802724,2087.85,51.516153,7.456008,134.29,9.07,0.00,239.73,0,-89,-15,0,0,57,0,0,488
267.09,1547802725,2096.92,51.516108,7.455889,133.77,8.36,0.00,239.27,0,-82,-8,0,0,59,0,0,488
267.09,1547802725,2096.93,51.516108,7.455889,133.77,8.36,0.00,239.27,0,-75,-11,0,0,63,0,0,330
268.09,1547802726,2105.29,51.516066,7.455776,133.77,7.85,0.00,238.92,0,-82,-8,0,0,59,0,0,488
268.09,1547802726,2105.30,51.516066,7.455776,133.77,7.85,0.00,238.92,0,-75,-11,0,0,63,0,0,330
269.09,1547802727,2113.13,51.516022,7.455673,133.91,8.27,0.00,237.19,0,-76,-12,0,0,63,0,0,46
270.09,1547802728,2121.42,51.515974,7.455571,133.65,8.95,0.00,233.56,0,-76,-12,0,0,63,0,0,46
292.09,1547802750,2374.61,51.513683,7.455566,141.29,11.42,0.00,166.57,0,-83,-12,0,0,61,0,0,486
292.09,1547802750,2374.61,51.513683,7.455566,141.29,11.42,0.00,166.57,0,-68,-13,0,0,63,0,0,334
293.09,1547802751,2386.03,51.513576,7.455625,141.94,11.71,0.00,164.50,0,-83,-12,0,0,61,0,0,486
293.09,1547802751,2386.04,51.513576,7.455625,141.94,11.71,0.00,164.50,0,-68,-13,0,0,63,0,0,334
294.09,1547802752,2397.79,51.513465,7.455719,142.95,13.12,0.00,151.63,0,-77,-8,0,0,63,0,0,486
294.09,1547802752,2397.80,51.513465,7.455719,142.95,13.12,0.00,151.63,0,-71,-12,0,0,63,0,0,334
295.09,1547802753,2410.91,51.513364,7.455811,143.72,12.47,0.00,151.00,0,-77,-8,0,0,63,0,0,486
295.09,1547802753,2410.92,51.513364,7.455811,143.72,12.47,0.00,151.00,0,-71,-12,0,0,63,0,0,334
296.09,1547802754,2423.39,51.513266,7.455918,145.24,12.44,0.00,147.80,0,-80,-9,0,0,61,0,0,486
296.09,1547802754,2423.39,51.513266,7.455918,145.24,12.44,0.00,147.80,0,-71,-14,0,0,63,0,0,334
297.09,1547802755,2435.82,51.513173,7.456029,146.41,12.25,0.00,144.83,0,-80,-9,0,0,61,0,0,486
297.09,1547802755,2435.83,51.513173,7.456029,146.41,12.25,0.00,144.83,0,-71,-14,0,0,63,0,0,334
298.09,1547802756,2448.05,51.513099,7.456164,147.30,12.67,0.00,132.03,0,-84,-12,0,0,61,0,0,488
299.09,1547802757,2460.72,51.513019,7.456314,147.19,13.97,0.00,130.42,0,-84,-12,0,0,61,0,0,488
313.09,1547802771,2660.15,51.511970,7.458670,143.70,13.59,0.00,127.22,0,-87,-10,0,0,54,0,0,23
314.09,1547802772,2673.73,51.511902,7.458810,143.28,11.64,0.00,126.64,0,-87,-10,0,0,54,0,0,23
317.09,1547802775,2701.90,51.511767,7.459101,141.85,5.61,0.00,126.89,0,-91,-11,0,0,53,0,0,23
318.09,1547802776,2707.51,51.511739,7.459168,141.85,3.49,0.00,124.93,0,-91,-11,0,0,53,0,0,23
319.09,1547802777,2711.00,51.511709,7.459234,141.79,1.54,0.00,128.05,0,-92,-13,0,0,52,0,0,23
320.10,1547802778,2712.54,51.511699,7.459268,141.73,0.53,0.00,128.05,0,-92,-13,0,0,52,0,0,23
321.10,1547802779,2713.08,51.511699,7.459268,141.73,0.00,0.00,128.05,0,-94,-15,0,0,53,0,0,23
321.10,1547802779,2713.08,51.511699,7.459268,141.73,0.00,0.00,128.05,0,-83,-19,0,0,63,0,0,332
322.09,1547802780,2713.08,51.511699,7.459268,141.73,0.00,0.00,128.05,0,-94,-15,0,0,53,0,0,23
322.09,1547802780,2713.08,51.511699,7.459268,141.73,0.00,0.00,128.05,0,-83,-19,0,0,63,0,0,332
323.09,1547802781,2713.08,51.511699,7.459268,141.73,0.00,0.00,128.05,0,-94,-15,0,0,53,0,0,23
323.09,1547802781,2713.08,51.511699,7.459268,141.73,0.00,0.00,128.05,0,-83,-19,0,0,63,0,0,332
324.09,1547802782,2713.08,51.511699,7.459268,141.73,0.00,0.00,128.05,0,-93,-15,0,0,56,0,0,23
324.09,1547802782,2713.08,51.511699,7.459268,141.73,0.00,0.00,128.05,0,-84,-18,0,0,63,0,0,332
324.09,1547802782,2713.08,51.511699,7.459268,141.73,0.00,0.00,128.05,0,-85,-19,0,0,63,0,0,465
325.09,1547802783,2713.08,51.511699,7.459268,141.73,0.00,0.00,128.05,0,-93,-15,0,0,56,0,0,23
325.09,1547802783,2713.08,51.511699,7.459268,141.73,0.00,0.00,128.05,0,-84,-18,0,0,63,0,0,332
325.09,1547802783,2713.08,51.511699,7.459268,141.73,0.00,0.00,128.05,0,-85,-19,0,0,63,0,0,465
326.09,1547802784,2713.08,51.511699,7.459268,141.72,0.00,0.00,128.05,0,-94,-11,0,0,50,0,0,23
326.09,1547802784,2713.08,51.511699,7.459268,141.72,0.00,0.00,128.05,0,-84,-15,0,0,61,0,0,332
326.09,1547802784,2713.08,51.511699,7.459268,141.72,0.00,0.00,128.05,0,-86,-17,0,0,61,0,0,465
327.09,1547802785,2713.08,51.511699,7.459268,141.71,0.00,0.00,128.05,0,-94,-11,0,0,50,0,0,23
327.09,1547802785,2713.08,51.511699,7.459268,141.71,0.00,0.00,128.05,0,-84,-15,0,0,61,0,0,332
327.10,1547802785,2713.08,51.511699,7.459268,141.71,0.00,0.00,128.05,0,-86,-17,0,0,61,0,0,465
328.09,1547802786,2713.08,51.511699,7.459268,141.71,0.00,0.00,128.05,0,-93,-11,0,0,51,0,0,23
328.09,1547802786,2713.08,51.511699,7.459268,141.71,0.00,0.00,128.05,0,-83,-17,0,0,63,0,0,332
328.10,1547802786,2713.08,51.511699,7.459268,141.71,0.00,0.00,128.05,0,-85,-18,0,0,63,0,0,465
329.09,1547802787,2713.08,51.511699,7.459268,141.70,0.00,0.00,128.05,0,-93,-11,0,0,51,0,0,23
329.09,1547802787,2713.08,51.511699,7.459268,141.70,0.00,0.00,128.05,0,-83,-17,0,0,63,0,0,332
329.09,1547802787,2713.08,51.511699,7.459268,141.70,0.00,0.00,128.05,0,-85,-18,0,0,63,0,0,465
330.10,1547802788,2713.08,51.511699,7.459268,141.68,0.00,0.00,128.05,0,-92,-11,0,0,51,0,0,23
330.10,1547802788,2713.08,51.511699,7.459268,141.68,0.00,0.00,128.05,0,-83,-16,0,0,62,0,0,332
330.10,1547802788,2713.08,51.511699,7.459268,141.68,0.00,0.00,128.05,0,-86,-18,0,0,62,0,0,465
331.10,1547802789,2713.08,51.511699,7.459268,141.66,0.00,0.00,128.05,0,-92,-11,0,0,51,0,0,23
331.10,1547802789,2713.08,51.511699,7.459268,141.66,0.00,0.00,128.05,0,-83,-16,0,0,62,0,0,332
331.10,1547802789,2713.08,51.511699,7.459268,141.66,0.00,0.00,128.05,0,-86,-18,0,0,62,0,0,465
332.09,1547802790,2713.08,51.511699,7.459268,141.63,0.00,0.00,128.05,0,-93,-16,0,0,56,0,0,23
332.09,1547802790,2713.08,51.511699,7.459268,141.63,0.00,0.00,128.05,0,-83,-16,0,0,61,0,0,332
332.09,1547802790,2713.08,51.511699,7.459268,141.63,0.00,0.00,128.05,0,-86,-17,0,0,61,0,0,465
333.09,1547802791,2713.08,51.511699,7.459268,141.60,0.00,0.00,128.05,0,-93,-16,0,0,56,0,0,23
333.10,1547802791,2713.08,51.511699,7.459268,141.60,0.00,0.00,128.05,0,-83,-16,0,0,61,0,0,332
333.10,1547802791,2713.08,51.511699,7.459268,141.60,0.00,0.00,128.05,0,-86,-17,0,0,61,0,0,465
334.09,1547802792,2713.08,51.511699,7.459268,141.56,0.00,0.00,128.05,0,-93,-13,0,0,53,0,0,23
334.09,1547802792,2713.08,51.511699,7.459268,141.56,0.00,0.00,128.05,0,-83,-15,0,0,61,0,0,332
334.09,1547802792,2713.08,51.511699,7.459268,141.56,0.00,0.00,128.05,0,-86,-18,0,0,61,0,0,465
335.09,1547802793,2713.08,51.511699,7.459268,141.52,0.00,0.00,128.05,0,-93,-13,0,0,53,0,0,23
335.09,1547802793,2713.08,51.511699,7.459268,141.52,0.00,0.00,128.05,0,-83,-15,0,0,61,0,0,332
335.09,1547802793,2713.08,51.511699,7.459268,141.52,0.00,0.00,128.05,0,-86,-18,0,0,61,0,0,465
336.09,1547802794,2713.08,51.511699,7.459268,141.47,0.00,0.00,128.05,0,-93,-11,0,0,51,0,0,23
336.09,1547802794,2713.08,51.511699,7.459268,141.47,0.00,0.00,128.05,0,-83,-15,0,0,62,0,0,332
336.10,1547802794,2713.08,51.511699,7.459268,141.47,0.00,0.00,128.05,0,-85,-18,0,0,62,0,0,465
337.09,1547802795,2713.08,51.511699,7.459268,141.42,0.00,0.00,128.05,0,-93,-11,0,0,51,0,0,23
337.09,1547802795,2713.08,51.511699,7.459268,141.42,0.00,0.00,128.05,0,-83,-15,0,0,62,0,0,332
337.09,1547802795,2713.08,51.511699,7.459268,141.42,0.00,0.00,128.05,0,-85,-18,0,0,62,0,0,465
338.09,1547802796,2713.08,51.511699,7.459268,141.37,0.00,0.00,128.05,0,-93,-16,0,0,56,0,0,23
338.09,1547802796,2713.08,51.511699,7.459268,141.37,0.00,0.00,128.05,0,-84,-16,0,0,61,0,0,332
338.09,1547802796,2713.08,51.511699,7.459268,141.37,0.00,0.00,128.05,0,-85,-17,0,0,61,0,0,465
339.09,1547802797,2713.08,51.511699,7.459268,141.31,0.00,0.00,128.05,0,-93,-16,0,0,56,0,0,23
339.09,1547802797,2713.08,51.511699,7.459268,141.31,0.00,0.00,128.05,0,-84,-16,0,0,61,0,0,332
339.09,1547802797,2713.08,51.511699,7.459268,141.31,0.00,0.00,128.05,0,-85,-17,0,0,61,0,0,465
340.09,1547802798,2713.08,51.511699,7.459268,141.25,0.00,0.00,128.05,0,-93,-13,0,0,53,0,0,23
340.09,1547802798,2713.08,51.511699,7.459268,141.25,0.00,0.00,128.05,0,-84,-14,0,0,60,0,0,332
340.09,1547802798,2713.08,51.511699,7.459268,141.25,0.00,0.00,128.05,0,-86,-16,0,0,60,0,0,465
341.09,1547802799,2713.08,51.511699,7.459268,141.19,0.00,0.00,128.05,0,-93,-13,0,0,53,0,0,23
341.09,1547802799,2713.08,51.511699,7.459268,141.19,0.00,0.00,128.05,0,-84,-14,0,0,60,0,0,332
341.09,1547802799,2713.08,51.511699,7.459268,141.19,0.00,0.00,128.05,0,-86,-16,0,0,60,0,0,465
342.09,1547802800,2713.08,51.511699,7.459268,141.14,0.00,0.00,128.05,0,-94,-13,0,0,52,0,0,23
342.09,1547802800,2713.08,51.511699,7.459268,141.14,0.00,0.00,128.05,0,-84,-14,0,0,59,0,0,332
342.09,1547802800,2713.08,51.511699,7.459268,141.14,0.00,0.00,128.05,0,-85,-16,0,0,60,0,0,465
343.09,1547802801,2713.08,51.511699,7.459268,141.08,0.00,0.00,128.05,0,-94,-13,0,0,52,0,0,23
343.09,1547802801,2713.08,51.511699,7.459268,141.08,0.00,0.00,128.05,0,-84,-14,0,0,59,0,0,332
343.09,1547802801,2713.08,51.511699,7.459268,141.08,0.00,0.00,128.05,0,-85,-16,0,0,60,0,0,465
344.09,1547802802,2713.08,51.511699,7.459268,141.03,0.00,0.00,128.05,0,-94,-13,0,0,52,0,0,23
344.09,1547802802,2713.08,51.511699,7.459268,141.03,0.00,0.00,128.05,0,-84,-14,0,0,59,0,0,332
344.09,1547802802,2713.08,51.511699,7.459268,141.03,0.00,0.00,128.05,0,-85,-16,0,0,60,0,0,465
345.09,1547802803,2713.08,51.511699,7.459268,140.98,0.00,0.00,128.05,0,-93,-11,0,0,51,0,0,23
345.09,1547802803,2713.08,51.511699,7.459268,140.98,0.00,0.00,128.05,0,-83,-16,0,0,63,0,0,332
345.09,1547802803,2713.08,51.511699,7.459268,140.98,0.00,0.00,128.05,0,-85,-18,0,0,63,0,0,465
346.09,1547802804,2713.08,51.511699,7.459268,140.93,0.00,0.00,128.05,0,-93,-11,0,0,51,0,0,23
346.09,1547802804,2713.08,51.511699,7.459268,140.93,0.00,0.00,128.05,0,-83,-16,0,0,63,0,0,332
346.09,1547802804,2713.08,51.511699,7.459268,140.93,0.00,0.00,128.05,0,-85,-18,0,0,63,0,0,465
347.09,1547802805,2713.08,51.511699,7.459268,140.88,0.00,0.00,128.05,0,-93,-11,0,0,51,0,0,23
347.09,1547802805,2713.08,51.511699,7.459268,140.88,0.00,0.00,128.05,0,-84,-14,0,0,60,0,0,332
347.09,1547802805,2713.08,51.511699,7.459268,140.88,0.00,0.00,128.05,0,-86,-17,0,0,60,0,0,465
348.09,1547802806,2713.08,51.511699,7.459268,140.83,0.00,0.00,128.05,0,-93,-11,0,0,51,0,0,23
348.09,1547802806,2713.08,51.511699,7.459268,140.83,0.00,0.00,128.05,0,-84,-14,0,0,60,0,0,332
348.09,1547802806,2713.08,51.511699,7.459268,140.83,0.00,0.00,128.05,0,-86,-17,0,0,60,0,0,465
349.09,1547802807,2713.08,51.511699,7.459268,140.77,0.00,0.00,128.05,0,-92,-12,0,0,53,0,0,23
349.09,1547802807,2713.08,51.511699,7.459268,140.77,0.00,0.00,128.05,0,-84,-13,0,0,59,0,0,332
349.09,1547802807,2713.08,51.511699,7.459268,140.77,0.00,0.00,128.05,0,-86,-16,0,0,60,0,0,465
350.09,1547802808,2713.08,51.511699,7.459268,140.72,0.00,0.00,128.05,0,-92,-12,0,0,53,0,0,23
350.10,1547802808,2713.08,51.511699,7.459268,140.72,0.00,0.00,128.05,0,-84,-13,0,0,59,0,0,332
350.10,1547802808,2713.08,51.511699,7.459268,140.72,0.00,0.00,128.05,0,-86,-16,0,0,60,0,0,465
351.09,1547802809,2713.08,51.511699,7.459268,140.67,0.00,0.00,128.05,0,-93,-12,0,0,54,0,0,23
351.10,1547802809,2713.08,51.511699,7.459268,140.67,0.00,0.00,128.05,0,-83,-14,0,0,61,0,0,332
351.10,1547802809,2713.08,51.511699,7.459268,140.67,0.00,0.00,128.05,0,-85,-17,0,0,61,0,0,465
352.09,1547802810,2713.08,51.511699,7.459268,140.62,0.00,0.00,128.05,0,-93,-12,0,0,54,0,0,23
352.09,1547802810,2713.08,51.511699,7.459268,140.62,0.00,0.00,128.05,0,-83,-14,0,0,61,0,0,332
352.09,1547802810,2713.08,51.511699,7.459268,140.62,0.00,0.00,128.05,0,-85,-17,0,0,61,0,0,465
353.09,1547802811,2713.08,51.511699,7.459268,140.57,0.00,0.00,128.05,0,-93,-13,0,0,53,0,0,23
353.09,1547802811,2713.08,51.511699,7.459268,140.57,0.00,0.00,128.05,0,-83,-15,0,0,61,0,0,332
353.09,1547802811,2713.08,51.511699,7.459268,140.57,0.00,0.00,128.05,0,-86,-17,0,0,61,0,0,465
354.09,1547802812,2713.08,51.511699,7.459268,140.53,0.00,0.00,128.05,0,-93,-13,0,0,53,0,0,23
354.09,1547802812,2713.08,51.511699,7.459268,140.53,0.00,0.00,128.05,0,-83,-15,0,0,61,0,0,332
354.10,1547802812,2713.08,51.511699,7.459268,140.53,0.00,0.00,128.05,0,-86,-17,0,0,61,0,0,465
355.09,1547802813,2713.08,51.511699,7.459268,140.48,0.00,0.00,128.05,0,-94,-13,0,0,53,0,0,23
356.09,1547802814,2713.08,51.511699,7.459268,140.12,0.00,0.00,139.98,0,-94,-13,0,0,53,0,0,23
359.09,1547802817,2716.87,51.511622,7.459447,139.86,3.78,0.00,111.50,0,-92,-15,0,0,56,0,0,23
359.09,1547802817,2716.87,51.511622,7.459447,139.86,3.78,0.00,111.50,0,-82,-15,0,0,63,0,0,465
360.10,1547802818,2720.66,51.511569,7.459572,140.97,7.88,0.00,117.08,0,-92,-15,0,0,56,0,0,23
360.10,1547802818,2720.66,51.511569,7.459572,140.97,7.88,0.00,117.08,0,-82,-15,0,0,63,0,0,465
361.09,1547802819,2728.49,51.511497,7.459695,142.03,10.80,0.00,123.44,0,-82,-16,0,0,62,0,0,332
361.09,1547802819,2728.49,51.511497,7.459695,142.03,10.80,0.00,123.44,0,-86,-19,0,0,62,0,0,465
362.09,1547802820,2739.29,51.511418,7.459841,142.79,11.84,0.00,125.45,0,-82,-16,0,0,62,0,0,332
362.09,1547802820,2739.29,51.511418,7.459841,142.79,11.84,0.00,125.45,0,-86,-19,0,0,62,0,0,465
363.10,1547802821,2751.28,51.511330,7.459993,143.13,12.96,0.00,127.12,0,-88,-10,0,0,53,0,0,23
363.10,1547802821,2751.29,51.511330,7.459993,143.13,12.96,0.00,127.12,0,-80,-13,0,0,62,0,0,332
363.10,1547802821,2751.31,51.511330,7.459993,143.13,12.96,0.00,127.12,0,-83,-16,0,0,62,0,0,21
364.09,1547802822,2764.14,51.511232,7.460147,143.62,13.55,0.00,134.33,0,-88,-10,0,0,53,0,0,23
364.09,1547802822,2764.14,51.511232,7.460147,143.62,13.55,0.00,134.33,0,-80,-13,0,0,62,0,0,332
364.09,1547802822,2764.15,51.511232,7.460147,143.62,13.55,0.00,134.33,0,-83,-16,0,0,62,0,0,21
365.09,1547802823,2777.69,51.511141,7.460307,143.42,13.64,0.00,132.87,0,-88,-10,0,0,53,0,0,23
365.09,1547802823,2777.71,51.511141,7.460307,143.42,13.64,0.00,132.87,0,-80,-13,0,0,62,0,0,332
365.10,1547802823,2777.72,51.511141,7.460307,143.42,13.64,0.00,132.87,0,-83,-16,0,0,62,0,0,21
366.09,1547802824,2791.34,51.511045,7.460468,143.28,14.28,0.00,132.91,0,-91,-13,0,0,54,0,0,23
366.09,1547802824,2791.35,51.511045,7.460468,143.28,14.28,0.00,132.91,0,-83,-12,0,0,58,0,0,332
366.09,1547802824,2791.35,51.511045,7.460468,143.28,14.28,0.00,132.91,0,-86,-15,0,0,58,0,0,21
367.09,1547802825,2805.60,51.510959,7.460616,143.52,13.12,0.00,133.42,0,-91,-13,0,0,54,0,0,23
367.09,1547802825,2805.61,51.510959,7.460616,143.52,13.12,0.00,133.42,0,-83,-12,0,0,58,0,0,332
367.09,1547802825,2805.62,51.510959,7.460616,143.52,13.12,0.00,133.42,0,-86,-15,0,0,58,0,0,21
368.09,1547802826,2818.75,51.510876,7.460757,143.19,12.18,0.00,132.58,0,-93,-13,0,0,52,0,0,23
368.09,1547802826,2818.75,51.510876,7.460757,143.19,12.18,0.00,132.58,0,-94,-13,0,0,51,0,0,21
368.10,1547802826,2818.76,51.510876,7.460757,143.19,12.18,0.00,132.58,0,-86,-14,0,0,57,0,0,21
368.10,1547802826,2818.77,51.510876,7.460757,143.19,12.18,0.00,132.58,0,-86,-14,0,0,57,0,0,332
369.09,1547802827,2830.92,51.510793,7.460906,143.53,12.74,0.00,133.06,0,-93,-13,0,0,52,0,0,23
369.10,1547802827,2830.93,51.510793,7.460906,143.53,12.74,0.00,133.06,0,-94,-13,0,0,51,0,0,21
369.10,1547802827,2830.93,51.510793,7.460906,143.53,12.74,0.00,133.06,0,-86,-14,0,0,57,0,0,21
369.10,1547802827,2830.95,51.510793,7.460906,143.53,12.74,0.00,133.06,0,-86,-14,0,0,57,0,0,332
370.09,1547802828,2843.65,51.510711,7.461054,143.44,12.79,0.00,133.57,0,-88,-10,0,0,54,0,0,21
370.09,1547802828,2843.65,51.510711,7.461054,143.44,12.79,0.00,133.57,0,-84,-13,0,0,58,0,0,21
370.09,1547802828,2843.66,51.510711,7.461054,143.44,12.79,0.00,133.57,0,-88,-17,0,0,58,0,0,332
371.09,1547802829,2856.41,51.510630,7.461183,143.19,11.82,0.00,134.01,0,-88,-10,0,0,54,0,0,21
371.09,1547802829,2856.42,51.510630,7.461183,143.19,11.82,0.00,134.01,0,-84,-13,0,0,58,0,0,21
371.09,1547802829,2856.42,51.510630,7.461183,143.19,11.82,0.00,134.01,0,-88,-17,0,0,58,0,0,332
374.09,1547802832,2885.39,51.510443,7.461474,144.30,7.72,0.00,133.82,0,-78,-16,0,0,63,0,0,334
375.09,1547802833,2893.14,51.510383,7.461595,144.90,9.88,0.00,129.52,0,-78,-16,0,0,63,0,0,334
380.09,1547802838,2928.93,51.510182,7.462011,147.17,3.11,0.00,127.69,0,-83,-18,0,0,63,0,0,328
381.09,1547802839,2932.02,51.510176,7.462037,147.31,0.61,0.00,127.69,0,-83,-18,0,0,63,0,0,328
382.09,1547802840,2932.63,51.510176,7.462037,147.33,0.00,0.00,127.69,0,-93,-16,0,0,54,0,0,23
382.09,1547802840,2932.63,51.510176,7.462037,147.33,0.00,0.00,127.69,0,-83,-18,0,0,63,0,0,328
383.09,1547802841,2932.63,51.510176,7.462037,147.37,0.00,0.00,127.69,0,-93,-16,0,0,54,0,0,23
383.09,1547802841,2932.63,51.510176,7.462037,147.37,0.00,0.00,127.69,0,-83,-18,0,0,63,0,0,328
384.10,1547802842,2932.63,51.510176,7.462037,147.41,0.00,0.00,127.69,0,-94,-17,0,0,54,0,0,23
384.10,1547802842,2932.63,51.510176,7.462037,147.41,0.00,0.00,127.69,0,-83,-17,0,0,62,0,0,328
385.09,1547802843,2932.63,51.510176,7.462037,147.46,0.00,0.00,127.69,0,-94,-17,0,0,54,0,0,23
385.09,1547802843,2932.63,51.510176,7.462037,147.46,0.00,0.00,127.69,0,-83,-17,0,0,62,0,0,328
386.09,1547802844,2932.63,51.510176,7.462037,147.50,0.00,0.00,127.69,0,-94,-17,0,0,54,0,0,23
386.09,1547802844,2932.63,51.510176,7.462037,147.50,0.00,0.00,127.69,0,-83,-17,0,0,62,0,0,328
387.09,1547802845,2932.63,51.510176,7.462037,147.55,0.00,0.00,127.69,0,-95,-17,0,0,54,0,0,23
387.09,1547802845,2932.63,51.510176,7.462037,147.55,0.00,0.00,127.69,0,-83,-17,0,0,62,0,0,328
388.09,1547802846,2932.63,51.510176,7.462037,147.59,0.00,0.00,127.69,0,-95,-17,0,0,54,0,0,23
388.09,1547802846,2932.63,51.510176,7.462037,147.59,0.00,0.00,127.69,0,-83,-17,0,0,62,0,0,328
389.09,1547802847,2932.63,51.510176,7.462037,147.64,0.00,0.00,127.69,0,-94,-18,0,0,54,0,0,23
389.09,1547802847,2932.63,51.510176,7.462037,147.64,0.00,0.00,127.69,0,-83,-16,0,0,61,0,0,328
390.09,1547802848,2932.63,51.510176,7.462037,147.68,0.00,0.00,127.69,0,-94,-18,0,0,54,0,0,23
390.09,1547802848,2932.63,51.510176,7.462037,147.68,0.00,0.00,127.69,0,-83,-16,0,0,61,0,0,328
391.09,1547802849,2932.63,51.510176,7.462037,147.72,0.00,0.00,127.69,0,-94,-18,0,0,55,0,0,23
391.09,1547802849,2932.63,51.510176,7.462037,147.72,0.00,0.00,127.69,0,-83,-17,0,0,62,0,0,328
392.09,1547802850,2932.63,51.510176,7.462037,147.77,0.00,0.00,127.69,0,-94,-18,0,0,55,0,0,23
392.09,1547802850,2932.63,51.510176,7.462037,147.77,0.00,0.00,127.69,0,-83,-17,0,0,62,0,0,328
393.09,1547802851,2932.63,51.510176,7.462037,147.81,0.00,0.00,127.69,0,-94,-18,0,0,55,0,0,23
393.09,1547802851,2932.63,51.510176,7.462037,147.81,0.00,0.00,127.69,0,-83,-18,0,0,62,0,0,328
394.09,1547802852,2932.63,51.510176,7.462037,147.86,0.00,0.00,127.69,0,-94,-18,0,0,55,0,0,23
394.09,1547802852,2932.63,51.510176,7.462037,147.86,0.00,0.00,127.69,0,-83,-18,0,0,62,0,0,328
395.09,1547802853,2932.63,51.510176,7.462037,147.90,0.00,0.00,127.69,0,-94,-17,0,0,54,0,0,23
395.09,1547802853,2932.63,51.510176,7.462037,147.90,0.00,0.00,127.69,0,-83,-16,0,0,61,0,0,328
395.10,1547802853,2932.63,51.510176,7.462037,147.90,0.00,0.00,127.69,0,-86,-19,0,0,61,0,0,332
396.09,1547802854,2932.63,51.510176,7.462037,147.95,0.00,0.00,127.69,0,-94,-17,0,0,54,0,0,23
396.09,1547802854,2932.63,51.510176,7.462037,147.95,0.00,0.00,127.69,0,-83,-16,0,0,61,0,0,328
396.09,1547802854,2932.63,51.510176,7.462037,147.95,0.00,0.00,127.69,0,-86,-19,0,0,61,0,0,332
397.09,1547802855,2932.63,51.510176,7.462037,147.99,0.00,0.00,127.69,0,-94,-17,0,0,54,0,0,23
397.09,1547802855,2932.63,51.510176,7.462037,147.99,0.00,0.00,127.69,0,-83,-14,0,0,59,0,0,328
397.09,1547802855,2932.63,51.510176,7.462037,147.99,0.00,0.00,127.69,0,-87,-17,0,0,59,0,0,332
398.09,1547802856,2932.63,51.510176,7.462037,148.04,0.00,0.00,127.69,0,-94,-17,0,0,54,0,0,23
398.09,1547802856,2932.63,51.510176,7.462037,148.04,0.00,0.00,127.69,0,-83,-14,0,0,59,0,0,328
398.09,1547802856,2932.63,51.510176,7.462037,148.04,0.00,0.00,127.69,0,-87,-17,0,0,59,0,0,332
399.09,1547802857,2932.63,51.510176,7.462037,148.08,0.00,0.00,127.69,0,-94,-18,0,0,55,0,0,23
399.09,1547802857,2932.63,51.510176,7.462037,148.08,0.00,0.00,127.69,0,-83,-15,0,0,60,0,0,328
399.09,1547802857,2932.63,51.510176,7.462037,148.08,0.00,0.00,127.69,0,-87,-18,0,0,60,0,0,332
400.09,1547802858,2932.63,51.510176,7.462037,148.12,0.00,0.00,127.69,0,-94,-18,0,0,55,0,0,23
400.09,1547802858,2932.63,51.510176,7.462037,148.12,0.00,0.00,127.69,0,-83,-15,0,0,60,0,0,328
400.10,1547802858,2932.63,51.510176,7.462037,148.12,0.00,0.00,127.69,0,-87,-18,0,0,60,0,0,332
401.09,1547802859,2932.63,51.510176,7.462037,148.17,0.00,0.00,127.69,0,-94,-16,0,0,54,0,0,23
401.09,1547802859,2932.63,51.510176,7.462037,148.17,0.00,0.00,127.69,0,-83,-15,0,0,60,0,0,328
401.09,1547802859,2932.63,51.510176,7.462037,148.17,0.00,0.00,127.69,0,-86,-17,0,0,60,0,0,332
402.09,1547802860,2932.63,51.510176,7.462037,148.21,0.00,0.00,127.69,0,-94,-16,0,0,54,0,0,23
402.09,1547802860,2932.63,51.510176,7.462037,148.21,0.00,0.00,127.69,0,-83,-15,0,0,60,0,0,328
402.09,1547802860,2932.63,51.510176,7.462037,148.21,0.00,0.00,127.69,0,-86,-17,0,0,60,0,0,332
403.09,1547802861,2932.63,51.510176,7.462037,148.24,0.00,0.00,127.69,0,-93,-15,0,0,53,0,0,231
403.09,1547802861,2932.63,51.510176,7.462037,148.24,0.00,0.00,127.69,0,-95,-17,0,0,53,0,0,23
403.09,1547802861,2932.63,51.510176,7.462037,148.24,0.00,0.00,127.69,0,-83,-16,0,0,61,0,0,328
403.09,1547802861,2932.63,51.510176,7.462037,148.24,0.00,0.00,127.69,0,-86,-19,0,0,61,0,0,332
404.09,1547802862,2932.63,51.510176,7.462037,148.28,0.00,0.00,127.69,0,-93,-15,0,0,53,0,0,231
404.10,1547802862,2932.63,51.510176,7.462037,148.28,0.00,0.00,127.69,0,-95,-17,0,0,53,0,0,23
404.10,1547802862,2932.63,51.510176,7.462037,148.28,0.00,0.00,127.69,0,-83,-16,0,0,61,0,0,328
404.10,1547802862,2932.63,51.510176,7.462037,148.28,0.00,0.00,127.69,0,-86,-19,0,0,61,0,0,332
405.10,1547802863,2932.63,51.510176,7.462037,148.32,0.00,0.00,127.69,0,-95,-17,0,0,53,0,0,23
405.10,1547802863,2932.63,51.510176,7.462037,148.32,0.00,0.00,127.69,0,-83,-15,0,0,60,0,0,328
405.10,1547802863,2932.63,51.510176,7.462037,148.32,0.00,0.00,127.69,0,-87,-18,0,0,60,0,0,332
406.09,1547802864,2932.63,51.510176,7.462037,148.36,0.00,0.00,127.69,0,-95,-17,0,0,53,0,0,23
406.09,1547802864,2932.63,51.510176,7.462037,148.36,0.00,0.00,127.69,0,-83,-15,0,0,60,0,0,328
406.10,1547802864,2932.63,51.510176,7.462037,148.36,0.00,0.00,127.69,0,-87,-18,0,0,60,0,0,332
407.09,1547802865,2932.63,51.510176,7.462037,148.40,0.00,0.00,127.69,0,-95,-17,0,0,53,0,0,23
407.09,1547802865,2932.63,51.510176,7.462037,148.40,0.00,0.00,127.69,0,-83,-15,0,0,60,0,0,328
407.09,1547802865,2932.63,51.510176,7.462037,148.40,0.00,0.00,127.69,0,-87,-18,0,0,60,0,0,332
408.09,1547802866,2932.63,51.510176,7.462037,148.43,0.00,0.00,127.69,0,-94,-16,0,0,53,0,0,23
408.09,1547802866,2932.63,51.510176,7.462037,148.43,0.00,0.00,127.69,0,-83,-16,0,0,61,0,0,328
408.10,1547802866,2932.63,51.510176,7.462037,148.43,0.00,0.00,127.69,0,-86,-19,0,0,61,0,0,332
409.09,1547802867,2932.63,51.510176,7.462037,151.36,0.00,0.00,120.54,0,-94,-16,0,0,53,0,0,23
409.09,1547802867,2932.63,51.510176,7.462037,151.36,0.00,0.00,120.54,0,-83,-16,0,0,61,0,0,328
409.10,1547802867,2932.63,51.510176,7.462037,151.36,0.00,0.00,120.54,0,-86,-19,0,0,61,0,0,332
410.09,1547802868,2932.63,51.510102,7.462216,153.44,0.00,0.00,119.16,0,-94,-18,0,0,55,0,0,23
410.09,1547802868,2932.63,51.510102,7.462216,153.44,0.00,0.00,119.16,0,-83,-17,0,0,62,0,0,328
411.09,1547802869,2932.64,51.510053,7.462356,154.25,10.47,0.00,117.71,0,-94,-18,0,0,55,0,0,23
411.09,1547802869,2932.65,51.510053,7.462356,154.25,10.47,0.00,117.71,0,-83,-17,0,0,62,0,0,328
412.09,1547802870,2943.14,51.510005,7.462510,154.23,11.48,0.00,116.62,0,-90,-13,0,0,56,0,0,231
412.09,1547802870,2943.15,51.510005,7.462510,154.23,11.48,0.00,116.62,0,-83,-16,0,0,63,0,0,276
412.09,1547802870,2943.15,51.510005,7.462510,154.23,11.48,0.00,116.62,0,-84,-18,0,0,62,0,0,332
413.09,1547802871,2954.62,51.509953,7.462679,154.21,12.63,0.00,117.56,0,-90,-13,0,0,56,0,0,231
413.09,1547802871,2954.64,51.509953,7.462679,154.21,12.63,0.00,117.56,0,-83,-16,0,0,63,0,0,276
413.09,1547802871,2954.64,51.509953,7.462679,154.21,12.63,0.00,117.56,0,-84,-18,0,0,62,0,0,332
414.09,1547802872,2967.24,51.509904,7.462847,153.53,12.89,0.00,117.34,0,-86,-12,0,0,57,0,0,22
414.09,1547802872,2967.26,51.509904,7.462847,153.53,12.89,0.00,117.34,0,-80,-14,0,0,63,0,0,328
415.09,1547802873,2980.15,51.509855,7.463012,153.06,13.06,0.00,115.85,0,-86,-12,0,0,57,0,0,22
415.09,1547802873,2980.15,51.509855,7.463012,153.06,13.06,0.00,115.85,0,-80,-14,0,0,63,0,0,328
416.09,1547802874,2993.20,51.509832,7.463196,152.60,12.84,0.00,102.66,0,-92,-15,0,0,55,0,0,23
416.09,1547802874,2993.21,51.509832,7.463196,152.60,12.84,0.00,102.66,0,-80,-15,0,0,63,0,0,466
417.09,1547802875,3006.05,51.509815,7.463389,151.83,13.31,0.00,100.75,0,-92,-15,0,0,55,0,0,23
417.09,1547802875,3006.05,51.509815,7.463389,151.83,13.31,0.00,100.75,0,-80,-15,0,0,63,0,0,466
418.09,1547802876,3019.34,51.509804,7.463581,151.22,13.25,0.00,98.83,0,-87,-17,0,0,59,0,0,332
419.09,1547802877,3032.58,51.509801,7.463762,150.81,12.78,0.00,96.66,0,-87,-17,0,0,59,0,0,332
