time_s,timestamp_ms,distance_m,latitude,longitude,altitude,velocity_mps,acceleration_mpss,direction,isRegistered,rsrp_dbm,rsrq_db,rssnr_db,cqi,ss,ta,ci,pci
9.02,1547802913,116.97,51.509928,7.469079,147.21,14.86,0.00,64.31,0,-86,-10,0,0,56,0,0,399
9.02,1547802913,116.99,51.509928,7.469079,147.21,14.86,0.00,64.31,0,-84,-14,0,0,59,0,0,320
10.02,1547802914,131.85,51.510007,7.469280,147.07,14.86,0.00,64.31,0,-86,-10,0,0,56,0,0,399
10.02,1547802914,131.86,51.510007,7.469280,147.07,14.86,0.00,64.31,0,-84,-14,0,0,59,0,0,320
11.02,1547802915,146.66,51.510094,7.469450,146.99,14.62,0.00,58.34,0,-88,-8,0,0,52,0,0,399
11.02,1547802915,146.66,51.510094,7.469450,146.99,14.62,0.00,58.34,0,-79,-9,0,0,59,0,0,320
12.02,1547802916,161.28,51.510168,7.469620,146.91,14.62,0.00,58.12,0,-88,-8,0,0,52,0,0,399
12.02,1547802916,161.28,51.510168,7.469620,146.91,14.62,0.00,58.12,0,-79,-9,0,0,59,0,0,320
13.02,1547802917,176.01,51.510241,7.469796,146.75,14.59,0.00,58.51,0,-103,-15,0,0,46,0,0,21
14.02,1547802918,190.52,51.510312,7.469969,146.66,14.47,0.00,57.65,0,-103,-15,0,0,46,0,0,21
15.02,1547802919,205.01,51.510384,7.470142,146.51,14.44,0.00,57.92,0,-103,-15,0,0,46,0,0,21
16.02,1547802920,219.46,51.510462,7.470314,146.68,14.09,0.00,56.99,0,-91,-17,0,0,55,0,0,31
16.02,1547802920,219.48,51.510462,7.470314,146.68,14.09,0.00,56.99,0,-92,-18,0,0,55,0,0,441
17.02,1547802921,233.54,51.510530,7.470477,147.29,12.73,0.00,54.94,0,-91,-17,0,0,55,0,0,31
17.02,1547802921,233.55,51.510530,7.470477,147.29,12.73,0.00,54.94,0,-92,-18,0,0,55,0,0,441
18.02,1547802922,246.29,51.510595,7.470610,147.69,11.24,0.00,52.82,0,-107,-14,0,0,39,0,0,21
18.02,1547802922,246.29,51.510595,7.470610,147.69,11.24,0.00,52.82,0,-89,-16,0,0,56,0,0,31
18.02,1547802922,246.30,51.510595,7.470610,147.69,11.24,0.00,52.82,0,-90,-16,0,0,55,0,0,441
19.02,1547802923,257.50,51.510655,7.470723,148.18,9.60,0.00,50.09,0,-107,-14,0,0,39,0,0,21
19.02,1547802923,257.51,51.510655,7.470723,148.18,9.60,0.00,50.09,0,-89,-16,0,0,56,0,0,31
19.02,1547802923,257.52,51.510655,7.470723,148.18,9.60,0.00,50.09,0,-90,-16,0,0,55,0,0,441
20.02,1547802924,267.11,51.510713,7.470821,148.65,8.70,0.00,47.39,0,-90,-13,0,0,51,0,0,441
20.02,1547802924,267.12,51.510713,7.470821,148.65,8.70,0.00,47.39,0,-92,-15,0,0,52,0,0,443
21.02,1547802925,275.80,51.510768,7.470896,148.55,7.41,0.00,44.62,0,-90,-13,0,0,51,0,0,441
21.02,1547802925,275.81,51.510768,7.470896,148.55,7.41,0.00,44.62,0,-92,-15,0,0,52,0,0,443
22.02,1547802926,283.21,51.510811,7.470949,148.11,5.88,0.00,42.93,0,-105,-17,0,0,44,0,0,21
22.02,1547802926,283.22,51.510811,7.470949,148.11,5.88,0.00,42.93,0,-89,-13,0,0,54,0,0,441
22.02,1547802926,283.22,51.510811,7.470949,148.11,5.88,0.00,42.93,0,-92,-17,0,0,54,0,0,443
23.02,1547802927,289.10,51.510843,7.470979,148.08,3.59,0.00,43.43,0,-105,-17,0,0,44,0,0,21
23.02,1547802927,289.10,51.510843,7.470979,148.08,3.59,0.00,43.43,0,-89,-13,0,0,54,0,0,441
23.02,1547802927,289.10,51.510843,7.470979,148.08,3.59,0.00,43.43,0,-92,-17,0,0,54,0,0,443
24.02,1547802928,292.68,51.510869,7.470995,148.04,2.16,0.00,40.57,0,-104,-11,0,0,38,0,0,21
24.02,1547802928,292.68,51.510869,7.470995,148.04,2.16,0.00,40.57,0,-88,-13,0,0,54,0,0,441
25.02,1547802929,294.84,51.510869,7.470995,148.01,0.55,0.00,40.57,0,-104,-11,0,0,38,0,0,21
25.02,1547802929,294.84,51.510869,7.470995,148.01,0.55,0.00,40.57,0,-88,-13,0,0,54,0,0,441
26.02,1547802930,295.39,51.510869,7.470995,148.00,0.00,0.00,40.57,0,-107,-15,0,0,40,0,0,21
26.02,1547802930,295.39,51.510869,7.470995,148.00,0.00,0.00,40.57,0,-86,-10,0,0,53,0,0,441
27.02,1547802931,295.39,51.510869,7.470995,148.00,0.00,0.00,40.57,0,-107,-15,0,0,40,0,0,21
27.02,1547802931,295.39,51.510869,7.470995,148.00,0.00,0.00,40.57,0,-86,-10,0,0,53,0,0,441
28.02,1547802932,295.39,51.510869,7.470995,147.98,0.00,0.00,40.57,0,-107,-16,0,0,41,0,0,21
28.02,1547802932,295.39,51.510869,7.470995,147.98,0.00,0.00,40.57,0,-87,-10,0,0,51,0,0,441
29.02,1547802933,295.39,51.510869,7.470995,147.96,0.00,0.00,40.57,0,-107,-16,0,0,41,0,0,21
29.02,1547802933,295.39,51.510869,7.470995,147.96,0.00,0.00,40.57,0,-87,-10,0,0,51,0,0,441
30.02,1547802934,295.39,51.510869,7.470995,147.94,0.00,0.00,40.57,0,-87,-10,0,0,52,0,0,441
30.02,1547802934,295.39,51.510869,7.470995,147.94,0.00,0.00,40.57,0,-90,-16,0,0,52,0,0,443
31.02,1547802935,295.39,51.510869,7.470995,147.91,0.00,0.00,40.57,0,-87,-10,0,0,52,0,0,441
31.02,1547802935,295.39,51.510869,7.470995,147.91,0.00,0.00,40.57,0,-90,-16,0,0,52,0,0,443
32.02,1547802936,295.39,51.510869,7.470995,147.89,0.00,0.00,40.57,0,-87,-11,0,0,54,0,0,441
32.02,1547802936,295.39,51.510869,7.470995,147.89,0.00,0.00,40.57,0,-89,-16,0,0,54,0,0,443
33.02,1547802937,295.39,51.510869,7.470995,147.86,0.00,0.00,40.57,0,-87,-11,0,0,54,0,0,441
33.02,1547802937,295.39,51.510869,7.470995,147.86,0.00,0.00,40.57,0,-89,-16,0,0,54,0,0,443
34.03,1547802938,295.39,51.510869,7.470995,147.84,0.00,0.00,40.57,0,-87,-10,0,0,52,0,0,441
34.03,1547802938,295.39,51.510869,7.470995,147.84,0.00,0.00,40.57,0,-92,-15,0,0,52,0,0,443
35.02,1547802939,295.39,51.510869,7.470995,147.82,0.00,0.00,40.57,0,-87,-10,0,0,52,0,0,441
35.02,1547802939,295.39,51.510869,7.470995,147.82,0.00,0.00,40.57,0,-92,-15,0,0,52,0,0,443
36.02,1547802940,295.39,51.510869,7.470995,147.80,0.00,0.00,40.57,0,-87,-10,0,0,52,0,0,441
36.02,1547802940,295.39,51.510869,7.470995,147.80,0.00,0.00,40.57,0,-92,-15,0,0,52,0,0,443
37.02,1547802941,295.39,51.510869,7.470995,147.62,0.00,0.00,40.57,0,-85,-11,0,0,54,0,0,441
37.02,1547802941,295.39,51.510869,7.470995,147.62,0.00,0.00,40.57,0,-91,-17,0,0,54,0,0,443
38.02,1547802942,295.39,51.510869,7.470995,147.42,0.00,0.00,42.23,0,-85,-11,0,0,54,0,0,441
38.02,1547802942,295.39,51.510869,7.470995,147.42,0.00,0.00,42.23,0,-91,-17,0,0,54,0,0,443
39.02,1547802943,295.39,51.510869,7.470995,147.22,0.00,0.00,43.07,0,-84,-9,0,0,54,0,0,441
40.02,1547802944,295.39,51.510948,7.471081,145.16,4.46,0.00,42.06,0,-84,-9,0,0,54,0,0,441
41.02,1547802945,299.87,51.510990,7.471131,143.52,5.49,0.00,40.77,0,-87,-12,0,0,53,0,0,441
41.02,1547802945,299.87,51.510990,7.471131,143.52,5.49,0.00,40.77,0,-91,-15,0,0,53,0,0,443
42.02,1547802946,305.35,51.511027,7.471176,142.69,5.55,0.00,40.33,0,-87,-12,0,0,53,0,0,441
42.02,1547802946,305.36,51.511027,7.471176,142.69,5.55,0.00,40.33,0,-91,-15,0,0,53,0,0,443
43.02,1547802947,310.88,51.511062,7.471214,142.25,5.02,0.00,39.46,0,-87,-11,0,0,54,0,0,441
44.02,1547802948,315.92,51.511100,7.471252,142.18,3.81,0.00,38.78,0,-87,-11,0,0,54,0,0,441
45.02,1547802949,319.73,51.511123,7.471272,142.10,1.55,0.00,37.12,0,-86,-10,0,0,53,0,0,441
46.02,1547802950,321.28,51.511140,7.471292,142.00,1.40,0.00,36.61,0,-86,-10,0,0,53,0,0,441
47.02,1547802951,322.68,51.511151,7.471307,141.90,1.96,0.00,36.82,0,-86,-11,0,0,53,0,0,441
48.02,1547802952,324.65,51.511189,7.471360,140.84,5.92,0.00,39.07,0,-86,-11,0,0,53,0,0,441
49.02,1547802953,330.58,51.511252,7.471437,139.73,8.32,0.00,39.59,0,-85,-10,0,0,54,0,0,441
50.02,1547802954,338.90,51.511318,7.471521,138.76,9.97,0.00,39.62,0,-85,-10,0,0,54,0,0,441
51.02,1547802955,348.88,51.511390,7.471617,138.14,10.95,0.00,38.68,0,-86,-12,0,0,55,0,0,441
52.02,1547802956,359.82,51.511469,7.471719,137.82,11.28,0.00,39.09,0,-86,-12,0,0,55,0,0,441
53.02,1547802957,371.11,51.511552,7.471826,137.52,11.26,0.00,39.21,0,-84,-9,0,0,55,0,0,441
54.02,1547802958,382.36,51.511620,7.471920,137.44,11.11,0.00,39.14,0,-84,-9,0,0,55,0,0,441
55.03,1547802959,393.55,51.511686,7.472011,137.29,10.27,0.00,38.84,0,-86,-9,0,0,51,0,0,441
56.02,1547802960,403.74,51.511755,7.472106,136.98,9.58,0.00,39.69,0,-86,-9,0,0,51,0,0,441
57.02,1547802961,413.33,51.511817,7.472196,136.64,8.98,0.00,40.10,0,-86,-9,0,0,51,0,0,441
58.02,1547802962,422.30,51.511886,7.472293,136.38,9.55,0.00,39.97,0,-83,-9,0,0,54,0,0,441
59.02,1547802963,431.86,51.511957,7.472391,136.21,10.46,0.00,40.45,0,-83,-9,0,0,54,0,0,441
60.02,1547802964,442.31,51.512034,7.472488,136.19,10.48,0.00,39.26,0,-81,-8,0,0,55,0,0,441
61.01,1547802965,452.75,51.512110,7.472576,136.20,10.06,0.00,37.16,0,-81,-8,0,0,55,0,0,441
62.02,1547802966,462.87,51.512190,7.472656,136.12,10.05,0.00,34.05,0,-77,-9,0,0,61,0,0,441
63.02,1547802967,472.91,51.512279,7.472708,135.86,11.38,0.00,21.49,0,-77,-9,0,0,61,0,0,441
74.02,1547802978,598.51,51.513372,7.472887,134.40,11.06,0.00,5.11,0,-105,-14,0,0,41,0,0,400
74.02,1547802978,598.52,51.513372,7.472887,134.40,11.06,0.00,5.11,0,-92,-17,0,0,53,0,0,301
74.02,1547802978,598.52,51.513372,7.472887,134.40,11.06,0.00,5.11,0,-93,-18,0,0,53,0,0,318
75.02,1547802979,609.64,51.513475,7.472889,134.09,10.92,0.00,4.70,0,-105,-14,0,0,41,0,0,400
75.02,1547802979,609.65,51.513475,7.472889,134.09,10.92,0.00,4.70,0,-92,-17,0,0,53,0,0,301
75.02,1547802979,609.65,51.513475,7.472889,134.09,10.92,0.00,4.70,0,-93,-18,0,0,53,0,0,318
76.03,1547802980,620.63,51.513553,7.472895,133.91,9.17,0.00,5.58,0,-98,-9,0,0,43,0,0,400
76.03,1547802980,620.63,51.513553,7.472895,133.91,9.17,0.00,5.58,0,-87,-15,0,0,56,0,0,318
76.03,1547802980,620.64,51.513553,7.472895,133.91,9.17,0.00,5.58,0,-90,-17,0,0,57,0,0,301
77.02,1547802981,629.73,51.513645,7.472901,133.54,8.61,0.00,4.99,0,-98,-9,0,0,43,0,0,400
77.02,1547802981,629.74,51.513645,7.472901,133.54,8.61,0.00,4.99,0,-87,-15,0,0,56,0,0,318
77.02,1547802981,629.75,51.513645,7.472901,133.54,8.61,0.00,4.99,0,-90,-17,0,0,57,0,0,301
78.02,1547802982,638.34,51.513711,7.472899,133.20,7.63,0.00,4.11,0,-98,-9,0,0,43,0,0,400
78.02,1547802982,638.34,51.513711,7.472899,133.20,7.63,0.00,4.11,0,-87,-15,0,0,56,0,0,318
78.02,1547802982,638.34,51.513711,7.472899,133.20,7.63,0.00,4.11,0,-90,-17,0,0,57,0,0,301
79.02,1547802983,645.95,51.513775,7.472894,133.00,6.78,0.00,1.83,0,-85,-13,0,0,58,0,0,301
80.02,1547802984,652.72,51.513817,7.472893,133.13,4.68,0.00,2.56,0,-85,-13,0,0,58,0,0,301
81.02,1547802985,657.42,51.513854,7.472888,133.17,3.18,0.00,3.04,0,-88,-13,0,0,55,0,0,301
81.02,1547802985,657.42,51.513854,7.472888,133.17,3.18,0.00,3.04,0,-91,-15,0,0,52,0,0,127
82.02,1547802986,660.58,51.513889,7.472887,133.22,2.50,0.00,1.73,0,-88,-13,0,0,55,0,0,301
82.02,1547802986,660.59,51.513889,7.472887,133.22,2.50,0.00,1.73,0,-91,-15,0,0,52,0,0,127
83.02,1547802987,663.08,51.513900,7.472887,133.27,1.30,0.00,3.19,0,-105,-13,0,0,41,0,0,399
83.02,1547802987,663.08,51.513900,7.472887,133.27,1.30,0.00,3.19,0,-90,-17,0,0,57,0,0,301
83.02,1547802987,663.08,51.513900,7.472887,133.27,1.30,0.00,3.19,0,-91,-19,0,0,57,0,0,127
84.02,1547802988,664.39,51.513900,7.472887,133.27,0.00,0.00,3.19,0,-105,-13,0,0,41,0,0,399
84.02,1547802988,664.39,51.513900,7.472887,133.27,0.00,0.00,3.19,0,-90,-17,0,0,57,0,0,301
84.02,1547802988,664.39,51.513900,7.472887,133.27,0.00,0.00,3.19,0,-91,-19,0,0,57,0,0,127
85.02,1547802989,664.39,51.513900,7.472887,133.26,0.00,0.00,3.19,0,-87,-18,0,0,59,0,0,127
85.02,1547802989,664.39,51.513900,7.472887,133.26,0.00,0.00,3.19,0,-90,-19,0,0,59,0,0,301
86.02,1547802990,664.39,51.513900,7.472887,133.25,0.00,0.00,3.19,0,-87,-18,0,0,59,0,0,127
86.02,1547802990,664.39,51.513900,7.472887,133.25,0.00,0.00,3.19,0,-90,-19,0,0,59,0,0,301
87.02,1547802991,664.39,51.513900,7.472887,133.24,0.00,0.00,3.19,0,-89,-18,0,0,57,0,0,127
87.02,1547802991,664.39,51.513900,7.472887,133.24,0.00,0.00,3.19,0,-91,-17,0,0,57,0,0,301
88.02,1547802992,664.39,51.513900,7.472887,133.23,0.00,0.00,3.19,0,-89,-18,0,0,57,0,0,127
88.02,1547802992,664.39,51.513900,7.472887,133.23,0.00,0.00,3.19,0,-91,-17,0,0,57,0,0,301
89.02,1547802993,664.39,51.513900,7.472887,133.22,0.00,0.00,3.19,0,-89,-18,0,0,57,0,0,127
89.02,1547802993,664.39,51.513900,7.472887,133.22,0.00,0.00,3.19,0,-91,-17,0,0,57,0,0,301
90.07,1547802994,664.39,51.513900,7.472887,133.20,0.00,0.00,3.19,0,-89,-18,0,0,57,0,0,127
90.07,1547802994,664.39,51.513900,7.472887,133.20,0.00,0.00,3.19,0,-91,-17,0,0,57,0,0,301
91.02,1547802995,664.39,51.513900,7.472887,133.19,0.00,0.00,3.19,0,-89,-18,0,0,57,0,0,127
91.02,1547802995,664.39,51.513900,7.472887,133.19,0.00,0.00,3.19,0,-91,-17,0,0,57,0,0,301
92.02,1547802996,664.39,51.513900,7.472887,133.18,0.00,0.00,3.19,0,-89,-18,0,0,57,0,0,127
92.02,1547802996,664.39,51.513900,7.472887,133.18,0.00,0.00,3.19,0,-91,-17,0,0,57,0,0,301
93.02,1547802997,664.39,51.513900,7.472887,133.16,0.00,0.00,3.19,0,-89,-16,0,0,55,0,0,127
93.02,1547802997,664.39,51.513900,7.472887,133.16,0.00,0.00,3.19,0,-90,-16,0,0,56,0,0,301
94.02,1547802998,664.39,51.513900,7.472887,133.14,0.00,0.00,3.19,0,-89,-16,0,0,55,0,0,127
94.02,1547802998,664.39,51.513900,7.472887,133.14,0.00,0.00,3.19,0,-90,-16,0,0,56,0,0,301
95.02,1547802999,664.39,51.513900,7.472887,133.12,0.00,0.00,3.19,0,-89,-17,0,0,56,0,0,127
95.02,1547802999,664.39,51.513900,7.472887,133.12,0.00,0.00,3.19,0,-90,-15,0,0,56,0,0,301
96.02,1547803000,664.39,51.513900,7.472887,133.10,0.00,0.00,3.19,0,-89,-17,0,0,56,0,0,127
96.02,1547803000,664.39,51.513900,7.472887,133.10,0.00,0.00,3.19,0,-90,-15,0,0,56,0,0,301
97.03,1547803001,664.39,51.513900,7.472887,133.08,0.00,0.00,3.19,0,-89,-18,0,0,57,0,0,127
97.03,1547803001,664.39,51.513900,7.472887,133.08,0.00,0.00,3.19,0,-91,-17,0,0,57,0,0,301
98.02,1547803002,664.39,51.513900,7.472887,133.05,0.00,0.00,3.19,0,-89,-18,0,0,57,0,0,127
98.02,1547803002,664.39,51.513900,7.472887,133.05,0.00,0.00,3.19,0,-91,-17,0,0,57,0,0,301
99.02,1547803003,664.39,51.513900,7.472887,133.03,0.00,0.00,3.19,0,-89,-18,0,0,57,0,0,127
99.02,1547803003,664.39,51.513900,7.472887,133.03,0.00,0.00,3.19,0,-91,-17,0,0,57,0,0,301
100.02,1547803004,664.39,51.513900,7.472887,133.00,0.00,0.00,3.19,0,-90,-19,0,0,57,0,0,127
100.02,1547803004,664.39,51.513900,7.472887,133.00,0.00,0.00,3.19,0,-91,-18,0,0,57,0,0,301
101.02,1547803005,664.39,51.513900,7.472887,132.98,0.00,0.00,3.19,0,-90,-19,0,0,57,0,0,127
101.02,1547803005,664.39,51.513900,7.472887,132.98,0.00,0.00,3.19,0,-91,-18,0,0,57,0,0,301
102.02,1547803006,664.39,51.513900,7.472887,132.96,0.00,0.00,3.19,0,-89,-18,0,0,57,0,0,127
102.02,1547803006,664.39,51.513900,7.472887,132.96,0.00,0.00,3.19,0,-91,-17,0,0,56,0,0,301
103.02,1547803007,664.39,51.513900,7.472887,132.94,0.00,0.00,3.19,0,-89,-18,0,0,57,0,0,127
103.02,1547803007,664.39,51.513900,7.472887,132.94,0.00,0.00,3.19,0,-91,-17,0,0,56,0,0,301
104.02,1547803008,664.39,51.513900,7.472887,132.92,0.00,0.00,3.19,0,-89,-18,0,0,56,0,0,127
104.02,1547803008,664.39,51.513900,7.472887,132.92,0.00,0.00,3.19,0,-90,-17,0,0,57,0,0,301
105.02,1547803009,664.39,51.513900,7.472887,132.91,0.00,0.00,3.19,0,-89,-18,0,0,56,0,0,127
105.02,1547803009,664.39,51.513900,7.472887,132.91,0.00,0.00,3.19,0,-90,-17,0,0,57,0,0,301
106.02,1547803010,664.39,51.513900,7.472887,132.89,0.00,0.00,3.19,0,-90,-18,0,0,57,0,0,127
106.02,1547803010,664.39,51.513900,7.472887,132.89,0.00,0.00,3.19,0,-91,-17,0,0,57,0,0,301
107.02,1547803011,664.39,51.513900,7.472887,132.88,0.00,0.00,3.19,0,-90,-18,0,0,57,0,0,127
107.02,1547803011,664.39,51.513900,7.472887,132.88,0.00,0.00,3.19,0,-91,-17,0,0,57,0,0,301
108.02,1547803012,664.39,51.513900,7.472887,132.79,0.00,0.00,3.19,0,-88,-18,0,0,58,0,0,127
108.02,1547803012,664.39,51.513900,7.472887,132.79,0.00,0.00,3.19,0,-91,-18,0,0,57,0,0,301
109.02,1547803013,664.39,51.513900,7.472887,132.74,0.00,0.00,3.19,0,-88,-18,0,0,58,0,0,127
109.02,1547803013,664.39,51.513900,7.472887,132.74,0.00,0.00,3.19,0,-91,-18,0,0,57,0,0,301
110.03,1547803014,664.39,51.513900,7.472887,132.72,0.00,0.00,358.86,0,-104,-17,0,0,46,0,0,399
110.03,1547803014,664.39,51.513900,7.472887,132.72,0.00,0.00,358.86,0,-89,-16,0,0,56,0,0,301
110.03,1547803014,664.39,51.513900,7.472887,132.72,0.00,0.00,358.86,0,-90,-18,0,0,56,0,0,127
111.03,1547803015,664.39,51.514019,7.472862,132.72,0.00,0.00,359.79,0,-104,-17,0,0,46,0,0,399
111.03,1547803015,664.39,51.514019,7.472862,132.72,0.00,0.00,359.79,0,-89,-16,0,0,56,0,0,301
111.03,1547803015,664.39,51.514019,7.472862,132.72,0.00,0.00,359.79,0,-90,-18,0,0,56,0,0,127
112.02,1547803016,664.39,51.514052,7.472861,132.72,4.52,0.00,0.65,0,-105,-16,0,0,43,0,0,399
112.02,1547803016,664.40,51.514052,7.472861,132.72,4.52,0.00,0.65,0,-90,-18,0,0,56,0,0,127
112.02,1547803016,664.40,51.514052,7.472861,132.72,4.52,0.00,0.65,0,-92,-19,0,0,56,0,0,320
113.02,1547803017,668.93,51.514083,7.472862,132.66,4.55,0.00,0.32,0,-105,-16,0,0,43,0,0,399
113.02,1547803017,668.94,51.514083,7.472862,132.66,4.55,0.00,0.32,0,-90,-18,0,0,56,0,0,127
113.02,1547803017,668.94,51.514083,7.472862,132.66,4.55,0.00,0.32,0,-92,-19,0,0,56,0,0,320
114.02,1547803018,673.48,51.514118,7.472864,132.56,4.69,0.00,1.20,0,-105,-13,0,0,41,0,0,399
114.02,1547803018,673.48,51.514118,7.472864,132.56,4.69,0.00,1.20,0,-92,-18,0,0,55,0,0,127
114.02,1547803018,673.49,51.514118,7.472864,132.56,4.69,0.00,1.20,0,-93,-19,0,0,54,0,0,320
115.02,1547803019,678.17,51.514170,7.472869,132.65,6.33,0.00,1.85,0,-105,-13,0,0,41,0,0,399
115.02,1547803019,678.18,51.514170,7.472869,132.65,6.33,0.00,1.85,0,-92,-18,0,0,55,0,0,127
115.02,1547803019,678.18,51.514170,7.472869,132.65,6.33,0.00,1.85,0,-93,-19,0,0,54,0,0,320
116.02,1547803020,684.51,51.514235,7.472873,132.71,8.81,0.00,2.30,0,-105,-14,0,0,42,0,0,399
116.02,1547803020,684.52,51.514235,7.472873,132.71,8.81,0.00,2.30,0,-105,-17,0,0,44,0,0,34
116.02,1547803020,684.53,51.514235,7.472873,132.71,8.81,0.00,2.30,0,-106,-20,0,0,45,0,0,20
116.02,1547803020,684.53,51.514235,7.472873,132.71,8.81,0.00,2.30,0,-93,-16,0,0,53,0,0,44
116.02,1547803020,684.54,51.514235,7.472873,132.71,8.81,0.00,2.30,0,-94,-17,0,0,53,0,0,127
117.02,1547803021,693.33,51.514324,7.472876,132.88,10.63,0.00,2.98,0,-105,-14,0,0,42,0,0,399
117.02,1547803021,693.34,51.514324,7.472876,132.88,10.63,0.00,2.98,0,-105,-17,0,0,44,0,0,34
117.02,1547803021,693.34,51.514324,7.472876,132.88,10.63,0.00,2.98,0,-106,-20,0,0,45,0,0,20
117.02,1547803021,693.35,51.514324,7.472876,132.88,10.63,0.00,2.98,0,-93,-16,0,0,53,0,0,44
117.02,1547803021,693.36,51.514324,7.472876,132.88,10.63,0.00,2.98,0,-94,-17,0,0,53,0,0,127
118.03,1547803022,704.01,51.514428,7.472881,132.96,10.71,0.00,3.47,0,-91,-14,0,0,53,0,0,127
119.02,1547803023,714.63,51.514521,7.472888,132.99,10.42,0.00,3.97,0,-91,-14,0,0,53,0,0,127
120.02,1547803024,725.09,51.514605,7.472898,132.89,8.54,0.00,3.68,0,-91,-14,0,0,53,0,0,127
121.02,1547803025,733.59,51.514685,7.472909,132.65,7.42,0.00,4.09,0,-90,-15,0,0,55,0,0,127
122.02,1547803026,741.02,51.514743,7.472916,132.52,6.12,0.00,4.47,0,-90,-15,0,0,55,0,0,127
123.02,1547803027,747.13,51.514792,7.472921,132.42,4.22,0.00,3.96,0,-89,-14,0,0,55,0,0,127
124.02,1547803028,751.35,51.514809,7.472933,132.42,2.14,0.00,5.00,0,-89,-14,0,0,55,0,0,127
125.02,1547803029,753.48,51.514809,7.472933,132.42,0.00,0.00,5.00,0,-90,-16,0,0,55,0,0,127
126.02,1547803030,753.48,51.514809,7.472933,132.42,0.00,0.00,5.00,0,-90,-16,0,0,55,0,0,127
127.02,1547803031,753.48,51.514809,7.472933,132.42,0.00,0.00,5.00,0,-107,-13,0,0,39,0,0,399
127.02,1547803031,753.48,51.514809,7.472933,132.42,0.00,0.00,5.00,0,-91,-14,0,0,51,0,0,127
128.02,1547803032,753.48,51.514809,7.472933,132.42,0.00,0.00,5.00,0,-107,-13,0,0,39,0,0,399
128.02,1547803032,753.48,51.514809,7.472933,132.42,0.00,0.00,5.00,0,-91,-14,0,0,51,0,0,127
129.02,1547803033,753.48,51.514809,7.472933,132.43,0.00,0.00,5.00,0,-90,-15,0,0,55,0,0,127
130.03,1547803034,753.48,51.514809,7.472933,132.54,0.00,0.00,5.00,0,-90,-15,0,0,55,0,0,127
131.02,1547803035,753.48,51.514809,7.472933,132.65,0.00,0.00,0.74,0,-90,-15,0,0,54,0,0,127
132.02,1547803036,753.48,51.514886,7.472936,133.78,0.00,0.00,1.92,0,-90,-15,0,0,54,0,0,127
133.02,1547803037,753.50,51.514964,7.472944,134.28,8.57,0.00,2.74,0,-107,-13,0,0,38,0,0,399
133.02,1547803037,753.51,51.514964,7.472944,134.28,8.57,0.00,2.74,0,-92,-16,0,0,53,0,0,127
134.02,1547803038,762.07,51.515052,7.472947,134.26,9.81,0.00,2.28,0,-107,-13,0,0,38,0,0,399
134.02,1547803038,762.07,51.515052,7.472947,134.26,9.81,0.00,2.28,0,-92,-16,0,0,53,0,0,127
135.02,1547803039,771.88,51.515143,7.472952,133.66,10.19,0.00,1.15,0,-93,-19,0,0,55,0,0,127
135.02,1547803039,771.89,51.515143,7.472952,133.66,10.19,0.00,1.15,0,-93,-19,0,0,55,0,0,44
136.02,1547803040,782.07,51.515237,7.472948,132.71,11.42,0.00,358.90,0,-93,-19,0,0,55,0,0,127
136.02,1547803040,782.08,51.515237,7.472948,132.71,11.42,0.00,358.90,0,-93,-19,0,0,55,0,0,44
137.02,1547803041,793.49,51.515328,7.472941,132.18,11.37,0.00,356.63,0,-91,-16,0,0,54,0,0,127
137.02,1547803041,793.50,51.515328,7.472941,132.18,11.37,0.00,356.63,0,-95,-19,0,0,53,0,0,44
138.02,1547803042,804.86,51.515436,7.472920,131.47,12.76,0.00,353.90,0,-91,-16,0,0,54,0,0,127
138.02,1547803042,804.86,51.515436,7.472920,131.47,12.76,0.00,353.90,0,-95,-19,0,0,53,0,0,44
139.03,1547803043,817.70,51.515536,7.472885,131.07,12.80,0.00,350.11,0,-92,-16,0,0,54,0,0,127
139.03,1547803043,817.72,51.515536,7.472885,131.07,12.80,0.00,350.11,0,-93,-17,0,0,54,0,0,44
140.06,1547803044,830.95,51.515648,7.472834,130.00,13.02,0.00,346.48,0,-92,-16,0,0,54,0,0,127
140.06,1547803044,830.96,51.515648,7.472834,130.00,13.02,0.00,346.48,0,-93,-17,0,0,54,0,0,44
141.02,1547803045,843.49,51.515768,7.472765,129.45,13.40,0.00,343.44,0,-92,-16,0,0,54,0,0,127
141.03,1547803045,843.50,51.515768,7.472765,129.45,13.40,0.00,343.44,0,-93,-17,0,0,54,0,0,44
142.01,1547803046,856.75,51.515878,7.472689,129.16,13.09,0.00,339.51,0,-87,-14,0,0,56,0,0,127
143.02,1547803047,869.86,51.515989,7.472594,129.35,13.37,0.00,335.74,0,-87,-14,0,0,56,0,0,127
144.02,1547803048,883.27,51.516100,7.472442,129.93,13.80,0.00,320.27,0,-91,-15,0,0,52,0,0,127
145.02,1547803049,897.06,51.516194,7.472296,130.35,14.06,0.00,318.82,0,-91,-15,0,0,52,0,0,127
146.02,1547803050,911.13,51.516283,7.472145,130.41,14.08,0.00,316.27,0,-91,-16,0,0,55,0,0,127
146.02,1547803050,911.14,51.516283,7.472145,130.41,14.08,0.00,316.27,0,-92,-18,0,0,56,0,0,302
147.02,1547803051,925.20,51.516364,7.471988,130.72,14.57,0.00,313.61,0,-91,-16,0,0,55,0,0,127
147.02,1547803051,925.22,51.516364,7.471988,130.72,14.57,0.00,313.61,0,-92,-18,0,0,56,0,0,302
148.02,1547803052,939.77,51.516450,7.471813,131.16,14.29,0.00,310.28,0,-85,-13,0,0,57,0,0,127
148.02,1547803052,939.77,51.516450,7.471813,131.16,14.29,0.00,310.28,0,-92,-19,0,0,57,0,0,302
149.02,1547803053,954.07,51.516506,7.471618,131.67,14.41,0.00,296.97,0,-85,-13,0,0,57,0,0,127
149.02,1547803053,954.08,51.516506,7.471618,131.67,14.41,0.00,296.97,0,-92,-19,0,0,57,0,0,302
150.06,1547803054,969.11,51.516561,7.471429,132.08,14.80,0.00,295.97,0,-84,-13,0,0,58,0,0,127
151.02,1547803055,983.24,51.516614,7.471240,132.29,14.61,0.00,295.36,0,-84,-13,0,0,58,0,0,127
152.02,1547803056,997.80,51.516667,7.471051,132.38,14.48,0.00,294.86,0,-80,-13,0,0,61,0,0,127
153.02,1547803057,1012.28,51.516719,7.470861,132.55,14.48,0.00,294.68,0,-80,-13,0,0,61,0,0,127
154.01,1547803058,1026.74,51.516772,7.470669,132.58,14.00,0.00,294.96,0,-83,-13,0,0,59,0,0,127
155.02,1547803059,1040.81,51.516822,7.470484,132.90,13.69,0.00,295.15,0,-83,-13,0,0,59,0,0,127
156.02,1547803060,1054.51,51.516873,7.470302,133.15,13.95,0.00,294.78,0,-108,-16,0,0,39,0,0,15
156.02,1547803060,1054.52,51.516873,7.470302,133.15,13.95,0.00,294.78,0,-79,-13,0,0,63,0,0,127
157.02,1547803061,1068.43,51.516921,7.470114,133.30,14.35,0.00,293.67,0,-108,-16,0,0,39,0,0,15
157.02,1547803061,1068.45,51.516921,7.470114,133.30,14.35,0.00,293.67,0,-79,-13,0,0,63,0,0,127
158.02,1547803062,1082.80,51.516966,7.469922,133.67,13.55,0.00,292.40,0,-80,-13,0,0,61,0,0,127
159.02,1547803063,1096.35,51.517005,7.469735,134.03,13.76,0.00,290.89,0,-80,-13,0,0,61,0,0,127
160.03,1547803064,1110.24,51.517046,7.469545,134.05,13.76,0.00,289.86,0,-111,-13,0,0,34,0,0,15
160.03,1547803064,1110.25,51.517046,7.469545,134.05,13.76,0.00,289.86,0,-116,-16,0,0,34,0,0,488
160.03,1547803064,1110.26,51.517046,7.469545,134.05,13.76,0.00,289.86,0,-78,-13,0,0,63,0,0,127
160.03,1547803064,1110.28,51.517046,7.469545,134.05,13.76,0.00,289.86,0,-81,-16,0,0,63,0,0,128
161.02,1547803065,1123.90,51.517085,7.469357,133.88,13.68,0.00,289.17,0,-111,-13,0,0,34,0,0,15
161.02,1547803065,1123.90,51.517085,7.469357,133.88,13.68,0.00,289.17,0,-116,-16,0,0,34,0,0,488
161.02,1547803065,1123.92,51.517085,7.469357,133.88,13.68,0.00,289.17,0,-78,-13,0,0,63,0,0,127
161.02,1547803065,1123.93,51.517085,7.469357,133.88,13.68,0.00,289.17,0,-81,-16,0,0,63,0,0,128
162.02,1547803066,1137.58,51.517120,7.469168,133.79,13.59,0.00,288.72,0,-111,-13,0,0,34,0,0,15
162.02,1547803066,1137.59,51.517120,7.469168,133.79,13.59,0.00,288.72,0,-116,-16,0,0,34,0,0,488
162.02,1547803066,1137.59,51.517120,7.469168,133.79,13.59,0.00,288.72,0,-78,-13,0,0,63,0,0,127
162.02,1547803066,1137.60,51.517120,7.469168,133.79,13.59,0.00,288.72,0,-81,-16,0,0,63,0,0,128
163.02,1547803067,1151.15,51.517154,7.468972,134.13,13.08,0.00,289.01,0,-116,-16,0,0,31,0,0,20
163.02,1547803067,1151.17,51.517154,7.468972,134.13,13.08,0.00,289.01,0,-118,-16,0,0,31,0,0,15
163.02,1547803067,1151.17,51.517154,7.468972,134.13,13.08,0.00,289.01,0,-80,-13,0,0,62,0,0,127
163.02,1547803067,1151.18,51.517154,7.468972,134.13,13.08,0.00,289.01,0,-83,-16,0,0,62,0,0,128
164.02,1547803068,1164.25,51.517185,7.468810,134.54,11.62,0.00,289.36,0,-116,-16,0,0,31,0,0,20
164.02,1547803068,1164.26,51.517185,7.468810,134.54,11.62,0.00,289.36,0,-118,-16,0,0,31,0,0,15
164.02,1547803068,1164.26,51.517185,7.468810,134.54,11.62,0.00,289.36,0,-80,-13,0,0,62,0,0,127
164.02,1547803068,1164.27,51.517185,7.468810,134.54,11.62,0.00,289.36,0,-83,-16,0,0,62,0,0,128
165.02,1547803069,1175.84,51.517216,7.468650,134.67,11.66,0.00,290.05,0,-86,-16,0,0,56,0,0,128
166.01,1547803070,1187.42,51.517248,7.468490,135.04,12.32,0.00,290.56,0,-86,-16,0,0,56,0,0,128
167.02,1547803071,1199.82,51.517288,7.468315,135.62,12.42,0.00,291.72,0,-86,-16,0,0,55,0,0,128
167.02,1547803071,1199.84,51.517288,7.468315,135.62,12.42,0.00,291.72,0,-89,-19,0,0,56,0,0,350
168.02,1547803072,1212.24,51.517330,7.468147,136.25,12.00,0.00,292.76,0,-86,-16,0,0,55,0,0,128
168.02,1547803072,1212.25,51.517330,7.468147,136.25,12.00,0.00,292.76,0,-89,-19,0,0,56,0,0,350
169.02,1547803073,1224.23,51.517374,7.467989,136.41,11.42,0.00,294.72,0,-88,-18,0,0,55,0,0,127
170.02,1547803074,1235.65,51.517421,7.467830,136.27,11.96,0.00,295.39,0,-88,-18,0,0,55,0,0,127
171.02,1547803075,1247.62,51.517470,7.467671,135.90,12.33,0.00,295.96,0,-84,-19,0,0,61,0,0,127
172.02,1547803076,1259.97,51.517519,7.467516,135.35,12.15,0.00,296.63,0,-84,-19,0,0,61,0,0,127
200.02,1547803104,1589.70,51.517570,7.462932,132.06,11.08,0.00,247.58,0,-83,-12,0,0,55,0,0,348
201.02,1547803105,1600.79,51.517525,7.462799,131.78,11.19,0.00,246.62,0,-83,-12,0,0,55,0,0,348
228.02,1547803132,1867.83,51.516748,7.459193,134.60,7.58,0.00,257.85,0,-80,-17,0,0,63,0,0,46
229.02,1547803133,1875.40,51.516737,7.459082,134.11,6.84,0.00,258.65,0,-80,-17,0,0,63,0,0,46
230.02,1547803134,1882.25,51.516725,7.458976,133.87,7.18,0.00,258.99,0,-80,-15,0,0,60,0,0,46
231.02,1547803135,1889.43,51.516714,7.458864,134.00,7.56,0.00,259.98,0,-80,-15,0,0,60,0,0,46
232.02,1547803136,1896.98,51.516703,7.458753,134.26,7.74,0.00,259.21,0,-76,-11,0,0,61,0,0,46
233.02,1547803137,1904.73,51.516688,7.458638,135.02,8.12,0.00,258.71,0,-76,-11,0,0,61,0,0,46
234.02,1547803138,1912.85,51.516671,7.458523,135.83,7.93,0.00,259.43,0,-77,-14,0,0,63,0,0,46
235.02,1547803139,1920.78,51.516652,7.458408,136.85,7.71,0.00,258.83,0,-77,-14,0,0,63,0,0,46
236.02,1547803140,1928.49,51.516637,7.458292,136.96,7.60,0.00,258.17,0,-75,-15,0,0,63,0,0,46
237.02,1547803141,1936.09,51.516625,7.458198,136.58,7.06,0.00,258.66,0,-75,-15,0,0,63,0,0,46
238.02,1547803142,1943.15,51.516611,7.458103,136.20,6.77,0.00,259.08,0,-75,-16,0,0,63,0,0,46
239.02,1547803143,1949.90,51.516602,7.458023,135.30,6.11,0.00,257.84,0,-75,-16,0,0,63,0,0,46
240.02,1547803144,1956.02,51.516590,7.457936,134.73,5.79,0.00,258.39,0,-72,-13,0,0,63,0,0,46
241.02,1547803145,1961.81,51.516580,7.457857,134.44,5.09,0.00,258.74,0,-72,-13,0,0,63,0,0,46
242.02,1547803146,1966.90,51.516574,7.457794,134.06,4.71,0.00,259.36,0,-71,-13,0,0,63,0,0,46
243.02,1547803147,1971.60,51.516567,7.457740,134.03,3.99,0.00,259.03,0,-71,-13,0,0,63,0,0,46
244.03,1547803148,1975.63,51.516560,7.457680,134.00,3.23,0.00,259.70,0,-75,-14,0,0,63,0,0,46
245.02,1547803149,1978.83,51.516557,7.457646,133.92,3.22,0.00,258.66,0,-75,-14,0,0,63,0,0,46
246.02,1547803150,1982.05,51.516551,7.457611,133.90,2.37,0.00,257.99,0,-75,-14,0,0,63,0,0,46
247.02,1547803151,1984.42,51.516545,7.457602,133.92,0.36,0.00,257.99,0,-73,-12,0,0,63,0,0,46
248.02,1547803152,1984.78,51.516545,7.457602,133.93,0.00,0.00,257.99,0,-73,-12,0,0,63,0,0,46
249.02,1547803153,1984.78,51.516545,7.457602,133.93,0.00,0.00,257.99,0,-74,-13,0,0,63,0,0,46
250.02,1547803154,1984.78,51.516545,7.457602,133.93,0.00,0.00,257.99,0,-74,-13,0,0,63,0,0,46
251.02,1547803155,1984.78,51.516545,7.457602,133.93,0.00,0.00,257.99,0,-73,-14,0,0,63,0,0,46
252.02,1547803156,1984.78,51.516545,7.457602,133.92,0.00,0.00,257.99,0,-73,-14,0,0,63,0,0,46
253.02,1547803157,1984.78,51.516545,7.457602,133.91,0.00,0.00,257.99,0,-73,-12,0,0,63,0,0,46
254.02,1547803158,1984.78,51.516545,7.457602,133.90,0.00,0.00,257.99,0,-73,-12,0,0,63,0,0,46
255.02,1547803159,1984.78,51.516545,7.457602,133.89,0.00,0.00,257.99,0,-93,-16,0,0,56,0,0,488
255.02,1547803159,1984.78,51.516545,7.457602,133.89,0.00,0.00,257.99,0,-76,-16,0,0,63,0,0,348
256.02,1547803160,1984.78,51.516545,7.457602,133.84,0.00,0.00,276.47,0,-93,-16,0,0,56,0,0,488
256.02,1547803160,1984.78,51.516545,7.457602,133.84,0.00,0.00,276.47,0,-76,-16,0,0,63,0,0,348
257.02,1547803161,1984.78,51.516545,7.457602,133.81,0.00,0.00,256.70,0,-75,-14,0,0,63,0,0,348
258.02,1547803162,1984.79,51.516532,7.457487,133.81,4.01,0.00,257.09,0,-75,-14,0,0,63,0,0,348
259.02,1547803163,1988.81,51.516521,7.457409,133.85,4.45,0.00,256.60,0,-80,-18,0,0,63,0,0,348
260.07,1547803164,1993.48,51.516509,7.457329,133.98,5.70,0.00,257.06,0,-80,-18,0,0,63,0,0,348
268.02,1547803172,2056.75,51.516310,7.456409,131.12,9.72,0.00,246.98,0,-91,-14,0,0,55,0,0,488
269.02,1547803173,2066.46,51.516268,7.456263,130.78,9.26,0.00,244.53,0,-91,-14,0,0,55,0,0,488
272.02,1547803176,2093.68,51.516121,7.455934,130.96,8.52,0.00,226.69,0,-85,-10,0,0,57,0,0,488
272.02,1547803176,2093.69,51.516121,7.455934,130.96,8.52,0.00,226.69,0,-77,-13,0,0,61,0,0,330
273.02,1547803177,2102.24,51.516059,7.455799,131.16,11.20,0.00,230.80,0,-85,-10,0,0,57,0,0,488
273.02,1547803177,2102.26,51.516059,7.455799,131.16,11.20,0.00,230.80,0,-77,-13,0,0,61,0,0,330
297.02,1547803201,2335.67,51.514171,7.455307,135.81,0.00,0.00,170.44,0,-80,-15,0,0,63,0,0,486
298.02,1547803202,2335.67,51.514171,7.455307,135.81,0.00,0.00,170.44,0,-80,-15,0,0,63,0,0,486
299.02,1547803203,2335.67,51.514171,7.455307,135.81,0.00,0.00,170.44,0,-80,-15,0,0,63,0,0,486
300.02,1547803204,2335.67,51.514171,7.455307,135.81,0.00,0.00,170.44,0,-80,-15,0,0,63,0,0,486
301.02,1547803205,2335.67,51.514171,7.455307,135.81,0.00,0.00,170.44,0,-80,-15,0,0,63,0,0,486
302.02,1547803206,2335.67,51.514171,7.455307,135.80,0.00,0.00,170.44,0,-80,-15,0,0,63,0,0,486
303.02,1547803207,2335.67,51.514171,7.455307,135.79,0.00,0.00,170.44,0,-80,-16,0,0,63,0,0,486
304.02,1547803208,2335.67,51.514171,7.455307,135.76,0.00,0.00,170.44,0,-80,-16,0,0,63,0,0,486
307.03,1547803211,2335.67,51.514171,7.455307,135.61,0.00,0.00,170.44,0,-81,-16,0,0,63,0,0,486
308.02,1547803212,2335.67,51.514171,7.455307,135.54,0.00,0.00,170.44,0,-81,-16,0,0,63,0,0,486
309.02,1547803213,2335.67,51.514171,7.455307,135.47,0.00,0.00,170.44,0,-81,-16,0,0,63,0,0,486
310.06,1547803214,2335.67,51.514171,7.455307,135.40,0.00,0.00,170.44,0,-81,-16,0,0,63,0,0,486
311.02,1547803215,2335.67,51.514171,7.455307,135.33,0.00,0.00,170.44,0,-81,-16,0,0,63,0,0,486
312.02,1547803216,2335.67,51.514171,7.455307,135.27,0.00,0.00,170.44,0,-81,-16,0,0,63,0,0,486
313.02,1547803217,2335.67,51.514171,7.455307,135.20,0.00,0.00,170.44,0,-81,-16,0,0,63,0,0,486
316.02,1547803220,2335.67,51.514171,7.455307,134.94,0.00,0.00,170.44,0,-81,-15,0,0,63,0,0,486
317.02,1547803221,2335.67,51.514171,7.455307,134.84,0.00,0.00,170.44,0,-81,-15,0,0,63,0,0,486
318.02,1547803222,2335.67,51.514171,7.455307,134.74,0.00,0.00,170.44,0,-81,-16,0,0,63,0,0,486
319.02,1547803223,2335.67,51.514171,7.455307,134.64,0.00,0.00,170.44,0,-81,-16,0,0,63,0,0,486
320.02,1547803224,2335.67,51.514171,7.455307,134.55,0.00,0.00,170.44,0,-81,-16,0,0,63,0,0,486
321.02,1547803225,2335.67,51.514171,7.455307,134.46,0.00,0.00,170.44,0,-81,-16,0,0,63,0,0,486
322.02,1547803226,2335.67,51.514171,7.455307,134.38,0.00,0.00,170.44,0,-81,-17,0,0,63,0,0,486
323.02,1547803227,2335.67,51.514171,7.455307,134.30,0.00,0.00,170.44,0,-81,-17,0,0,63,0,0,486
324.02,1547803228,2335.67,51.514171,7.455307,134.24,0.00,0.00,170.44,0,-81,-18,0,0,63,0,0,486
325.02,1547803229,2335.67,51.514171,7.455307,134.18,0.00,0.00,170.44,0,-81,-18,0,0,63,0,0,486
326.02,1547803230,2335.67,51.514171,7.455307,134.13,0.00,0.00,170.44,0,-81,-15,0,0,63,0,0,486
327.02,1547803231,2335.67,51.514171,7.455307,134.09,0.00,0.00,170.44,0,-81,-15,0,0,63,0,0,486
328.03,1547803232,2335.67,51.514171,7.455307,134.05,0.00,0.00,170.44,0,-81,-15,0,0,63,0,0,486
329.02,1547803233,2335.67,51.514171,7.455307,134.02,0.00,0.00,170.44,0,-81,-15,0,0,63,0,0,486
330.02,1547803234,2335.67,51.514171,7.455307,133.99,0.00,0.00,170.44,0,-81,-15,0,0,63,0,0,486
331.02,1547803235,2335.67,51.514171,7.455307,133.97,0.00,0.00,170.44,0,-81,-15,0,0,63,0,0,486
332.01,1547803236,2335.67,51.514171,7.455307,133.97,0.00,0.00,170.44,0,-81,-15,0,0,63,0,0,486
333.02,1547803237,2335.67,51.514171,7.455307,133.99,0.00,0.00,170.44,0,-81,-16,0,0,63,0,0,486
334.02,1547803238,2335.67,51.514171,7.455307,133.99,0.00,0.00,170.44,0,-81,-16,0,0,63,0,0,486
335.02,1547803239,2335.67,51.514171,7.455307,134.00,0.00,0.00,170.44,0,-80,-18,0,0,63,0,0,486
336.02,1547803240,2335.67,51.514171,7.455307,134.01,0.00,0.00,170.44,0,-80,-18,0,0,63,0,0,486
337.02,1547803241,2335.67,51.514171,7.455307,134.02,0.00,0.00,170.44,0,-80,-15,0,0,63,0,0,486
338.02,1547803242,2335.67,51.514171,7.455307,134.04,0.00,0.00,170.44,0,-80,-15,0,0,63,0,0,486
339.02,1547803243,2335.67,51.514171,7.455307,134.05,0.00,0.00,170.44,0,-81,-16,0,0,63,0,0,486
340.02,1547803244,2335.67,51.514171,7.455307,134.07,0.00,0.00,170.44,0,-81,-16,0,0,63,0,0,486
341.02,1547803245,2335.67,51.514171,7.455307,134.09,0.00,0.00,170.44,0,-81,-14,0,0,63,0,0,486
342.02,1547803246,2335.67,51.514171,7.455307,134.12,0.00,0.00,170.44,0,-81,-14,0,0,63,0,0,486
343.02,1547803247,2335.67,51.514171,7.455307,134.14,0.00,0.00,170.44,0,-81,-16,0,0,63,0,0,486
344.02,1547803248,2335.67,51.514171,7.455307,134.16,0.00,0.00,170.44,0,-81,-16,0,0,63,0,0,486
345.02,1547803249,2335.67,51.514171,7.455307,134.19,0.00,0.00,170.44,0,-81,-17,0,0,63,0,0,486
346.02,1547803250,2335.67,51.514171,7.455307,134.21,0.00,0.00,170.44,0,-81,-17,0,0,63,0,0,486
347.02,1547803251,2335.67,51.514171,7.455307,134.23,0.00,0.00,170.44,0,-81,-15,0,0,63,0,0,486
348.02,1547803252,2335.67,51.514171,7.455307,134.26,0.00,0.00,170.44,0,-81,-15,0,0,63,0,0,486
349.03,1547803253,2335.67,51.514171,7.455307,134.28,0.00,0.00,170.44,0,-81,-15,0,0,63,0,0,486
350.07,1547803254,2335.67,51.514171,7.455307,134.30,0.00,0.00,170.44,0,-81,-15,0,0,63,0,0,486
351.02,1547803255,2335.67,51.514171,7.455307,134.33,0.00,0.00,170.44,0,-81,-15,0,0,63,0,0,486
352.02,1547803256,2335.67,51.514171,7.455307,134.35,0.00,0.00,170.44,0,-81,-16,0,0,63,0,0,486
353.01,1547803257,2335.67,51.514171,7.455307,134.38,0.00,0.00,170.44,0,-81,-16,0,0,63,0,0,486
354.02,1547803258,2335.67,51.514171,7.455307,134.64,0.00,0.00,176.74,0,-81,-16,0,0,63,0,0,486
355.02,1547803259,2335.67,51.514106,7.455299,134.91,0.00,0.00,182.79,0,-81,-16,0,0,63,0,0,486
356.02,1547803260,2335.68,51.514067,7.455299,137.48,6.18,0.00,179.93,0,-82,-15,0,0,63,0,0,486
357.02,1547803261,2341.87,51.513992,7.455308,139.42,8.78,0.00,176.71,0,-82,-15,0,0,63,0,0,486
360.02,1547803264,2372.17,51.513708,7.455404,140.33,12.54,0.00,168.93,0,-85,-13,0,0,59,0,0,486
361.02,1547803265,2384.67,51.513587,7.455468,140.13,13.18,0.00,166.90,0,-85,-13,0,0,59,0,0,486
362.02,1547803266,2397.86,51.513480,7.455526,140.29,13.62,0.00,164.38,0,-80,-10,0,0,63,0,0,486
362.02,1547803266,2397.86,51.513480,7.455526,140.29,13.62,0.00,164.38,0,-67,-10,0,0,63,0,0,334
363.02,1547803267,2411.46,51.513373,7.455597,140.40,13.30,0.00,160.94,0,-80,-10,0,0,63,0,0,486
363.02,1547803267,2411.46,51.513373,7.455597,140.40,13.30,0.00,160.94,0,-67,-10,0,0,63,0,0,334
364.02,1547803268,2424.81,51.513285,7.455697,140.48,11.56,0.00,147.55,0,-77,-8,0,0,63,0,0,486
364.02,1547803268,2424.82,51.513285,7.455697,140.48,11.56,0.00,147.55,0,-70,-12,0,0,63,0,0,334
365.02,1547803269,2436.37,51.513210,7.455782,140.59,8.79,0.00,146.38,0,-77,-8,0,0,63,0,0,486
365.02,1547803269,2436.38,51.513210,7.455782,140.59,8.79,0.00,146.38,0,-70,-12,0,0,63,0,0,334
366.02,1547803270,2445.15,51.513149,7.455919,140.28,9.71,0.00,127.29,0,-81,-11,0,0,61,0,0,486
367.02,1547803271,2454.87,51.513087,7.456073,140.77,12.64,0.00,126.60,0,-81,-11,0,0,61,0,0,486
368.02,1547803272,2467.51,51.513023,7.456219,141.23,12.52,0.00,127.29,0,-79,-8,0,0,60,0,0,486
368.02,1547803272,2467.54,51.513023,7.456219,141.23,12.52,0.00,127.29,0,-71,-10,0,0,63,0,0,334
369.02,1547803273,2480.05,51.512952,7.456363,141.45,12.42,0.00,129.40,0,-79,-8,0,0,60,0,0,486
369.02,1547803273,2480.05,51.512952,7.456363,141.45,12.42,0.00,129.40,0,-71,-10,0,0,63,0,0,334
396.02,1547803300,2779.54,51.511288,7.459929,146.75,14.67,0.00,127.96,0,-82,-19,0,0,63,0,0,332
397.02,1547803301,2794.18,51.511208,7.460091,146.42,14.01,0.00,129.01,0,-82,-19,0,0,63,0,0,332
398.02,1547803302,2808.22,51.511128,7.460249,145.84,14.31,0.00,129.52,0,-89,-11,0,0,54,0,0,23
398.02,1547803302,2808.23,51.511128,7.460249,145.84,14.31,0.00,129.52,0,-82,-15,0,0,61,0,0,332
398.02,1547803302,2808.24,51.511128,7.460249,145.84,14.31,0.00,129.52,0,-85,-17,0,0,61,0,0,21
399.02,1547803303,2822.52,51.511051,7.460392,145.43,13.02,0.00,130.92,0,-89,-11,0,0,54,0,0,23
399.02,1547803303,2822.53,51.511051,7.460392,145.43,13.02,0.00,130.92,0,-82,-15,0,0,61,0,0,332
399.02,1547803303,2822.55,51.511051,7.460392,145.43,13.02,0.00,130.92,0,-85,-17,0,0,61,0,0,21
400.02,1547803304,2835.54,51.510974,7.460524,145.60,12.28,0.00,131.73,0,-92,-12,0,0,52,0,0,23
400.02,1547803304,2835.54,51.510974,7.460524,145.60,12.28,0.00,131.73,0,-84,-15,0,0,59,0,0,332
400.02,1547803304,2835.56,51.510974,7.460524,145.60,12.28,0.00,131.73,0,-86,-16,0,0,59,0,0,21
401.04,1547803305,2848.05,51.510896,7.460657,145.66,12.21,0.00,133.04,0,-92,-12,0,0,52,0,0,23
401.04,1547803305,2848.06,51.510896,7.460657,145.66,12.21,0.00,133.04,0,-84,-15,0,0,59,0,0,332
401.04,1547803305,2848.06,51.510896,7.460657,145.66,12.21,0.00,133.04,0,-86,-16,0,0,59,0,0,21
402.02,1547803306,2859.97,51.510810,7.460796,145.96,12.98,0.00,133.51,0,-92,-14,0,0,53,0,0,21
402.02,1547803306,2859.97,51.510810,7.460796,145.96,12.98,0.00,133.51,0,-95,-16,0,0,53,0,0,23
402.02,1547803306,2859.98,51.510810,7.460796,145.96,12.98,0.00,133.51,0,-84,-15,0,0,59,0,0,21
402.02,1547803306,2859.98,51.510810,7.460796,145.96,12.98,0.00,133.51,0,-87,-16,0,0,59,0,0,332
403.02,1547803307,2872.96,51.510730,7.460932,146.84,12.37,0.00,132.94,0,-92,-14,0,0,53,0,0,21
403.02,1547803307,2872.96,51.510730,7.460932,146.84,12.37,0.00,132.94,0,-95,-16,0,0,53,0,0,23
403.02,1547803307,2872.96,51.510730,7.460932,146.84,12.37,0.00,132.94,0,-84,-15,0,0,59,0,0,21
403.02,1547803307,2872.97,51.510730,7.460932,146.84,12.37,0.00,132.94,0,-87,-16,0,0,59,0,0,332
404.02,1547803308,2885.37,51.510657,7.461057,147.77,11.12,0.00,133.25,0,-86,-10,0,0,56,0,0,21
404.02,1547803308,2885.38,51.510657,7.461057,147.77,11.12,0.00,133.25,0,-79,-14,0,0,63,0,0,21
405.02,1547803309,2896.48,51.510597,7.461153,149.01,8.38,0.00,134.82,0,-86,-10,0,0,56,0,0,21
405.02,1547803309,2896.49,51.510597,7.461153,149.01,8.38,0.00,134.82,0,-79,-14,0,0,63,0,0,21
425.02,1547803329,2954.54,51.510061,7.462126,157.76,8.51,0.00,128.66,0,-86,-17,0,0,59,0,0,328
426.02,1547803330,2963.05,51.510018,7.462246,158.56,9.21,0.00,124.88,0,-86,-17,0,0,59,0,0,328
427.02,1547803331,2972.28,51.509975,7.462378,158.94,10.35,0.00,121.92,0,-95,-16,0,0,52,0,0,23
427.02,1547803331,2972.29,51.509975,7.462378,158.94,10.35,0.00,121.92,0,-83,-14,0,0,59,0,0,328
428.02,1547803332,2982.62,51.509940,7.462502,158.96,9.94,0.00,119.13,0,-95,-16,0,0,52,0,0,23
428.02,1547803332,2982.63,51.509940,7.462502,158.96,9.94,0.00,119.13,0,-83,-14,0,0,59,0,0,328
429.02,1547803333,2992.58,51.509917,7.462611,159.57,8.48,0.00,116.53,0,-94,-17,0,0,54,0,0,23
429.02,1547803333,2992.59,51.509917,7.462611,159.57,8.48,0.00,116.53,0,-94,-17,0,0,54,0,0,22
429.02,1547803333,2992.59,51.509917,7.462611,159.57,8.48,0.00,116.53,0,-82,-15,0,0,62,0,0,328
429.03,1547803333,2992.60,51.509917,7.462611,159.57,8.48,0.00,116.53,0,-84,-17,0,0,61,0,0,332
430.02,1547803334,3001.05,51.509893,7.462721,159.90,8.46,0.00,114.15,0,-94,-17,0,0,54,0,0,23
430.02,1547803334,3001.06,51.509893,7.462721,159.90,8.46,0.00,114.15,0,-94,-17,0,0,54,0,0,22
430.02,1547803334,3001.07,51.509893,7.462721,159.90,8.46,0.00,114.15,0,-82,-15,0,0,62,0,0,328
430.02,1547803334,3001.07,51.509893,7.462721,159.90,8.46,0.00,114.15,0,-84,-17,0,0,61,0,0,332
431.02,1547803335,3009.54,51.509873,7.462817,159.62,8.18,0.00,112.48,0,-86,-13,0,0,60,0,0,22
431.03,1547803335,3009.55,51.509873,7.462817,159.62,8.18,0.00,112.48,0,-87,-16,0,0,60,0,0,23
431.03,1547803335,3009.55,51.509873,7.462817,159.62,8.18,0.00,112.48,0,-79,-13,0,0,63,0,0,328
431.03,1547803335,3009.55,51.509873,7.462817,159.62,8.18,0.00,112.48,0,-83,-17,0,0,63,0,0,332
432.02,1547803336,3017.66,51.509869,7.462907,158.76,7.66,0.00,97.58,0,-86,-13,0,0,60,0,0,22
432.02,1547803336,3017.67,51.509869,7.462907,158.76,7.66,0.00,97.58,0,-87,-16,0,0,60,0,0,23
432.02,1547803336,3017.67,51.509869,7.462907,158.76,7.66,0.00,97.58,0,-79,-13,0,0,63,0,0,328
432.02,1547803336,3017.67,51.509869,7.462907,158.76,7.66,0.00,97.58,0,-83,-17,0,0,63,0,0,332
433.02,1547803337,3025.36,51.509863,7.463005,158.42,7.15,0.00,96.42,0,-92,-18,0,0,58,0,0,23
433.02,1547803337,3025.36,51.509863,7.463005,158.42,7.15,0.00,96.42,0,-76,-12,0,0,63,0,0,466
433.02,1547803337,3025.36,51.509863,7.463005,158.42,7.15,0.00,96.42,0,-80,-17,0,0,63,0,0,332
434.02,1547803338,3032.50,51.509854,7.463101,157.93,6.74,0.00,97.90,0,-92,-18,0,0,58,0,0,23
434.02,1547803338,3032.51,51.509854,7.463101,157.93,6.74,0.00,97.90,0,-76,-12,0,0,63,0,0,466
434.02,1547803338,3032.51,51.509854,7.463101,157.93,6.74,0.00,97.90,0,-80,-17,0,0,63,0,0,332
435.02,1547803339,3039.23,51.509849,7.463186,157.10,5.99,0.00,97.36,0,-92,-18,0,0,58,0,0,23
435.02,1547803339,3039.23,51.509849,7.463186,157.10,5.99,0.00,97.36,0,-76,-12,0,0,63,0,0,466
435.02,1547803339,3039.23,51.509849,7.463186,157.10,5.99,0.00,97.36,0,-80,-17,0,0,63,0,0,332
436.02,1547803340,3045.23,51.509844,7.463254,156.55,5.32,0.00,99.04,0,-92,-16,0,0,56,0,0,23
436.02,1547803340,3045.23,51.509844,7.463254,156.55,5.32,0.00,99.04,0,-80,-15,0,0,63,0,0,466
436.02,1547803340,3045.24,51.509844,7.463254,156.55,5.32,0.00,99.04,0,-82,-18,0,0,63,0,0,332
437.02,1547803341,3050.54,51.509823,7.463319,156.12,4.95,0.00,120.39,0,-92,-16,0,0,56,0,0,23
437.02,1547803341,3050.55,51.509823,7.463319,156.12,4.95,0.00,120.39,0,-80,-15,0,0,63,0,0,466
437.02,1547803341,3050.55,51.509823,7.463319,156.12,4.95,0.00,120.39,0,-82,-18,0,0,63,0,0,332
438.02,1547803342,3055.50,51.509814,7.463386,155.96,4.71,0.00,105.72,0,-86,-16,0,0,59,0,0,466
438.02,1547803342,3055.50,51.509814,7.463386,155.96,4.71,0.00,105.72,0,-87,-18,0,0,60,0,0,328
439.02,1547803343,3060.21,51.509816,7.463449,155.68,4.54,0.00,92.51,0,-86,-16,0,0,59,0,0,466
439.02,1547803343,3060.21,51.509816,7.463449,155.68,4.54,0.00,92.51,0,-87,-18,0,0,60,0,0,328
440.02,1547803344,3064.74,51.509802,7.463516,155.76,4.56,0.00,115.95,0,-88,-17,0,0,58,0,0,332
441.02,1547803345,3069.30,51.509790,7.463585,155.82,5.00,0.00,117.35,0,-88,-17,0,0,58,0,0,332
461.02,1547803365,3268.81,51.509804,7.466650,154.34,11.76,0.00,94.25,0,-92,-17,0,0,53,0,0,466
462.02,1547803366,3280.54,51.509799,7.466824,154.63,11.86,0.00,93.26,0,-92,-17,0,0,53,0,0,466
