time_s,timestamp_ms,distance_m,latitude,longitude,altitude,velocity_mps,acceleration_mpss,direction,isRegistered,rsrp_dbm,rsrq_db,rssnr_db,cqi,ss,ta,ci,pci
10.06,1547729211,120.13,51.509879,7.468847,153.57,12.21,0.00,66.61,0,-98,-10,0,0,45,0,0,399
10.06,1547729211,120.14,51.509879,7.468847,153.57,12.21,0.00,66.61,0,-84,-11,0,0,55,0,0,320
11.06,1547729212,132.35,51.509928,7.469017,152.74,12.09,0.00,65.03,0,-98,-10,0,0,45,0,0,399
11.07,1547729212,132.36,51.509928,7.469017,152.74,12.09,0.00,65.03,0,-84,-11,0,0,55,0,0,320
12.06,1547729213,144.43,51.509985,7.469188,152.38,12.66,0.00,62.41,0,-90,-11,0,0,55,0,0,399
12.06,1547729213,144.44,51.509985,7.469188,152.38,12.66,0.00,62.41,0,-81,-11,0,0,60,0,0,320
13.07,1547729214,157.11,51.510038,7.469352,151.99,12.53,0.00,61.38,0,-90,-11,0,0,55,0,0,399
13.07,1547729214,157.13,51.510038,7.469352,151.99,12.53,0.00,61.38,0,-81,-11,0,0,60,0,0,320
14.06,1547729215,169.62,51.510095,7.469516,151.66,13.07,0.00,60.18,0,-93,-8,0,0,49,0,0,399
14.06,1547729215,169.63,51.510095,7.469516,151.66,13.07,0.00,60.18,0,-80,-8,0,0,56,0,0,320
15.06,1547729216,182.71,51.510152,7.469678,151.27,12.92,0.00,59.47,0,-93,-8,0,0,49,0,0,399
15.07,1547729216,182.72,51.510152,7.469678,151.27,12.92,0.00,59.47,0,-80,-8,0,0,56,0,0,320
18.06,1547729219,221.75,51.510331,7.470178,151.08,13.00,0.00,58.13,0,-106,-12,0,0,39,0,0,21
19.06,1547729220,234.77,51.510393,7.470344,151.33,12.25,0.00,56.80,0,-106,-12,0,0,39,0,0,21
20.06,1547729221,247.03,51.510457,7.470498,151.43,11.66,0.00,55.48,0,-106,-11,0,0,37,0,0,21
20.07,1547729221,247.04,51.510457,7.470498,151.43,11.66,0.00,55.48,0,-87,-14,0,0,55,0,0,441
20.07,1547729221,247.06,51.510457,7.470498,151.43,11.66,0.00,55.48,0,-91,-18,0,0,55,0,0,31
21.07,1547729222,258.70,51.510524,7.470630,151.77,10.94,0.00,53.37,0,-106,-11,0,0,37,0,0,21
21.07,1547729222,258.71,51.510524,7.470630,151.77,10.94,0.00,53.37,0,-87,-14,0,0,55,0,0,441
21.07,1547729222,258.71,51.510524,7.470630,151.77,10.94,0.00,53.37,0,-91,-18,0,0,55,0,0,31
22.08,1547729223,269.79,51.510590,7.470747,152.57,10.13,0.00,51.17,0,-109,-15,0,0,38,0,0,21
22.08,1547729223,269.80,51.510590,7.470747,152.57,10.13,0.00,51.17,0,-92,-16,0,0,54,0,0,441
22.08,1547729223,269.80,51.510590,7.470747,152.57,10.13,0.00,51.17,0,-93,-17,0,0,54,0,0,31
23.07,1547729224,279.77,51.510654,7.470853,153.94,9.52,0.00,48.41,0,-109,-15,0,0,38,0,0,21
23.07,1547729224,279.78,51.510654,7.470853,153.94,9.52,0.00,48.41,0,-92,-16,0,0,54,0,0,441
23.07,1547729224,279.78,51.510654,7.470853,153.94,9.52,0.00,48.41,0,-93,-17,0,0,54,0,0,31
24.07,1547729225,289.29,51.510715,7.470944,154.68,8.32,0.00,45.95,0,-109,-15,0,0,38,0,0,21
24.07,1547729225,289.29,51.510715,7.470944,154.68,8.32,0.00,45.95,0,-92,-16,0,0,54,0,0,441
24.07,1547729225,289.29,51.510715,7.470944,154.68,8.32,0.00,45.95,0,-93,-17,0,0,54,0,0,31
25.06,1547729226,297.60,51.510775,7.471020,154.43,7.43,0.00,44.06,0,-107,-10,0,0,35,0,0,21
25.07,1547729226,297.61,51.510775,7.471020,154.43,7.43,0.00,44.06,0,-90,-13,0,0,52,0,0,441
25.07,1547729226,297.61,51.510775,7.471020,154.43,7.43,0.00,44.06,0,-94,-18,0,0,52,0,0,31
26.06,1547729227,305.03,51.510827,7.471082,153.91,6.65,0.00,42.58,0,-107,-10,0,0,35,0,0,21
26.07,1547729227,305.03,51.510827,7.471082,153.91,6.65,0.00,42.58,0,-90,-13,0,0,52,0,0,441
26.07,1547729227,305.03,51.510827,7.471082,153.91,6.65,0.00,42.58,0,-94,-18,0,0,52,0,0,31
27.06,1547729228,311.67,51.510865,7.471125,152.93,5.01,0.00,40.97,0,-106,-11,0,0,36,0,0,21
27.06,1547729228,311.67,51.510865,7.471125,152.93,5.01,0.00,40.97,0,-89,-11,0,0,51,0,0,441
28.06,1547729229,316.67,51.510885,7.471147,152.82,2.61,0.00,41.38,0,-106,-11,0,0,36,0,0,21
28.07,1547729229,316.68,51.510885,7.471147,152.82,2.61,0.00,41.38,0,-89,-11,0,0,51,0,0,441
29.06,1547729230,319.28,51.510897,7.471151,152.72,0.85,0.00,41.38,0,-106,-14,0,0,41,0,0,21
29.07,1547729230,319.29,51.510897,7.471151,152.72,0.85,0.00,41.38,0,-87,-11,0,0,53,0,0,441
29.07,1547729230,319.29,51.510897,7.471151,152.72,0.85,0.00,41.38,0,-93,-17,0,0,53,0,0,31
30.06,1547729231,320.13,51.510897,7.471151,152.71,0.00,0.00,41.38,0,-106,-14,0,0,41,0,0,21
30.06,1547729231,320.13,51.510897,7.471151,152.71,0.00,0.00,41.38,0,-87,-11,0,0,53,0,0,441
30.06,1547729231,320.13,51.510897,7.471151,152.71,0.00,0.00,41.38,0,-93,-17,0,0,53,0,0,31
31.07,1547729232,320.13,51.510897,7.471151,152.71,0.00,0.00,41.38,0,-105,-10,0,0,37,0,0,21
31.07,1547729232,320.13,51.510897,7.471151,152.71,0.00,0.00,41.38,0,-90,-13,0,0,51,0,0,441
31.07,1547729232,320.13,51.510897,7.471151,152.71,0.00,0.00,41.38,0,-92,-15,0,0,51,0,0,31
32.06,1547729233,320.13,51.510897,7.471151,152.71,0.00,0.00,41.38,0,-105,-10,0,0,37,0,0,21
32.06,1547729233,320.13,51.510897,7.471151,152.71,0.00,0.00,41.38,0,-90,-13,0,0,51,0,0,441
32.06,1547729233,320.13,51.510897,7.471151,152.71,0.00,0.00,41.38,0,-92,-15,0,0,51,0,0,31
33.06,1547729234,320.13,51.510897,7.471151,152.73,0.00,0.00,41.38,0,-105,-14,0,0,40,0,0,21
33.06,1547729234,320.13,51.510897,7.471151,152.73,0.00,0.00,41.38,0,-90,-15,0,0,54,0,0,441
33.06,1547729234,320.13,51.510897,7.471151,152.73,0.00,0.00,41.38,0,-91,-16,0,0,54,0,0,31
34.06,1547729235,320.13,51.510897,7.471151,152.75,0.00,0.00,41.38,0,-105,-14,0,0,40,0,0,21
34.06,1547729235,320.13,51.510897,7.471151,152.75,0.00,0.00,41.38,0,-90,-15,0,0,54,0,0,441
34.06,1547729235,320.13,51.510897,7.471151,152.75,0.00,0.00,41.38,0,-91,-16,0,0,54,0,0,31
35.07,1547729236,320.13,51.510897,7.471151,152.77,0.00,0.00,41.38,0,-106,-10,0,0,37,0,0,21
35.07,1547729236,320.13,51.510897,7.471151,152.77,0.00,0.00,41.38,0,-89,-12,0,0,51,0,0,441
35.07,1547729236,320.13,51.510897,7.471151,152.77,0.00,0.00,41.38,0,-91,-13,0,0,51,0,0,31
36.06,1547729237,320.13,51.510897,7.471151,152.80,0.00,0.00,41.38,0,-106,-10,0,0,37,0,0,21
36.07,1547729237,320.13,51.510897,7.471151,152.80,0.00,0.00,41.38,0,-89,-12,0,0,51,0,0,441
36.07,1547729237,320.13,51.510897,7.471151,152.80,0.00,0.00,41.38,0,-91,-13,0,0,51,0,0,31
37.07,1547729238,320.13,51.510897,7.471151,152.83,0.00,0.00,41.38,0,-108,-11,0,0,35,0,0,21
37.07,1547729238,320.13,51.510897,7.471151,152.83,0.00,0.00,41.38,0,-90,-12,0,0,51,0,0,441
37.07,1547729238,320.13,51.510897,7.471151,152.83,0.00,0.00,41.38,0,-92,-14,0,0,51,0,0,31
38.06,1547729239,320.13,51.510897,7.471151,152.85,0.00,0.00,41.38,0,-108,-11,0,0,35,0,0,21
38.07,1547729239,320.13,51.510897,7.471151,152.85,0.00,0.00,41.38,0,-90,-12,0,0,51,0,0,441
38.07,1547729239,320.13,51.510897,7.471151,152.85,0.00,0.00,41.38,0,-92,-14,0,0,51,0,0,31
39.06,1547729240,320.13,51.510897,7.471151,152.88,0.00,0.00,41.38,0,-89,-13,0,0,52,0,0,441
39.06,1547729240,320.13,51.510897,7.471151,152.88,0.00,0.00,41.38,0,-92,-15,0,0,52,0,0,31
40.07,1547729241,320.13,51.510897,7.471151,152.91,0.00,0.00,41.38,0,-89,-13,0,0,52,0,0,441
40.07,1547729241,320.13,51.510897,7.471151,152.91,0.00,0.00,41.38,0,-92,-15,0,0,52,0,0,31
41.06,1547729242,320.13,51.510897,7.471151,152.93,0.00,0.00,41.38,0,-111,-13,0,0,36,0,0,21
41.07,1547729242,320.13,51.510897,7.471151,152.93,0.00,0.00,41.38,0,-89,-12,0,0,52,0,0,441
41.07,1547729242,320.13,51.510897,7.471151,152.93,0.00,0.00,41.38,0,-91,-13,0,0,52,0,0,31
42.06,1547729243,320.13,51.510897,7.471151,152.96,0.00,0.00,41.38,0,-111,-13,0,0,36,0,0,21
42.06,1547729243,320.13,51.510897,7.471151,152.96,0.00,0.00,41.38,0,-89,-12,0,0,52,0,0,441
42.06,1547729243,320.13,51.510897,7.471151,152.96,0.00,0.00,41.38,0,-91,-13,0,0,52,0,0,31
43.07,1547729244,320.13,51.510897,7.471151,152.98,0.00,0.00,41.38,0,-110,-14,0,0,36,0,0,21
43.07,1547729244,320.13,51.510897,7.471151,152.98,0.00,0.00,41.38,0,-89,-14,0,0,53,0,0,441
43.07,1547729244,320.13,51.510897,7.471151,152.98,0.00,0.00,41.38,0,-91,-15,0,0,53,0,0,31
44.06,1547729245,320.13,51.510897,7.471151,153.08,0.00,0.00,4.44,0,-110,-14,0,0,36,0,0,21
44.07,1547729245,320.13,51.510897,7.471151,153.08,0.00,0.00,4.44,0,-89,-14,0,0,53,0,0,441
44.07,1547729245,320.13,51.510897,7.471151,153.08,0.00,0.00,4.44,0,-91,-15,0,0,53,0,0,31
45.06,1547729246,320.13,51.510897,7.471151,153.15,0.00,0.00,39.74,0,-110,-14,0,0,36,0,0,21
45.07,1547729246,320.13,51.510897,7.471151,153.15,0.00,0.00,39.74,0,-89,-14,0,0,53,0,0,441
45.07,1547729246,320.13,51.510897,7.471151,153.15,0.00,0.00,39.74,0,-91,-15,0,0,53,0,0,31
46.06,1547729247,320.14,51.511035,7.471252,153.15,3.20,0.00,33.94,0,-89,-11,0,0,51,0,0,441
47.06,1547729248,323.34,51.511108,7.471342,152.18,7.45,0.00,37.67,0,-89,-11,0,0,51,0,0,441
48.06,1547729249,330.80,51.511200,7.471458,150.90,11.98,0.00,39.58,0,-86,-10,0,0,52,0,0,441
49.06,1547729250,342.78,51.511288,7.471573,149.56,12.79,0.00,40.23,0,-86,-10,0,0,52,0,0,441
50.06,1547729251,355.57,51.511384,7.471699,148.32,14.51,0.00,39.88,0,-85,-12,0,0,56,0,0,441
51.06,1547729252,370.08,51.511482,7.471824,146.91,14.71,0.00,39.51,0,-85,-12,0,0,56,0,0,441
52.06,1547729253,384.73,51.511576,7.471945,145.84,14.40,0.00,39.34,0,-85,-11,0,0,56,0,0,441
53.06,1547729254,399.13,51.511671,7.472070,144.63,14.14,0.00,39.72,0,-85,-11,0,0,56,0,0,441
54.06,1547729255,413.31,51.511770,7.472194,143.76,14.36,0.00,39.32,0,-85,-11,0,0,55,0,0,441
55.06,1547729256,427.68,51.511871,7.472317,143.11,14.30,0.00,39.48,0,-85,-11,0,0,55,0,0,441
56.06,1547729257,441.98,51.511971,7.472438,142.55,14.41,0.00,38.58,0,-84,-9,0,0,54,0,0,441
57.06,1547729258,456.39,51.512062,7.472544,141.91,12.90,0.00,37.19,0,-84,-9,0,0,54,0,0,441
58.06,1547729259,469.29,51.512150,7.472641,141.27,12.21,0.00,33.98,0,-78,-11,0,0,61,0,0,441
59.06,1547729260,481.49,51.512238,7.472713,141.13,10.93,0.00,30.12,0,-78,-11,0,0,61,0,0,441
60.06,1547729261,492.37,51.512337,7.472755,140.96,11.09,0.00,14.66,0,-79,-10,0,0,61,0,0,441
61.07,1547729262,503.54,51.512449,7.472793,141.42,12.00,0.00,12.69,0,-79,-10,0,0,61,0,0,441
67.06,1547729268,586.75,51.513224,7.472898,142.25,14.96,0.00,4.43,0,-103,-11,0,0,39,0,0,400
67.07,1547729268,586.76,51.513224,7.472898,142.25,14.96,0.00,4.43,0,-95,-17,0,0,50,0,0,301
68.06,1547729269,601.71,51.513358,7.472907,142.75,14.98,0.00,3.64,0,-103,-11,0,0,39,0,0,400
68.07,1547729269,601.73,51.513358,7.472907,142.75,14.98,0.00,3.64,0,-95,-17,0,0,50,0,0,301
69.07,1547729270,616.71,51.513495,7.472914,142.84,15.04,0.00,3.01,0,-104,-12,0,0,40,0,0,400
69.07,1547729270,616.72,51.513495,7.472914,142.84,15.04,0.00,3.01,0,-92,-15,0,0,51,0,0,318
69.07,1547729270,616.72,51.513495,7.472914,142.84,15.04,0.00,3.01,0,-93,-15,0,0,50,0,0,301
70.06,1547729271,631.73,51.513624,7.472929,143.42,15.23,0.00,3.20,0,-104,-12,0,0,40,0,0,400
70.07,1547729271,631.75,51.513624,7.472929,143.42,15.23,0.00,3.20,0,-92,-15,0,0,51,0,0,318
70.07,1547729271,631.76,51.513624,7.472929,143.42,15.23,0.00,3.20,0,-93,-15,0,0,50,0,0,301
73.06,1547729274,677.23,51.514001,7.472954,142.65,13.66,0.00,1.96,0,-89,-16,0,0,55,0,0,127
73.06,1547729274,677.24,51.514001,7.472954,142.65,13.66,0.00,1.96,0,-94,-20,0,0,55,0,0,320
74.06,1547729275,690.87,51.514133,7.472959,141.94,14.66,0.00,1.88,0,-89,-16,0,0,55,0,0,127
74.06,1547729275,690.89,51.514133,7.472959,141.94,14.66,0.00,1.88,0,-94,-20,0,0,55,0,0,320
75.06,1547729276,705.53,51.514271,7.472962,141.21,15.02,0.00,2.28,0,-92,-18,0,0,54,0,0,127
75.06,1547729276,705.54,51.514271,7.472962,141.21,15.02,0.00,2.28,0,-95,-19,0,0,53,0,0,320
76.06,1547729277,720.62,51.514385,7.472963,140.72,12.33,0.00,3.02,0,-92,-18,0,0,54,0,0,127
76.07,1547729277,720.63,51.514385,7.472963,140.72,12.33,0.00,3.02,0,-95,-19,0,0,53,0,0,320
77.06,1547729278,732.93,51.514494,7.472970,140.18,11.20,0.00,3.65,0,-91,-17,0,0,55,0,0,127
78.06,1547729279,744.12,51.514581,7.472974,140.33,8.66,0.00,3.21,0,-91,-17,0,0,55,0,0,127
79.06,1547729280,752.78,51.514652,7.472981,141.66,7.46,0.00,4.16,0,-91,-18,0,0,56,0,0,127
80.06,1547729281,760.21,51.514708,7.472987,143.39,6.34,0.00,4.38,0,-91,-18,0,0,56,0,0,127
81.07,1547729282,766.59,51.514746,7.472984,146.49,4.43,0.00,4.40,0,-92,-20,0,0,56,0,0,127
82.06,1547729283,770.98,51.514765,7.472984,146.75,1.96,0.00,3.45,0,-92,-20,0,0,56,0,0,127
83.06,1547729284,772.94,51.514765,7.472984,146.93,0.51,0.00,3.45,0,-108,-14,0,0,38,0,0,399
83.06,1547729284,772.94,51.514765,7.472984,146.93,0.51,0.00,3.45,0,-92,-14,0,0,51,0,0,127
84.06,1547729285,773.45,51.514765,7.472984,146.93,0.00,0.00,3.45,0,-108,-14,0,0,38,0,0,399
84.06,1547729285,773.45,51.514765,7.472984,146.93,0.00,0.00,3.45,0,-92,-14,0,0,51,0,0,127
85.06,1547729286,773.45,51.514765,7.472984,146.92,0.00,0.00,3.45,0,-110,-17,0,0,39,0,0,399
85.06,1547729286,773.45,51.514765,7.472984,146.92,0.00,0.00,3.45,0,-92,-16,0,0,53,0,0,127
86.06,1547729287,773.45,51.514765,7.472984,146.90,0.00,0.00,3.45,0,-110,-17,0,0,39,0,0,399
86.06,1547729287,773.45,51.514765,7.472984,146.90,0.00,0.00,3.45,0,-92,-16,0,0,53,0,0,127
87.06,1547729288,773.45,51.514765,7.472984,146.86,0.00,0.00,3.45,0,-110,-17,0,0,39,0,0,399
87.06,1547729288,773.45,51.514765,7.472984,146.86,0.00,0.00,3.45,0,-92,-16,0,0,53,0,0,127
88.06,1547729289,773.45,51.514765,7.472984,146.82,0.00,0.00,3.45,0,-109,-15,0,0,37,0,0,399
88.07,1547729289,773.45,51.514765,7.472984,146.82,0.00,0.00,3.45,0,-111,-16,0,0,36,0,0,20
88.07,1547729289,773.45,51.514765,7.472984,146.82,0.00,0.00,3.45,0,-92,-18,0,0,54,0,0,127
89.06,1547729290,773.45,51.514765,7.472984,146.78,0.00,0.00,3.45,0,-109,-15,0,0,37,0,0,399
89.07,1547729290,773.45,51.514765,7.472984,146.78,0.00,0.00,3.45,0,-111,-16,0,0,36,0,0,20
89.07,1547729290,773.45,51.514765,7.472984,146.78,0.00,0.00,3.45,0,-92,-18,0,0,54,0,0,127
90.06,1547729291,773.45,51.514765,7.472984,146.74,0.00,0.00,3.45,0,-109,-14,0,0,36,0,0,399
90.06,1547729291,773.45,51.514765,7.472984,146.74,0.00,0.00,3.45,0,-93,-19,0,0,54,0,0,127
91.07,1547729292,773.45,51.514765,7.472984,146.70,0.00,0.00,3.45,0,-109,-14,0,0,36,0,0,399
91.07,1547729292,773.45,51.514765,7.472984,146.70,0.00,0.00,3.45,0,-93,-19,0,0,54,0,0,127
92.06,1547729293,773.45,51.514765,7.472984,146.67,0.00,0.00,3.45,0,-109,-15,0,0,37,0,0,399
92.06,1547729293,773.45,51.514765,7.472984,146.67,0.00,0.00,3.45,0,-93,-19,0,0,54,0,0,127
93.06,1547729294,773.45,51.514765,7.472984,146.63,0.00,0.00,3.45,0,-109,-15,0,0,37,0,0,399
93.06,1547729294,773.45,51.514765,7.472984,146.63,0.00,0.00,3.45,0,-93,-19,0,0,54,0,0,127
94.06,1547729295,773.45,51.514765,7.472984,146.60,0.00,0.00,3.45,0,-109,-14,0,0,36,0,0,399
94.07,1547729295,773.45,51.514765,7.472984,146.60,0.00,0.00,3.45,0,-92,-18,0,0,55,0,0,127
95.06,1547729296,773.45,51.514765,7.472984,146.57,0.00,0.00,3.45,0,-109,-14,0,0,36,0,0,399
95.06,1547729296,773.45,51.514765,7.472984,146.57,0.00,0.00,3.45,0,-92,-18,0,0,55,0,0,127
96.06,1547729297,773.45,51.514765,7.472984,146.54,0.00,0.00,3.45,0,-108,-16,0,0,39,0,0,399
96.06,1547729297,773.45,51.514765,7.472984,146.54,0.00,0.00,3.45,0,-94,-19,0,0,54,0,0,127
97.06,1547729298,773.45,51.514765,7.472984,146.51,0.00,0.00,3.45,0,-108,-16,0,0,39,0,0,399
97.07,1547729298,773.45,51.514765,7.472984,146.51,0.00,0.00,3.45,0,-94,-19,0,0,54,0,0,127
98.06,1547729299,773.45,51.514765,7.472984,146.49,0.00,0.00,3.45,0,-108,-14,0,0,37,0,0,399
98.07,1547729299,773.45,51.514765,7.472984,146.49,0.00,0.00,3.45,0,-93,-19,0,0,55,0,0,127
99.06,1547729300,773.45,51.514765,7.472984,146.48,0.00,0.00,3.45,0,-108,-14,0,0,37,0,0,399
99.06,1547729300,773.45,51.514765,7.472984,146.48,0.00,0.00,3.45,0,-93,-19,0,0,55,0,0,127
100.06,1547729301,773.45,51.514765,7.472984,146.48,0.00,0.00,3.45,0,-108,-14,0,0,38,0,0,399
100.06,1547729301,773.45,51.514765,7.472984,146.48,0.00,0.00,3.45,0,-92,-19,0,0,55,0,0,127
101.06,1547729302,773.45,51.514765,7.472984,146.49,0.00,0.00,3.45,0,-108,-14,0,0,38,0,0,399
101.06,1547729302,773.45,51.514765,7.472984,146.49,0.00,0.00,3.45,0,-92,-19,0,0,55,0,0,127
102.06,1547729303,773.45,51.514765,7.472984,146.49,0.00,0.00,3.45,0,-109,-17,0,0,40,0,0,399
102.06,1547729303,773.45,51.514765,7.472984,146.49,0.00,0.00,3.45,0,-93,-19,0,0,55,0,0,127
103.07,1547729304,773.45,51.514765,7.472984,146.50,0.00,0.00,3.45,0,-109,-17,0,0,40,0,0,399
103.07,1547729304,773.45,51.514765,7.472984,146.50,0.00,0.00,3.45,0,-93,-19,0,0,55,0,0,127
104.06,1547729305,773.45,51.514765,7.472984,146.51,0.00,0.00,3.45,0,-109,-18,0,0,41,0,0,399
104.06,1547729305,773.45,51.514765,7.472984,146.51,0.00,0.00,3.45,0,-92,-19,0,0,56,0,0,127
105.06,1547729306,773.45,51.514765,7.472984,146.52,0.00,0.00,3.45,0,-109,-18,0,0,41,0,0,399
105.07,1547729306,773.45,51.514765,7.472984,146.52,0.00,0.00,3.45,0,-92,-19,0,0,56,0,0,127
106.06,1547729307,773.45,51.514765,7.472984,146.53,0.00,0.00,3.45,0,-110,-15,0,0,36,0,0,399
106.06,1547729307,773.45,51.514765,7.472984,146.53,0.00,0.00,3.45,0,-92,-19,0,0,56,0,0,127
107.06,1547729308,773.45,51.514765,7.472984,146.54,0.00,0.00,3.45,0,-110,-15,0,0,36,0,0,399
107.07,1547729308,773.45,51.514765,7.472984,146.54,0.00,0.00,3.45,0,-92,-19,0,0,56,0,0,127
108.07,1547729309,773.45,51.514765,7.472984,146.55,0.00,0.00,3.45,0,-110,-14,0,0,36,0,0,399
108.07,1547729309,773.45,51.514765,7.472984,146.55,0.00,0.00,3.45,0,-92,-19,0,0,55,0,0,127
109.06,1547729310,773.45,51.514765,7.472984,146.56,0.00,0.00,3.45,0,-110,-14,0,0,36,0,0,399
109.07,1547729310,773.45,51.514765,7.472984,146.56,0.00,0.00,3.45,0,-92,-19,0,0,55,0,0,127
110.08,1547729311,773.45,51.514765,7.472984,146.57,0.00,0.00,3.45,0,-109,-18,0,0,41,0,0,399
110.08,1547729311,773.45,51.514765,7.472984,146.57,0.00,0.00,3.45,0,-92,-18,0,0,55,0,0,127
111.07,1547729312,773.45,51.514765,7.472984,146.58,0.00,0.00,3.45,0,-109,-18,0,0,41,0,0,399
111.07,1547729312,773.45,51.514765,7.472984,146.58,0.00,0.00,3.45,0,-92,-18,0,0,55,0,0,127
112.06,1547729313,773.45,51.514765,7.472984,146.59,0.00,0.00,3.45,0,-109,-18,0,0,41,0,0,399
112.06,1547729313,773.45,51.514765,7.472984,146.59,0.00,0.00,3.45,0,-92,-18,0,0,55,0,0,127
113.06,1547729314,773.45,51.514765,7.472984,146.59,0.00,0.00,3.45,0,-109,-14,0,0,36,0,0,20
113.06,1547729314,773.45,51.514765,7.472984,146.59,0.00,0.00,3.45,0,-91,-19,0,0,56,0,0,127
113.06,1547729314,773.45,51.514765,7.472984,146.59,0.00,0.00,3.45,0,-93,-20,0,0,56,0,0,44
114.07,1547729315,773.45,51.514765,7.472984,146.59,0.00,0.00,3.45,0,-109,-14,0,0,36,0,0,20
114.07,1547729315,773.45,51.514765,7.472984,146.59,0.00,0.00,3.45,0,-91,-19,0,0,56,0,0,127
114.07,1547729315,773.45,51.514765,7.472984,146.59,0.00,0.00,3.45,0,-93,-20,0,0,56,0,0,44
115.06,1547729316,773.45,51.514765,7.472984,146.57,0.00,0.00,3.45,0,-110,-15,0,0,37,0,0,399
115.07,1547729316,773.45,51.514765,7.472984,146.57,0.00,0.00,3.45,0,-92,-19,0,0,55,0,0,127
116.06,1547729317,773.45,51.514765,7.472984,146.56,0.00,0.00,3.45,0,-110,-15,0,0,37,0,0,399
116.06,1547729317,773.45,51.514765,7.472984,146.56,0.00,0.00,3.45,0,-92,-19,0,0,55,0,0,127
117.06,1547729318,773.45,51.514765,7.472984,146.54,0.00,0.00,3.45,0,-92,-18,0,0,55,0,0,127
118.06,1547729319,773.45,51.514765,7.472984,146.53,0.00,0.00,3.45,0,-92,-18,0,0,55,0,0,127
119.06,1547729320,773.45,51.514765,7.472984,146.52,0.00,0.00,3.45,0,-111,-12,0,0,33,0,0,20
119.06,1547729320,773.45,51.514765,7.472984,146.52,0.00,0.00,3.45,0,-92,-18,0,0,55,0,0,127
120.06,1547729321,773.45,51.514765,7.472984,146.52,0.00,0.00,3.45,0,-111,-12,0,0,33,0,0,20
120.06,1547729321,773.45,51.514765,7.472984,146.52,0.00,0.00,3.45,0,-92,-18,0,0,55,0,0,127
121.06,1547729322,773.45,51.514765,7.472984,146.51,0.00,0.00,3.45,0,-110,-16,0,0,39,0,0,399
121.06,1547729322,773.45,51.514765,7.472984,146.51,0.00,0.00,3.45,0,-92,-18,0,0,55,0,0,127
121.07,1547729322,773.45,51.514765,7.472984,146.51,0.00,0.00,3.45,0,-93,-20,0,0,56,0,0,44
122.07,1547729323,773.45,51.514765,7.472984,146.51,0.00,0.00,3.45,0,-110,-16,0,0,39,0,0,399
122.07,1547729323,773.45,51.514765,7.472984,146.51,0.00,0.00,3.45,0,-92,-18,0,0,55,0,0,127
122.07,1547729323,773.45,51.514765,7.472984,146.51,0.00,0.00,3.45,0,-93,-20,0,0,56,0,0,44
123.06,1547729324,773.45,51.514765,7.472984,146.50,0.00,0.00,3.45,0,-92,-18,0,0,55,0,0,127
124.06,1547729325,773.45,51.514765,7.472984,146.51,0.00,0.00,3.45,0,-92,-18,0,0,55,0,0,127
125.06,1547729326,773.45,51.514765,7.472984,146.55,0.00,0.00,1.04,0,-92,-18,0,0,54,0,0,127
126.06,1547729327,773.45,51.514845,7.472988,147.36,0.00,0.00,3.51,0,-92,-18,0,0,54,0,0,127
127.06,1547729328,773.46,51.514918,7.472994,147.69,8.14,0.00,3.12,0,-108,-14,0,0,38,0,0,399
127.06,1547729328,773.47,51.514918,7.472994,147.69,8.14,0.00,3.12,0,-90,-17,0,0,56,0,0,44
128.06,1547729329,781.61,51.515004,7.472999,147.74,9.78,0.00,2.21,0,-108,-14,0,0,38,0,0,399
128.06,1547729329,781.61,51.515004,7.472999,147.74,9.78,0.00,2.21,0,-90,-17,0,0,56,0,0,44
129.06,1547729330,791.39,51.515096,7.473007,147.29,10.66,0.00,1.54,0,-93,-18,0,0,53,0,0,44
129.07,1547729330,791.40,51.515096,7.473007,147.29,10.66,0.00,1.54,0,-94,-18,0,0,53,0,0,127
130.06,1547729331,801.99,51.515191,7.473014,145.79,10.28,0.00,0.21,0,-93,-18,0,0,53,0,0,44
130.06,1547729331,802.00,51.515191,7.473014,145.79,10.28,0.00,0.21,0,-94,-18,0,0,53,0,0,127
131.07,1547729332,812.42,51.515285,7.473008,144.44,10.29,0.00,357.89,0,-91,-17,0,0,54,0,0,127
132.06,1547729333,822.57,51.515380,7.472992,143.70,11.06,0.00,354.49,0,-91,-17,0,0,54,0,0,127
133.06,1547729334,833.63,51.515489,7.472963,142.70,12.81,0.00,351.36,0,-91,-17,0,0,54,0,0,127
134.07,1547729335,846.55,51.515598,7.472919,142.01,13.43,0.00,348.49,0,-92,-18,0,0,55,0,0,127
135.06,1547729336,859.93,51.515717,7.472852,141.29,14.74,0.00,344.63,0,-92,-18,0,0,55,0,0,127
136.06,1547729337,874.67,51.515839,7.472780,140.66,15.07,0.00,342.09,0,-90,-13,0,0,52,0,0,127
137.06,1547729338,889.73,51.515964,7.472691,140.00,15.62,0.00,339.31,0,-90,-13,0,0,52,0,0,127
138.06,1547729339,905.36,51.516069,7.472537,139.17,15.60,0.00,321.26,0,-92,-15,0,0,51,0,0,127
139.06,1547729340,920.95,51.516167,7.472387,138.88,14.94,0.00,319.26,0,-92,-15,0,0,51,0,0,127
140.06,1547729341,935.81,51.516258,7.472232,138.35,14.31,0.00,316.58,0,-91,-17,0,0,55,0,0,127
140.06,1547729341,935.81,51.516258,7.472232,138.35,14.31,0.00,316.58,0,-92,-18,0,0,55,0,0,302
141.06,1547729342,950.20,51.516336,7.472072,137.85,13.53,0.00,312.71,0,-91,-17,0,0,55,0,0,127
141.07,1547729342,950.22,51.516336,7.472072,137.85,13.53,0.00,312.71,0,-92,-18,0,0,55,0,0,302
142.06,1547729343,963.69,51.516408,7.471908,136.62,12.93,0.00,309.60,0,-86,-13,0,0,56,0,0,127
143.06,1547729344,976.63,51.516477,7.471736,135.26,13.65,0.00,305.85,0,-86,-13,0,0,56,0,0,127
144.06,1547729345,990.30,51.516542,7.471543,134.09,14.86,0.00,301.92,0,-84,-12,0,0,56,0,0,127
145.06,1547729346,1005.16,51.516602,7.471339,133.09,15.65,0.00,299.14,0,-84,-12,0,0,56,0,0,127
146.06,1547729347,1020.80,51.516656,7.471122,132.68,16.02,0.00,297.09,0,-79,-9,0,0,59,0,0,127
147.06,1547729348,1036.79,51.516700,7.470938,132.80,13.60,0.00,296.31,0,-79,-9,0,0,59,0,0,127
148.06,1547729349,1050.43,51.516735,7.470764,133.63,12.36,0.00,295.55,0,-84,-9,0,0,54,0,0,127
149.07,1547729350,1062.80,51.516769,7.470604,134.55,11.01,0.00,295.11,0,-84,-9,0,0,54,0,0,127
150.06,1547729351,1073.79,51.516798,7.470472,135.18,9.31,0.00,294.27,0,-79,-10,0,0,60,0,0,127
151.07,1547729352,1083.13,51.516825,7.470361,135.48,8.01,0.00,293.67,0,-79,-10,0,0,60,0,0,127
152.07,1547729353,1091.18,51.516846,7.470255,135.90,7.51,0.00,292.99,0,-84,-12,0,0,57,0,0,127
152.07,1547729353,1091.19,51.516846,7.470255,135.90,7.51,0.00,292.99,0,-90,-18,0,0,57,0,0,128
153.07,1547729354,1098.65,51.516864,7.470156,136.55,7.01,0.00,293.50,0,-84,-12,0,0,57,0,0,127
153.07,1547729354,1098.65,51.516864,7.470156,136.55,7.01,0.00,293.50,0,-90,-18,0,0,57,0,0,128
154.06,1547729355,1105.62,51.516886,7.470048,137.03,7.34,0.00,293.42,0,-84,-12,0,0,57,0,0,127
154.06,1547729355,1105.62,51.516886,7.470048,137.03,7.34,0.00,293.42,0,-90,-18,0,0,57,0,0,128
155.06,1547729356,1112.98,51.516918,7.469919,136.51,8.13,0.00,292.87,0,-83,-11,0,0,57,0,0,127
155.06,1547729356,1112.99,51.516918,7.469919,136.51,8.13,0.00,292.87,0,-88,-15,0,0,57,0,0,128
156.06,1547729357,1121.11,51.516947,7.469792,135.49,8.27,0.00,291.94,0,-83,-11,0,0,57,0,0,127
156.06,1547729357,1121.12,51.516947,7.469792,135.49,8.27,0.00,291.94,0,-88,-15,0,0,57,0,0,128
157.07,1547729358,1129.40,51.516971,7.469656,135.69,8.57,0.00,290.29,0,-118,-15,0,0,28,0,0,231
157.07,1547729358,1129.41,51.516971,7.469656,135.69,8.57,0.00,290.29,0,-118,-15,0,0,28,0,0,15
157.07,1547729358,1129.42,51.516971,7.469656,135.69,8.57,0.00,290.29,0,-119,-14,0,0,26,0,0,20
157.07,1547729358,1129.42,51.516971,7.469656,135.69,8.57,0.00,290.29,0,-81,-13,0,0,61,0,0,127
157.07,1547729358,1129.43,51.516971,7.469656,135.69,8.57,0.00,290.29,0,-83,-15,0,0,61,0,0,128
158.07,1547729359,1137.97,51.516994,7.469517,136.35,8.99,0.00,289.92,0,-118,-15,0,0,28,0,0,231
158.07,1547729359,1137.98,51.516994,7.469517,136.35,8.99,0.00,289.92,0,-118,-15,0,0,28,0,0,15
158.07,1547729359,1137.98,51.516994,7.469517,136.35,8.99,0.00,289.92,0,-119,-14,0,0,26,0,0,20
158.07,1547729359,1137.99,51.516994,7.469517,136.35,8.99,0.00,289.92,0,-81,-13,0,0,61,0,0,127
158.07,1547729359,1138.00,51.516994,7.469517,136.35,8.99,0.00,289.92,0,-83,-15,0,0,61,0,0,128
159.07,1547729360,1146.96,51.517015,7.469373,137.59,9.68,0.00,288.92,0,-117,-14,0,0,29,0,0,15
159.07,1547729360,1146.97,51.517015,7.469373,137.59,9.68,0.00,288.92,0,-119,-15,0,0,27,0,0,20
159.07,1547729360,1146.98,51.517015,7.469373,137.59,9.68,0.00,288.92,0,-119,-17,0,0,29,0,0,33
159.07,1547729360,1146.98,51.517015,7.469373,137.59,9.68,0.00,288.92,0,-81,-14,0,0,61,0,0,127
159.07,1547729360,1146.99,51.517015,7.469373,137.59,9.68,0.00,288.92,0,-83,-15,0,0,61,0,0,128
160.06,1547729361,1156.58,51.517040,7.469237,138.72,10.02,0.00,289.06,0,-117,-14,0,0,29,0,0,15
160.06,1547729361,1156.58,51.517040,7.469237,138.72,10.02,0.00,289.06,0,-119,-15,0,0,27,0,0,20
160.06,1547729361,1156.59,51.517040,7.469237,138.72,10.02,0.00,289.06,0,-119,-17,0,0,29,0,0,33
160.06,1547729361,1156.59,51.517040,7.469237,138.72,10.02,0.00,289.06,0,-81,-14,0,0,61,0,0,127
160.06,1547729361,1156.59,51.517040,7.469237,138.72,10.02,0.00,289.06,0,-83,-15,0,0,61,0,0,128
161.07,1547729362,1166.65,51.517067,7.469099,139.35,10.15,0.00,288.44,0,-97,-17,0,0,45,0,0,18
161.07,1547729362,1166.65,51.517067,7.469099,139.35,10.15,0.00,288.44,0,-98,-19,0,0,46,0,0,139
161.07,1547729362,1166.66,51.517067,7.469099,139.35,10.15,0.00,288.44,0,-82,-13,0,0,59,0,0,127
161.07,1547729362,1166.67,51.517067,7.469099,139.35,10.15,0.00,288.44,0,-83,-15,0,0,58,0,0,128
162.07,1547729363,1176.80,51.517096,7.468951,139.24,10.67,0.00,288.00,0,-97,-17,0,0,45,0,0,18
162.07,1547729363,1176.81,51.517096,7.468951,139.24,10.67,0.00,288.00,0,-98,-19,0,0,46,0,0,139
162.07,1547729363,1176.82,51.517096,7.468951,139.24,10.67,0.00,288.00,0,-82,-13,0,0,59,0,0,127
162.07,1547729363,1176.83,51.517096,7.468951,139.24,10.67,0.00,288.00,0,-83,-15,0,0,58,0,0,128
163.06,1547729364,1187.46,51.517130,7.468796,138.07,11.61,0.00,287.23,0,-99,-19,0,0,47,0,0,139
163.07,1547729364,1187.49,51.517130,7.468796,138.07,11.61,0.00,287.23,0,-99,-20,0,0,46,0,0,18
163.07,1547729364,1187.49,51.517130,7.468796,138.07,11.61,0.00,287.23,0,-99,-20,0,0,46,0,0,461
164.07,1547729365,1199.09,51.517166,7.468633,135.81,11.82,0.00,287.31,0,-99,-19,0,0,47,0,0,139
164.07,1547729365,1199.10,51.517166,7.468633,135.81,11.82,0.00,287.31,0,-99,-20,0,0,46,0,0,18
164.07,1547729365,1199.11,51.517166,7.468633,135.81,11.82,0.00,287.31,0,-99,-20,0,0,46,0,0,461
165.06,1547729366,1210.90,51.517199,7.468462,134.34,11.95,0.00,288.41,0,-96,-16,0,0,45,0,0,461
165.07,1547729366,1210.91,51.517199,7.468462,134.34,11.95,0.00,288.41,0,-98,-16,0,0,44,0,0,18
166.06,1547729367,1222.84,51.517233,7.468279,133.74,12.34,0.00,290.04,0,-96,-16,0,0,45,0,0,461
166.07,1547729367,1222.86,51.517233,7.468279,133.74,12.34,0.00,290.04,0,-98,-16,0,0,44,0,0,18
167.07,1547729368,1235.21,51.517275,7.468093,133.78,12.92,0.00,291.21,0,-96,-16,0,0,45,0,0,18
167.07,1547729368,1235.22,51.517275,7.468093,133.78,12.92,0.00,291.21,0,-100,-19,0,0,45,0,0,218
167.07,1547729368,1235.24,51.517275,7.468093,133.78,12.92,0.00,291.21,0,-100,-19,0,0,44,0,0,461
168.06,1547729369,1248.10,51.517321,7.467907,134.29,13.19,0.00,292.37,0,-96,-16,0,0,45,0,0,18
168.07,1547729369,1248.12,51.517321,7.467907,134.29,13.19,0.00,292.37,0,-100,-19,0,0,45,0,0,218
168.07,1547729369,1248.13,51.517321,7.467907,134.29,13.19,0.00,292.37,0,-100,-19,0,0,44,0,0,461
169.07,1547729370,1261.30,51.517366,7.467731,135.15,12.87,0.00,293.49,0,-98,-19,0,0,46,0,0,18
169.07,1547729370,1261.32,51.517366,7.467731,135.15,12.87,0.00,293.49,0,-98,-19,0,0,46,0,0,176
169.07,1547729370,1261.33,51.517366,7.467731,135.15,12.87,0.00,293.49,0,-99,-20,0,0,46,0,0,461
170.07,1547729371,1274.17,51.517414,7.467575,135.35,11.67,0.00,294.57,0,-98,-19,0,0,46,0,0,18
170.07,1547729371,1274.17,51.517414,7.467575,135.35,11.67,0.00,294.57,0,-98,-19,0,0,46,0,0,176
170.07,1547729371,1274.18,51.517414,7.467575,135.35,11.67,0.00,294.57,0,-99,-20,0,0,46,0,0,461
171.07,1547729372,1285.84,51.517459,7.467439,135.18,10.30,0.00,295.69,0,-95,-16,0,0,47,0,0,191
171.07,1547729372,1285.85,51.517459,7.467439,135.18,10.30,0.00,295.69,0,-96,-18,0,0,47,0,0,139
171.07,1547729372,1285.86,51.517459,7.467439,135.18,10.30,0.00,295.69,0,-97,-19,0,0,47,0,0,18
171.07,1547729372,1285.86,51.517459,7.467439,135.18,10.30,0.00,295.69,0,-77,-12,0,0,61,0,0,128
171.07,1547729372,1285.87,51.517459,7.467439,135.18,10.30,0.00,295.69,0,-84,-20,0,0,61,0,0,127
172.07,1547729373,1296.15,51.517501,7.467317,135.24,9.59,0.00,296.13,0,-95,-16,0,0,47,0,0,191
172.07,1547729373,1296.15,51.517501,7.467317,135.24,9.59,0.00,296.13,0,-96,-18,0,0,47,0,0,139
172.07,1547729373,1296.15,51.517501,7.467317,135.24,9.59,0.00,296.13,0,-97,-19,0,0,47,0,0,18
172.07,1547729373,1296.16,51.517501,7.467317,135.24,9.59,0.00,296.13,0,-77,-12,0,0,61,0,0,128
172.07,1547729373,1296.17,51.517501,7.467317,135.24,9.59,0.00,296.13,0,-84,-20,0,0,61,0,0,127
173.08,1547729374,1305.83,51.517542,7.467215,135.26,9.54,0.00,295.35,0,-94,-16,0,0,48,0,0,461
173.08,1547729374,1305.85,51.517542,7.467215,135.26,9.54,0.00,295.35,0,-94,-17,0,0,48,0,0,191
173.08,1547729374,1305.86,51.517542,7.467215,135.26,9.54,0.00,295.35,0,-95,-18,0,0,49,0,0,139
173.08,1547729374,1305.88,51.517542,7.467215,135.26,9.54,0.00,295.35,0,0,0,0,0,63,0,0,327
174.07,1547729375,1315.27,51.517583,7.467086,135.26,10.59,0.00,294.24,0,-94,-16,0,0,48,0,0,461
174.07,1547729375,1315.27,51.517583,7.467086,135.26,10.59,0.00,294.24,0,-94,-17,0,0,48,0,0,191
174.07,1547729375,1315.28,51.517583,7.467086,135.26,10.59,0.00,294.24,0,-95,-18,0,0,49,0,0,139
174.07,1547729375,1315.29,51.517583,7.467086,135.26,10.59,0.00,294.24,0,0,0,0,0,63,0,0,327
175.07,1547729376,1325.85,51.517621,7.466946,134.87,10.75,0.00,292.57,0,-94,-16,0,0,48,0,0,461
175.07,1547729376,1325.86,51.517621,7.466946,134.87,10.75,0.00,292.57,0,-94,-17,0,0,48,0,0,191
175.07,1547729376,1325.87,51.517621,7.466946,134.87,10.75,0.00,292.57,0,-95,-18,0,0,49,0,0,139
175.07,1547729376,1325.88,51.517621,7.466946,134.87,10.75,0.00,292.57,0,0,0,0,0,63,0,0,327
176.07,1547729377,1336.60,51.517656,7.466811,134.96,10.90,0.00,290.92,0,-93,-15,0,0,48,0,0,461
176.07,1547729377,1336.61,51.517656,7.466811,134.96,10.90,0.00,290.92,0,-96,-18,0,0,47,0,0,176
176.07,1547729377,1336.63,51.517656,7.466811,134.96,10.90,0.00,290.92,0,-97,-19,0,0,48,0,0,191
176.07,1547729377,1336.64,51.517656,7.466811,134.96,10.90,0.00,290.92,0,0,0,0,0,63,0,0,327
177.07,1547729378,1347.50,51.517689,7.466668,134.59,10.73,0.00,289.28,0,-93,-15,0,0,48,0,0,461
177.07,1547729378,1347.50,51.517689,7.466668,134.59,10.73,0.00,289.28,0,-96,-18,0,0,47,0,0,176
177.07,1547729378,1347.51,51.517689,7.466668,134.59,10.73,0.00,289.28,0,-97,-19,0,0,48,0,0,191
177.07,1547729378,1347.52,51.517689,7.466668,134.59,10.73,0.00,289.28,0,0,0,0,0,63,0,0,327
178.06,1547729379,1358.22,51.517720,7.466523,134.57,11.08,0.00,287.63,0,-92,-15,0,0,49,0,0,461
178.07,1547729379,1358.23,51.517720,7.466523,134.57,11.08,0.00,287.63,0,-92,-16,0,0,49,0,0,176
178.07,1547729379,1358.24,51.517720,7.466523,134.57,11.08,0.00,287.63,0,-95,-18,0,0,48,0,0,18
178.07,1547729379,1358.24,51.517720,7.466523,134.57,11.08,0.00,287.63,0,0,0,0,0,63,0,0,327
179.07,1547729380,1369.31,51.517749,7.466370,133.89,11.16,0.00,286.27,0,-92,-15,0,0,49,0,0,461
179.07,1547729380,1369.32,51.517749,7.466370,133.89,11.16,0.00,286.27,0,-92,-16,0,0,49,0,0,176
179.07,1547729380,1369.33,51.517749,7.466370,133.89,11.16,0.00,286.27,0,-95,-18,0,0,48,0,0,18
179.07,1547729380,1369.33,51.517749,7.466370,133.89,11.16,0.00,286.27,0,0,0,0,0,63,0,0,327
180.07,1547729381,1380.48,51.517773,7.466215,133.81,11.45,0.00,284.41,0,-93,-16,0,0,49,0,0,461
180.07,1547729381,1380.49,51.517773,7.466215,133.81,11.45,0.00,284.41,0,-95,-19,0,0,49,0,0,139
180.07,1547729381,1380.49,51.517773,7.466215,133.81,11.45,0.00,284.41,0,-95,-18,0,0,48,0,0,18
180.07,1547729381,1380.50,51.517773,7.466215,133.81,11.45,0.00,284.41,0,-116,-14,0,0,30,0,0,16
180.07,1547729381,1380.51,51.517773,7.466215,133.81,11.45,0.00,284.41,0,-116,-15,0,0,30,0,0,15
181.07,1547729382,1391.92,51.517792,7.466065,133.90,11.21,0.00,282.53,0,-93,-16,0,0,49,0,0,461
181.07,1547729382,1391.93,51.517792,7.466065,133.90,11.21,0.00,282.53,0,-95,-19,0,0,49,0,0,139
181.07,1547729382,1391.94,51.517792,7.466065,133.90,11.21,0.00,282.53,0,-95,-18,0,0,48,0,0,18
181.07,1547729382,1391.95,51.517792,7.466065,133.90,11.21,0.00,282.53,0,-116,-14,0,0,30,0,0,16
181.07,1547729382,1391.95,51.517792,7.466065,133.90,11.21,0.00,282.53,0,-116,-15,0,0,30,0,0,15
182.08,1547729383,1403.29,51.517808,7.465930,134.16,9.70,0.00,281.46,0,-91,-17,0,0,52,0,0,139
182.08,1547729383,1403.30,51.517808,7.465930,134.16,9.70,0.00,281.46,0,-91,-17,0,0,52,0,0,461
182.08,1547729383,1403.30,51.517808,7.465930,134.16,9.70,0.00,281.46,0,-92,-18,0,0,52,0,0,191
182.08,1547729383,1403.31,51.517808,7.465930,134.16,9.70,0.00,281.46,0,-117,-14,0,0,29,0,0,16
182.08,1547729383,1403.31,51.517808,7.465930,134.16,9.70,0.00,281.46,0,-117,-14,0,0,28,0,0,15
182.08,1547729383,1403.31,51.517808,7.465930,134.16,9.70,0.00,281.46,0,-121,-17,0,0,26,0,0,175
183.07,1547729384,1412.87,51.517819,7.465799,135.09,9.11,0.00,278.78,0,-91,-17,0,0,52,0,0,139
183.07,1547729384,1412.87,51.517819,7.465799,135.09,9.11,0.00,278.78,0,-91,-17,0,0,52,0,0,461
183.07,1547729384,1412.88,51.517819,7.465799,135.09,9.11,0.00,278.78,0,-92,-18,0,0,52,0,0,191
183.07,1547729384,1412.89,51.517819,7.465799,135.09,9.11,0.00,278.78,0,-117,-14,0,0,29,0,0,16
183.07,1547729384,1412.90,51.517819,7.465799,135.09,9.11,0.00,278.78,0,-117,-14,0,0,28,0,0,15
183.07,1547729384,1412.90,51.517819,7.465799,135.09,9.11,0.00,278.78,0,-121,-17,0,0,26,0,0,175
184.07,1547729385,1421.96,51.517828,7.465658,135.46,9.34,0.00,277.20,0,-90,-15,0,0,51,0,0,139
184.07,1547729385,1421.97,51.517828,7.465658,135.46,9.34,0.00,277.20,0,-94,-19,0,0,51,0,0,18
184.07,1547729385,1421.98,51.517828,7.465658,135.46,9.34,0.00,277.20,0,-94,-20,0,0,52,0,0,461
184.07,1547729385,1421.98,51.517828,7.465658,135.46,9.34,0.00,277.20,0,-75,-11,0,0,63,0,0,128
185.07,1547729386,1431.31,51.517836,7.465498,135.44,10.36,0.00,275.67,0,-90,-15,0,0,51,0,0,139
185.07,1547729386,1431.32,51.517836,7.465498,135.44,10.36,0.00,275.67,0,-94,-19,0,0,51,0,0,18
185.07,1547729386,1431.33,51.517836,7.465498,135.44,10.36,0.00,275.67,0,-94,-20,0,0,52,0,0,461
185.07,1547729386,1431.33,51.517836,7.465498,135.44,10.36,0.00,275.67,0,-75,-11,0,0,63,0,0,128
186.07,1547729387,1441.66,51.517841,7.465339,135.52,10.69,0.00,274.15,0,-90,-14,0,0,49,0,0,139
186.07,1547729387,1441.68,51.517841,7.465339,135.52,10.69,0.00,274.15,0,-92,-15,0,0,49,0,0,18
186.07,1547729387,1441.68,51.517841,7.465339,135.52,10.69,0.00,274.15,0,-93,-16,0,0,49,0,0,461
187.06,1547729388,1452.34,51.517845,7.465194,135.79,9.84,0.00,272.13,0,-90,-14,0,0,49,0,0,139
187.07,1547729388,1452.35,51.517845,7.465194,135.79,9.84,0.00,272.13,0,-92,-15,0,0,49,0,0,18
187.07,1547729388,1452.36,51.517845,7.465194,135.79,9.84,0.00,272.13,0,-93,-16,0,0,49,0,0,461
188.07,1547729389,1462.19,51.517845,7.465044,136.05,10.05,0.00,270.28,0,-94,-18,0,0,50,0,0,461
188.07,1547729389,1462.20,51.517845,7.465044,136.05,10.05,0.00,270.28,0,-95,-19,0,0,50,0,0,18
188.07,1547729389,1462.21,51.517845,7.465044,136.05,10.05,0.00,270.28,0,-96,-20,0,0,50,0,0,176
188.07,1547729389,1462.21,51.517845,7.465044,136.05,10.05,0.00,270.28,0,-76,-9,0,0,59,0,0,128
189.07,1547729390,1472.26,51.517840,7.464897,135.90,10.36,0.00,268.36,0,-94,-18,0,0,50,0,0,461
189.07,1547729390,1472.26,51.517840,7.464897,135.90,10.36,0.00,268.36,0,-95,-19,0,0,50,0,0,18
189.07,1547729390,1472.27,51.517840,7.464897,135.90,10.36,0.00,268.36,0,-96,-20,0,0,50,0,0,176
189.07,1547729390,1472.28,51.517840,7.464897,135.90,10.36,0.00,268.36,0,-76,-9,0,0,59,0,0,128
190.07,1547729391,1482.63,51.517832,7.464746,135.52,10.67,0.00,266.52,0,-96,-19,0,0,48,0,0,461
190.07,1547729391,1482.64,51.517832,7.464746,135.52,10.67,0.00,266.52,0,-97,-20,0,0,48,0,0,191
191.07,1547729392,1493.27,51.517820,7.464597,134.64,10.43,0.00,264.84,0,-96,-19,0,0,48,0,0,461
191.07,1547729392,1493.28,51.517820,7.464597,134.64,10.43,0.00,264.84,0,-97,-20,0,0,48,0,0,191
192.06,1547729393,1503.69,51.517805,7.464455,133.62,10.17,0.00,262.83,0,-96,-20,0,0,49,0,0,461
193.06,1547729394,1513.82,51.517786,7.464317,132.74,10.14,0.00,260.12,0,-96,-20,0,0,49,0,0,461
197.07,1547729398,1555.49,51.517657,7.463715,127.84,10.62,0.00,250.48,0,-94,-18,0,0,50,0,0,461
197.07,1547729398,1555.50,51.517657,7.463715,127.84,10.62,0.00,250.48,0,-77,-10,0,0,60,0,0,128
198.07,1547729399,1566.11,51.517623,7.463565,126.97,10.35,0.00,249.78,0,-94,-18,0,0,50,0,0,461
198.07,1547729399,1566.12,51.517623,7.463565,126.97,10.35,0.00,249.78,0,-77,-10,0,0,60,0,0,128
199.07,1547729400,1576.46,51.517581,7.463436,126.23,10.14,0.00,249.10,0,-95,-18,0,0,48,0,0,218
199.07,1547729400,1576.47,51.517581,7.463436,126.23,10.14,0.00,249.10,0,-96,-19,0,0,48,0,0,176
199.07,1547729400,1576.47,51.517581,7.463436,126.23,10.14,0.00,249.10,0,-97,-20,0,0,48,0,0,18
199.07,1547729400,1576.48,51.517581,7.463436,126.23,10.14,0.00,249.10,0,-80,-12,0,0,59,0,0,128
200.07,1547729401,1586.61,51.517544,7.463292,126.41,10.48,0.00,248.43,0,-95,-18,0,0,48,0,0,218
200.07,1547729401,1586.62,51.517544,7.463292,126.41,10.48,0.00,248.43,0,-96,-19,0,0,48,0,0,176
200.07,1547729401,1586.63,51.517544,7.463292,126.41,10.48,0.00,248.43,0,-97,-20,0,0,48,0,0,18
200.07,1547729401,1586.63,51.517544,7.463292,126.41,10.48,0.00,248.43,0,-80,-12,0,0,59,0,0,128
201.07,1547729402,1597.08,51.517509,7.463151,126.18,10.03,0.00,248.07,0,-96,-19,0,0,48,0,0,19
201.07,1547729402,1597.09,51.517509,7.463151,126.18,10.03,0.00,248.07,0,-96,-19,0,0,48,0,0,461
201.07,1547729402,1597.10,51.517509,7.463151,126.18,10.03,0.00,248.07,0,-98,-20,0,0,48,0,0,176
201.07,1547729402,1597.11,51.517509,7.463151,126.18,10.03,0.00,248.07,0,0,0,0,0,63,0,0,327
202.07,1547729403,1607.10,51.517477,7.463017,125.63,9.54,0.00,247.53,0,-96,-19,0,0,48,0,0,19
202.07,1547729403,1607.11,51.517477,7.463017,125.63,9.54,0.00,247.53,0,-96,-19,0,0,48,0,0,461
202.07,1547729403,1607.12,51.517477,7.463017,125.63,9.54,0.00,247.53,0,-98,-20,0,0,48,0,0,176
202.07,1547729403,1607.12,51.517477,7.463017,125.63,9.54,0.00,247.53,0,0,0,0,0,63,0,0,327
203.07,1547729404,1616.65,51.517443,7.462891,124.86,9.07,0.00,246.82,0,-96,-18,0,0,47,0,0,19
203.07,1547729404,1616.66,51.517443,7.462891,124.86,9.07,0.00,246.82,0,-97,-18,0,0,47,0,0,18
203.07,1547729404,1616.66,51.517443,7.462891,124.86,9.07,0.00,246.82,0,-97,-19,0,0,47,0,0,461
203.07,1547729404,1616.67,51.517443,7.462891,124.86,9.07,0.00,246.82,0,0,0,0,0,63,0,0,327
204.07,1547729405,1625.71,51.517410,7.462766,124.23,9.03,0.00,247.54,0,-96,-18,0,0,47,0,0,19
204.07,1547729405,1625.72,51.517410,7.462766,124.23,9.03,0.00,247.54,0,-97,-18,0,0,47,0,0,18
204.07,1547729405,1625.73,51.517410,7.462766,124.23,9.03,0.00,247.54,0,-97,-19,0,0,47,0,0,461
204.07,1547729405,1625.73,51.517410,7.462766,124.23,9.03,0.00,247.54,0,0,0,0,0,63,0,0,327
205.06,1547729406,1634.72,51.517378,7.462635,123.49,9.52,0.00,248.20,0,-90,-15,0,0,50,0,0,19
205.06,1547729406,1634.73,51.517378,7.462635,123.49,9.52,0.00,248.20,0,0,0,0,0,63,0,0,327
206.06,1547729407,1644.26,51.517346,7.462493,122.95,10.92,0.00,247.36,0,-90,-15,0,0,50,0,0,19
206.06,1547729407,1644.26,51.517346,7.462493,122.95,10.92,0.00,247.36,0,0,0,0,0,63,0,0,327
207.07,1547729408,1655.20,51.517312,7.462347,122.92,11.14,0.00,248.10,0,-91,-19,0,0,54,0,0,176
207.07,1547729408,1655.21,51.517312,7.462347,122.92,11.14,0.00,248.10,0,-91,-18,0,0,53,0,0,139
207.07,1547729408,1655.22,51.517312,7.462347,122.92,11.14,0.00,248.10,0,-92,-19,0,0,53,0,0,18
207.07,1547729408,1655.23,51.517312,7.462347,122.92,11.14,0.00,248.10,0,-105,-10,0,0,35,0,0,488
207.07,1547729408,1655.23,51.517312,7.462347,122.92,11.14,0.00,248.10,0,-111,-14,0,0,35,0,0,16
208.06,1547729409,1666.28,51.517278,7.462204,122.87,11.26,0.00,249.23,0,-91,-19,0,0,54,0,0,176
208.06,1547729409,1666.28,51.517278,7.462204,122.87,11.26,0.00,249.23,0,-91,-18,0,0,53,0,0,139
208.06,1547729409,1666.29,51.517278,7.462204,122.87,11.26,0.00,249.23,0,-92,-19,0,0,53,0,0,18
208.06,1547729409,1666.29,51.517278,7.462204,122.87,11.26,0.00,249.23,0,-105,-10,0,0,35,0,0,488
208.06,1547729409,1666.29,51.517278,7.462204,122.87,11.26,0.00,249.23,0,-111,-14,0,0,35,0,0,16
209.07,1547729410,1677.60,51.517238,7.462053,123.23,11.36,0.00,249.94,0,-103,-12,0,0,41,0,0,488
209.07,1547729410,1677.62,51.517238,7.462053,123.23,11.36,0.00,249.94,0,-73,-11,0,0,63,0,0,348
210.07,1547729411,1688.95,51.517199,7.461891,122.91,11.60,0.00,250.91,0,-103,-12,0,0,41,0,0,488
210.07,1547729411,1688.96,51.517199,7.461891,122.91,11.60,0.00,250.91,0,-73,-11,0,0,63,0,0,348
211.07,1547729412,1700.55,51.517161,7.461727,122.28,12.13,0.00,251.30,0,-103,-14,0,0,42,0,0,488
211.07,1547729412,1700.56,51.517161,7.461727,122.28,12.13,0.00,251.30,0,-74,-11,0,0,63,0,0,348
212.06,1547729413,1712.63,51.517127,7.461551,122.11,13.29,0.00,252.44,0,-103,-14,0,0,42,0,0,488
212.06,1547729413,1712.64,51.517127,7.461551,122.11,13.29,0.00,252.44,0,-74,-11,0,0,63,0,0,348
213.07,1547729414,1725.98,51.517099,7.461385,122.39,13.00,0.00,254.47,0,-102,-15,0,0,44,0,0,488
213.07,1547729414,1725.98,51.517099,7.461385,122.39,13.00,0.00,254.47,0,-73,-12,0,0,63,0,0,348
214.07,1547729415,1738.97,51.517063,7.461213,122.85,13.39,0.00,253.95,0,-102,-15,0,0,44,0,0,488
214.07,1547729415,1738.97,51.517063,7.461213,122.85,13.39,0.00,253.95,0,-73,-12,0,0,63,0,0,348
215.07,1547729416,1752.48,51.517027,7.461029,123.56,14.02,0.00,253.61,0,-104,-16,0,0,44,0,0,488
215.08,1547729416,1752.50,51.517027,7.461029,123.56,14.02,0.00,253.61,0,-69,-12,0,0,63,0,0,348
216.06,1547729417,1766.36,51.516986,7.460836,124.32,14.15,0.00,252.65,0,-104,-16,0,0,44,0,0,488
216.07,1547729417,1766.37,51.516986,7.460836,124.32,14.15,0.00,252.65,0,-69,-12,0,0,63,0,0,348
217.06,1547729418,1780.50,51.516948,7.460658,125.52,13.50,0.00,253.28,0,-104,-16,0,0,44,0,0,488
217.07,1547729418,1780.52,51.516948,7.460658,125.52,13.50,0.00,253.28,0,-69,-12,0,0,63,0,0,348
218.06,1547729419,1793.99,51.516908,7.460471,126.90,13.66,0.00,252.52,0,-64,-11,0,0,63,0,0,348
219.06,1547729420,1807.65,51.516871,7.460296,127.86,12.90,0.00,253.39,0,-64,-11,0,0,63,0,0,348
220.06,1547729421,1820.53,51.516842,7.460126,128.90,12.17,0.00,253.97,0,-74,-10,0,0,63,0,0,348
221.07,1547729422,1832.73,51.516811,7.459957,130.00,11.98,0.00,254.57,0,-74,-10,0,0,63,0,0,348
222.06,1547729423,1844.68,51.516783,7.459789,130.91,11.58,0.00,255.18,0,-75,-12,0,0,63,0,0,348
223.06,1547729424,1856.27,51.516755,7.459623,131.54,11.50,0.00,255.91,0,-75,-12,0,0,63,0,0,348
224.06,1547729425,1867.77,51.516731,7.459456,131.71,11.77,0.00,256.59,0,-76,-11,0,0,63,0,0,348
225.06,1547729426,1879.54,51.516708,7.459289,131.98,11.79,0.00,257.13,0,-76,-11,0,0,63,0,0,348
226.06,1547729427,1891.32,51.516691,7.459145,131.59,10.34,0.00,258.13,0,-78,-13,0,0,63,0,0,348
227.06,1547729428,1901.66,51.516673,7.459012,132.11,9.09,0.00,258.97,0,-78,-13,0,0,63,0,0,348
228.06,1547729429,1910.76,51.516659,7.458889,132.75,8.10,0.00,260.09,0,-96,-14,0,0,50,0,0,488
228.07,1547729429,1910.77,51.516659,7.458889,132.75,8.10,0.00,260.09,0,-78,-15,0,0,63,0,0,348
229.06,1547729430,1918.85,51.516648,7.458770,132.93,8.52,0.00,260.58,0,-96,-14,0,0,50,0,0,488
229.06,1547729430,1918.86,51.516648,7.458770,132.93,8.52,0.00,260.58,0,-78,-15,0,0,63,0,0,348
230.06,1547729431,1927.36,51.516636,7.458647,133.45,9.31,0.00,261.00,0,-73,-12,0,0,63,0,0,348
231.06,1547729432,1936.67,51.516624,7.458531,133.82,9.29,0.00,260.68,0,-73,-12,0,0,63,0,0,348
232.06,1547729433,1945.93,51.516612,7.458420,134.54,8.48,0.00,260.29,0,-74,-13,0,0,63,0,0,348
233.06,1547729434,1954.44,51.516596,7.458309,135.21,7.96,0.00,259.22,0,-74,-13,0,0,63,0,0,348
234.06,1547729435,1962.39,51.516582,7.458194,135.58,7.89,0.00,258.85,0,-73,-15,0,0,63,0,0,348
235.06,1547729436,1970.28,51.516567,7.458080,135.83,7.12,0.00,259.66,0,-73,-15,0,0,63,0,0,348
236.07,1547729437,1977.45,51.516554,7.457968,136.11,7.09,0.00,258.36,0,-77,-15,0,0,63,0,0,348
237.06,1547729438,1984.48,51.516540,7.457879,136.16,6.04,0.00,258.89,0,-77,-15,0,0,63,0,0,348
238.06,1547729439,1990.53,51.516528,7.457790,136.28,5.51,0.00,261.07,0,-77,-15,0,0,63,0,0,348
239.06,1547729440,1996.04,51.516515,7.457695,136.85,5.74,0.00,259.73,0,-78,-15,0,0,63,0,0,348
240.06,1547729441,2001.76,51.516500,7.457617,137.55,4.14,0.00,258.58,0,-78,-15,0,0,63,0,0,348
241.06,1547729442,2005.90,51.516489,7.457557,137.61,3.34,0.00,260.98,0,-79,-18,0,0,63,0,0,348
242.06,1547729443,2009.23,51.516483,7.457516,137.71,2.09,0.00,258.75,0,-79,-18,0,0,63,0,0,348
260.06,1547729461,2069.57,51.516225,7.456401,131.68,9.53,0.00,244.38,0,-90,-15,0,0,56,0,0,488
261.06,1547729462,2079.08,51.516175,7.456267,130.86,9.28,0.00,242.51,0,-90,-15,0,0,56,0,0,488
262.07,1547729463,2088.42,51.516128,7.456134,130.57,9.61,0.00,242.03,0,-88,-10,0,0,55,0,0,488
262.07,1547729463,2088.42,51.516128,7.456134,130.57,9.61,0.00,242.03,0,-76,-10,0,0,63,0,0,330
263.06,1547729464,2098.02,51.516079,7.456015,130.14,8.68,0.00,239.03,0,-88,-10,0,0,55,0,0,488
263.06,1547729464,2098.02,51.516079,7.456015,130.14,8.68,0.00,239.03,0,-76,-10,0,0,63,0,0,330
264.06,1547729465,2106.66,51.516032,7.455897,129.89,8.76,0.00,236.78,0,-78,-12,0,0,63,0,0,46
265.06,1547729466,2115.45,51.515977,7.455780,129.72,9.47,0.00,234.22,0,-78,-12,0,0,63,0,0,46
283.06,1547729484,2333.58,51.514048,7.455427,133.19,13.79,0.00,171.52,0,-85,-17,0,0,63,0,0,486
284.06,1547729485,2347.37,51.513927,7.455467,133.67,12.98,0.00,170.94,0,-85,-17,0,0,63,0,0,486
285.06,1547729486,2360.36,51.513808,7.455506,134.27,12.89,0.00,170.46,0,-82,-15,0,0,63,0,0,486
286.06,1547729487,2373.25,51.513689,7.455556,135.62,12.88,0.00,168.11,0,-82,-15,0,0,63,0,0,486
287.06,1547729488,2386.14,51.513574,7.455607,136.58,12.96,0.00,166.45,0,-84,-14,0,0,61,0,0,486
287.07,1547729488,2386.15,51.513574,7.455607,136.58,12.96,0.00,166.45,0,-69,-14,0,0,63,0,0,334
288.06,1547729489,2399.09,51.513467,7.455672,137.68,12.80,0.00,163.86,0,-84,-14,0,0,61,0,0,486
288.06,1547729489,2399.10,51.513467,7.455672,137.68,12.80,0.00,163.86,0,-69,-14,0,0,63,0,0,334
289.06,1547729490,2411.89,51.513368,7.455738,138.65,12.14,0.00,159.86,0,-76,-11,0,0,63,0,0,486
289.06,1547729490,2411.90,51.513368,7.455738,138.65,12.14,0.00,159.86,0,-71,-11,0,0,63,0,0,334
290.07,1547729491,2424.13,51.513279,7.455815,139.79,11.00,0.00,156.81,0,-76,-11,0,0,63,0,0,486
290.07,1547729491,2424.14,51.513279,7.455815,139.79,11.00,0.00,156.81,0,-71,-11,0,0,63,0,0,334
291.07,1547729492,2435.07,51.513207,7.455913,141.35,10.06,0.00,142.49,0,-81,-12,0,0,63,0,0,488
291.07,1547729492,2435.08,51.513207,7.455913,141.35,10.06,0.00,142.49,0,-71,-13,0,0,63,0,0,330
292.06,1547729493,2445.07,51.513148,7.455992,142.40,8.46,0.00,141.68,0,-81,-12,0,0,63,0,0,488
292.06,1547729493,2445.08,51.513148,7.455992,142.40,8.46,0.00,141.68,0,-71,-13,0,0,63,0,0,330
293.06,1547729494,2453.52,51.513090,7.456080,143.46,8.76,0.00,140.20,0,-87,-12,0,0,57,0,0,488
293.06,1547729494,2453.53,51.513090,7.456080,143.46,8.76,0.00,140.20,0,-74,-13,0,0,63,0,0,330
294.06,1547729495,2462.30,51.513039,7.456170,143.95,7.75,0.00,137.19,0,-87,-12,0,0,57,0,0,488
294.06,1547729495,2462.30,51.513039,7.456170,143.95,7.75,0.00,137.19,0,-74,-13,0,0,63,0,0,330
295.06,1547729496,2470.07,51.512989,7.456264,144.74,8.35,0.00,135.51,0,-84,-17,0,0,63,0,0,488
295.06,1547729496,2470.08,51.512989,7.456264,144.74,8.35,0.00,135.51,0,-76,-18,0,0,63,0,0,330
296.06,1547729497,2478.42,51.512938,7.456363,145.22,8.67,0.00,134.85,0,-84,-17,0,0,63,0,0,488
296.06,1547729497,2478.43,51.512938,7.456363,145.22,8.67,0.00,134.85,0,-76,-18,0,0,63,0,0,330
312.06,1547729513,2666.85,51.511941,7.458705,151.71,12.21,0.00,128.63,0,-92,-12,0,0,52,0,0,23
313.06,1547729514,2679.06,51.511890,7.458824,151.39,9.80,0.00,127.12,0,-92,-12,0,0,52,0,0,23
316.06,1547729517,2704.50,51.511754,7.459041,148.84,4.33,0.00,139.03,0,-93,-12,0,0,51,0,0,23
317.06,1547729518,2708.82,51.511745,7.459077,148.73,1.63,0.00,135.70,0,-93,-12,0,0,51,0,0,23
320.07,1547729521,2710.83,51.511745,7.459077,148.54,0.00,0.00,135.70,0,-94,-15,0,0,55,0,0,23
321.06,1547729522,2710.83,51.511745,7.459077,148.52,0.00,0.00,135.70,0,-94,-15,0,0,55,0,0,23
322.07,1547729523,2710.83,51.511745,7.459077,148.51,0.00,0.00,135.70,0,-94,-15,0,0,55,0,0,23
323.06,1547729524,2710.83,51.511745,7.459077,148.49,0.00,0.00,135.70,0,-94,-13,0,0,52,0,0,23
324.07,1547729525,2710.83,51.511745,7.459077,148.47,0.00,0.00,135.70,0,-94,-13,0,0,52,0,0,23
325.06,1547729526,2710.83,51.511745,7.459077,148.46,0.00,0.00,135.70,0,-93,-15,0,0,56,0,0,23
326.06,1547729527,2710.83,51.511745,7.459077,148.44,0.00,0.00,135.70,0,-93,-15,0,0,56,0,0,23
331.06,1547729532,2710.83,51.511745,7.459077,148.35,0.00,0.00,135.70,0,-93,-12,0,0,54,0,0,23
332.06,1547729533,2710.83,51.511745,7.459077,148.34,0.00,0.00,135.70,0,-93,-12,0,0,54,0,0,23
356.06,1547729557,2710.83,51.511745,7.459077,149.18,0.00,0.00,135.70,0,-92,-11,0,0,50,0,0,23
357.06,1547729558,2710.83,51.511745,7.459077,149.86,0.00,0.00,134.17,0,-92,-11,0,0,50,0,0,23
360.06,1547729561,2716.72,51.511579,7.459531,149.54,6.48,0.00,127.50,0,-94,-12,0,0,51,0,0,23
360.06,1547729561,2716.72,51.511579,7.459531,149.54,6.48,0.00,127.50,0,-83,-17,0,0,62,0,0,465
360.06,1547729561,2716.72,51.511579,7.459531,149.54,6.48,0.00,127.50,0,-85,-17,0,0,60,0,0,332
361.06,1547729562,2723.22,51.511521,7.459614,150.31,7.66,0.00,128.24,0,-94,-12,0,0,51,0,0,23
361.06,1547729562,2723.23,51.511521,7.459614,150.31,7.66,0.00,128.24,0,-83,-17,0,0,62,0,0,465
361.06,1547729562,2723.23,51.511521,7.459614,150.31,7.66,0.00,128.24,0,-85,-17,0,0,60,0,0,332
362.07,1547729563,2730.91,51.511453,7.459734,150.40,9.31,0.00,128.76,0,-91,-11,0,0,55,0,0,23
362.07,1547729563,2730.91,51.511453,7.459734,150.40,9.31,0.00,128.76,0,-84,-14,0,0,60,0,0,332
362.07,1547729563,2730.91,51.511453,7.459734,150.40,9.31,0.00,128.76,0,-86,-17,0,0,60,0,0,465
363.06,1547729564,2740.20,51.511396,7.459855,150.41,9.72,0.00,128.24,0,-91,-11,0,0,55,0,0,23
363.07,1547729564,2740.21,51.511396,7.459855,150.41,9.72,0.00,128.24,0,-84,-14,0,0,60,0,0,332
363.07,1547729564,2740.22,51.511396,7.459855,150.41,9.72,0.00,128.24,0,-86,-17,0,0,60,0,0,465
364.07,1547729565,2749.96,51.511327,7.459977,149.89,10.92,0.00,131.48,0,-91,-11,0,0,55,0,0,23
364.07,1547729565,2749.97,51.511327,7.459977,149.89,10.92,0.00,131.48,0,-84,-14,0,0,60,0,0,332
364.07,1547729565,2749.97,51.511327,7.459977,149.89,10.92,0.00,131.48,0,-86,-17,0,0,60,0,0,465
365.06,1547729566,2760.80,51.511255,7.460103,150.01,11.04,0.00,132.63,0,-92,-12,0,0,52,0,0,23
365.06,1547729566,2760.80,51.511255,7.460103,150.01,11.04,0.00,132.63,0,-84,-16,0,0,61,0,0,332
366.06,1547729567,2771.83,51.511186,7.460222,150.23,10.64,0.00,133.07,0,-92,-12,0,0,52,0,0,23
366.06,1547729567,2771.84,51.511186,7.460222,150.23,10.64,0.00,133.07,0,-84,-16,0,0,61,0,0,332
367.06,1547729568,2782.52,51.511118,7.460335,151.41,10.25,0.00,133.40,0,-91,-14,0,0,55,0,0,23
367.06,1547729568,2782.52,51.511118,7.460335,151.41,10.25,0.00,133.40,0,-84,-14,0,0,60,0,0,332
368.06,1547729569,2792.77,51.511041,7.460452,152.54,10.25,0.00,132.63,0,-91,-14,0,0,55,0,0,23
368.07,1547729569,2792.78,51.511041,7.460452,152.54,10.25,0.00,132.63,0,-84,-14,0,0,60,0,0,332
369.06,1547729570,2803.02,51.510966,7.460555,154.49,10.49,0.00,134.88,0,-86,-13,0,0,55,0,0,332
369.07,1547729570,2803.03,51.510966,7.460555,154.49,10.49,0.00,134.88,0,-88,-14,0,0,55,0,0,21
370.06,1547729571,2813.51,51.510882,7.460680,156.47,12.12,0.00,135.43,0,-86,-13,0,0,55,0,0,332
370.06,1547729571,2813.51,51.510882,7.460680,156.47,12.12,0.00,135.43,0,-88,-14,0,0,55,0,0,21
371.07,1547729572,2825.64,51.510802,7.460802,157.18,11.79,0.00,134.96,0,-92,-12,0,0,52,0,0,21
371.07,1547729572,2825.65,51.510802,7.460802,157.18,11.79,0.00,134.96,0,-96,-15,0,0,52,0,0,23
371.07,1547729572,2825.66,51.510802,7.460802,157.18,11.79,0.00,134.96,0,-87,-13,0,0,54,0,0,21
371.07,1547729572,2825.66,51.510802,7.460802,157.18,11.79,0.00,134.96,0,-88,-14,0,0,54,0,0,332
372.07,1547729573,2837.43,51.510729,7.460920,157.42,11.11,0.00,135.75,0,-92,-12,0,0,52,0,0,21
372.07,1547729573,2837.44,51.510729,7.460920,157.42,11.11,0.00,135.75,0,-96,-15,0,0,52,0,0,23
372.07,1547729573,2837.45,51.510729,7.460920,157.42,11.11,0.00,135.75,0,-87,-13,0,0,54,0,0,21
372.07,1547729573,2837.46,51.510729,7.460920,157.42,11.11,0.00,135.75,0,-88,-14,0,0,54,0,0,332
373.07,1547729574,2848.53,51.510662,7.461029,158.36,10.41,0.00,135.39,0,-92,-15,0,0,55,0,0,23
374.06,1547729575,2858.92,51.510599,7.461138,159.02,9.71,0.00,134.93,0,-92,-15,0,0,55,0,0,23
381.07,1547729582,2925.89,51.510218,7.461876,154.17,6.28,0.00,131.38,0,-86,-18,0,0,61,0,0,328
382.06,1547729583,2932.12,51.510189,7.461941,153.48,4.71,0.00,130.69,0,-86,-18,0,0,61,0,0,328
386.06,1547729587,2943.35,51.510152,7.462029,154.17,0.00,0.00,130.93,0,-82,-16,0,0,62,0,0,328
387.06,1547729588,2943.35,51.510152,7.462029,154.19,0.00,0.00,130.93,0,-82,-16,0,0,62,0,0,328
388.06,1547729589,2943.35,51.510152,7.462029,154.20,0.00,0.00,130.93,0,-82,-17,0,0,63,0,0,328
389.06,1547729590,2943.35,51.510152,7.462029,154.22,0.00,0.00,130.93,0,-82,-17,0,0,63,0,0,328
390.06,1547729591,2943.35,51.510152,7.462029,154.23,0.00,0.00,130.93,0,-82,-16,0,0,62,0,0,328
391.07,1547729592,2943.35,51.510152,7.462029,154.24,0.00,0.00,130.93,0,-82,-16,0,0,62,0,0,328
392.06,1547729593,2943.35,51.510152,7.462029,154.24,0.00,0.00,130.93,0,-83,-17,0,0,62,0,0,328
393.06,1547729594,2943.35,51.510152,7.462029,154.25,0.00,0.00,130.93,0,-83,-17,0,0,62,0,0,328
394.07,1547729595,2943.35,51.510152,7.462029,154.25,0.00,0.00,130.93,0,-83,-16,0,0,61,0,0,328
395.07,1547729596,2943.35,51.510152,7.462029,154.25,0.00,0.00,130.93,0,-83,-16,0,0,61,0,0,328
396.07,1547729597,2943.35,51.510152,7.462029,154.25,0.00,0.00,130.93,0,-82,-16,0,0,62,0,0,328
396.07,1547729597,2943.35,51.510152,7.462029,154.25,0.00,0.00,130.93,0,-86,-19,0,0,62,0,0,332
397.07,1547729598,2943.35,51.510152,7.462029,154.26,0.00,0.00,130.93,0,-82,-16,0,0,62,0,0,328
397.07,1547729598,2943.35,51.510152,7.462029,154.26,0.00,0.00,130.93,0,-86,-19,0,0,62,0,0,332
398.07,1547729599,2943.35,51.510152,7.462029,154.27,0.00,0.00,130.93,0,-94,-18,0,0,55,0,0,22
398.07,1547729599,2943.35,51.510152,7.462029,154.27,0.00,0.00,130.93,0,-82,-13,0,0,60,0,0,328
398.07,1547729599,2943.35,51.510152,7.462029,154.27,0.00,0.00,130.93,0,-87,-17,0,0,60,0,0,332
399.07,1547729600,2943.35,51.510152,7.462029,154.28,0.00,0.00,130.93,0,-94,-18,0,0,55,0,0,22
399.07,1547729600,2943.35,51.510152,7.462029,154.28,0.00,0.00,130.93,0,-82,-13,0,0,60,0,0,328
399.07,1547729600,2943.35,51.510152,7.462029,154.28,0.00,0.00,130.93,0,-87,-17,0,0,60,0,0,332
400.07,1547729601,2943.35,51.510152,7.462029,154.29,0.00,0.00,130.93,0,-82,-14,0,0,60,0,0,328
400.07,1547729601,2943.35,51.510152,7.462029,154.29,0.00,0.00,130.93,0,-87,-18,0,0,60,0,0,332
401.07,1547729602,2943.35,51.510152,7.462029,154.30,0.00,0.00,130.93,0,-82,-14,0,0,60,0,0,328
401.08,1547729602,2943.35,51.510152,7.462029,154.30,0.00,0.00,130.93,0,-87,-18,0,0,60,0,0,332
402.06,1547729603,2943.35,51.510152,7.462029,154.32,0.00,0.00,130.93,0,-83,-16,0,0,61,0,0,328
402.06,1547729603,2943.35,51.510152,7.462029,154.32,0.00,0.00,130.93,0,-87,-19,0,0,61,0,0,332
403.07,1547729604,2943.35,51.510152,7.462029,154.33,0.00,0.00,130.93,0,-83,-16,0,0,61,0,0,328
403.07,1547729604,2943.35,51.510152,7.462029,154.33,0.00,0.00,130.93,0,-87,-19,0,0,61,0,0,332
404.07,1547729605,2943.35,51.510152,7.462029,154.35,0.00,0.00,130.93,0,-82,-15,0,0,62,0,0,328
404.08,1547729605,2943.35,51.510152,7.462029,154.35,0.00,0.00,130.93,0,-87,-20,0,0,62,0,0,332
405.07,1547729606,2943.35,51.510152,7.462029,154.36,0.00,0.00,130.93,0,-82,-15,0,0,62,0,0,328
405.07,1547729606,2943.35,51.510152,7.462029,154.36,0.00,0.00,130.93,0,-87,-20,0,0,62,0,0,332
406.06,1547729607,2943.35,51.510152,7.462029,154.38,0.00,0.00,130.93,0,-82,-15,0,0,62,0,0,328
406.06,1547729607,2943.35,51.510152,7.462029,154.38,0.00,0.00,130.93,0,-87,-20,0,0,62,0,0,332
407.06,1547729608,2943.35,51.510152,7.462029,154.41,0.00,0.00,130.93,0,-82,-15,0,0,61,0,0,328
407.07,1547729608,2943.35,51.510152,7.462029,154.41,0.00,0.00,130.93,0,-87,-19,0,0,61,0,0,332
408.06,1547729609,2943.35,51.510152,7.462029,154.69,0.00,0.00,130.93,0,-82,-15,0,0,61,0,0,328
408.07,1547729609,2943.35,51.510152,7.462029,154.69,0.00,0.00,130.93,0,-87,-19,0,0,61,0,0,332
409.06,1547729610,2943.35,51.510152,7.462029,154.93,0.00,0.00,130.93,0,-85,-19,0,0,62,0,0,328
410.06,1547729611,2943.35,51.510152,7.462029,156.79,0.00,0.00,124.83,0,-85,-19,0,0,62,0,0,328
411.06,1547729612,2943.35,51.510077,7.462240,158.09,0.00,0.00,122.89,0,-85,-16,0,0,60,0,0,276
411.06,1547729612,2943.35,51.510077,7.462240,158.09,0.00,0.00,122.89,0,-85,-17,0,0,60,0,0,328
412.07,1547729613,2943.36,51.510041,7.462393,158.39,9.93,0.00,119.92,0,-85,-16,0,0,60,0,0,276
412.07,1547729613,2943.37,51.510041,7.462393,158.39,9.93,0.00,119.92,0,-85,-17,0,0,60,0,0,328
413.07,1547729614,2953.30,51.510000,7.462559,157.63,10.91,0.00,117.39,0,-89,-14,0,0,56,0,0,22
413.07,1547729614,2953.31,51.510000,7.462559,157.63,10.91,0.00,117.39,0,-91,-16,0,0,56,0,0,23
413.07,1547729614,2953.31,51.510000,7.462559,157.63,10.91,0.00,117.39,0,-79,-12,0,0,61,0,0,328
414.07,1547729615,2964.23,51.509957,7.462723,156.50,11.50,0.00,115.30,0,-89,-14,0,0,56,0,0,22
414.07,1547729615,2964.24,51.509957,7.462723,156.50,11.50,0.00,115.30,0,-91,-16,0,0,56,0,0,23
414.07,1547729615,2964.24,51.509957,7.462723,156.50,11.50,0.00,115.30,0,-79,-12,0,0,61,0,0,328
415.06,1547729616,2975.69,51.509940,7.462904,155.19,11.98,0.00,100.34,0,-79,-13,0,0,63,0,0,466
415.07,1547729616,2975.70,51.509940,7.462904,155.19,11.98,0.00,100.34,0,-84,-18,0,0,63,0,0,332
416.07,1547729617,2987.68,51.509916,7.463091,154.91,11.47,0.00,99.09,0,-79,-13,0,0,63,0,0,466
416.07,1547729617,2987.69,51.509916,7.463091,154.91,11.47,0.00,99.09,0,-84,-18,0,0,63,0,0,332
417.06,1547729618,2999.14,51.509901,7.463284,155.43,11.89,0.00,97.10,0,-80,-12,0,0,61,0,0,466
417.07,1547729618,2999.15,51.509901,7.463284,155.43,11.89,0.00,97.10,0,-85,-17,0,0,62,0,0,332
418.07,1547729619,3011.05,51.509896,7.463461,156.12,11.96,0.00,95.17,0,-80,-12,0,0,61,0,0,466
418.07,1547729619,3011.05,51.509896,7.463461,156.12,11.96,0.00,95.17,0,-85,-17,0,0,62,0,0,332
419.06,1547729620,3022.98,51.509900,7.463619,156.07,10.16,0.00,93.75,0,-85,-17,0,0,60,0,0,328
420.06,1547729621,3033.10,51.509903,7.463745,156.50,7.73,0.00,91.91,0,-85,-17,0,0,60,0,0,328
