time_s,timestamp_ms,distance_m,latitude,longitude,altitude,velocity_mps,acceleration_mpss,direction,isRegistered,rsrp_dbm,rsrq_db,rssnr_db,cqi,ss,ta,ci,pci
0.03,1547802461,0.01,51.509782,7.467210,149.47,12.95,0.00,92.65,0,-89,-8,0,0,50,0,0,324
0.03,1547802461,0.01,51.509782,7.467210,149.47,12.95,0.00,92.65,0,-64,-5,0,0,63,0,0,138
1.03,1547802462,13.03,51.509777,7.467407,149.27,12.57,0.00,94.05,0,-89,-8,0,0,50,0,0,324
1.03,1547802462,13.03,51.509777,7.467407,149.27,12.57,0.00,94.05,0,-64,-5,0,0,63,0,0,138
2.03,1547802463,25.58,51.509768,7.467602,148.87,12.70,0.00,95.46,0,-66,-5,0,0,63,0,0,138
3.03,1547802464,38.29,51.509759,7.467789,148.36,13.09,0.00,95.88,0,-66,-5,0,0,63,0,0,138
4.03,1547802465,51.38,51.509757,7.467985,148.12,12.76,0.00,95.18,0,-70,-5,0,0,63,0,0,138
5.03,1547802466,64.14,51.509754,7.468148,148.04,12.50,0.00,93.22,0,-70,-5,0,0,63,0,0,138
6.03,1547802467,76.65,51.509762,7.468314,147.75,12.18,0.00,90.60,0,-97,-11,0,0,45,0,0,326
6.03,1547802467,76.67,51.509762,7.468314,147.75,12.18,0.00,90.60,0,-71,-6,0,0,63,0,0,138
7.03,1547802468,88.83,51.509777,7.468498,147.52,12.24,0.00,87.72,0,-97,-11,0,0,45,0,0,326
7.03,1547802468,88.83,51.509777,7.468498,147.52,12.24,0.00,87.72,0,-71,-6,0,0,63,0,0,138
8.03,1547802469,101.06,51.509792,7.468671,147.42,12.76,0.00,85.17,0,-75,-6,0,0,61,0,0,138
9.03,1547802470,113.82,51.509835,7.468854,147.48,13.19,0.00,70.41,0,-75,-6,0,0,61,0,0,138
10.03,1547802471,127.03,51.509890,7.469029,147.43,14.09,0.00,66.48,0,-100,-10,0,0,42,0,0,374
10.03,1547802471,127.04,51.509890,7.469029,147.43,14.09,0.00,66.48,0,-75,-6,0,0,61,0,0,138
11.03,1547802472,141.04,51.509959,7.469237,147.63,13.76,0.00,63.93,0,-100,-10,0,0,42,0,0,374
11.03,1547802472,141.04,51.509959,7.469237,147.63,13.76,0.00,63.93,0,-75,-6,0,0,61,0,0,138
12.03,1547802473,154.81,51.510016,7.469399,147.92,13.86,0.00,62.02,0,-100,-13,0,0,46,0,0,374
12.03,1547802473,154.83,51.510016,7.469399,147.92,13.86,0.00,62.02,0,-100,-13,0,0,45,0,0,324
12.03,1547802473,154.83,51.510016,7.469399,147.92,13.86,0.00,62.02,0,-73,-5,0,0,62,0,0,138
13.03,1547802474,168.74,51.510077,7.469550,147.88,14.24,0.00,60.38,0,-100,-13,0,0,46,0,0,374
13.03,1547802474,168.76,51.510077,7.469550,147.88,14.24,0.00,60.38,0,-100,-13,0,0,45,0,0,324
13.04,1547802474,168.77,51.510077,7.469550,147.88,14.24,0.00,60.38,0,-73,-5,0,0,62,0,0,138
16.03,1547802477,211.55,51.510286,7.470062,146.61,14.27,0.00,59.06,0,-84,-7,0,0,53,0,0,138
17.03,1547802478,225.82,51.510367,7.470243,146.21,14.37,0.00,57.78,0,-84,-7,0,0,53,0,0,138
18.03,1547802479,240.17,51.510442,7.470409,145.99,13.43,0.00,56.64,0,-87,-8,0,0,51,0,0,138
19.03,1547802480,253.62,51.510520,7.470561,145.73,13.05,0.00,54.29,0,-87,-8,0,0,51,0,0,138
20.04,1547802481,266.80,51.510596,7.470682,145.92,10.75,0.00,52.24,0,-86,-9,0,0,54,0,0,138
21.03,1547802482,277.46,51.510664,7.470786,146.07,8.85,0.00,49.23,0,-86,-9,0,0,54,0,0,138
22.03,1547802483,286.24,51.510726,7.470866,146.14,7.49,0.00,46.53,0,-86,-9,0,0,54,0,0,138
23.03,1547802484,293.74,51.510781,7.470928,146.43,6.04,0.00,45.33,0,-89,-11,0,0,53,0,0,152
23.03,1547802484,293.74,51.510781,7.470928,146.43,6.04,0.00,45.33,0,-92,-13,0,0,53,0,0,138
24.03,1547802485,299.78,51.510817,7.470968,146.33,4.86,0.00,43.56,0,-89,-11,0,0,53,0,0,152
24.03,1547802485,299.78,51.510817,7.470968,146.33,4.86,0.00,43.56,0,-92,-13,0,0,53,0,0,138
25.03,1547802486,304.66,51.510851,7.471002,146.32,3.76,0.00,42.47,0,-91,-11,0,0,51,0,0,152
25.03,1547802486,304.66,51.510851,7.471002,146.32,3.76,0.00,42.47,0,-93,-12,0,0,51,0,0,138
26.03,1547802487,308.41,51.510873,7.471021,146.32,1.73,0.00,41.18,0,-91,-11,0,0,51,0,0,152
26.03,1547802487,308.42,51.510873,7.471021,146.32,1.73,0.00,41.18,0,-93,-12,0,0,51,0,0,138
27.03,1547802488,310.14,51.510873,7.471021,146.32,0.00,0.00,41.18,0,-90,-11,0,0,51,0,0,152
27.03,1547802488,310.14,51.510873,7.471021,146.32,0.00,0.00,41.18,0,-93,-14,0,0,51,0,0,150
28.03,1547802489,310.14,51.510873,7.471021,146.32,0.00,0.00,41.18,0,-90,-11,0,0,51,0,0,152
28.03,1547802489,310.14,51.510873,7.471021,146.32,0.00,0.00,41.18,0,-93,-14,0,0,51,0,0,150
29.03,1547802490,310.14,51.510873,7.471021,146.33,0.00,0.00,41.18,0,-90,-10,0,0,50,0,0,152
29.03,1547802490,310.14,51.510873,7.471021,146.33,0.00,0.00,41.18,0,-93,-11,0,0,50,0,0,138
30.03,1547802491,310.14,51.510873,7.471021,146.34,0.00,0.00,41.18,0,-90,-10,0,0,50,0,0,152
30.03,1547802491,310.14,51.510873,7.471021,146.34,0.00,0.00,41.18,0,-93,-11,0,0,50,0,0,138
31.04,1547802492,310.14,51.510873,7.471021,146.36,0.00,0.00,41.18,0,-92,-11,0,0,50,0,0,152
31.04,1547802492,310.14,51.510873,7.471021,146.36,0.00,0.00,41.18,0,-94,-12,0,0,50,0,0,138
32.03,1547802493,310.14,51.510873,7.471021,146.38,0.00,0.00,41.18,0,-92,-11,0,0,50,0,0,152
32.03,1547802493,310.14,51.510873,7.471021,146.38,0.00,0.00,41.18,0,-94,-12,0,0,50,0,0,138
33.03,1547802494,310.14,51.510873,7.471021,146.40,0.00,0.00,41.18,0,-92,-11,0,0,49,0,0,152
33.03,1547802494,310.14,51.510873,7.471021,146.40,0.00,0.00,41.18,0,-93,-12,0,0,49,0,0,138
34.03,1547802495,310.14,51.510873,7.471021,146.42,0.00,0.00,41.18,0,-92,-11,0,0,49,0,0,152
34.03,1547802495,310.14,51.510873,7.471021,146.42,0.00,0.00,41.18,0,-93,-12,0,0,49,0,0,138
35.03,1547802496,310.14,51.510873,7.471021,146.44,0.00,0.00,41.18,0,-91,-10,0,0,50,0,0,152
35.03,1547802496,310.14,51.510873,7.471021,146.44,0.00,0.00,41.18,0,-93,-12,0,0,50,0,0,138
36.03,1547802497,310.14,51.510873,7.471021,146.46,0.00,0.00,41.18,0,-91,-10,0,0,50,0,0,152
36.03,1547802497,310.14,51.510873,7.471021,146.46,0.00,0.00,41.18,0,-93,-12,0,0,50,0,0,138
37.03,1547802498,310.14,51.511985,7.472879,146.48,0.00,0.00,41.18,0,-90,-11,0,0,51,0,0,152
37.03,1547802498,310.14,51.511985,7.472879,146.48,0.00,0.00,41.18,0,-93,-13,0,0,51,0,0,138
38.03,1547802499,310.14,51.510873,7.471021,146.50,0.00,0.00,41.18,0,-90,-11,0,0,51,0,0,152
38.03,1547802499,310.14,51.510873,7.471021,146.50,0.00,0.00,41.18,0,-93,-13,0,0,51,0,0,138
39.03,1547802500,310.14,51.510873,7.471021,146.52,0.00,0.00,41.18,0,-90,-10,0,0,50,0,0,152
39.03,1547802500,310.14,51.510873,7.471021,146.52,0.00,0.00,41.18,0,-94,-13,0,0,50,0,0,138
40.03,1547802501,310.14,51.510873,7.471021,146.54,0.00,0.00,41.18,0,-90,-10,0,0,50,0,0,152
40.03,1547802501,310.14,51.510873,7.471021,146.54,0.00,0.00,41.18,0,-94,-13,0,0,50,0,0,138
41.03,1547802502,310.14,51.510873,7.471021,146.56,0.00,0.00,41.18,0,-90,-10,0,0,50,0,0,152
41.03,1547802502,310.14,51.510873,7.471021,146.56,0.00,0.00,41.18,0,-94,-13,0,0,50,0,0,138
42.03,1547802503,310.14,51.510873,7.471021,146.58,0.00,0.00,41.18,0,-90,-10,0,0,50,0,0,152
42.03,1547802503,310.14,51.510873,7.471021,146.58,0.00,0.00,41.18,0,-94,-13,0,0,50,0,0,138
43.03,1547802504,310.14,51.510873,7.471021,146.60,0.00,0.00,41.18,0,-90,-10,0,0,50,0,0,152
43.03,1547802504,310.14,51.510873,7.471021,146.60,0.00,0.00,41.18,0,-94,-13,0,0,50,0,0,138
44.03,1547802505,310.14,51.510873,7.471021,146.62,0.00,0.00,41.18,0,-91,-10,0,0,50,0,0,152
44.03,1547802505,310.14,51.510873,7.471021,146.62,0.00,0.00,41.18,0,-94,-14,0,0,50,0,0,150
45.03,1547802506,310.14,51.510873,7.471021,146.64,0.00,0.00,41.18,0,-91,-10,0,0,50,0,0,152
45.03,1547802506,310.14,51.510873,7.471021,146.64,0.00,0.00,41.18,0,-94,-14,0,0,50,0,0,150
46.03,1547802507,310.14,51.510873,7.471021,146.81,0.00,0.00,44.93,0,-90,-9,0,0,50,0,0,152
46.03,1547802507,310.14,51.510873,7.471021,146.81,0.00,0.00,44.93,0,-94,-14,0,0,50,0,0,150
47.03,1547802508,310.14,51.510932,7.471095,146.93,0.00,0.00,44.53,0,-90,-9,0,0,50,0,0,152
47.03,1547802508,310.14,51.510932,7.471095,146.93,0.00,0.00,44.53,0,-94,-14,0,0,50,0,0,150
48.03,1547802509,310.16,51.510984,7.471160,147.81,7.27,0.00,42.56,0,-90,-11,0,0,52,0,0,152
49.03,1547802510,317.42,51.511029,7.471217,148.14,7.74,0.00,41.70,0,-90,-11,0,0,52,0,0,152
50.03,1547802511,325.18,51.511085,7.471286,148.07,9.01,0.00,40.84,0,-91,-12,0,0,52,0,0,152
50.03,1547802511,325.18,51.511085,7.471286,148.07,9.01,0.00,40.84,0,-92,-14,0,0,52,0,0,150
51.03,1547802512,334.16,51.511153,7.471370,148.03,9.86,0.00,41.78,0,-91,-12,0,0,52,0,0,152
51.03,1547802512,334.16,51.511153,7.471370,148.03,9.86,0.00,41.78,0,-92,-14,0,0,52,0,0,150
52.03,1547802513,344.03,51.511222,7.471460,147.69,10.49,0.00,40.97,0,-88,-10,0,0,53,0,0,152
53.03,1547802514,354.51,51.511301,7.471558,147.48,10.90,0.00,40.43,0,-88,-10,0,0,53,0,0,152
54.03,1547802515,365.43,51.511379,7.471657,146.81,11.33,0.00,40.04,0,-87,-10,0,0,53,0,0,152
55.03,1547802516,376.76,51.511463,7.471758,146.46,11.34,0.00,39.82,0,-87,-10,0,0,53,0,0,152
58.03,1547802519,411.09,51.511707,7.472062,144.58,11.61,0.00,38.54,0,-86,-10,0,0,54,0,0,152
59.03,1547802520,422.70,51.511786,7.472166,143.96,11.41,0.00,39.24,0,-86,-10,0,0,54,0,0,152
60.03,1547802521,434.11,51.511868,7.472273,143.59,11.36,0.00,38.90,0,-86,-10,0,0,55,0,0,152
60.03,1547802521,434.12,51.511868,7.472273,143.59,11.36,0.00,38.90,0,-89,-14,0,0,55,0,0,150
61.03,1547802522,445.45,51.511944,7.472378,143.07,11.59,0.00,39.22,0,-86,-10,0,0,55,0,0,152
61.03,1547802522,445.46,51.511944,7.472378,143.07,11.59,0.00,39.22,0,-89,-14,0,0,55,0,0,150
62.04,1547802523,457.12,51.512025,7.472483,142.48,12.06,0.00,38.28,0,-87,-14,0,0,57,0,0,152
62.04,1547802523,457.12,51.512025,7.472483,142.48,12.06,0.00,38.28,0,-88,-13,0,0,56,0,0,150
63.03,1547802524,469.12,51.512116,7.472587,141.92,11.87,0.00,36.13,0,-87,-14,0,0,57,0,0,152
63.03,1547802524,469.12,51.512116,7.472587,141.92,11.87,0.00,36.13,0,-88,-13,0,0,56,0,0,150
64.03,1547802525,480.96,51.512211,7.472673,141.79,11.99,0.00,32.02,0,-87,-14,0,0,57,0,0,152
64.03,1547802525,480.96,51.512211,7.472673,141.79,11.99,0.00,32.02,0,-88,-13,0,0,56,0,0,150
65.03,1547802526,492.98,51.512312,7.472715,141.47,11.82,0.00,16.02,0,-80,-10,0,0,63,0,0,152
65.03,1547802526,493.00,51.512312,7.472715,141.47,11.82,0.00,16.02,0,-82,-12,0,0,63,0,0,150
66.03,1547802527,504.79,51.512419,7.472757,141.08,11.00,0.00,14.34,0,-80,-10,0,0,63,0,0,152
66.03,1547802527,504.80,51.512419,7.472757,141.08,11.00,0.00,14.34,0,-82,-12,0,0,63,0,0,150
67.03,1547802528,515.79,51.512514,7.472786,140.63,11.64,0.00,11.49,0,-80,-9,0,0,59,0,0,150
67.03,1547802528,515.80,51.512514,7.472786,140.63,11.64,0.00,11.49,0,-81,-10,0,0,59,0,0,152
68.03,1547802529,527.42,51.512616,7.472804,139.98,11.34,0.00,8.62,0,-80,-9,0,0,59,0,0,150
68.03,1547802529,527.43,51.512616,7.472804,139.98,11.34,0.00,8.62,0,-81,-10,0,0,59,0,0,152
69.03,1547802530,538.76,51.512716,7.472817,139.47,11.51,0.00,6.76,0,-82,-9,0,0,58,0,0,152
69.03,1547802530,538.77,51.512716,7.472817,139.47,11.51,0.00,6.76,0,-83,-10,0,0,58,0,0,150
70.03,1547802531,550.28,51.512822,7.472831,138.88,11.56,0.00,5.83,0,-82,-9,0,0,58,0,0,152
70.03,1547802531,550.29,51.512822,7.472831,138.88,11.56,0.00,5.83,0,-83,-10,0,0,58,0,0,150
71.03,1547802532,561.80,51.512934,7.472840,138.39,12.49,0.00,4.40,0,-96,-8,0,0,44,0,0,358
71.03,1547802532,561.80,51.512934,7.472840,138.39,12.49,0.00,4.40,0,-81,-9,0,0,58,0,0,152
71.03,1547802532,561.80,51.512934,7.472840,138.39,12.49,0.00,4.40,0,-82,-9,0,0,58,0,0,150
72.04,1547802533,574.37,51.513035,7.472848,138.00,11.57,0.00,3.55,0,-96,-8,0,0,44,0,0,358
72.04,1547802533,574.38,51.513035,7.472848,138.00,11.57,0.00,3.55,0,-81,-9,0,0,58,0,0,152
72.04,1547802533,574.39,51.513035,7.472848,138.00,11.57,0.00,3.55,0,-82,-9,0,0,58,0,0,150
73.03,1547802534,585.88,51.513138,7.472857,137.54,11.61,0.00,3.98,0,-92,-11,0,0,50,0,0,358
73.03,1547802534,585.88,51.513138,7.472857,137.54,11.61,0.00,3.98,0,-79,-9,0,0,59,0,0,150
73.03,1547802534,585.89,51.513138,7.472857,137.54,11.61,0.00,3.98,0,-80,-8,0,0,59,0,0,152
74.03,1547802535,597.48,51.513245,7.472862,137.11,11.59,0.00,3.57,0,-92,-11,0,0,50,0,0,358
74.03,1547802535,597.48,51.513245,7.472862,137.11,11.59,0.00,3.57,0,-79,-9,0,0,59,0,0,150
74.03,1547802535,597.49,51.513245,7.472862,137.11,11.59,0.00,3.57,0,-80,-8,0,0,59,0,0,152
75.03,1547802536,609.12,51.513355,7.472868,136.61,11.72,0.00,3.86,0,-98,-13,0,0,50,0,0,372
75.03,1547802536,609.13,51.513355,7.472868,136.61,11.72,0.00,3.86,0,-79,-7,0,0,58,0,0,152
76.03,1547802537,620.85,51.513463,7.472868,136.14,12.41,0.00,3.03,0,-98,-13,0,0,50,0,0,372
76.04,1547802537,620.86,51.513463,7.472868,136.14,12.41,0.00,3.03,0,-79,-7,0,0,58,0,0,152
77.03,1547802538,633.25,51.513569,7.472871,135.83,12.55,0.00,3.73,0,-92,-9,0,0,48,0,0,324
77.03,1547802538,633.26,51.513569,7.472871,135.83,12.55,0.00,3.73,0,-79,-7,0,0,60,0,0,152
78.03,1547802539,645.79,51.513682,7.472875,135.59,12.88,0.00,3.39,0,-92,-9,0,0,48,0,0,324
78.03,1547802539,645.80,51.513682,7.472875,135.59,12.88,0.00,3.39,0,-79,-7,0,0,60,0,0,152
79.03,1547802540,658.65,51.513786,7.472881,135.61,12.12,0.00,3.98,0,-76,-6,0,0,61,0,0,152
80.03,1547802541,670.79,51.513892,7.472890,135.76,12.82,0.00,3.27,0,-76,-6,0,0,61,0,0,152
81.03,1547802542,683.55,51.514010,7.472895,135.57,11.98,0.00,2.49,0,-77,-7,0,0,60,0,0,152
82.03,1547802543,695.57,51.514120,7.472900,135.53,11.96,0.00,2.76,0,-77,-7,0,0,60,0,0,152
83.04,1547802544,707.59,51.514220,7.472904,135.72,11.75,0.00,3.18,0,-78,-6,0,0,59,0,0,152
84.03,1547802545,719.26,51.514326,7.472911,135.84,11.43,0.00,3.46,0,-78,-6,0,0,59,0,0,152
85.03,1547802546,730.69,51.514428,7.472920,135.75,10.46,0.00,4.29,0,-78,-6,0,0,59,0,0,152
86.03,1547802547,741.18,51.514519,7.472930,135.64,9.27,0.00,4.41,0,-77,-6,0,0,60,0,0,152
87.03,1547802548,750.45,51.514597,7.472940,135.38,7.30,0.00,5.87,0,-77,-6,0,0,60,0,0,152
88.03,1547802549,757.73,51.514670,7.472946,134.94,6.95,0.00,5.53,0,-76,-6,0,0,61,0,0,152
89.03,1547802550,764.68,51.514721,7.472951,134.72,5.05,0.00,6.46,0,-76,-6,0,0,61,0,0,152
90.03,1547802551,769.73,51.514776,7.472954,134.67,3.93,0.00,5.71,0,-75,-6,0,0,61,0,0,152
91.03,1547802552,773.66,51.514807,7.472957,134.62,2.75,0.00,5.25,0,-75,-6,0,0,61,0,0,152
92.03,1547802553,776.40,51.514822,7.472958,134.62,1.52,0.00,5.81,0,-77,-6,0,0,59,0,0,152
93.03,1547802554,777.91,51.514822,7.472958,134.62,0.00,0.00,5.81,0,-77,-6,0,0,59,0,0,152
94.03,1547802555,777.91,51.514822,7.472958,134.63,0.00,0.00,5.81,0,-79,-6,0,0,58,0,0,152
95.03,1547802556,777.91,51.514822,7.472958,134.64,0.00,0.00,5.81,0,-79,-6,0,0,58,0,0,152
96.03,1547802557,777.91,51.514822,7.472958,134.65,0.00,0.00,5.81,0,-79,-6,0,0,59,0,0,152
97.03,1547802558,777.91,51.513635,7.472900,134.67,0.00,0.00,5.81,0,-79,-6,0,0,59,0,0,152
98.03,1547802559,777.91,51.514822,7.472958,134.68,0.00,0.00,5.81,0,-78,-5,0,0,58,0,0,152
99.03,1547802560,777.91,51.514822,7.472958,134.69,0.00,0.00,5.81,0,-78,-5,0,0,58,0,0,152
100.03,1547802561,777.91,51.514822,7.472958,134.70,0.00,0.00,5.81,0,-79,-6,0,0,59,0,0,152
101.03,1547802562,777.91,51.514822,7.472958,134.72,0.00,0.00,5.81,0,-79,-6,0,0,59,0,0,152
102.03,1547802563,777.91,51.514822,7.472958,134.73,0.00,0.00,5.81,0,-78,-6,0,0,60,0,0,152
103.03,1547802564,777.91,51.514822,7.472958,134.75,0.00,0.00,5.81,0,-78,-6,0,0,60,0,0,152
104.04,1547802565,777.91,51.514822,7.472958,134.77,0.00,0.00,5.81,0,-78,-6,0,0,58,0,0,152
105.03,1547802566,777.91,51.514822,7.472958,134.80,0.00,0.00,5.81,0,-78,-6,0,0,58,0,0,152
106.03,1547802567,777.91,51.514822,7.472958,134.82,0.00,0.00,5.81,0,-78,-6,0,0,58,0,0,152
107.03,1547802568,777.91,51.514822,7.472958,134.84,0.00,0.00,5.81,0,-78,-5,0,0,58,0,0,152
108.03,1547802569,777.91,51.514822,7.472958,134.87,0.00,0.00,5.81,0,-78,-5,0,0,58,0,0,152
109.03,1547802570,777.91,51.514822,7.472958,134.90,0.00,0.00,5.81,0,-78,-6,0,0,58,0,0,152
110.03,1547802571,777.91,51.514822,7.472958,134.93,0.00,0.00,5.81,0,-78,-6,0,0,58,0,0,152
111.03,1547802572,777.91,51.514822,7.472958,134.95,0.00,0.00,5.81,0,-78,-6,0,0,59,0,0,152
112.03,1547802573,777.91,51.514822,7.472958,134.98,0.00,0.00,5.81,0,-78,-6,0,0,59,0,0,152
113.03,1547802574,777.91,51.514822,7.472958,135.01,0.00,0.00,5.81,0,-79,-6,0,0,58,0,0,152
114.03,1547802575,777.91,51.514822,7.472958,135.04,0.00,0.00,5.81,0,-79,-6,0,0,58,0,0,152
115.03,1547802576,777.91,51.514822,7.472958,135.07,0.00,0.00,5.81,0,-79,-6,0,0,58,0,0,152
116.03,1547802577,777.91,51.514822,7.472958,135.11,0.00,0.00,5.81,0,-79,-6,0,0,58,0,0,152
117.03,1547802578,777.91,51.513635,7.472900,135.14,0.00,0.00,5.81,0,-79,-6,0,0,58,0,0,152
118.03,1547802579,777.91,51.514822,7.472958,135.17,0.00,0.00,5.81,0,-79,-6,0,0,58,0,0,152
119.03,1547802580,777.91,51.514822,7.472958,135.20,0.00,0.00,5.81,0,-78,-5,0,0,58,0,0,152
120.03,1547802581,777.91,51.514822,7.472958,135.23,0.00,0.00,5.81,0,-78,-5,0,0,58,0,0,152
121.03,1547802582,777.91,51.514822,7.472958,135.26,0.00,0.00,5.81,0,-79,-6,0,0,58,0,0,152
122.03,1547802583,777.91,51.514822,7.472958,135.29,0.00,0.00,5.81,0,-79,-6,0,0,58,0,0,152
123.03,1547802584,777.91,51.514822,7.472958,135.31,0.00,0.00,5.81,0,-78,-6,0,0,58,0,0,152
124.03,1547802585,777.91,51.514822,7.472958,135.34,0.00,0.00,5.81,0,-78,-6,0,0,58,0,0,152
125.03,1547802586,777.91,51.514822,7.472958,135.37,0.00,0.00,5.81,0,-78,-6,0,0,58,0,0,152
126.03,1547802587,777.91,51.514822,7.472958,135.41,0.00,0.00,5.81,0,-78,-6,0,0,58,0,0,152
127.03,1547802588,777.91,51.514822,7.472958,135.44,0.00,0.00,5.81,0,-78,-6,0,0,58,0,0,152
128.03,1547802589,777.91,51.514864,7.472957,135.74,0.00,0.00,358.02,0,-78,-6,0,0,58,0,0,152
129.03,1547802590,777.91,51.514864,7.472957,138.29,0.00,0.00,0.16,0,-78,-6,0,0,58,0,0,152
130.03,1547802591,777.93,51.514969,7.472958,139.91,8.19,0.00,1.26,0,-79,-7,0,0,58,0,0,152
131.03,1547802592,786.09,51.515050,7.472961,140.66,9.91,0.00,1.01,0,-79,-7,0,0,58,0,0,152
132.04,1547802593,796.08,51.515130,7.472965,140.82,10.40,0.00,0.63,0,-82,-7,0,0,55,0,0,152
133.03,1547802594,806.42,51.515217,7.472966,140.65,10.70,0.00,359.25,0,-82,-7,0,0,55,0,0,152
134.03,1547802595,817.11,51.515326,7.472964,140.16,11.08,0.00,357.10,0,-85,-7,0,0,53,0,0,152
135.03,1547802596,828.23,51.515435,7.472946,139.54,12.54,0.00,354.31,0,-85,-7,0,0,53,0,0,152
136.03,1547802597,840.77,51.515544,7.472917,138.96,13.81,0.00,351.01,0,-86,-8,0,0,52,0,0,152
136.03,1547802597,840.78,51.515544,7.472917,138.96,13.81,0.00,351.01,0,-92,-13,0,0,52,0,0,151
137.03,1547802598,854.58,51.515662,7.472866,137.68,13.93,0.00,346.93,0,-86,-8,0,0,52,0,0,152
137.03,1547802598,854.58,51.515662,7.472866,137.68,13.93,0.00,346.93,0,-92,-13,0,0,52,0,0,151
138.03,1547802599,868.49,51.515782,7.472795,136.43,14.19,0.00,343.34,0,-83,-7,0,0,55,0,0,152
139.03,1547802600,882.69,51.515905,7.472714,135.69,13.91,0.00,340.48,0,-83,-7,0,0,55,0,0,152
140.03,1547802601,896.61,51.516019,7.472582,135.54,14.95,0.00,326.94,0,-96,-7,0,0,43,0,0,372
140.03,1547802601,896.61,51.516019,7.472582,135.54,14.95,0.00,326.94,0,-82,-7,0,0,55,0,0,152
141.03,1547802602,911.56,51.516120,7.472458,135.20,15.06,0.00,325.00,0,-96,-7,0,0,43,0,0,372
141.03,1547802602,911.58,51.516120,7.472458,135.20,15.06,0.00,325.00,0,-82,-7,0,0,55,0,0,152
142.04,1547802603,926.66,51.516226,7.472309,134.37,14.85,0.00,321.40,0,-96,-10,0,0,46,0,0,372
142.04,1547802603,926.68,51.516226,7.472309,134.37,14.85,0.00,321.40,0,-87,-8,0,0,51,0,0,152
142.04,1547802603,926.75,51.516226,7.472309,134.37,14.85,0.00,321.40,0,-90,-12,0,0,52,0,0,151
143.03,1547802604,941.41,51.516329,7.472151,133.25,15.11,0.00,318.67,0,-96,-10,0,0,46,0,0,372
143.03,1547802604,941.41,51.516329,7.472151,133.25,15.11,0.00,318.67,0,-87,-8,0,0,51,0,0,152
143.03,1547802604,941.42,51.516329,7.472151,133.25,15.11,0.00,318.67,0,-90,-12,0,0,52,0,0,151
144.03,1547802605,956.57,51.516410,7.472004,131.78,13.16,0.00,314.87,0,-85,-9,0,0,54,0,0,151
144.03,1547802605,956.57,51.516410,7.472004,131.78,13.16,0.00,314.87,0,-86,-9,0,0,54,0,0,152
145.03,1547802606,969.74,51.516467,7.471842,130.03,12.43,0.00,301.70,0,-85,-9,0,0,54,0,0,151
145.03,1547802606,969.75,51.516467,7.471842,130.03,12.43,0.00,301.70,0,-86,-9,0,0,54,0,0,152
146.04,1547802607,982.26,51.516513,7.471705,128.69,11.30,0.00,300.69,0,-80,-7,0,0,57,0,0,151
147.03,1547802608,993.45,51.516559,7.471549,127.97,10.48,0.00,298.65,0,-80,-7,0,0,57,0,0,151
148.03,1547802609,1003.93,51.516589,7.471422,126.96,10.07,0.00,296.96,0,-80,-7,0,0,57,0,0,151
149.03,1547802610,1014.00,51.516624,7.471278,126.45,9.33,0.00,296.00,0,-84,-8,0,0,54,0,0,151
149.03,1547802610,1014.00,51.516624,7.471278,126.45,9.33,0.00,296.00,0,-89,-13,0,0,54,0,0,152
150.03,1547802611,1023.33,51.516651,7.471139,126.15,9.29,0.00,295.16,0,-84,-8,0,0,54,0,0,151
150.03,1547802611,1023.34,51.516651,7.471139,126.15,9.29,0.00,295.16,0,-89,-13,0,0,54,0,0,152
151.03,1547802612,1032.62,51.516675,7.471017,125.83,9.08,0.00,294.76,0,-87,-7,0,0,51,0,0,151
151.03,1547802612,1032.63,51.516675,7.471017,125.83,9.08,0.00,294.76,0,-93,-13,0,0,50,0,0,152
152.03,1547802613,1041.67,51.516700,7.470904,125.52,8.75,0.00,295.24,0,-87,-7,0,0,51,0,0,151
152.03,1547802613,1041.67,51.516700,7.470904,125.52,8.75,0.00,295.24,0,-93,-13,0,0,50,0,0,152
153.03,1547802614,1050.41,51.516728,7.470784,125.15,8.98,0.00,294.72,0,-98,-7,0,0,42,0,0,372
153.03,1547802614,1050.42,51.516728,7.470784,125.15,8.98,0.00,294.72,0,-87,-8,0,0,50,0,0,151
153.03,1547802614,1050.42,51.516728,7.470784,125.15,8.98,0.00,294.72,0,-93,-13,0,0,50,0,0,152
154.03,1547802615,1059.39,51.516759,7.470652,124.97,9.67,0.00,294.01,0,-98,-7,0,0,42,0,0,372
154.03,1547802615,1059.40,51.516759,7.470652,124.97,9.67,0.00,294.01,0,-87,-8,0,0,50,0,0,151
154.03,1547802615,1059.40,51.516759,7.470652,124.97,9.67,0.00,294.01,0,-93,-13,0,0,50,0,0,152
155.03,1547802616,1069.10,51.516794,7.470509,125.07,10.43,0.00,294.49,0,-90,-11,0,0,52,0,0,151
155.03,1547802616,1069.12,51.516794,7.470509,125.07,10.43,0.00,294.49,0,-93,-15,0,0,52,0,0,152
156.03,1547802617,1079.54,51.516833,7.470359,125.36,10.48,0.00,295.10,0,-90,-11,0,0,52,0,0,151
156.03,1547802617,1079.55,51.516833,7.470359,125.36,10.48,0.00,295.10,0,-93,-15,0,0,52,0,0,152
157.03,1547802618,1089.95,51.516419,7.470687,125.70,10.49,0.00,294.34,0,-93,-9,0,0,46,0,0,151
157.03,1547802618,1089.97,51.516419,7.470687,125.70,10.49,0.00,294.34,0,-94,-9,0,0,45,0,0,295
158.03,1547802619,1100.51,51.516906,7.470062,126.08,10.21,0.00,293.38,0,-93,-9,0,0,46,0,0,151
158.03,1547802619,1100.52,51.516906,7.470062,126.08,10.21,0.00,293.38,0,-94,-9,0,0,45,0,0,295
159.03,1547802620,1110.73,51.516938,7.469921,126.53,9.95,0.00,291.88,0,-96,-7,0,0,43,0,0,372
159.03,1547802620,1110.73,51.516938,7.469921,126.53,9.95,0.00,291.88,0,-94,-10,0,0,46,0,0,295
159.03,1547802620,1110.74,51.516938,7.469921,126.53,9.95,0.00,291.88,0,-95,-10,0,0,46,0,0,151
160.03,1547802621,1120.68,51.516965,7.469806,126.78,8.62,0.00,291.21,0,-96,-7,0,0,43,0,0,372
160.03,1547802621,1120.68,51.516965,7.469806,126.78,8.62,0.00,291.21,0,-94,-10,0,0,46,0,0,295
160.03,1547802621,1120.69,51.516965,7.469806,126.78,8.62,0.00,291.21,0,-95,-10,0,0,46,0,0,151
161.03,1547802622,1129.30,51.516993,7.469678,126.93,10.27,0.00,290.26,0,-89,-6,0,0,48,0,0,295
161.03,1547802622,1129.31,51.516993,7.469678,126.93,10.27,0.00,290.26,0,-95,-11,0,0,47,0,0,151
162.03,1547802623,1139.56,51.517026,7.469519,127.44,10.95,0.00,288.99,0,-89,-6,0,0,48,0,0,295
162.03,1547802623,1139.56,51.517026,7.469519,127.44,10.95,0.00,288.99,0,-95,-11,0,0,47,0,0,151
163.03,1547802624,1150.47,51.517058,7.469360,127.95,11.88,0.00,289.21,0,-95,-11,0,0,46,0,0,151
163.03,1547802624,1150.48,51.517058,7.469360,127.95,11.88,0.00,289.21,0,-97,-12,0,0,46,0,0,295
164.03,1547802625,1162.40,51.517092,7.469195,128.16,12.82,0.00,288.58,0,-95,-11,0,0,46,0,0,151
164.03,1547802625,1162.41,51.517092,7.469195,128.16,12.82,0.00,288.58,0,-97,-12,0,0,46,0,0,295
165.03,1547802626,1175.24,51.517123,7.469024,128.19,12.41,0.00,287.35,0,-92,-10,0,0,48,0,0,151
165.03,1547802626,1175.24,51.517123,7.469024,128.19,12.41,0.00,287.35,0,-93,-11,0,0,49,0,0,146
166.03,1547802627,1187.64,51.517152,7.468858,128.03,12.75,0.00,286.89,0,-92,-10,0,0,48,0,0,151
166.03,1547802627,1187.64,51.517152,7.468858,128.03,12.75,0.00,286.89,0,-93,-11,0,0,49,0,0,146
167.04,1547802628,1200.49,51.517183,7.468676,127.86,13.38,0.00,287.49,0,-97,-8,0,0,42,0,0,372
167.04,1547802628,1200.51,51.517183,7.468676,127.86,13.38,0.00,287.49,0,-89,-7,0,0,49,0,0,146
167.04,1547802628,1200.52,51.517183,7.468676,127.86,13.38,0.00,287.49,0,-92,-9,0,0,48,0,0,151
168.03,1547802629,1213.78,51.517219,7.468496,127.71,13.30,0.00,288.92,0,-97,-8,0,0,42,0,0,372
168.03,1547802629,1213.79,51.517219,7.468496,127.71,13.30,0.00,288.92,0,-89,-7,0,0,49,0,0,146
168.03,1547802629,1213.79,51.517219,7.468496,127.71,13.30,0.00,288.92,0,-92,-9,0,0,48,0,0,151
169.03,1547802630,1227.08,51.517260,7.468314,127.61,13.33,0.00,290.29,0,-97,-8,0,0,42,0,0,372
169.03,1547802630,1227.08,51.517260,7.468314,127.61,13.33,0.00,290.29,0,-89,-7,0,0,49,0,0,146
169.03,1547802630,1227.10,51.517260,7.468314,127.61,13.33,0.00,290.29,0,-92,-9,0,0,48,0,0,151
170.03,1547802631,1240.37,51.517303,7.468138,127.55,13.17,0.00,291.73,0,-84,-6,0,0,52,0,0,146
170.03,1547802631,1240.39,51.517303,7.468138,127.55,13.17,0.00,291.73,0,-89,-9,0,0,51,0,0,273
171.03,1547802632,1253.56,51.517348,7.467969,127.38,12.78,0.00,293.39,0,-84,-6,0,0,52,0,0,146
171.03,1547802632,1253.58,51.517348,7.467969,127.38,12.78,0.00,293.39,0,-89,-9,0,0,51,0,0,273
172.03,1547802633,1266.29,51.517398,7.467804,127.09,13.24,0.00,294.56,0,-88,-7,0,0,49,0,0,146
173.03,1547802634,1279.52,51.517452,7.467638,126.77,13.08,0.00,295.87,0,-88,-7,0,0,49,0,0,146
174.03,1547802635,1292.66,51.517506,7.467471,126.51,13.14,0.00,296.85,0,-90,-8,0,0,47,0,0,146
174.03,1547802635,1292.67,51.517506,7.467471,126.51,13.14,0.00,296.85,0,-94,-9,0,0,46,0,0,151
175.03,1547802636,1305.80,51.517558,7.467303,126.16,12.94,0.00,296.35,0,-90,-8,0,0,47,0,0,146
175.03,1547802636,1305.82,51.517558,7.467303,126.16,12.94,0.00,296.35,0,-94,-9,0,0,46,0,0,151
176.03,1547802637,1318.76,51.517611,7.467132,126.12,13.17,0.00,295.05,0,-101,-11,0,0,41,0,0,470
176.03,1547802637,1318.77,51.517611,7.467132,126.12,13.17,0.00,295.05,0,-95,-9,0,0,46,0,0,151
176.04,1547802637,1318.78,51.517611,7.467132,126.12,13.17,0.00,295.05,0,-96,-10,0,0,45,0,0,146
177.03,1547802638,1331.93,51.516419,7.470687,126.17,13.73,0.00,293.36,0,-101,-11,0,0,41,0,0,470
177.03,1547802638,1331.93,51.516419,7.470687,126.17,13.73,0.00,293.36,0,-95,-9,0,0,46,0,0,151
177.03,1547802638,1331.95,51.516419,7.470687,126.17,13.73,0.00,293.36,0,-96,-10,0,0,45,0,0,146
178.03,1547802639,1345.65,51.517709,7.466756,126.80,13.46,0.00,291.35,0,-95,-10,0,0,45,0,0,146
178.03,1547802639,1345.66,51.517709,7.466756,126.80,13.46,0.00,291.35,0,-97,-12,0,0,45,0,0,151
179.03,1547802640,1359.11,51.517746,7.466579,127.39,13.31,0.00,289.35,0,-95,-10,0,0,45,0,0,146
179.03,1547802640,1359.12,51.517746,7.466579,127.39,13.31,0.00,289.35,0,-97,-12,0,0,45,0,0,151
180.03,1547802641,1372.44,51.517781,7.466397,127.94,12.98,0.00,287.26,0,-99,-9,0,0,42,0,0,470
180.04,1547802641,1372.45,51.517781,7.466397,127.94,12.98,0.00,287.26,0,-102,-11,0,0,40,0,0,201
180.04,1547802641,1372.45,51.517781,7.466397,127.94,12.98,0.00,287.26,0,-104,-12,0,0,40,0,0,331
180.04,1547802641,1372.47,51.517781,7.466397,127.94,12.98,0.00,287.26,0,-95,-10,0,0,46,0,0,146
180.04,1547802641,1372.48,51.517781,7.466397,127.94,12.98,0.00,287.26,0,-96,-13,0,0,48,0,0,151
181.03,1547802642,1385.41,51.517812,7.466215,128.31,12.80,0.00,285.49,0,-99,-9,0,0,42,0,0,470
181.03,1547802642,1385.41,51.517812,7.466215,128.31,12.80,0.00,285.49,0,-102,-11,0,0,40,0,0,201
181.03,1547802642,1385.43,51.517812,7.466215,128.31,12.80,0.00,285.49,0,-104,-12,0,0,40,0,0,331
181.03,1547802642,1385.43,51.517812,7.466215,128.31,12.80,0.00,285.49,0,-95,-10,0,0,46,0,0,146
181.03,1547802642,1385.43,51.517812,7.466215,128.31,12.80,0.00,285.49,0,-96,-13,0,0,48,0,0,151
184.03,1547802645,1419.39,51.517867,7.465764,128.26,8.52,0.00,280.03,0,-98,-11,0,0,45,0,0,358
184.03,1547802645,1419.40,51.517867,7.465764,128.26,8.52,0.00,280.03,0,-86,-7,0,0,52,0,0,189
185.03,1547802646,1427.91,51.517874,7.465643,127.96,8.12,0.00,278.24,0,-98,-11,0,0,45,0,0,358
185.03,1547802646,1427.92,51.517874,7.465643,127.96,8.12,0.00,278.24,0,-86,-7,0,0,52,0,0,189
186.03,1547802647,1436.05,51.517878,7.465525,127.83,8.53,0.00,276.03,0,-96,-9,0,0,45,0,0,443
186.04,1547802647,1436.06,51.517878,7.465525,127.83,8.53,0.00,276.03,0,-100,-12,0,0,43,0,0,358
186.04,1547802647,1436.06,51.517878,7.465525,127.83,8.53,0.00,276.03,0,-101,-14,0,0,45,0,0,24
186.04,1547802647,1436.06,51.517878,7.465525,127.83,8.53,0.00,276.03,0,-90,-7,0,0,48,0,0,189
186.04,1547802647,1436.07,51.517878,7.465525,127.83,8.53,0.00,276.03,0,-95,-12,0,0,47,0,0,141
187.03,1547802648,1444.58,51.517880,7.465398,127.60,8.93,0.00,274.61,0,-96,-9,0,0,45,0,0,443
187.04,1547802648,1444.59,51.517880,7.465398,127.60,8.93,0.00,274.61,0,-100,-12,0,0,43,0,0,358
187.04,1547802648,1444.60,51.517880,7.465398,127.60,8.93,0.00,274.61,0,-101,-14,0,0,45,0,0,24
187.04,1547802648,1444.61,51.517880,7.465398,127.60,8.93,0.00,274.61,0,-90,-7,0,0,48,0,0,189
187.04,1547802648,1444.61,51.517880,7.465398,127.60,8.93,0.00,274.61,0,-95,-12,0,0,47,0,0,141
188.04,1547802649,1453.57,51.517878,7.465269,127.81,8.84,0.00,273.39,0,-96,-12,0,0,47,0,0,24
188.04,1547802649,1453.57,51.517878,7.465269,127.81,8.84,0.00,273.39,0,-98,-11,0,0,45,0,0,443
188.04,1547802649,1453.58,51.517878,7.465269,127.81,8.84,0.00,273.39,0,-89,-7,0,0,49,0,0,189
189.03,1547802650,1462.33,51.517871,7.465124,128.66,9.06,0.00,270.98,0,-96,-12,0,0,47,0,0,24
189.03,1547802650,1462.34,51.517871,7.465124,128.66,9.06,0.00,270.98,0,-98,-11,0,0,45,0,0,443
189.03,1547802650,1462.35,51.517871,7.465124,128.66,9.06,0.00,270.98,0,-89,-7,0,0,49,0,0,189
190.03,1547802651,1471.41,51.517864,7.464982,129.77,8.83,0.00,269.47,0,-96,-12,0,0,47,0,0,24
190.03,1547802651,1471.41,51.517864,7.464982,129.77,8.83,0.00,269.47,0,-98,-11,0,0,45,0,0,443
190.03,1547802651,1471.42,51.517864,7.464982,129.77,8.83,0.00,269.47,0,-89,-7,0,0,49,0,0,189
191.03,1547802652,1480.25,51.517856,7.464853,131.17,8.85,0.00,268.10,0,-96,-10,0,0,45,0,0,443
191.04,1547802652,1480.26,51.517856,7.464853,131.17,8.85,0.00,268.10,0,-98,-12,0,0,45,0,0,24
191.04,1547802652,1480.27,51.517856,7.464853,131.17,8.85,0.00,268.10,0,-98,-11,0,0,45,0,0,201
191.04,1547802652,1480.27,51.517856,7.464853,131.17,8.85,0.00,268.10,0,-87,-7,0,0,52,0,0,189
191.04,1547802652,1480.28,51.517856,7.464853,131.17,8.85,0.00,268.10,0,-91,-11,0,0,50,0,0,455
192.03,1547802653,1489.10,51.517846,7.464741,132.89,7.48,0.00,266.02,0,-96,-10,0,0,45,0,0,443
192.04,1547802653,1489.10,51.517846,7.464741,132.89,7.48,0.00,266.02,0,-98,-12,0,0,45,0,0,24
192.04,1547802653,1489.11,51.517846,7.464741,132.89,7.48,0.00,266.02,0,-98,-11,0,0,45,0,0,201
192.04,1547802653,1489.11,51.517846,7.464741,132.89,7.48,0.00,266.02,0,-87,-7,0,0,52,0,0,189
192.04,1547802653,1489.12,51.517846,7.464741,132.89,7.48,0.00,266.02,0,-91,-11,0,0,50,0,0,455
195.03,1547802656,1509.81,51.517821,7.464446,134.33,6.10,0.00,262.34,0,-96,-9,0,0,45,0,0,443
195.03,1547802656,1509.82,51.517821,7.464446,134.33,6.10,0.00,262.34,0,-90,-8,0,0,49,0,0,189
196.03,1547802657,1515.91,51.517807,7.464331,133.95,7.81,0.00,260.90,0,-96,-9,0,0,45,0,0,443
196.03,1547802657,1515.92,51.517807,7.464331,133.95,7.81,0.00,260.90,0,-90,-8,0,0,49,0,0,189
197.03,1547802658,1523.74,51.517792,7.464215,133.62,8.19,0.00,259.58,0,-96,-10,0,0,46,0,0,470
197.04,1547802658,1523.75,51.517792,7.464215,133.62,8.19,0.00,259.58,0,-96,-9,0,0,45,0,0,443
197.04,1547802658,1523.76,51.517792,7.464215,133.62,8.19,0.00,259.58,0,-101,-12,0,0,42,0,0,358
197.04,1547802658,1523.76,51.517792,7.464215,133.62,8.19,0.00,259.58,0,-92,-9,0,0,47,0,0,189
197.04,1547802658,1523.76,51.517792,7.464215,133.62,8.19,0.00,259.58,0,-97,-12,0,0,46,0,0,141
198.03,1547802659,1531.93,51.517774,7.464096,133.29,8.78,0.00,256.75,0,-96,-10,0,0,46,0,0,470
198.03,1547802659,1531.93,51.517774,7.464096,133.29,8.78,0.00,256.75,0,-96,-9,0,0,45,0,0,443
198.04,1547802659,1531.94,51.517774,7.464096,133.29,8.78,0.00,256.75,0,-101,-12,0,0,42,0,0,358
198.04,1547802659,1531.94,51.517774,7.464096,133.29,8.78,0.00,256.75,0,-92,-9,0,0,47,0,0,189
198.04,1547802659,1531.94,51.517774,7.464096,133.29,8.78,0.00,256.75,0,-97,-12,0,0,46,0,0,141
199.03,1547802660,1540.70,51.517751,7.463971,133.03,9.39,0.00,255.01,0,-95,-8,0,0,44,0,0,443
199.04,1547802660,1540.71,51.517751,7.463971,133.03,9.39,0.00,255.01,0,-100,-13,0,0,44,0,0,470
199.04,1547802660,1540.71,51.517751,7.463971,133.03,9.39,0.00,255.01,0,-100,-10,0,0,41,0,0,358
199.04,1547802660,1540.72,51.517751,7.463971,133.03,9.39,0.00,255.01,0,-93,-9,0,0,47,0,0,189
199.04,1547802660,1540.72,51.517751,7.463971,133.03,9.39,0.00,255.01,0,-96,-11,0,0,45,0,0,151
200.03,1547802661,1550.10,51.517720,7.463817,132.94,10.85,0.00,252.16,0,-95,-8,0,0,44,0,0,443
200.04,1547802661,1550.11,51.517720,7.463817,132.94,10.85,0.00,252.16,0,-100,-13,0,0,44,0,0,470
200.04,1547802661,1550.11,51.517720,7.463817,132.94,10.85,0.00,252.16,0,-100,-10,0,0,41,0,0,358
200.04,1547802661,1550.12,51.517720,7.463817,132.94,10.85,0.00,252.16,0,-93,-9,0,0,47,0,0,189
200.04,1547802661,1550.13,51.517720,7.463817,132.94,10.85,0.00,252.16,0,-96,-11,0,0,45,0,0,151
201.03,1547802662,1560.89,51.517688,7.463652,133.10,12.28,0.00,252.60,0,-91,-8,0,0,48,0,0,443
201.03,1547802662,1560.89,51.517688,7.463652,133.10,12.28,0.00,252.60,0,-95,-10,0,0,46,0,0,141
201.03,1547802662,1560.91,51.517688,7.463652,133.10,12.28,0.00,252.60,0,-96,-11,0,0,45,0,0,189
202.03,1547802663,1573.23,51.517650,7.463490,133.32,13.06,0.00,251.55,0,-91,-8,0,0,48,0,0,443
202.03,1547802663,1573.23,51.517650,7.463490,133.32,13.06,0.00,251.55,0,-95,-10,0,0,46,0,0,141
202.03,1547802663,1573.24,51.517650,7.463490,133.32,13.06,0.00,251.55,0,-96,-11,0,0,45,0,0,189
203.03,1547802664,1586.29,51.517607,7.463321,133.41,14.02,0.00,250.35,0,-88,-7,0,0,50,0,0,443
203.03,1547802664,1586.29,51.517607,7.463321,133.41,14.02,0.00,250.35,0,-91,-9,0,0,47,0,0,141
203.03,1547802664,1586.30,51.517607,7.463321,133.41,14.02,0.00,250.35,0,-95,-11,0,0,47,0,0,189
204.03,1547802665,1600.31,51.517563,7.463144,133.32,14.19,0.00,249.30,0,-88,-7,0,0,50,0,0,443
204.03,1547802665,1600.31,51.517563,7.463144,133.32,14.19,0.00,249.30,0,-91,-9,0,0,47,0,0,141
204.03,1547802665,1600.32,51.517563,7.463144,133.32,14.19,0.00,249.30,0,-95,-11,0,0,47,0,0,189
205.03,1547802666,1614.48,51.517516,7.462977,133.17,12.80,0.00,248.24,0,-86,-7,0,0,53,0,0,443
205.03,1547802666,1614.49,51.517516,7.462977,133.17,12.80,0.00,248.24,0,-90,-8,0,0,49,0,0,141
205.03,1547802666,1614.51,51.517516,7.462977,133.17,12.80,0.00,248.24,0,-93,-11,0,0,49,0,0,189
206.03,1547802667,1627.29,51.517468,7.462806,133.48,11.51,0.00,247.81,0,-86,-7,0,0,53,0,0,443
206.03,1547802667,1627.31,51.517468,7.462806,133.48,11.51,0.00,247.81,0,-90,-8,0,0,49,0,0,141
206.04,1547802667,1627.32,51.517468,7.462806,133.48,11.51,0.00,247.81,0,-93,-11,0,0,49,0,0,189
207.03,1547802668,1638.79,51.517423,7.462653,133.95,10.43,0.00,248.78,0,-90,-11,0,0,54,0,0,24
207.03,1547802668,1638.80,51.517423,7.462653,133.95,10.43,0.00,248.78,0,-90,-9,0,0,50,0,0,189
207.03,1547802668,1638.81,51.517423,7.462653,133.95,10.43,0.00,248.78,0,-91,-9,0,0,49,0,0,274
208.03,1547802669,1649.21,51.517386,7.462492,134.51,9.68,0.00,250.08,0,-90,-11,0,0,54,0,0,24
208.03,1547802669,1649.22,51.517386,7.462492,134.51,9.68,0.00,250.08,0,-90,-9,0,0,50,0,0,189
208.03,1547802669,1649.23,51.517386,7.462492,134.51,9.68,0.00,250.08,0,-91,-9,0,0,49,0,0,274
209.04,1547802670,1658.97,51.517357,7.462355,134.61,9.96,0.00,250.60,0,-89,-8,0,0,49,0,0,274
209.04,1547802670,1658.98,51.517357,7.462355,134.61,9.96,0.00,250.60,0,-90,-10,0,0,51,0,0,189
210.03,1547802671,1668.85,51.517334,7.462210,134.26,10.96,0.00,251.18,0,-89,-8,0,0,49,0,0,274
210.03,1547802671,1668.86,51.517334,7.462210,134.26,10.96,0.00,251.18,0,-90,-10,0,0,51,0,0,189
211.03,1547802672,1679.83,51.517305,7.462047,133.88,11.71,0.00,252.27,0,-89,-8,0,0,49,0,0,274
211.03,1547802672,1679.84,51.517305,7.462047,133.88,11.71,0.00,252.27,0,-90,-10,0,0,51,0,0,189
212.03,1547802673,1691.52,51.517273,7.461905,133.58,12.37,0.00,251.33,0,-84,-7,0,0,54,0,0,274
212.03,1547802673,1691.54,51.517273,7.461905,133.58,12.37,0.00,251.33,0,-88,-11,0,0,54,0,0,189
213.03,1547802674,1703.85,51.517232,7.461746,133.00,12.60,0.00,251.27,0,-84,-7,0,0,54,0,0,274
213.03,1547802674,1703.85,51.517232,7.461746,133.00,12.60,0.00,251.27,0,-88,-11,0,0,54,0,0,189
214.03,1547802675,1716.45,51.517185,7.461564,132.82,12.91,0.00,252.01,0,-82,-9,0,0,58,0,0,189
214.03,1547802675,1716.45,51.517185,7.461564,132.82,12.91,0.00,252.01,0,-82,-9,0,0,58,0,0,274
215.03,1547802676,1729.41,51.517146,7.461395,132.63,12.93,0.00,252.17,0,-82,-9,0,0,58,0,0,189
215.03,1547802676,1729.43,51.517146,7.461395,132.63,12.93,0.00,252.17,0,-82,-9,0,0,58,0,0,274
216.03,1547802677,1742.34,51.517103,7.461210,133.07,12.60,0.00,252.67,0,-78,-6,0,0,60,0,0,274
216.03,1547802677,1742.35,51.517103,7.461210,133.07,12.60,0.00,252.67,0,-82,-10,0,0,60,0,0,189
217.03,1547802678,1754.94,51.516460,7.459697,133.21,12.26,0.00,252.08,0,-78,-6,0,0,60,0,0,274
217.03,1547802678,1754.95,51.516460,7.459697,133.21,12.26,0.00,252.08,0,-82,-10,0,0,60,0,0,189
218.03,1547802679,1767.18,51.517029,7.460882,133.57,11.50,0.00,251.86,0,-70,-4,0,0,63,0,0,274
219.03,1547802680,1778.68,51.516993,7.460712,133.85,11.17,0.00,252.31,0,-70,-4,0,0,63,0,0,274
220.03,1547802681,1789.88,51.516958,7.460564,133.79,10.99,0.00,251.63,0,-87,-5,0,0,50,0,0,331
220.04,1547802681,1789.89,51.516958,7.460564,133.79,10.99,0.00,251.63,0,-71,-7,0,0,63,0,0,189
220.04,1547802681,1789.89,51.516958,7.460564,133.79,10.99,0.00,251.63,0,-76,-10,0,0,63,0,0,274
221.03,1547802682,1800.85,51.516931,7.460429,133.35,10.77,0.00,252.16,0,-87,-5,0,0,50,0,0,331
221.03,1547802682,1800.86,51.516931,7.460429,133.35,10.77,0.00,252.16,0,-71,-7,0,0,63,0,0,189
221.03,1547802682,1800.87,51.516931,7.460429,133.35,10.77,0.00,252.16,0,-76,-10,0,0,63,0,0,274
222.03,1547802683,1811.58,51.516906,7.460301,132.96,11.00,0.00,252.49,0,-77,-8,0,0,61,0,0,189
223.03,1547802684,1822.60,51.516875,7.460136,132.59,10.36,0.00,253.14,0,-77,-8,0,0,61,0,0,189
228.03,1547802689,1876.12,51.516758,7.459367,130.19,11.25,0.00,257.11,0,-86,-12,0,0,56,0,0,189
229.03,1547802690,1887.35,51.516737,7.459209,129.74,10.87,0.00,257.68,0,-86,-12,0,0,56,0,0,189
230.04,1547802691,1898.32,51.516714,7.459057,129.92,10.63,0.00,258.27,0,-87,-11,0,0,55,0,0,189
231.03,1547802692,1908.81,51.516692,7.458896,130.02,10.15,0.00,258.73,0,-87,-11,0,0,55,0,0,189
232.03,1547802693,1918.97,51.516674,7.458752,130.17,9.56,0.00,259.10,0,-87,-11,0,0,55,0,0,189
233.03,1547802694,1928.51,51.516656,7.458616,130.17,8.75,0.00,259.29,0,-77,-8,0,0,63,0,0,189
234.03,1547802695,1937.28,51.516639,7.458471,130.41,8.19,0.00,259.69,0,-77,-8,0,0,63,0,0,189
235.03,1547802696,1945.50,51.516621,7.458349,130.67,7.76,0.00,258.98,0,-86,-10,0,0,56,0,0,331
235.03,1547802696,1945.50,51.516621,7.458349,130.67,7.76,0.00,258.98,0,-83,-10,0,0,58,0,0,189
236.03,1547802697,1953.26,51.516607,7.458242,131.06,7.32,0.00,258.80,0,-86,-10,0,0,56,0,0,331
236.03,1547802697,1953.26,51.516607,7.458242,131.06,7.32,0.00,258.80,0,-83,-10,0,0,58,0,0,189
237.03,1547802698,1960.56,51.516056,7.460857,131.36,7.03,0.00,258.41,0,-86,-6,0,0,52,0,0,331
237.03,1547802698,1960.57,51.516056,7.460857,131.36,7.03,0.00,258.41,0,-86,-11,0,0,56,0,0,189
238.03,1547802699,1967.59,51.516579,7.458042,131.12,6.58,0.00,257.42,0,-86,-6,0,0,52,0,0,331
238.03,1547802699,1967.60,51.516579,7.458042,131.12,6.58,0.00,257.42,0,-86,-11,0,0,56,0,0,189
239.03,1547802700,1974.18,51.516571,7.457945,130.91,5.95,0.00,258.01,0,-85,-6,0,0,53,0,0,331
239.03,1547802700,1974.18,51.516571,7.457945,130.91,5.95,0.00,258.01,0,-88,-12,0,0,56,0,0,189
239.03,1547802700,1974.18,51.516571,7.457945,130.91,5.95,0.00,258.01,0,-90,-13,0,0,54,0,0,307
240.03,1547802701,1980.13,51.516562,7.457856,130.89,5.54,0.00,257.18,0,-85,-6,0,0,53,0,0,331
240.03,1547802701,1980.13,51.516562,7.457856,130.89,5.54,0.00,257.18,0,-88,-12,0,0,56,0,0,189
240.04,1547802701,1980.14,51.516562,7.457856,130.89,5.54,0.00,257.18,0,-90,-13,0,0,54,0,0,307
243.03,1547802704,1992.15,51.516545,7.457729,130.74,0.76,0.00,254.38,0,-89,-8,0,0,51,0,0,443
243.03,1547802704,1992.15,51.516545,7.457729,130.74,0.76,0.00,254.38,0,-84,-9,0,0,56,0,0,141
243.03,1547802704,1992.15,51.516545,7.457729,130.74,0.76,0.00,254.38,0,-89,-13,0,0,55,0,0,189
244.03,1547802705,1992.91,51.516545,7.457729,130.74,0.00,0.00,254.38,0,-89,-8,0,0,51,0,0,443
244.03,1547802705,1992.91,51.516545,7.457729,130.74,0.00,0.00,254.38,0,-84,-9,0,0,56,0,0,141
244.03,1547802705,1992.91,51.516545,7.457729,130.74,0.00,0.00,254.38,0,-89,-13,0,0,55,0,0,189
245.03,1547802706,1992.91,51.516545,7.457729,130.74,0.00,0.00,254.38,0,-91,-10,0,0,51,0,0,443
245.03,1547802706,1992.91,51.516545,7.457729,130.74,0.00,0.00,254.38,0,-86,-9,0,0,55,0,0,141
245.03,1547802706,1992.91,51.516545,7.457729,130.74,0.00,0.00,254.38,0,-89,-12,0,0,54,0,0,189
246.03,1547802707,1992.91,51.516545,7.457729,130.74,0.00,0.00,254.38,0,-91,-10,0,0,51,0,0,443
246.03,1547802707,1992.91,51.516545,7.457729,130.74,0.00,0.00,254.38,0,-86,-9,0,0,55,0,0,141
246.03,1547802707,1992.91,51.516545,7.457729,130.74,0.00,0.00,254.38,0,-89,-12,0,0,54,0,0,189
247.03,1547802708,1992.91,51.516545,7.457729,130.79,0.00,0.00,245.75,0,-90,-9,0,0,50,0,0,443
247.03,1547802708,1992.91,51.516545,7.457729,130.79,0.00,0.00,245.75,0,-85,-8,0,0,54,0,0,141
247.03,1547802708,1992.91,51.516545,7.457729,130.79,0.00,0.00,245.75,0,-87,-9,0,0,52,0,0,189
248.03,1547802709,1992.91,51.516520,7.457634,130.84,0.00,0.00,249.31,0,-90,-9,0,0,50,0,0,443
248.03,1547802709,1992.91,51.516520,7.457634,130.84,0.00,0.00,249.31,0,-85,-8,0,0,54,0,0,141
248.03,1547802709,1992.91,51.516520,7.457634,130.84,0.00,0.00,249.31,0,-87,-9,0,0,52,0,0,189
249.03,1547802710,1992.91,51.516507,7.457583,130.91,2.17,0.00,250.76,0,-91,-9,0,0,50,0,0,443
249.03,1547802710,1992.91,51.516507,7.457583,130.91,2.17,0.00,250.76,0,-87,-10,0,0,54,0,0,141
249.03,1547802710,1992.92,51.516507,7.457583,130.91,2.17,0.00,250.76,0,-88,-10,0,0,54,0,0,189
250.03,1547802711,1995.08,51.516497,7.457540,130.99,1.86,0.00,253.48,0,-91,-9,0,0,50,0,0,443
250.03,1547802711,1995.08,51.516497,7.457540,130.99,1.86,0.00,253.48,0,-87,-10,0,0,54,0,0,141
250.03,1547802711,1995.08,51.516497,7.457540,130.99,1.86,0.00,253.48,0,-88,-10,0,0,54,0,0,189
251.04,1547802712,1996.95,51.516495,7.457527,130.99,2.55,0.00,252.70,0,-91,-10,0,0,51,0,0,443
251.04,1547802712,1996.95,51.516495,7.457527,130.99,2.55,0.00,252.70,0,-87,-10,0,0,53,0,0,141
251.04,1547802712,1996.95,51.516495,7.457527,130.99,2.55,0.00,252.70,0,-87,-10,0,0,52,0,0,189
252.03,1547802713,1999.49,51.516487,7.457481,131.05,4.30,0.00,254.71,0,-91,-10,0,0,51,0,0,443
252.03,1547802713,1999.49,51.516487,7.457481,131.05,4.30,0.00,254.71,0,-87,-10,0,0,53,0,0,141
252.03,1547802713,1999.49,51.516487,7.457481,131.05,4.30,0.00,254.71,0,-87,-10,0,0,52,0,0,189
253.03,1547802714,2003.79,51.516478,7.457414,131.07,3.89,0.00,255.68,0,-91,-10,0,0,51,0,0,443
253.03,1547802714,2003.79,51.516478,7.457414,131.07,3.89,0.00,255.68,0,-87,-10,0,0,53,0,0,141
253.03,1547802714,2003.79,51.516478,7.457414,131.07,3.89,0.00,255.68,0,-87,-10,0,0,52,0,0,189
254.03,1547802715,2007.68,51.516467,7.457347,131.19,3.45,0.00,255.28,0,-87,-10,0,0,53,0,0,141
254.03,1547802715,2007.68,51.516467,7.457347,131.19,3.45,0.00,255.28,0,-88,-10,0,0,53,0,0,189
255.03,1547802716,2011.12,51.516458,7.457290,131.32,4.04,0.00,254.15,0,-87,-10,0,0,53,0,0,141
255.03,1547802716,2011.12,51.516458,7.457290,131.32,4.04,0.00,254.15,0,-88,-10,0,0,53,0,0,189
256.03,1547802717,2015.18,51.516447,7.457221,132.63,5.51,0.00,254.37,0,-92,-12,0,0,52,0,0,469
256.03,1547802717,2015.18,51.516447,7.457221,132.63,5.51,0.00,254.37,0,-93,-12,0,0,51,0,0,443
256.04,1547802717,2015.19,51.516447,7.457221,132.63,5.51,0.00,254.37,0,-88,-11,0,0,54,0,0,141
256.04,1547802717,2015.20,51.516447,7.457221,132.63,5.51,0.00,254.37,0,-90,-12,0,0,54,0,0,189
257.03,1547802718,2020.68,51.518727,7.455229,133.56,5.73,0.00,255.14,0,-92,-12,0,0,52,0,0,469
257.03,1547802718,2020.69,51.518727,7.455229,133.56,5.73,0.00,255.14,0,-93,-12,0,0,51,0,0,443
257.04,1547802718,2020.70,51.518727,7.455229,133.56,5.73,0.00,255.14,0,-88,-11,0,0,54,0,0,141
257.04,1547802718,2020.70,51.518727,7.455229,133.56,5.73,0.00,255.14,0,-90,-12,0,0,54,0,0,189
258.03,1547802719,2026.41,51.516419,7.457059,134.14,7.29,0.00,255.24,0,-92,-8,0,0,47,0,0,443
258.03,1547802719,2026.42,51.516419,7.457059,134.14,7.29,0.00,255.24,0,-86,-9,0,0,55,0,0,189
258.03,1547802719,2026.42,51.516419,7.457059,134.14,7.29,0.00,255.24,0,-86,-10,0,0,55,0,0,141
259.03,1547802720,2033.67,51.516400,7.456950,134.68,8.25,0.00,253.50,0,-92,-8,0,0,47,0,0,443
259.03,1547802720,2033.67,51.516400,7.456950,134.68,8.25,0.00,253.50,0,-86,-9,0,0,55,0,0,189
259.03,1547802720,2033.67,51.516400,7.456950,134.68,8.25,0.00,253.50,0,-86,-10,0,0,55,0,0,141
260.03,1547802721,2041.95,51.516376,7.456825,135.66,9.34,0.00,251.58,0,-93,-9,0,0,48,0,0,443
260.03,1547802721,2041.96,51.516376,7.456825,135.66,9.34,0.00,251.58,0,-86,-9,0,0,54,0,0,141
260.03,1547802721,2041.97,51.516376,7.456825,135.66,9.34,0.00,251.58,0,-88,-10,0,0,54,0,0,189
261.03,1547802722,2051.26,51.516356,7.456722,136.10,9.10,0.00,249.49,0,-93,-9,0,0,48,0,0,443
261.03,1547802722,2051.27,51.516356,7.456722,136.10,9.10,0.00,249.49,0,-86,-9,0,0,54,0,0,141
261.03,1547802722,2051.27,51.516356,7.456722,136.10,9.10,0.00,249.49,0,-88,-10,0,0,54,0,0,189
262.03,1547802723,2060.35,51.516326,7.456613,136.14,7.95,0.00,245.83,0,-85,-9,0,0,54,0,0,141
262.03,1547802723,2060.35,51.516326,7.456613,136.14,7.95,0.00,245.83,0,-88,-12,0,0,54,0,0,189
263.03,1547802724,2068.30,51.516291,7.456495,135.64,7.91,0.00,242.31,0,-85,-9,0,0,54,0,0,141
263.03,1547802724,2068.31,51.516291,7.456495,135.64,7.91,0.00,242.31,0,-88,-12,0,0,54,0,0,189
264.03,1547802725,2076.22,51.516259,7.456384,135.35,8.10,0.00,242.59,0,-85,-12,0,0,57,0,0,141
264.03,1547802725,2076.23,51.516259,7.456384,135.35,8.10,0.00,242.59,0,-87,-13,0,0,57,0,0,189
265.03,1547802726,2084.36,51.516222,7.456274,135.14,9.33,0.00,240.05,0,-85,-12,0,0,57,0,0,141
265.03,1547802726,2084.36,51.516222,7.456274,135.14,9.33,0.00,240.05,0,-87,-13,0,0,57,0,0,189
266.03,1547802727,2093.68,51.516185,7.456158,134.97,9.46,0.00,238.59,0,-90,-7,0,0,49,0,0,24
266.03,1547802727,2093.68,51.516185,7.456158,134.97,9.46,0.00,238.59,0,-86,-10,0,0,56,0,0,455
266.03,1547802727,2093.69,51.516185,7.456158,134.97,9.46,0.00,238.59,0,-88,-11,0,0,55,0,0,189
267.03,1547802728,2103.13,51.516138,7.456031,134.86,9.22,0.00,236.42,0,-90,-7,0,0,49,0,0,24
267.03,1547802728,2103.14,51.516138,7.456031,134.86,9.22,0.00,236.42,0,-86,-10,0,0,56,0,0,455
267.03,1547802728,2103.15,51.516138,7.456031,134.86,9.22,0.00,236.42,0,-88,-11,0,0,55,0,0,189
268.03,1547802729,2112.35,51.516101,7.455917,135.08,7.74,0.00,236.07,0,-88,-7,0,0,51,0,0,24
268.03,1547802729,2112.36,51.516101,7.455917,135.08,7.74,0.00,236.07,0,-85,-9,0,0,55,0,0,455
268.03,1547802729,2112.37,51.516101,7.455917,135.08,7.74,0.00,236.07,0,-91,-14,0,0,54,0,0,189
269.03,1547802730,2120.09,51.516069,7.455810,134.56,7.61,0.00,235.33,0,-88,-7,0,0,51,0,0,24
269.03,1547802730,2120.10,51.516069,7.455810,134.56,7.61,0.00,235.33,0,-85,-9,0,0,55,0,0,455
269.03,1547802730,2120.11,51.516069,7.455810,134.56,7.61,0.00,235.33,0,-91,-14,0,0,54,0,0,189
270.03,1547802731,2127.70,51.516032,7.455699,134.31,8.15,0.00,235.69,0,-86,-7,0,0,53,0,0,24
270.03,1547802731,2127.71,51.516032,7.455699,134.31,8.15,0.00,235.69,0,-83,-10,0,0,56,0,0,455
270.03,1547802731,2127.72,51.516032,7.455699,134.31,8.15,0.00,235.69,0,-85,-10,0,0,55,0,0,189
271.03,1547802732,2135.82,51.515983,7.455566,133.72,8.47,0.00,233.90,0,-86,-7,0,0,53,0,0,24
271.03,1547802732,2135.82,51.515983,7.455566,133.72,8.47,0.00,233.90,0,-83,-10,0,0,56,0,0,455
271.03,1547802732,2135.82,51.515983,7.455566,133.72,8.47,0.00,233.90,0,-85,-10,0,0,55,0,0,189
272.04,1547802733,2144.37,51.515927,7.455444,133.21,8.70,0.00,231.30,0,-87,-9,0,0,54,0,0,24
272.04,1547802733,2144.37,51.515927,7.455444,133.21,8.70,0.00,231.30,0,-82,-10,0,0,59,0,0,455
272.04,1547802733,2144.38,51.515927,7.455444,133.21,8.70,0.00,231.30,0,-85,-12,0,0,59,0,0,189
273.03,1547802734,2153.01,51.515874,7.455351,133.23,8.15,0.00,228.72,0,-87,-9,0,0,54,0,0,24
273.03,1547802734,2153.01,51.515874,7.455351,133.23,8.15,0.00,228.72,0,-82,-10,0,0,59,0,0,455
273.03,1547802734,2153.02,51.515874,7.455351,133.23,8.15,0.00,228.72,0,-85,-12,0,0,59,0,0,189
274.03,1547802735,2161.16,51.515808,7.455274,132.68,8.44,0.00,215.88,0,-87,-9,0,0,54,0,0,24
274.03,1547802735,2161.17,51.515808,7.455274,132.68,8.44,0.00,215.88,0,-82,-10,0,0,59,0,0,455
274.03,1547802735,2161.17,51.515808,7.455274,132.68,8.44,0.00,215.88,0,-85,-12,0,0,59,0,0,189
275.03,1547802736,2169.63,51.515740,7.455197,132.34,9.10,0.00,215.17,0,-84,-8,0,0,56,0,0,24
275.03,1547802736,2169.63,51.515740,7.455197,132.34,9.10,0.00,215.17,0,-81,-8,0,0,57,0,0,455
275.04,1547802736,2169.64,51.515740,7.455197,132.34,9.10,0.00,215.17,0,-84,-11,0,0,57,0,0,189
276.03,1547802737,2178.73,51.515655,7.455119,132.12,9.71,0.00,214.12,0,-84,-8,0,0,56,0,0,24
276.04,1547802737,2178.74,51.515655,7.455119,132.12,9.71,0.00,214.12,0,-81,-8,0,0,57,0,0,455
276.04,1547802737,2178.75,51.515655,7.455119,132.12,9.71,0.00,214.12,0,-84,-11,0,0,57,0,0,189
277.03,1547802738,2188.43,51.516348,7.456282,132.87,10.67,0.00,192.86,0,-93,-10,0,0,48,0,0,443
278.03,1547802739,2199.09,51.515411,7.455053,133.12,11.74,0.00,190.59,0,-93,-10,0,0,48,0,0,443
279.03,1547802740,2210.83,51.515287,7.455073,133.31,12.36,0.00,177.25,0,-87,-9,0,0,55,0,0,443
280.03,1547802741,2223.19,51.515171,7.455097,133.42,12.43,0.00,176.09,0,-87,-9,0,0,55,0,0,443
281.03,1547802742,2235.58,51.515059,7.455126,133.63,12.32,0.00,175.63,0,-83,-9,0,0,58,0,0,443
281.03,1547802742,2235.59,51.515059,7.455126,133.63,12.32,0.00,175.63,0,-83,-13,0,0,61,0,0,25
282.03,1547802743,2247.93,51.514924,7.455169,134.10,13.91,0.00,174.29,0,-83,-9,0,0,58,0,0,443
282.03,1547802743,2247.93,51.514924,7.455169,134.10,13.91,0.00,174.29,0,-83,-13,0,0,61,0,0,25
287.03,1547802748,2320.03,51.514254,7.455366,135.34,13.00,0.00,171.01,0,-77,-7,0,0,59,0,0,275
288.03,1547802749,2333.02,51.514155,7.455392,136.09,10.77,0.00,171.35,0,-77,-7,0,0,59,0,0,275
291.03,1547802752,2363.58,51.513880,7.455462,136.98,9.70,0.00,170.67,0,-81,-10,0,0,61,0,0,441
291.03,1547802752,2363.59,51.513880,7.455462,136.98,9.70,0.00,170.67,0,-85,-12,0,0,57,0,0,455
291.03,1547802752,2363.59,51.513880,7.455462,136.98,9.70,0.00,170.67,0,-89,-14,0,0,56,0,0,142
292.03,1547802753,2373.27,51.513780,7.455504,136.68,10.82,0.00,168.62,0,-81,-10,0,0,61,0,0,441
292.03,1547802753,2373.28,51.513780,7.455504,136.68,10.82,0.00,168.62,0,-85,-12,0,0,57,0,0,455
292.03,1547802753,2373.28,51.513780,7.455504,136.68,10.82,0.00,168.62,0,-89,-14,0,0,56,0,0,142
293.03,1547802754,2384.06,51.513673,7.455551,136.53,11.80,0.00,166.85,0,-88,-12,0,0,57,0,0,24
293.03,1547802754,2384.07,51.513673,7.455551,136.53,11.80,0.00,166.85,0,-90,-14,0,0,56,0,0,441
293.03,1547802754,2384.07,51.513673,7.455551,136.53,11.80,0.00,166.85,0,-86,-14,0,0,59,0,0,455
294.03,1547802755,2395.92,51.513562,7.455610,136.47,12.73,0.00,164.44,0,-88,-12,0,0,57,0,0,24
294.04,1547802755,2395.93,51.513562,7.455610,136.47,12.73,0.00,164.44,0,-90,-14,0,0,56,0,0,441
294.04,1547802755,2395.93,51.513562,7.455610,136.47,12.73,0.00,164.44,0,-86,-14,0,0,59,0,0,455
295.04,1547802756,2408.75,51.513458,7.455700,136.61,12.71,0.00,151.02,0,-82,-10,0,0,60,0,0,24
295.04,1547802756,2408.76,51.513458,7.455700,136.61,12.71,0.00,151.02,0,-82,-9,0,0,59,0,0,441
295.04,1547802756,2408.76,51.513458,7.455700,136.61,12.71,0.00,151.02,0,-82,-10,0,0,59,0,0,455
295.04,1547802756,2408.78,51.513458,7.455700,136.61,12.71,0.00,151.02,0,-86,-12,0,0,56,0,0,142
296.03,1547802757,2421.35,51.513351,7.455800,137.53,12.26,0.00,151.84,0,-82,-10,0,0,60,0,0,24
296.03,1547802757,2421.36,51.513351,7.455800,137.53,12.26,0.00,151.84,0,-82,-9,0,0,59,0,0,441
296.04,1547802757,2421.37,51.513351,7.455800,137.53,12.26,0.00,151.84,0,-82,-10,0,0,59,0,0,455
296.04,1547802757,2421.37,51.513351,7.455800,137.53,12.26,0.00,151.84,0,-86,-12,0,0,56,0,0,142
297.03,1547802758,2433.61,51.512610,7.452740,138.37,11.36,0.00,150.63,0,-82,-10,0,0,60,0,0,24
297.03,1547802758,2433.61,51.512610,7.452740,138.37,11.36,0.00,150.63,0,-82,-9,0,0,59,0,0,441
297.03,1547802758,2433.62,51.512610,7.452740,138.37,11.36,0.00,150.63,0,-82,-10,0,0,59,0,0,455
297.04,1547802758,2433.63,51.512610,7.452740,138.37,11.36,0.00,150.63,0,-86,-12,0,0,56,0,0,142
300.03,1547802761,2468.47,51.513008,7.456271,139.05,13.60,0.00,126.65,0,-91,-11,0,0,51,0,0,24
300.03,1547802761,2468.48,51.513008,7.456271,139.05,13.60,0.00,126.65,0,-92,-11,0,0,51,0,0,25
300.03,1547802761,2468.48,51.513008,7.456271,139.05,13.60,0.00,126.65,0,-85,-9,0,0,55,0,0,143
301.03,1547802762,2482.03,51.512936,7.456432,138.57,12.65,0.00,127.44,0,-91,-11,0,0,51,0,0,24
301.03,1547802762,2482.04,51.512936,7.456432,138.57,12.65,0.00,127.44,0,-92,-11,0,0,51,0,0,25
301.03,1547802762,2482.04,51.512936,7.456432,138.57,12.65,0.00,127.44,0,-85,-9,0,0,55,0,0,143
302.03,1547802763,2494.72,51.512875,7.456572,138.14,11.34,0.00,128.30,0,-87,-9,0,0,53,0,0,25
302.03,1547802763,2494.72,51.512875,7.456572,138.14,11.34,0.00,128.30,0,-81,-8,0,0,59,0,0,143
303.03,1547802764,2506.02,51.512808,7.456729,137.89,11.97,0.00,127.92,0,-87,-9,0,0,53,0,0,25
303.03,1547802764,2506.02,51.512808,7.456729,137.89,11.97,0.00,127.92,0,-81,-8,0,0,59,0,0,143
304.03,1547802765,2517.99,51.512734,7.456894,137.92,13.17,0.00,128.82,0,-84,-10,0,0,59,0,0,25
304.03,1547802765,2518.00,51.512734,7.456894,137.92,13.17,0.00,128.82,0,-79,-10,0,0,63,0,0,143
305.03,1547802766,2531.21,51.512658,7.457063,138.18,13.57,0.00,128.02,0,-84,-10,0,0,59,0,0,25
305.03,1547802766,2531.23,51.512658,7.457063,138.18,13.57,0.00,128.02,0,-79,-10,0,0,63,0,0,143
306.03,1547802767,2544.77,51.512580,7.457238,138.03,13.78,0.00,128.30,0,-92,-11,0,0,51,0,0,25
306.03,1547802767,2544.77,51.512580,7.457238,138.03,13.78,0.00,128.30,0,-84,-10,0,0,57,0,0,143
307.03,1547802768,2558.55,51.512500,7.457412,138.23,15.14,0.00,127.88,0,-92,-11,0,0,51,0,0,25
307.03,1547802768,2558.57,51.512500,7.457412,138.23,15.14,0.00,127.88,0,-84,-10,0,0,57,0,0,143
308.03,1547802769,2573.69,51.512416,7.457595,138.98,15.95,0.00,127.24,0,-92,-13,0,0,53,0,0,25
308.03,1547802769,2573.71,51.512416,7.457595,138.98,15.95,0.00,127.24,0,-83,-14,0,0,61,0,0,143
309.03,1547802770,2589.63,51.512335,7.457781,139.69,15.68,0.00,126.10,0,-92,-13,0,0,53,0,0,25
309.03,1547802770,2589.64,51.512335,7.457781,139.69,15.68,0.00,126.10,0,-83,-14,0,0,61,0,0,143
310.03,1547802771,2605.30,51.512266,7.457954,140.58,15.27,0.00,124.76,0,-92,-15,0,0,53,0,0,25
311.03,1547802772,2620.58,51.512201,7.458124,141.66,14.37,0.00,124.24,0,-92,-15,0,0,53,0,0,25
312.03,1547802773,2634.88,51.512130,7.458300,142.67,14.89,0.00,125.30,0,-96,-13,0,0,50,0,0,25
312.03,1547802773,2634.89,51.512130,7.458300,142.67,14.89,0.00,125.30,0,-89,-11,0,0,55,0,0,139
312.03,1547802773,2634.89,51.512130,7.458300,142.67,14.89,0.00,125.30,0,-91,-12,0,0,54,0,0,143
313.03,1547802774,2649.85,51.512055,7.458470,143.10,14.42,0.00,127.04,0,-96,-13,0,0,50,0,0,25
313.03,1547802774,2649.86,51.512055,7.458470,143.10,14.42,0.00,127.04,0,-89,-11,0,0,55,0,0,139
313.03,1547802774,2649.88,51.512055,7.458470,143.10,14.42,0.00,127.04,0,-91,-12,0,0,54,0,0,143
314.03,1547802775,2664.25,51.511975,7.458645,143.17,13.42,0.00,127.49,0,-85,-7,0,0,53,0,0,139
315.03,1547802776,2677.68,51.511901,7.458798,142.82,11.98,0.00,126.54,0,-85,-7,0,0,53,0,0,139
316.04,1547802777,2689.74,51.511840,7.458934,142.06,9.53,0.00,127.10,0,-82,-7,0,0,55,0,0,139
317.03,1547802778,2699.18,51.511456,7.460467,141.56,6.67,0.00,128.03,0,-82,-7,0,0,55,0,0,139
318.03,1547802779,2705.84,51.511766,7.459090,141.39,4.92,0.00,126.71,0,-82,-7,0,0,55,0,0,139
319.03,1547802780,2710.76,51.511741,7.459154,141.41,3.61,0.00,127.21,0,-81,-7,0,0,57,0,0,139
320.03,1547802781,2714.37,51.511726,7.459202,141.41,0.99,0.00,127.21,0,-81,-7,0,0,57,0,0,139
321.03,1547802782,2715.36,51.511726,7.459202,141.41,0.00,0.00,127.21,0,-81,-7,0,0,57,0,0,139
322.03,1547802783,2715.36,51.511726,7.459202,141.42,0.00,0.00,127.21,0,-81,-7,0,0,57,0,0,139
323.03,1547802784,2715.36,51.511726,7.459202,141.42,0.00,0.00,127.21,0,-81,-6,0,0,56,0,0,139
324.03,1547802785,2715.36,51.511726,7.459202,141.40,0.00,0.00,127.21,0,-81,-6,0,0,56,0,0,139
325.03,1547802786,2715.36,51.511726,7.459202,141.38,0.00,0.00,127.21,0,-82,-7,0,0,55,0,0,139
326.03,1547802787,2715.36,51.511726,7.459202,141.36,0.00,0.00,127.21,0,-82,-7,0,0,55,0,0,139
327.03,1547802788,2715.36,51.511726,7.459202,141.34,0.00,0.00,127.21,0,-81,-7,0,0,56,0,0,139
328.03,1547802789,2715.36,51.511726,7.459202,141.32,0.00,0.00,127.21,0,-81,-7,0,0,56,0,0,139
329.03,1547802790,2715.36,51.511726,7.459202,141.30,0.00,0.00,127.21,0,-81,-6,0,0,56,0,0,139
330.03,1547802791,2715.36,51.511726,7.459202,141.29,0.00,0.00,127.21,0,-81,-6,0,0,56,0,0,139
331.03,1547802792,2715.36,51.511726,7.459202,141.29,0.00,0.00,127.21,0,-81,-6,0,0,56,0,0,139
332.03,1547802793,2715.36,51.511726,7.459202,141.28,0.00,0.00,127.21,0,-81,-6,0,0,56,0,0,139
333.03,1547802794,2715.36,51.511726,7.459202,141.28,0.00,0.00,127.21,0,-81,-7,0,0,56,0,0,139
334.03,1547802795,2715.36,51.511726,7.459202,141.31,0.00,0.00,127.21,0,-81,-7,0,0,56,0,0,139
335.03,1547802796,2715.36,51.511726,7.459202,141.34,0.00,0.00,127.21,0,-81,-7,0,0,56,0,0,139
336.03,1547802797,2715.36,51.511726,7.459202,141.38,0.00,0.00,127.21,0,-81,-7,0,0,56,0,0,139
337.04,1547802798,2715.36,51.511456,7.460467,141.42,0.00,0.00,127.21,0,-81,-7,0,0,57,0,0,139
338.03,1547802799,2715.36,51.511726,7.459202,141.46,0.00,0.00,127.21,0,-81,-7,0,0,57,0,0,139
339.03,1547802800,2715.36,51.511726,7.459202,141.49,0.00,0.00,127.21,0,-81,-7,0,0,57,0,0,139
340.03,1547802801,2715.36,51.511726,7.459202,141.52,0.00,0.00,127.21,0,-81,-7,0,0,56,0,0,139
341.03,1547802802,2715.36,51.511726,7.459202,141.55,0.00,0.00,127.21,0,-81,-7,0,0,56,0,0,139
342.03,1547802803,2715.36,51.511726,7.459202,141.56,0.00,0.00,127.21,0,-81,-7,0,0,56,0,0,139
343.03,1547802804,2715.36,51.511726,7.459202,141.57,0.00,0.00,127.21,0,-81,-7,0,0,56,0,0,139
344.03,1547802805,2715.36,51.511726,7.459202,141.57,0.00,0.00,127.21,0,-82,-7,0,0,56,0,0,139
345.03,1547802806,2715.36,51.511726,7.459202,141.58,0.00,0.00,127.21,0,-82,-7,0,0,56,0,0,139
346.03,1547802807,2715.36,51.511726,7.459202,141.58,0.00,0.00,127.21,0,-82,-7,0,0,56,0,0,139
347.03,1547802808,2715.36,51.511726,7.459202,141.58,0.00,0.00,127.21,0,-82,-7,0,0,56,0,0,139
348.03,1547802809,2715.36,51.511726,7.459202,141.58,0.00,0.00,127.21,0,-82,-7,0,0,55,0,0,139
349.03,1547802810,2715.36,51.511726,7.459202,141.58,0.00,0.00,127.21,0,-82,-7,0,0,55,0,0,139
350.03,1547802811,2715.36,51.511726,7.459202,141.58,0.00,0.00,127.21,0,-82,-7,0,0,55,0,0,139
351.03,1547802812,2715.36,51.511726,7.459202,141.58,0.00,0.00,127.21,0,-82,-7,0,0,55,0,0,139
352.03,1547802813,2715.36,51.511726,7.459202,141.58,0.00,0.00,127.21,0,-82,-7,0,0,55,0,0,139
353.03,1547802814,2715.36,51.511726,7.459202,141.58,0.00,0.00,127.21,0,-82,-7,0,0,55,0,0,139
354.03,1547802815,2715.36,51.511726,7.459202,141.59,0.00,0.00,127.21,0,-82,-7,0,0,55,0,0,139
355.03,1547802816,2715.36,51.511726,7.459202,141.59,0.00,0.00,127.21,0,-82,-7,0,0,55,0,0,139
356.03,1547802817,2715.36,51.511726,7.459202,141.59,0.00,0.00,127.21,0,-82,-6,0,0,55,0,0,139
357.03,1547802818,2715.36,51.511456,7.460467,141.74,0.00,0.00,128.14,0,-82,-6,0,0,55,0,0,139
358.04,1547802819,2715.36,51.511684,7.459282,142.86,0.00,0.00,128.95,0,-81,-7,0,0,56,0,0,139
359.03,1547802820,2715.37,51.511660,7.459326,143.97,5.76,0.00,127.98,0,-81,-7,0,0,56,0,0,139
360.03,1547802821,2721.13,51.511608,7.459433,144.17,8.47,0.00,128.53,0,-81,-7,0,0,56,0,0,139
361.04,1547802822,2729.65,51.511544,7.459557,144.17,9.42,0.00,129.28,0,-92,-11,0,0,51,0,0,326
361.04,1547802822,2729.67,51.511544,7.459557,144.17,9.42,0.00,129.28,0,-79,-7,0,0,58,0,0,139
362.03,1547802823,2739.01,51.511473,7.459698,143.76,9.41,0.00,128.72,0,-92,-11,0,0,51,0,0,326
362.03,1547802823,2739.01,51.511473,7.459698,143.76,9.41,0.00,128.72,0,-79,-7,0,0,58,0,0,139
363.03,1547802824,2748.43,51.511397,7.459842,143.17,10.47,0.00,130.15,0,-78,-6,0,0,59,0,0,139
364.03,1547802825,2758.90,51.511313,7.459994,142.63,11.87,0.00,131.68,0,-78,-6,0,0,59,0,0,139
365.03,1547802826,2770.76,51.511228,7.460146,142.30,12.15,0.00,132.93,0,-76,-6,0,0,61,0,0,139
366.03,1547802827,2782.94,51.511146,7.460286,142.23,12.57,0.00,133.47,0,-76,-6,0,0,61,0,0,139
367.03,1547802828,2795.49,51.511044,7.460459,142.20,13.58,0.00,133.06,0,-74,-6,0,0,62,0,0,139
368.03,1547802829,2809.06,51.510950,7.460617,141.98,12.51,0.00,133.60,0,-74,-6,0,0,62,0,0,139
369.03,1547802830,2821.57,51.510860,7.460763,141.63,12.50,0.00,134.54,0,-79,-7,0,0,59,0,0,139
370.03,1547802831,2834.09,51.510772,7.460916,141.71,13.67,0.00,133.68,0,-79,-7,0,0,59,0,0,139
371.03,1547802832,2847.75,51.510691,7.461052,141.86,12.40,0.00,134.45,0,-82,-8,0,0,57,0,0,139
371.03,1547802832,2847.75,51.510691,7.461052,141.86,12.40,0.00,134.45,0,-84,-11,0,0,57,0,0,138
372.03,1547802833,2860.18,51.510609,7.461185,141.78,12.10,0.00,135.01,0,-82,-8,0,0,57,0,0,139
372.04,1547802833,2860.19,51.510609,7.461185,141.78,12.10,0.00,135.01,0,-84,-11,0,0,57,0,0,138
373.03,1547802834,2872.20,51.510529,7.461313,142.16,11.17,0.00,134.49,0,-93,-14,0,0,53,0,0,326
373.03,1547802834,2872.20,51.510529,7.461313,142.16,11.17,0.00,134.49,0,-80,-8,0,0,59,0,0,139
373.03,1547802834,2872.22,51.510529,7.461313,142.16,11.17,0.00,134.49,0,-82,-10,0,0,59,0,0,138
374.03,1547802835,2883.37,51.510476,7.461406,142.50,7.88,0.00,133.46,0,-93,-14,0,0,53,0,0,326
374.03,1547802835,2883.38,51.510476,7.461406,142.50,7.88,0.00,133.46,0,-80,-8,0,0,59,0,0,139
374.03,1547802835,2883.38,51.510476,7.461406,142.50,7.88,0.00,133.46,0,-82,-10,0,0,59,0,0,138
375.03,1547802836,2891.28,51.510416,7.461515,143.29,9.34,0.00,131.43,0,-75,-7,0,0,63,0,0,139
375.03,1547802836,2891.29,51.510416,7.461515,143.29,9.34,0.00,131.43,0,-80,-11,0,0,63,0,0,138
376.03,1547802837,2900.62,51.510350,7.461629,144.41,10.66,0.00,130.55,0,-75,-7,0,0,63,0,0,139
376.03,1547802837,2900.63,51.510350,7.461629,144.41,10.66,0.00,130.55,0,-80,-11,0,0,63,0,0,138
377.03,1547802838,2911.30,51.512484,7.459897,145.16,9.00,0.00,131.47,0,-90,-10,0,0,52,0,0,326
377.03,1547802838,2911.30,51.512484,7.459897,145.16,9.00,0.00,131.47,0,-94,-12,0,0,51,0,0,199
377.04,1547802838,2911.31,51.512484,7.459897,145.16,9.00,0.00,131.47,0,-81,-9,0,0,58,0,0,138
377.04,1547802838,2911.32,51.512484,7.459897,145.16,9.00,0.00,131.47,0,-82,-9,0,0,58,0,0,139
378.03,1547802839,2920.29,51.510230,7.461844,145.92,6.94,0.00,131.92,0,-90,-10,0,0,52,0,0,326
378.03,1547802839,2920.30,51.510230,7.461844,145.92,6.94,0.00,131.92,0,-94,-12,0,0,51,0,0,199
378.04,1547802839,2920.31,51.510230,7.461844,145.92,6.94,0.00,131.92,0,-81,-9,0,0,58,0,0,138
378.04,1547802839,2920.31,51.510230,7.461844,145.92,6.94,0.00,131.92,0,-82,-9,0,0,58,0,0,139
379.04,1547802840,2927.28,51.510198,7.461912,146.53,4.42,0.00,131.01,0,-85,-9,0,0,56,0,0,326
379.04,1547802840,2927.28,51.510198,7.461912,146.53,4.42,0.00,131.01,0,-80,-9,0,0,60,0,0,138
379.04,1547802840,2927.28,51.510198,7.461912,146.53,4.42,0.00,131.01,0,-81,-10,0,0,60,0,0,139
380.03,1547802841,2931.67,51.510177,7.461965,146.66,3.97,0.00,129.08,0,-85,-9,0,0,56,0,0,326
380.03,1547802841,2931.67,51.510177,7.461965,146.66,3.97,0.00,129.08,0,-80,-9,0,0,60,0,0,138
380.03,1547802841,2931.67,51.510177,7.461965,146.66,3.97,0.00,129.08,0,-81,-10,0,0,60,0,0,139
381.04,1547802842,2935.67,51.510159,7.462013,146.82,3.05,0.00,127.22,0,-85,-9,0,0,56,0,0,326
381.04,1547802842,2935.67,51.510159,7.462013,146.82,3.05,0.00,127.22,0,-80,-9,0,0,60,0,0,138
381.04,1547802842,2935.67,51.510159,7.462013,146.82,3.05,0.00,127.22,0,-81,-10,0,0,60,0,0,139
384.03,1547802845,2939.32,51.510150,7.462040,146.96,0.00,0.00,127.22,0,-85,-9,0,0,55,0,0,441
384.03,1547802845,2939.32,51.510150,7.462040,146.96,0.00,0.00,127.22,0,-77,-9,0,0,63,0,0,138
384.03,1547802845,2939.32,51.510150,7.462040,146.96,0.00,0.00,127.22,0,-82,-13,0,0,63,0,0,139
385.03,1547802846,2939.32,51.510150,7.462040,146.98,0.00,0.00,127.22,0,-85,-9,0,0,55,0,0,441
385.03,1547802846,2939.32,51.510150,7.462040,146.98,0.00,0.00,127.22,0,-77,-9,0,0,63,0,0,138
385.03,1547802846,2939.32,51.510150,7.462040,146.98,0.00,0.00,127.22,0,-82,-13,0,0,63,0,0,139
386.03,1547802847,2939.32,51.510150,7.462040,147.01,0.00,0.00,127.22,0,-85,-8,0,0,54,0,0,441
386.04,1547802847,2939.32,51.510150,7.462040,147.01,0.00,0.00,127.22,0,-76,-9,0,0,63,0,0,138
386.04,1547802847,2939.32,51.510150,7.462040,147.01,0.00,0.00,127.22,0,-83,-13,0,0,63,0,0,139
387.03,1547802848,2939.32,51.510150,7.462040,147.03,0.00,0.00,127.22,0,-85,-8,0,0,54,0,0,441
387.03,1547802848,2939.32,51.510150,7.462040,147.03,0.00,0.00,127.22,0,-76,-9,0,0,63,0,0,138
387.03,1547802848,2939.32,51.510150,7.462040,147.03,0.00,0.00,127.22,0,-83,-13,0,0,63,0,0,139
388.03,1547802849,2939.32,51.510150,7.462040,147.06,0.00,0.00,127.22,0,-85,-7,0,0,54,0,0,441
388.03,1547802849,2939.32,51.510150,7.462040,147.06,0.00,0.00,127.22,0,-76,-8,0,0,62,0,0,138
388.03,1547802849,2939.32,51.510150,7.462040,147.06,0.00,0.00,127.22,0,-83,-13,0,0,62,0,0,139
389.03,1547802850,2939.32,51.510150,7.462040,147.08,0.00,0.00,127.22,0,-85,-7,0,0,54,0,0,441
389.03,1547802850,2939.32,51.510150,7.462040,147.08,0.00,0.00,127.22,0,-76,-8,0,0,62,0,0,138
389.03,1547802850,2939.32,51.510150,7.462040,147.08,0.00,0.00,127.22,0,-83,-13,0,0,62,0,0,139
390.03,1547802851,2939.32,51.510150,7.462040,147.10,0.00,0.00,127.22,0,-85,-8,0,0,55,0,0,441
390.03,1547802851,2939.32,51.510150,7.462040,147.10,0.00,0.00,127.22,0,-76,-8,0,0,62,0,0,138
390.03,1547802851,2939.32,51.510150,7.462040,147.10,0.00,0.00,127.22,0,-83,-13,0,0,62,0,0,139
391.03,1547802852,2939.32,51.510150,7.462040,147.12,0.00,0.00,127.22,0,-85,-8,0,0,55,0,0,441
391.03,1547802852,2939.32,51.510150,7.462040,147.12,0.00,0.00,127.22,0,-76,-8,0,0,62,0,0,138
391.03,1547802852,2939.32,51.510150,7.462040,147.12,0.00,0.00,127.22,0,-83,-13,0,0,62,0,0,139
392.03,1547802853,2939.32,51.510150,7.462040,147.14,0.00,0.00,127.22,0,-85,-11,0,0,58,0,0,441
392.03,1547802853,2939.32,51.510150,7.462040,147.14,0.00,0.00,127.22,0,-77,-9,0,0,63,0,0,138
392.03,1547802853,2939.32,51.510150,7.462040,147.14,0.00,0.00,127.22,0,-82,-14,0,0,63,0,0,139
393.03,1547802854,2939.32,51.510150,7.462040,147.15,0.00,0.00,127.22,0,-85,-11,0,0,58,0,0,441
393.03,1547802854,2939.32,51.510150,7.462040,147.15,0.00,0.00,127.22,0,-77,-9,0,0,63,0,0,138
393.03,1547802854,2939.32,51.510150,7.462040,147.15,0.00,0.00,127.22,0,-82,-14,0,0,63,0,0,139
394.03,1547802855,2939.32,51.510150,7.462040,147.15,0.00,0.00,127.22,0,-85,-9,0,0,56,0,0,441
394.03,1547802855,2939.32,51.510150,7.462040,147.15,0.00,0.00,127.22,0,-77,-9,0,0,62,0,0,138
394.03,1547802855,2939.32,51.510150,7.462040,147.15,0.00,0.00,127.22,0,-82,-13,0,0,62,0,0,139
395.03,1547802856,2939.32,51.510150,7.462040,147.13,0.00,0.00,127.22,0,-85,-9,0,0,56,0,0,441
395.03,1547802856,2939.32,51.510150,7.462040,147.13,0.00,0.00,127.22,0,-77,-9,0,0,62,0,0,138
395.03,1547802856,2939.32,51.510150,7.462040,147.13,0.00,0.00,127.22,0,-82,-13,0,0,62,0,0,139
396.03,1547802857,2939.32,51.510150,7.462040,147.11,0.00,0.00,127.22,0,-85,-8,0,0,54,0,0,441
396.03,1547802857,2939.32,51.510150,7.462040,147.11,0.00,0.00,127.22,0,-76,-8,0,0,62,0,0,138
396.03,1547802857,2939.32,51.510150,7.462040,147.11,0.00,0.00,127.22,0,-82,-13,0,0,62,0,0,139
397.03,1547802858,2939.32,51.509918,7.463861,147.09,0.00,0.00,127.22,0,-85,-8,0,0,54,0,0,441
397.03,1547802858,2939.32,51.509918,7.463861,147.09,0.00,0.00,127.22,0,-76,-8,0,0,62,0,0,138
397.03,1547802858,2939.32,51.509918,7.463861,147.09,0.00,0.00,127.22,0,-82,-13,0,0,62,0,0,139
398.03,1547802859,2939.32,51.510150,7.462040,147.07,0.00,0.00,127.22,0,-85,-8,0,0,54,0,0,441
398.03,1547802859,2939.32,51.510150,7.462040,147.07,0.00,0.00,127.22,0,-76,-8,0,0,62,0,0,138
398.03,1547802859,2939.32,51.510150,7.462040,147.07,0.00,0.00,127.22,0,-82,-13,0,0,62,0,0,139
399.03,1547802860,2939.32,51.510150,7.462040,147.04,0.00,0.00,127.22,0,-85,-8,0,0,54,0,0,441
399.03,1547802860,2939.32,51.510150,7.462040,147.04,0.00,0.00,127.22,0,-76,-8,0,0,62,0,0,138
399.03,1547802860,2939.32,51.510150,7.462040,147.04,0.00,0.00,127.22,0,-82,-13,0,0,62,0,0,139
400.04,1547802861,2939.32,51.510150,7.462040,147.01,0.00,0.00,127.22,0,-85,-8,0,0,54,0,0,441
400.04,1547802861,2939.32,51.510150,7.462040,147.01,0.00,0.00,127.22,0,-76,-8,0,0,62,0,0,138
400.04,1547802861,2939.32,51.510150,7.462040,147.01,0.00,0.00,127.22,0,-83,-13,0,0,62,0,0,139
401.03,1547802862,2939.32,51.510150,7.462040,146.99,0.00,0.00,127.22,0,-85,-8,0,0,54,0,0,441
401.03,1547802862,2939.32,51.510150,7.462040,146.99,0.00,0.00,127.22,0,-76,-8,0,0,62,0,0,138
401.03,1547802862,2939.32,51.510150,7.462040,146.99,0.00,0.00,127.22,0,-83,-13,0,0,62,0,0,139
402.03,1547802863,2939.32,51.510150,7.462040,146.97,0.00,0.00,127.22,0,-85,-8,0,0,54,0,0,441
402.03,1547802863,2939.32,51.510150,7.462040,146.97,0.00,0.00,127.22,0,-76,-8,0,0,62,0,0,138
402.03,1547802863,2939.32,51.510150,7.462040,146.97,0.00,0.00,127.22,0,-83,-13,0,0,62,0,0,139
403.03,1547802864,2939.32,51.510150,7.462040,146.95,0.00,0.00,127.22,0,-85,-8,0,0,55,0,0,441
403.03,1547802864,2939.32,51.510150,7.462040,146.95,0.00,0.00,127.22,0,-76,-9,0,0,63,0,0,138
403.03,1547802864,2939.32,51.510150,7.462040,146.95,0.00,0.00,127.22,0,-82,-14,0,0,63,0,0,139
404.04,1547802865,2939.32,51.510150,7.462040,146.93,0.00,0.00,127.22,0,-85,-8,0,0,55,0,0,441
404.04,1547802865,2939.32,51.510150,7.462040,146.93,0.00,0.00,127.22,0,-76,-9,0,0,63,0,0,138
404.04,1547802865,2939.32,51.510150,7.462040,146.93,0.00,0.00,127.22,0,-82,-14,0,0,63,0,0,139
405.03,1547802866,2939.32,51.510150,7.462040,146.91,0.00,0.00,127.22,0,-85,-10,0,0,57,0,0,441
405.03,1547802866,2939.32,51.510150,7.462040,146.91,0.00,0.00,127.22,0,-76,-9,0,0,63,0,0,138
405.03,1547802866,2939.32,51.510150,7.462040,146.91,0.00,0.00,127.22,0,-82,-13,0,0,63,0,0,139
406.03,1547802867,2939.32,51.510150,7.462040,146.89,0.00,0.00,127.22,0,-85,-10,0,0,57,0,0,441
406.04,1547802867,2939.32,51.510150,7.462040,146.89,0.00,0.00,127.22,0,-76,-9,0,0,63,0,0,138
406.04,1547802867,2939.32,51.510150,7.462040,146.89,0.00,0.00,127.22,0,-82,-13,0,0,63,0,0,139
407.03,1547802868,2939.32,51.510150,7.462040,146.87,0.00,0.00,127.22,0,-85,-8,0,0,54,0,0,441
407.03,1547802868,2939.32,51.510150,7.462040,146.87,0.00,0.00,127.22,0,-76,-8,0,0,62,0,0,138
407.03,1547802868,2939.32,51.510150,7.462040,146.87,0.00,0.00,127.22,0,-83,-13,0,0,62,0,0,139
408.03,1547802869,2939.32,51.510150,7.462040,146.85,0.00,0.00,127.22,0,-85,-8,0,0,54,0,0,441
408.03,1547802869,2939.32,51.510150,7.462040,146.85,0.00,0.00,127.22,0,-76,-8,0,0,62,0,0,138
408.03,1547802869,2939.32,51.510150,7.462040,146.85,0.00,0.00,127.22,0,-83,-13,0,0,62,0,0,139
409.03,1547802870,2939.32,51.510150,7.462040,146.68,0.00,0.00,104.85,0,-85,-8,0,0,55,0,0,441
409.03,1547802870,2939.32,51.510150,7.462040,146.68,0.00,0.00,104.85,0,-76,-8,0,0,62,0,0,138
409.03,1547802870,2939.32,51.510150,7.462040,146.68,0.00,0.00,104.85,0,-83,-13,0,0,62,0,0,139
410.03,1547802871,2939.32,51.510114,7.462182,145.22,0.00,0.00,119.91,0,-85,-8,0,0,55,0,0,441
410.03,1547802871,2939.32,51.510114,7.462182,145.22,0.00,0.00,119.91,0,-76,-8,0,0,62,0,0,138
410.03,1547802871,2939.32,51.510114,7.462182,145.22,0.00,0.00,119.91,0,-83,-13,0,0,62,0,0,139
411.03,1547802872,2939.33,51.510078,7.462271,144.56,9.06,0.00,119.08,0,-78,-9,0,0,61,0,0,138
411.03,1547802872,2939.34,51.510078,7.462271,144.56,9.06,0.00,119.08,0,-82,-11,0,0,60,0,0,139
412.03,1547802873,2948.37,51.510033,7.462403,145.16,9.06,0.00,119.45,0,-78,-9,0,0,61,0,0,138
412.03,1547802873,2948.37,51.510033,7.462403,145.16,9.06,0.00,119.45,0,-82,-11,0,0,60,0,0,139
413.03,1547802874,2957.42,51.509966,7.462613,147.20,10.67,0.00,112.22,0,-73,-7,0,0,63,0,0,138
414.03,1547802875,2968.15,51.509921,7.462786,150.00,11.55,0.00,110.31,0,-73,-7,0,0,63,0,0,138
415.03,1547802876,2979.69,51.509886,7.462910,152.19,11.47,0.00,108.50,0,-92,-12,0,0,51,0,0,441
415.03,1547802876,2979.71,51.509886,7.462910,152.19,11.47,0.00,108.50,0,-73,-7,0,0,63,0,0,138
416.03,1547802877,2991.17,51.509853,7.463060,153.08,12.08,0.00,106.30,0,-92,-12,0,0,51,0,0,441
416.03,1547802877,2991.18,51.509853,7.463060,153.08,12.08,0.00,106.30,0,-73,-7,0,0,63,0,0,138
417.03,1547802878,3003.25,51.510243,7.463948,152.80,12.63,0.00,103.43,0,-77,-8,0,0,62,0,0,138
418.03,1547802879,3015.87,51.509801,7.463410,151.95,12.63,0.00,103.43,0,-77,-8,0,0,62,0,0,138
419.03,1547802880,3028.50,51.509792,7.463584,150.33,13.01,0.00,96.84,0,-71,-6,0,0,63,0,0,138
420.03,1547802881,3041.51,51.509780,7.463745,149.00,12.59,0.00,94.47,0,-71,-6,0,0,63,0,0,138
421.03,1547802882,3054.10,51.509780,7.463918,147.82,11.53,0.00,94.92,0,-72,-7,0,0,63,0,0,138
422.03,1547802883,3065.66,51.509789,7.464033,147.52,7.95,0.00,94.50,0,-72,-7,0,0,63,0,0,138
423.04,1547802884,3073.62,51.509802,7.464123,147.94,5.91,0.00,98.03,0,-74,-7,0,0,63,0,0,138
424.03,1547802885,3079.49,51.509803,7.464187,149.80,4.46,0.00,110.75,0,-74,-7,0,0,63,0,0,138
425.03,1547802886,3083.94,51.509818,7.464236,149.94,2.76,0.00,96.45,0,-74,-7,0,0,63,0,0,138
426.03,1547802887,3086.71,51.509827,7.464271,150.13,1.39,0.00,96.45,0,-91,-8,0,0,51,0,0,199
426.03,1547802887,3086.71,51.509827,7.464271,150.13,1.39,0.00,96.45,0,-74,-6,0,0,63,0,0,138
427.03,1547802888,3088.11,51.509823,7.464316,150.44,2.62,0.00,112.92,0,-91,-8,0,0,51,0,0,199
427.03,1547802888,3088.11,51.509823,7.464316,150.44,2.62,0.00,112.92,0,-74,-6,0,0,63,0,0,138
428.03,1547802889,3090.73,51.509837,7.464372,150.75,3.36,0.00,94.24,0,-87,-6,0,0,51,0,0,199
428.03,1547802889,3090.73,51.509837,7.464372,150.75,3.36,0.00,94.24,0,-78,-7,0,0,59,0,0,138
429.03,1547802890,3094.09,51.509844,7.464436,151.09,3.36,0.00,94.24,0,-87,-6,0,0,51,0,0,199
429.03,1547802890,3094.09,51.509844,7.464436,151.09,3.36,0.00,94.24,0,-78,-7,0,0,59,0,0,138
430.03,1547802891,3097.46,51.509862,7.464528,153.67,5.65,0.00,94.24,0,-88,-6,0,0,49,0,0,199
430.03,1547802891,3097.46,51.509862,7.464528,153.67,5.65,0.00,94.24,0,-76,-7,0,0,61,0,0,138
431.03,1547802892,3103.12,51.509865,7.464631,156.34,6.03,0.00,92.90,0,-88,-6,0,0,49,0,0,199
431.03,1547802892,3103.12,51.509865,7.464631,156.34,6.03,0.00,92.90,0,-76,-7,0,0,61,0,0,138
432.03,1547802893,3109.15,51.509869,7.464813,157.16,6.03,0.00,93.47,0,-91,-9,0,0,50,0,0,199
432.03,1547802893,3109.16,51.509869,7.464813,157.16,6.03,0.00,93.47,0,-72,-5,0,0,63,0,0,138
433.03,1547802894,3115.18,51.509868,7.464982,156.86,8.20,0.00,96.18,0,-91,-9,0,0,50,0,0,199
433.03,1547802894,3115.19,51.509868,7.464982,156.86,8.20,0.00,96.18,0,-72,-5,0,0,63,0,0,138
434.03,1547802895,3123.35,51.509856,7.465124,156.59,9.70,0.00,97.75,0,-93,-13,0,0,52,0,0,199
434.03,1547802895,3123.35,51.509856,7.465124,156.59,9.70,0.00,97.75,0,-97,-16,0,0,51,0,0,441
434.03,1547802895,3123.35,51.509856,7.465124,156.59,9.70,0.00,97.75,0,-68,-5,0,0,63,0,0,138
435.03,1547802896,3133.06,51.509857,7.465250,155.71,9.79,0.00,95.60,0,-93,-13,0,0,52,0,0,199
435.03,1547802896,3133.06,51.509857,7.465250,155.71,9.79,0.00,95.60,0,-97,-16,0,0,51,0,0,441
435.03,1547802896,3133.06,51.509857,7.465250,155.71,9.79,0.00,95.60,0,-68,-5,0,0,63,0,0,138
436.03,1547802897,3142.88,51.509854,7.465389,155.40,11.33,0.00,96.10,0,-95,-9,0,0,46,0,0,199
436.03,1547802897,3142.88,51.509854,7.465389,155.40,11.33,0.00,96.10,0,-68,-5,0,0,63,0,0,138
437.03,1547802898,3154.21,51.510243,7.463948,155.26,12.17,0.00,95.95,0,-95,-9,0,0,46,0,0,199
437.03,1547802898,3154.21,51.510243,7.463948,155.26,12.17,0.00,95.95,0,-68,-5,0,0,63,0,0,138
438.03,1547802899,3166.38,51.509841,7.465732,154.39,11.82,0.00,94.04,0,-94,-8,0,0,46,0,0,199
438.03,1547802899,3166.39,51.509841,7.465732,154.39,11.82,0.00,94.04,0,-68,-5,0,0,63,0,0,138
439.03,1547802900,3178.21,51.509840,7.465909,153.39,11.76,0.00,93.63,0,-94,-8,0,0,46,0,0,199
439.03,1547802900,3178.22,51.509840,7.465909,153.39,11.76,0.00,93.63,0,-68,-5,0,0,63,0,0,138
440.03,1547802901,3189.97,51.509837,7.466068,152.07,12.09,0.00,95.45,0,-93,-9,0,0,47,0,0,199
440.03,1547802901,3189.98,51.509837,7.466068,152.07,12.09,0.00,95.45,0,-99,-14,0,0,47,0,0,374
440.03,1547802901,3189.98,51.509837,7.466068,152.07,12.09,0.00,95.45,0,-100,-15,0,0,47,0,0,441
440.04,1547802901,3189.99,51.509837,7.466068,152.07,12.09,0.00,95.45,0,-68,-5,0,0,63,0,0,138
441.04,1547802902,3202.08,51.509832,7.466255,150.80,12.29,0.00,97.50,0,-93,-9,0,0,47,0,0,199
441.04,1547802902,3202.09,51.509832,7.466255,150.80,12.29,0.00,97.50,0,-99,-14,0,0,47,0,0,374
441.04,1547802902,3202.11,51.509832,7.466255,150.80,12.29,0.00,97.50,0,-100,-15,0,0,47,0,0,441
441.04,1547802902,3202.12,51.509832,7.466255,150.80,12.29,0.00,97.50,0,-68,-5,0,0,63,0,0,138
442.04,1547802903,3214.39,51.509831,7.466395,149.90,11.92,0.00,96.93,0,-91,-9,0,0,50,0,0,324
442.04,1547802903,3214.41,51.509831,7.466395,149.90,11.92,0.00,96.93,0,-96,-14,0,0,50,0,0,326
442.04,1547802903,3214.42,51.509831,7.466395,149.90,11.92,0.00,96.93,0,-66,-5,0,0,63,0,0,138
443.03,1547802904,3226.23,51.509827,7.466569,149.07,11.82,0.00,95.76,0,-91,-9,0,0,50,0,0,324
443.03,1547802904,3226.23,51.509827,7.466569,149.07,11.82,0.00,95.76,0,-96,-14,0,0,50,0,0,326
443.03,1547802904,3226.24,51.509827,7.466569,149.07,11.82,0.00,95.76,0,-66,-5,0,0,63,0,0,138
444.04,1547802905,3238.14,51.509819,7.466727,148.56,11.50,0.00,95.14,0,-94,-11,0,0,50,0,0,324
444.04,1547802905,3238.14,51.509819,7.466727,148.56,11.50,0.00,95.14,0,-97,-14,0,0,50,0,0,326
444.04,1547802905,3238.14,51.509819,7.466727,148.56,11.50,0.00,95.14,0,-68,-5,0,0,63,0,0,138
