time_s,timestamp_ms,distance_m,latitude,longitude,altitude,velocity_mps,acceleration_mpss,direction,isRegistered,rsrp_dbm,rsrq_db,rssnr_db,cqi,ss,ta,ci,pci
0.05,1547728389,0.00,51.509821,7.467406,155.23,11.66,0.00,95.86,1,-84,-9,23,15,58,2,13403661,21
1.05,1547728390,11.69,51.509809,7.467587,154.90,12.32,0.66,96.55,1,-81,-7,24,12,61,2,13403661,21
2.06,1547728391,24.03,51.509801,7.467770,154.24,12.62,0.30,95.75,1,-81,-7,24,12,61,2,13403661,21
3.06,1547728392,36.64,51.509789,7.467949,153.60,12.38,-0.23,95.85,1,-85,-7,23,12,55,2,13403661,21
4.06,1547728393,49.02,51.509784,7.468134,153.21,12.40,0.02,94.05,1,-85,-7,23,12,55,2,13403661,21
5.06,1547728394,61.42,51.509783,7.468306,153.56,11.70,-0.70,91.71,1,-86,-9,21,15,57,2,13403661,21
6.06,1547728395,73.12,51.509791,7.468473,153.93,11.79,0.09,87.65,1,-86,-9,21,15,57,2,13403661,21
7.06,1547728396,85.01,51.509805,7.468633,154.16,11.65,-0.14,85.04,1,-88,-10,17,15,53,2,13403661,21
8.06,1547728397,96.58,51.509845,7.468786,154.05,11.26,-0.40,70.33,1,-88,-10,17,15,53,2,13403661,21
9.06,1547728398,107.82,51.509883,7.468935,153.82,11.23,-0.03,69.91,1,-88,-10,17,15,53,2,13403661,21
10.07,1547728399,119.20,51.509926,7.469090,153.99,11.20,-0.04,68.53,1,-95,-11,9,5,47,2,13403661,21
11.06,1547728400,130.28,51.509975,7.469247,154.31,11.51,0.32,66.02,1,-95,-11,9,5,47,2,13403661,21
12.05,1547728401,141.75,51.510031,7.469397,154.41,11.70,0.19,63.46,1,-90,-10,2,6,53,2,13403661,21
13.06,1547728402,153.46,51.510091,7.469548,154.45,11.68,-0.02,61.53,1,-90,-10,2,6,53,2,13403661,21
14.05,1547728403,165.09,51.510154,7.469702,153.91,12.28,0.60,60.09,1,-95,-8,3,7,45,7,14345743,399
15.06,1547728404,177.43,51.510226,7.469855,153.70,12.54,0.26,59.07,1,-95,-8,3,7,45,7,14345743,399
16.06,1547728405,189.97,51.510296,7.470009,153.67,13.18,0.64,58.57,1,-101,-11,5,6,43,7,14345743,399
17.06,1547728406,203.15,51.510366,7.470160,154.08,12.70,-0.48,57.57,1,-101,-11,5,6,43,7,14345743,399
18.06,1547728407,215.85,51.510429,7.470306,154.11,11.85,-0.85,58.16,1,-99,-8,5,7,41,7,14345743,399
19.06,1547728408,227.71,51.510497,7.470462,153.88,12.55,0.70,56.53,1,-99,-8,5,7,41,7,14345743,399
20.07,1547728409,240.39,51.510567,7.470610,153.05,12.97,0.41,53.72,1,-101,-13,2,7,45,7,14345743,399
21.06,1547728410,253.21,51.510631,7.470776,153.42,12.90,-0.07,51.90,1,-101,-13,2,7,45,7,14345743,399
22.06,1547728411,266.11,51.510703,7.470946,153.61,12.81,-0.09,48.46,1,-103,-12,3,7,41,7,14345743,399
23.06,1547728412,278.95,51.510783,7.471080,153.13,13.30,0.49,45.77,1,-103,-12,3,7,41,7,14345743,399
24.06,1547728413,292.25,51.510872,7.471202,151.71,13.50,0.19,43.60,1,-102,-7,6,7,38,7,14345743,399
25.06,1547728414,305.74,51.510963,7.471314,149.85,13.49,-0.01,42.02,1,-102,-7,6,7,38,7,14345743,399
26.06,1547728415,319.20,51.511058,7.471433,147.82,14.04,0.55,41.12,1,-99,-8,7,9,40,7,14345743,399
27.06,1547728416,333.26,51.511157,7.471551,146.08,14.17,0.12,40.35,1,-99,-8,7,9,40,7,14345743,399
28.06,1547728417,347.52,51.511257,7.471669,144.56,14.12,-0.04,39.89,1,-98,-6,13,10,40,7,14345743,399
29.06,1547728418,361.55,51.511356,7.471787,143.24,14.02,-0.10,39.52,1,-98,-6,13,10,40,7,14345743,399
30.05,1547728419,375.53,51.511455,7.471912,142.29,14.18,0.16,39.53,1,-98,-6,13,10,40,7,14345743,399
31.06,1547728420,389.78,51.511556,7.472029,141.39,14.03,-0.15,38.89,1,-98,-6,11,9,40,7,14345743,399
32.06,1547728421,403.81,51.511654,7.472151,140.55,14.03,0.00,39.62,1,-98,-6,11,9,40,7,14345743,399
33.06,1547728422,417.84,51.511753,7.472271,139.74,13.85,-0.18,38.89,1,-97,-7,20,12,42,7,14345743,399
34.06,1547728423,431.73,51.511848,7.472390,139.21,13.58,-0.27,39.10,1,-97,-7,20,12,42,7,14345743,399
35.05,1547728424,445.22,51.511943,7.472505,138.86,13.24,-0.34,38.40,1,-95,-9,19,15,46,7,14345743,399
36.06,1547728425,458.49,51.512039,7.472611,138.75,13.02,-0.22,35.89,1,-95,-9,19,15,46,7,14345743,399
37.06,1547728426,471.51,51.512142,7.472708,138.74,12.87,-0.15,32.15,1,-89,-6,25,15,49,7,14345743,399
38.06,1547728427,484.38,51.512267,7.472769,139.09,12.87,0.00,32.15,1,-89,-6,25,15,49,7,14345743,399
39.06,1547728428,497.23,51.512392,7.472786,140.35,12.94,0.07,9.79,1,-86,-7,22,15,53,7,14345743,399
40.05,1547728429,510.14,51.512531,7.472804,141.41,14.71,1.78,8.44,1,-86,-7,22,15,53,7,14345743,399
41.05,1547728430,524.88,51.512666,7.472821,142.10,14.42,-0.29,6.76,1,-85,-6,23,15,53,7,14345743,399
42.05,1547728431,539.29,51.512800,7.472833,142.15,14.95,0.53,5.48,1,-85,-6,23,15,53,7,14345743,399
43.05,1547728432,554.23,51.512926,7.472847,142.02,14.61,-0.35,4.88,1,-93,-8,20,15,46,7,14345743,399
44.05,1547728433,568.83,51.513055,7.472857,141.74,14.38,-0.23,4.47,1,-93,-8,20,15,46,7,14345743,399
45.06,1547728434,583.27,51.513175,7.472869,142.18,13.87,-0.50,4.25,1,-100,-8,14,12,41,7,14345743,399
46.06,1547728435,597.14,51.513288,7.472882,142.92,12.63,-1.25,3.66,1,-100,-8,14,12,41,7,14345743,399
47.06,1547728436,609.79,51.513387,7.472896,143.71,10.85,-1.77,3.72,1,-104,-10,3,7,39,7,14345743,399
48.06,1547728437,620.64,51.513478,7.472905,145.03,10.06,-0.80,3.73,1,-104,-10,3,7,39,7,14345743,399
49.07,1547728438,630.77,51.513553,7.472913,147.24,8.50,-1.55,3.60,1,-104,-11,3,9,41,7,14345743,399
50.06,1547728439,639.21,51.513614,7.472918,148.94,6.83,-1.69,3.04,1,-104,-11,3,9,41,7,14345743,399
51.06,1547728440,646.03,51.513669,7.472924,150.37,6.02,-0.81,3.84,1,-104,-11,3,9,41,7,14345743,399
52.05,1547728441,652.03,51.513709,7.472924,150.49,4.05,-1.97,3.31,1,-99,-9,-5,6,42,6,14345741,400
53.05,1547728442,656.08,51.513736,7.472923,150.58,2.07,-1.99,3.27,1,-99,-9,-5,6,42,6,14345741,400
54.06,1547728443,658.16,51.513736,7.472923,150.63,0.27,-1.79,3.27,1,-97,-8,5,15,43,6,14345741,400
55.05,1547728444,658.43,51.513736,7.472923,150.63,0.00,-0.27,3.27,1,-97,-8,5,15,43,6,14345741,400
56.06,1547728445,658.43,51.513736,7.472923,150.63,0.00,0.00,3.27,1,-100,-11,8,11,43,6,14345741,400
57.06,1547728446,658.43,51.513736,7.472923,150.64,0.00,0.00,3.27,1,-100,-11,8,11,43,6,14345741,400
58.06,1547728447,658.43,51.513736,7.472923,150.64,0.00,0.00,3.27,1,-101,-9,10,9,40,6,14345741,400
59.06,1547728448,658.43,51.513736,7.472923,150.66,0.00,0.00,3.27,1,-101,-9,10,9,40,6,14345741,400
60.05,1547728449,658.43,51.513736,7.472923,150.84,0.00,0.00,7.21,1,-99,-10,18,11,43,6,14345741,400
61.05,1547728450,658.43,51.513736,7.472923,150.94,0.00,0.00,5.08,1,-99,-10,18,11,43,6,14345741,400
62.06,1547728451,658.43,51.513819,7.472934,150.85,4.37,0.00,3.81,1,-100,-11,8,9,43,6,14345741,400
63.05,1547728452,662.80,51.513883,7.472940,150.48,6.46,2.09,2.32,1,-100,-11,8,9,43,6,14345741,400
64.06,1547728453,669.27,51.513950,7.472948,149.81,7.01,0.55,1.61,1,-99,-13,7,6,45,6,14345741,400
65.06,1547728454,676.28,51.514013,7.472951,148.47,6.26,-0.75,0.69,1,-99,-13,7,6,45,6,14345741,400
66.06,1547728455,682.54,51.514086,7.472951,147.37,7.75,1.49,1.50,1,-96,-13,8,11,48,6,14345741,400
67.06,1547728456,690.28,51.514158,7.472953,146.19,7.74,-0.01,1.85,1,-96,-13,8,11,48,6,14345741,400
68.06,1547728457,698.03,51.514236,7.472958,145.08,8.11,0.37,2.38,1,-98,-11,5,7,44,6,14345741,400
69.06,1547728458,706.13,51.514317,7.472960,144.01,8.93,0.82,2.73,1,-98,-11,5,7,44,6,14345741,400
70.06,1547728459,715.12,51.514396,7.472968,143.10,8.81,-0.12,3.54,1,-102,-8,11,12,39,6,14345741,400
71.06,1547728460,723.86,51.514468,7.472973,141.93,7.80,-1.02,3.86,1,-102,-8,11,12,39,6,14345741,400
72.06,1547728461,731.67,51.514528,7.472976,142.04,6.89,-0.91,4.23,1,-102,-8,11,12,39,6,14345741,400
73.06,1547728462,738.56,51.514575,7.472985,141.99,4.61,-2.28,4.82,1,-101,-9,9,9,40,6,14345741,400
74.05,1547728463,743.16,51.514616,7.472994,141.99,4.09,-0.52,5.42,1,-101,-9,9,9,40,6,14345741,400
75.06,1547728464,747.26,51.514644,7.472995,142.01,2.49,-1.60,4.38,1,-103,-8,15,9,37,6,14345741,400
76.06,1547728465,749.76,51.514663,7.472992,142.08,1.53,-0.96,4.76,1,-103,-8,15,9,37,6,14345741,400
77.06,1547728466,751.29,51.514663,7.472992,142.09,0.00,-1.53,4.76,1,-100,-10,13,10,41,6,14345741,400
78.06,1547728467,751.29,51.514663,7.472992,142.09,0.00,0.00,4.76,1,-100,-10,13,10,41,6,14345741,400
79.06,1547728468,751.29,51.514663,7.472992,142.08,0.00,0.00,4.76,1,-100,-9,16,15,40,6,14345741,400
80.06,1547728469,751.29,51.514663,7.472992,142.07,0.00,0.00,4.76,1,-100,-9,16,15,40,6,14345741,400
81.05,1547728470,751.29,51.514663,7.472992,142.04,0.00,0.00,4.76,1,-100,-9,16,9,41,6,14345741,400
82.05,1547728471,751.29,51.514663,7.472992,142.02,0.00,0.00,4.76,1,-100,-9,16,9,41,6,14345741,400
83.06,1547728472,751.29,51.514663,7.472992,141.99,0.00,0.00,4.76,1,-101,-9,13,9,40,6,14345741,400
84.06,1547728473,751.29,51.514663,7.472992,141.95,0.00,0.00,4.76,1,-101,-9,13,9,40,6,14345741,400
85.06,1547728474,751.29,51.514663,7.472992,141.91,0.00,0.00,4.76,1,-100,-11,14,8,43,6,14345741,400
86.06,1547728475,751.29,51.514663,7.472992,141.87,0.00,0.00,4.76,1,-100,-11,14,8,43,6,14345741,400
87.06,1547728476,751.29,51.514663,7.472992,141.83,0.00,0.00,4.76,1,-99,-10,10,14,42,6,14345741,400
88.06,1547728477,751.29,51.514663,7.472992,141.79,0.00,0.00,4.76,1,-99,-10,10,14,42,6,14345741,400
89.06,1547728478,751.29,51.514663,7.472992,141.74,0.00,0.00,4.76,1,-99,-8,11,12,40,6,14345741,400
90.05,1547728479,751.29,51.514663,7.472992,141.69,0.00,0.00,4.76,1,-99,-8,11,12,40,6,14345741,400
91.06,1547728480,751.29,51.514663,7.472992,141.64,0.00,0.00,4.76,1,-99,-8,19,15,40,6,14345741,400
92.06,1547728481,751.29,51.514663,7.472992,141.59,0.00,0.00,4.76,1,-99,-8,19,15,40,6,14345741,400
93.06,1547728482,751.29,51.514663,7.472992,141.54,0.00,0.00,4.76,1,-99,-8,19,15,40,6,14345741,400
94.06,1547728483,751.29,51.514663,7.472992,141.49,0.00,0.00,4.76,1,-100,-9,16,15,40,6,14345741,400
95.06,1547728484,751.29,51.514663,7.472992,141.44,0.00,0.00,4.76,1,-100,-9,16,15,40,6,14345741,400
96.06,1547728485,751.29,51.514663,7.472992,141.39,0.00,0.00,4.76,1,-100,-9,13,12,40,6,14345741,400
97.06,1547728486,751.29,51.514663,7.472992,141.34,0.00,0.00,4.76,1,-100,-9,13,12,40,6,14345741,400
98.06,1547728487,751.29,51.514663,7.472992,141.29,0.00,0.00,4.76,1,-99,-12,11,10,44,6,14345741,400
99.06,1547728488,751.29,51.514663,7.472992,141.24,0.00,0.00,4.76,1,-99,-12,11,10,44,6,14345741,400
100.05,1547728489,751.29,51.514663,7.472992,141.19,0.00,0.00,4.76,1,-100,-8,13,9,40,6,14345741,400
101.06,1547728490,751.29,51.514663,7.472992,141.14,0.00,0.00,4.76,1,-100,-8,13,9,40,6,14345741,400
102.06,1547728491,751.29,51.514663,7.472992,141.09,0.00,0.00,4.76,1,-99,-10,16,10,43,6,14345741,400
103.07,1547728492,751.29,51.514663,7.472992,141.04,0.00,0.00,4.76,1,-99,-10,16,10,43,6,14345741,400
104.05,1547728493,751.29,51.514663,7.472992,140.99,0.00,0.00,4.76,1,-99,-10,14,10,43,6,14345741,400
105.05,1547728494,751.29,51.514663,7.472992,140.95,0.00,0.00,4.76,1,-99,-10,14,10,43,6,14345741,400
106.06,1547728495,751.29,51.514663,7.472992,140.90,0.00,0.00,4.76,1,-99,-8,17,11,40,6,14345741,400
107.06,1547728496,751.29,51.514663,7.472992,140.86,0.00,0.00,4.76,1,-99,-8,17,11,40,6,14345741,400
108.06,1547728497,751.29,51.514663,7.472992,140.82,0.00,0.00,4.76,1,-100,-9,15,12,41,6,14345741,400
109.06,1547728498,751.29,51.514663,7.472992,140.77,0.00,0.00,4.76,1,-100,-9,15,12,41,6,14345741,400
110.05,1547728499,751.29,51.514663,7.472992,140.73,0.00,0.00,4.76,1,-99,-8,16,11,41,6,14345741,400
111.05,1547728500,751.29,51.514663,7.472992,140.70,0.00,0.00,4.76,1,-99,-8,16,11,41,6,14345741,400
112.06,1547728501,751.29,51.514663,7.472992,140.66,0.00,0.00,4.76,1,-101,-9,13,9,40,6,14345741,400
113.05,1547728502,751.29,51.514663,7.472992,140.63,0.00,0.00,4.76,1,-101,-9,13,9,40,6,14345741,400
114.05,1547728503,751.29,51.514663,7.472992,140.60,0.00,0.00,4.76,1,-101,-9,13,9,40,6,14345741,400
115.06,1547728504,751.29,51.514663,7.472992,140.57,0.00,0.00,4.76,1,-101,-10,11,12,40,6,14345741,400
116.06,1547728505,751.29,51.514663,7.472992,140.54,0.00,0.00,4.76,1,-101,-10,11,12,40,6,14345741,400
117.06,1547728506,751.29,51.514663,7.472992,140.50,0.00,0.00,4.76,1,-100,-9,16,12,40,6,14345741,400
118.06,1547728507,751.29,51.514663,7.472992,140.46,0.00,0.00,4.76,1,-100,-9,16,12,40,6,14345741,400
119.06,1547728508,751.29,51.514663,7.472992,140.43,0.00,0.00,4.76,1,-100,-9,19,15,41,6,14345741,400
120.05,1547728509,751.29,51.514663,7.472992,140.41,0.00,0.00,4.76,1,-100,-9,19,15,41,6,14345741,400
121.06,1547728510,751.29,51.514663,7.472992,140.38,0.00,0.00,4.76,1,-100,-9,13,12,40,6,14345741,400
122.06,1547728511,751.29,51.514663,7.472992,140.36,0.00,0.00,4.76,1,-100,-9,13,12,40,6,14345741,400
123.05,1547728512,751.29,51.514663,7.472992,140.35,0.00,0.00,4.76,1,-101,-11,10,10,42,6,14345741,400
124.06,1547728513,751.29,51.514663,7.472992,140.33,0.00,0.00,4.76,1,-101,-11,10,10,42,6,14345741,400
125.05,1547728514,751.29,51.514663,7.472992,140.31,0.00,0.00,4.76,1,-101,-11,8,10,43,6,14345741,400
126.06,1547728515,751.29,51.514663,7.472992,140.30,0.00,0.00,4.76,1,-101,-11,8,10,43,6,14345741,400
127.06,1547728516,751.29,51.514663,7.472992,140.29,0.00,0.00,4.76,1,-101,-11,11,9,42,6,14345741,400
128.06,1547728517,751.29,51.514663,7.472992,140.29,0.00,0.00,4.76,1,-101,-11,11,9,42,6,14345741,400
129.06,1547728518,751.29,51.514663,7.472992,140.29,0.00,0.00,4.76,1,-100,-9,15,9,41,6,14345741,400
130.05,1547728519,751.29,51.514663,7.472992,140.28,0.00,0.00,4.76,1,-100,-9,15,9,41,6,14345741,400
131.06,1547728520,751.29,51.514663,7.472992,140.19,0.00,0.00,301.71,1,-99,-9,6,11,41,6,14345741,400
132.05,1547728521,751.29,51.514663,7.472992,140.12,0.00,0.00,4.22,1,-99,-9,6,11,41,6,14345741,400
133.06,1547728522,751.29,51.514759,7.472986,139.79,5.92,0.00,4.68,1,-100,-8,10,9,39,6,14345741,400
134.05,1547728523,757.17,51.514826,7.472995,139.33,7.42,1.51,4.24,1,-100,-8,10,9,39,6,14345741,400
135.06,1547728524,764.63,51.514899,7.472999,138.66,8.17,0.74,3.74,1,-100,-8,10,9,39,6,14345741,400
136.06,1547728525,772.80,51.514970,7.472997,138.78,8.10,-0.07,2.94,1,-101,-9,14,11,39,6,14345741,400
137.06,1547728526,780.89,51.515044,7.472995,139.45,8.36,0.26,1.89,1,-101,-9,14,11,39,6,14345741,400
138.06,1547728527,789.25,51.515123,7.472992,140.23,8.85,0.50,0.38,1,-102,-8,7,9,37,6,14345741,400
139.06,1547728528,798.10,51.515212,7.472990,140.50,9.75,0.90,358.63,1,-102,-8,7,9,37,6,14345741,400
140.05,1547728529,807.81,51.515305,7.472983,140.25,10.15,0.40,356.27,1,-103,-9,14,9,37,6,14345741,400
141.06,1547728530,818.01,51.515400,7.472963,139.92,10.88,0.72,353.36,1,-103,-9,14,9,37,6,14345741,400
142.05,1547728531,828.84,51.515500,7.472931,139.37,11.71,0.83,350.27,1,-103,-10,6,8,39,6,14345741,400
143.05,1547728532,840.54,51.515598,7.472889,139.87,11.44,-0.27,346.63,1,-103,-10,6,8,39,6,14345741,400
144.06,1547728533,852.06,51.515697,7.472828,140.70,11.95,0.50,343.30,1,-102,-10,14,10,40,6,14345741,400
145.05,1547728534,863.93,51.515796,7.472751,141.61,12.34,0.39,340.54,1,-102,-10,14,10,40,6,14345741,400
146.06,1547728535,876.30,51.515892,7.472680,141.24,11.93,-0.41,337.44,1,-104,-8,13,9,36,6,14345741,400
147.06,1547728536,888.24,51.515990,7.472592,140.26,12.45,0.52,334.14,1,-104,-8,13,9,36,6,14345741,400
148.06,1547728537,900.69,51.516086,7.472492,138.88,12.67,0.22,330.21,1,-103,-9,12,7,37,6,14345741,400
149.06,1547728538,913.35,51.516164,7.472343,136.92,12.96,0.29,314.71,1,-103,-9,12,7,37,6,14345741,400
150.06,1547728539,926.34,51.516240,7.472208,135.42,12.44,-0.51,313.71,1,-101,-9,18,9,39,6,14345741,400
151.06,1547728540,938.78,51.516313,7.472063,134.38,12.48,0.04,311.97,1,-101,-9,18,9,39,6,14345741,400
152.05,1547728541,951.21,51.516384,7.471917,133.16,12.28,-0.20,309.44,1,-105,-9,15,8,36,6,14345741,400
153.05,1547728542,963.48,51.516438,7.471752,132.03,12.85,0.57,296.88,1,-105,-9,15,8,36,6,14345741,400
154.05,1547728543,976.34,51.516492,7.471581,130.96,13.05,0.20,295.52,1,-104,-8,12,9,37,6,14345741,400
155.06,1547728544,989.45,51.516542,7.471411,130.19,12.89,-0.16,294.54,1,-104,-8,12,9,37,6,14345741,400
156.06,1547728545,1002.43,51.516587,7.471240,129.86,12.67,-0.22,293.80,1,-105,-12,12,8,38,6,14345741,400
157.05,1547728546,1014.98,51.516630,7.471071,130.32,12.40,-0.27,294.45,1,-105,-12,12,8,38,6,14345741,400
158.06,1547728547,1027.40,51.516674,7.470903,130.68,12.27,-0.13,294.91,1,-105,-12,12,8,38,6,14345741,400
159.06,1547728548,1039.67,51.516721,7.470735,131.72,12.10,-0.17,295.62,1,-106,-8,10,7,35,6,14345741,400
160.06,1547728549,1051.76,51.516766,7.470571,132.42,11.94,-0.16,295.14,1,-106,-8,10,7,35,6,14345741,400
161.06,1547728550,1063.74,51.516812,7.470401,133.01,12.38,0.45,294.41,1,-108,-10,7,5,34,6,14345741,400
162.07,1547728551,1076.29,51.516855,7.470222,133.50,12.86,0.47,293.77,1,-108,-10,7,5,34,6,14345741,400
163.05,1547728552,1088.91,51.516902,7.470049,133.79,13.15,0.29,292.92,1,-106,-10,6,6,35,6,14345741,400
164.06,1547728553,1102.11,51.516944,7.469870,133.98,12.62,-0.53,291.97,1,-106,-10,6,6,35,6,14345741,400
165.06,1547728554,1114.76,51.516991,7.469690,134.19,12.79,0.17,290.99,1,-112,-13,3,7,33,6,14345741,400
166.06,1547728555,1127.55,51.517031,7.469506,134.45,13.04,0.24,290.19,1,-112,-13,3,7,33,6,14345741,400
167.06,1547728556,1140.58,51.517066,7.469317,134.78,13.59,0.56,289.14,1,-86,-12,1,7,50,13,12903169,15
168.06,1547728557,1154.15,51.517099,7.469115,134.67,14.08,0.49,287.79,1,-86,-12,1,7,50,13,12903169,15
169.06,1547728558,1168.22,51.517130,7.468923,134.39,13.49,-0.59,287.08,1,-90,-12,-2,5,47,13,12903169,15
170.05,1547728559,1181.68,51.517164,7.468745,133.76,12.75,-0.74,287.00,1,-90,-12,-2,5,47,13,12903169,15
171.06,1547728560,1194.51,51.517191,7.468587,132.97,10.88,-1.86,288.38,1,-94,-17,-3,3,47,13,12903169,15
172.06,1547728561,1205.36,51.517220,7.468433,132.95,10.77,-0.11,289.06,1,-94,-17,-3,3,47,13,12903169,15
173.07,1547728562,1216.23,51.517253,7.468277,132.73,10.47,-0.30,290.91,1,-93,-15,-3,4,47,13,12903169,15
174.06,1547728563,1226.62,51.517290,7.468127,132.42,10.78,0.31,292.24,1,-93,-15,-3,4,47,13,12903169,15
175.06,1547728564,1237.39,51.517327,7.467982,132.55,10.70,-0.08,293.68,1,-94,-14,-2,5,46,13,12903169,15
176.06,1547728565,1248.08,51.517366,7.467843,133.16,10.23,-0.46,294.73,1,-94,-14,-2,5,46,13,12903169,15
177.07,1547728566,1258.46,51.517407,7.467703,133.70,10.13,-0.10,295.91,1,-95,-17,-4,1,46,13,12903169,15
178.06,1547728567,1268.48,51.517449,7.467565,134.48,10.25,0.12,296.57,1,-95,-17,-4,1,46,13,12903169,15
179.06,1547728568,1278.73,51.517495,7.467422,135.18,10.80,0.55,297.07,1,-95,-17,-4,1,46,13,12903169,15
180.06,1547728569,1289.53,51.517545,7.467275,134.95,11.18,0.38,297.05,1,-96,-19,-7,2,47,24,12904963,15
181.06,1547728570,1300.72,51.517592,7.467140,133.96,10.88,-0.31,296.39,1,-96,-19,-7,2,47,24,12904963,15
182.06,1547728571,1311.57,51.517631,7.467003,133.51,10.96,0.09,295.04,1,-93,-17,-8,4,50,24,12904963,191
183.06,1547728572,1322.53,51.517667,7.466864,133.50,10.76,-0.20,292.67,1,-93,-17,-8,4,50,24,12904963,191
184.06,1547728573,1333.30,51.517701,7.466726,133.56,10.84,0.08,290.86,1,-96,-18,-8,3,48,24,12904963,191
185.06,1547728574,1344.14,51.517729,7.466584,133.97,10.58,-0.26,288.90,1,-96,-18,-8,3,48,24,12904963,191
186.06,1547728575,1354.73,51.517754,7.466440,133.86,10.14,-0.44,287.16,1,-92,-17,-9,4,48,11,13881091,461
187.06,1547728576,1364.87,51.517776,7.466294,134.00,10.26,0.13,285.70,1,-92,-17,-9,4,48,11,13881091,461
188.06,1547728577,1375.13,51.517797,7.466150,134.71,10.26,-0.00,284.24,1,-93,-17,-9,3,49,11,13881091,461
189.06,1547728578,1385.39,51.517813,7.466005,135.54,10.06,-0.21,283.03,1,-93,-17,-9,3,49,11,13881091,461
190.06,1547728579,1395.45,51.517826,7.465831,136.61,10.80,0.75,281.34,1,-91,-19,-8,2,52,11,13881091,461
191.06,1547728580,1406.25,51.517833,7.465669,138.29,10.59,-0.21,279.11,1,-91,-19,-8,2,52,11,13881091,461
192.06,1547728581,1416.86,51.517837,7.465520,139.77,10.00,-0.60,277.23,1,-94,-17,-7,2,48,22,14122754,176
193.06,1547728582,1426.85,51.517841,7.465370,140.35,10.34,0.35,275.38,1,-94,-17,-7,2,48,22,14122754,176
194.06,1547728583,1437.17,51.517845,7.465215,140.68,10.72,0.37,273.35,1,-89,-13,-8,5,48,11,13420546,139
195.06,1547728584,1447.90,51.517845,7.465063,140.61,10.63,-0.08,271.35,1,-89,-13,-8,5,48,11,13420546,139
196.06,1547728585,1458.53,51.517846,7.464919,139.74,10.56,-0.07,269.26,1,-88,-13,-2,7,50,11,13420546,139
197.06,1547728586,1469.08,51.517841,7.464770,138.35,10.81,0.25,267.36,1,-88,-13,-2,7,50,11,13420546,139
198.07,1547728587,1479.97,51.517831,7.464622,137.02,10.96,0.15,265.16,1,-89,-14,-1,5,50,11,13420546,139
199.06,1547728588,1490.84,51.517815,7.464475,136.33,11.08,0.13,262.91,1,-89,-14,-1,5,50,11,13420546,139
200.05,1547728589,1501.89,51.517794,7.464325,135.59,11.05,-0.04,260.98,1,-89,-14,-1,5,50,11,13420546,139
201.06,1547728590,1512.95,51.517771,7.464175,135.05,11.21,0.16,258.97,1,-88,-13,0,6,50,11,13420546,139
202.06,1547728591,1524.16,51.517738,7.464017,134.71,11.90,0.69,256.81,1,-88,-13,0,6,50,11,13420546,139
203.06,1547728592,1536.07,51.517697,7.463836,134.11,12.32,0.42,254.95,1,-89,-13,1,7,51,11,13420546,139
204.06,1547728593,1548.38,51.517652,7.463661,134.06,12.41,0.09,253.35,1,-89,-13,1,7,51,11,13420546,139
205.06,1547728594,1560.81,51.517604,7.463486,134.34,12.27,-0.14,251.56,1,-90,-13,2,6,49,11,13420546,139
206.06,1547728595,1573.08,51.517557,7.463318,134.85,11.72,-0.55,250.12,1,-90,-13,2,6,49,11,13420546,139
207.06,1547728596,1584.81,51.517513,7.463160,135.54,11.44,-0.29,249.09,1,-97,-18,-6,2,46,11,13420546,139
208.06,1547728597,1596.23,51.517471,7.463007,136.14,11.12,-0.31,248.38,1,-97,-18,-6,2,46,11,13420546,139
209.06,1547728598,1607.37,51.517426,7.462872,138.59,10.66,-0.46,247.95,1,-95,-18,-7,2,50,6,12899842,19
210.06,1547728599,1618.02,51.517383,7.462724,140.41,11.01,0.35,247.48,1,-95,-18,-7,2,50,6,12899842,19
211.06,1547728600,1629.04,51.517338,7.462593,144.04,10.62,-0.39,248.23,1,-89,-15,-5,7,50,7,12899842,19
212.06,1547728601,1639.66,51.517302,7.462470,147.51,10.25,-0.37,247.65,1,-89,-15,-5,7,50,7,12899842,19
213.06,1547728602,1649.90,51.517274,7.462361,151.11,8.96,-1.29,249.49,1,-86,-14,-3,7,52,7,12899842,19
214.06,1547728603,1658.85,51.517243,7.462233,154.92,9.75,0.79,251.55,1,-86,-14,-3,7,52,7,12899842,19
215.05,1547728604,1668.57,51.517204,7.462099,157.90,9.75,0.00,251.55,1,-87,-14,-2,5,52,7,12899842,19
216.06,1547728605,1678.37,51.517170,7.461928,159.54,12.30,2.53,252.55,1,-87,-14,-2,5,52,7,12899842,19
217.06,1547728606,1690.65,51.517141,7.461731,160.72,13.08,0.78,252.51,1,-85,-13,-1,7,53,7,12899842,19
218.06,1547728607,1703.74,51.517109,7.461545,161.21,12.96,-0.12,252.03,1,-85,-13,-1,7,53,7,12899842,19
219.07,1547728608,1716.79,51.517077,7.461370,161.42,12.88,-0.08,252.96,1,-84,-13,2,5,54,7,12899842,19
220.06,1547728609,1729.60,51.517048,7.461178,161.18,13.23,0.35,253.45,1,-84,-13,2,5,54,7,12899842,19
221.06,1547728610,1742.81,51.517017,7.460984,160.25,14.19,0.96,253.32,1,-84,-13,2,5,54,7,12899842,19
222.06,1547728611,1757.00,51.516982,7.460787,158.31,14.04,-0.15,252.42,1,-85,-14,2,5,54,7,12899842,19
223.06,1547728612,1771.03,51.516949,7.460597,156.07,13.67,-0.38,251.97,1,-85,-14,2,5,54,7,12899842,19
224.06,1547728613,1784.68,51.516916,7.460410,153.36,13.72,0.05,252.42,1,-73,-13,1,6,63,7,12899842,19
225.06,1547728614,1798.41,51.516882,7.460220,151.17,13.95,0.23,252.79,1,-73,-13,1,6,63,7,12899842,19
226.06,1547728615,1812.38,51.516845,7.460022,148.98,14.01,0.06,253.25,1,-80,-12,5,10,58,7,12899842,19
227.06,1547728616,1826.38,51.516808,7.459819,147.86,14.64,0.64,254.20,1,-80,-12,5,10,58,7,12899842,19
228.06,1547728617,1841.07,51.516769,7.459622,146.19,14.58,-0.06,255.03,1,-84,-13,5,9,55,7,12899842,19
229.05,1547728618,1855.55,51.516739,7.459420,144.70,14.70,0.11,256.10,1,-84,-13,5,9,55,7,12899842,19
230.06,1547728619,1870.26,51.516705,7.459217,142.82,14.81,0.12,256.89,1,-77,-12,7,8,60,7,12899842,19
231.06,1547728620,1885.13,51.516673,7.459007,141.05,15.13,0.31,257.60,1,-77,-12,7,8,60,7,12899842,19
232.06,1547728621,1900.23,51.516645,7.458808,139.91,14.99,-0.14,258.38,1,-75,-11,10,9,61,7,12899842,19
233.06,1547728622,1915.19,51.516619,7.458621,139.16,14.05,-0.94,258.55,1,-75,-11,10,9,61,7,12899842,19
234.05,1547728623,1929.23,51.516595,7.458428,138.10,13.38,-0.67,257.89,1,-70,-11,12,10,63,7,12899842,19
235.06,1547728624,1942.62,51.516567,7.458233,137.83,13.37,-0.01,258.37,1,-70,-11,12,10,63,7,12899842,19
236.06,1547728625,1956.06,51.516541,7.458052,137.98,12.27,-1.10,257.73,1,-68,-11,16,11,63,7,12899842,19
237.06,1547728626,1968.27,51.516520,7.457906,138.82,9.87,-2.41,257.64,1,-68,-11,16,11,63,7,12899842,19
238.06,1547728627,1978.13,51.516502,7.457782,140.41,7.87,-2.00,257.52,1,-71,-10,17,10,63,7,12899842,19
239.06,1547728628,1986.01,51.516489,7.457674,141.97,6.79,-1.08,257.27,1,-71,-10,17,10,63,7,12899842,19
240.06,1547728629,1992.85,51.516484,7.457593,142.85,4.47,-2.30,256.76,1,-68,-11,17,10,63,7,12899842,19
241.06,1547728630,1997.28,51.516479,7.457541,142.95,1.91,-2.58,257.61,1,-68,-11,17,10,63,7,12899842,19
242.06,1547728631,1999.19,51.516478,7.457541,143.10,0.53,-1.38,257.61,1,-68,-11,17,10,63,7,12899842,19
243.06,1547728632,1999.72,51.516478,7.457541,143.11,0.00,-0.53,257.61,1,-70,-10,16,9,63,7,12899842,19
244.06,1547728633,1999.72,51.516478,7.457541,143.12,0.00,0.00,257.61,1,-70,-10,16,9,63,7,12899842,19
245.05,1547728634,1999.72,51.516478,7.457541,143.12,0.00,0.00,257.61,1,-70,-12,15,9,63,7,12899842,19
246.06,1547728635,1999.72,51.516478,7.457541,143.13,0.00,0.00,257.61,1,-70,-12,15,9,63,7,12899842,19
247.05,1547728636,1999.72,51.516478,7.457541,143.13,0.00,0.00,257.61,1,-70,-12,20,10,63,7,12899842,19
248.06,1547728637,1999.72,51.516478,7.457541,143.15,0.00,0.00,257.61,1,-70,-12,20,10,63,7,12899842,19
249.06,1547728638,1999.72,51.516478,7.457541,143.14,0.00,0.00,255.61,1,-69,-11,13,10,63,7,12899842,19
250.05,1547728639,1999.72,51.516450,7.457387,142.62,0.00,0.00,264.01,1,-69,-11,13,10,63,7,12899842,19
251.06,1547728640,1999.72,51.516440,7.457305,141.39,5.07,0.00,256.10,1,-69,-12,13,5,63,7,12899842,19
252.06,1547728641,2004.81,51.516429,7.457203,139.46,6.05,0.98,255.12,1,-69,-12,13,5,63,7,12899842,19
253.06,1547728642,2010.85,51.516411,7.457108,138.26,5.73,-0.32,254.34,1,-68,-12,13,9,63,7,12899842,19
254.06,1547728643,2016.58,51.516389,7.457013,137.29,5.77,0.04,253.72,1,-68,-12,13,9,63,7,12899842,19
255.06,1547728644,2022.35,51.516364,7.456914,136.86,6.51,0.73,253.22,1,-73,-12,10,8,63,7,12899842,19
256.06,1547728645,2028.87,51.516342,7.456788,136.33,6.51,0.00,253.74,1,-73,-12,10,8,63,7,12899842,19
257.06,1547728646,2035.36,51.516312,7.456675,136.05,7.47,0.96,246.45,1,-72,-11,11,10,63,7,12899842,19
258.06,1547728647,2042.82,51.516276,7.456552,135.81,8.27,0.80,246.42,1,-72,-11,11,10,63,7,12899842,19
259.06,1547728648,2051.09,51.516234,7.456417,135.34,10.75,2.49,244.62,1,-68,-12,12,10,63,7,12899842,19
260.05,1547728649,2061.82,51.516192,7.456284,134.68,10.72,-0.03,242.87,1,-68,-12,12,10,63,7,12899842,19
261.07,1547728650,2072.67,51.516142,7.456149,134.20,10.90,0.18,241.28,1,-72,-12,14,10,63,7,12899842,19
262.06,1547728651,2083.49,51.516090,7.456017,133.77,11.01,0.11,239.43,1,-72,-12,14,10,63,7,12899842,19
263.06,1547728652,2094.48,51.516026,7.455866,133.47,11.98,0.97,236.83,1,-72,-12,14,10,63,7,12899842,19
264.06,1547728653,2106.45,51.515959,7.455718,132.92,12.18,0.20,234.26,1,-77,-11,12,8,60,7,12899842,19
265.06,1547728654,2118.65,51.515886,7.455574,132.39,12.02,-0.16,231.29,1,-77,-11,12,8,60,7,12899842,19
266.06,1547728655,2130.64,51.515802,7.455474,131.85,11.07,-0.95,217.63,1,-78,-11,12,8,58,7,12899842,19
267.06,1547728656,2141.74,51.515719,7.455377,130.97,11.02,-0.05,216.57,1,-78,-11,12,8,58,7,12899842,19
268.06,1547728657,2152.74,51.515633,7.455285,130.39,11.18,0.16,214.43,1,-88,-13,6,6,50,7,12899842,19
269.06,1547728658,2163.93,51.515547,7.455198,129.89,11.40,0.22,211.58,1,-88,-13,6,6,50,7,12899842,19
270.06,1547728659,2175.34,51.515445,7.455162,130.23,11.43,0.02,195.88,1,-90,-13,3,4,48,7,12899842,19
271.06,1547728660,2186.76,51.515343,7.455128,130.48,10.88,-0.55,192.88,1,-90,-13,3,4,48,7,12899842,19
272.06,1547728661,2197.64,51.515237,7.455132,131.68,11.28,0.40,178.85,1,-93,-16,-1,3,48,7,12899842,19
273.06,1547728662,2208.94,51.515133,7.455144,133.26,11.20,-0.08,177.24,1,-93,-16,-1,3,48,7,12899842,19
274.05,1547728663,2220.08,51.515030,7.455161,135.23,11.44,0.25,176.13,1,-92,-16,-4,3,49,7,12899842,19
275.06,1547728664,2231.60,51.514928,7.455182,137.06,11.45,0.00,175.05,1,-92,-16,-4,3,49,7,12899842,19
276.06,1547728665,2243.02,51.514825,7.455204,139.40,11.73,0.28,174.03,1,-85,-13,-3,4,53,7,12899842,19
277.06,1547728666,2254.75,51.514717,7.455228,141.50,12.35,0.62,173.28,1,-85,-13,-3,4,53,7,12899842,19
278.06,1547728667,2267.10,51.514608,7.455250,142.68,12.95,0.60,172.79,1,-73,-6,10,2,63,1,13404431,488
279.06,1547728668,2280.06,51.514502,7.455277,143.24,12.35,-0.60,172.31,1,-73,-6,10,2,63,1,13404431,488
280.05,1547728669,2292.35,51.514399,7.455304,143.53,11.67,-0.69,172.83,1,-73,-7,26,15,63,1,13404431,488
281.06,1547728670,2304.07,51.514289,7.455338,143.61,12.17,0.50,172.17,1,-73,-7,26,15,63,1,13404431,488
282.06,1547728671,2316.25,51.514175,7.455371,143.68,13.14,0.97,171.65,1,-79,-7,18,15,58,1,13404431,488
283.05,1547728672,2329.34,51.514058,7.455402,144.07,13.25,0.10,171.21,1,-79,-7,18,15,58,1,13404431,488
284.06,1547728673,2342.63,51.513945,7.455433,144.99,12.53,-0.71,171.10,1,-79,-7,18,15,58,1,13404431,488
285.05,1547728674,2355.11,51.513832,7.455467,146.14,12.75,0.22,170.05,1,-77,-8,14,12,63,1,13404431,488
286.06,1547728675,2367.91,51.513714,7.455509,147.37,13.01,0.25,168.37,1,-77,-8,14,12,63,1,13404431,488
287.06,1547728676,2380.97,51.513598,7.455564,148.27,13.07,0.07,165.78,1,-82,-10,11,12,60,1,13404431,488
288.06,1547728677,2394.00,51.513489,7.455632,148.67,12.43,-0.64,163.07,1,-82,-10,11,12,60,1,13404431,488
289.06,1547728678,2406.42,51.513381,7.455716,150.17,12.65,0.21,159.43,1,-80,-11,7,11,63,1,13404431,488
290.06,1547728679,2419.08,51.513275,7.455809,151.88,12.74,0.09,156.11,1,-80,-11,7,11,63,1,13404431,488
291.06,1547728680,2431.82,51.513183,7.455941,152.52,13.06,0.32,140.93,1,-84,-11,6,8,59,1,13404431,488
292.06,1547728681,2444.87,51.513097,7.456059,153.22,12.38,-0.68,140.87,1,-84,-11,6,8,59,1,13404431,488
293.06,1547728682,2457.25,51.513027,7.456206,154.08,12.38,0.00,140.93,1,-84,-12,7,12,60,1,13404431,488
294.06,1547728683,2469.62,51.512943,7.456368,153.41,13.44,1.07,131.22,1,-84,-12,7,12,60,1,13404431,488
295.06,1547728684,2483.05,51.512850,7.456538,154.31,14.96,1.52,131.34,1,-78,-8,16,14,62,1,13404429,486
296.06,1547728685,2498.01,51.512763,7.456704,155.86,14.68,-0.28,130.56,1,-78,-8,16,14,62,1,13404429,486
297.06,1547728686,2512.70,51.512678,7.456890,157.44,14.98,0.30,129.12,1,-82,-7,21,12,57,1,13404429,486
298.06,1547728687,2527.67,51.512596,7.457081,158.48,15.00,0.02,127.89,1,-82,-7,21,12,57,1,13404429,486
299.06,1547728688,2542.67,51.512534,7.457264,158.30,13.64,-1.36,126.81,1,-82,-6,21,15,56,1,13404429,486
300.05,1547728689,2556.30,51.512460,7.457440,157.93,14.28,0.64,126.04,1,-82,-6,21,15,56,1,13404429,486
301.06,1547728690,2570.60,51.512385,7.457614,157.67,14.11,-0.17,125.45,1,-81,-7,20,15,59,1,13404429,486
302.05,1547728691,2584.67,51.512319,7.457769,157.32,12.45,-1.66,124.23,1,-81,-7,20,15,59,1,13404429,486
303.06,1547728692,2597.20,51.512267,7.457906,156.94,10.43,-2.01,123.92,1,-82,-7,22,15,57,1,13404429,486
304.05,1547728693,2607.55,51.512225,7.458002,155.98,6.88,-3.58,125.89,1,-82,-7,22,15,57,1,13404429,486
305.06,1547728694,2614.46,51.512188,7.458082,156.35,5.51,-1.36,128.58,1,-82,-7,22,15,57,1,13404429,486
306.06,1547728695,2619.96,51.512165,7.458147,156.37,3.72,-1.79,126.42,1,-85,-8,21,11,54,1,13404429,486
307.06,1547728696,2623.68,51.512136,7.458193,156.32,3.45,-0.27,125.50,1,-85,-8,21,11,54,1,13404429,486
308.06,1547728697,2627.14,51.512111,7.458253,156.41,4.07,0.62,125.77,1,-79,-7,20,11,60,1,13404429,486
309.06,1547728698,2631.21,51.512083,7.458324,157.50,4.80,0.73,128.34,1,-79,-7,20,11,60,1,13404429,486
310.05,1547728699,2635.99,51.512058,7.458405,158.12,4.80,0.00,128.34,1,-82,-7,22,15,56,1,13404429,486
311.06,1547728700,2640.83,51.512019,7.458511,157.86,8.32,3.49,128.34,1,-82,-7,22,15,56,1,13404429,486
312.05,1547728701,2649.09,51.511965,7.458634,157.33,10.01,1.71,128.05,1,-87,-8,12,11,54,1,13404429,486
313.05,1547728702,2659.11,51.511910,7.458742,156.33,9.52,-0.50,127.65,1,-87,-8,12,11,54,1,13404429,486
314.06,1547728703,2668.68,51.511859,7.458852,154.54,9.03,-0.48,128.84,1,-84,-8,12,10,58,1,13404429,486
315.05,1547728704,2677.66,51.511813,7.458953,153.10,8.36,-0.67,128.21,1,-84,-8,12,10,58,1,13404429,486
316.06,1547728705,2686.04,51.511772,7.459036,152.14,6.92,-1.44,127.75,1,-88,-8,12,10,53,1,13404429,486
317.06,1547728706,2692.96,51.511740,7.459103,150.87,5.54,-1.39,127.83,1,-88,-8,12,10,53,1,13404429,486
318.06,1547728707,2698.50,51.511719,7.459149,150.79,3.34,-2.20,127.18,1,-87,-8,10,11,52,1,13404429,486
319.06,1547728708,2701.83,51.511705,7.459164,150.72,1.65,-1.68,130.53,1,-87,-8,10,11,52,1,13404429,486
320.06,1547728709,2703.49,51.511705,7.459164,150.64,0.37,-1.28,130.53,1,-88,-9,13,10,54,1,13404429,486
321.05,1547728710,2703.86,51.511705,7.459164,150.63,0.00,-0.37,130.53,1,-88,-9,13,10,54,1,13404429,486
322.05,1547728711,2703.86,51.511705,7.459164,150.63,0.00,0.00,130.53,1,-87,-10,11,15,56,1,13404429,486
323.05,1547728712,2703.86,51.511705,7.459164,150.64,0.00,0.00,130.53,1,-87,-10,11,15,56,1,13404429,486
324.06,1547728713,2703.86,51.511705,7.459164,150.67,0.00,0.00,130.53,1,-86,-10,12,10,58,1,13404429,486
325.06,1547728714,2703.86,51.511705,7.459164,150.71,0.00,0.00,130.53,1,-86,-10,12,10,58,1,13404429,486
326.06,1547728715,2703.86,51.511705,7.459164,150.76,0.00,0.00,130.53,1,-86,-10,12,10,58,1,13404429,486
327.06,1547728716,2703.86,51.511705,7.459164,150.81,0.00,0.00,130.53,1,-86,-6,16,10,54,1,13404429,486
328.06,1547728717,2703.86,51.511705,7.459164,150.86,0.00,0.00,130.53,1,-86,-6,16,10,54,1,13404429,486
329.06,1547728718,2703.86,51.511705,7.459164,150.91,0.00,0.00,130.53,1,-87,-7,12,10,53,1,13404429,486
330.06,1547728719,2703.86,51.511705,7.459164,150.96,0.00,0.00,130.53,1,-87,-7,12,10,53,1,13404429,486
331.06,1547728720,2703.86,51.511705,7.459164,151.01,0.00,0.00,130.53,1,-87,-7,13,10,53,1,13404429,486
332.06,1547728721,2703.86,51.511705,7.459164,151.07,0.00,0.00,130.53,1,-87,-7,13,10,53,1,13404429,486
333.06,1547728722,2703.86,51.511705,7.459164,151.13,0.00,0.00,130.53,1,-88,-8,10,8,53,1,13404429,486
334.06,1547728723,2703.86,51.511705,7.459164,151.19,0.00,0.00,130.53,1,-88,-8,10,8,53,1,13404429,486
335.06,1547728724,2703.86,51.511705,7.459164,151.25,0.00,0.00,130.53,1,-88,-9,10,9,54,1,13404429,486
336.06,1547728725,2703.86,51.511705,7.459164,151.31,0.00,0.00,130.53,1,-88,-9,10,9,54,1,13404429,486
337.06,1547728726,2703.86,51.511705,7.459164,151.39,0.00,0.00,130.53,1,-88,-7,8,9,52,1,13404429,486
338.06,1547728727,2703.86,51.511705,7.459164,151.47,0.00,0.00,130.53,1,-88,-7,8,9,52,1,13404429,486
339.06,1547728728,2703.86,51.511705,7.459164,151.55,0.00,0.00,130.53,1,-88,-7,8,14,53,1,13404429,486
340.06,1547728729,2703.86,51.511705,7.459164,151.62,0.00,0.00,130.53,1,-88,-7,8,14,53,1,13404429,486
341.06,1547728730,2703.86,51.511705,7.459164,151.70,0.00,0.00,130.53,1,-88,-7,9,15,53,1,13404429,486
342.06,1547728731,2703.86,51.511705,7.459164,151.78,0.00,0.00,130.53,1,-88,-7,9,15,53,1,13404429,486
343.05,1547728732,2703.86,51.511705,7.459164,151.87,0.00,0.00,130.53,1,-89,-10,9,15,54,1,13404429,486
344.05,1547728733,2703.86,51.511705,7.459164,151.95,0.00,0.00,130.53,1,-89,-10,9,15,54,1,13404429,486
345.06,1547728734,2703.86,51.511705,7.459164,152.01,0.00,0.00,130.53,1,-88,-10,8,8,56,1,13404429,486
346.06,1547728735,2703.86,51.511705,7.459164,152.06,0.00,0.00,130.53,1,-88,-10,8,8,56,1,13404429,486
347.05,1547728736,2703.86,51.511705,7.459164,152.10,0.00,0.00,130.53,1,-88,-10,8,8,56,1,13404429,486
348.06,1547728737,2703.86,51.511705,7.459164,152.14,0.00,0.00,130.53,1,-88,-7,13,15,53,1,13404429,486
349.06,1547728738,2703.86,51.511705,7.459164,152.18,0.00,0.00,130.53,1,-88,-7,13,15,53,1,13404429,486
350.06,1547728739,2703.86,51.511705,7.459164,152.21,0.00,0.00,130.53,1,-88,-10,13,15,56,1,13404429,486
351.05,1547728740,2703.86,51.511705,7.459164,152.24,0.00,0.00,130.53,1,-88,-10,13,15,56,1,13404429,486
352.06,1547728741,2703.86,51.511705,7.459164,152.26,0.00,0.00,130.53,1,-87,-11,13,8,58,1,13404429,486
353.06,1547728742,2703.86,51.511705,7.459164,152.26,0.00,0.00,130.53,1,-87,-11,13,8,58,1,13404429,486
354.06,1547728743,2703.86,51.511705,7.459164,152.23,0.00,0.00,130.53,1,-86,-11,13,15,58,1,13404429,486
355.06,1547728744,2703.86,51.511705,7.459164,152.20,0.00,0.00,130.53,1,-86,-11,13,15,58,1,13404429,486
356.06,1547728745,2703.86,51.511705,7.459164,151.95,0.00,0.00,122.56,1,-85,-10,13,10,58,1,13404429,486
357.06,1547728746,2703.86,51.511705,7.459164,151.73,0.00,0.00,122.56,1,-85,-10,13,10,58,1,13404429,486
358.06,1547728747,2703.86,51.511658,7.459316,151.60,0.00,0.00,125.27,1,-86,-11,10,6,58,1,13404429,486
359.05,1547728748,2703.86,51.511658,7.459316,151.55,0.00,0.00,124.55,1,-86,-11,10,6,58,1,13404429,486
360.06,1547728749,2703.86,51.511557,7.459535,150.86,0.00,0.00,126.36,1,-86,-11,11,7,58,1,13404429,486
361.05,1547728750,2703.86,51.511484,7.459680,149.48,0.00,0.00,126.67,1,-86,-11,11,7,58,1,13404429,486
362.05,1547728751,2703.86,51.511405,7.459829,149.56,12.86,0.00,128.41,1,-85,-12,10,11,59,1,13404429,486
363.05,1547728752,2716.73,51.511322,7.459984,149.68,14.00,1.13,130.62,1,-85,-12,10,11,59,1,13404429,486
364.06,1547728753,2730.77,51.511239,7.460145,148.90,13.75,-0.24,131.54,1,-89,-10,5,7,53,1,13404429,486
365.06,1547728754,2744.56,51.511153,7.460303,148.74,13.95,0.20,132.93,1,-89,-10,5,7,53,1,13404429,486
366.06,1547728755,2758.51,51.511057,7.460445,150.22,13.92,-0.03,134.52,1,-87,-11,7,8,56,1,13404429,486
367.05,1547728756,2772.36,51.510959,7.460594,151.95,14.01,0.09,133.93,1,-87,-11,7,8,56,1,13404429,486
368.07,1547728757,2786.57,51.510868,7.460745,153.04,13.71,-0.29,133.08,1,-94,-13,3,8,50,1,13404429,486
369.06,1547728758,2800.16,51.510778,7.460904,152.56,13.55,-0.17,134.46,1,-94,-13,3,8,50,1,13404429,486
370.06,1547728759,2813.68,51.510687,7.461064,152.98,13.80,0.26,134.83,1,-94,-13,3,8,50,1,13404429,486
371.06,1547728760,2827.47,51.510601,7.461210,153.69,13.13,-0.67,134.40,1,-82,-9,2,6,59,2,13403661,21
372.06,1547728761,2840.61,51.510518,7.461358,154.47,13.15,0.02,133.45,1,-82,-9,2,6,59,2,13403661,21
373.06,1547728762,2853.75,51.510453,7.461474,154.90,10.14,-3.01,133.78,1,-75,-8,9,10,63,2,13403661,21
374.06,1547728763,2863.91,51.510391,7.461586,154.63,9.28,-0.86,132.73,1,-75,-8,9,10,63,2,13403661,21
375.06,1547728764,2873.18,51.510344,7.461676,154.02,7.19,-2.09,132.22,1,-86,-11,10,9,56,2,13403661,21
376.06,1547728765,2880.37,51.510297,7.461741,154.60,6.12,-1.08,133.04,1,-86,-11,10,9,56,2,13403661,21
377.06,1547728766,2886.48,51.510270,7.461797,154.63,3.98,-2.14,132.65,1,-86,-8,11,11,54,2,13403661,21
378.06,1547728767,2890.46,51.510256,7.461845,154.62,2.60,-1.38,118.33,1,-86,-8,11,11,54,2,13403661,21
379.06,1547728768,2893.06,51.510243,7.461872,154.62,1.23,-1.37,118.76,1,-86,-8,12,9,53,2,13403661,21
380.06,1547728769,2894.29,51.510243,7.461872,154.58,0.32,-0.91,118.76,1,-86,-8,12,9,53,2,13403661,21
381.06,1547728770,2894.61,51.510243,7.461872,154.57,0.00,-0.32,118.76,1,-86,-8,11,12,54,2,13403661,21
382.06,1547728771,2894.61,51.510243,7.461872,154.56,0.00,0.00,118.76,1,-86,-8,11,12,54,2,13403661,21
383.06,1547728772,2894.61,51.510243,7.461872,154.55,0.00,0.00,118.76,1,-86,-8,13,11,54,2,13403661,21
384.06,1547728773,2894.61,51.510243,7.461872,154.55,0.00,0.00,118.76,1,-86,-8,13,11,54,2,13403661,21
385.06,1547728774,2894.61,51.510243,7.461872,154.55,0.00,0.00,118.76,1,-87,-10,12,11,54,2,13403661,21
386.05,1547728775,2894.61,51.510243,7.461872,154.55,0.00,0.00,118.76,1,-87,-10,12,11,54,2,13403661,21
387.05,1547728776,2894.61,51.510243,7.461872,154.55,0.00,0.00,118.76,1,-86,-9,11,9,54,2,13403661,21
388.06,1547728777,2894.61,51.510243,7.461872,154.55,0.00,0.00,118.76,1,-86,-9,11,9,54,2,13403661,21
389.06,1547728778,2894.61,51.510243,7.461872,154.55,0.00,0.00,118.76,1,-86,-9,11,15,55,2,13403661,21
390.06,1547728779,2894.61,51.510243,7.461872,154.55,0.00,0.00,118.76,1,-86,-9,11,15,55,2,13403661,21
391.06,1547728780,2894.61,51.510243,7.461872,154.55,0.00,0.00,118.76,1,-86,-9,11,15,55,2,13403661,21
392.06,1547728781,2894.61,51.510243,7.461872,154.56,0.00,0.00,118.76,1,-87,-9,11,9,54,2,13403661,21
393.06,1547728782,2894.61,51.510243,7.461872,154.56,0.00,0.00,118.76,1,-87,-9,11,9,54,2,13403661,21
394.06,1547728783,2894.61,51.510243,7.461872,154.57,0.00,0.00,118.76,1,-87,-10,11,14,54,2,13403661,21
395.06,1547728784,2894.61,51.510243,7.461872,154.58,0.00,0.00,118.76,1,-87,-10,11,14,54,2,13403661,21
396.06,1547728785,2894.61,51.510243,7.461872,154.60,0.00,0.00,118.76,1,-87,-9,10,9,55,2,13403661,21
397.06,1547728786,2894.61,51.510243,7.461872,154.62,0.00,0.00,118.76,1,-87,-9,10,9,55,2,13403661,21
398.06,1547728787,2894.61,51.510243,7.461872,154.65,0.00,0.00,118.76,1,-88,-9,9,11,53,2,13403661,21
399.06,1547728788,2894.61,51.510243,7.461872,154.69,0.00,0.00,118.76,1,-88,-9,9,11,53,2,13403661,21
400.05,1547728789,2894.61,51.510243,7.461872,154.73,0.00,0.00,118.76,1,-88,-9,10,7,53,2,13403661,21
401.05,1547728790,2894.61,51.510243,7.461872,154.77,0.00,0.00,118.76,1,-88,-9,10,7,53,2,13403661,21
402.06,1547728791,2894.61,51.510243,7.461872,154.82,0.00,0.00,118.76,1,-88,-9,11,7,53,2,13403661,21
403.06,1547728792,2894.61,51.510243,7.461872,154.87,0.00,0.00,118.76,1,-88,-9,11,7,53,2,13403661,21
404.06,1547728793,2894.61,51.510243,7.461872,154.92,0.00,0.00,118.76,1,-87,-9,10,11,53,2,13403661,21
405.06,1547728794,2894.61,51.510243,7.461872,154.97,0.00,0.00,118.76,1,-87,-9,10,11,53,2,13403661,21
406.06,1547728795,2894.61,51.510243,7.461872,155.03,0.00,0.00,118.76,1,-87,-11,10,8,55,2,13403661,21
407.06,1547728796,2894.61,51.510243,7.461872,155.09,0.00,0.00,118.76,1,-87,-11,10,8,55,2,13403661,21
408.06,1547728797,2894.61,51.510243,7.461872,155.16,0.00,0.00,118.76,1,-88,-9,11,12,53,2,13403661,21
409.06,1547728798,2894.61,51.510243,7.461872,155.22,0.00,0.00,118.76,1,-88,-9,11,12,53,2,13403661,21
410.07,1547728799,2894.61,51.510243,7.461872,155.28,0.00,0.00,118.76,1,-86,-8,11,11,53,2,13403661,21
411.05,1547728800,2894.61,51.510243,7.461872,155.89,0.00,0.00,118.76,1,-86,-8,11,11,53,2,13403661,21
412.06,1547728801,2894.61,51.510243,7.461872,156.46,0.00,0.00,118.76,1,-86,-8,11,11,53,2,13403661,21
413.06,1547728802,2894.61,51.510243,7.461872,156.97,0.00,0.00,123.24,1,-87,-8,11,9,54,2,13403661,21
414.06,1547728803,2894.61,51.510243,7.461872,160.34,0.00,0.00,123.06,1,-87,-8,11,9,54,2,13403661,21
415.06,1547728804,2894.61,51.510160,7.462080,162.74,6.09,0.00,122.04,1,-87,-8,10,10,54,2,13403661,21
416.06,1547728805,2900.70,51.510117,7.462181,164.61,7.45,1.36,121.06,1,-87,-8,10,10,54,2,13403661,21
417.06,1547728806,2908.15,51.510079,7.462293,166.02,7.97,0.52,119.21,1,-88,-9,9,9,52,2,13403661,21
418.06,1547728807,2916.11,51.510048,7.462403,166.66,7.69,-0.28,118.44,1,-88,-9,9,9,52,2,13403661,21
419.06,1547728808,2923.80,51.510013,7.462522,167.32,8.19,0.50,118.83,1,-85,-9,9,8,55,2,13403661,21
420.07,1547728809,2932.10,51.509970,7.462655,167.60,9.40,1.19,119.96,1,-85,-9,9,8,55,2,13403661,21
421.06,1547728810,2941.37,51.509935,7.462785,167.63,9.02,-0.38,116.08,1,-85,-8,9,11,55,2,13403661,21
422.06,1547728811,2950.38,51.509923,7.462921,167.74,7.89,-1.13,100.27,1,-85,-8,9,11,55,2,13403661,21
423.06,1547728812,2958.28,51.509914,7.463056,167.97,7.92,0.03,99.39,1,-86,-8,12,11,54,2,13403661,21
424.06,1547728813,2966.24,51.509904,7.463186,168.64,8.27,0.35,98.26,1,-86,-8,12,11,54,2,13403661,21
425.06,1547728814,2974.48,51.509900,7.463302,168.52,7.93,-0.34,96.95,1,-86,-9,12,12,54,2,13403661,21
426.06,1547728815,2982.41,51.509901,7.463418,167.28,7.89,-0.04,95.70,1,-86,-9,12,12,54,2,13403661,21
427.06,1547728816,2990.29,51.509904,7.463523,165.45,7.65,-0.24,94.66,1,-88,-8,12,12,52,2,13403661,21
428.06,1547728817,2997.95,51.509909,7.463620,164.19,7.65,0.00,95.19,1,-88,-8,12,12,52,2,13403661,21
429.06,1547728818,3005.61,51.509906,7.463720,164.07,7.16,-0.49,92.77,1,-85,-7,12,11,55,2,13403661,21
430.05,1547728819,3012.74,51.509907,7.463827,163.65,6.89,-0.27,91.62,1,-85,-7,12,11,55,2,13403661,21
431.06,1547728820,3019.71,51.509909,7.463911,163.05,5.34,-1.53,91.22,1,-87,-9,13,12,55,2,13403661,21
432.06,1547728821,3025.00,51.509907,7.463992,162.95,4.76,-0.58,90.79,1,-87,-9,13,12,55,2,13403661,21
433.06,1547728822,3029.77,51.509909,7.464066,162.81,4.98,0.22,91.34,1,-87,-9,13,12,55,2,13403661,21
434.06,1547728823,3034.75,51.509903,7.464131,163.09,4.98,0.00,91.62,1,-87,-9,14,13,54,2,13403661,21
435.06,1547728824,3039.74,51.509903,7.464245,162.85,6.70,1.72,91.60,1,-87,-9,14,13,54,2,13403661,21
436.06,1547728825,3046.44,51.509901,7.464388,162.06,6.70,0.00,91.62,1,-89,-8,13,14,52,2,13403661,21
437.06,1547728826,3053.14,51.509899,7.464507,161.86,8.46,1.76,91.91,1,-89,-8,13,14,52,2,13403661,21
438.05,1547728827,3061.58,51.509900,7.464619,161.47,9.30,0.84,91.50,1,-89,-8,15,14,51,2,13403661,21
439.06,1547728828,3070.90,51.509902,7.464746,160.27,9.72,0.42,91.17,1,-89,-8,15,14,51,2,13403661,21
440.05,1547728829,3080.60,51.509904,7.464866,159.74,8.55,-1.17,90.76,1,-89,-8,15,15,51,2,13403661,21
441.06,1547728830,3089.16,51.509905,7.464995,160.08,8.94,0.39,91.90,1,-89,-8,15,15,51,2,13403661,21
442.05,1547728831,3098.09,51.509903,7.465138,160.01,9.65,0.71,92.90,1,-88,-7,17,15,51,2,13403661,21
443.06,1547728832,3107.77,51.509901,7.465293,159.85,10.44,0.79,93.32,1,-88,-7,17,15,51,2,13403661,21
444.06,1547728833,3118.22,51.509896,7.465451,159.52,10.37,-0.07,93.45,1,-89,-8,17,15,50,2,13403661,21
445.06,1547728834,3128.58,51.509891,7.465615,158.94,10.88,0.52,93.73,1,-89,-8,17,15,50,2,13403661,21
446.06,1547728835,3139.46,51.509887,7.465783,157.87,11.28,0.40,94.12,1,-82,-7,21,15,56,2,13403661,21
447.05,1547728836,3150.72,51.509883,7.465963,157.18,11.28,0.00,94.12,1,-82,-7,21,15,56,2,13403661,21
448.06,1547728837,3162.03,51.509875,7.466142,156.35,11.83,0.55,93.04,1,-82,-8,26,15,57,2,13403661,21
449.06,1547728838,3173.87,51.509870,7.466336,155.85,12.46,0.63,92.57,1,-82,-8,26,15,57,2,13403661,21
450.06,1547728839,3186.34,51.509865,7.466525,155.40,12.74,0.28,92.19,1,-80,-6,26,15,59,2,13403661,21
