time_s,timestamp_ms,distance_m,latitude,longitude,altitude,velocity_mps,acceleration_mpss,direction,isRegistered,rsrp_dbm,rsrq_db,rssnr_db,cqi,ss,ta,ci,pci
0.05,1547729653,0.01,51.509836,7.467496,151.43,12.62,0.00,95.76,0,-68,-5,0,0,63,0,0,138
1.05,1547729654,12.68,51.509820,7.467678,151.16,12.35,0.00,96.47,0,-67,-5,0,0,63,0,0,138
2.05,1547729655,25.03,51.509805,7.467854,150.49,12.04,0.00,96.64,0,-67,-5,0,0,63,0,0,138
3.05,1547729656,37.08,51.509790,7.468021,149.80,11.54,0.00,95.52,0,-70,-5,0,0,63,0,0,138
4.05,1547729657,48.62,51.509784,7.468175,148.79,11.42,0.00,93.74,0,-70,-5,0,0,63,0,0,138
5.05,1547729658,60.03,51.509783,7.468341,147.98,11.55,0.00,90.80,0,-74,-6,0,0,62,0,0,138
6.05,1547729659,71.56,51.509784,7.468510,147.38,11.55,0.00,92.91,0,-74,-6,0,0,62,0,0,138
7.05,1547729660,83.12,51.509812,7.468682,146.89,12.01,0.00,73.75,0,-75,-6,0,0,61,0,0,138
8.05,1547729661,95.14,51.509852,7.468847,146.53,12.33,0.00,72.07,0,-75,-6,0,0,61,0,0,138
9.05,1547729662,107.46,51.509891,7.468999,146.22,12.33,0.00,72.07,0,-100,-9,0,0,40,0,0,374
9.05,1547729662,107.48,51.509891,7.468999,146.22,12.33,0.00,72.07,0,-76,-6,0,0,61,0,0,138
10.05,1547729663,119.80,51.509960,7.469164,145.59,13.00,0.00,68.11,0,-100,-9,0,0,40,0,0,374
10.05,1547729663,119.81,51.509960,7.469164,145.59,13.00,0.00,68.11,0,-76,-6,0,0,61,0,0,138
11.05,1547729664,132.79,51.510024,7.469332,145.52,13.71,0.00,58.81,0,-100,-11,0,0,42,0,0,324
11.05,1547729664,132.81,51.510024,7.469332,145.52,13.71,0.00,58.81,0,-101,-11,0,0,42,0,0,374
11.05,1547729664,132.82,51.510024,7.469332,145.52,13.71,0.00,58.81,0,-103,-14,0,0,43,0,0,358
11.05,1547729664,132.82,51.510024,7.469332,145.52,13.71,0.00,58.81,0,-72,-5,0,0,63,0,0,138
12.05,1547729665,146.54,51.510094,7.469506,145.27,14.32,0.00,58.29,0,-100,-11,0,0,42,0,0,324
12.05,1547729665,146.54,51.510094,7.469506,145.27,14.32,0.00,58.29,0,-101,-11,0,0,42,0,0,374
12.05,1547729665,146.56,51.510094,7.469506,145.27,14.32,0.00,58.29,0,-103,-14,0,0,43,0,0,358
12.05,1547729665,146.57,51.510094,7.469506,145.27,14.32,0.00,58.29,0,-72,-5,0,0,63,0,0,138
15.05,1547729668,189.85,51.510319,7.470033,143.75,14.77,0.00,57.19,0,-86,-7,0,0,51,0,0,138
16.05,1547729669,204.62,51.510391,7.470211,143.68,14.11,0.00,57.53,0,-86,-7,0,0,51,0,0,138
17.05,1547729670,218.79,51.510464,7.470383,143.02,14.47,0.00,56.17,0,-88,-8,0,0,51,0,0,138
18.05,1547729671,233.20,51.510548,7.470557,143.36,14.47,0.00,53.84,0,-88,-8,0,0,51,0,0,138
19.05,1547729672,247.65,51.510639,7.470715,143.86,14.55,0.00,51.12,0,-88,-8,0,0,51,0,0,138
20.05,1547729673,262.22,51.510738,7.470864,144.17,14.91,0.00,48.13,0,-90,-10,0,0,51,0,0,138
20.05,1547729673,262.23,51.510738,7.470864,144.17,14.91,0.00,48.13,0,-95,-15,0,0,51,0,0,296
21.05,1547729674,277.09,51.510841,7.471011,144.16,15.22,0.00,45.55,0,-90,-10,0,0,51,0,0,138
21.05,1547729674,277.09,51.510841,7.471011,144.16,15.22,0.00,45.55,0,-95,-15,0,0,51,0,0,296
22.05,1547729675,292.37,51.510948,7.471153,144.00,15.38,0.00,43.56,0,-92,-13,0,0,53,0,0,152
22.05,1547729675,292.38,51.510948,7.471153,144.00,15.38,0.00,43.56,0,-92,-13,0,0,53,0,0,138
23.05,1547729676,307.77,51.511060,7.471300,143.48,15.94,0.00,42.17,0,-92,-13,0,0,53,0,0,152
23.05,1547729676,307.77,51.511060,7.471300,143.48,15.94,0.00,42.17,0,-92,-13,0,0,53,0,0,138
24.05,1547729677,323.62,51.511172,7.471447,143.07,15.77,0.00,41.28,0,-91,-11,0,0,51,0,0,152
25.05,1547729678,339.46,51.511283,7.471584,142.58,15.50,0.00,40.54,0,-91,-11,0,0,51,0,0,152
26.05,1547729679,354.96,51.511392,7.471724,142.09,15.58,0.00,40.03,0,-86,-9,0,0,54,0,0,152
27.05,1547729680,370.46,51.511498,7.471855,141.10,15.04,0.00,39.65,0,-86,-9,0,0,54,0,0,152
28.05,1547729681,385.52,51.511605,7.471987,140.43,14.96,0.00,38.93,0,-86,-11,0,0,56,0,0,152
29.05,1547729682,400.53,51.511713,7.472121,139.99,15.10,0.00,39.14,0,-86,-11,0,0,56,0,0,152
30.05,1547729683,415.68,51.511822,7.472261,139.65,15.46,0.00,38.98,0,-87,-10,0,0,54,0,0,152
30.05,1547729683,415.69,51.511822,7.472261,139.65,15.46,0.00,38.98,0,-89,-11,0,0,52,0,0,150
31.05,1547729684,431.04,51.511928,7.472395,139.30,15.11,0.00,38.33,0,-87,-10,0,0,54,0,0,152
31.05,1547729684,431.04,51.511928,7.472395,139.30,15.11,0.00,38.33,0,-89,-11,0,0,52,0,0,150
32.05,1547729685,446.19,51.512035,7.472515,138.90,14.34,0.00,37.16,0,-88,-11,0,0,54,0,0,152
33.05,1547729686,460.52,51.512137,7.472629,138.79,13.43,0.00,34.08,0,-88,-11,0,0,54,0,0,152
34.05,1547729687,473.98,51.512252,7.472697,138.58,13.47,0.00,20.50,0,-80,-11,0,0,63,0,0,150
34.05,1547729687,473.99,51.512252,7.472697,138.58,13.47,0.00,20.50,0,-81,-12,0,0,63,0,0,152
35.05,1547729688,487.45,51.512361,7.472757,138.29,12.68,0.00,17.91,0,-80,-11,0,0,63,0,0,150
35.05,1547729688,487.46,51.512361,7.472757,138.29,12.68,0.00,17.91,0,-81,-12,0,0,63,0,0,152
36.05,1547729689,500.10,51.512485,7.472810,138.69,14.03,0.00,13.85,0,-80,-9,0,0,59,0,0,150
36.05,1547729689,500.12,51.512485,7.472810,138.69,14.03,0.00,13.85,0,-83,-11,0,0,59,0,0,152
37.05,1547729690,514.16,51.512611,7.472843,138.99,14.14,0.00,10.76,0,-80,-9,0,0,59,0,0,150
37.05,1547729690,514.17,51.512611,7.472843,138.99,14.14,0.00,10.76,0,-83,-11,0,0,59,0,0,152
38.06,1547729691,528.43,51.512744,7.472861,139.21,14.84,0.00,8.19,0,-83,-9,0,0,56,0,0,152
38.06,1547729691,528.45,51.512744,7.472861,139.21,14.84,0.00,8.19,0,-84,-10,0,0,56,0,0,150
39.05,1547729692,543.14,51.512879,7.472876,139.36,15.36,0.00,6.63,0,-83,-9,0,0,56,0,0,152
39.05,1547729692,543.14,51.512879,7.472876,139.36,15.36,0.00,6.63,0,-84,-10,0,0,56,0,0,150
40.05,1547729693,558.52,51.513018,7.472893,139.83,15.34,0.00,5.65,0,-83,-9,0,0,56,0,0,152
40.05,1547729693,558.53,51.513018,7.472893,139.83,15.34,0.00,5.65,0,-84,-10,0,0,56,0,0,150
41.05,1547729694,573.80,51.513146,7.472910,141.82,14.94,0.00,4.98,0,-94,-10,0,0,48,0,0,358
41.05,1547729694,573.80,51.513146,7.472910,141.82,14.94,0.00,4.98,0,-81,-9,0,0,58,0,0,150
41.05,1547729694,573.80,51.513146,7.472910,141.82,14.94,0.00,4.98,0,-81,-9,0,0,58,0,0,152
42.05,1547729695,588.72,51.513263,7.472919,143.29,13.51,0.00,4.45,0,-94,-10,0,0,48,0,0,358
42.05,1547729695,588.74,51.513263,7.472919,143.29,13.51,0.00,4.45,0,-81,-9,0,0,58,0,0,150
42.05,1547729695,588.74,51.513263,7.472919,143.29,13.51,0.00,4.45,0,-81,-9,0,0,58,0,0,152
43.05,1547729696,602.24,51.513370,7.472927,144.47,12.23,0.00,4.04,0,-80,-7,0,0,59,0,0,152
43.05,1547729696,602.25,51.513370,7.472927,144.47,12.23,0.00,4.04,0,-85,-13,0,0,59,0,0,150
44.05,1547729697,614.52,51.513460,7.472931,145.59,9.91,0.00,3.68,0,-80,-7,0,0,59,0,0,152
44.05,1547729697,614.53,51.513460,7.472931,145.59,9.91,0.00,3.68,0,-85,-13,0,0,59,0,0,150
45.05,1547729698,624.42,51.513537,7.472940,146.87,8.33,0.00,3.14,0,-91,-7,0,0,48,0,0,324
45.05,1547729698,624.42,51.513537,7.472940,146.87,8.33,0.00,3.14,0,-79,-7,0,0,59,0,0,152
46.05,1547729699,632.76,51.513605,7.472935,148.02,7.43,0.00,2.43,0,-91,-7,0,0,48,0,0,324
46.05,1547729699,632.76,51.513605,7.472935,148.02,7.43,0.00,2.43,0,-79,-7,0,0,59,0,0,152
47.05,1547729700,640.16,51.513664,7.472933,148.67,6.08,0.00,2.99,0,-92,-6,0,0,45,0,0,358
47.05,1547729700,640.16,51.513664,7.472933,148.67,6.08,0.00,2.99,0,-80,-7,0,0,58,0,0,152
48.05,1547729701,646.25,51.513713,7.472937,149.42,5.44,0.00,3.38,0,-92,-6,0,0,45,0,0,358
48.05,1547729701,646.26,51.513713,7.472937,149.42,5.44,0.00,3.38,0,-80,-7,0,0,58,0,0,152
49.05,1547729702,651.66,51.513737,7.472944,149.50,2.28,0.00,2.76,0,-78,-6,0,0,58,0,0,152
50.05,1547729703,653.95,51.513752,7.472943,149.55,0.98,0.00,2.76,0,-78,-6,0,0,58,0,0,152
51.05,1547729704,654.93,51.513752,7.472943,149.55,0.00,0.00,2.76,0,-81,-8,0,0,57,0,0,152
52.05,1547729705,654.93,51.513752,7.472943,149.55,0.00,0.00,2.76,0,-81,-8,0,0,57,0,0,152
53.05,1547729706,654.93,51.513752,7.472943,149.54,0.00,0.00,2.76,0,-79,-8,0,0,60,0,0,152
54.05,1547729707,654.93,51.513752,7.472943,149.52,0.00,0.00,2.76,0,-79,-8,0,0,60,0,0,152
55.05,1547729708,654.93,51.513752,7.472943,149.50,0.00,0.00,2.76,0,-78,-6,0,0,58,0,0,152
56.05,1547729709,654.93,51.513752,7.472943,149.36,0.00,0.00,2.76,0,-78,-6,0,0,58,0,0,152
57.05,1547729710,654.93,51.513752,7.472943,149.32,0.00,0.00,8.94,0,-80,-6,0,0,57,0,0,152
58.05,1547729711,654.93,51.513752,7.472943,149.33,0.00,0.00,9.47,0,-80,-6,0,0,57,0,0,152
59.06,1547729712,654.94,51.513873,7.472959,150.65,5.56,0.00,8.90,0,-80,-7,0,0,57,0,0,152
60.05,1547729713,660.44,51.513935,7.472964,151.52,6.61,0.00,7.13,0,-80,-7,0,0,57,0,0,152
61.05,1547729714,667.04,51.514008,7.472970,151.50,7.64,0.00,5.76,0,-80,-7,0,0,57,0,0,152
62.05,1547729715,674.69,51.514102,7.472974,150.60,9.70,0.00,5.22,0,-78,-7,0,0,60,0,0,152
63.05,1547729716,684.41,51.514195,7.472976,149.69,9.86,0.00,4.26,0,-78,-7,0,0,60,0,0,152
64.05,1547729717,694.26,51.514299,7.472958,148.79,9.86,0.00,5.00,0,-78,-6,0,0,60,0,0,152
65.05,1547729718,704.13,51.514398,7.472960,148.16,9.58,0.00,4.37,0,-78,-6,0,0,60,0,0,152
66.05,1547729719,713.72,51.514480,7.472963,147.64,8.34,0.00,5.25,0,-76,-6,0,0,61,0,0,152
67.05,1547729720,722.06,51.514546,7.472968,147.88,7.02,0.00,5.70,0,-76,-6,0,0,61,0,0,152
68.05,1547729721,729.07,51.514594,7.472974,147.76,5.04,0.00,4.51,0,-71,-6,0,0,63,0,0,152
69.05,1547729722,734.11,51.514634,7.472969,148.48,4.73,0.00,4.15,0,-71,-6,0,0,63,0,0,152
70.05,1547729723,738.83,51.514665,7.472977,148.52,3.40,0.00,3.83,0,-77,-6,0,0,60,0,0,152
71.05,1547729724,742.22,51.514689,7.472981,148.48,1.54,0.00,5.47,0,-77,-6,0,0,60,0,0,152
72.05,1547729725,743.76,51.514689,7.472981,148.48,0.00,0.00,5.47,0,-74,-6,0,0,63,0,0,152
73.05,1547729726,743.76,51.514689,7.472981,148.47,0.00,0.00,5.47,0,-74,-6,0,0,63,0,0,152
74.05,1547729727,743.76,51.514689,7.472981,148.45,0.00,0.00,5.47,0,-76,-6,0,0,61,0,0,152
75.05,1547729728,743.76,51.514689,7.472981,148.43,0.00,0.00,5.47,0,-76,-6,0,0,61,0,0,152
76.05,1547729729,743.76,51.514689,7.472981,148.41,0.00,0.00,5.47,0,-78,-6,0,0,58,0,0,152
77.05,1547729730,743.76,51.514689,7.472981,148.38,0.00,0.00,5.47,0,-78,-6,0,0,58,0,0,152
78.05,1547729731,743.76,51.514689,7.472981,148.34,0.00,0.00,5.47,0,-80,-7,0,0,59,0,0,152
79.05,1547729732,743.76,51.514689,7.472981,148.29,0.00,0.00,5.47,0,-80,-7,0,0,59,0,0,152
80.06,1547729733,743.76,51.514689,7.472981,148.23,0.00,0.00,5.47,0,-80,-6,0,0,57,0,0,152
81.05,1547729734,743.76,51.514689,7.472981,148.17,0.00,0.00,5.47,0,-80,-6,0,0,57,0,0,152
82.05,1547729735,743.76,51.514689,7.472981,148.10,0.00,0.00,5.47,0,-80,-6,0,0,57,0,0,152
83.05,1547729736,743.76,51.514689,7.472981,148.03,0.00,0.00,5.47,0,-80,-6,0,0,57,0,0,152
84.05,1547729737,743.76,51.514689,7.472981,147.95,0.00,0.00,5.47,0,-80,-6,0,0,57,0,0,152
85.05,1547729738,743.76,51.514689,7.472981,147.87,0.00,0.00,5.47,0,-80,-6,0,0,56,0,0,152
86.05,1547729739,743.76,51.514689,7.472981,147.78,0.00,0.00,5.47,0,-80,-6,0,0,56,0,0,152
87.05,1547729740,743.76,51.514689,7.472981,147.69,0.00,0.00,5.47,0,-79,-6,0,0,58,0,0,152
88.05,1547729741,743.76,51.514689,7.472981,147.60,0.00,0.00,5.47,0,-79,-6,0,0,58,0,0,152
89.05,1547729742,743.76,51.514689,7.472981,147.52,0.00,0.00,5.47,0,-79,-6,0,0,57,0,0,152
90.05,1547729743,743.76,51.514689,7.472981,147.45,0.00,0.00,5.47,0,-79,-6,0,0,57,0,0,152
91.05,1547729744,743.76,51.514689,7.472981,147.39,0.00,0.00,5.47,0,-79,-5,0,0,56,0,0,152
92.05,1547729745,743.76,51.514689,7.472981,147.33,0.00,0.00,5.47,0,-79,-5,0,0,56,0,0,152
93.05,1547729746,743.76,51.514689,7.472981,147.28,0.00,0.00,5.47,0,-80,-6,0,0,56,0,0,152
94.05,1547729747,743.76,51.514689,7.472981,147.23,0.00,0.00,5.47,0,-80,-6,0,0,56,0,0,152
95.05,1547729748,743.76,51.514689,7.472981,147.19,0.00,0.00,5.47,0,-80,-7,0,0,58,0,0,152
96.05,1547729749,743.76,51.514689,7.472981,147.15,0.00,0.00,5.47,0,-80,-7,0,0,58,0,0,152
97.05,1547729750,743.76,51.514689,7.472981,147.11,0.00,0.00,5.47,0,-80,-6,0,0,57,0,0,152
98.05,1547729751,743.76,51.514689,7.472981,147.07,0.00,0.00,5.47,0,-80,-6,0,0,57,0,0,152
99.05,1547729752,743.76,51.514689,7.472981,147.03,0.00,0.00,5.47,0,-80,-5,0,0,56,0,0,152
100.05,1547729753,743.76,51.514689,7.472981,146.99,0.00,0.00,5.47,0,-80,-5,0,0,56,0,0,152
101.06,1547729754,743.76,51.514689,7.472981,146.96,0.00,0.00,5.47,0,-80,-7,0,0,58,0,0,152
102.05,1547729755,743.76,51.514689,7.472981,146.92,0.00,0.00,5.47,0,-80,-7,0,0,58,0,0,152
103.05,1547729756,743.76,51.514689,7.472981,146.89,0.00,0.00,5.47,0,-80,-7,0,0,58,0,0,152
104.05,1547729757,743.76,51.514689,7.472981,146.87,0.00,0.00,5.47,0,-80,-7,0,0,57,0,0,152
105.05,1547729758,743.76,51.514689,7.472981,146.84,0.00,0.00,5.47,0,-80,-7,0,0,57,0,0,152
106.05,1547729759,743.76,51.514689,7.472981,146.81,0.00,0.00,5.47,0,-79,-6,0,0,56,0,0,152
107.05,1547729760,743.76,51.514689,7.472981,146.79,0.00,0.00,5.47,0,-79,-6,0,0,56,0,0,152
108.05,1547729761,743.76,51.514689,7.472981,146.76,0.00,0.00,5.47,0,-80,-7,0,0,59,0,0,152
109.05,1547729762,743.76,51.514689,7.472981,146.73,0.00,0.00,5.47,0,-80,-7,0,0,59,0,0,152
110.04,1547729763,743.76,51.514689,7.472981,146.69,0.00,0.00,5.47,0,-79,-6,0,0,57,0,0,152
111.05,1547729764,743.76,51.514689,7.472981,146.64,0.00,0.00,5.47,0,-79,-6,0,0,57,0,0,152
112.05,1547729765,743.76,51.514689,7.472981,146.59,0.00,0.00,5.47,0,-79,-5,0,0,56,0,0,152
113.05,1547729766,743.76,51.514689,7.472981,146.53,0.00,0.00,5.47,0,-79,-5,0,0,56,0,0,152
114.05,1547729767,743.76,51.514689,7.472981,146.46,0.00,0.00,5.47,0,-80,-6,0,0,56,0,0,152
115.05,1547729768,743.76,51.514689,7.472981,146.40,0.00,0.00,5.47,0,-80,-6,0,0,56,0,0,152
116.05,1547729769,743.76,51.514689,7.472981,146.34,0.00,0.00,5.47,0,-79,-5,0,0,56,0,0,152
117.05,1547729770,743.76,51.514689,7.472981,146.28,0.00,0.00,5.47,0,-79,-5,0,0,56,0,0,152
118.05,1547729771,743.76,51.514689,7.472981,146.24,0.00,0.00,5.47,0,-79,-6,0,0,56,0,0,152
119.05,1547729772,743.76,51.514689,7.472981,146.20,0.00,0.00,5.47,0,-79,-6,0,0,56,0,0,152
120.05,1547729773,743.76,51.514689,7.472981,146.17,0.00,0.00,5.47,0,-81,-6,0,0,57,0,0,152
121.05,1547729774,743.76,51.514689,7.472981,146.15,0.00,0.00,5.47,0,-81,-6,0,0,57,0,0,152
122.05,1547729775,743.76,51.514689,7.472981,146.13,0.00,0.00,5.47,0,-81,-6,0,0,56,0,0,152
123.05,1547729776,743.76,51.514689,7.472981,146.10,0.00,0.00,5.47,0,-81,-6,0,0,56,0,0,152
124.05,1547729777,743.76,51.514689,7.472981,146.08,0.00,0.00,5.47,0,-81,-6,0,0,56,0,0,152
125.05,1547729778,743.76,51.514689,7.472981,145.87,0.00,0.00,1.43,0,-82,-6,0,0,55,0,0,152
126.05,1547729779,743.76,51.514764,7.472987,143.97,0.00,0.00,2.53,0,-82,-6,0,0,55,0,0,152
127.05,1547729780,743.77,51.514823,7.472992,142.78,6.79,0.00,3.03,0,-75,-7,0,0,63,0,0,152
128.05,1547729781,750.57,51.514907,7.472997,141.41,9.09,0.00,3.21,0,-75,-7,0,0,63,0,0,152
129.05,1547729782,759.65,51.514999,7.473003,140.02,10.12,0.00,2.79,0,-80,-7,0,0,57,0,0,152
130.05,1547729783,769.75,51.515102,7.473010,138.65,11.02,0.00,1.65,0,-80,-7,0,0,57,0,0,152
131.05,1547729784,780.79,51.515208,7.473008,137.13,11.56,0.00,0.05,0,-84,-7,0,0,53,0,0,152
132.05,1547729785,792.32,51.515312,7.473005,135.93,11.27,0.00,357.64,0,-84,-7,0,0,53,0,0,152
133.06,1547729786,803.70,51.515428,7.472975,134.84,13.14,0.00,353.64,0,-98,-15,0,0,48,0,0,372
133.06,1547729786,803.70,51.515428,7.472975,134.84,13.14,0.00,353.64,0,-84,-7,0,0,54,0,0,152
134.05,1547729787,816.76,51.515558,7.472930,134.17,14.86,0.00,350.47,0,-98,-15,0,0,48,0,0,372
134.05,1547729787,816.77,51.515558,7.472930,134.17,14.86,0.00,350.47,0,-84,-7,0,0,54,0,0,152
135.05,1547729788,831.63,51.515681,7.472840,133.19,15.28,0.00,336.55,0,-98,-15,0,0,48,0,0,372
135.05,1547729788,831.64,51.515681,7.472840,133.19,15.28,0.00,336.55,0,-84,-8,0,0,54,0,0,152
136.05,1547729789,846.91,51.515808,7.472727,132.91,16.38,0.00,336.18,0,-98,-15,0,0,48,0,0,372
136.05,1547729789,846.93,51.515808,7.472727,132.91,16.38,0.00,336.18,0,-84,-8,0,0,54,0,0,152
137.05,1547729790,863.29,51.515949,7.472596,132.92,17.97,0.00,333.48,0,-96,-6,0,0,42,0,0,372
137.05,1547729790,863.31,51.515949,7.472596,132.92,17.97,0.00,333.48,0,-79,-6,0,0,58,0,0,152
138.05,1547729791,881.25,51.516064,7.472442,133.07,17.20,0.00,320.39,0,-96,-6,0,0,42,0,0,372
138.05,1547729791,881.27,51.516064,7.472442,133.07,17.20,0.00,320.39,0,-79,-6,0,0,58,0,0,152
139.05,1547729792,898.48,51.516180,7.472274,132.38,16.97,0.00,319.76,0,-99,-7,0,0,39,0,0,372
139.05,1547729792,898.50,51.516180,7.472274,132.38,16.97,0.00,319.76,0,-88,-8,0,0,51,0,0,152
139.05,1547729792,898.52,51.516180,7.472274,132.38,16.97,0.00,319.76,0,-92,-11,0,0,49,0,0,273
140.05,1547729793,915.37,51.516283,7.472107,131.43,15.86,0.00,317.28,0,-99,-7,0,0,39,0,0,372
140.05,1547729793,915.37,51.516283,7.472107,131.43,15.86,0.00,317.28,0,-88,-8,0,0,51,0,0,152
140.05,1547729793,915.37,51.516283,7.472107,131.43,15.86,0.00,317.28,0,-92,-11,0,0,49,0,0,273
141.05,1547729794,931.23,51.516385,7.471924,130.44,16.54,0.00,315.64,0,-100,-11,0,0,43,0,0,372
141.05,1547729794,931.23,51.516385,7.471924,130.44,16.54,0.00,315.64,0,-87,-10,0,0,53,0,0,151
141.05,1547729794,931.23,51.516385,7.471924,130.44,16.54,0.00,315.64,0,-88,-10,0,0,53,0,0,152
142.05,1547729795,947.86,51.516455,7.471699,129.60,16.88,0.00,298.37,0,-100,-11,0,0,43,0,0,372
142.05,1547729795,947.88,51.516455,7.471699,129.60,16.88,0.00,298.37,0,-87,-10,0,0,53,0,0,151
142.05,1547729795,947.88,51.516455,7.471699,129.60,16.88,0.00,298.37,0,-88,-10,0,0,53,0,0,152
143.05,1547729796,964.78,51.516525,7.471463,128.82,17.74,0.00,295.64,0,-84,-7,0,0,54,0,0,151
143.06,1547729796,964.79,51.516525,7.471463,128.82,17.74,0.00,295.64,0,-89,-13,0,0,54,0,0,152
144.05,1547729797,982.46,51.516585,7.471231,128.84,17.17,0.00,294.70,0,-84,-7,0,0,54,0,0,151
144.05,1547729797,982.48,51.516585,7.471231,128.84,17.17,0.00,294.70,0,-89,-13,0,0,54,0,0,152
145.05,1547729798,999.54,51.516645,7.471007,129.55,16.62,0.00,294.82,0,-84,-7,0,0,54,0,0,151
145.05,1547729798,999.54,51.516645,7.471007,129.55,16.62,0.00,294.82,0,-89,-13,0,0,54,0,0,152
146.05,1547729799,1016.16,51.516705,7.470800,130.06,16.24,0.00,295.14,0,-99,-8,0,0,41,0,0,372
146.05,1547729799,1016.16,51.516705,7.470800,130.06,16.24,0.00,295.14,0,-84,-7,0,0,55,0,0,151
146.05,1547729799,1016.16,51.516705,7.470800,130.06,16.24,0.00,295.14,0,-89,-14,0,0,57,0,0,152
147.05,1547729800,1032.46,51.516761,7.470583,131.03,15.91,0.00,294.57,0,-99,-8,0,0,41,0,0,372
147.05,1547729800,1032.48,51.516761,7.470583,131.03,15.91,0.00,294.57,0,-84,-7,0,0,55,0,0,151
147.05,1547729800,1032.50,51.516761,7.470583,131.03,15.91,0.00,294.57,0,-89,-14,0,0,57,0,0,152
148.05,1547729801,1048.39,51.516816,7.470372,132.19,15.62,0.00,293.54,0,-97,-8,0,0,44,0,0,372
148.05,1547729801,1048.39,51.516816,7.470372,132.19,15.62,0.00,293.54,0,-87,-8,0,0,51,0,0,151
148.05,1547729801,1048.40,51.516816,7.470372,132.19,15.62,0.00,293.54,0,-92,-13,0,0,51,0,0,152
149.05,1547729802,1063.97,51.516866,7.470160,133.05,15.60,0.00,292.01,0,-97,-8,0,0,44,0,0,372
149.05,1547729802,1063.99,51.516866,7.470160,133.05,15.60,0.00,292.01,0,-87,-8,0,0,51,0,0,151
149.05,1547729802,1064.01,51.516866,7.470160,133.05,15.60,0.00,292.01,0,-92,-13,0,0,51,0,0,152
150.05,1547729803,1079.59,51.516911,7.469940,133.24,15.87,0.00,290.36,0,-92,-11,0,0,49,0,0,152
150.05,1547729803,1079.59,51.516911,7.469940,133.24,15.87,0.00,290.36,0,-92,-11,0,0,49,0,0,151
151.05,1547729804,1095.49,51.516955,7.469717,133.06,16.11,0.00,289.27,0,-92,-11,0,0,49,0,0,152
151.05,1547729804,1095.50,51.516955,7.469717,133.06,16.11,0.00,289.27,0,-92,-11,0,0,49,0,0,151
154.05,1547729807,1143.11,51.517068,7.469070,134.20,15.09,0.00,288.84,0,-85,-7,0,0,52,0,0,295
155.05,1547729808,1158.18,51.517107,7.468893,133.45,13.87,0.00,289.35,0,-85,-7,0,0,52,0,0,295
156.05,1547729809,1172.08,51.517143,7.468740,132.35,11.27,0.00,290.01,0,-93,-6,0,0,45,0,0,372
156.05,1547729809,1172.09,51.517143,7.468740,132.35,11.27,0.00,290.01,0,-90,-7,0,0,48,0,0,295
156.05,1547729809,1172.09,51.517143,7.468740,132.35,11.27,0.00,290.01,0,-93,-10,0,0,47,0,0,151
157.05,1547729810,1183.34,51.517180,7.468599,131.51,10.20,0.00,290.95,0,-93,-6,0,0,45,0,0,372
157.05,1547729810,1183.35,51.517180,7.468599,131.51,10.20,0.00,290.95,0,-90,-7,0,0,48,0,0,295
157.05,1547729810,1183.36,51.517180,7.468599,131.51,10.20,0.00,290.95,0,-93,-10,0,0,47,0,0,151
158.05,1547729811,1193.54,51.517214,7.468442,131.06,11.14,0.00,289.98,0,-93,-12,0,0,50,0,0,295
158.05,1547729811,1193.55,51.517214,7.468442,131.06,11.14,0.00,289.98,0,-95,-14,0,0,51,0,0,151
159.05,1547729812,1204.67,51.517248,7.468282,131.72,11.30,0.00,289.61,0,-93,-12,0,0,50,0,0,295
159.05,1547729812,1204.68,51.517248,7.468282,131.72,11.30,0.00,289.61,0,-95,-14,0,0,51,0,0,151
160.05,1547729813,1215.93,51.517282,7.468131,133.07,10.52,0.00,290.91,0,-88,-8,0,0,50,0,0,146
161.05,1547729814,1226.48,51.517311,7.468016,134.26,8.25,0.00,293.31,0,-88,-8,0,0,50,0,0,146
162.05,1547729815,1234.71,51.517339,7.467915,134.51,6.86,0.00,293.68,0,-90,-8,0,0,48,0,0,146
162.05,1547729815,1234.71,51.517339,7.467915,134.51,6.86,0.00,293.68,0,-96,-10,0,0,46,0,0,295
163.05,1547729816,1241.56,51.517366,7.467824,134.19,6.50,0.00,294.28,0,-90,-8,0,0,48,0,0,146
163.05,1547729816,1241.56,51.517366,7.467824,134.19,6.50,0.00,294.28,0,-96,-10,0,0,46,0,0,295
164.06,1547729817,1248.13,51.517398,7.467727,133.69,7.26,0.00,297.06,0,-90,-8,0,0,49,0,0,146
164.06,1547729817,1248.13,51.517398,7.467727,133.69,7.26,0.00,297.06,0,-94,-9,0,0,46,0,0,151
165.05,1547729818,1255.35,51.517433,7.467618,133.68,8.56,0.00,298.05,0,-90,-8,0,0,49,0,0,146
165.05,1547729818,1255.35,51.517433,7.467618,133.68,8.56,0.00,298.05,0,-94,-9,0,0,46,0,0,151
166.05,1547729819,1263.91,51.517475,7.467501,133.69,8.94,0.00,299.05,0,-90,-8,0,0,49,0,0,146
166.05,1547729819,1263.92,51.517475,7.467501,133.69,8.94,0.00,299.05,0,-94,-9,0,0,46,0,0,151
167.05,1547729820,1272.86,51.517523,7.467359,133.55,10.70,0.00,299.66,0,-95,-9,0,0,45,0,0,151
167.05,1547729820,1272.87,51.517523,7.467359,133.55,10.70,0.00,299.66,0,-96,-10,0,0,45,0,0,146
168.05,1547729821,1283.56,51.517575,7.467216,133.63,12.10,0.00,297.23,0,-95,-9,0,0,45,0,0,151
168.05,1547729821,1283.58,51.517575,7.467216,133.63,12.10,0.00,297.23,0,-96,-10,0,0,45,0,0,146
169.05,1547729822,1295.68,51.517624,7.467058,134.04,12.62,0.00,295.18,0,-102,-11,0,0,41,0,0,331
169.05,1547729822,1295.69,51.517624,7.467058,134.04,12.62,0.00,295.18,0,-103,-10,0,0,39,0,0,372
169.05,1547729822,1295.69,51.517624,7.467058,134.04,12.62,0.00,295.18,0,-96,-11,0,0,46,0,0,146
169.05,1547729822,1295.70,51.517624,7.467058,134.04,12.62,0.00,295.18,0,-97,-12,0,0,46,0,0,151
170.05,1547729823,1308.23,51.517672,7.466873,134.54,13.62,0.00,293.05,0,-102,-11,0,0,41,0,0,331
170.05,1547729823,1308.24,51.517672,7.466873,134.54,13.62,0.00,293.05,0,-103,-10,0,0,39,0,0,372
170.05,1547729823,1308.24,51.517672,7.466873,134.54,13.62,0.00,293.05,0,-96,-11,0,0,46,0,0,146
170.05,1547729823,1308.24,51.517672,7.466873,134.54,13.62,0.00,293.05,0,-97,-12,0,0,46,0,0,151
171.05,1547729824,1321.95,51.517715,7.466678,135.12,14.30,0.00,290.85,0,-103,-12,0,0,40,0,0,470
171.05,1547729824,1321.95,51.517715,7.466678,135.12,14.30,0.00,290.85,0,-96,-10,0,0,46,0,0,146
171.05,1547729824,1321.96,51.517715,7.466678,135.12,14.30,0.00,290.85,0,-97,-12,0,0,46,0,0,151
172.05,1547729825,1336.18,51.517752,7.466470,134.83,14.30,0.00,290.85,0,-103,-12,0,0,40,0,0,470
172.05,1547729825,1336.18,51.517752,7.466470,134.83,14.30,0.00,290.85,0,-96,-10,0,0,46,0,0,146
172.05,1547729825,1336.18,51.517752,7.466470,134.83,14.30,0.00,290.85,0,-97,-12,0,0,46,0,0,151
173.05,1547729826,1350.53,51.517782,7.466230,134.04,16.36,0.00,279.58,0,-100,-13,0,0,43,0,0,470
173.05,1547729826,1350.54,51.517782,7.466230,134.04,16.36,0.00,279.58,0,-105,-17,0,0,42,0,0,331
173.05,1547729826,1350.56,51.517782,7.466230,134.04,16.36,0.00,279.58,0,-94,-10,0,0,46,0,0,146
173.05,1547729826,1350.56,51.517782,7.466230,134.04,16.36,0.00,279.58,0,-96,-12,0,0,46,0,0,151
174.05,1547729827,1366.92,51.517803,7.465993,133.05,15.88,0.00,278.89,0,-100,-13,0,0,43,0,0,470
174.05,1547729827,1366.93,51.517803,7.465993,133.05,15.88,0.00,278.89,0,-105,-17,0,0,42,0,0,331
174.06,1547729827,1366.95,51.517803,7.465993,133.05,15.88,0.00,278.89,0,-94,-10,0,0,46,0,0,146
174.06,1547729827,1366.96,51.517803,7.465993,133.05,15.88,0.00,278.89,0,-96,-12,0,0,46,0,0,151
177.05,1547729830,1409.24,51.517840,7.465399,133.43,10.44,0.00,276.93,0,-101,-11,0,0,42,0,0,443
177.05,1547729830,1409.25,51.517840,7.465399,133.43,10.44,0.00,276.93,0,-92,-8,0,0,46,0,0,189
177.05,1547729830,1409.25,51.517840,7.465399,133.43,10.44,0.00,276.93,0,-99,-13,0,0,45,0,0,151
178.05,1547729831,1419.73,51.517850,7.465253,134.01,8.47,0.00,276.39,0,-101,-11,0,0,42,0,0,443
178.05,1547729831,1419.74,51.517850,7.465253,134.01,8.47,0.00,276.39,0,-92,-8,0,0,46,0,0,189
178.05,1547729831,1419.74,51.517850,7.465253,134.01,8.47,0.00,276.39,0,-99,-13,0,0,45,0,0,151
179.05,1547729832,1428.20,51.517857,7.465111,133.96,8.82,0.00,274.43,0,-95,-9,0,0,45,0,0,443
179.05,1547729832,1428.21,51.517857,7.465111,133.96,8.82,0.00,274.43,0,-98,-11,0,0,45,0,0,24
179.05,1547729832,1428.22,51.517857,7.465111,133.96,8.82,0.00,274.43,0,-101,-12,0,0,42,0,0,358
179.05,1547729832,1428.23,51.517857,7.465111,133.96,8.82,0.00,274.43,0,-88,-8,0,0,50,0,0,189
179.05,1547729832,1428.23,51.517857,7.465111,133.96,8.82,0.00,274.43,0,-92,-10,0,0,49,0,0,455
180.05,1547729833,1436.99,51.517857,7.464950,134.14,10.62,0.00,271.66,0,-95,-9,0,0,45,0,0,443
180.05,1547729833,1437.00,51.517857,7.464950,134.14,10.62,0.00,271.66,0,-98,-11,0,0,45,0,0,24
180.05,1547729833,1437.00,51.517857,7.464950,134.14,10.62,0.00,271.66,0,-101,-12,0,0,42,0,0,358
180.05,1547729833,1437.01,51.517857,7.464950,134.14,10.62,0.00,271.66,0,-88,-8,0,0,50,0,0,189
180.05,1547729833,1437.01,51.517857,7.464950,134.14,10.62,0.00,271.66,0,-92,-10,0,0,49,0,0,455
181.05,1547729834,1447.61,51.517853,7.464782,134.28,11.08,0.00,269.08,0,-97,-11,0,0,47,0,0,358
181.05,1547729834,1447.62,51.517853,7.464782,134.28,11.08,0.00,269.08,0,-99,-13,0,0,47,0,0,470
181.05,1547729834,1447.62,51.517853,7.464782,134.28,11.08,0.00,269.08,0,-100,-12,0,0,45,0,0,443
181.05,1547729834,1447.63,51.517853,7.464782,134.28,11.08,0.00,269.08,0,-88,-9,0,0,51,0,0,189
182.05,1547729835,1458.71,51.517844,7.464626,134.38,10.26,0.00,266.39,0,-97,-11,0,0,47,0,0,358
182.05,1547729835,1458.71,51.517844,7.464626,134.38,10.26,0.00,266.39,0,-99,-13,0,0,47,0,0,470
182.05,1547729835,1458.72,51.517844,7.464626,134.38,10.26,0.00,266.39,0,-100,-12,0,0,45,0,0,443
182.05,1547729835,1458.72,51.517844,7.464626,134.38,10.26,0.00,266.39,0,-88,-9,0,0,51,0,0,189
183.05,1547729836,1469.01,51.517831,7.464475,134.34,9.95,0.00,264.00,0,-95,-9,0,0,46,0,0,470
183.05,1547729836,1469.02,51.517831,7.464475,134.34,9.95,0.00,264.00,0,-99,-13,0,0,45,0,0,443
183.06,1547729836,1469.03,51.517831,7.464475,134.34,9.95,0.00,264.00,0,-100,-13,0,0,44,0,0,358
183.06,1547729836,1469.03,51.517831,7.464475,134.34,9.95,0.00,264.00,0,-89,-8,0,0,49,0,0,189
184.05,1547729837,1478.96,51.517811,7.464350,134.19,8.79,0.00,260.65,0,-95,-9,0,0,46,0,0,470
184.05,1547729837,1478.96,51.517811,7.464350,134.19,8.79,0.00,260.65,0,-99,-13,0,0,45,0,0,443
184.05,1547729837,1478.96,51.517811,7.464350,134.19,8.79,0.00,260.65,0,-100,-13,0,0,44,0,0,358
184.06,1547729837,1478.97,51.517811,7.464350,134.19,8.79,0.00,260.65,0,-89,-8,0,0,49,0,0,189
185.06,1547729838,1487.78,51.517790,7.464219,133.66,9.04,0.00,258.29,0,-93,-9,0,0,47,0,0,189
186.05,1547729839,1496.74,51.517767,7.464093,132.70,8.61,0.00,256.21,0,-93,-9,0,0,47,0,0,189
187.05,1547729840,1505.35,51.517744,7.463971,131.87,8.09,0.00,255.74,0,-93,-9,0,0,47,0,0,189
188.05,1547729841,1513.45,51.517726,7.463866,130.88,7.43,0.00,255.22,0,-95,-10,0,0,46,0,0,443
188.05,1547729841,1513.46,51.517726,7.463866,130.88,7.43,0.00,255.22,0,-94,-10,0,0,47,0,0,189
188.05,1547729841,1513.46,51.517726,7.463866,130.88,7.43,0.00,255.22,0,-97,-15,0,0,48,0,0,141
189.05,1547729842,1520.88,51.517706,7.463764,130.01,7.03,0.00,253.80,0,-95,-10,0,0,46,0,0,443
189.05,1547729842,1520.89,51.517706,7.463764,130.01,7.03,0.00,253.80,0,-94,-10,0,0,47,0,0,189
189.05,1547729842,1520.89,51.517706,7.463764,130.01,7.03,0.00,253.80,0,-97,-15,0,0,48,0,0,141
190.05,1547729843,1527.88,51.517686,7.463658,129.60,7.37,0.00,252.81,0,-95,-15,0,0,52,0,0,24
191.05,1547729844,1535.27,51.517659,7.463550,129.85,7.73,0.00,250.82,0,-95,-15,0,0,52,0,0,24
192.05,1547729845,1543.00,51.517631,7.463449,130.09,7.46,0.00,249.56,0,-93,-12,0,0,51,0,0,24
192.05,1547729845,1543.00,51.517631,7.463449,130.09,7.46,0.00,249.56,0,-97,-11,0,0,46,0,0,274
192.05,1547729845,1543.01,51.517631,7.463449,130.09,7.46,0.00,249.56,0,-97,-13,0,0,46,0,0,189
193.05,1547729846,1550.45,51.517604,7.463362,130.71,6.25,0.00,248.40,0,-93,-12,0,0,51,0,0,24
193.05,1547729846,1550.45,51.517604,7.463362,130.71,6.25,0.00,248.40,0,-97,-11,0,0,46,0,0,274
193.05,1547729846,1550.45,51.517604,7.463362,130.71,6.25,0.00,248.40,0,-97,-13,0,0,46,0,0,189
194.05,1547729847,1556.72,51.517580,7.463288,131.52,5.48,0.00,246.89,0,-92,-12,0,0,52,0,0,24
194.05,1547729847,1556.72,51.517580,7.463288,131.52,5.48,0.00,246.89,0,-98,-10,0,0,44,0,0,274
194.05,1547729847,1556.72,51.517580,7.463288,131.52,5.48,0.00,246.89,0,-98,-12,0,0,46,0,0,189
195.05,1547729848,1562.19,51.517553,7.463202,132.15,6.65,0.00,247.34,0,-92,-12,0,0,52,0,0,24
195.05,1547729848,1562.19,51.517553,7.463202,132.15,6.65,0.00,247.34,0,-98,-10,0,0,44,0,0,274
195.05,1547729848,1562.20,51.517553,7.463202,132.15,6.65,0.00,247.34,0,-98,-12,0,0,46,0,0,189
196.05,1547729849,1568.85,51.517521,7.463106,133.00,7.72,0.00,247.75,0,-91,-8,0,0,50,0,0,24
196.05,1547729849,1568.86,51.517521,7.463106,133.00,7.72,0.00,247.75,0,-95,-11,0,0,47,0,0,189
196.05,1547729849,1568.86,51.517521,7.463106,133.00,7.72,0.00,247.75,0,-97,-9,0,0,44,0,0,274
197.05,1547729850,1576.57,51.517486,7.462997,134.29,8.74,0.00,246.90,0,-91,-8,0,0,50,0,0,24
197.05,1547729850,1576.57,51.517486,7.462997,134.29,8.74,0.00,246.90,0,-95,-11,0,0,47,0,0,189
197.05,1547729850,1576.58,51.517486,7.462997,134.29,8.74,0.00,246.90,0,-97,-9,0,0,44,0,0,274
198.05,1547729851,1585.30,51.517449,7.462882,135.87,9.28,0.00,247.35,0,-93,-9,0,0,48,0,0,24
198.05,1547729851,1585.31,51.517449,7.462882,135.87,9.28,0.00,247.35,0,-94,-10,0,0,46,0,0,189
198.05,1547729851,1585.32,51.517449,7.462882,135.87,9.28,0.00,247.35,0,-95,-9,0,0,45,0,0,274
199.05,1547729852,1594.59,51.517413,7.462762,136.39,9.35,0.00,247.13,0,-93,-9,0,0,48,0,0,24
199.05,1547729852,1594.59,51.517413,7.462762,136.39,9.35,0.00,247.13,0,-94,-10,0,0,46,0,0,189
199.05,1547729852,1594.60,51.517413,7.462762,136.39,9.35,0.00,247.13,0,-95,-9,0,0,45,0,0,274
200.05,1547729853,1603.90,51.517373,7.462662,138.45,8.84,0.00,248.02,0,-93,-9,0,0,48,0,0,24
200.05,1547729853,1603.90,51.517373,7.462662,138.45,8.84,0.00,248.02,0,-92,-9,0,0,48,0,0,189
200.05,1547729853,1603.90,51.517373,7.462662,138.45,8.84,0.00,248.02,0,-92,-9,0,0,47,0,0,274
201.05,1547729854,1612.80,51.517339,7.462575,142.39,8.23,0.00,248.81,0,-93,-9,0,0,48,0,0,24
201.05,1547729854,1612.81,51.517339,7.462575,142.39,8.23,0.00,248.81,0,-92,-9,0,0,48,0,0,189
201.06,1547729854,1612.81,51.517339,7.462575,142.39,8.23,0.00,248.81,0,-92,-9,0,0,47,0,0,274
202.05,1547729855,1621.03,51.517314,7.462502,144.83,8.26,0.00,249.32,0,-91,-12,0,0,52,0,0,189
202.05,1547729855,1621.03,51.517314,7.462502,144.83,8.26,0.00,249.32,0,-91,-11,0,0,51,0,0,274
203.05,1547729856,1629.25,51.517287,7.462414,147.66,8.48,0.00,249.66,0,-91,-12,0,0,52,0,0,189
203.05,1547729856,1629.25,51.517287,7.462414,147.66,8.48,0.00,249.66,0,-91,-11,0,0,51,0,0,274
204.05,1547729857,1637.73,51.517259,7.462303,148.59,8.70,0.00,249.05,0,-88,-8,0,0,51,0,0,274
204.05,1547729857,1637.73,51.517259,7.462303,148.59,8.70,0.00,249.05,0,-91,-11,0,0,53,0,0,189
205.05,1547729858,1646.45,51.517227,7.462186,148.04,8.70,0.00,249.32,0,-88,-8,0,0,51,0,0,274
205.05,1547729858,1646.46,51.517227,7.462186,148.04,8.70,0.00,249.32,0,-91,-11,0,0,53,0,0,189
206.06,1547729859,1655.20,51.517204,7.462066,146.17,7.73,0.00,250.03,0,-80,-6,0,0,57,0,0,274
207.05,1547729860,1662.87,51.517186,7.461956,143.89,6.48,0.00,250.76,0,-80,-6,0,0,57,0,0,274
208.05,1547729861,1669.36,51.517169,7.461862,141.39,5.29,0.00,250.38,0,-80,-6,0,0,57,0,0,274
209.05,1547729862,1674.64,51.517151,7.461783,139.82,4.54,0.00,249.79,0,-81,-7,0,0,58,0,0,274
210.05,1547729863,1679.17,51.517127,7.461717,139.14,5.28,0.00,248.97,0,-81,-7,0,0,58,0,0,274
211.05,1547729864,1684.45,51.517093,7.461630,139.54,8.28,0.00,251.34,0,-81,-7,0,0,58,0,0,274
211.05,1547729864,1684.45,51.517093,7.461630,139.54,8.28,0.00,251.34,0,-82,-9,0,0,57,0,0,189
212.05,1547729865,1692.74,51.517054,7.461509,139.43,8.28,0.00,250.71,0,-81,-7,0,0,58,0,0,274
212.05,1547729865,1692.74,51.517054,7.461509,139.43,8.28,0.00,250.71,0,-82,-9,0,0,57,0,0,189
213.05,1547729866,1701.06,51.517018,7.461328,138.80,11.66,0.00,249.52,0,-78,-7,0,0,60,0,0,274
213.05,1547729866,1701.06,51.517018,7.461328,138.80,11.66,0.00,249.52,0,-83,-10,0,0,58,0,0,189
214.05,1547729867,1712.72,51.516977,7.461126,138.29,13.59,0.00,249.94,0,-78,-7,0,0,60,0,0,274
214.05,1547729867,1712.73,51.516977,7.461126,138.29,13.59,0.00,249.94,0,-83,-10,0,0,58,0,0,189
215.05,1547729868,1726.31,51.516939,7.460908,137.71,14.44,0.00,250.44,0,-72,-5,0,0,63,0,0,274
216.05,1547729869,1740.67,51.516903,7.460675,136.84,15.28,0.00,250.99,0,-72,-5,0,0,63,0,0,274
217.05,1547729870,1756.00,51.516866,7.460456,135.57,15.20,0.00,251.37,0,-72,-7,0,0,63,0,0,274
218.05,1547729871,1771.14,51.516829,7.460243,134.55,14.87,0.00,252.36,0,-72,-7,0,0,63,0,0,274
219.05,1547729872,1786.07,51.516795,7.460033,133.21,14.54,0.00,253.17,0,-82,-9,0,0,58,0,0,189
220.05,1547729873,1800.55,51.516764,7.459824,131.82,14.41,0.00,254.28,0,-82,-9,0,0,58,0,0,189
221.05,1547729874,1815.07,51.516738,7.459617,130.30,14.22,0.00,255.41,0,-86,-11,0,0,55,0,0,189
222.05,1547729875,1829.21,51.516712,7.459414,128.86,13.94,0.00,256.21,0,-86,-11,0,0,55,0,0,189
223.05,1547729876,1843.14,51.516687,7.459215,127.69,13.57,0.00,256.99,0,-86,-10,0,0,54,0,0,189
224.05,1547729877,1856.76,51.516663,7.459017,126.55,13.64,0.00,257.93,0,-86,-10,0,0,54,0,0,189
225.05,1547729878,1870.38,51.516644,7.458825,125.69,13.29,0.00,258.44,0,-84,-10,0,0,55,0,0,189
226.05,1547729879,1883.68,51.516623,7.458643,125.33,12.84,0.00,258.54,0,-84,-10,0,0,55,0,0,189
227.06,1547729880,1896.63,51.516599,7.458480,125.07,11.47,0.00,258.03,0,-87,-6,0,0,50,0,0,331
227.06,1547729880,1896.64,51.516599,7.458480,125.07,11.47,0.00,258.03,0,-82,-7,0,0,56,0,0,189
228.05,1547729881,1907.99,51.516579,7.458337,125.94,10.06,0.00,258.35,0,-87,-6,0,0,50,0,0,331
228.05,1547729881,1908.00,51.516579,7.458337,125.94,10.06,0.00,258.35,0,-82,-7,0,0,56,0,0,189
229.05,1547729882,1918.05,51.516557,7.458202,126.65,9.18,0.00,257.87,0,-87,-6,0,0,50,0,0,331
229.05,1547729882,1918.06,51.516557,7.458202,126.65,9.18,0.00,257.87,0,-82,-7,0,0,56,0,0,189
230.05,1547729883,1927.21,51.516542,7.458061,126.37,8.72,0.00,257.72,0,-88,-7,0,0,50,0,0,331
230.05,1547729883,1927.22,51.516542,7.458061,126.37,8.72,0.00,257.72,0,-86,-9,0,0,53,0,0,189
231.05,1547729884,1935.92,51.516526,7.457947,126.64,7.32,0.00,257.11,0,-88,-7,0,0,50,0,0,331
231.05,1547729884,1935.93,51.516526,7.457947,126.64,7.32,0.00,257.11,0,-86,-9,0,0,53,0,0,189
232.05,1547729885,1943.28,51.516514,7.457850,127.09,5.73,0.00,256.51,0,-88,-7,0,0,52,0,0,331
232.05,1547729885,1943.29,51.516514,7.457850,127.09,5.73,0.00,256.51,0,-88,-10,0,0,53,0,0,189
232.05,1547729885,1943.29,51.516514,7.457850,127.09,5.73,0.00,256.51,0,-92,-11,0,0,51,0,0,307
233.05,1547729886,1949.01,51.516506,7.457778,127.19,4.07,0.00,255.84,0,-88,-7,0,0,52,0,0,331
233.05,1547729886,1949.01,51.516506,7.457778,127.19,4.07,0.00,255.84,0,-88,-10,0,0,53,0,0,189
233.05,1547729886,1949.01,51.516506,7.457778,127.19,4.07,0.00,255.84,0,-92,-11,0,0,51,0,0,307
236.05,1547729889,1959.76,51.516479,7.457610,127.69,2.04,0.00,257.29,0,-91,-7,0,0,47,0,0,443
236.05,1547729889,1959.76,51.516479,7.457610,127.69,2.04,0.00,257.29,0,-86,-10,0,0,54,0,0,141
236.05,1547729889,1959.76,51.516479,7.457610,127.69,2.04,0.00,257.29,0,-87,-11,0,0,54,0,0,189
237.05,1547729890,1961.80,51.516477,7.457564,127.85,1.95,0.00,256.37,0,-91,-7,0,0,47,0,0,443
237.05,1547729890,1961.80,51.516477,7.457564,127.85,1.95,0.00,256.37,0,-86,-10,0,0,54,0,0,141
237.05,1547729890,1961.80,51.516477,7.457564,127.85,1.95,0.00,256.37,0,-87,-11,0,0,54,0,0,189
238.05,1547729891,1963.74,51.516478,7.457526,128.00,1.40,0.00,258.45,0,-92,-8,0,0,48,0,0,443
238.05,1547729891,1963.75,51.516478,7.457526,128.00,1.40,0.00,258.45,0,-85,-8,0,0,53,0,0,189
238.05,1547729891,1963.75,51.516478,7.457526,128.00,1.40,0.00,258.45,0,-87,-9,0,0,53,0,0,141
239.05,1547729892,1965.15,51.516483,7.457491,128.16,1.34,0.00,258.45,0,-92,-8,0,0,48,0,0,443
239.05,1547729892,1965.15,51.516483,7.457491,128.16,1.34,0.00,258.45,0,-85,-8,0,0,53,0,0,189
239.05,1547729892,1965.15,51.516483,7.457491,128.16,1.34,0.00,258.45,0,-87,-9,0,0,53,0,0,141
240.05,1547729893,1966.49,51.516484,7.457454,128.39,1.13,0.00,258.45,0,-87,-9,0,0,53,0,0,141
240.05,1547729893,1966.49,51.516484,7.457454,128.39,1.13,0.00,258.45,0,-87,-9,0,0,53,0,0,189
241.05,1547729894,1967.61,51.516484,7.457454,128.42,0.00,0.00,258.45,0,-87,-9,0,0,53,0,0,141
241.05,1547729894,1967.61,51.516484,7.457454,128.42,0.00,0.00,258.45,0,-87,-9,0,0,53,0,0,189
242.05,1547729895,1967.61,51.516484,7.457454,128.43,0.00,0.00,258.45,0,-92,-16,0,0,55,0,0,469
242.05,1547729895,1967.61,51.516484,7.457454,128.43,0.00,0.00,258.45,0,-92,-16,0,0,55,0,0,443
242.05,1547729895,1967.61,51.516484,7.457454,128.43,0.00,0.00,258.45,0,-87,-8,0,0,52,0,0,141
242.05,1547729895,1967.61,51.516484,7.457454,128.43,0.00,0.00,258.45,0,-91,-11,0,0,52,0,0,189
243.05,1547729896,1967.61,51.516484,7.457454,128.44,0.00,0.00,258.45,0,-92,-16,0,0,55,0,0,469
243.05,1547729896,1967.61,51.516484,7.457454,128.44,0.00,0.00,258.45,0,-92,-16,0,0,55,0,0,443
243.05,1547729896,1967.61,51.516484,7.457454,128.44,0.00,0.00,258.45,0,-87,-8,0,0,52,0,0,141
243.05,1547729896,1967.61,51.516484,7.457454,128.44,0.00,0.00,258.45,0,-91,-11,0,0,52,0,0,189
244.05,1547729897,1967.61,51.516484,7.457454,128.45,0.00,0.00,258.45,0,-92,-9,0,0,48,0,0,443
244.05,1547729897,1967.61,51.516484,7.457454,128.45,0.00,0.00,258.45,0,-94,-10,0,0,48,0,0,469
244.05,1547729897,1967.61,51.516484,7.457454,128.45,0.00,0.00,258.45,0,-87,-7,0,0,51,0,0,141
244.05,1547729897,1967.61,51.516484,7.457454,128.45,0.00,0.00,258.45,0,-91,-11,0,0,51,0,0,189
245.05,1547729898,1967.61,51.516484,7.457454,128.46,0.00,0.00,258.45,0,-92,-9,0,0,48,0,0,443
245.05,1547729898,1967.61,51.516484,7.457454,128.46,0.00,0.00,258.45,0,-94,-10,0,0,48,0,0,469
245.05,1547729898,1967.61,51.516484,7.457454,128.46,0.00,0.00,258.45,0,-87,-7,0,0,51,0,0,141
245.05,1547729898,1967.61,51.516484,7.457454,128.46,0.00,0.00,258.45,0,-91,-11,0,0,51,0,0,189
246.05,1547729899,1967.61,51.516484,7.457454,128.47,0.00,0.00,258.45,0,-92,-10,0,0,49,0,0,443
246.05,1547729899,1967.61,51.516484,7.457454,128.47,0.00,0.00,258.45,0,-94,-11,0,0,49,0,0,469
246.05,1547729899,1967.61,51.516484,7.457454,128.47,0.00,0.00,258.45,0,-87,-8,0,0,52,0,0,141
246.05,1547729899,1967.61,51.516484,7.457454,128.47,0.00,0.00,258.45,0,-91,-12,0,0,52,0,0,189
247.05,1547729900,1967.61,51.516484,7.457454,128.63,0.00,0.00,258.45,0,-92,-10,0,0,49,0,0,443
247.05,1547729900,1967.61,51.516484,7.457454,128.63,0.00,0.00,258.45,0,-94,-11,0,0,49,0,0,469
247.05,1547729900,1967.61,51.516484,7.457454,128.63,0.00,0.00,258.45,0,-87,-8,0,0,52,0,0,141
247.05,1547729900,1967.61,51.516484,7.457454,128.63,0.00,0.00,258.45,0,-91,-12,0,0,52,0,0,189
248.05,1547729901,1967.61,51.516484,7.457454,128.79,0.00,0.00,256.53,0,-92,-8,0,0,47,0,0,443
248.05,1547729901,1967.61,51.516484,7.457454,128.79,0.00,0.00,256.53,0,-93,-9,0,0,47,0,0,469
248.06,1547729901,1967.61,51.516484,7.457454,128.79,0.00,0.00,256.53,0,-87,-8,0,0,52,0,0,141
248.06,1547729901,1967.61,51.516484,7.457454,128.79,0.00,0.00,256.53,0,-89,-9,0,0,51,0,0,189
249.05,1547729902,1967.61,51.516484,7.457454,128.94,0.00,0.00,255.42,0,-92,-8,0,0,47,0,0,443
249.05,1547729902,1967.61,51.516484,7.457454,128.94,0.00,0.00,255.42,0,-93,-9,0,0,47,0,0,469
249.05,1547729902,1967.61,51.516484,7.457454,128.94,0.00,0.00,255.42,0,-87,-8,0,0,52,0,0,141
249.05,1547729902,1967.61,51.516484,7.457454,128.94,0.00,0.00,255.42,0,-89,-9,0,0,51,0,0,189
250.05,1547729903,1967.61,51.516463,7.457327,130.18,4.57,0.00,256.47,0,-92,-8,0,0,47,0,0,443
250.05,1547729903,1967.62,51.516463,7.457327,130.18,4.57,0.00,256.47,0,-93,-9,0,0,47,0,0,469
250.05,1547729903,1967.62,51.516463,7.457327,130.18,4.57,0.00,256.47,0,-87,-8,0,0,52,0,0,141
250.05,1547729903,1967.62,51.516463,7.457327,130.18,4.57,0.00,256.47,0,-89,-9,0,0,51,0,0,189
251.05,1547729904,1972.19,51.516454,7.457260,130.99,4.55,0.00,255.75,0,-93,-9,0,0,47,0,0,443
251.05,1547729904,1972.19,51.516454,7.457260,130.99,4.55,0.00,255.75,0,-94,-9,0,0,47,0,0,469
251.05,1547729904,1972.19,51.516454,7.457260,130.99,4.55,0.00,255.75,0,-87,-9,0,0,52,0,0,141
251.05,1547729904,1972.19,51.516454,7.457260,130.99,4.55,0.00,255.75,0,-88,-9,0,0,52,0,0,189
252.05,1547729905,1976.74,51.516447,7.457195,131.06,3.96,0.00,254.76,0,-93,-9,0,0,47,0,0,443
252.05,1547729905,1976.74,51.516447,7.457195,131.06,3.96,0.00,254.76,0,-94,-9,0,0,47,0,0,469
252.05,1547729905,1976.74,51.516447,7.457195,131.06,3.96,0.00,254.76,0,-87,-9,0,0,52,0,0,141
252.05,1547729905,1976.75,51.516447,7.457195,131.06,3.96,0.00,254.76,0,-88,-9,0,0,52,0,0,189
253.05,1547729906,1980.69,51.516437,7.457135,131.11,3.48,0.00,254.48,0,-85,-8,0,0,53,0,0,189
253.05,1547729906,1980.70,51.516437,7.457135,131.11,3.48,0.00,254.48,0,-89,-10,0,0,53,0,0,141
254.05,1547729907,1984.16,51.516429,7.457091,131.21,2.86,0.00,254.87,0,-85,-8,0,0,53,0,0,189
254.05,1547729907,1984.16,51.516429,7.457091,131.21,2.86,0.00,254.87,0,-89,-10,0,0,53,0,0,141
255.05,1547729908,1987.02,51.516416,7.457031,132.25,4.39,0.00,254.16,0,-94,-9,0,0,46,0,0,443
255.05,1547729908,1987.03,51.516416,7.457031,132.25,4.39,0.00,254.16,0,-86,-8,0,0,53,0,0,141
255.05,1547729908,1987.03,51.516416,7.457031,132.25,4.39,0.00,254.16,0,-87,-9,0,0,53,0,0,189
256.05,1547729909,1991.44,51.516403,7.456953,132.55,6.08,0.00,253.35,0,-94,-9,0,0,46,0,0,443
256.05,1547729909,1991.44,51.516403,7.456953,132.55,6.08,0.00,253.35,0,-86,-8,0,0,53,0,0,141
256.05,1547729909,1991.44,51.516403,7.456953,132.55,6.08,0.00,253.35,0,-87,-9,0,0,53,0,0,189
257.05,1547729910,1997.51,51.516387,7.456877,132.74,6.08,0.00,253.93,0,-88,-9,0,0,52,0,0,141
257.05,1547729910,1997.52,51.516387,7.456877,132.74,6.08,0.00,253.93,0,-88,-9,0,0,53,0,0,189
258.05,1547729911,2003.56,51.516365,7.456791,132.58,7.54,0.00,245.90,0,-88,-9,0,0,52,0,0,141
258.05,1547729911,2003.57,51.516365,7.456791,132.58,7.54,0.00,245.90,0,-88,-9,0,0,53,0,0,189
259.05,1547729912,2011.13,51.516347,7.456699,132.77,7.54,0.00,249.09,0,-87,-9,0,0,52,0,0,141
259.05,1547729912,2011.13,51.516347,7.456699,132.77,7.54,0.00,249.09,0,-89,-10,0,0,52,0,0,189
260.05,1547729913,2018.65,51.516323,7.456607,133.67,4.94,0.00,243.07,0,-87,-9,0,0,52,0,0,141
260.05,1547729913,2018.65,51.516323,7.456607,133.67,4.94,0.00,243.07,0,-89,-10,0,0,52,0,0,189
261.05,1547729914,2023.59,51.516301,7.456552,133.75,2.70,0.00,240.82,0,-87,-10,0,0,53,0,0,141
261.05,1547729914,2023.59,51.516301,7.456552,133.75,2.70,0.00,240.82,0,-87,-10,0,0,53,0,0,189
262.05,1547729915,2026.29,51.516271,7.456512,133.87,2.70,0.00,244.60,0,-87,-10,0,0,53,0,0,141
262.05,1547729915,2026.29,51.516271,7.456512,133.87,2.70,0.00,244.60,0,-87,-10,0,0,53,0,0,189
263.05,1547729916,2029.00,51.516251,7.456433,134.33,6.63,0.00,245.15,0,-91,-15,0,0,58,0,0,443
263.05,1547729916,2029.00,51.516251,7.456433,134.33,6.63,0.00,245.15,0,-86,-11,0,0,55,0,0,141
263.05,1547729916,2029.00,51.516251,7.456433,134.33,6.63,0.00,245.15,0,-87,-11,0,0,55,0,0,189
264.05,1547729917,2035.65,51.516223,7.456335,134.34,8.38,0.00,243.79,0,-91,-15,0,0,58,0,0,443
264.05,1547729917,2035.66,51.516223,7.456335,134.34,8.38,0.00,243.79,0,-86,-11,0,0,55,0,0,141
264.05,1547729917,2035.66,51.516223,7.456335,134.34,8.38,0.00,243.79,0,-87,-11,0,0,55,0,0,189
267.05,1547729920,2062.36,51.516105,7.455994,133.20,9.85,0.00,239.17,0,-90,-11,0,0,53,0,0,24
267.05,1547729920,2062.36,51.516105,7.455994,133.20,9.85,0.00,239.17,0,-87,-9,0,0,54,0,0,455
267.05,1547729920,2062.37,51.516105,7.455994,133.20,9.85,0.00,239.17,0,-87,-10,0,0,54,0,0,189
268.05,1547729921,2072.21,51.516057,7.455864,132.83,9.63,0.00,238.44,0,-90,-11,0,0,53,0,0,24
268.05,1547729921,2072.22,51.516057,7.455864,132.83,9.63,0.00,238.44,0,-87,-9,0,0,54,0,0,455
268.05,1547729921,2072.23,51.516057,7.455864,132.83,9.63,0.00,238.44,0,-87,-10,0,0,54,0,0,189
269.06,1547729922,2081.92,51.516001,7.455734,132.76,9.52,0.00,237.11,0,-84,-10,0,0,58,0,0,24
269.06,1547729922,2081.92,51.516001,7.455734,132.76,9.52,0.00,237.11,0,-84,-8,0,0,55,0,0,455
269.06,1547729922,2081.93,51.516001,7.455734,132.76,9.52,0.00,237.11,0,-87,-10,0,0,54,0,0,189
270.05,1547729923,2091.38,51.515919,7.455561,132.56,9.52,0.00,238.40,0,-84,-10,0,0,58,0,0,24
270.05,1547729923,2091.39,51.515919,7.455561,132.56,9.52,0.00,238.40,0,-84,-8,0,0,55,0,0,455
270.05,1547729923,2091.40,51.515919,7.455561,132.56,9.52,0.00,238.40,0,-87,-10,0,0,54,0,0,189
271.04,1547729924,2100.83,51.515833,7.455451,132.59,9.29,0.00,221.08,0,-84,-10,0,0,58,0,0,24
271.04,1547729924,2100.83,51.515833,7.455451,132.59,9.29,0.00,221.08,0,-84,-8,0,0,55,0,0,455
271.04,1547729924,2100.83,51.515833,7.455451,132.59,9.29,0.00,221.08,0,-87,-10,0,0,54,0,0,189
272.05,1547729925,2110.19,51.515743,7.455345,132.24,10.75,0.00,217.85,0,-88,-13,0,0,56,0,0,24
272.05,1547729925,2110.19,51.515743,7.455345,132.24,10.75,0.00,217.85,0,-84,-9,0,0,55,0,0,455
272.05,1547729925,2110.20,51.515743,7.455345,132.24,10.75,0.00,217.85,0,-89,-12,0,0,54,0,0,189
273.05,1547729926,2120.93,51.515651,7.455244,131.76,10.91,0.00,215.48,0,-88,-13,0,0,56,0,0,24
273.05,1547729926,2120.94,51.515651,7.455244,131.76,10.91,0.00,215.48,0,-84,-9,0,0,55,0,0,455
273.05,1547729926,2120.94,51.515651,7.455244,131.76,10.91,0.00,215.48,0,-89,-12,0,0,54,0,0,189
274.05,1547729927,2131.83,51.515555,7.455164,131.22,10.50,0.00,202.76,0,-86,-10,0,0,56,0,0,24
274.05,1547729927,2131.84,51.515555,7.455164,131.22,10.50,0.00,202.76,0,-77,-6,0,0,59,0,0,455
275.05,1547729928,2142.33,51.515465,7.455110,131.11,9.90,0.00,199.86,0,-86,-10,0,0,56,0,0,24
275.05,1547729928,2142.34,51.515465,7.455110,131.11,9.90,0.00,199.86,0,-77,-6,0,0,59,0,0,455
276.05,1547729929,2152.22,51.515376,7.455100,131.15,9.55,0.00,186.52,0,-92,-16,0,0,55,0,0,443
277.05,1547729930,2161.77,51.515287,7.455092,130.79,9.55,0.00,184.76,0,-92,-16,0,0,55,0,0,443
278.05,1547729931,2171.29,51.515194,7.455092,131.17,10.19,0.00,182.23,0,-86,-14,0,0,59,0,0,443
278.05,1547729931,2171.30,51.515194,7.455092,131.17,10.19,0.00,182.23,0,-87,-14,0,0,59,0,0,25
279.05,1547729932,2181.51,51.515094,7.455099,132.20,10.92,0.00,179.99,0,-86,-14,0,0,59,0,0,443
279.05,1547729932,2181.52,51.515094,7.455099,132.20,10.92,0.00,179.99,0,-87,-14,0,0,59,0,0,25
280.05,1547729933,2192.45,51.514987,7.455118,133.19,11.58,0.00,177.75,0,-83,-16,0,0,63,0,0,25
280.05,1547729933,2192.46,51.514987,7.455118,133.19,11.58,0.00,177.75,0,-84,-16,0,0,63,0,0,443
281.05,1547729934,2204.01,51.514869,7.455134,136.04,12.10,0.00,176.78,0,-83,-16,0,0,63,0,0,25
281.05,1547729934,2204.01,51.514869,7.455134,136.04,12.10,0.00,176.78,0,-84,-16,0,0,63,0,0,443
286.05,1547729939,2267.12,51.514308,7.455328,138.78,8.38,0.00,171.81,0,-76,-15,0,0,63,0,0,25
286.05,1547729939,2267.12,51.514308,7.455328,138.78,8.38,0.00,171.81,0,-76,-6,0,0,61,0,0,275
287.05,1547729940,2275.49,51.514245,7.455352,138.41,6.33,0.00,171.01,0,-76,-15,0,0,63,0,0,25
287.05,1547729940,2275.50,51.514245,7.455352,138.41,6.33,0.00,171.01,0,-76,-6,0,0,61,0,0,275
288.05,1547729941,2281.82,51.514198,7.455366,138.13,4.65,0.00,171.35,0,-82,-13,0,0,62,0,0,143
289.05,1547729942,2286.47,51.514164,7.455376,138.12,3.19,0.00,170.61,0,-82,-13,0,0,62,0,0,143
290.06,1547729943,2289.69,51.514145,7.455382,138.12,1.55,0.00,169.81,0,-72,-12,0,0,63,0,0,25
290.06,1547729943,2289.69,51.514145,7.455382,138.12,1.55,0.00,169.81,0,-81,-11,0,0,61,0,0,143
291.05,1547729944,2291.21,51.514145,7.455382,138.10,0.00,0.00,169.81,0,-72,-12,0,0,63,0,0,25
291.05,1547729944,2291.21,51.514145,7.455382,138.10,0.00,0.00,169.81,0,-81,-11,0,0,61,0,0,143
292.05,1547729945,2291.21,51.514145,7.455382,138.08,0.00,0.00,169.81,0,-72,-12,0,0,63,0,0,25
292.05,1547729945,2291.21,51.514145,7.455382,138.08,0.00,0.00,169.81,0,-81,-11,0,0,61,0,0,143
293.05,1547729946,2291.21,51.514145,7.455382,138.04,0.00,0.00,169.81,0,-72,-10,0,0,63,0,0,25
293.05,1547729946,2291.21,51.514145,7.455382,138.04,0.00,0.00,169.81,0,-78,-10,0,0,63,0,0,143
294.05,1547729947,2291.21,51.514145,7.455382,137.98,0.00,0.00,169.81,0,-72,-10,0,0,63,0,0,25
294.05,1547729947,2291.21,51.514145,7.455382,137.98,0.00,0.00,169.81,0,-78,-10,0,0,63,0,0,143
295.05,1547729948,2291.21,51.514145,7.455382,137.91,0.00,0.00,169.81,0,-71,-10,0,0,63,0,0,25
295.05,1547729948,2291.21,51.514145,7.455382,137.91,0.00,0.00,169.81,0,-79,-11,0,0,62,0,0,143
296.05,1547729949,2291.21,51.514145,7.455382,137.84,0.00,0.00,169.81,0,-71,-10,0,0,63,0,0,25
296.05,1547729949,2291.21,51.514145,7.455382,137.84,0.00,0.00,169.81,0,-79,-11,0,0,62,0,0,143
297.05,1547729950,2291.21,51.514145,7.455382,137.77,0.00,0.00,169.81,0,-71,-9,0,0,63,0,0,25
297.05,1547729950,2291.21,51.514145,7.455382,137.77,0.00,0.00,169.81,0,-79,-10,0,0,62,0,0,143
298.05,1547729951,2291.21,51.514145,7.455382,137.69,0.00,0.00,169.81,0,-71,-9,0,0,63,0,0,25
298.05,1547729951,2291.21,51.514145,7.455382,137.69,0.00,0.00,169.81,0,-79,-10,0,0,62,0,0,143
299.05,1547729952,2291.21,51.514145,7.455382,137.63,0.00,0.00,169.81,0,-72,-10,0,0,63,0,0,25
299.05,1547729952,2291.21,51.514145,7.455382,137.63,0.00,0.00,169.81,0,-78,-10,0,0,63,0,0,143
300.04,1547729953,2291.21,51.514145,7.455382,137.57,0.00,0.00,169.81,0,-72,-10,0,0,63,0,0,25
300.04,1547729953,2291.21,51.514145,7.455382,137.57,0.00,0.00,169.81,0,-78,-10,0,0,63,0,0,143
301.05,1547729954,2291.21,51.514145,7.455382,137.51,0.00,0.00,169.81,0,-71,-9,0,0,63,0,0,25
301.05,1547729954,2291.21,51.514145,7.455382,137.51,0.00,0.00,169.81,0,-78,-11,0,0,63,0,0,143
302.05,1547729955,2291.21,51.514145,7.455382,137.46,0.00,0.00,169.81,0,-71,-9,0,0,63,0,0,25
302.05,1547729955,2291.21,51.514145,7.455382,137.46,0.00,0.00,169.81,0,-78,-11,0,0,63,0,0,143
303.05,1547729956,2291.21,51.514145,7.455382,137.42,0.00,0.00,169.81,0,-71,-9,0,0,63,0,0,25
303.05,1547729956,2291.21,51.514145,7.455382,137.42,0.00,0.00,169.81,0,-78,-11,0,0,63,0,0,143
304.05,1547729957,2291.21,51.514145,7.455382,137.37,0.00,0.00,169.81,0,-71,-9,0,0,63,0,0,25
304.05,1547729957,2291.21,51.514145,7.455382,137.37,0.00,0.00,169.81,0,-78,-11,0,0,63,0,0,143
305.05,1547729958,2291.21,51.514145,7.455382,137.33,0.00,0.00,169.81,0,-71,-9,0,0,63,0,0,25
305.05,1547729958,2291.21,51.514145,7.455382,137.33,0.00,0.00,169.81,0,-78,-10,0,0,62,0,0,143
306.05,1547729959,2291.21,51.514145,7.455382,137.29,0.00,0.00,169.81,0,-71,-9,0,0,63,0,0,25
306.05,1547729959,2291.21,51.514145,7.455382,137.29,0.00,0.00,169.81,0,-78,-10,0,0,62,0,0,143
307.05,1547729960,2291.21,51.514145,7.455382,137.26,0.00,0.00,169.81,0,-71,-9,0,0,63,0,0,25
307.05,1547729960,2291.21,51.514145,7.455382,137.26,0.00,0.00,169.81,0,-78,-9,0,0,61,0,0,143
308.05,1547729961,2291.21,51.514145,7.455382,137.23,0.00,0.00,169.81,0,-71,-9,0,0,63,0,0,25
308.05,1547729961,2291.21,51.514145,7.455382,137.23,0.00,0.00,169.81,0,-78,-9,0,0,61,0,0,143
309.05,1547729962,2291.21,51.514145,7.455382,137.21,0.00,0.00,169.81,0,-71,-9,0,0,63,0,0,25
309.05,1547729962,2291.21,51.514145,7.455382,137.21,0.00,0.00,169.81,0,-78,-9,0,0,62,0,0,143
310.05,1547729963,2291.21,51.514145,7.455382,137.20,0.00,0.00,169.81,0,-71,-9,0,0,63,0,0,25
310.05,1547729963,2291.21,51.514145,7.455382,137.20,0.00,0.00,169.81,0,-78,-9,0,0,62,0,0,143
311.05,1547729964,2291.21,51.514145,7.455382,137.18,0.00,0.00,169.81,0,-72,-10,0,0,63,0,0,25
311.05,1547729964,2291.21,51.514145,7.455382,137.18,0.00,0.00,169.81,0,-79,-10,0,0,61,0,0,143
312.05,1547729965,2291.21,51.514145,7.455382,137.17,0.00,0.00,169.81,0,-72,-10,0,0,63,0,0,25
312.05,1547729965,2291.21,51.514145,7.455382,137.17,0.00,0.00,169.81,0,-79,-10,0,0,61,0,0,143
313.05,1547729966,2291.21,51.514145,7.455382,137.16,0.00,0.00,169.81,0,-72,-10,0,0,63,0,0,25
313.05,1547729966,2291.21,51.514145,7.455382,137.16,0.00,0.00,169.81,0,-79,-10,0,0,61,0,0,143
314.05,1547729967,2291.21,51.514145,7.455382,137.14,0.00,0.00,169.81,0,-72,-10,0,0,63,0,0,25
314.05,1547729967,2291.21,51.514145,7.455382,137.14,0.00,0.00,169.81,0,-79,-10,0,0,62,0,0,143
315.05,1547729968,2291.21,51.514145,7.455382,137.13,0.00,0.00,169.81,0,-72,-10,0,0,63,0,0,25
315.05,1547729968,2291.21,51.514145,7.455382,137.13,0.00,0.00,169.81,0,-79,-10,0,0,62,0,0,143
316.05,1547729969,2291.21,51.514145,7.455382,137.11,0.00,0.00,169.81,0,-71,-9,0,0,63,0,0,25
316.05,1547729969,2291.21,51.514145,7.455382,137.11,0.00,0.00,169.81,0,-78,-9,0,0,62,0,0,143
317.05,1547729970,2291.21,51.514145,7.455382,137.10,0.00,0.00,169.81,0,-71,-9,0,0,63,0,0,25
317.05,1547729970,2291.21,51.514145,7.455382,137.10,0.00,0.00,169.81,0,-78,-9,0,0,62,0,0,143
318.05,1547729971,2291.21,51.514145,7.455382,137.08,0.00,0.00,169.81,0,-71,-9,0,0,63,0,0,25
318.05,1547729971,2291.21,51.514145,7.455382,137.08,0.00,0.00,169.81,0,-77,-9,0,0,62,0,0,143
319.05,1547729972,2291.21,51.514145,7.455382,137.06,0.00,0.00,169.81,0,-71,-9,0,0,63,0,0,25
319.05,1547729972,2291.21,51.514145,7.455382,137.06,0.00,0.00,169.81,0,-77,-9,0,0,62,0,0,143
320.05,1547729973,2291.21,51.514145,7.455382,137.05,0.00,0.00,169.81,0,-71,-10,0,0,63,0,0,25
320.05,1547729973,2291.21,51.514145,7.455382,137.05,0.00,0.00,169.81,0,-77,-11,0,0,63,0,0,143
321.05,1547729974,2291.21,51.514145,7.455382,137.03,0.00,0.00,169.81,0,-71,-10,0,0,63,0,0,25
321.05,1547729974,2291.21,51.514145,7.455382,137.03,0.00,0.00,169.81,0,-77,-11,0,0,63,0,0,143
322.05,1547729975,2291.21,51.514145,7.455382,137.01,0.00,0.00,169.81,0,-72,-10,0,0,63,0,0,25
322.05,1547729975,2291.21,51.514145,7.455382,137.01,0.00,0.00,169.81,0,-77,-9,0,0,62,0,0,143
323.05,1547729976,2291.21,51.514145,7.455382,136.99,0.00,0.00,169.81,0,-72,-10,0,0,63,0,0,25
323.05,1547729976,2291.21,51.514145,7.455382,136.99,0.00,0.00,169.81,0,-77,-9,0,0,62,0,0,143
324.05,1547729977,2291.21,51.514145,7.455382,136.97,0.00,0.00,169.81,0,-72,-9,0,0,63,0,0,25
324.05,1547729977,2291.21,51.514145,7.455382,136.97,0.00,0.00,169.81,0,-77,-9,0,0,62,0,0,143
325.05,1547729978,2291.21,51.514145,7.455382,136.94,0.00,0.00,169.81,0,-72,-9,0,0,63,0,0,25
325.05,1547729978,2291.21,51.514145,7.455382,136.94,0.00,0.00,169.81,0,-77,-9,0,0,62,0,0,143
326.05,1547729979,2291.21,51.514145,7.455382,136.92,0.00,0.00,169.81,0,-72,-9,0,0,63,0,0,25
326.05,1547729979,2291.21,51.514145,7.455382,136.92,0.00,0.00,169.81,0,-77,-9,0,0,63,0,0,143
327.05,1547729980,2291.21,51.514145,7.455382,136.89,0.00,0.00,169.81,0,-72,-9,0,0,63,0,0,25
327.05,1547729980,2291.21,51.514145,7.455382,136.89,0.00,0.00,169.81,0,-77,-9,0,0,63,0,0,143
328.05,1547729981,2291.21,51.514145,7.455382,136.87,0.00,0.00,169.81,0,-73,-10,0,0,63,0,0,25
328.05,1547729981,2291.21,51.514145,7.455382,136.87,0.00,0.00,169.81,0,-77,-9,0,0,63,0,0,143
329.05,1547729982,2291.21,51.514145,7.455382,136.84,0.00,0.00,169.81,0,-73,-10,0,0,63,0,0,25
329.05,1547729982,2291.21,51.514145,7.455382,136.84,0.00,0.00,169.81,0,-77,-9,0,0,63,0,0,143
330.05,1547729983,2291.21,51.514145,7.455382,136.83,0.00,0.00,169.81,0,-72,-10,0,0,63,0,0,25
330.05,1547729983,2291.21,51.514145,7.455382,136.83,0.00,0.00,169.81,0,-77,-9,0,0,63,0,0,143
331.05,1547729984,2291.21,51.514145,7.455382,136.81,0.00,0.00,169.81,0,-72,-10,0,0,63,0,0,25
331.05,1547729984,2291.21,51.514145,7.455382,136.81,0.00,0.00,169.81,0,-77,-9,0,0,63,0,0,143
332.05,1547729985,2291.21,51.514145,7.455382,136.81,0.00,0.00,169.81,0,-72,-10,0,0,63,0,0,25
332.05,1547729985,2291.21,51.514145,7.455382,136.81,0.00,0.00,169.81,0,-77,-10,0,0,63,0,0,143
333.05,1547729986,2291.21,51.514145,7.455382,136.82,0.00,0.00,169.81,0,-72,-10,0,0,63,0,0,25
333.05,1547729986,2291.21,51.514145,7.455382,136.82,0.00,0.00,169.81,0,-77,-10,0,0,63,0,0,143
334.06,1547729987,2291.21,51.514145,7.455382,136.83,0.00,0.00,169.81,0,-71,-10,0,0,63,0,0,25
334.06,1547729987,2291.21,51.514145,7.455382,136.83,0.00,0.00,169.81,0,-77,-10,0,0,63,0,0,143
335.05,1547729988,2291.21,51.514145,7.455382,136.84,0.00,0.00,169.81,0,-71,-10,0,0,63,0,0,25
335.05,1547729988,2291.21,51.514145,7.455382,136.84,0.00,0.00,169.81,0,-77,-10,0,0,63,0,0,143
336.05,1547729989,2291.21,51.514145,7.455382,136.85,0.00,0.00,169.81,0,-71,-10,0,0,63,0,0,25
336.05,1547729989,2291.21,51.514145,7.455382,136.85,0.00,0.00,169.81,0,-77,-10,0,0,63,0,0,143
337.05,1547729990,2291.21,51.514145,7.455382,136.86,0.00,0.00,169.81,0,-72,-9,0,0,63,0,0,25
337.05,1547729990,2291.21,51.514145,7.455382,136.86,0.00,0.00,169.81,0,-77,-10,0,0,63,0,0,143
338.05,1547729991,2291.21,51.514145,7.455382,136.87,0.00,0.00,169.81,0,-72,-9,0,0,63,0,0,25
338.05,1547729991,2291.21,51.514145,7.455382,136.87,0.00,0.00,169.81,0,-77,-10,0,0,63,0,0,143
339.05,1547729992,2291.21,51.514145,7.455382,136.88,0.00,0.00,169.81,0,-72,-9,0,0,63,0,0,25
339.05,1547729992,2291.21,51.514145,7.455382,136.88,0.00,0.00,169.81,0,-77,-9,0,0,63,0,0,143
340.05,1547729993,2291.21,51.514145,7.455382,136.89,0.00,0.00,169.81,0,-72,-9,0,0,63,0,0,25
340.05,1547729993,2291.21,51.514145,7.455382,136.89,0.00,0.00,169.81,0,-77,-9,0,0,63,0,0,143
341.05,1547729994,2291.21,51.514145,7.455382,136.90,0.00,0.00,169.81,0,-71,-9,0,0,63,0,0,25
341.05,1547729994,2291.21,51.514145,7.455382,136.90,0.00,0.00,169.81,0,-76,-9,0,0,63,0,0,143
342.05,1547729995,2291.21,51.514145,7.455382,136.91,0.00,0.00,169.81,0,-71,-9,0,0,63,0,0,25
342.05,1547729995,2291.21,51.514145,7.455382,136.91,0.00,0.00,169.81,0,-76,-9,0,0,63,0,0,143
343.05,1547729996,2291.21,51.514145,7.455382,136.93,0.00,0.00,169.81,0,-72,-9,0,0,63,0,0,25
343.05,1547729996,2291.21,51.514145,7.455382,136.93,0.00,0.00,169.81,0,-76,-8,0,0,62,0,0,143
344.05,1547729997,2291.21,51.514145,7.455382,136.94,0.00,0.00,169.81,0,-72,-9,0,0,63,0,0,25
344.05,1547729997,2291.21,51.514145,7.455382,136.94,0.00,0.00,169.81,0,-76,-8,0,0,62,0,0,143
345.05,1547729998,2291.21,51.514145,7.455382,136.96,0.00,0.00,169.81,0,-72,-9,0,0,63,0,0,25
345.05,1547729998,2291.21,51.514145,7.455382,136.96,0.00,0.00,169.81,0,-76,-8,0,0,62,0,0,143
346.05,1547729999,2291.21,51.514145,7.455382,136.97,0.00,0.00,169.81,0,-72,-9,0,0,63,0,0,25
346.05,1547729999,2291.21,51.514145,7.455382,136.97,0.00,0.00,169.81,0,-76,-8,0,0,62,0,0,143
347.05,1547730000,2291.21,51.514145,7.455382,136.99,0.00,0.00,169.81,0,-71,-9,0,0,63,0,0,25
347.05,1547730000,2291.21,51.514145,7.455382,136.99,0.00,0.00,169.81,0,-76,-8,0,0,62,0,0,143
348.05,1547730001,2291.21,51.514145,7.455382,137.00,0.00,0.00,169.81,0,-71,-9,0,0,63,0,0,25
348.05,1547730001,2291.21,51.514145,7.455382,137.00,0.00,0.00,169.81,0,-76,-8,0,0,62,0,0,143
349.05,1547730002,2291.21,51.514145,7.455382,137.18,0.00,0.00,173.22,0,-70,-9,0,0,63,0,0,25
349.05,1547730002,2291.21,51.514145,7.455382,137.18,0.00,0.00,173.22,0,-76,-8,0,0,62,0,0,143
350.05,1547730003,2291.21,51.514052,7.455414,138.82,0.00,0.00,173.28,0,-70,-9,0,0,63,0,0,25
350.05,1547730003,2291.21,51.514052,7.455414,138.82,0.00,0.00,173.28,0,-76,-8,0,0,62,0,0,143
351.05,1547730004,2291.22,51.513977,7.455438,139.59,8.60,0.00,173.63,0,-70,-10,0,0,63,0,0,25
351.05,1547730004,2291.23,51.513977,7.455438,139.59,8.60,0.00,173.63,0,-78,-9,0,0,62,0,0,143
352.05,1547730005,2299.82,51.513887,7.455458,141.44,9.82,0.00,173.05,0,-70,-10,0,0,63,0,0,25
352.05,1547730005,2299.83,51.513887,7.455458,141.44,9.82,0.00,173.05,0,-78,-9,0,0,62,0,0,143
355.06,1547730008,2332.85,51.513579,7.455576,141.05,13.30,0.00,166.66,0,-88,-11,0,0,55,0,0,24
355.06,1547730008,2332.86,51.513579,7.455576,141.05,13.30,0.00,166.66,0,-92,-15,0,0,55,0,0,441
355.06,1547730008,2332.86,51.513579,7.455576,141.05,13.30,0.00,166.66,0,-93,-18,0,0,57,0,0,443
355.06,1547730008,2332.87,51.513579,7.455576,141.05,13.30,0.00,166.66,0,-86,-11,0,0,57,0,0,455
356.05,1547730009,2346.08,51.513456,7.455641,141.04,13.38,0.00,162.90,0,-88,-11,0,0,55,0,0,24
356.05,1547730009,2346.09,51.513456,7.455641,141.04,13.38,0.00,162.90,0,-92,-15,0,0,55,0,0,441
356.05,1547730009,2346.11,51.513456,7.455641,141.04,13.38,0.00,162.90,0,-93,-18,0,0,57,0,0,443
356.05,1547730009,2346.12,51.513456,7.455641,141.04,13.38,0.00,162.90,0,-86,-11,0,0,57,0,0,455
357.05,1547730010,2359.47,51.513335,7.455715,141.26,13.99,0.00,159.55,0,-88,-11,0,0,55,0,0,24
357.05,1547730010,2359.48,51.513335,7.455715,141.26,13.99,0.00,159.55,0,-92,-15,0,0,55,0,0,441
357.05,1547730010,2359.48,51.513335,7.455715,141.26,13.99,0.00,159.55,0,-93,-18,0,0,57,0,0,443
357.05,1547730010,2359.50,51.513335,7.455715,141.26,13.99,0.00,159.55,0,-86,-11,0,0,57,0,0,455
358.05,1547730011,2373.44,51.513222,7.455807,142.06,13.30,0.00,155.87,0,-83,-10,0,0,58,0,0,441
358.05,1547730011,2373.45,51.513222,7.455807,142.06,13.30,0.00,155.87,0,-85,-13,0,0,60,0,0,24
358.05,1547730011,2373.45,51.513222,7.455807,142.06,13.30,0.00,155.87,0,-86,-12,0,0,56,0,0,455
358.05,1547730011,2373.47,51.513222,7.455807,142.06,13.30,0.00,155.87,0,-88,-12,0,0,54,0,0,142
359.05,1547730012,2386.75,51.513135,7.455926,142.33,11.86,0.00,141.63,0,-83,-10,0,0,58,0,0,441
359.05,1547730012,2386.77,51.513135,7.455926,142.33,11.86,0.00,141.63,0,-85,-13,0,0,60,0,0,24
359.05,1547730012,2386.77,51.513135,7.455926,142.33,11.86,0.00,141.63,0,-86,-12,0,0,56,0,0,455
359.05,1547730012,2386.78,51.513135,7.455926,142.33,11.86,0.00,141.63,0,-88,-12,0,0,54,0,0,142
362.05,1547730015,2425.79,51.512898,7.456420,142.57,14.04,0.00,132.59,0,-83,-10,0,0,59,0,0,25
362.05,1547730015,2425.80,51.512898,7.456420,142.57,14.04,0.00,132.59,0,-82,-11,0,0,59,0,0,143
363.05,1547730016,2439.83,51.512817,7.456586,142.69,14.57,0.00,131.68,0,-83,-10,0,0,59,0,0,25
363.05,1547730016,2439.84,51.512817,7.456586,142.69,14.57,0.00,131.68,0,-82,-11,0,0,59,0,0,143
364.05,1547730017,2454.45,51.512731,7.456756,143.25,14.69,0.00,132.27,0,-89,-9,0,0,51,0,0,25
364.05,1547730017,2454.45,51.512731,7.456756,143.25,14.69,0.00,132.27,0,-82,-8,0,0,57,0,0,143
365.05,1547730018,2469.06,51.512642,7.456928,143.72,15.25,0.00,131.68,0,-89,-9,0,0,51,0,0,25
365.05,1547730018,2469.07,51.512642,7.456928,143.72,15.25,0.00,131.68,0,-82,-8,0,0,57,0,0,143
366.05,1547730019,2484.39,51.512579,7.457136,145.24,15.25,0.00,132.59,0,-92,-9,0,0,49,0,0,25
366.05,1547730019,2484.40,51.512579,7.457136,145.24,15.25,0.00,132.59,0,-83,-11,0,0,59,0,0,143
367.05,1547730020,2499.64,51.512520,7.457332,147.29,14.74,0.00,128.25,0,-92,-9,0,0,49,0,0,25
367.05,1547730020,2499.66,51.512520,7.457332,147.29,14.74,0.00,128.25,0,-83,-11,0,0,59,0,0,143
368.05,1547730021,2514.38,51.512445,7.457500,150.23,15.36,0.00,127.52,0,-91,-10,0,0,50,0,0,25
368.05,1547730021,2514.39,51.512445,7.457500,150.23,15.36,0.00,127.52,0,-85,-9,0,0,54,0,0,143
369.05,1547730022,2529.74,51.512369,7.457661,154.19,15.52,0.00,126.17,0,-91,-10,0,0,50,0,0,25
369.05,1547730022,2529.76,51.512369,7.457661,154.19,15.52,0.00,126.17,0,-85,-9,0,0,54,0,0,143
370.05,1547730023,2545.19,51.512288,7.457842,156.23,15.35,0.00,125.45,0,-94,-9,0,0,47,0,0,25
370.05,1547730023,2545.20,51.512288,7.457842,156.23,15.35,0.00,125.45,0,-86,-9,0,0,54,0,0,143
371.05,1547730024,2560.57,51.512207,7.458029,157.47,15.37,0.00,124.78,0,-94,-9,0,0,47,0,0,25
371.05,1547730024,2560.57,51.512207,7.458029,157.47,15.37,0.00,124.78,0,-86,-9,0,0,54,0,0,143
372.05,1547730025,2575.96,51.512129,7.458214,158.76,15.08,0.00,125.49,0,-93,-9,0,0,47,0,0,25
372.05,1547730025,2575.96,51.512129,7.458214,158.76,15.08,0.00,125.49,0,-89,-11,0,0,52,0,0,143
373.07,1547730026,2591.33,51.512050,7.458393,158.98,15.28,0.00,126.18,0,-93,-9,0,0,47,0,0,25
373.07,1547730026,2591.34,51.512050,7.458393,158.98,15.28,0.00,126.18,0,-89,-11,0,0,52,0,0,143
374.05,1547730027,2606.29,51.511971,7.458575,158.78,15.55,0.00,126.81,0,-89,-10,0,0,52,0,0,139
375.05,1547730028,2621.87,51.511897,7.458750,158.42,15.55,0.00,126.18,0,-89,-10,0,0,52,0,0,139
376.05,1547730029,2637.46,51.511817,7.458932,157.60,15.15,0.00,127.45,0,-87,-7,0,0,51,0,0,139
377.05,1547730030,2652.53,51.511743,7.459102,156.83,14.82,0.00,126.10,0,-87,-7,0,0,51,0,0,139
378.06,1547730031,2667.52,51.511674,7.459280,155.55,14.82,0.00,126.79,0,-94,-11,0,0,49,0,0,326
378.06,1547730031,2667.53,51.511674,7.459280,155.55,14.82,0.00,126.79,0,-84,-7,0,0,53,0,0,139
379.05,1547730032,2682.24,51.511587,7.459463,153.58,15.18,0.00,126.14,0,-94,-11,0,0,49,0,0,326
379.05,1547730032,2682.25,51.511587,7.459463,153.58,15.18,0.00,126.14,0,-84,-7,0,0,53,0,0,139
380.05,1547730033,2697.34,51.511496,7.459631,151.67,14.80,0.00,126.69,0,-94,-11,0,0,49,0,0,326
380.05,1547730033,2697.34,51.511496,7.459631,151.67,14.80,0.00,126.69,0,-84,-7,0,0,53,0,0,139
381.05,1547730034,2712.19,51.511410,7.459814,148.90,14.92,0.00,127.31,0,-96,-13,0,0,49,0,0,326
381.05,1547730034,2712.19,51.511410,7.459814,148.90,14.92,0.00,127.31,0,-80,-7,0,0,58,0,0,139
382.05,1547730035,2727.16,51.511321,7.459982,147.06,14.94,0.00,128.78,0,-96,-13,0,0,49,0,0,326
382.05,1547730035,2727.17,51.511321,7.459982,147.06,14.94,0.00,128.78,0,-80,-7,0,0,58,0,0,139
383.05,1547730036,2742.08,51.511234,7.460153,145.34,14.92,0.00,129.47,0,-79,-6,0,0,57,0,0,139
384.05,1547730037,2756.99,51.511140,7.460329,143.47,14.83,0.00,130.86,0,-79,-6,0,0,57,0,0,139
385.05,1547730038,2771.82,51.511456,7.460467,142.22,14.77,0.00,131.52,0,-76,-6,0,0,61,0,0,139
386.05,1547730039,2786.59,51.510953,7.460655,141.98,14.69,0.00,132.45,0,-76,-6,0,0,61,0,0,139
387.05,1547730040,2801.28,51.510855,7.460808,142.63,14.46,0.00,132.81,0,-79,-6,0,0,58,0,0,139
388.05,1547730041,2815.73,51.510761,7.460960,144.57,14.27,0.00,133.18,0,-79,-6,0,0,58,0,0,139
389.05,1547730042,2830.01,51.510674,7.461088,146.78,12.37,0.00,136.33,0,-83,-10,0,0,57,0,0,139
389.05,1547730042,2830.03,51.510674,7.461088,146.78,12.37,0.00,136.33,0,-84,-11,0,0,57,0,0,138
390.05,1547730043,2842.32,51.510593,7.461209,149.46,11.20,0.00,136.84,0,-83,-10,0,0,57,0,0,139
390.05,1547730043,2842.32,51.510593,7.461209,149.46,11.20,0.00,136.84,0,-84,-11,0,0,57,0,0,138
391.05,1547730044,2853.56,51.510517,7.461329,151.40,10.49,0.00,135.18,0,-79,-10,0,0,60,0,0,139
391.05,1547730044,2853.56,51.510517,7.461329,151.40,10.49,0.00,135.18,0,-81,-10,0,0,60,0,0,138
392.05,1547730045,2864.02,51.510446,7.461442,153.51,9.91,0.00,134.63,0,-79,-10,0,0,60,0,0,139
392.05,1547730045,2864.02,51.510446,7.461442,153.51,9.91,0.00,134.63,0,-81,-10,0,0,60,0,0,138
393.05,1547730046,2873.97,51.510390,7.461542,155.94,8.45,0.00,134.13,0,-92,-12,0,0,51,0,0,326
393.05,1547730046,2873.98,51.510390,7.461542,155.94,8.45,0.00,134.13,0,-80,-8,0,0,59,0,0,138
393.05,1547730046,2873.99,51.510390,7.461542,155.94,8.45,0.00,134.13,0,-81,-9,0,0,59,0,0,139
394.05,1547730047,2882.43,51.510343,7.461624,157.95,6.78,0.00,134.47,0,-92,-12,0,0,51,0,0,326
394.05,1547730047,2882.43,51.510343,7.461624,157.95,6.78,0.00,134.47,0,-80,-8,0,0,59,0,0,138
394.05,1547730047,2882.43,51.510343,7.461624,157.95,6.78,0.00,134.47,0,-81,-9,0,0,59,0,0,139
395.05,1547730048,2889.17,51.510302,7.461694,159.45,5.35,0.00,135.22,0,-92,-8,0,0,48,0,0,326
395.05,1547730048,2889.17,51.510302,7.461694,159.45,5.35,0.00,135.22,0,-98,-9,0,0,42,0,0,199
395.05,1547730048,2889.17,51.510302,7.461694,159.45,5.35,0.00,135.22,0,-82,-10,0,0,59,0,0,139
395.05,1547730048,2889.17,51.510302,7.461694,159.45,5.35,0.00,135.22,0,-84,-12,0,0,59,0,0,138
396.05,1547730049,2894.54,51.510278,7.461762,159.53,3.47,0.00,122.49,0,-92,-8,0,0,48,0,0,326
396.05,1547730049,2894.54,51.510278,7.461762,159.53,3.47,0.00,122.49,0,-98,-9,0,0,42,0,0,199
396.05,1547730049,2894.54,51.510278,7.461762,159.53,3.47,0.00,122.49,0,-82,-10,0,0,59,0,0,139
396.05,1547730049,2894.55,51.510278,7.461762,159.53,3.47,0.00,122.49,0,-84,-12,0,0,59,0,0,138
397.05,1547730050,2897.99,51.510257,7.461783,159.62,1.46,0.00,122.49,0,-89,-8,0,0,51,0,0,326
397.05,1547730050,2897.99,51.510257,7.461783,159.62,1.46,0.00,122.49,0,-83,-10,0,0,58,0,0,138
397.05,1547730050,2897.99,51.510257,7.461783,159.62,1.46,0.00,122.49,0,-84,-11,0,0,58,0,0,139
398.05,1547730051,2899.45,51.510239,7.461780,159.62,0.69,0.00,122.49,0,-89,-8,0,0,51,0,0,326
398.05,1547730051,2899.45,51.510239,7.461780,159.62,0.69,0.00,122.49,0,-83,-10,0,0,58,0,0,138
398.05,1547730051,2899.45,51.510239,7.461780,159.62,0.69,0.00,122.49,0,-84,-11,0,0,58,0,0,139
399.06,1547730052,2900.14,51.510239,7.461780,159.60,0.00,0.00,122.49,0,-88,-7,0,0,51,0,0,326
399.06,1547730052,2900.14,51.510239,7.461780,159.60,0.00,0.00,122.49,0,-83,-10,0,0,57,0,0,138
399.06,1547730052,2900.14,51.510239,7.461780,159.60,0.00,0.00,122.49,0,-84,-10,0,0,57,0,0,139
400.05,1547730053,2900.14,51.510239,7.461780,159.57,0.00,0.00,122.49,0,-88,-7,0,0,51,0,0,326
400.05,1547730053,2900.14,51.510239,7.461780,159.57,0.00,0.00,122.49,0,-83,-10,0,0,57,0,0,138
400.05,1547730053,2900.14,51.510239,7.461780,159.57,0.00,0.00,122.49,0,-84,-10,0,0,57,0,0,139
401.05,1547730054,2900.14,51.510239,7.461780,159.53,0.00,0.00,122.49,0,-88,-7,0,0,51,0,0,326
401.05,1547730054,2900.14,51.510239,7.461780,159.53,0.00,0.00,122.49,0,-83,-10,0,0,57,0,0,138
401.05,1547730054,2900.14,51.510239,7.461780,159.53,0.00,0.00,122.49,0,-84,-10,0,0,57,0,0,139
402.05,1547730055,2900.14,51.510239,7.461780,159.46,0.00,0.00,122.49,0,-88,-9,0,0,52,0,0,326
402.05,1547730055,2900.14,51.510239,7.461780,159.46,0.00,0.00,122.49,0,-84,-9,0,0,56,0,0,138
402.05,1547730055,2900.14,51.510239,7.461780,159.46,0.00,0.00,122.49,0,-85,-11,0,0,56,0,0,139
403.07,1547730056,2900.14,51.510239,7.461780,159.39,0.00,0.00,122.49,0,-88,-9,0,0,52,0,0,326
403.07,1547730056,2900.14,51.510239,7.461780,159.39,0.00,0.00,122.49,0,-84,-9,0,0,56,0,0,138
403.07,1547730056,2900.14,51.510239,7.461780,159.39,0.00,0.00,122.49,0,-85,-11,0,0,56,0,0,139
404.05,1547730057,2900.14,51.510239,7.461780,159.31,0.00,0.00,122.49,0,-88,-8,0,0,51,0,0,326
404.05,1547730057,2900.14,51.510239,7.461780,159.31,0.00,0.00,122.49,0,-83,-9,0,0,56,0,0,138
404.05,1547730057,2900.14,51.510239,7.461780,159.31,0.00,0.00,122.49,0,-85,-10,0,0,56,0,0,139
405.05,1547730058,2900.14,51.512484,7.459897,159.23,0.00,0.00,122.49,0,-88,-8,0,0,51,0,0,326
405.05,1547730058,2900.14,51.512484,7.459897,159.23,0.00,0.00,122.49,0,-83,-9,0,0,56,0,0,138
405.05,1547730058,2900.14,51.512484,7.459897,159.23,0.00,0.00,122.49,0,-85,-10,0,0,56,0,0,139
406.05,1547730059,2900.14,51.510239,7.461780,159.14,0.00,0.00,122.49,0,-89,-8,0,0,51,0,0,326
406.05,1547730059,2900.14,51.510239,7.461780,159.14,0.00,0.00,122.49,0,-83,-9,0,0,57,0,0,138
406.05,1547730059,2900.14,51.510239,7.461780,159.14,0.00,0.00,122.49,0,-85,-10,0,0,57,0,0,139
407.05,1547730060,2900.14,51.510239,7.461780,159.05,0.00,0.00,122.49,0,-89,-8,0,0,51,0,0,326
407.05,1547730060,2900.14,51.510239,7.461780,159.05,0.00,0.00,122.49,0,-83,-9,0,0,57,0,0,138
407.05,1547730060,2900.14,51.510239,7.461780,159.05,0.00,0.00,122.49,0,-85,-10,0,0,57,0,0,139
408.05,1547730061,2900.14,51.510239,7.461780,158.95,0.00,0.00,122.49,0,-88,-9,0,0,53,0,0,326
408.05,1547730061,2900.14,51.510239,7.461780,158.95,0.00,0.00,122.49,0,-83,-9,0,0,57,0,0,138
408.05,1547730061,2900.14,51.510239,7.461780,158.95,0.00,0.00,122.49,0,-85,-11,0,0,57,0,0,139
409.05,1547730062,2900.14,51.510239,7.461780,158.86,0.00,0.00,122.49,0,-88,-9,0,0,53,0,0,326
409.05,1547730062,2900.14,51.510239,7.461780,158.86,0.00,0.00,122.49,0,-83,-9,0,0,57,0,0,138
409.05,1547730062,2900.14,51.510239,7.461780,158.86,0.00,0.00,122.49,0,-85,-11,0,0,57,0,0,139
410.05,1547730063,2900.14,51.510239,7.461780,158.77,0.00,0.00,122.49,0,-87,-7,0,0,51,0,0,326
410.05,1547730063,2900.14,51.510239,7.461780,158.77,0.00,0.00,122.49,0,-83,-9,0,0,56,0,0,138
410.05,1547730063,2900.14,51.510239,7.461780,158.77,0.00,0.00,122.49,0,-86,-11,0,0,56,0,0,139
411.05,1547730064,2900.14,51.510239,7.461780,157.96,0.00,0.00,148.26,0,-87,-7,0,0,51,0,0,326
411.05,1547730064,2900.14,51.510239,7.461780,157.96,0.00,0.00,148.26,0,-83,-9,0,0,56,0,0,138
411.05,1547730064,2900.14,51.510239,7.461780,157.96,0.00,0.00,148.26,0,-86,-11,0,0,56,0,0,139
412.05,1547730065,2900.14,51.510239,7.461780,150.69,0.00,0.00,140.03,0,-87,-8,0,0,53,0,0,326
412.05,1547730065,2900.14,51.510239,7.461780,150.69,0.00,0.00,140.03,0,-84,-10,0,0,57,0,0,138
412.05,1547730065,2900.14,51.510239,7.461780,150.69,0.00,0.00,140.03,0,-85,-11,0,0,57,0,0,139
413.05,1547730066,2900.15,51.510117,7.461907,146.12,4.82,0.00,115.03,0,-87,-8,0,0,53,0,0,326
413.05,1547730066,2900.15,51.510117,7.461907,146.12,4.82,0.00,115.03,0,-84,-10,0,0,57,0,0,138
413.05,1547730066,2900.15,51.510117,7.461907,146.12,4.82,0.00,115.03,0,-85,-11,0,0,57,0,0,139
414.05,1547730067,2904.97,51.510067,7.462012,143.73,7.90,0.00,124.68,0,-81,-10,0,0,60,0,0,138
414.05,1547730067,2904.97,51.510067,7.462012,143.73,7.90,0.00,124.68,0,-83,-12,0,0,60,0,0,139
415.05,1547730068,2912.87,51.510021,7.462128,142.63,8.39,0.00,124.63,0,-81,-10,0,0,60,0,0,138
415.05,1547730068,2912.87,51.510021,7.462128,142.63,8.39,0.00,124.63,0,-83,-12,0,0,60,0,0,139
416.05,1547730069,2921.28,51.509971,7.462262,142.30,9.64,0.00,121.98,0,-78,-9,0,0,61,0,0,138
416.05,1547730069,2921.29,51.509971,7.462262,142.30,9.64,0.00,121.98,0,-84,-13,0,0,61,0,0,139
417.05,1547730070,2930.92,51.509935,7.462421,142.41,10.27,0.00,119.66,0,-78,-9,0,0,61,0,0,138
417.05,1547730070,2930.93,51.509935,7.462421,142.41,10.27,0.00,119.66,0,-84,-13,0,0,61,0,0,139
418.05,1547730071,2941.20,51.509918,7.462582,142.55,10.15,0.00,103.95,0,-89,-9,0,0,51,0,0,441
418.05,1547730071,2941.21,51.509918,7.462582,142.55,10.15,0.00,103.95,0,-76,-8,0,0,63,0,0,138
418.05,1547730071,2941.21,51.509918,7.462582,142.55,10.15,0.00,103.95,0,-83,-15,0,0,63,0,0,139
419.05,1547730072,2951.35,51.509895,7.462719,142.56,9.63,0.00,104.64,0,-89,-9,0,0,51,0,0,441
419.05,1547730072,2951.35,51.509895,7.462719,142.56,9.63,0.00,104.64,0,-76,-8,0,0,63,0,0,138
419.05,1547730072,2951.36,51.509895,7.462719,142.56,9.63,0.00,104.64,0,-83,-15,0,0,63,0,0,139
420.06,1547730073,2961.03,51.509871,7.462857,142.39,9.63,0.00,105.58,0,-93,-11,0,0,49,0,0,441
420.06,1547730073,2961.04,51.509871,7.462857,142.39,9.63,0.00,105.58,0,-73,-6,0,0,63,0,0,138
421.05,1547730074,2970.59,51.509852,7.462993,142.57,9.23,0.00,103.17,0,-93,-11,0,0,49,0,0,441
421.05,1547730074,2970.60,51.509852,7.462993,142.57,9.23,0.00,103.17,0,-73,-6,0,0,63,0,0,138
422.05,1547730075,2979.81,51.509841,7.463114,143.01,7.76,0.00,100.60,0,-93,-11,0,0,49,0,0,441
422.05,1547730075,2979.81,51.509841,7.463114,143.01,7.76,0.00,100.60,0,-73,-6,0,0,63,0,0,138
423.05,1547730076,2987.55,51.509830,7.463224,143.65,7.08,0.00,99.07,0,-74,-7,0,0,63,0,0,138
424.05,1547730077,2994.64,51.509820,7.463334,144.78,6.96,0.00,96.89,0,-74,-7,0,0,63,0,0,138
425.05,1547730078,3001.59,51.510243,7.463948,145.32,6.24,0.00,96.44,0,-69,-6,0,0,63,0,0,138
426.05,1547730079,3007.85,51.509815,7.463524,145.41,6.23,0.00,95.54,0,-69,-6,0,0,63,0,0,138
427.05,1547730080,3014.08,51.509818,7.463610,145.72,5.79,0.00,94.03,0,-78,-8,0,0,61,0,0,138
428.05,1547730081,3019.87,51.509815,7.463686,146.30,5.22,0.00,94.99,0,-78,-8,0,0,61,0,0,138
429.05,1547730082,3025.09,51.509812,7.463762,147.40,4.85,0.00,96.17,0,-74,-8,0,0,63,0,0,138
430.05,1547730083,3029.92,51.509810,7.463835,148.81,4.77,0.00,96.17,0,-74,-8,0,0,63,0,0,138
431.05,1547730084,3034.72,51.509810,7.463909,150.29,4.50,0.00,95.48,0,-70,-6,0,0,63,0,0,138
432.05,1547730085,3039.20,51.509810,7.463974,151.87,4.22,0.00,96.32,0,-70,-6,0,0,63,0,0,138
433.05,1547730086,3043.43,51.509814,7.464058,152.62,5.13,0.00,94.52,0,-70,-6,0,0,63,0,0,138
434.05,1547730087,3048.57,51.509817,7.464145,152.67,5.28,0.00,94.10,0,-70,-6,0,0,63,0,0,138
435.05,1547730088,3053.83,51.509823,7.464262,153.30,5.28,0.00,94.87,0,-91,-7,0,0,49,0,0,199
435.05,1547730088,3053.83,51.509823,7.464262,153.30,5.28,0.00,94.87,0,-74,-6,0,0,63,0,0,138
436.05,1547730089,3059.11,51.509832,7.464341,154.87,6.31,0.00,93.73,0,-91,-7,0,0,49,0,0,199
436.05,1547730089,3059.11,51.509832,7.464341,154.87,6.31,0.00,93.73,0,-74,-6,0,0,63,0,0,138
437.05,1547730090,3065.44,51.509835,7.464454,155.77,7.19,0.00,92.78,0,-92,-7,0,0,47,0,0,199
437.05,1547730090,3065.45,51.509835,7.464454,155.77,7.19,0.00,92.78,0,-75,-6,0,0,62,0,0,138
438.05,1547730091,3072.63,51.509835,7.464562,156.13,7.28,0.00,96.10,0,-92,-7,0,0,47,0,0,199
438.05,1547730091,3072.64,51.509835,7.464562,156.13,7.28,0.00,96.10,0,-75,-6,0,0,62,0,0,138
439.05,1547730092,3079.92,51.509833,7.464679,156.11,8.11,0.00,99.82,0,-92,-6,0,0,46,0,0,199
439.05,1547730092,3079.92,51.509833,7.464679,156.11,8.11,0.00,99.82,0,-99,-12,0,0,44,0,0,441
439.05,1547730092,3079.93,51.509833,7.464679,156.11,8.11,0.00,99.82,0,-73,-5,0,0,63,0,0,138
440.05,1547730093,3088.02,51.509831,7.464835,155.87,8.11,0.00,99.82,0,-92,-6,0,0,46,0,0,199
440.05,1547730093,3088.03,51.509831,7.464835,155.87,8.11,0.00,99.82,0,-99,-12,0,0,44,0,0,441
440.05,1547730093,3088.04,51.509831,7.464835,155.87,8.11,0.00,99.82,0,-73,-5,0,0,63,0,0,138
441.06,1547730094,3096.17,51.509822,7.465001,155.71,9.89,0.00,98.74,0,-92,-8,0,0,47,0,0,199
441.06,1547730094,3096.18,51.509822,7.465001,155.71,9.89,0.00,98.74,0,-99,-12,0,0,45,0,0,441
441.06,1547730094,3096.18,51.509822,7.465001,155.71,9.89,0.00,98.74,0,-70,-5,0,0,63,0,0,138
442.05,1547730095,3106.00,51.509812,7.465167,155.52,10.97,0.00,98.28,0,-92,-8,0,0,47,0,0,199
442.05,1547730095,3106.00,51.509812,7.465167,155.52,10.97,0.00,98.28,0,-99,-12,0,0,45,0,0,441
442.05,1547730095,3106.00,51.509812,7.465167,155.52,10.97,0.00,98.28,0,-70,-5,0,0,63,0,0,138
443.05,1547730096,3117.01,51.509802,7.465319,155.50,9.77,0.00,97.58,0,-92,-8,0,0,47,0,0,199
443.05,1547730096,3117.02,51.509802,7.465319,155.50,9.77,0.00,97.58,0,-99,-12,0,0,45,0,0,441
443.05,1547730096,3117.02,51.509802,7.465319,155.50,9.77,0.00,97.58,0,-70,-5,0,0,63,0,0,138
444.05,1547730097,3126.75,51.509798,7.465452,155.02,8.59,0.00,95.47,0,-97,-9,0,0,46,0,0,199
444.05,1547730097,3126.76,51.509798,7.465452,155.02,8.59,0.00,95.47,0,-67,-5,0,0,63,0,0,138
445.05,1547730098,3135.32,51.509797,7.465572,154.72,7.94,0.00,94.27,0,-97,-9,0,0,46,0,0,199
445.05,1547730098,3135.32,51.509797,7.465572,154.72,7.94,0.00,94.27,0,-67,-5,0,0,63,0,0,138
446.05,1547730099,3143.28,51.509798,7.465685,154.11,7.88,0.00,93.46,0,-96,-8,0,0,43,0,0,199
446.05,1547730099,3143.28,51.509798,7.465685,154.11,7.88,0.00,93.46,0,-66,-5,0,0,63,0,0,138
447.05,1547730100,3151.16,51.509795,7.465802,153.86,8.26,0.00,95.55,0,-96,-8,0,0,43,0,0,199
447.05,1547730100,3151.17,51.509795,7.465802,153.86,8.26,0.00,95.55,0,-66,-5,0,0,63,0,0,138
448.05,1547730101,3159.43,51.509793,7.465912,153.41,8.26,0.00,95.55,0,-95,-8,0,0,44,0,0,199
448.05,1547730101,3159.44,51.509793,7.465912,153.41,8.26,0.00,95.55,0,-100,-12,0,0,45,0,0,374
448.05,1547730101,3159.44,51.509793,7.465912,153.41,8.26,0.00,95.55,0,-79,-6,0,0,56,0,0,138
449.05,1547730102,3167.69,51.509788,7.466067,152.64,9.54,0.00,98.32,0,-95,-8,0,0,44,0,0,199
449.05,1547730102,3167.69,51.509788,7.466067,152.64,9.54,0.00,98.32,0,-100,-12,0,0,45,0,0,374
449.05,1547730102,3167.70,51.509788,7.466067,152.64,9.54,0.00,98.32,0,-79,-6,0,0,56,0,0,138
450.05,1547730103,3177.26,51.509784,7.466225,152.14,10.29,0.00,95.89,0,-95,-8,0,0,45,0,0,199
450.05,1547730103,3177.26,51.509784,7.466225,152.14,10.29,0.00,95.89,0,-95,-11,0,0,47,0,0,324
450.05,1547730103,3177.27,51.509784,7.466225,152.14,10.29,0.00,95.89,0,-101,-14,0,0,45,0,0,441
450.05,1547730103,3177.28,51.509784,7.466225,152.14,10.29,0.00,95.89,0,-81,-7,0,0,56,0,0,138
