time_s,timestamp_ms,distance_m,latitude,longitude,altitude,velocity_mps,acceleration_mpss,direction,isRegistered,rsrp_dbm,rsrq_db,rssnr_db,cqi,ss,ta,ci,pci
3.07,1547802106,35.95,51.509770,7.468246,147.49,11.90,0.00,91.44,0,-87,-13,0,0,56,0,0,320
4.07,1547802107,47.85,51.509784,7.468419,147.27,11.84,0.00,88.31,0,-87,-13,0,0,56,0,0,320
7.07,1547802110,84.54,51.509875,7.468926,146.33,13.59,0.00,63.99,0,-92,-8,0,0,50,0,0,399
7.07,1547802110,84.54,51.509875,7.468926,146.33,13.59,0.00,63.99,0,-83,-11,0,0,57,0,0,320
8.07,1547802111,98.14,51.509934,7.469098,146.19,14.26,0.00,62.71,0,-92,-8,0,0,50,0,0,399
8.07,1547802111,98.15,51.509934,7.469098,146.19,14.26,0.00,62.71,0,-83,-11,0,0,57,0,0,320
9.07,1547802112,112.33,51.510002,7.469284,146.04,14.61,0.00,60.68,0,-86,-12,0,0,57,0,0,399
10.07,1547802113,126.94,51.510073,7.469461,145.82,14.45,0.00,59.51,0,-86,-12,0,0,57,0,0,399
14.07,1547802117,184.33,51.510360,7.470149,145.02,14.37,0.00,56.66,0,-91,-17,0,0,55,0,0,441
14.07,1547802117,184.35,51.510360,7.470149,145.02,14.37,0.00,56.66,0,-92,-18,0,0,55,0,0,21
15.07,1547802118,198.71,51.510434,7.470324,145.02,14.15,0.00,56.23,0,-91,-17,0,0,55,0,0,441
15.07,1547802118,198.73,51.510434,7.470324,145.02,14.15,0.00,56.23,0,-92,-18,0,0,55,0,0,21
16.07,1547802119,212.84,51.510507,7.470483,144.88,14.12,0.00,54.18,0,-103,-12,0,0,42,0,0,21
16.07,1547802119,212.87,51.510507,7.470483,144.88,14.12,0.00,54.18,0,-88,-14,0,0,56,0,0,441
16.07,1547802119,212.88,51.510507,7.470483,144.88,14.12,0.00,54.18,0,-89,-18,0,0,58,0,0,443
17.07,1547802120,226.94,51.510588,7.470637,144.63,14.15,0.00,52.12,0,-103,-12,0,0,42,0,0,21
17.07,1547802120,226.95,51.510588,7.470637,144.63,14.15,0.00,52.12,0,-88,-14,0,0,56,0,0,441
17.07,1547802120,226.97,51.510588,7.470637,144.63,14.15,0.00,52.12,0,-89,-18,0,0,58,0,0,443
18.07,1547802121,241.12,51.510676,7.470789,144.41,14.05,0.00,49.29,0,-90,-16,0,0,55,0,0,441
18.07,1547802121,241.13,51.510676,7.470789,144.41,14.05,0.00,49.29,0,-90,-17,0,0,56,0,0,31
19.07,1547802122,255.16,51.510766,7.470921,144.05,14.31,0.00,46.09,0,-90,-16,0,0,55,0,0,441
19.07,1547802122,255.17,51.510766,7.470921,144.05,14.31,0.00,46.09,0,-90,-17,0,0,56,0,0,31
20.07,1547802123,269.48,51.510864,7.471045,143.69,14.58,0.00,43.88,0,-106,-15,0,0,41,0,0,21
20.07,1547802123,269.50,51.510864,7.471045,143.69,14.58,0.00,43.88,0,-88,-11,0,0,53,0,0,441
21.07,1547802124,284.02,51.510974,7.471177,143.54,14.79,0.00,42.13,0,-106,-15,0,0,41,0,0,21
21.07,1547802124,284.04,51.510974,7.471177,143.54,14.79,0.00,42.13,0,-88,-11,0,0,53,0,0,441
22.07,1547802125,298.80,51.511090,7.471314,143.22,14.93,0.00,41.05,0,-86,-10,0,0,53,0,0,441
23.07,1547802126,313.70,51.511204,7.471446,143.20,15.04,0.00,40.32,0,-86,-10,0,0,53,0,0,441
24.07,1547802127,328.74,51.511314,7.471572,143.11,15.01,0.00,39.92,0,-84,-11,0,0,56,0,0,441
25.07,1547802128,343.80,51.511427,7.471705,143.13,14.92,0.00,39.42,0,-84,-11,0,0,56,0,0,441
26.07,1547802129,358.72,51.511530,7.471834,142.09,14.74,0.00,39.23,0,-78,-9,0,0,59,0,0,441
27.07,1547802130,373.46,51.511626,7.471960,140.95,14.71,0.00,38.91,0,-78,-9,0,0,59,0,0,441
28.07,1547802131,388.16,51.511727,7.472095,140.01,14.87,0.00,38.62,0,-86,-11,0,0,55,0,0,441
29.07,1547802132,403.02,51.511841,7.472236,139.35,15.22,0.00,38.27,0,-86,-11,0,0,55,0,0,441
30.07,1547802133,418.25,51.511942,7.472362,139.06,14.05,0.00,39.04,0,-82,-9,0,0,56,0,0,441
31.09,1547802134,432.65,51.512044,7.472487,138.78,13.60,0.00,38.15,0,-82,-9,0,0,56,0,0,441
32.07,1547802135,445.96,51.512147,7.472604,138.64,13.11,0.00,36.06,0,-78,-9,0,0,60,0,0,441
33.07,1547802136,458.97,51.512255,7.472673,138.89,13.59,0.00,21.53,0,-78,-9,0,0,60,0,0,441
34.07,1547802137,472.61,51.512369,7.472733,138.94,13.04,0.00,18.85,0,-78,-9,0,0,60,0,0,441
35.07,1547802138,485.65,51.512473,7.472773,138.98,13.13,0.00,15.14,0,-77,-10,0,0,61,0,0,441
36.07,1547802139,498.80,51.512589,7.472805,138.75,12.97,0.00,11.67,0,-77,-10,0,0,61,0,0,441
41.07,1547802144,565.48,51.513168,7.472874,138.50,13.56,0.00,4.71,0,-93,-17,0,0,53,0,0,441
42.07,1547802145,578.96,51.513294,7.472885,138.67,13.63,0.00,4.28,0,-93,-17,0,0,53,0,0,441
43.07,1547802146,592.59,51.513429,7.472888,138.61,13.41,0.00,3.31,0,-104,-13,0,0,41,0,0,400
43.07,1547802146,592.60,51.513429,7.472888,138.61,13.41,0.00,3.31,0,-91,-15,0,0,52,0,0,301
43.07,1547802146,592.60,51.513429,7.472888,138.61,13.41,0.00,3.31,0,-92,-16,0,0,52,0,0,318
44.07,1547802147,606.06,51.513555,7.472890,138.69,13.34,0.00,3.08,0,-104,-13,0,0,41,0,0,400
44.07,1547802147,606.08,51.513555,7.472890,138.69,13.34,0.00,3.08,0,-91,-15,0,0,52,0,0,301
44.07,1547802147,606.08,51.513555,7.472890,138.69,13.34,0.00,3.08,0,-92,-16,0,0,52,0,0,318
45.07,1547802148,619.41,51.513677,7.472896,139.08,13.17,0.00,3.56,0,-98,-8,0,0,42,0,0,400
45.07,1547802148,619.42,51.513677,7.472896,139.08,13.17,0.00,3.56,0,-83,-10,0,0,56,0,0,318
45.07,1547802148,619.42,51.513677,7.472896,139.08,13.17,0.00,3.56,0,-89,-16,0,0,57,0,0,301
46.07,1547802149,632.58,51.513797,7.472905,139.41,12.75,0.00,2.92,0,-98,-8,0,0,42,0,0,400
46.07,1547802149,632.59,51.513797,7.472905,139.41,12.75,0.00,2.92,0,-83,-10,0,0,56,0,0,318
46.07,1547802149,632.59,51.513797,7.472905,139.41,12.75,0.00,2.92,0,-89,-16,0,0,57,0,0,301
47.07,1547802150,645.31,51.513907,7.472909,139.57,11.99,0.00,2.15,0,-86,-12,0,0,54,0,0,301
48.07,1547802151,657.29,51.514015,7.472908,139.70,11.76,0.00,1.18,0,-86,-12,0,0,54,0,0,301
49.07,1547802152,669.11,51.514117,7.472906,139.62,12.01,0.00,1.66,0,-88,-15,0,0,56,0,0,127
49.08,1547802152,669.12,51.514117,7.472906,139.62,12.01,0.00,1.66,0,-93,-19,0,0,56,0,0,301
50.07,1547802153,681.12,51.514229,7.472910,139.57,12.67,0.00,2.37,0,-88,-15,0,0,56,0,0,127
50.08,1547802153,681.13,51.514229,7.472910,139.57,12.67,0.00,2.37,0,-93,-19,0,0,56,0,0,301
51.07,1547802154,693.71,51.514338,7.472917,138.99,12.23,0.00,2.79,0,-89,-14,0,0,54,0,0,127
52.07,1547802155,705.96,51.514456,7.472927,138.47,12.14,0.00,3.39,0,-89,-14,0,0,54,0,0,127
53.08,1547802156,718.20,51.514565,7.472937,137.84,11.97,0.00,4.33,0,-105,-12,0,0,39,0,0,399
53.08,1547802156,718.21,51.514565,7.472937,137.84,11.97,0.00,4.33,0,-91,-14,0,0,52,0,0,127
54.07,1547802157,730.07,51.514676,7.472948,137.32,12.32,0.00,4.32,0,-105,-12,0,0,39,0,0,399
54.07,1547802157,730.08,51.514676,7.472948,137.32,12.32,0.00,4.32,0,-91,-14,0,0,52,0,0,127
55.07,1547802158,742.39,51.514779,7.472958,136.80,12.80,0.00,3.61,0,-105,-12,0,0,39,0,0,399
55.07,1547802158,742.40,51.514779,7.472958,136.80,12.80,0.00,3.61,0,-91,-14,0,0,52,0,0,127
56.07,1547802159,755.17,51.514893,7.472970,136.37,12.57,0.00,3.27,0,-90,-14,0,0,53,0,0,127
56.07,1547802159,755.19,51.514893,7.472970,136.37,12.57,0.00,3.27,0,-91,-17,0,0,55,0,0,320
57.07,1547802160,767.77,51.515011,7.472983,136.09,12.40,0.00,2.67,0,-90,-14,0,0,53,0,0,127
57.07,1547802160,767.77,51.515011,7.472983,136.09,12.40,0.00,2.67,0,-91,-17,0,0,55,0,0,320
58.07,1547802161,780.15,51.515124,7.472987,135.89,12.07,0.00,1.43,0,-89,-13,0,0,52,0,0,44
59.07,1547802162,792.23,51.515236,7.472982,135.64,11.77,0.00,359.29,0,-89,-13,0,0,52,0,0,44
60.08,1547802163,804.06,51.515350,7.472971,135.43,12.54,0.00,356.75,0,-90,-15,0,0,54,0,0,127
60.08,1547802163,804.10,51.515350,7.472971,135.43,12.54,0.00,356.75,0,-95,-18,0,0,54,0,0,44
61.07,1547802164,816.56,51.515460,7.472951,135.06,13.15,0.00,353.50,0,-90,-15,0,0,54,0,0,127
61.07,1547802164,816.57,51.515460,7.472951,135.06,13.15,0.00,353.50,0,-95,-18,0,0,54,0,0,44
62.07,1547802165,829.64,51.515585,7.472910,134.39,13.76,0.00,349.76,0,-107,-17,0,0,42,0,0,20
62.07,1547802165,829.64,51.515585,7.472910,134.39,13.76,0.00,349.76,0,-91,-16,0,0,55,0,0,44
62.07,1547802165,829.64,51.515585,7.472910,134.39,13.76,0.00,349.76,0,-93,-17,0,0,53,0,0,127
63.07,1547802166,843.42,51.515692,7.472851,133.77,13.42,0.00,346.26,0,-107,-17,0,0,42,0,0,20
63.07,1547802166,843.42,51.515692,7.472851,133.77,13.42,0.00,346.26,0,-91,-16,0,0,55,0,0,44
63.07,1547802166,843.42,51.515692,7.472851,133.77,13.42,0.00,346.26,0,-93,-17,0,0,53,0,0,127
64.07,1547802167,856.87,51.515812,7.472781,132.80,13.27,0.00,342.35,0,-89,-14,0,0,53,0,0,127
65.07,1547802168,870.14,51.515935,7.472692,132.08,13.63,0.00,338.28,0,-89,-14,0,0,53,0,0,127
66.07,1547802169,883.77,51.516030,7.472567,131.55,13.84,0.00,325.25,0,-90,-14,0,0,52,0,0,127
67.07,1547802170,897.60,51.516132,7.472430,131.25,13.53,0.00,323.65,0,-90,-14,0,0,52,0,0,127
68.07,1547802171,911.13,51.516225,7.472290,131.06,13.30,0.00,320.29,0,-92,-15,0,0,51,0,0,127
69.07,1547802172,924.45,51.516318,7.472140,130.98,13.64,0.00,317.22,0,-92,-15,0,0,51,0,0,127
70.07,1547802173,938.09,51.516400,7.471989,130.80,13.71,0.00,313.81,0,-89,-15,0,0,56,0,0,127
70.07,1547802173,938.11,51.516400,7.471989,130.80,13.71,0.00,313.81,0,-90,-16,0,0,55,0,0,302
71.07,1547802174,951.75,51.516472,7.471837,130.73,13.90,0.00,309.94,0,-89,-15,0,0,56,0,0,127
71.07,1547802174,951.75,51.516472,7.471837,130.73,13.90,0.00,309.94,0,-90,-16,0,0,55,0,0,302
72.07,1547802175,965.65,51.516524,7.471644,130.67,14.70,0.00,296.05,0,-81,-12,0,0,61,0,0,127
73.07,1547802176,980.34,51.516573,7.471450,130.79,14.85,0.00,294.67,0,-81,-12,0,0,61,0,0,127
74.08,1547802177,995.38,51.516624,7.471243,131.11,14.42,0.00,294.23,0,-79,-13,0,0,62,0,0,127
75.07,1547802178,1009.67,51.516668,7.471058,131.24,14.13,0.00,294.48,0,-79,-13,0,0,62,0,0,127
76.07,1547802179,1023.80,51.516713,7.470864,131.51,13.63,0.00,294.95,0,-79,-13,0,0,62,0,0,127
77.07,1547802180,1037.42,51.516759,7.470688,131.56,13.36,0.00,295.50,0,-82,-12,0,0,58,0,0,127
78.07,1547802181,1050.80,51.516805,7.470514,131.56,13.02,0.00,294.69,0,-82,-12,0,0,58,0,0,127
79.07,1547802182,1063.81,51.516851,7.470343,131.59,12.84,0.00,293.96,0,-113,-17,0,0,35,0,0,15
79.07,1547802182,1063.83,51.516851,7.470343,131.59,12.84,0.00,293.96,0,-79,-12,0,0,62,0,0,127
80.07,1547802183,1076.65,51.516891,7.470164,131.68,12.45,0.00,291.66,0,-113,-17,0,0,35,0,0,15
80.07,1547802183,1076.66,51.516891,7.470164,131.68,12.45,0.00,291.66,0,-79,-12,0,0,62,0,0,127
81.07,1547802184,1089.10,51.516924,7.469992,131.78,11.92,0.00,289.15,0,-107,-15,0,0,41,0,0,15
81.07,1547802184,1089.10,51.516924,7.469992,131.78,11.92,0.00,289.15,0,-77,-13,0,0,63,0,0,127
82.07,1547802185,1100.97,51.516955,7.469839,131.87,10.81,0.00,288.18,0,-107,-15,0,0,41,0,0,15
82.07,1547802185,1100.97,51.516955,7.469839,131.87,10.81,0.00,288.18,0,-77,-13,0,0,63,0,0,127
83.07,1547802186,1111.78,51.516976,7.469704,131.55,9.97,0.00,287.47,0,-112,-16,0,0,36,0,0,15
83.07,1547802186,1111.79,51.516976,7.469704,131.55,9.97,0.00,287.47,0,-116,-18,0,0,36,0,0,488
83.07,1547802186,1111.79,51.516976,7.469704,131.55,9.97,0.00,287.47,0,-79,-14,0,0,63,0,0,127
83.07,1547802186,1111.79,51.516976,7.469704,131.55,9.97,0.00,287.47,0,-82,-16,0,0,63,0,0,128
84.07,1547802187,1121.76,51.517005,7.469577,131.46,7.29,0.00,290.27,0,-112,-16,0,0,36,0,0,15
84.07,1547802187,1121.76,51.517005,7.469577,131.46,7.29,0.00,290.27,0,-116,-18,0,0,36,0,0,488
84.07,1547802187,1121.76,51.517005,7.469577,131.46,7.29,0.00,290.27,0,-79,-14,0,0,63,0,0,127
84.07,1547802187,1121.77,51.517005,7.469577,131.46,7.29,0.00,290.27,0,-82,-16,0,0,63,0,0,128
85.07,1547802188,1129.09,51.517025,7.469484,131.94,5.16,0.00,289.59,0,-112,-14,0,0,33,0,0,15
85.08,1547802188,1129.10,51.517025,7.469484,131.94,5.16,0.00,289.59,0,-81,-13,0,0,62,0,0,127
85.08,1547802188,1129.10,51.517025,7.469484,131.94,5.16,0.00,289.59,0,-84,-16,0,0,61,0,0,128
86.07,1547802189,1134.21,51.517031,7.469395,131.95,4.10,0.00,276.91,0,-112,-14,0,0,33,0,0,15
86.07,1547802189,1134.21,51.517031,7.469395,131.95,4.10,0.00,276.91,0,-81,-13,0,0,62,0,0,127
86.07,1547802189,1134.21,51.517031,7.469395,131.95,4.10,0.00,276.91,0,-84,-16,0,0,61,0,0,128
87.07,1547802190,1138.33,51.517036,7.469332,131.95,2.32,0.00,280.99,0,-117,-17,0,0,31,0,0,15
87.07,1547802190,1138.33,51.517036,7.469332,131.95,2.32,0.00,280.99,0,-80,-15,0,0,63,0,0,127
87.07,1547802190,1138.33,51.517036,7.469332,131.95,2.32,0.00,280.99,0,-81,-15,0,0,63,0,0,128
88.07,1547802191,1140.65,51.517036,7.469332,131.95,0.00,0.00,280.99,0,-117,-17,0,0,31,0,0,15
88.07,1547802191,1140.65,51.517036,7.469332,131.95,0.00,0.00,280.99,0,-80,-15,0,0,63,0,0,127
88.07,1547802191,1140.65,51.517036,7.469332,131.95,0.00,0.00,280.99,0,-81,-15,0,0,63,0,0,128
89.07,1547802192,1140.65,51.517036,7.469332,131.94,0.00,0.00,280.99,0,-116,-14,0,0,30,0,0,15
89.07,1547802192,1140.65,51.517036,7.469332,131.94,0.00,0.00,280.99,0,-117,-15,0,0,29,0,0,20
89.07,1547802192,1140.65,51.517036,7.469332,131.94,0.00,0.00,280.99,0,-117,-17,0,0,31,0,0,231
89.07,1547802192,1140.65,51.517036,7.469332,131.94,0.00,0.00,280.99,0,-76,-12,0,0,63,0,0,127
89.08,1547802192,1140.65,51.517036,7.469332,131.94,0.00,0.00,280.99,0,-79,-15,0,0,63,0,0,128
90.07,1547802193,1140.65,51.517036,7.469332,131.94,0.00,0.00,280.99,0,-116,-14,0,0,30,0,0,15
90.07,1547802193,1140.65,51.517036,7.469332,131.94,0.00,0.00,280.99,0,-117,-15,0,0,29,0,0,20
90.07,1547802193,1140.65,51.517036,7.469332,131.94,0.00,0.00,280.99,0,-117,-17,0,0,31,0,0,231
90.07,1547802193,1140.65,51.517036,7.469332,131.94,0.00,0.00,280.99,0,-76,-12,0,0,63,0,0,127
90.08,1547802193,1140.65,51.517036,7.469332,131.94,0.00,0.00,280.99,0,-79,-15,0,0,63,0,0,128
91.08,1547802194,1140.65,51.517036,7.469332,131.92,0.00,0.00,280.99,0,-114,-19,0,0,35,0,0,20
91.08,1547802194,1140.65,51.517036,7.469332,131.92,0.00,0.00,280.99,0,-115,-19,0,0,35,0,0,15
91.08,1547802194,1140.65,51.517036,7.469332,131.92,0.00,0.00,280.99,0,-77,-12,0,0,63,0,0,127
91.08,1547802194,1140.65,51.517036,7.469332,131.92,0.00,0.00,280.99,0,-80,-15,0,0,63,0,0,128
92.07,1547802195,1140.65,51.517036,7.469332,131.90,0.00,0.00,280.99,0,-114,-19,0,0,35,0,0,20
92.07,1547802195,1140.65,51.517036,7.469332,131.90,0.00,0.00,280.99,0,-115,-19,0,0,35,0,0,15
92.07,1547802195,1140.65,51.517036,7.469332,131.90,0.00,0.00,280.99,0,-77,-12,0,0,63,0,0,127
92.07,1547802195,1140.65,51.517036,7.469332,131.90,0.00,0.00,280.99,0,-80,-15,0,0,63,0,0,128
93.07,1547802196,1140.65,51.517036,7.469332,131.86,0.00,0.00,280.99,0,-115,-14,0,0,31,0,0,15
93.07,1547802196,1140.65,51.517036,7.469332,131.86,0.00,0.00,280.99,0,-117,-16,0,0,31,0,0,231
93.07,1547802196,1140.65,51.517036,7.469332,131.86,0.00,0.00,280.99,0,-117,-16,0,0,31,0,0,20
93.07,1547802196,1140.65,51.517036,7.469332,131.86,0.00,0.00,280.99,0,-76,-12,0,0,63,0,0,127
93.07,1547802196,1140.65,51.517036,7.469332,131.86,0.00,0.00,280.99,0,-79,-15,0,0,63,0,0,128
94.07,1547802197,1140.65,51.517036,7.469332,131.82,0.00,0.00,280.99,0,-115,-14,0,0,31,0,0,15
94.07,1547802197,1140.65,51.517036,7.469332,131.82,0.00,0.00,280.99,0,-117,-16,0,0,31,0,0,231
94.07,1547802197,1140.65,51.517036,7.469332,131.82,0.00,0.00,280.99,0,-117,-16,0,0,31,0,0,20
94.07,1547802197,1140.65,51.517036,7.469332,131.82,0.00,0.00,280.99,0,-76,-12,0,0,63,0,0,127
94.08,1547802197,1140.65,51.517036,7.469332,131.82,0.00,0.00,280.99,0,-79,-15,0,0,63,0,0,128
95.08,1547802198,1140.65,51.517036,7.469332,131.78,0.00,0.00,280.99,0,-115,-13,0,0,30,0,0,15
95.08,1547802198,1140.65,51.517036,7.469332,131.78,0.00,0.00,280.99,0,-76,-12,0,0,63,0,0,127
95.08,1547802198,1140.65,51.517036,7.469332,131.78,0.00,0.00,280.99,0,-80,-15,0,0,63,0,0,128
96.07,1547802199,1140.65,51.517036,7.469332,131.73,0.00,0.00,280.99,0,-115,-13,0,0,30,0,0,15
96.07,1547802199,1140.65,51.517036,7.469332,131.73,0.00,0.00,280.99,0,-76,-12,0,0,63,0,0,127
96.07,1547802199,1140.65,51.517036,7.469332,131.73,0.00,0.00,280.99,0,-80,-15,0,0,63,0,0,128
97.07,1547802200,1140.65,51.517036,7.469332,131.69,0.00,0.00,280.99,0,-115,-13,0,0,30,0,0,15
97.07,1547802200,1140.65,51.517036,7.469332,131.69,0.00,0.00,280.99,0,-76,-12,0,0,63,0,0,127
97.07,1547802200,1140.65,51.517036,7.469332,131.69,0.00,0.00,280.99,0,-80,-15,0,0,63,0,0,128
98.07,1547802201,1140.65,51.517036,7.469332,131.64,0.00,0.00,280.99,0,-116,-14,0,0,30,0,0,15
98.07,1547802201,1140.65,51.517036,7.469332,131.64,0.00,0.00,280.99,0,-117,-15,0,0,29,0,0,20
98.07,1547802201,1140.65,51.517036,7.469332,131.64,0.00,0.00,280.99,0,-76,-12,0,0,63,0,0,127
98.07,1547802201,1140.65,51.517036,7.469332,131.64,0.00,0.00,280.99,0,-79,-15,0,0,63,0,0,128
99.07,1547802202,1140.65,51.517036,7.469332,131.60,0.00,0.00,280.99,0,-116,-14,0,0,30,0,0,15
99.07,1547802202,1140.65,51.517036,7.469332,131.60,0.00,0.00,280.99,0,-117,-15,0,0,29,0,0,20
99.07,1547802202,1140.65,51.517036,7.469332,131.60,0.00,0.00,280.99,0,-76,-12,0,0,63,0,0,127
99.07,1547802202,1140.65,51.517036,7.469332,131.60,0.00,0.00,280.99,0,-79,-15,0,0,63,0,0,128
100.07,1547802203,1140.65,51.517036,7.469332,131.55,0.00,0.00,280.99,0,-116,-18,0,0,35,0,0,15
100.07,1547802203,1140.65,51.517036,7.469332,131.55,0.00,0.00,280.99,0,-117,-20,0,0,35,0,0,231
100.07,1547802203,1140.65,51.517036,7.469332,131.55,0.00,0.00,280.99,0,-77,-12,0,0,63,0,0,127
100.07,1547802203,1140.65,51.517036,7.469332,131.55,0.00,0.00,280.99,0,-80,-15,0,0,63,0,0,128
101.07,1547802204,1140.65,51.517036,7.469332,131.51,0.00,0.00,280.99,0,-116,-18,0,0,35,0,0,15
101.07,1547802204,1140.65,51.517036,7.469332,131.51,0.00,0.00,280.99,0,-117,-20,0,0,35,0,0,231
101.07,1547802204,1140.65,51.517036,7.469332,131.51,0.00,0.00,280.99,0,-77,-12,0,0,63,0,0,127
101.07,1547802204,1140.65,51.517036,7.469332,131.51,0.00,0.00,280.99,0,-80,-15,0,0,63,0,0,128
102.07,1547802205,1140.65,51.517036,7.469332,131.47,0.00,0.00,280.99,0,-115,-14,0,0,31,0,0,15
102.07,1547802205,1140.65,51.517036,7.469332,131.47,0.00,0.00,280.99,0,-116,-15,0,0,31,0,0,20
102.07,1547802205,1140.65,51.517036,7.469332,131.47,0.00,0.00,280.99,0,-76,-12,0,0,63,0,0,127
102.07,1547802205,1140.65,51.517036,7.469332,131.47,0.00,0.00,280.99,0,-79,-15,0,0,63,0,0,128
103.07,1547802206,1140.65,51.517036,7.469332,131.43,0.00,0.00,280.99,0,-115,-14,0,0,31,0,0,15
103.07,1547802206,1140.65,51.517036,7.469332,131.43,0.00,0.00,280.99,0,-116,-15,0,0,31,0,0,20
103.07,1547802206,1140.65,51.517036,7.469332,131.43,0.00,0.00,280.99,0,-76,-12,0,0,63,0,0,127
103.07,1547802206,1140.65,51.517036,7.469332,131.43,0.00,0.00,280.99,0,-79,-15,0,0,63,0,0,128
104.08,1547802207,1140.65,51.517036,7.469332,131.40,0.00,0.00,280.99,0,-114,-14,0,0,32,0,0,15
104.08,1547802207,1140.65,51.517036,7.469332,131.40,0.00,0.00,280.99,0,-115,-15,0,0,31,0,0,20
104.08,1547802207,1140.65,51.517036,7.469332,131.40,0.00,0.00,280.99,0,-76,-12,0,0,63,0,0,127
104.08,1547802207,1140.65,51.517036,7.469332,131.40,0.00,0.00,280.99,0,-79,-15,0,0,63,0,0,128
105.07,1547802208,1140.65,51.517036,7.469332,131.36,0.00,0.00,280.99,0,-114,-14,0,0,32,0,0,15
105.07,1547802208,1140.65,51.517036,7.469332,131.36,0.00,0.00,280.99,0,-115,-15,0,0,31,0,0,20
105.07,1547802208,1140.65,51.517036,7.469332,131.36,0.00,0.00,280.99,0,-76,-12,0,0,63,0,0,127
105.07,1547802208,1140.65,51.517036,7.469332,131.36,0.00,0.00,280.99,0,-79,-15,0,0,63,0,0,128
106.07,1547802209,1140.65,51.517036,7.469332,131.33,0.00,0.00,280.99,0,-114,-13,0,0,31,0,0,15
106.07,1547802209,1140.65,51.517036,7.469332,131.33,0.00,0.00,280.99,0,-115,-14,0,0,30,0,0,20
106.07,1547802209,1140.65,51.517036,7.469332,131.33,0.00,0.00,280.99,0,-117,-17,0,0,31,0,0,231
106.08,1547802209,1140.65,51.517036,7.469332,131.33,0.00,0.00,280.99,0,-76,-12,0,0,63,0,0,127
106.08,1547802209,1140.65,51.517036,7.469332,131.33,0.00,0.00,280.99,0,-79,-15,0,0,63,0,0,128
107.07,1547802210,1140.65,51.517036,7.469332,131.30,0.00,0.00,280.99,0,-114,-13,0,0,31,0,0,15
107.07,1547802210,1140.65,51.517036,7.469332,131.30,0.00,0.00,280.99,0,-115,-14,0,0,30,0,0,20
107.07,1547802210,1140.65,51.517036,7.469332,131.30,0.00,0.00,280.99,0,-117,-17,0,0,31,0,0,231
107.07,1547802210,1140.65,51.517036,7.469332,131.30,0.00,0.00,280.99,0,-76,-12,0,0,63,0,0,127
107.08,1547802210,1140.65,51.517036,7.469332,131.30,0.00,0.00,280.99,0,-79,-15,0,0,63,0,0,128
108.07,1547802211,1140.65,51.517036,7.469332,131.28,0.00,0.00,280.99,0,-114,-12,0,0,31,0,0,15
108.07,1547802211,1140.65,51.517036,7.469332,131.28,0.00,0.00,280.99,0,-116,-14,0,0,29,0,0,20
108.07,1547802211,1140.65,51.517036,7.469332,131.28,0.00,0.00,280.99,0,-76,-12,0,0,63,0,0,127
108.07,1547802211,1140.65,51.517036,7.469332,131.28,0.00,0.00,280.99,0,-80,-15,0,0,63,0,0,128
109.07,1547802212,1140.65,51.517036,7.469332,131.26,0.00,0.00,280.99,0,-114,-12,0,0,31,0,0,15
109.07,1547802212,1140.65,51.517036,7.469332,131.26,0.00,0.00,280.99,0,-116,-14,0,0,29,0,0,20
109.07,1547802212,1140.65,51.517036,7.469332,131.26,0.00,0.00,280.99,0,-76,-12,0,0,63,0,0,127
109.07,1547802212,1140.65,51.517036,7.469332,131.26,0.00,0.00,280.99,0,-80,-15,0,0,63,0,0,128
110.07,1547802213,1140.65,51.517036,7.469332,131.24,0.00,0.00,280.99,0,-115,-16,0,0,34,0,0,15
110.07,1547802213,1140.65,51.517036,7.469332,131.24,0.00,0.00,280.99,0,-76,-12,0,0,63,0,0,127
110.07,1547802213,1140.65,51.517036,7.469332,131.24,0.00,0.00,280.99,0,-79,-15,0,0,63,0,0,128
111.07,1547802214,1140.65,51.517036,7.469332,131.23,0.00,0.00,280.99,0,-115,-16,0,0,34,0,0,15
111.07,1547802214,1140.65,51.517036,7.469332,131.23,0.00,0.00,280.99,0,-76,-12,0,0,63,0,0,127
111.07,1547802214,1140.65,51.517036,7.469332,131.23,0.00,0.00,280.99,0,-79,-15,0,0,63,0,0,128
112.07,1547802215,1140.65,51.517036,7.469332,131.22,0.00,0.00,280.99,0,-115,-15,0,0,32,0,0,15
112.07,1547802215,1140.65,51.517036,7.469332,131.22,0.00,0.00,280.99,0,-116,-16,0,0,32,0,0,20
112.07,1547802215,1140.65,51.517036,7.469332,131.22,0.00,0.00,280.99,0,-76,-12,0,0,63,0,0,127
112.07,1547802215,1140.65,51.517036,7.469332,131.22,0.00,0.00,280.99,0,-79,-15,0,0,63,0,0,128
113.07,1547802216,1140.65,51.517036,7.469332,131.21,0.00,0.00,280.99,0,-115,-15,0,0,32,0,0,15
113.07,1547802216,1140.65,51.517036,7.469332,131.21,0.00,0.00,280.99,0,-116,-16,0,0,32,0,0,20
113.07,1547802216,1140.65,51.517036,7.469332,131.21,0.00,0.00,280.99,0,-76,-12,0,0,63,0,0,127
113.07,1547802216,1140.65,51.517036,7.469332,131.21,0.00,0.00,280.99,0,-79,-15,0,0,63,0,0,128
114.07,1547802217,1140.65,51.517036,7.469332,131.20,0.00,0.00,280.99,0,-114,-14,0,0,33,0,0,15
114.07,1547802217,1140.65,51.517036,7.469332,131.20,0.00,0.00,280.99,0,-116,-17,0,0,33,0,0,20
114.07,1547802217,1140.65,51.517036,7.469332,131.20,0.00,0.00,280.99,0,-76,-12,0,0,63,0,0,127
114.07,1547802217,1140.65,51.517036,7.469332,131.20,0.00,0.00,280.99,0,-80,-15,0,0,63,0,0,128
115.07,1547802218,1140.65,51.517036,7.469332,131.19,0.00,0.00,280.99,0,-114,-14,0,0,33,0,0,15
115.07,1547802218,1140.65,51.517036,7.469332,131.19,0.00,0.00,280.99,0,-116,-17,0,0,33,0,0,20
115.07,1547802218,1140.65,51.517036,7.469332,131.19,0.00,0.00,280.99,0,-76,-12,0,0,63,0,0,127
115.07,1547802218,1140.65,51.517036,7.469332,131.19,0.00,0.00,280.99,0,-80,-15,0,0,63,0,0,128
116.08,1547802219,1140.65,51.517036,7.469332,131.18,0.00,0.00,280.99,0,-115,-14,0,0,31,0,0,15
116.08,1547802219,1140.65,51.517036,7.469332,131.18,0.00,0.00,280.99,0,-117,-16,0,0,30,0,0,20
116.08,1547802219,1140.65,51.517036,7.469332,131.18,0.00,0.00,280.99,0,-117,-16,0,0,30,0,0,231
116.08,1547802219,1140.65,51.517036,7.469332,131.18,0.00,0.00,280.99,0,-77,-12,0,0,63,0,0,127
116.08,1547802219,1140.65,51.517036,7.469332,131.18,0.00,0.00,280.99,0,-80,-15,0,0,63,0,0,128
117.07,1547802220,1140.65,51.517036,7.469332,131.17,0.00,0.00,280.99,0,-115,-14,0,0,31,0,0,15
117.07,1547802220,1140.65,51.517036,7.469332,131.17,0.00,0.00,280.99,0,-117,-16,0,0,30,0,0,20
117.07,1547802220,1140.65,51.517036,7.469332,131.17,0.00,0.00,280.99,0,-117,-16,0,0,30,0,0,231
117.07,1547802220,1140.65,51.517036,7.469332,131.17,0.00,0.00,280.99,0,-77,-12,0,0,63,0,0,127
117.07,1547802220,1140.65,51.517036,7.469332,131.17,0.00,0.00,280.99,0,-80,-15,0,0,63,0,0,128
118.07,1547802221,1140.65,51.517036,7.469332,131.16,0.00,0.00,280.99,0,-115,-14,0,0,31,0,0,15
118.07,1547802221,1140.65,51.517036,7.469332,131.16,0.00,0.00,280.99,0,-117,-16,0,0,30,0,0,20
118.07,1547802221,1140.65,51.517036,7.469332,131.16,0.00,0.00,280.99,0,-117,-16,0,0,30,0,0,231
118.07,1547802221,1140.65,51.517036,7.469332,131.16,0.00,0.00,280.99,0,-77,-12,0,0,63,0,0,127
118.08,1547802221,1140.65,51.517036,7.469332,131.16,0.00,0.00,280.99,0,-80,-15,0,0,63,0,0,128
119.07,1547802222,1140.65,51.517036,7.469332,131.15,0.00,0.00,280.99,0,-115,-17,0,0,35,0,0,15
119.07,1547802222,1140.65,51.517036,7.469332,131.15,0.00,0.00,280.99,0,-76,-12,0,0,63,0,0,127
119.07,1547802222,1140.65,51.517036,7.469332,131.15,0.00,0.00,280.99,0,-80,-16,0,0,63,0,0,128
120.07,1547802223,1140.65,51.517036,7.469332,131.14,0.00,0.00,280.99,0,-115,-17,0,0,35,0,0,15
120.07,1547802223,1140.65,51.517036,7.469332,131.14,0.00,0.00,280.99,0,-76,-12,0,0,63,0,0,127
120.07,1547802223,1140.65,51.517036,7.469332,131.14,0.00,0.00,280.99,0,-80,-16,0,0,63,0,0,128
121.07,1547802224,1140.65,51.517036,7.469332,131.13,0.00,0.00,280.99,0,-115,-13,0,0,31,0,0,15
121.07,1547802224,1140.65,51.517036,7.469332,131.13,0.00,0.00,280.99,0,-116,-15,0,0,30,0,0,20
121.07,1547802224,1140.65,51.517036,7.469332,131.13,0.00,0.00,280.99,0,-76,-12,0,0,63,0,0,127
121.07,1547802224,1140.65,51.517036,7.469332,131.13,0.00,0.00,280.99,0,-80,-16,0,0,63,0,0,128
122.07,1547802225,1140.65,51.517036,7.469332,131.11,0.00,0.00,280.99,0,-115,-13,0,0,31,0,0,15
122.07,1547802225,1140.65,51.517036,7.469332,131.11,0.00,0.00,280.99,0,-116,-15,0,0,30,0,0,20
122.07,1547802225,1140.65,51.517036,7.469332,131.11,0.00,0.00,280.99,0,-76,-12,0,0,63,0,0,127
122.07,1547802225,1140.65,51.517036,7.469332,131.11,0.00,0.00,280.99,0,-80,-16,0,0,63,0,0,128
123.07,1547802226,1140.65,51.517036,7.469332,131.10,0.00,0.00,280.99,0,-114,-14,0,0,33,0,0,15
123.07,1547802226,1140.65,51.517036,7.469332,131.10,0.00,0.00,280.99,0,-117,-18,0,0,33,0,0,20
123.07,1547802226,1140.65,51.517036,7.469332,131.10,0.00,0.00,280.99,0,-118,-19,0,0,33,0,0,231
123.07,1547802226,1140.65,51.517036,7.469332,131.10,0.00,0.00,280.99,0,-76,-12,0,0,63,0,0,127
123.07,1547802226,1140.65,51.517036,7.469332,131.10,0.00,0.00,280.99,0,-79,-15,0,0,63,0,0,128
124.07,1547802227,1140.65,51.517036,7.469332,131.09,0.00,0.00,280.99,0,-114,-14,0,0,33,0,0,15
124.07,1547802227,1140.65,51.517036,7.469332,131.09,0.00,0.00,280.99,0,-117,-18,0,0,33,0,0,20
124.07,1547802227,1140.65,51.517036,7.469332,131.09,0.00,0.00,280.99,0,-118,-19,0,0,33,0,0,231
124.07,1547802227,1140.65,51.517036,7.469332,131.09,0.00,0.00,280.99,0,-76,-12,0,0,63,0,0,127
124.07,1547802227,1140.65,51.517036,7.469332,131.09,0.00,0.00,280.99,0,-79,-15,0,0,63,0,0,128
125.07,1547802228,1140.65,51.517036,7.469332,131.07,0.00,0.00,280.99,0,-114,-14,0,0,33,0,0,15
125.07,1547802228,1140.65,51.517036,7.469332,131.07,0.00,0.00,280.99,0,-114,-15,0,0,32,0,0,20
125.08,1547802228,1140.65,51.517036,7.469332,131.07,0.00,0.00,280.99,0,-77,-12,0,0,63,0,0,127
125.08,1547802228,1140.65,51.517036,7.469332,131.07,0.00,0.00,280.99,0,-80,-15,0,0,63,0,0,128
126.07,1547802229,1140.65,51.517036,7.469332,131.06,0.00,0.00,280.99,0,-114,-14,0,0,33,0,0,15
126.07,1547802229,1140.65,51.517036,7.469332,131.06,0.00,0.00,280.99,0,-114,-15,0,0,32,0,0,20
126.07,1547802229,1140.65,51.517036,7.469332,131.06,0.00,0.00,280.99,0,-77,-12,0,0,63,0,0,127
126.08,1547802229,1140.65,51.517036,7.469332,131.06,0.00,0.00,280.99,0,-80,-15,0,0,63,0,0,128
127.07,1547802230,1140.65,51.517036,7.469332,131.05,0.00,0.00,280.99,0,-113,-16,0,0,35,0,0,15
127.07,1547802230,1140.65,51.517036,7.469332,131.05,0.00,0.00,280.99,0,-115,-20,0,0,36,0,0,20
127.07,1547802230,1140.65,51.517036,7.469332,131.05,0.00,0.00,280.99,0,-76,-12,0,0,63,0,0,127
127.07,1547802230,1140.65,51.517036,7.469332,131.05,0.00,0.00,280.99,0,-79,-15,0,0,63,0,0,128
128.07,1547802231,1140.65,51.517036,7.469332,131.04,0.00,0.00,280.99,0,-113,-16,0,0,35,0,0,15
128.07,1547802231,1140.65,51.517036,7.469332,131.04,0.00,0.00,280.99,0,-115,-20,0,0,36,0,0,20
128.07,1547802231,1140.65,51.517036,7.469332,131.04,0.00,0.00,280.99,0,-76,-12,0,0,63,0,0,127
128.07,1547802231,1140.65,51.517036,7.469332,131.04,0.00,0.00,280.99,0,-79,-15,0,0,63,0,0,128
129.07,1547802232,1140.65,51.517036,7.469332,131.03,0.00,0.00,280.99,0,-114,-17,0,0,35,0,0,15
129.07,1547802232,1140.65,51.517036,7.469332,131.03,0.00,0.00,280.99,0,-116,-20,0,0,35,0,0,20
129.07,1547802232,1140.65,51.517036,7.469332,131.03,0.00,0.00,280.99,0,-77,-12,0,0,63,0,0,127
129.07,1547802232,1140.65,51.517036,7.469332,131.03,0.00,0.00,280.99,0,-80,-16,0,0,63,0,0,128
130.07,1547802233,1140.65,51.517036,7.469332,131.02,0.00,0.00,280.99,0,-114,-17,0,0,35,0,0,15
130.07,1547802233,1140.65,51.517036,7.469332,131.02,0.00,0.00,280.99,0,-116,-20,0,0,35,0,0,20
130.07,1547802233,1140.65,51.517036,7.469332,131.02,0.00,0.00,280.99,0,-77,-12,0,0,63,0,0,127
130.07,1547802233,1140.65,51.517036,7.469332,131.02,0.00,0.00,280.99,0,-80,-16,0,0,63,0,0,128
131.07,1547802234,1140.65,51.517036,7.469332,131.01,0.00,0.00,280.99,0,-114,-13,0,0,32,0,0,15
131.07,1547802234,1140.65,51.517036,7.469332,131.01,0.00,0.00,280.99,0,-115,-15,0,0,31,0,0,20
131.07,1547802234,1140.65,51.517036,7.469332,131.01,0.00,0.00,280.99,0,-117,-18,0,0,32,0,0,231
131.07,1547802234,1140.65,51.517036,7.469332,131.01,0.00,0.00,280.99,0,-76,-12,0,0,63,0,0,127
131.07,1547802234,1140.65,51.517036,7.469332,131.01,0.00,0.00,280.99,0,-80,-15,0,0,63,0,0,128
132.07,1547802235,1140.65,51.517036,7.469332,131.00,0.00,0.00,280.99,0,-114,-13,0,0,32,0,0,15
132.07,1547802235,1140.65,51.517036,7.469332,131.00,0.00,0.00,280.99,0,-115,-15,0,0,31,0,0,20
132.07,1547802235,1140.65,51.517036,7.469332,131.00,0.00,0.00,280.99,0,-117,-18,0,0,32,0,0,231
132.07,1547802235,1140.65,51.517036,7.469332,131.00,0.00,0.00,280.99,0,-76,-12,0,0,63,0,0,127
132.07,1547802235,1140.65,51.517036,7.469332,131.00,0.00,0.00,280.99,0,-80,-15,0,0,63,0,0,128
133.07,1547802236,1140.65,51.517036,7.469332,130.99,0.00,0.00,280.99,0,-114,-15,0,0,33,0,0,15
133.07,1547802236,1140.65,51.517036,7.469332,130.99,0.00,0.00,280.99,0,-118,-20,0,0,33,0,0,20
133.07,1547802236,1140.65,51.517036,7.469332,130.99,0.00,0.00,280.99,0,-118,-20,0,0,33,0,0,231
133.07,1547802236,1140.65,51.517036,7.469332,130.99,0.00,0.00,280.99,0,-76,-12,0,0,63,0,0,127
133.07,1547802236,1140.65,51.517036,7.469332,130.99,0.00,0.00,280.99,0,-79,-15,0,0,63,0,0,128
134.07,1547802237,1140.65,51.517036,7.469332,130.98,0.00,0.00,280.99,0,-114,-15,0,0,33,0,0,15
134.07,1547802237,1140.65,51.517036,7.469332,130.98,0.00,0.00,280.99,0,-118,-20,0,0,33,0,0,20
134.08,1547802237,1140.65,51.517036,7.469332,130.98,0.00,0.00,280.99,0,-118,-20,0,0,33,0,0,231
134.08,1547802237,1140.65,51.517036,7.469332,130.98,0.00,0.00,280.99,0,-76,-12,0,0,63,0,0,127
134.08,1547802237,1140.65,51.517036,7.469332,130.98,0.00,0.00,280.99,0,-79,-15,0,0,63,0,0,128
135.07,1547802238,1140.65,51.517036,7.469332,130.97,0.00,0.00,280.99,0,-114,-17,0,0,35,0,0,15
135.08,1547802238,1140.65,51.517036,7.469332,130.97,0.00,0.00,280.99,0,-115,-19,0,0,35,0,0,20
135.08,1547802238,1140.65,51.517036,7.469332,130.97,0.00,0.00,280.99,0,-77,-12,0,0,63,0,0,127
135.08,1547802238,1140.65,51.517036,7.469332,130.97,0.00,0.00,280.99,0,-80,-15,0,0,63,0,0,128
136.07,1547802239,1140.65,51.517036,7.469332,130.96,0.00,0.00,280.99,0,-114,-17,0,0,35,0,0,15
136.07,1547802239,1140.65,51.517036,7.469332,130.96,0.00,0.00,280.99,0,-115,-19,0,0,35,0,0,20
136.07,1547802239,1140.65,51.517036,7.469332,130.96,0.00,0.00,280.99,0,-77,-12,0,0,63,0,0,127
136.07,1547802239,1140.65,51.517036,7.469332,130.96,0.00,0.00,280.99,0,-80,-15,0,0,63,0,0,128
137.07,1547802240,1140.65,51.517036,7.469332,130.94,0.00,0.00,280.99,0,-116,-14,0,0,29,0,0,15
137.07,1547802240,1140.65,51.517036,7.469332,130.94,0.00,0.00,280.99,0,-117,-15,0,0,29,0,0,20
137.07,1547802240,1140.65,51.517036,7.469332,130.94,0.00,0.00,280.99,0,-117,-15,0,0,29,0,0,231
137.07,1547802240,1140.65,51.517036,7.469332,130.94,0.00,0.00,280.99,0,-77,-12,0,0,63,0,0,127
137.08,1547802240,1140.65,51.517036,7.469332,130.94,0.00,0.00,280.99,0,-79,-15,0,0,63,0,0,128
138.07,1547802241,1140.65,51.517036,7.469332,130.93,0.00,0.00,280.99,0,-116,-14,0,0,29,0,0,15
138.07,1547802241,1140.65,51.517036,7.469332,130.93,0.00,0.00,280.99,0,-117,-15,0,0,29,0,0,20
138.07,1547802241,1140.65,51.517036,7.469332,130.93,0.00,0.00,280.99,0,-117,-15,0,0,29,0,0,231
138.07,1547802241,1140.65,51.517036,7.469332,130.93,0.00,0.00,280.99,0,-77,-12,0,0,63,0,0,127
138.07,1547802241,1140.65,51.517036,7.469332,130.93,0.00,0.00,280.99,0,-79,-15,0,0,63,0,0,128
139.08,1547802242,1140.65,51.517036,7.469332,130.91,0.00,0.00,280.99,0,-115,-12,0,0,29,0,0,15
139.08,1547802242,1140.65,51.517036,7.469332,130.91,0.00,0.00,280.99,0,-117,-13,0,0,28,0,0,20
139.08,1547802242,1140.65,51.517036,7.469332,130.91,0.00,0.00,280.99,0,-117,-16,0,0,29,0,0,231
139.08,1547802242,1140.65,51.517036,7.469332,130.91,0.00,0.00,280.99,0,-77,-12,0,0,63,0,0,127
139.08,1547802242,1140.65,51.517036,7.469332,130.91,0.00,0.00,280.99,0,-79,-15,0,0,63,0,0,128
140.07,1547802243,1140.65,51.517036,7.469332,130.90,0.00,0.00,280.99,0,-115,-12,0,0,29,0,0,15
140.07,1547802243,1140.65,51.517036,7.469332,130.90,0.00,0.00,280.99,0,-117,-13,0,0,28,0,0,20
140.07,1547802243,1140.65,51.517036,7.469332,130.90,0.00,0.00,280.99,0,-117,-16,0,0,29,0,0,231
140.07,1547802243,1140.65,51.517036,7.469332,130.90,0.00,0.00,280.99,0,-77,-12,0,0,63,0,0,127
140.08,1547802243,1140.65,51.517036,7.469332,130.90,0.00,0.00,280.99,0,-79,-15,0,0,63,0,0,128
141.08,1547802244,1140.65,51.517036,7.469332,130.74,0.00,0.00,280.99,0,-115,-12,0,0,29,0,0,15
141.08,1547802244,1140.65,51.517036,7.469332,130.74,0.00,0.00,280.99,0,-117,-13,0,0,28,0,0,20
141.08,1547802244,1140.65,51.517036,7.469332,130.74,0.00,0.00,280.99,0,-117,-16,0,0,29,0,0,231
141.08,1547802244,1140.65,51.517036,7.469332,130.74,0.00,0.00,280.99,0,-77,-12,0,0,63,0,0,127
141.08,1547802244,1140.65,51.517036,7.469332,130.74,0.00,0.00,280.99,0,-79,-15,0,0,63,0,0,128
142.07,1547802245,1140.65,51.517036,7.469332,130.59,0.00,0.00,257.92,0,-115,-15,0,0,33,0,0,15
142.07,1547802245,1140.65,51.517036,7.469332,130.59,0.00,0.00,257.92,0,-116,-18,0,0,33,0,0,20
142.07,1547802245,1140.65,51.517036,7.469332,130.59,0.00,0.00,257.92,0,-79,-13,0,0,63,0,0,127
142.07,1547802245,1140.65,51.517036,7.469332,130.59,0.00,0.00,257.92,0,-80,-15,0,0,63,0,0,128
143.07,1547802246,1140.65,51.517031,7.469215,128.62,0.00,0.00,271.52,0,-115,-15,0,0,33,0,0,15
143.07,1547802246,1140.65,51.517031,7.469215,128.62,0.00,0.00,271.52,0,-116,-18,0,0,33,0,0,20
143.07,1547802246,1140.65,51.517031,7.469215,128.62,0.00,0.00,271.52,0,-79,-13,0,0,63,0,0,127
143.07,1547802246,1140.65,51.517031,7.469215,128.62,0.00,0.00,271.52,0,-80,-15,0,0,63,0,0,128
144.07,1547802247,1140.67,51.517060,7.469072,126.96,9.73,0.00,289.21,0,-112,-15,0,0,34,0,0,20
144.07,1547802247,1140.68,51.517060,7.469072,126.96,9.73,0.00,289.21,0,-113,-15,0,0,34,0,0,15
144.07,1547802247,1140.68,51.517060,7.469072,126.96,9.73,0.00,289.21,0,-82,-14,0,0,61,0,0,127
144.07,1547802247,1140.68,51.517060,7.469072,126.96,9.73,0.00,289.21,0,-83,-15,0,0,61,0,0,128
145.07,1547802248,1150.40,51.517090,7.468948,125.10,11.25,0.00,289.36,0,-112,-15,0,0,34,0,0,20
145.07,1547802248,1150.40,51.517090,7.468948,125.10,11.25,0.00,289.36,0,-113,-15,0,0,34,0,0,15
145.07,1547802248,1150.41,51.517090,7.468948,125.10,11.25,0.00,289.36,0,-82,-14,0,0,61,0,0,127
145.07,1547802248,1150.42,51.517090,7.468948,125.10,11.25,0.00,289.36,0,-83,-15,0,0,61,0,0,128
146.07,1547802249,1161.65,51.517127,7.468779,123.92,12.56,0.00,289.78,0,-117,-13,0,0,27,0,0,20
146.07,1547802249,1161.65,51.517127,7.468779,123.92,12.56,0.00,289.78,0,-84,-14,0,0,58,0,0,127
146.07,1547802249,1161.66,51.517127,7.468779,123.92,12.56,0.00,289.78,0,-86,-16,0,0,58,0,0,128
147.07,1547802250,1174.21,51.517168,7.468599,123.03,13.46,0.00,290.70,0,-117,-13,0,0,27,0,0,20
147.07,1547802250,1174.21,51.517168,7.468599,123.03,13.46,0.00,290.70,0,-84,-14,0,0,58,0,0,127
147.07,1547802250,1174.22,51.517168,7.468599,123.03,13.46,0.00,290.70,0,-86,-16,0,0,58,0,0,128
148.07,1547802251,1187.67,51.517212,7.468407,122.62,14.82,0.00,291.51,0,-87,-15,0,0,53,0,0,127
148.07,1547802251,1187.67,51.517212,7.468407,122.62,14.82,0.00,291.51,0,-91,-19,0,0,53,0,0,350
149.07,1547802252,1202.48,51.517265,7.468197,122.34,15.56,0.00,292.40,0,-87,-15,0,0,53,0,0,127
149.07,1547802252,1202.49,51.517265,7.468197,122.34,15.56,0.00,292.40,0,-91,-19,0,0,53,0,0,350
150.06,1547802253,1217.94,51.517322,7.467984,122.31,15.32,0.00,293.13,0,-89,-18,0,0,55,0,0,127
150.06,1547802253,1217.94,51.517322,7.467984,122.31,15.32,0.00,293.13,0,-90,-20,0,0,56,0,0,350
151.07,1547802254,1233.36,51.517382,7.467773,122.69,15.54,0.00,293.99,0,-89,-18,0,0,55,0,0,127
151.07,1547802254,1233.36,51.517382,7.467773,122.69,15.54,0.00,293.99,0,-90,-20,0,0,56,0,0,350
152.07,1547802255,1248.89,51.517442,7.467555,123.31,15.52,0.00,294.99,0,-86,-19,0,0,58,0,0,127
153.07,1547802256,1264.41,51.517504,7.467353,123.93,15.54,0.00,295.91,0,-86,-19,0,0,58,0,0,127
196.07,1547802299,1551.25,51.517599,7.463262,125.03,10.65,0.00,251.91,0,-86,-19,0,0,58,0,0,348
197.07,1547802300,1561.90,51.517565,7.463110,125.24,10.80,0.00,250.99,0,-86,-19,0,0,58,0,0,348
198.07,1547802301,1572.69,51.517530,7.462980,125.81,10.80,0.00,249.09,0,-81,-14,0,0,58,0,0,348
198.07,1547802301,1572.70,51.517530,7.462980,125.81,10.80,0.00,249.09,0,-88,-20,0,0,57,0,0,350
199.07,1547802302,1583.49,51.517487,7.462829,126.99,11.06,0.00,248.22,0,-81,-14,0,0,58,0,0,348
199.07,1547802302,1583.51,51.517487,7.462829,126.99,11.06,0.00,248.22,0,-88,-20,0,0,57,0,0,350
221.07,1547802324,1853.65,51.516715,7.459174,129.36,13.02,0.00,257.17,0,-81,-18,0,0,63,0,0,46
222.07,1547802325,1866.65,51.516691,7.458992,128.81,12.73,0.00,257.87,0,-81,-18,0,0,63,0,0,46
223.08,1547802326,1879.49,51.516669,7.458805,128.32,12.42,0.00,258.32,0,-76,-13,0,0,63,0,0,46
224.07,1547802327,1891.79,51.516648,7.458629,128.27,12.40,0.00,257.36,0,-76,-13,0,0,63,0,0,46
225.07,1547802328,1904.20,51.516627,7.458459,128.49,12.37,0.00,257.77,0,-76,-13,0,0,63,0,0,46
226.07,1547802329,1916.58,51.516605,7.458279,128.74,12.26,0.00,258.18,0,-73,-13,0,0,63,0,0,46
227.07,1547802330,1928.83,51.516583,7.458097,128.74,11.61,0.00,258.60,0,-73,-13,0,0,63,0,0,46
228.07,1547802331,1940.44,51.516564,7.457953,129.15,10.96,0.00,258.10,0,-70,-11,0,0,63,0,0,46
229.07,1547802332,1951.40,51.516543,7.457795,129.46,10.29,0.00,257.28,0,-70,-11,0,0,63,0,0,46
230.07,1547802333,1961.68,51.516523,7.457649,129.80,9.44,0.00,256.68,0,-73,-12,0,0,63,0,0,46
231.07,1547802334,1971.12,51.516505,7.457525,130.58,8.01,0.00,257.34,0,-73,-12,0,0,63,0,0,46
232.07,1547802335,1979.11,51.516490,7.457423,131.07,6.21,0.00,256.47,0,-79,-17,0,0,63,0,0,348
233.07,1547802336,1985.33,51.516474,7.457342,131.52,4.89,0.00,256.17,0,-79,-17,0,0,63,0,0,348
253.08,1547802356,2013.11,51.516346,7.456712,133.43,5.00,0.00,251.26,0,-92,-11,0,0,51,0,0,488
253.08,1547802356,2013.12,51.516346,7.456712,133.43,5.00,0.00,251.26,0,-84,-18,0,0,60,0,0,330
253.08,1547802356,2013.12,51.516346,7.456712,133.43,5.00,0.00,251.26,0,-85,-19,0,0,60,0,0,348
254.07,1547802357,2018.09,51.516324,7.456606,133.98,6.12,0.00,250.15,0,-92,-11,0,0,51,0,0,488
254.07,1547802357,2018.09,51.516324,7.456606,133.98,6.12,0.00,250.15,0,-84,-18,0,0,60,0,0,330
254.07,1547802357,2018.10,51.516324,7.456606,133.98,6.12,0.00,250.15,0,-85,-19,0,0,60,0,0,348
255.07,1547802358,2024.20,51.516301,7.456496,134.05,7.18,0.00,249.78,0,-90,-12,0,0,54,0,0,488
255.07,1547802358,2024.21,51.516301,7.456496,134.05,7.18,0.00,249.78,0,-81,-18,0,0,62,0,0,330
255.07,1547802358,2024.22,51.516301,7.456496,134.05,7.18,0.00,249.78,0,-82,-19,0,0,62,0,0,128
256.07,1547802359,2031.39,51.516272,7.456380,133.73,8.55,0.00,247.08,0,-90,-12,0,0,54,0,0,488
256.07,1547802359,2031.39,51.516272,7.456380,133.73,8.55,0.00,247.08,0,-81,-18,0,0,62,0,0,330
256.07,1547802359,2031.40,51.516272,7.456380,133.73,8.55,0.00,247.08,0,-82,-19,0,0,62,0,0,128
257.07,1547802360,2039.93,51.516243,7.456266,133.35,8.95,0.00,244.40,0,-88,-14,0,0,58,0,0,488
258.07,1547802361,2048.87,51.516207,7.456150,133.08,9.47,0.00,242.19,0,-88,-14,0,0,58,0,0,488
259.07,1547802362,2058.36,51.516169,7.456038,132.46,9.07,0.00,240.30,0,-84,-8,0,0,56,0,0,488
259.07,1547802362,2058.37,51.516169,7.456038,132.46,9.07,0.00,240.30,0,-77,-14,0,0,63,0,0,330
260.07,1547802363,2067.43,51.516131,7.455923,131.87,9.61,0.00,238.84,0,-84,-8,0,0,56,0,0,488
260.07,1547802363,2067.44,51.516131,7.455923,131.87,9.61,0.00,238.84,0,-77,-14,0,0,63,0,0,330
261.07,1547802364,2077.00,51.516087,7.455780,131.33,10.76,0.00,238.21,0,-80,-8,0,0,59,0,0,488
261.07,1547802364,2077.01,51.516087,7.455780,131.33,10.76,0.00,238.21,0,-74,-12,0,0,63,0,0,330
262.07,1547802365,2087.80,51.516026,7.455637,130.55,11.91,0.00,234.94,0,-80,-8,0,0,59,0,0,488
262.07,1547802365,2087.82,51.516026,7.455637,130.55,11.91,0.00,234.94,0,-74,-12,0,0,63,0,0,330
282.07,1547802385,2347.02,51.513695,7.455545,134.62,13.28,0.00,167.41,0,-85,-15,0,0,61,0,0,486
282.07,1547802385,2347.02,51.513695,7.455545,134.62,13.28,0.00,167.41,0,-71,-13,0,0,63,0,0,334
283.07,1547802386,2360.29,51.513586,7.455603,135.03,13.51,0.00,164.73,0,-85,-15,0,0,61,0,0,486
283.07,1547802386,2360.30,51.513586,7.455603,135.03,13.51,0.00,164.73,0,-71,-13,0,0,63,0,0,334
284.07,1547802387,2373.87,51.513478,7.455669,134.94,13.50,0.00,162.20,0,-77,-10,0,0,63,0,0,486
284.07,1547802387,2373.89,51.513478,7.455669,134.94,13.50,0.00,162.20,0,-73,-13,0,0,63,0,0,334
285.07,1547802388,2387.40,51.513373,7.455783,134.83,13.92,0.00,148.33,0,-77,-10,0,0,63,0,0,486
285.08,1547802388,2387.42,51.513373,7.455783,134.83,13.92,0.00,148.33,0,-73,-13,0,0,63,0,0,334
286.07,1547802389,2401.29,51.513267,7.455900,134.79,13.45,0.00,146.76,0,-78,-10,0,0,63,0,0,486
286.07,1547802389,2401.31,51.513267,7.455900,134.79,13.45,0.00,146.76,0,-71,-12,0,0,63,0,0,334
287.07,1547802390,2414.75,51.513172,7.456040,134.84,13.51,0.00,137.20,0,-78,-10,0,0,63,0,0,486
287.07,1547802390,2414.75,51.513172,7.456040,134.84,13.51,0.00,137.20,0,-71,-12,0,0,63,0,0,334
288.08,1547802391,2428.32,51.513088,7.456182,135.16,13.18,0.00,135.22,0,-83,-14,0,0,63,0,0,488
288.08,1547802391,2428.32,51.513088,7.456182,135.16,13.18,0.00,135.22,0,-74,-14,0,0,63,0,0,330
289.07,1547802392,2441.42,51.513006,7.456333,134.69,13.54,0.00,132.19,0,-83,-14,0,0,63,0,0,488
289.07,1547802392,2441.43,51.513006,7.456333,134.69,13.54,0.00,132.19,0,-74,-14,0,0,63,0,0,330
290.07,1547802393,2455.00,51.512931,7.456500,135.18,14.07,0.00,130.23,0,-83,-14,0,0,63,0,0,488
290.07,1547802393,2455.01,51.512931,7.456500,135.18,14.07,0.00,130.23,0,-74,-14,0,0,63,0,0,330
307.07,1547802410,2698.31,51.511613,7.459415,145.09,14.75,0.00,127.17,0,-93,-11,0,0,51,0,0,23
308.07,1547802411,2713.05,51.511531,7.459584,145.59,14.86,0.00,127.54,0,-93,-11,0,0,51,0,0,23
311.08,1547802414,2756.73,51.511278,7.460069,145.18,13.72,0.00,130.26,0,-88,-13,0,0,57,0,0,23
311.08,1547802414,2756.73,51.511278,7.460069,145.18,13.72,0.00,130.26,0,-81,-14,0,0,62,0,0,332
311.08,1547802414,2756.75,51.511278,7.460069,145.18,13.72,0.00,130.26,0,-83,-16,0,0,62,0,0,21
312.07,1547802415,2770.35,51.511192,7.460236,144.94,14.68,0.00,130.04,0,-88,-13,0,0,57,0,0,23
312.07,1547802415,2770.36,51.511192,7.460236,144.94,14.68,0.00,130.04,0,-81,-14,0,0,62,0,0,332
312.07,1547802415,2770.38,51.511192,7.460236,144.94,14.68,0.00,130.04,0,-83,-16,0,0,62,0,0,21
313.07,1547802416,2785.05,51.511107,7.460398,144.72,14.74,0.00,129.68,0,-88,-13,0,0,57,0,0,23
313.07,1547802416,2785.05,51.511107,7.460398,144.72,14.74,0.00,129.68,0,-81,-14,0,0,62,0,0,332
313.07,1547802416,2785.06,51.511107,7.460398,144.72,14.74,0.00,129.68,0,-83,-16,0,0,62,0,0,21
314.07,1547802417,2799.77,51.511020,7.460558,144.60,14.70,0.00,130.28,0,-83,-14,0,0,60,0,0,332
314.07,1547802417,2799.79,51.511020,7.460558,144.60,14.70,0.00,130.28,0,-85,-16,0,0,60,0,0,21
315.07,1547802418,2814.47,51.510933,7.460713,144.25,14.49,0.00,131.15,0,-83,-14,0,0,60,0,0,332
315.07,1547802418,2814.47,51.510933,7.460713,144.25,14.49,0.00,131.15,0,-85,-16,0,0,60,0,0,21
316.07,1547802419,2828.97,51.510842,7.460864,143.21,14.27,0.00,131.68,0,-92,-12,0,0,52,0,0,21
316.07,1547802419,2828.99,51.510842,7.460864,143.21,14.27,0.00,131.68,0,-95,-14,0,0,52,0,0,23
316.07,1547802419,2829.00,51.510842,7.460864,143.21,14.27,0.00,131.68,0,-86,-13,0,0,56,0,0,21
316.08,1547802419,2829.02,51.510842,7.460864,143.21,14.27,0.00,131.68,0,-88,-15,0,0,56,0,0,332
317.08,1547802420,2843.28,51.510755,7.461017,142.45,13.80,0.00,131.31,0,-92,-12,0,0,52,0,0,21
317.08,1547802420,2843.28,51.510755,7.461017,142.45,13.80,0.00,131.31,0,-95,-14,0,0,52,0,0,23
317.08,1547802420,2843.30,51.510755,7.461017,142.45,13.80,0.00,131.31,0,-86,-13,0,0,56,0,0,21
317.08,1547802420,2843.31,51.510755,7.461017,142.45,13.80,0.00,131.31,0,-88,-15,0,0,56,0,0,332
318.07,1547802421,2857.01,51.510669,7.461172,142.12,14.22,0.00,130.52,0,-84,-9,0,0,57,0,0,21
318.07,1547802421,2857.03,51.510669,7.461172,142.12,14.22,0.00,130.52,0,-78,-11,0,0,61,0,0,21
319.07,1547802422,2871.23,51.510583,7.461323,142.30,14.48,0.00,129.90,0,-84,-9,0,0,57,0,0,21
319.07,1547802422,2871.25,51.510583,7.461323,142.30,14.48,0.00,129.90,0,-78,-11,0,0,61,0,0,21
320.07,1547802423,2885.71,51.510497,7.461471,141.88,14.02,0.00,130.77,0,-81,-15,0,0,63,0,0,334
321.07,1547802424,2899.77,51.510415,7.461613,141.61,12.40,0.00,130.24,0,-81,-15,0,0,63,0,0,334
326.07,1547802429,2963.44,51.510054,7.462351,143.57,13.40,0.00,121.84,0,-94,-18,0,0,55,0,0,23
326.07,1547802429,2963.45,51.510054,7.462351,143.57,13.40,0.00,121.84,0,-94,-14,0,0,54,0,0,231
326.07,1547802429,2963.45,51.510054,7.462351,143.57,13.40,0.00,121.84,0,-84,-16,0,0,61,0,0,328
326.07,1547802429,2963.47,51.510054,7.462351,143.57,13.40,0.00,121.84,0,-84,-16,0,0,61,0,0,332
327.07,1547802430,2976.84,51.509990,7.462534,143.81,13.65,0.00,120.55,0,-94,-18,0,0,55,0,0,23
327.07,1547802430,2976.85,51.509990,7.462534,143.81,13.65,0.00,120.55,0,-94,-14,0,0,54,0,0,231
327.07,1547802430,2976.86,51.509990,7.462534,143.81,13.65,0.00,120.55,0,-84,-16,0,0,61,0,0,328
327.07,1547802430,2976.86,51.509990,7.462534,143.81,13.65,0.00,120.55,0,-84,-16,0,0,61,0,0,332
328.07,1547802431,2990.47,51.509926,7.462716,143.99,13.36,0.00,119.80,0,-87,-14,0,0,59,0,0,22
328.07,1547802431,2990.48,51.509926,7.462716,143.99,13.36,0.00,119.80,0,-89,-16,0,0,59,0,0,23
328.07,1547802431,2990.50,51.509926,7.462716,143.99,13.36,0.00,119.80,0,-81,-15,0,0,63,0,0,328
329.07,1547802432,3003.85,51.509855,7.462919,144.19,15.57,0.00,120.18,0,-87,-14,0,0,59,0,0,22
329.07,1547802432,3003.86,51.509855,7.462919,144.19,15.57,0.00,120.18,0,-89,-16,0,0,59,0,0,23
329.07,1547802432,3003.86,51.509855,7.462919,144.19,15.57,0.00,120.18,0,-81,-15,0,0,63,0,0,328
330.07,1547802433,3019.38,51.509833,7.463110,144.66,13.20,0.00,100.42,0,-78,-12,0,0,62,0,0,466
331.07,1547802434,3032.60,51.509815,7.463290,145.02,12.40,0.00,98.75,0,-78,-12,0,0,62,0,0,466
335.07,1547802438,3069.02,51.509790,7.463770,145.24,5.82,0.00,115.70,0,-84,-17,0,0,63,0,0,328
335.07,1547802438,3069.03,51.509790,7.463770,145.24,5.82,0.00,115.70,0,-85,-18,0,0,63,0,0,332
336.07,1547802439,3074.84,51.509773,7.463859,145.23,5.98,0.00,111.96,0,-84,-17,0,0,63,0,0,328
336.07,1547802439,3074.85,51.509773,7.463859,145.23,5.98,0.00,111.96,0,-85,-18,0,0,63,0,0,332
