time_s,timestamp_ms,distance_m,latitude,longitude,altitude,velocity_mps,acceleration_mpss,direction,isRegistered,rsrp_dbm,rsrq_db,rssnr_db,cqi,ss,ta,ci,pci
0.08,1547728843,0.00,51.509820,7.467443,153.74,12.62,0.00,94.99,1,-84,-9,22,13,57,2,13403661,21
1.07,1547728844,12.57,51.509805,7.467636,153.35,12.62,0.01,96.89,1,-84,-9,22,13,57,2,13403661,21
2.07,1547728845,25.19,51.509799,7.467816,153.09,12.58,-0.04,97.39,1,-84,-9,22,13,57,2,13403661,21
3.07,1547728846,37.78,51.509787,7.468000,152.84,12.62,0.03,96.52,1,-80,-6,24,12,59,2,13403661,21
4.07,1547728847,50.40,51.509782,7.468168,152.72,12.15,-0.47,94.41,1,-80,-6,24,12,59,2,13403661,21
5.07,1547728848,62.54,51.509780,7.468342,152.91,12.02,-0.13,91.08,1,-89,-7,22,12,51,2,13403661,21
6.07,1547728849,74.56,51.509805,7.468517,153.23,12.23,0.21,77.82,1,-89,-7,22,12,51,2,13403661,21
7.07,1547728850,86.79,51.509839,7.468682,153.41,12.23,0.00,84.39,1,-87,-7,18,15,52,2,13403661,21
8.07,1547728851,99.02,51.509872,7.468842,152.98,12.48,0.25,73.37,1,-87,-7,18,15,52,2,13403661,21
9.07,1547728852,111.49,51.509930,7.468997,152.06,12.31,-0.17,60.86,1,-92,-7,12,2,46,2,13403661,21
10.07,1547728853,123.80,51.509989,7.469158,151.60,12.49,0.19,60.37,1,-92,-7,12,2,46,2,13403661,21
11.07,1547728854,136.29,51.510045,7.469317,151.52,12.35,-0.14,59.92,1,-93,-9,-2,2,50,6,13403661,21
12.07,1547728855,148.65,51.510105,7.469480,151.45,12.65,0.30,59.07,1,-93,-9,-2,2,50,6,13403661,21
13.07,1547728856,161.30,51.510165,7.469643,151.63,12.57,-0.08,58.57,1,-100,-10,0,6,42,6,13403661,21
14.07,1547728857,173.89,51.510226,7.469801,151.72,12.55,-0.01,58.06,1,-100,-10,0,6,42,6,13403661,21
15.07,1547728858,186.43,51.510287,7.469953,151.37,12.24,-0.31,58.00,1,-95,-8,0,6,45,6,14345743,399
16.07,1547728859,198.65,51.510344,7.470098,151.14,11.73,-0.51,57.63,1,-95,-8,0,6,45,6,14345743,399
17.07,1547728860,210.39,51.510397,7.470235,151.18,10.89,-0.84,57.52,1,-101,-8,5,7,40,6,14345743,399
18.08,1547728861,221.32,51.510456,7.470386,151.45,10.89,0.00,58.06,1,-101,-8,5,7,40,6,14345743,399
19.07,1547728862,232.16,51.510527,7.470537,151.31,12.35,1.46,52.78,1,-101,-10,4,7,40,6,14345743,399
20.09,1547728863,244.67,51.510527,7.470537,151.31,12.35,0.00,52.78,1,-101,-10,4,7,40,6,14345743,399
21.08,1547728864,256.94,51.510686,7.470877,152.44,13.42,1.08,47.91,1,-103,-9,7,12,38,6,14345743,399
22.07,1547728865,270.29,51.510783,7.471016,152.43,13.63,0.21,45.92,1,-103,-9,7,12,38,6,14345743,399
23.07,1547728866,283.92,51.510883,7.471150,151.45,14.33,0.70,43.95,1,-103,-9,7,12,38,6,14345743,399
24.07,1547728867,298.26,51.510987,7.471284,149.78,14.75,0.42,42.02,1,-101,-10,6,8,41,6,14345743,399
25.07,1547728868,313.01,51.511085,7.471412,148.07,14.39,-0.36,41.05,1,-101,-10,6,8,41,6,14345743,399
26.07,1547728869,327.37,51.511189,7.471536,146.36,14.63,0.24,40.32,1,-100,-10,7,13,42,6,14345743,399
27.07,1547728870,342.02,51.511292,7.471658,144.97,14.52,-0.11,39.91,1,-100,-10,7,13,42,6,14345743,399
28.07,1547728871,356.54,51.511391,7.471784,143.55,14.51,-0.02,39.63,1,-101,-7,12,10,39,6,14345743,399
29.07,1547728872,371.05,51.511488,7.471908,142.44,14.45,-0.06,40.50,1,-101,-7,12,10,39,6,14345743,399
30.07,1547728873,385.48,51.511588,7.472033,141.39,14.62,0.17,40.07,1,-99,-6,19,10,39,6,14345743,399
31.07,1547728874,400.08,51.511690,7.472162,140.59,14.33,-0.28,39.64,1,-99,-6,19,10,39,6,14345743,399
32.07,1547728875,414.43,51.511789,7.472282,140.04,13.80,-0.54,39.31,1,-95,-7,20,11,43,6,14345743,399
33.07,1547728876,428.21,51.511888,7.472400,139.73,13.89,0.10,38.46,1,-95,-7,20,11,43,6,14345743,399
34.07,1547728877,442.15,51.511986,7.472514,139.19,13.76,-0.13,37.54,1,-96,-6,18,12,41,6,14345743,399
35.07,1547728878,455.87,51.512086,7.472616,138.71,13.55,-0.21,35.56,1,-96,-6,18,12,41,6,14345743,399
36.07,1547728879,469.43,51.512200,7.472685,138.16,13.24,-0.31,22.15,1,-92,-7,21,15,47,6,14345743,399
37.07,1547728880,482.66,51.512311,7.472750,138.12,12.77,-0.47,20.11,1,-92,-7,21,15,47,6,14345743,399
38.07,1547728881,495.43,51.512437,7.472776,138.39,13.90,1.13,7.40,1,-86,-5,23,13,51,6,14345743,399
39.07,1547728882,509.33,51.512559,7.472797,138.78,13.59,-0.30,6.37,1,-86,-5,23,13,51,6,14345743,399
40.07,1547728883,522.91,51.512692,7.472816,139.25,14.58,0.99,5.25,1,-84,-5,28,15,54,6,14345743,399
41.07,1547728884,537.52,51.512828,7.472832,139.63,14.59,0.01,4.77,1,-84,-5,28,15,54,6,14345743,399
42.08,1547728885,552.18,51.512972,7.472852,139.84,15.25,0.66,4.36,1,-93,-6,24,15,44,6,14345743,399
43.07,1547728886,567.35,51.513118,7.472866,140.15,15.51,0.26,4.00,1,-93,-6,24,15,44,6,14345743,399
44.07,1547728887,582.85,51.513263,7.472880,140.69,15.37,-0.14,3.51,1,-93,-6,24,15,44,6,14345743,399
45.07,1547728888,598.24,51.513405,7.472892,141.28,15.32,-0.05,3.99,1,-99,-8,15,12,40,6,14345743,399
46.07,1547728889,613.56,51.513542,7.472908,141.99,15.08,-0.24,3.38,1,-99,-8,15,12,40,6,14345743,399
47.07,1547728890,628.64,51.513677,7.472919,142.29,15.15,0.07,2.99,1,-105,-11,-2,11,39,6,14345743,399
48.07,1547728891,643.79,51.513819,7.472930,142.15,15.86,0.71,2.14,1,-105,-11,-2,11,39,6,14345743,399
49.07,1547728892,659.62,51.513958,7.472935,142.10,15.61,-0.25,1.68,1,-98,-8,1,6,42,6,14345741,400
50.07,1547728893,675.23,51.514094,7.472943,141.47,15.02,-0.59,1.24,1,-98,-8,1,6,42,6,14345741,400
51.07,1547728894,690.28,51.514233,7.472953,140.77,15.33,0.31,1.63,1,-100,-8,10,10,40,6,14345741,400
52.07,1547728895,705.61,51.514369,7.472953,140.45,15.53,0.20,2.39,1,-100,-8,10,10,40,6,14345741,400
53.07,1547728896,721.15,51.514503,7.472966,139.76,14.67,-0.86,3.37,1,-98,-10,16,11,44,6,14345741,400
54.07,1547728897,735.80,51.514640,7.472982,139.07,15.11,0.44,3.94,1,-98,-10,16,11,44,6,14345741,400
55.07,1547728898,750.90,51.514774,7.473006,139.44,15.13,0.02,4.53,1,-100,-10,11,12,42,6,14345741,400
56.07,1547728899,766.04,51.514905,7.473024,139.40,14.54,-0.60,3.95,1,-100,-10,11,12,42,6,14345741,400
57.07,1547728900,780.57,51.515032,7.473023,139.38,14.62,0.08,2.82,1,-100,-9,11,12,40,6,14345741,400
58.07,1547728901,795.19,51.515157,7.473007,140.07,14.52,-0.10,0.96,1,-100,-9,11,12,40,6,14345741,400
59.07,1547728902,809.71,51.515289,7.473001,139.88,14.47,-0.05,358.96,1,-102,-9,11,8,38,6,14345741,400
60.07,1547728903,824.21,51.515421,7.472981,139.62,14.52,0.05,355.06,1,-102,-9,11,8,38,6,14345741,400
61.07,1547728904,838.70,51.515545,7.472943,139.69,14.22,-0.30,351.31,1,-100,-8,10,13,40,6,14345741,400
62.07,1547728905,852.93,51.515664,7.472861,139.15,14.31,0.09,338.31,1,-100,-8,10,13,40,6,14345741,400
63.08,1547728906,867.31,51.515785,7.472773,138.87,15.19,0.88,337.30,1,-102,-10,11,9,40,6,14345741,400
64.07,1547728907,882.45,51.515899,7.472683,138.66,14.41,-0.78,334.73,1,-102,-10,11,9,40,6,14345741,400
65.07,1547728908,896.83,51.516014,7.472569,138.09,15.03,0.62,331.36,1,-102,-10,11,9,40,6,14345741,400
66.07,1547728909,911.86,51.516120,7.472447,137.66,14.61,-0.42,327.50,1,-104,-8,11,9,36,6,14345741,400
67.07,1547728910,926.47,51.516207,7.472281,137.05,15.15,0.53,312.77,1,-104,-8,11,9,36,6,14345741,400
68.07,1547728911,941.63,51.516295,7.472104,136.22,15.38,0.24,311.03,1,-104,-11,9,7,38,6,14345741,400
69.07,1547728912,957.00,51.516375,7.471922,134.97,14.89,-0.50,308.44,1,-104,-11,9,7,38,6,14345741,400
70.07,1547728913,971.93,51.516447,7.471738,133.73,15.07,0.18,305.67,1,-104,-9,12,12,38,6,14345741,400
71.07,1547728914,986.96,51.516518,7.471529,132.76,15.93,0.86,301.72,1,-104,-9,12,12,38,6,14345741,400
72.07,1547728915,1002.89,51.516581,7.471316,132.22,16.39,0.46,299.03,1,-103,-11,13,11,40,6,14345741,400
73.07,1547728916,1019.32,51.516645,7.471097,132.21,16.25,-0.14,298.10,1,-103,-11,13,11,40,6,14345741,400
74.07,1547728917,1035.58,51.516702,7.470880,132.09,15.73,-0.52,297.17,1,-104,-9,12,9,36,6,14345741,400
75.07,1547728918,1051.26,51.516760,7.470672,132.16,15.67,-0.06,296.62,1,-104,-9,12,9,36,6,14345741,400
76.07,1547728919,1066.95,51.516816,7.470459,132.59,15.81,0.14,295.72,1,-107,-8,7,11,33,6,14345741,400
77.07,1547728920,1082.78,51.516870,7.470245,132.95,16.09,0.28,294.61,1,-107,-8,7,11,33,6,14345741,400
78.07,1547728921,1098.86,51.516920,7.470035,133.13,15.45,-0.65,293.39,1,-108,-8,4,7,32,6,14345741,400
79.07,1547728922,1114.29,51.516967,7.469819,132.92,15.46,0.01,292.27,1,-108,-8,4,7,32,6,14345741,400
80.07,1547728923,1129.78,51.517016,7.469584,132.58,16.57,1.11,291.26,1,-109,-11,4,6,34,6,14345741,400
81.07,1547728924,1146.37,51.517063,7.469340,132.45,17.00,0.42,290.00,1,-109,-11,4,6,34,6,14345741,400
82.07,1547728925,1163.37,51.517110,7.469099,132.57,16.84,-0.16,289.28,1,-88,-11,0,5,48,13,12903169,15
83.07,1547728926,1180.18,51.517156,7.468871,132.21,16.19,-0.65,288.83,1,-88,-11,0,5,48,13,12903169,15
84.08,1547728927,1196.48,51.517199,7.468660,131.89,15.46,-0.73,288.50,1,-93,-13,-1,4,44,13,12903169,15
85.08,1547728928,1211.88,51.517241,7.468450,131.65,15.35,-0.11,288.73,1,-93,-13,-1,4,44,13,12903169,15
86.08,1547728929,1227.26,51.517286,7.468235,131.30,15.39,0.04,289.85,1,-93,-13,-1,4,44,13,12903169,15
87.08,1547728930,1242.61,51.517335,7.468029,131.40,15.04,-0.35,291.94,1,-94,-14,-2,5,45,13,12903169,15
88.08,1547728931,1257.67,51.517387,7.467838,131.52,14.32,-0.72,293.67,1,-94,-14,-2,5,45,13,12903169,15
89.08,1547728932,1271.98,51.517439,7.467651,131.71,13.81,-0.51,295.19,1,-96,-16,-2,4,45,13,12903169,15
90.08,1547728933,1285.79,51.517492,7.467460,131.98,13.41,-0.40,295.66,1,-96,-16,-2,4,45,13,12903169,15
91.08,1547728934,1299.20,51.517540,7.467287,132.58,12.36,-1.05,296.13,1,-95,-17,-5,3,47,13,12903169,15
92.08,1547728935,1311.57,51.517590,7.467110,132.90,12.76,0.40,295.16,1,-95,-17,-5,3,47,13,12903169,15
93.07,1547728936,1324.29,51.517640,7.466932,133.49,14.17,1.42,293.21,nan,nan,nan,nan,nan,nan,nan,nan,nan
93.94,1547728937,1336.55,51.517687,7.466748,133.31,14.20,0.03,291.19,nan,nan,nan,nan,nan,nan,nan,nan,nan
94.94,1547728938,1350.71,51.517727,7.466556,133.06,14.35,0.16,289.30,nan,nan,nan,nan,nan,nan,nan,nan,nan
95.94,1547728939,1365.09,51.517763,7.466365,132.77,14.36,0.00,287.26,nan,nan,nan,nan,nan,nan,nan,nan,nan
96.94,1547728940,1379.43,51.517799,7.466171,132.45,14.60,0.25,285.60,nan,nan,nan,nan,nan,nan,nan,nan,nan
97.94,1547728941,1394.05,51.517829,7.465969,132.66,14.37,-0.23,284.60,nan,nan,nan,nan,nan,nan,nan,nan,nan
98.94,1547728942,1408.42,51.517832,7.465732,133.29,14.37,0.00,284.60,nan,nan,nan,nan,nan,nan,nan,nan,nan
99.94,1547728943,1422.80,51.517831,7.465509,134.13,15.43,1.06,273.86,nan,nan,nan,nan,nan,nan,nan,nan,nan
100.94,1547728944,1438.20,51.517837,7.465277,134.43,14.94,-0.50,273.37,nan,nan,nan,nan,nan,nan,nan,nan,nan
101.94,1547728945,1453.17,51.517834,7.465051,134.61,14.97,0.03,271.32,nan,nan,nan,nan,nan,nan,nan,nan,nan
102.94,1547728946,1468.11,51.517828,7.464844,134.48,14.92,-0.05,268.96,nan,nan,nan,nan,nan,nan,nan,nan,nan
103.94,1547728947,1483.04,51.517820,7.464632,133.22,14.84,-0.08,266.74,nan,nan,nan,nan,nan,nan,nan,nan,nan
104.94,1547728948,1497.88,51.517804,7.464431,131.78,14.59,-0.24,264.13,nan,nan,nan,nan,nan,nan,nan,nan,nan
105.94,1547728949,1512.47,51.517779,7.464226,130.40,14.66,0.06,261.22,nan,nan,nan,nan,nan,nan,nan,nan,nan
106.94,1547728950,1527.21,51.517744,7.464010,128.97,15.36,0.70,258.17,nan,nan,nan,nan,nan,nan,nan,nan,nan
107.94,1547728951,1542.48,51.517700,7.463789,127.76,15.56,0.20,255.50,nan,nan,nan,nan,nan,nan,nan,nan,nan
108.94,1547728952,1558.09,51.517649,7.463570,127.25,15.55,-0.02,252.98,nan,nan,nan,nan,nan,nan,nan,nan,nan
109.94,1547728953,1573.57,51.517594,7.463363,127.20,15.00,-0.55,251.08,nan,nan,nan,nan,nan,nan,nan,nan,nan
110.94,1547728954,1588.59,51.517541,7.463164,127.27,14.91,-0.09,249.86,nan,nan,nan,nan,nan,nan,nan,nan,nan
111.94,1547728955,1603.51,51.517489,7.462967,127.06,14.77,-0.14,248.92,nan,nan,nan,nan,nan,nan,nan,nan,nan
112.94,1547728956,1618.30,51.517434,7.462765,126.11,15.15,0.39,248.35,nan,nan,nan,nan,nan,nan,nan,nan,nan
113.94,1547728957,1633.45,51.517381,7.462564,125.06,15.09,-0.06,247.93,nan,nan,nan,nan,nan,nan,nan,nan,nan
114.94,1547728958,1648.53,51.517333,7.462372,124.29,14.57,-0.52,248.82,nan,nan,nan,nan,nan,nan,nan,nan,nan
115.94,1547728959,1663.10,51.517288,7.462185,123.64,13.97,-0.60,250.19,nan,nan,nan,nan,nan,nan,nan,nan,nan
116.94,1547728960,1677.05,51.517241,7.461981,122.96,15.18,1.21,250.65,nan,nan,nan,nan,nan,nan,nan,nan,nan
117.94,1547728961,1692.24,51.517189,7.461782,123.39,15.30,0.13,251.09,nan,nan,nan,nan,nan,nan,nan,nan,nan
118.94,1547728962,1707.51,51.517144,7.461565,124.38,15.37,0.07,251.86,nan,nan,nan,nan,nan,nan,nan,nan,nan
119.94,1547728963,1722.91,51.517097,7.461365,125.92,15.16,-0.20,252.80,nan,nan,nan,nan,nan,nan,nan,nan,nan
120.94,1547728964,1738.06,51.517054,7.461164,127.17,15.30,0.13,252.45,nan,nan,nan,nan,nan,nan,nan,nan,nan
121.94,1547728965,1753.35,51.517013,7.460970,128.51,14.28,-1.02,252.83,nan,nan,nan,nan,nan,nan,nan,nan,nan
122.94,1547728966,1767.62,51.516974,7.460772,129.75,14.78,0.50,253.36,nan,nan,nan,nan,nan,nan,nan,nan,nan
123.94,1547728967,1782.41,51.516933,7.460573,130.83,14.79,0.01,252.96,nan,nan,nan,nan,nan,nan,nan,nan,nan
124.94,1547728968,1797.20,51.516893,7.460375,131.38,14.70,-0.08,253.32,nan,nan,nan,nan,nan,nan,nan,nan,nan
125.94,1547728969,1811.89,51.516853,7.460171,131.67,14.98,0.28,253.17,nan,nan,nan,nan,nan,nan,nan,nan,nan
126.94,1547728970,1826.89,51.516814,7.459973,132.13,14.64,-0.35,254.27,nan,nan,nan,nan,nan,nan,nan,nan,nan
127.94,1547728971,1841.62,51.516776,7.459758,132.35,15.46,0.81,254.78,nan,nan,nan,nan,nan,nan,nan,nan,nan
128.94,1547728972,1856.98,51.516736,7.459540,132.49,15.36,-0.09,255.71,nan,nan,nan,nan,nan,nan,nan,nan,nan
129.94,1547728973,1872.34,51.516708,7.459326,132.07,15.11,-0.26,256.69,nan,nan,nan,nan,nan,nan,nan,nan,nan
130.94,1547728974,1887.45,51.516679,7.459122,131.68,14.79,-0.32,257.12,nan,nan,nan,nan,nan,nan,nan,nan,nan
131.94,1547728975,1902.22,51.516679,7.459122,131.68,14.79,0.00,257.12,nan,nan,nan,nan,nan,nan,nan,nan,nan
132.94,1547728976,1917.02,51.516635,7.458727,131.63,14.31,-0.48,258.53,nan,nan,nan,nan,nan,nan,nan,nan,nan
133.94,1547728977,1931.36,51.516617,7.458532,131.85,13.74,-0.56,259.50,nan,nan,nan,nan,nan,nan,nan,nan,nan
134.94,1547728978,1945.12,51.516599,7.458341,132.21,13.64,-0.11,259.32,nan,nan,nan,nan,nan,nan,nan,nan,nan
135.94,1547728979,1958.71,51.516582,7.458164,132.38,12.31,-1.33,258.93,nan,nan,nan,nan,nan,nan,nan,nan,nan
136.94,1547728980,1971.02,51.516569,7.458027,132.20,9.83,-2.48,258.68,nan,nan,nan,nan,nan,nan,nan,nan,nan
137.94,1547728981,1980.87,51.516549,7.457890,132.27,9.40,-0.44,258.21,nan,nan,nan,nan,nan,nan,nan,nan,nan
138.94,1547728982,1990.26,51.516530,7.457765,132.39,8.48,-0.92,258.12,nan,nan,nan,nan,nan,nan,nan,nan,nan
139.94,1547728983,1998.74,51.516512,7.457640,132.97,8.10,-0.38,257.42,nan,nan,nan,nan,nan,nan,nan,nan,nan
140.94,1547728984,2006.85,51.516501,7.457547,133.44,5.75,-2.34,258.06,nan,nan,nan,nan,nan,nan,nan,nan,nan
141.94,1547728985,2012.60,51.516494,7.457490,133.48,3.09,-2.66,257.28,nan,nan,nan,nan,nan,nan,nan,nan,nan
142.94,1547728986,2015.69,51.516489,7.457452,133.55,1.70,-1.39,256.95,nan,nan,nan,nan,nan,nan,nan,nan,nan
143.94,1547728987,2017.39,51.516482,7.457426,133.59,0.70,-1.00,256.95,nan,nan,nan,nan,nan,nan,nan,nan,nan
144.94,1547728988,2018.09,51.516482,7.457426,133.59,0.00,-0.70,256.95,nan,nan,nan,nan,nan,nan,nan,nan,nan
145.94,1547728989,2018.09,51.516482,7.457426,133.60,0.00,0.00,256.95,nan,nan,nan,nan,nan,nan,nan,nan,nan
146.94,1547728990,2018.09,51.516482,7.457426,133.60,0.00,0.00,256.95,nan,nan,nan,nan,nan,nan,nan,nan,nan
147.94,1547728991,2018.09,51.516482,7.457426,133.61,0.00,0.00,256.95,nan,nan,nan,nan,nan,nan,nan,nan,nan
148.94,1547728992,2018.09,51.516482,7.457426,133.61,0.00,0.00,256.95,nan,nan,nan,nan,nan,nan,nan,nan,nan
149.94,1547728993,2018.09,51.516482,7.457426,133.61,0.00,0.00,256.95,nan,nan,nan,nan,nan,nan,nan,nan,nan
150.94,1547728994,2018.09,51.516482,7.457426,133.60,0.00,0.00,256.95,nan,nan,nan,nan,nan,nan,nan,nan,nan
151.94,1547728995,2018.09,51.516482,7.457426,133.60,0.00,0.00,256.95,nan,nan,nan,nan,nan,nan,nan,nan,nan
152.94,1547728996,2018.09,51.516482,7.457426,133.60,0.00,0.00,256.95,nan,nan,nan,nan,nan,nan,nan,nan,nan
153.94,1547728997,2018.09,51.516482,7.457426,133.56,0.00,0.00,256.95,nan,nan,nan,nan,nan,nan,nan,nan,nan
155.75,1547728998,2018.09,51.516482,7.457426,133.60,0.00,0.00,254.51,nan,nan,nan,nan,nan,nan,nan,nan,nan
156.75,1547728999,2018.09,51.516482,7.457426,134.44,0.00,0.00,261.81,1,-66,-7,0,15,63,4,12899854,19
157.75,1547729000,2018.09,51.516449,7.457217,134.44,4.74,0.00,262.04,1,-66,-7,0,15,63,4,12899854,19
158.75,1547729001,2022.82,51.516425,7.457078,134.70,4.74,0.00,261.28,1,-85,-8,13,10,55,4,12899854,16
159.75,1547729002,2027.56,51.516392,7.456956,135.20,7.61,2.87,256.54,1,-85,-8,13,10,55,4,12899854,16
160.75,1547729003,2035.17,51.516358,7.456838,135.77,7.48,-0.14,252.44,1,-80,-7,11,14,56,4,12899854,16
161.75,1547729004,2042.66,51.516325,7.456737,135.64,7.64,0.17,248.24,1,-80,-7,11,14,56,4,12899854,16
162.75,1547729005,2050.29,51.516286,7.456623,135.25,8.53,0.89,243.72,1,-82,-7,14,15,55,4,12899854,16
163.75,1547729006,2058.85,51.516246,7.456498,134.60,8.92,0.39,242.70,1,-82,-7,14,15,55,4,12899854,16
164.75,1547729007,2067.74,51.516202,7.456366,133.99,10.01,1.09,241.49,1,-85,-10,11,10,56,4,12899854,16
165.75,1547729008,2077.76,51.516157,7.456226,133.65,10.93,0.92,240.46,1,-85,-10,11,10,56,4,12899854,16
166.75,1547729009,2088.69,51.516104,7.456075,132.92,11.59,0.66,239.05,1,-82,-10,29,4,60,4,12899854,16
167.75,1547729010,2100.27,51.516040,7.455917,132.39,12.44,0.85,236.94,1,-82,-10,29,4,60,4,12899854,16
168.75,1547729011,2112.72,51.515973,7.455768,131.73,12.27,-0.17,233.97,1,-88,-13,11,9,59,3,13404431,16
169.75,1547729012,2124.99,51.515906,7.455639,131.43,11.08,-1.18,231.30,1,-88,-13,11,9,59,3,13404431,16
170.75,1547729013,2136.13,51.515847,7.455540,131.14,8.75,-2.32,227.94,1,-77,-6,30,12,62,3,13404431,488
171.75,1547729014,2144.83,51.515787,7.455450,130.53,8.40,-0.36,225.58,1,-77,-6,30,12,62,3,13404431,488
172.75,1547729015,2153.23,51.515726,7.455366,129.75,8.10,-0.30,222.52,1,-77,-6,30,12,62,3,13404431,488
173.75,1547729016,2161.32,51.515664,7.455285,128.60,8.27,0.18,220.22,1,-80,-6,23,14,60,3,13404431,488
174.75,1547729017,2169.61,51.515602,7.455233,127.26,7.20,-1.07,206.77,1,-80,-6,23,14,60,3,13404431,488
175.75,1547729018,2176.81,51.515542,7.455188,126.99,7.20,0.00,205.65,1,-81,-7,23,15,59,3,13404431,488
176.75,1547729019,2184.00,51.515481,7.455152,126.92,7.14,-0.06,203.12,1,-81,-7,23,15,59,3,13404431,488
177.75,1547729020,2191.13,51.515411,7.455122,127.64,7.95,0.81,199.42,1,-75,-7,20,13,63,3,13404431,488
178.75,1547729021,2199.08,51.515338,7.455119,128.46,7.75,-0.20,186.00,1,-75,-7,20,13,63,3,13404431,488
179.75,1547729022,2206.84,51.515257,7.455121,129.44,8.72,0.97,184.09,1,-80,-9,32,15,61,3,13404431,488
180.75,1547729023,2215.55,51.515171,7.455124,131.26,9.32,0.60,181.60,1,-80,-9,32,15,61,3,13404431,488
181.75,1547729024,2224.87,51.515078,7.455132,133.34,10.72,1.40,179.37,1,-82,-6,29,11,57,3,13404431,488
182.75,1547729025,2235.59,51.514976,7.455144,135.61,12.05,1.33,177.36,1,-82,-6,29,11,57,3,13404431,488
183.75,1547729026,2247.63,51.514870,7.455163,137.23,12.71,0.66,175.61,1,-82,-9,19,15,61,3,13404431,488
184.75,1547729027,2260.38,51.514758,7.455197,137.92,12.57,-0.14,174.37,1,-82,-9,19,15,61,3,13404431,488
185.75,1547729028,2272.93,51.514640,7.455230,138.36,13.22,0.65,173.48,1,-82,-7,17,15,57,3,13404431,488
186.75,1547729029,2286.14,51.514522,7.455260,138.87,13.29,0.07,173.82,1,-82,-7,17,15,57,3,13404431,488
187.75,1547729030,2299.42,51.514393,7.455304,138.47,14.32,1.04,172.79,1,-74,-7,23,15,63,3,13404431,488
188.75,1547729031,2313.76,51.514271,7.455333,139.61,13.63,-0.69,171.92,1,-74,-7,23,15,63,3,13404431,488
189.75,1547729032,2327.38,51.514157,7.455346,142.96,12.97,-0.66,171.32,1,-80,-6,21,11,57,3,13404431,488
190.75,1547729033,2340.37,51.514045,7.455372,146.68,12.62,-0.35,171.36,1,-80,-6,21,11,57,3,13404431,488
191.75,1547729034,2353.05,51.513934,7.455404,149.72,12.44,-0.18,171.03,1,-77,-7,11,6,62,3,13404431,488
192.75,1547729035,2365.42,51.513934,7.455404,149.72,12.44,0.00,171.03,1,-77,-7,11,6,62,3,13404431,488
193.75,1547729036,2377.86,51.513729,7.455483,152.59,11.55,-0.89,168.07,1,-77,-7,11,6,62,3,13404431,488
194.75,1547729037,2389.42,51.513627,7.455531,153.83,11.61,0.06,167.01,1,-81,-10,6,7,60,3,13404431,488
195.75,1547729038,2401.06,51.513537,7.455587,154.34,9.97,-1.64,164.27,1,-81,-10,6,7,60,3,13404431,488
196.75,1547729039,2411.00,51.513450,7.455656,154.86,9.74,-0.23,161.66,1,-81,-11,5,14,63,3,13404431,488
197.75,1547729040,2420.73,51.513365,7.455728,155.53,9.30,-0.45,158.04,1,-81,-11,5,14,63,3,13404431,488
198.75,1547729041,2430.03,51.513281,7.455811,155.64,9.58,0.29,154.71,1,-81,-12,-3,9,62,3,13404431,488
199.75,1547729042,2439.62,51.513183,7.455933,154.73,9.58,0.00,157.92,1,-81,-12,-3,9,62,3,13404431,488
200.75,1547729043,2449.19,51.513106,7.456055,153.96,10.51,0.93,133.28,1,-83,-12,14,12,61,3,13404431,488
201.75,1547729044,2459.69,51.513050,7.456180,152.14,9.97,-0.54,131.31,1,-83,-12,14,12,61,3,13404431,488
202.75,1547729045,2469.66,51.512995,7.456304,151.14,10.34,0.37,130.21,1,-86,-14,-2,10,59,2,13404429,488
203.75,1547729046,2480.02,51.512939,7.456412,151.05,10.33,-0.01,129.14,1,-86,-14,-2,10,59,2,13404429,488
204.75,1547729047,2490.34,51.512879,7.456524,152.07,10.57,0.24,129.17,1,-79,-11,22,15,63,2,13404429,486
205.75,1547729048,2500.91,51.512823,7.456640,152.32,10.81,0.25,128.17,1,-79,-11,22,15,63,2,13404429,486
206.75,1547729049,2511.71,51.512762,7.456767,153.35,11.19,0.38,128.74,1,-79,-7,9,15,60,2,13404429,486
207.75,1547729050,2522.92,51.512696,7.456909,154.22,12.16,0.97,129.63,1,-79,-7,9,15,60,2,13404429,486
208.75,1547729051,2535.06,51.512626,7.457066,154.47,12.98,0.82,128.78,1,-83,-8,25,15,58,2,13404429,486
209.75,1547729052,2548.05,51.512567,7.457235,153.34,12.89,-0.09,127.55,1,-83,-8,25,15,58,2,13404429,486
210.75,1547729053,2560.94,51.512492,7.457402,153.53,14.16,1.28,128.15,1,-83,-6,25,15,55,2,13404429,486
211.75,1547729054,2575.09,51.512420,7.457565,154.25,13.75,-0.42,127.81,1,-83,-6,25,15,55,2,13404429,486
212.75,1547729055,2588.85,51.512346,7.457725,154.77,13.09,-0.65,126.78,1,-83,-8,19,14,58,2,13404429,486
213.75,1547729056,2601.94,51.512274,7.457902,155.24,13.87,0.77,125.26,1,-83,-8,19,14,58,2,13404429,486
214.75,1547729057,2615.88,51.512208,7.458074,155.36,13.05,-0.82,123.96,1,-81,-7,25,9,58,2,13404429,486
215.75,1547729058,2628.86,51.512142,7.458250,155.13,13.26,0.21,124.33,1,-81,-7,25,9,58,2,13404429,486
216.75,1547729059,2642.11,51.512076,7.458413,154.44,12.71,-0.55,126.68,1,-81,-7,25,9,58,2,13404429,486
217.75,1547729060,2654.82,51.512013,7.458561,153.66,12.07,-0.65,127.05,1,-84,-7,11,8,54,2,13404429,486
218.75,1547729061,2666.89,51.511951,7.458692,153.12,10.87,-1.20,127.44,1,-84,-7,11,8,54,2,13404429,486
219.75,1547729062,2677.76,51.511899,7.458803,152.73,9.31,-1.56,127.98,1,-87,-7,13,11,52,2,13404429,486
220.75,1547729063,2687.08,51.511855,7.458901,153.14,7.88,-1.43,128.81,1,-87,-7,13,11,52,2,13404429,486
221.75,1547729064,2694.95,51.511815,7.458985,153.01,6.81,-1.07,129.63,1,-84,-7,14,12,55,2,13404429,486
222.75,1547729065,2701.76,51.511783,7.459055,152.42,4.90,-1.90,129.92,1,-84,-7,14,12,55,2,13404429,486
223.75,1547729066,2706.66,51.511763,7.459101,152.37,3.14,-1.77,131.20,1,-88,-10,11,8,54,2,13404429,486
224.75,1547729067,2709.80,51.511754,7.459133,152.23,1.01,-2.12,112.11,1,-88,-10,11,8,54,2,13404429,486
225.75,1547729068,2710.82,51.511754,7.459133,152.22,0.00,-1.01,112.11,1,-89,-9,2,9,52,2,13404429,486
226.75,1547729069,2710.82,51.511754,7.459133,152.21,0.00,0.00,112.11,1,-89,-9,2,9,52,2,13404429,486
227.75,1547729070,2710.82,51.511754,7.459133,152.20,0.00,0.00,112.11,1,-87,-7,15,10,52,2,13404429,486
228.75,1547729071,2710.82,51.511754,7.459133,152.20,0.00,0.00,112.11,1,-87,-7,15,10,52,2,13404429,486
229.75,1547729072,2710.82,51.511754,7.459133,152.20,0.00,0.00,112.11,1,-88,-9,13,9,54,2,13404429,486
230.75,1547729073,2710.82,51.511754,7.459133,152.20,0.00,0.00,112.11,1,-88,-9,13,9,54,2,13404429,486
231.75,1547729074,2710.82,51.511754,7.459133,152.20,0.00,0.00,112.11,1,-89,-8,12,9,51,2,13404429,486
232.75,1547729075,2710.82,51.511754,7.459133,152.20,0.00,0.00,112.11,1,-89,-8,12,9,51,2,13404429,486
233.75,1547729076,2710.82,51.511754,7.459133,152.20,0.00,0.00,112.11,1,-88,-10,9,9,55,2,13404429,486
234.75,1547729077,2710.82,51.511754,7.459133,152.20,0.00,0.00,112.11,1,-88,-10,9,9,55,2,13404429,486
235.75,1547729078,2710.82,51.511754,7.459133,152.20,0.00,0.00,112.11,1,-90,-8,5,7,50,2,13404429,486
236.75,1547729079,2710.82,51.511754,7.459133,152.20,0.00,0.00,112.11,1,-90,-8,5,7,50,2,13404429,486
237.75,1547729080,2710.82,51.511754,7.459133,152.20,0.00,0.00,112.11,1,-90,-8,5,7,50,2,13404429,486
238.75,1547729081,2710.82,51.511754,7.459133,152.20,0.00,0.00,112.11,1,-89,-8,3,8,53,2,13404429,486
239.75,1547729082,2710.82,51.511754,7.459133,152.19,0.00,0.00,112.11,1,-89,-8,3,8,53,2,13404429,486
240.75,1547729083,2710.82,51.511754,7.459133,152.19,0.00,0.00,112.11,1,-91,-8,1,8,50,2,13404429,486
241.75,1547729084,2710.82,51.511754,7.459133,152.19,0.00,0.00,112.11,1,-91,-8,1,8,50,2,13404429,486
242.75,1547729085,2710.82,51.511754,7.459133,152.20,0.00,0.00,112.11,1,-91,-11,8,6,51,2,13404429,486
243.75,1547729086,2710.82,51.511754,7.459133,152.21,0.00,0.00,112.11,1,-91,-11,8,6,51,2,13404429,486
244.75,1547729087,2710.82,51.511754,7.459133,152.23,0.00,0.00,112.11,1,-90,-11,4,8,55,2,13404429,486
245.75,1547729088,2710.82,51.511754,7.459133,152.25,0.00,0.00,112.11,1,-90,-11,4,8,55,2,13404429,486
246.75,1547729089,2710.82,51.511754,7.459133,152.29,0.00,0.00,112.11,1,-89,-8,12,8,53,2,13404429,486
247.75,1547729090,2710.82,51.511754,7.459133,152.33,0.00,0.00,112.11,1,-89,-8,12,8,53,2,13404429,486
248.75,1547729091,2710.82,51.511754,7.459133,152.37,0.00,0.00,112.11,1,-88,-11,6,10,56,2,13404429,486
249.75,1547729092,2710.82,51.511754,7.459133,152.42,0.00,0.00,112.11,1,-88,-11,6,10,56,2,13404429,486
250.75,1547729093,2710.82,51.511754,7.459133,152.46,0.00,0.00,112.11,1,-87,-8,14,9,55,2,13404429,486
251.75,1547729094,2710.82,51.511754,7.459133,152.50,0.00,0.00,112.11,1,-87,-8,14,9,55,2,13404429,486
252.75,1547729095,2710.82,51.511754,7.459133,152.50,0.00,0.00,112.11,1,-87,-8,13,13,55,2,13404429,486
253.75,1547729096,2710.82,51.511754,7.459133,152.60,0.00,0.00,112.11,1,-87,-8,13,13,55,2,13404429,486
254.75,1547729097,2710.82,51.511754,7.459133,152.65,0.00,0.00,112.11,1,-88,-8,11,9,53,2,13404429,486
255.75,1547729098,2710.82,51.511754,7.459133,152.71,0.00,0.00,112.11,1,-88,-8,11,9,53,2,13404429,486
256.75,1547729099,2710.82,51.511754,7.459133,152.78,0.00,0.00,112.11,1,-88,-7,12,10,53,2,13404429,486
257.75,1547729100,2710.82,51.511754,7.459133,152.86,0.00,0.00,112.11,1,-88,-7,12,10,53,2,13404429,486
258.75,1547729101,2710.82,51.511754,7.459133,152.94,0.00,0.00,112.11,1,-88,-7,12,10,53,2,13404429,486
259.75,1547729102,2710.82,51.511754,7.459133,153.02,0.00,0.00,112.11,1,-89,-9,14,9,52,2,13404429,486
260.75,1547729103,2710.82,51.511754,7.459133,153.09,0.00,0.00,112.11,1,-89,-9,14,9,52,2,13404429,486
261.75,1547729104,2710.82,51.511754,7.459133,153.64,0.00,0.00,112.11,1,-89,-9,13,10,53,2,13404429,486
262.75,1547729105,2710.82,51.511754,7.459133,154.08,0.00,0.00,126.57,1,-89,-9,13,10,53,2,13404429,486
263.75,1547729106,2710.82,51.511754,7.459133,157.48,0.00,0.00,126.89,1,-88,-10,10,9,55,2,13404429,486
264.75,1547729107,2710.82,51.511653,7.459436,159.03,4.71,0.00,126.57,1,-88,-10,10,9,55,2,13404429,486
265.75,1547729108,2715.52,51.511596,7.459550,159.86,8.55,3.84,129.32,1,-90,-9,10,6,51,2,13404429,486
266.75,1547729109,2724.07,51.511530,7.459670,158.89,10.61,2.06,128.16,1,-90,-9,10,6,51,2,13404429,486
267.75,1547729110,2734.69,51.511456,7.459813,158.00,11.71,1.11,128.99,1,-86,-8,8,7,54,2,13404429,486
268.75,1547729111,2746.41,51.511363,7.459972,156.24,13.76,2.04,132.16,1,-86,-8,8,7,54,2,13404429,486
269.75,1547729112,2760.18,51.511271,7.460134,155.05,14.11,0.35,132.95,1,-88,-10,-1,7,55,2,13404429,486
270.75,1547729113,2774.26,51.511177,7.460292,153.27,14.16,0.05,133.63,1,-88,-10,-1,7,55,2,13404429,486
271.75,1547729114,2788.43,51.511081,7.460437,153.23,13.87,-0.29,134.10,1,-87,-9,10,7,55,2,13404429,486
272.75,1547729115,2802.30,51.511081,7.460437,153.23,13.87,0.00,134.10,1,-87,-9,10,7,55,2,13404429,486
273.75,1547729116,2816.18,51.510888,7.460740,153.98,13.99,0.12,135.14,1,-90,-9,8,8,52,2,13404429,486
274.75,1547729117,2830.25,51.510795,7.460895,154.61,14.02,0.03,134.16,1,-90,-9,8,8,52,2,13404429,486
275.75,1547729118,2844.19,51.510702,7.461042,155.04,13.83,-0.19,134.15,1,-84,-9,7,9,57,2,13404429,486
276.75,1547729119,2858.01,51.510615,7.461181,155.28,13.07,-0.75,134.16,1,-84,-9,7,9,57,2,13404429,486
277.75,1547729120,2871.15,51.510536,7.461314,154.04,12.04,-1.02,134.55,1,-75,-8,3,6,62,2,13403661,21
278.75,1547729121,2883.13,51.510463,7.461435,153.08,10.92,-1.13,135.42,1,-75,-8,3,6,62,2,13403661,21
279.75,1547729122,2894.05,51.510394,7.461547,152.59,10.08,-0.83,136.29,1,-75,-8,3,6,62,2,13403661,21
280.75,1547729123,2904.15,51.510338,7.461648,152.79,8.87,-1.21,133.96,1,-85,-8,8,10,56,2,13403661,21
281.75,1547729124,2912.99,51.510288,7.461733,153.05,7.66,-1.21,132.05,1,-85,-8,8,10,56,2,13403661,21
282.75,1547729125,2920.66,51.510262,7.461797,153.34,4.58,-3.09,131.95,1,-84,-8,13,10,56,2,13403661,21
283.75,1547729126,2925.23,51.510236,7.461868,153.27,3.93,-0.65,132.68,1,-84,-8,13,10,56,2,13403661,21
284.75,1547729127,2929.17,51.510214,7.461924,153.25,2.32,-1.60,136.51,1,-86,-8,11,8,53,2,13403661,21
285.75,1547729128,2931.49,51.510202,7.461954,153.28,0.60,-1.72,136.51,1,-86,-8,11,8,53,2,13403661,21
286.75,1547729129,2932.09,51.510202,7.461954,153.29,0.00,-0.60,136.51,1,-86,-8,11,11,54,2,13403661,21
287.75,1547729130,2932.09,51.510202,7.461954,153.30,0.00,0.00,136.51,1,-86,-8,11,11,54,2,13403661,21
288.75,1547729131,2932.09,51.510202,7.461954,153.33,0.00,0.00,136.51,1,-88,-9,10,13,53,2,13403661,21
289.75,1547729132,2932.09,51.510202,7.461954,153.35,0.00,0.00,136.51,1,-88,-9,10,13,53,2,13403661,21
290.75,1547729133,2932.09,51.510202,7.461954,153.38,0.00,0.00,136.51,1,-88,-10,10,10,54,2,13403661,21
291.75,1547729134,2932.09,51.510202,7.461954,153.40,0.00,0.00,136.51,1,-88,-10,10,10,54,2,13403661,21
292.75,1547729135,2932.09,51.510202,7.461954,153.40,0.00,0.00,136.51,1,-88,-8,10,10,52,2,13403661,21
293.75,1547729136,2932.09,51.510202,7.461954,153.45,0.00,0.00,136.51,1,-88,-8,10,10,52,2,13403661,21
294.75,1547729137,2932.09,51.510202,7.461954,153.48,0.00,0.00,136.51,1,-88,-9,10,8,53,2,13403661,21
295.75,1547729138,2932.09,51.510202,7.461954,153.51,0.00,0.00,136.51,1,-88,-9,10,8,53,2,13403661,21
296.75,1547729139,2932.09,51.510202,7.461954,153.54,0.00,0.00,136.51,1,-87,-9,10,15,53,2,13403661,21
297.75,1547729140,2932.09,51.510202,7.461954,153.57,0.00,0.00,136.51,1,-87,-9,10,15,53,2,13403661,21
298.75,1547729141,2932.09,51.510202,7.461954,153.60,0.00,0.00,136.51,1,-88,-9,10,8,53,2,13403661,21
299.75,1547729142,2932.09,51.510202,7.461954,153.61,0.00,0.00,136.51,1,-88,-9,10,8,53,2,13403661,21
300.75,1547729143,2932.09,51.510202,7.461954,153.63,0.00,0.00,136.51,1,-88,-9,10,8,53,2,13403661,21
301.75,1547729144,2932.09,51.510202,7.461954,153.64,0.00,0.00,136.51,1,-88,-8,9,13,52,2,13403661,21
302.75,1547729145,2932.09,51.510202,7.461954,153.65,0.00,0.00,136.51,1,-88,-8,9,13,52,2,13403661,21
303.75,1547729146,2932.09,51.510202,7.461954,153.65,0.00,0.00,136.51,1,-88,-8,10,11,52,2,13403661,21
304.75,1547729147,2932.09,51.510202,7.461954,153.66,0.00,0.00,136.51,1,-88,-8,10,11,52,2,13403661,21
305.75,1547729148,2932.09,51.510202,7.461954,153.67,0.00,0.00,136.51,1,-88,-10,9,14,54,2,13403661,21
306.75,1547729149,2932.09,51.510202,7.461954,153.69,0.00,0.00,136.51,1,-88,-10,9,14,54,2,13403661,21
307.75,1547729150,2932.09,51.510202,7.461954,153.70,0.00,0.00,136.51,1,-88,-9,9,10,53,2,13403661,21
308.75,1547729151,2932.09,51.510202,7.461954,153.71,0.00,0.00,136.51,1,-88,-9,9,10,53,2,13403661,21
309.75,1547729152,2932.09,51.510202,7.461954,153.73,0.00,0.00,136.51,1,-87,-9,11,11,54,2,13403661,21
310.76,1547729153,2932.09,51.510202,7.461954,153.74,0.00,0.00,136.51,1,-87,-9,11,11,54,2,13403661,21
311.75,1547729154,2932.09,51.510202,7.461954,153.75,0.00,0.00,136.51,1,-87,-9,11,11,53,2,13403661,21
312.75,1547729155,2932.09,51.510202,7.461954,153.76,0.00,0.00,136.51,1,-87,-9,11,11,53,2,13403661,21
313.75,1547729156,2932.09,51.510202,7.461954,153.76,0.00,0.00,136.51,1,-87,-12,11,11,56,2,13403661,21
314.75,1547729157,2932.09,51.510202,7.461954,153.77,0.00,0.00,136.51,1,-87,-12,11,11,56,2,13403661,21
315.75,1547729158,2932.09,51.510202,7.461954,153.78,0.00,0.00,136.51,1,-87,-9,11,15,54,2,13403661,21
316.75,1547729159,2932.09,51.510202,7.461954,153.89,0.00,0.00,139.98,1,-87,-9,11,15,54,2,13403661,21
317.75,1547729160,2932.09,51.510202,7.461954,154.00,0.00,0.00,133.80,1,-87,-9,11,11,54,2,13403661,21
318.75,1547729161,2932.09,51.510152,7.462042,154.09,1.67,0.00,130.21,1,-87,-9,11,11,54,2,13403661,21
319.75,1547729162,2933.77,51.510127,7.462099,154.12,3.31,1.63,127.22,1,-88,-9,11,10,53,2,13403661,21
320.75,1547729163,2937.07,51.510092,7.462181,154.33,3.31,0.00,128.67,1,-88,-9,11,10,53,2,13403661,21
321.75,1547729164,2940.38,51.510067,7.462272,156.93,7.69,4.38,117.75,1,-88,-9,11,10,53,2,13403661,21
322.75,1547729165,2948.07,51.510051,7.462335,159.08,7.69,0.00,120.28,1,-89,-9,11,10,52,2,13403661,21
323.75,1547729166,2955.76,51.510015,7.462482,159.43,9.31,1.62,119.08,1,-89,-9,11,10,52,2,13403661,21
324.75,1547729167,2965.07,51.509979,7.462621,158.89,11.00,1.69,119.89,1,-87,-9,9,9,54,2,13403661,21
325.75,1547729168,2976.08,51.509929,7.462760,158.07,11.00,0.00,119.25,1,-87,-9,9,9,54,2,13403661,21
326.75,1547729169,2987.09,51.509914,7.462923,157.46,10.87,-0.13,114.19,1,-83,-8,6,9,57,2,13403661,21
327.75,1547729170,2997.96,51.509906,7.463098,157.32,11.15,0.28,93.79,1,-83,-8,6,9,57,2,13403661,21
328.75,1547729171,3009.10,51.509906,7.463259,157.36,10.82,-0.33,93.29,1,-87,-9,8,8,54,2,13403661,21
329.75,1547729172,3019.93,51.509911,7.463399,156.92,9.22,-1.60,92.73,1,-87,-9,8,8,54,2,13403661,21
330.75,1547729173,3029.15,51.509913,7.463522,156.91,7.96,-1.27,92.23,1,-89,-9,10,9,52,2,13403661,21
331.75,1547729174,3037.10,51.509912,7.463632,157.23,7.16,-0.80,92.21,1,-89,-9,10,9,52,2,13403661,21
332.75,1547729175,3044.26,51.509914,7.463730,158.06,6.55,-0.61,91.37,1,-88,-8,10,10,53,2,13403661,21
333.75,1547729176,3050.82,51.509914,7.463828,158.58,5.70,-0.85,90.90,1,-88,-8,10,10,53,2,13403661,21
334.75,1547729177,3056.51,51.509915,7.463906,159.69,5.18,-0.52,91.39,1,-87,-9,11,10,54,2,13403661,21
335.75,1547729178,3061.69,51.509914,7.463988,160.41,5.31,0.13,92.17,1,-87,-9,11,10,54,2,13403661,21
336.75,1547729179,3067.00,51.509912,7.464069,161.00,4.63,-0.68,92.62,1,-88,-8,14,12,52,2,13403661,21
337.75,1547729180,3071.64,51.509901,7.464121,161.94,4.63,0.00,92.01,1,-88,-8,14,12,52,2,13403661,21
338.75,1547729181,3076.28,51.509896,7.464225,163.03,5.73,1.10,91.74,1,-88,-7,15,12,52,2,13403661,21
339.75,1547729182,3081.98,51.509895,7.464339,164.00,5.73,0.00,92.33,1,-88,-7,15,12,52,2,13403661,21
340.75,1547729183,3087.75,51.509893,7.464456,164.82,8.02,2.27,92.50,1,-89,-8,15,12,51,2,13403661,21
341.75,1547729184,3095.72,51.509889,7.464590,165.14,8.75,0.74,93.48,1,-89,-8,15,12,51,2,13403661,21
342.75,1547729185,3104.48,51.509883,7.464745,164.40,10.15,1.40,93.90,1,-89,-8,15,12,51,2,13403661,21
343.75,1547729186,3114.62,51.509885,7.464899,163.03,10.06,-0.10,94.65,1,-88,-7,15,12,51,2,13403661,21
344.75,1547729187,3124.68,51.509887,7.465049,161.79,10.06,0.00,94.07,1,-88,-7,15,12,51,2,13403661,21
345.75,1547729188,3134.73,51.509889,7.465209,160.82,10.72,0.66,94.16,1,-88,-8,16,13,51,2,13403661,21
346.75,1547729189,3145.44,51.509888,7.465375,159.79,11.23,0.51,94.23,1,-88,-8,16,13,51,2,13403661,21
347.75,1547729190,3156.70,51.509884,7.465539,158.85,10.64,-0.59,94.57,1,-89,-8,18,15,50,2,13403661,21
348.75,1547729191,3167.30,51.509877,7.465691,158.44,10.78,0.15,95.40,1,-89,-8,18,15,50,2,13403661,21
349.75,1547729192,3178.10,51.509873,7.465848,157.61,10.86,0.07,94.74,1,-87,-8,19,15,53,2,13403661,21
350.75,1547729193,3188.96,51.509870,7.465998,157.58,10.51,-0.35,94.16,1,-87,-8,19,15,53,2,13403661,21
351.75,1547729194,3199.49,51.509869,7.466144,157.26,10.04,-0.46,94.75,1,-83,-8,23,14,57,2,13403661,21
352.75,1547729195,3209.51,51.509867,7.466299,157.05,10.34,0.30,94.26,1,-83,-8,23,14,57,2,13403661,21
353.75,1547729196,3219.85,51.509860,7.466463,156.58,11.19,0.85,93.77,1,-84,-7,25,15,55,2,13403661,21
354.75,1547729197,3231.03,51.509855,7.466629,156.38,11.66,0.47,93.22,1,-84,-7,25,15,55,2,13403661,21
355.75,1547729198,3242.71,51.509846,7.466793,156.38,11.87,0.21,93.65,1,-85,-8,25,15,54,2,13403661,21
