time_s,timestamp_ms,distance_m,latitude,longitude,altitude,velocity_mps,acceleration_mpss,direction,isRegistered,rsrp_dbm,rsrq_db,rssnr_db,cqi,ss,ta,ci,pci
0.05,1547801775,0.03,51.509837,7.468693,143.14,8.69,0.00,53.00,0,-107,-12,0,0,25,0,0,91
0.05,1547801775,0.03,51.509837,7.468693,143.14,8.69,0.00,53.00,0,-108,-12,0,0,25,0,0,90
1.05,1547801776,8.74,51.509869,7.468834,143.31,10.12,0.00,69.23,0,-108,-9,0,0,20,0,0,90
1.05,1547801776,8.75,51.509869,7.468834,143.31,10.12,0.00,69.23,0,-113,-14,0,0,20,0,0,91
2.05,1547801777,18.85,51.509914,7.468982,143.36,11.64,0.00,66.35,0,-108,-9,0,0,20,0,0,90
2.05,1547801777,18.86,51.509914,7.468982,143.36,11.64,0.00,66.35,0,-113,-14,0,0,20,0,0,91
5.05,1547801780,56.65,51.510102,7.469494,143.27,14.66,0.00,60.82,0,-104,-10,0,0,27,0,0,66
6.05,1547801781,71.31,51.510179,7.469675,143.58,15.23,0.00,59.62,0,-104,-10,0,0,27,0,0,66
7.05,1547801782,86.54,51.510254,7.469855,143.74,15.10,0.00,58.59,0,-105,-11,0,0,28,0,0,66
8.05,1547801783,101.64,51.510324,7.470040,144.28,14.88,0.00,57.97,0,-105,-11,0,0,28,0,0,66
9.05,1547801784,116.53,51.510393,7.470207,144.92,13.38,0.00,57.90,0,-107,-10,0,0,24,0,0,66
9.06,1547801784,116.54,51.510393,7.470207,144.92,13.38,0.00,57.90,0,-108,-15,0,0,28,0,0,90
9.06,1547801784,116.56,51.510393,7.470207,144.92,13.38,0.00,57.90,0,-110,-18,0,0,27,0,0,485
9.06,1547801784,116.56,51.510393,7.470207,144.92,13.38,0.00,57.90,0,-110,-17,0,0,25,0,0,35
10.05,1547801785,129.91,51.510466,7.470367,145.24,13.33,0.00,57.07,0,-107,-10,0,0,24,0,0,66
10.06,1547801785,129.92,51.510466,7.470367,145.24,13.33,0.00,57.07,0,-108,-15,0,0,28,0,0,90
10.06,1547801785,129.94,51.510466,7.470367,145.24,13.33,0.00,57.07,0,-110,-18,0,0,27,0,0,485
10.06,1547801785,129.94,51.510466,7.470367,145.24,13.33,0.00,57.07,0,-110,-17,0,0,25,0,0,35
13.06,1547801788,170.54,51.510720,7.470813,145.07,13.50,0.00,48.31,0,-109,-14,0,0,27,0,0,323
14.05,1547801789,183.94,51.510815,7.470943,144.80,12.93,0.00,45.88,0,-109,-14,0,0,27,0,0,323
15.05,1547801790,196.90,51.510911,7.471065,144.32,13.10,0.00,43.85,0,-109,-14,0,0,27,0,0,323
16.05,1547801791,210.01,51.511013,7.471191,143.79,13.87,0.00,41.99,0,-111,-12,0,0,21,0,0,323
16.05,1547801791,210.02,51.511013,7.471191,143.79,13.87,0.00,41.99,0,-114,-15,0,0,22,0,0,218
17.05,1547801792,223.86,51.511122,7.471314,143.53,14.03,0.00,40.79,0,-111,-12,0,0,21,0,0,323
17.05,1547801792,223.87,51.511122,7.471314,143.53,14.03,0.00,40.79,0,-114,-15,0,0,22,0,0,218
18.05,1547801793,237.90,51.511228,7.471435,143.74,13.89,0.00,40.40,0,-110,-14,0,0,24,0,0,351
18.05,1547801793,237.91,51.511228,7.471435,143.74,13.89,0.00,40.40,0,-110,-13,0,0,23,0,0,323
19.05,1547801794,251.81,51.511332,7.471563,143.67,14.61,0.00,39.98,0,-110,-14,0,0,24,0,0,351
19.05,1547801794,251.82,51.511332,7.471563,143.67,14.61,0.00,39.98,0,-110,-13,0,0,23,0,0,323
20.05,1547801795,266.35,51.511434,7.471696,143.00,14.47,0.00,40.82,0,-110,-14,0,0,24,0,0,351
21.05,1547801796,280.83,51.511539,7.471828,142.41,14.57,0.00,40.34,0,-110,-14,0,0,24,0,0,351
24.05,1547801799,322.76,51.511833,7.472186,139.23,13.33,0.00,40.38,0,-110,-12,0,0,23,0,0,322
25.05,1547801800,336.10,51.511929,7.472302,138.37,13.56,0.00,39.63,0,-110,-12,0,0,23,0,0,322
26.05,1547801801,349.67,51.512023,7.472418,138.15,13.15,0.00,38.59,0,-107,-14,0,0,26,0,0,68
26.05,1547801801,349.68,51.512023,7.472418,138.15,13.15,0.00,38.59,0,-108,-15,0,0,27,0,0,282
27.05,1547801802,362.82,51.512121,7.472519,137.78,11.87,0.00,36.74,0,-107,-14,0,0,26,0,0,68
27.05,1547801802,362.82,51.512121,7.472519,137.78,11.87,0.00,36.74,0,-108,-15,0,0,27,0,0,282
28.05,1547801803,374.69,51.512205,7.472612,136.94,10.14,0.00,34.38,0,-102,-12,0,0,31,0,0,68
28.05,1547801803,374.69,51.512205,7.472612,136.94,10.14,0.00,34.38,0,-105,-16,0,0,31,0,0,323
29.05,1547801804,384.82,51.512270,7.472669,136.40,7.11,0.00,31.06,0,-102,-12,0,0,31,0,0,68
29.05,1547801804,384.82,51.512270,7.472669,136.40,7.11,0.00,31.06,0,-105,-16,0,0,31,0,0,323
30.06,1547801805,391.98,51.512319,7.472684,137.06,4.68,0.00,10.20,0,-99,-10,0,0,31,0,0,68
30.06,1547801805,391.98,51.512319,7.472684,137.06,4.68,0.00,10.20,0,-102,-17,0,0,34,0,0,78
31.05,1547801806,396.62,51.512362,7.472689,137.17,4.09,0.00,8.55,0,-99,-10,0,0,31,0,0,68
31.05,1547801806,396.62,51.512362,7.472689,137.17,4.09,0.00,8.55,0,-102,-17,0,0,34,0,0,78
32.05,1547801807,400.70,51.512457,7.472721,134.90,2.70,0.00,9.17,0,-105,-18,0,0,32,0,0,486
32.05,1547801807,400.70,51.512457,7.472721,134.90,2.70,0.00,9.17,0,-104,-14,0,0,30,0,0,68
32.05,1547801807,400.70,51.512457,7.472721,134.90,2.70,0.00,9.17,0,-106,-17,0,0,31,0,0,322
33.05,1547801808,403.41,51.512410,7.472704,137.32,1.37,0.00,7.61,0,-105,-18,0,0,32,0,0,486
33.05,1547801808,403.41,51.512410,7.472704,137.32,1.37,0.00,7.61,0,-104,-14,0,0,30,0,0,68
33.05,1547801808,403.41,51.512410,7.472704,137.32,1.37,0.00,7.61,0,-106,-17,0,0,31,0,0,322
34.05,1547801809,404.77,51.512416,7.472713,137.18,0.56,0.00,7.61,0,-107,-12,0,0,24,0,0,486
34.05,1547801809,404.77,51.512416,7.472713,137.18,0.56,0.00,7.61,0,-102,-10,0,0,28,0,0,68
34.05,1547801809,404.77,51.512416,7.472713,137.18,0.56,0.00,7.61,0,-105,-12,0,0,27,0,0,322
35.06,1547801810,405.34,51.512416,7.472713,137.16,0.00,0.00,7.61,0,-107,-12,0,0,24,0,0,486
35.06,1547801810,405.34,51.512416,7.472713,137.16,0.00,0.00,7.61,0,-102,-10,0,0,28,0,0,68
35.06,1547801810,405.34,51.512416,7.472713,137.16,0.00,0.00,7.61,0,-105,-12,0,0,27,0,0,322
36.07,1547801811,405.34,51.512416,7.472713,137.13,0.00,0.00,7.61,0,-107,-12,0,0,25,0,0,486
36.07,1547801811,405.34,51.512416,7.472713,137.13,0.00,0.00,7.61,0,-101,-9,0,0,28,0,0,68
36.07,1547801811,405.34,51.512416,7.472713,137.13,0.00,0.00,7.61,0,-108,-13,0,0,27,0,0,322
37.05,1547801812,405.34,51.512416,7.472713,137.10,0.00,0.00,7.61,0,-107,-12,0,0,25,0,0,486
37.06,1547801812,405.34,51.512416,7.472713,137.10,0.00,0.00,7.61,0,-101,-9,0,0,28,0,0,68
37.06,1547801812,405.34,51.512416,7.472713,137.10,0.00,0.00,7.61,0,-108,-13,0,0,27,0,0,322
38.05,1547801813,405.34,51.512416,7.472713,137.08,0.00,0.00,7.61,0,-107,-12,0,0,25,0,0,486
38.05,1547801813,405.34,51.512416,7.472713,137.08,0.00,0.00,7.61,0,-101,-9,0,0,28,0,0,68
38.06,1547801813,405.34,51.512416,7.472713,137.08,0.00,0.00,7.61,0,-108,-13,0,0,27,0,0,322
39.05,1547801814,405.34,51.512416,7.472713,137.07,0.00,0.00,7.61,0,-107,-12,0,0,26,0,0,486
39.06,1547801814,405.34,51.512416,7.472713,137.07,0.00,0.00,7.61,0,-102,-10,0,0,27,0,0,68
39.06,1547801814,405.34,51.512416,7.472713,137.07,0.00,0.00,7.61,0,-106,-13,0,0,27,0,0,322
40.06,1547801815,405.34,51.512416,7.472713,137.07,0.00,0.00,7.61,0,-107,-12,0,0,26,0,0,486
40.06,1547801815,405.34,51.512416,7.472713,137.07,0.00,0.00,7.61,0,-102,-10,0,0,27,0,0,68
40.06,1547801815,405.34,51.512416,7.472713,137.07,0.00,0.00,7.61,0,-106,-13,0,0,27,0,0,322
41.05,1547801816,405.34,51.512416,7.472713,137.07,0.00,0.00,7.61,0,-106,-12,0,0,26,0,0,486
41.05,1547801816,405.34,51.512416,7.472713,137.07,0.00,0.00,7.61,0,-106,-12,0,0,26,0,0,322
42.05,1547801817,405.34,51.512416,7.472713,137.06,0.00,0.00,7.61,0,-106,-12,0,0,26,0,0,486
42.06,1547801817,405.34,51.512416,7.472713,137.06,0.00,0.00,7.61,0,-106,-12,0,0,26,0,0,322
43.05,1547801818,405.34,51.512416,7.472713,137.06,0.00,0.00,7.61,0,-106,-11,0,0,24,0,0,486
43.05,1547801818,405.34,51.512416,7.472713,137.06,0.00,0.00,7.61,0,-101,-10,0,0,28,0,0,68
43.06,1547801818,405.34,51.512416,7.472713,137.06,0.00,0.00,7.61,0,-106,-13,0,0,28,0,0,322
44.05,1547801819,405.34,51.512416,7.472713,137.06,0.00,0.00,7.61,0,-106,-11,0,0,24,0,0,486
44.05,1547801819,405.34,51.512416,7.472713,137.06,0.00,0.00,7.61,0,-101,-10,0,0,28,0,0,68
44.06,1547801819,405.34,51.512416,7.472713,137.06,0.00,0.00,7.61,0,-106,-13,0,0,28,0,0,322
45.05,1547801820,405.34,51.512416,7.472713,137.06,0.00,0.00,7.61,0,-108,-13,0,0,24,0,0,486
45.06,1547801820,405.34,51.512416,7.472713,137.06,0.00,0.00,7.61,0,-103,-10,0,0,27,0,0,68
45.06,1547801820,405.34,51.512416,7.472713,137.06,0.00,0.00,7.61,0,-107,-12,0,0,25,0,0,322
46.05,1547801821,405.34,51.512416,7.472713,137.06,0.00,0.00,7.61,0,-108,-13,0,0,24,0,0,486
46.06,1547801821,405.34,51.512416,7.472713,137.06,0.00,0.00,7.61,0,-103,-10,0,0,27,0,0,68
46.06,1547801821,405.34,51.512416,7.472713,137.06,0.00,0.00,7.61,0,-107,-12,0,0,25,0,0,322
47.05,1547801822,405.34,51.512416,7.472713,137.08,0.00,0.00,7.61,0,-101,-10,0,0,27,0,0,68
47.05,1547801822,405.34,51.512416,7.472713,137.08,0.00,0.00,7.61,0,-107,-12,0,0,26,0,0,322
48.05,1547801823,405.34,51.512416,7.472713,137.16,0.00,0.00,7.61,0,-101,-10,0,0,27,0,0,68
48.05,1547801823,405.34,51.512416,7.472713,137.16,0.00,0.00,7.61,0,-107,-12,0,0,26,0,0,322
49.05,1547801824,405.34,51.512416,7.472713,137.23,0.00,0.00,7.61,0,-108,-12,0,0,25,0,0,486
49.06,1547801824,405.34,51.512416,7.472713,137.23,0.00,0.00,7.61,0,-103,-10,0,0,27,0,0,68
49.06,1547801824,405.34,51.512416,7.472713,137.23,0.00,0.00,7.61,0,-107,-12,0,0,26,0,0,322
50.05,1547801825,405.34,51.512416,7.472713,137.30,0.00,0.00,7.61,0,-108,-12,0,0,25,0,0,486
50.05,1547801825,405.34,51.512416,7.472713,137.30,0.00,0.00,7.61,0,-103,-10,0,0,27,0,0,68
50.05,1547801825,405.34,51.512416,7.472713,137.30,0.00,0.00,7.61,0,-107,-12,0,0,26,0,0,322
51.05,1547801826,405.34,51.512416,7.472713,137.37,0.00,0.00,7.61,0,-107,-12,0,0,24,0,0,486
51.05,1547801826,405.34,51.512416,7.472713,137.37,0.00,0.00,7.61,0,-103,-9,0,0,27,0,0,68
51.05,1547801826,405.34,51.512416,7.472713,137.37,0.00,0.00,7.61,0,-107,-12,0,0,27,0,0,322
52.05,1547801827,405.34,51.512639,7.472579,134.80,0.00,0.00,7.61,0,-107,-12,0,0,24,0,0,486
52.05,1547801827,405.34,51.512639,7.472579,134.80,0.00,0.00,7.61,0,-103,-9,0,0,27,0,0,68
52.05,1547801827,405.34,51.512639,7.472579,134.80,0.00,0.00,7.61,0,-107,-12,0,0,27,0,0,322
53.05,1547801828,405.34,51.512416,7.472713,137.49,0.00,0.00,7.61,0,-107,-15,0,0,26,0,0,486
53.05,1547801828,405.34,51.512416,7.472713,137.49,0.00,0.00,7.61,0,-105,-13,0,0,26,0,0,68
53.05,1547801828,405.34,51.512416,7.472713,137.49,0.00,0.00,7.61,0,-106,-13,0,0,26,0,0,322
54.06,1547801829,405.34,51.512416,7.472713,137.54,0.00,0.00,7.61,0,-107,-15,0,0,26,0,0,486
54.06,1547801829,405.34,51.512416,7.472713,137.54,0.00,0.00,7.61,0,-105,-13,0,0,26,0,0,68
54.06,1547801829,405.34,51.512416,7.472713,137.54,0.00,0.00,7.61,0,-106,-13,0,0,26,0,0,322
55.05,1547801830,405.34,51.512416,7.472713,137.60,0.00,0.00,7.61,0,-102,-11,0,0,26,0,0,68
55.05,1547801830,405.34,51.512416,7.472713,137.60,0.00,0.00,7.61,0,-106,-11,0,0,26,0,0,322
56.05,1547801831,405.34,51.512416,7.472713,137.66,0.00,0.00,7.61,0,-102,-11,0,0,26,0,0,68
56.05,1547801831,405.34,51.512416,7.472713,137.66,0.00,0.00,7.61,0,-106,-11,0,0,26,0,0,322
57.06,1547801832,405.34,51.512416,7.472713,137.70,0.00,0.00,7.61,0,-102,-10,0,0,28,0,0,68
57.06,1547801832,405.34,51.512416,7.472713,137.70,0.00,0.00,7.61,0,-105,-13,0,0,28,0,0,322
58.05,1547801833,405.34,51.512416,7.472713,137.75,0.00,0.00,7.61,0,-102,-10,0,0,28,0,0,68
58.05,1547801833,405.34,51.512416,7.472713,137.75,0.00,0.00,7.61,0,-105,-13,0,0,28,0,0,322
59.05,1547801834,405.34,51.512416,7.472713,137.79,0.00,0.00,7.61,0,-102,-10,0,0,28,0,0,68
59.05,1547801834,405.34,51.512416,7.472713,137.79,0.00,0.00,7.61,0,-105,-13,0,0,28,0,0,322
60.05,1547801835,405.34,51.512416,7.472713,137.84,0.00,0.00,7.61,0,-103,-10,0,0,27,0,0,68
60.05,1547801835,405.34,51.512416,7.472713,137.84,0.00,0.00,7.61,0,-105,-11,0,0,26,0,0,322
61.05,1547801836,405.34,51.512416,7.472713,137.88,0.00,0.00,7.61,0,-103,-10,0,0,27,0,0,68
61.05,1547801836,405.34,51.512416,7.472713,137.88,0.00,0.00,7.61,0,-105,-11,0,0,26,0,0,322
62.05,1547801837,405.34,51.512416,7.472713,137.92,0.00,0.00,7.61,0,-108,-15,0,0,30,0,0,486
62.06,1547801837,405.34,51.512416,7.472713,137.92,0.00,0.00,7.61,0,-105,-11,0,0,27,0,0,68
62.06,1547801837,405.34,51.512416,7.472713,137.92,0.00,0.00,7.61,0,-106,-11,0,0,27,0,0,322
63.05,1547801838,405.34,51.512416,7.472713,138.29,0.00,0.00,7.61,0,-108,-15,0,0,30,0,0,486
63.06,1547801838,405.34,51.512416,7.472713,138.29,0.00,0.00,7.61,0,-105,-11,0,0,27,0,0,68
63.06,1547801838,405.34,51.512416,7.472713,138.29,0.00,0.00,7.61,0,-106,-11,0,0,27,0,0,322
64.05,1547801839,405.34,51.512416,7.472713,138.69,0.00,0.00,7.61,0,-108,-12,0,0,23,0,0,486
64.06,1547801839,405.34,51.512416,7.472713,138.69,0.00,0.00,7.61,0,-104,-11,0,0,26,0,0,68
64.06,1547801839,405.34,51.512416,7.472713,138.69,0.00,0.00,7.61,0,-106,-12,0,0,26,0,0,322
65.05,1547801840,405.34,51.512416,7.472713,139.00,0.00,0.00,14.32,0,-108,-12,0,0,23,0,0,486
65.05,1547801840,405.34,51.512416,7.472713,139.00,0.00,0.00,14.32,0,-104,-11,0,0,26,0,0,68
65.06,1547801840,405.34,51.512416,7.472713,139.00,0.00,0.00,14.32,0,-106,-12,0,0,26,0,0,322
66.05,1547801841,405.34,51.512494,7.472720,140.53,0.00,0.00,10.95,0,-108,-12,0,0,23,0,0,486
66.06,1547801841,405.34,51.512494,7.472720,140.53,0.00,0.00,10.95,0,-103,-10,0,0,27,0,0,68
66.06,1547801841,405.34,51.512494,7.472720,140.53,0.00,0.00,10.95,0,-106,-12,0,0,26,0,0,322
67.05,1547801842,405.36,51.512566,7.472739,140.60,8.17,0.00,8.75,0,-108,-12,0,0,23,0,0,486
67.06,1547801842,405.36,51.512566,7.472739,140.60,8.17,0.00,8.75,0,-103,-10,0,0,27,0,0,68
67.06,1547801842,405.36,51.512566,7.472739,140.60,8.17,0.00,8.75,0,-106,-12,0,0,26,0,0,322
68.06,1547801843,413.53,51.512643,7.472753,140.21,8.73,0.00,7.03,0,-106,-13,0,0,26,0,0,486
68.06,1547801843,413.54,51.512643,7.472753,140.21,8.73,0.00,7.03,0,-100,-11,0,0,32,0,0,68
68.06,1547801843,413.55,51.512643,7.472753,140.21,8.73,0.00,7.03,0,-103,-16,0,0,33,0,0,323
69.05,1547801844,422.26,51.512728,7.472766,139.50,9.60,0.00,5.89,0,-106,-13,0,0,26,0,0,486
69.06,1547801844,422.27,51.512728,7.472766,139.50,9.60,0.00,5.89,0,-100,-11,0,0,32,0,0,68
69.06,1547801844,422.27,51.512728,7.472766,139.50,9.60,0.00,5.89,0,-103,-16,0,0,33,0,0,323
70.05,1547801845,431.86,51.512823,7.472779,138.66,10.65,0.00,5.27,0,-99,-11,0,0,33,0,0,68
70.06,1547801845,431.87,51.512823,7.472779,138.66,10.65,0.00,5.27,0,-103,-16,0,0,34,0,0,323
71.05,1547801846,442.49,51.512927,7.472785,137.50,11.44,0.00,4.17,0,-99,-11,0,0,33,0,0,68
71.05,1547801846,442.49,51.512927,7.472785,137.50,11.44,0.00,4.17,0,-103,-16,0,0,34,0,0,323
72.05,1547801847,453.91,51.512994,7.472935,134.90,11.43,0.00,3.09,0,-97,-11,0,0,36,0,0,68
73.05,1547801848,465.33,51.513134,7.472807,134.46,11.26,0.00,2.50,0,-97,-11,0,0,36,0,0,68
74.05,1547801849,476.64,51.513231,7.472816,132.75,10.35,0.00,3.37,0,-94,-8,0,0,34,0,0,33
74.06,1547801849,476.65,51.513231,7.472816,132.75,10.35,0.00,3.37,0,-99,-13,0,0,37,0,0,66
74.06,1547801849,476.66,51.513231,7.472816,132.75,10.35,0.00,3.37,0,-101,-12,0,0,38,0,0,322
75.05,1547801850,486.99,51.513320,7.472827,131.43,9.46,0.00,2.62,0,-94,-8,0,0,34,0,0,33
75.06,1547801850,487.00,51.513320,7.472827,131.43,9.46,0.00,2.62,0,-99,-13,0,0,37,0,0,66
75.06,1547801850,487.00,51.513320,7.472827,131.43,9.46,0.00,2.62,0,-101,-12,0,0,38,0,0,322
76.05,1547801851,496.45,51.513404,7.472837,130.12,8.84,0.00,3.41,0,-93,-6,0,0,32,0,0,33
76.06,1547801851,496.46,51.513404,7.472837,130.12,8.84,0.00,3.41,0,-96,-8,0,0,32,0,0,322
76.06,1547801851,496.47,51.513404,7.472837,130.12,8.84,0.00,3.41,0,-98,-12,0,0,35,0,0,66
77.05,1547801852,505.29,51.513480,7.472849,128.49,8.05,0.00,3.23,0,-93,-6,0,0,32,0,0,33
77.06,1547801852,505.30,51.513480,7.472849,128.49,8.05,0.00,3.23,0,-96,-8,0,0,32,0,0,322
77.06,1547801852,505.31,51.513480,7.472849,128.49,8.05,0.00,3.23,0,-98,-12,0,0,35,0,0,66
78.06,1547801853,513.39,51.513545,7.472855,126.89,6.52,0.00,2.43,0,-85,-7,0,0,44,0,0,33
78.06,1547801853,513.40,51.513545,7.472855,126.89,6.52,0.00,2.43,0,-97,-12,0,0,36,0,0,66
79.05,1547801854,519.86,51.513593,7.472865,125.08,4.66,0.00,2.92,0,-85,-7,0,0,44,0,0,33
79.05,1547801854,519.86,51.513593,7.472865,125.08,4.66,0.00,2.92,0,-97,-12,0,0,36,0,0,66
80.05,1547801855,524.52,51.513630,7.472876,124.89,3.29,0.00,2.31,0,-85,-7,0,0,44,0,0,33
80.06,1547801855,524.52,51.513630,7.472876,124.89,3.29,0.00,2.31,0,-97,-12,0,0,36,0,0,66
81.05,1547801856,527.79,51.513656,7.472880,124.73,2.01,0.00,2.90,0,-96,-11,0,0,35,0,0,66
81.05,1547801856,527.80,51.513656,7.472880,124.73,2.01,0.00,2.90,0,-101,-13,0,0,31,0,0,322
82.05,1547801857,529.80,51.513680,7.472879,124.59,1.77,0.00,2.52,0,-96,-11,0,0,35,0,0,66
82.05,1547801857,529.80,51.513680,7.472879,124.59,1.77,0.00,2.52,0,-101,-13,0,0,31,0,0,322
83.05,1547801858,531.58,51.513710,7.472884,124.50,2.99,0.00,1.78,0,-89,-8,0,0,36,0,0,203
83.05,1547801858,531.58,51.513710,7.472884,124.50,2.99,0.00,1.78,0,-91,-8,0,0,39,0,0,60
84.05,1547801859,534.57,51.513753,7.472890,123.56,4.72,0.00,2.43,0,-89,-8,0,0,36,0,0,203
84.05,1547801859,534.57,51.513753,7.472890,123.56,4.72,0.00,2.43,0,-91,-8,0,0,39,0,0,60
85.05,1547801860,539.29,51.513806,7.472901,123.09,6.14,0.00,2.21,0,-90,-7,0,0,35,0,0,33
85.05,1547801860,539.29,51.513806,7.472901,123.09,6.14,0.00,2.21,0,-93,-10,0,0,37,0,0,68
85.06,1547801860,539.30,51.513806,7.472901,123.09,6.14,0.00,2.21,0,-98,-12,0,0,36,0,0,322
86.05,1547801861,545.43,51.513868,7.472903,122.76,6.88,0.00,2.11,0,-90,-7,0,0,35,0,0,33
86.06,1547801861,545.44,51.513868,7.472903,122.76,6.88,0.00,2.11,0,-93,-10,0,0,37,0,0,68
86.06,1547801861,545.44,51.513868,7.472903,122.76,6.88,0.00,2.11,0,-98,-12,0,0,36,0,0,322
87.05,1547801862,552.32,51.513924,7.472909,121.86,6.40,0.00,1.82,0,-91,-7,0,0,35,0,0,33
87.05,1547801862,552.32,51.513924,7.472909,121.86,6.40,0.00,1.82,0,-92,-9,0,0,36,0,0,68
87.06,1547801862,552.32,51.513924,7.472909,121.86,6.40,0.00,1.82,0,-98,-13,0,0,36,0,0,218
88.05,1547801863,558.72,51.513979,7.472914,121.69,6.12,0.00,0.89,0,-91,-7,0,0,35,0,0,33
88.05,1547801863,558.72,51.513979,7.472914,121.69,6.12,0.00,0.89,0,-92,-9,0,0,36,0,0,68
88.06,1547801863,558.72,51.513979,7.472914,121.69,6.12,0.00,0.89,0,-98,-13,0,0,36,0,0,218
89.05,1547801864,564.83,51.514037,7.472913,121.77,6.66,0.00,1.59,0,-90,-7,0,0,38,0,0,68
89.05,1547801864,564.83,51.514037,7.472913,121.77,6.66,0.00,1.59,0,-96,-15,0,0,40,0,0,428
90.05,1547801865,571.50,51.514099,7.472910,122.40,7.21,0.00,1.57,0,-90,-7,0,0,38,0,0,68
90.06,1547801865,571.51,51.514099,7.472910,122.40,7.21,0.00,1.57,0,-96,-15,0,0,40,0,0,428
91.05,1547801866,578.66,51.514164,7.472911,122.37,7.30,0.00,1.93,0,-90,-10,0,0,42,0,0,68
92.05,1547801867,585.97,51.514040,7.473003,132.60,3.74,0.00,1.32,0,-90,-10,0,0,42,0,0,68
93.05,1547801868,589.72,51.514229,7.472904,122.50,2.46,0.00,2.69,0,-87,-10,0,0,43,0,0,68
94.05,1547801869,592.18,51.514242,7.472900,122.62,0.93,0.00,2.69,0,-87,-10,0,0,43,0,0,68
95.05,1547801870,593.11,51.514253,7.472890,122.84,0.82,0.00,2.69,0,-88,-11,0,0,45,0,0,68
95.05,1547801870,593.11,51.514253,7.472890,122.84,0.82,0.00,2.69,0,-91,-16,0,0,45,0,0,333
96.05,1547801871,593.94,51.514274,7.472883,123.08,2.27,0.00,4.80,0,-88,-11,0,0,45,0,0,68
96.05,1547801871,593.94,51.514274,7.472883,123.08,2.27,0.00,4.80,0,-91,-16,0,0,45,0,0,333
97.05,1547801872,596.21,51.514302,7.472883,123.37,3.23,0.00,5.95,0,-86,-10,0,0,45,0,0,68
98.05,1547801873,599.44,51.514348,7.472893,126.26,5.49,0.00,7.32,0,-86,-10,0,0,45,0,0,68
99.05,1547801874,604.94,51.514412,7.472899,129.52,7.48,0.00,5.45,0,-88,-13,0,0,46,0,0,68
100.05,1547801875,612.42,51.514486,7.472910,132.23,8.94,0.00,4.44,0,-88,-13,0,0,46,0,0,68
101.06,1547801876,621.39,51.514568,7.472915,134.12,9.77,0.00,3.64,0,-93,-15,0,0,42,0,0,202
101.06,1547801876,621.39,51.514568,7.472915,134.12,9.77,0.00,3.64,0,-86,-13,0,0,49,0,0,68
102.05,1547801877,631.10,51.514652,7.472927,134.38,10.28,0.00,4.45,0,-93,-15,0,0,42,0,0,202
102.05,1547801877,631.11,51.514652,7.472927,134.38,10.28,0.00,4.45,0,-86,-13,0,0,49,0,0,68
103.05,1547801878,641.43,51.514759,7.472940,133.96,12.57,0.00,4.45,0,-93,-15,0,0,42,0,0,202
103.06,1547801878,641.45,51.514759,7.472940,133.96,12.57,0.00,4.45,0,-86,-13,0,0,49,0,0,68
104.05,1547801879,653.99,51.514879,7.472958,133.42,13.54,0.00,3.52,0,-91,-12,0,0,39,0,0,202
104.05,1547801879,654.01,51.514879,7.472958,133.42,13.54,0.00,3.52,0,-80,-10,0,0,50,0,0,68
105.05,1547801880,667.53,51.514999,7.472969,133.06,13.42,0.00,2.81,0,-91,-12,0,0,39,0,0,202
105.05,1547801880,667.54,51.514999,7.472969,133.06,13.42,0.00,2.81,0,-80,-10,0,0,50,0,0,68
106.05,1547801881,680.94,51.515116,7.472972,133.09,13.08,0.00,1.33,0,-84,-10,0,0,43,0,0,202
107.05,1547801882,694.02,51.515229,7.472966,132.74,12.74,0.00,359.42,0,-84,-10,0,0,43,0,0,202
108.05,1547801883,706.69,51.515347,7.472954,131.86,12.88,0.00,356.60,0,-79,-7,0,0,47,0,0,202
108.05,1547801883,706.69,51.515347,7.472954,131.86,12.88,0.00,356.60,0,-71,-10,0,0,61,0,0,68
109.05,1547801884,719.65,51.515467,7.472927,131.38,13.35,0.00,353.66,0,-79,-7,0,0,47,0,0,202
109.05,1547801884,719.67,51.515467,7.472927,131.38,13.35,0.00,353.66,0,-71,-10,0,0,61,0,0,68
110.05,1547801885,732.99,51.515582,7.472889,131.49,13.30,0.00,349.95,0,-83,-7,0,0,43,0,0,202
110.05,1547801885,733.00,51.515582,7.472889,131.49,13.30,0.00,349.95,0,-75,-10,0,0,54,0,0,68
111.05,1547801886,746.24,51.515685,7.472706,131.85,12.71,0.00,346.00,0,-83,-7,0,0,43,0,0,202
111.05,1547801886,746.26,51.515685,7.472706,131.85,12.71,0.00,346.00,0,-75,-10,0,0,54,0,0,68
112.05,1547801887,758.94,51.515803,7.472758,131.75,13.19,0.00,343.05,0,-81,-12,0,0,52,0,0,66
113.05,1547801888,772.18,51.515911,7.472678,131.58,13.13,0.00,340.79,0,-81,-12,0,0,52,0,0,66
114.05,1547801889,785.32,51.516014,7.472536,131.83,13.13,0.00,343.53,0,-78,-9,0,0,52,0,0,66
115.05,1547801890,798.47,51.516122,7.472369,133.21,13.88,0.00,337.69,0,-78,-9,0,0,52,0,0,66
116.05,1547801891,812.33,51.516220,7.472208,135.62,14.69,0.00,316.65,0,-80,-10,0,0,48,0,0,66
117.05,1547801892,827.03,51.516323,7.472051,138.33,14.85,0.00,315.18,0,-80,-10,0,0,48,0,0,66
118.05,1547801893,841.87,51.516470,7.471866,142.87,14.85,0.00,320.72,0,-81,-13,0,0,54,0,0,66
119.05,1547801894,856.73,51.516581,7.471663,148.82,14.69,0.00,313.97,0,-81,-13,0,0,54,0,0,66
120.06,1547801895,871.49,51.516609,7.471472,154.23,14.80,0.00,307.42,0,-84,-16,0,0,53,0,0,66
121.05,1547801896,886.16,51.516623,7.471280,156.92,14.82,0.00,293.52,0,-84,-16,0,0,53,0,0,66
127.05,1547801902,976.24,51.516859,7.470209,147.00,15.27,0.00,291.92,0,-85,-17,0,0,53,0,0,114
127.06,1547801902,976.25,51.516859,7.470209,147.00,15.27,0.00,291.92,0,-85,-18,0,0,53,0,0,499
128.05,1547801903,991.49,51.516903,7.470021,143.55,14.04,0.00,290.44,0,-85,-17,0,0,53,0,0,114
128.05,1547801903,991.51,51.516903,7.470021,143.55,14.04,0.00,290.44,0,-85,-18,0,0,53,0,0,499
129.05,1547801904,1005.53,51.516944,7.469839,140.70,11.71,0.00,289.79,0,-87,-17,0,0,49,0,0,114
129.05,1547801904,1005.55,51.516944,7.469839,140.70,11.71,0.00,289.79,0,-88,-18,0,0,50,0,0,499
130.05,1547801905,1017.19,51.516976,7.469686,138.52,10.48,0.00,289.35,0,-87,-17,0,0,49,0,0,114
130.05,1547801905,1017.20,51.516976,7.469686,138.52,10.48,0.00,289.35,0,-88,-18,0,0,50,0,0,499
133.05,1547801908,1046.30,51.517064,7.469277,133.39,10.16,0.00,288.03,0,-102,-12,0,0,29,0,0,347
133.06,1547801908,1046.31,51.517064,7.469277,133.39,10.16,0.00,288.03,0,-103,-10,0,0,26,0,0,107
133.06,1547801908,1046.31,51.517064,7.469277,133.39,10.16,0.00,288.03,0,-103,-12,0,0,29,0,0,345
134.05,1547801909,1056.47,51.517096,7.469117,132.55,11.80,0.00,287.60,0,-102,-12,0,0,29,0,0,347
134.06,1547801909,1056.48,51.517096,7.469117,132.55,11.80,0.00,287.60,0,-103,-10,0,0,26,0,0,107
134.06,1547801909,1056.50,51.517096,7.469117,132.55,11.80,0.00,287.60,0,-103,-12,0,0,29,0,0,345
135.06,1547801910,1068.29,51.517129,7.468939,131.88,13.04,0.00,288.58,0,-99,-11,0,0,30,0,0,345
135.06,1547801910,1068.29,51.517129,7.468939,131.88,13.04,0.00,288.58,0,-101,-13,0,0,30,0,0,347
135.06,1547801910,1068.30,51.517129,7.468939,131.88,13.04,0.00,288.58,0,-105,-16,0,0,30,0,0,486
135.06,1547801910,1068.31,51.517129,7.468939,131.88,13.04,0.00,288.58,0,-97,-15,0,0,40,0,0,230
136.06,1547801911,1081.32,51.517166,7.468759,131.20,13.67,0.00,289.28,0,-99,-11,0,0,30,0,0,345
136.06,1547801911,1081.34,51.517166,7.468759,131.20,13.67,0.00,289.28,0,-101,-13,0,0,30,0,0,347
136.06,1547801911,1081.34,51.517166,7.468759,131.20,13.67,0.00,289.28,0,-105,-16,0,0,30,0,0,486
136.06,1547801911,1081.35,51.517166,7.468759,131.20,13.67,0.00,289.28,0,-97,-15,0,0,40,0,0,230
137.05,1547801912,1094.98,51.517208,7.468568,130.58,14.56,0.00,290.13,0,-95,-10,0,0,33,0,0,347
137.06,1547801912,1094.99,51.517208,7.468568,130.58,14.56,0.00,290.13,0,-96,-11,0,0,33,0,0,345
137.06,1547801912,1094.99,51.517208,7.468568,130.58,14.56,0.00,290.13,0,-98,-15,0,0,37,0,0,218
138.05,1547801913,1109.53,51.517253,7.468379,130.17,15.13,0.00,290.92,0,-95,-10,0,0,33,0,0,347
138.05,1547801913,1109.54,51.517253,7.468379,130.17,15.13,0.00,290.92,0,-96,-11,0,0,33,0,0,345
138.06,1547801913,1109.56,51.517253,7.468379,130.17,15.13,0.00,290.92,0,-98,-15,0,0,37,0,0,218
139.05,1547801914,1124.68,51.517306,7.468178,129.71,15.70,0.00,292.24,0,-98,-19,0,0,41,0,0,116
139.06,1547801914,1124.69,51.517306,7.468178,129.71,15.70,0.00,292.24,0,-99,-20,0,0,41,0,0,218
140.05,1547801915,1140.38,51.517363,7.467970,129.20,15.73,0.00,293.15,0,-98,-19,0,0,41,0,0,116
140.06,1547801915,1140.40,51.517363,7.467970,129.20,15.73,0.00,293.15,0,-99,-20,0,0,41,0,0,218
141.05,1547801916,1156.11,51.517425,7.467764,128.64,15.51,0.00,294.40,0,-90,-13,0,0,43,0,0,345
141.05,1547801916,1156.11,51.517425,7.467764,128.64,15.51,0.00,294.40,0,-85,-14,0,0,49,0,0,364
142.05,1547801917,1171.55,51.517490,7.467572,128.16,15.03,0.00,296.52,0,-90,-13,0,0,43,0,0,345
142.05,1547801917,1171.56,51.517490,7.467572,128.16,15.03,0.00,296.52,0,-85,-14,0,0,49,0,0,364
148.05,1547801923,1259.16,51.517798,7.466418,128.61,13.92,0.00,287.71,0,-85,-7,0,0,41,0,0,68
148.05,1547801923,1259.18,51.517798,7.466418,128.61,13.92,0.00,287.71,0,-92,-12,0,0,42,0,0,218
149.05,1547801924,1273.08,51.517830,7.466223,129.07,13.54,0.00,286.09,0,-85,-7,0,0,41,0,0,68
149.05,1547801924,1273.09,51.517830,7.466223,129.07,13.54,0.00,286.09,0,-92,-12,0,0,42,0,0,218
150.05,1547801925,1286.63,51.517857,7.466025,129.29,13.10,0.00,284.77,0,-96,-13,0,0,41,0,0,217
150.05,1547801925,1286.64,51.517857,7.466025,129.29,13.10,0.00,284.77,0,-96,-13,0,0,41,0,0,218
151.05,1547801926,1299.74,51.517878,7.465828,129.58,12.93,0.00,282.94,0,-96,-13,0,0,41,0,0,217
151.06,1547801926,1299.75,51.517878,7.465828,129.58,12.93,0.00,282.94,0,-96,-13,0,0,41,0,0,218
154.05,1547801929,1336.93,51.517894,7.465262,131.94,10.64,0.00,264.24,0,-91,-12,0,0,40,0,0,217
154.05,1547801929,1336.94,51.517894,7.465262,131.94,10.64,0.00,264.24,0,-105,-24,0,0,39,0,0,321
155.05,1547801930,1347.62,51.517883,7.465068,132.37,12.20,0.00,266.01,0,-91,-12,0,0,40,0,0,217
155.05,1547801930,1347.63,51.517883,7.465068,132.37,12.20,0.00,266.01,0,-105,-24,0,0,39,0,0,321
156.06,1547801931,1359.89,51.517875,7.464878,132.86,12.57,0.00,266.99,0,-87,-8,0,0,52,0,0,68
156.06,1547801931,1359.91,51.517875,7.464878,132.86,12.57,0.00,266.99,0,-94,-14,0,0,52,0,0,217
157.05,1547801932,1372.34,51.517867,7.464708,132.82,12.25,0.00,265.82,0,-87,-8,0,0,52,0,0,68
157.05,1547801932,1372.34,51.517867,7.464708,132.82,12.25,0.00,265.82,0,-94,-14,0,0,52,0,0,217
158.05,1547801933,1384.66,51.517854,7.464552,132.43,12.57,0.00,264.11,0,-94,-12,0,0,38,0,0,217
158.06,1547801933,1384.67,51.517854,7.464552,132.43,12.57,0.00,264.11,0,-96,-13,0,0,38,0,0,218
159.05,1547801934,1397.18,51.517837,7.464372,132.26,12.79,0.00,262.53,0,-94,-12,0,0,38,0,0,217
159.05,1547801934,1397.18,51.517837,7.464372,132.26,12.79,0.00,262.53,0,-96,-13,0,0,38,0,0,218
160.05,1547801935,1410.01,51.517814,7.464172,132.02,12.80,0.00,259.62,0,-94,-12,0,0,38,0,0,217
160.05,1547801935,1410.02,51.517814,7.464172,132.02,12.80,0.00,259.62,0,-96,-13,0,0,38,0,0,218
161.05,1547801936,1422.81,51.517786,7.463972,131.80,13.39,0.00,257.26,0,-94,-12,0,0,38,0,0,217
161.05,1547801936,1422.83,51.517786,7.463972,131.80,13.39,0.00,257.26,0,-96,-13,0,0,38,0,0,218
162.05,1547801937,1436.15,51.517756,7.463779,131.61,13.66,0.00,255.35,0,-90,-14,0,0,42,0,0,218
162.05,1547801937,1436.15,51.517756,7.463779,131.61,13.66,0.00,255.35,0,-81,-5,0,0,44,0,0,345
163.05,1547801938,1449.88,51.517721,7.463588,131.29,13.75,0.00,252.77,0,-90,-14,0,0,42,0,0,218
163.06,1547801938,1449.89,51.517721,7.463588,131.29,13.75,0.00,252.77,0,-81,-5,0,0,44,0,0,345
164.05,1547801939,1463.63,51.517684,7.463396,131.16,14.03,0.00,251.46,0,-89,-12,0,0,42,0,0,218
164.06,1547801939,1463.65,51.517684,7.463396,131.16,14.03,0.00,251.46,0,-82,-7,0,0,45,0,0,345
165.05,1547801940,1477.65,51.517649,7.463203,131.17,13.87,0.00,251.71,0,-89,-12,0,0,42,0,0,218
165.05,1547801940,1477.67,51.517649,7.463203,131.17,13.87,0.00,251.71,0,-82,-7,0,0,45,0,0,345
166.05,1547801941,1491.53,51.517610,7.463019,131.03,13.42,0.00,248.58,0,-89,-12,0,0,42,0,0,218
166.05,1547801941,1491.54,51.517610,7.463019,131.03,13.42,0.00,248.58,0,-82,-7,0,0,45,0,0,345
167.05,1547801942,1504.95,51.517564,7.462835,131.12,13.07,0.00,248.11,0,-90,-14,0,0,43,0,0,218
167.05,1547801942,1504.96,51.517564,7.462835,131.12,13.07,0.00,248.11,0,-78,-7,0,0,49,0,0,345
168.05,1547801943,1518.02,51.517521,7.462671,130.50,12.84,0.00,247.85,0,-90,-14,0,0,43,0,0,218
168.05,1547801943,1518.03,51.517521,7.462671,130.50,12.84,0.00,247.85,0,-78,-7,0,0,49,0,0,345
169.05,1547801944,1530.86,51.517477,7.462488,130.18,13.55,0.00,248.37,0,-91,-12,0,0,40,0,0,218
169.05,1547801944,1530.87,51.517477,7.462488,130.18,13.55,0.00,248.37,0,-76,-6,0,0,51,0,0,345
170.06,1547801945,1544.44,51.517433,7.462308,129.93,13.56,0.00,249.49,0,-91,-12,0,0,40,0,0,218
170.06,1547801945,1544.45,51.517433,7.462308,129.93,13.56,0.00,249.49,0,-76,-6,0,0,51,0,0,345
171.05,1547801946,1557.98,51.517392,7.462122,129.79,13.77,0.00,251.65,0,-89,-12,0,0,42,0,0,218
171.05,1547801946,1557.98,51.517392,7.462122,129.79,13.77,0.00,251.65,0,-77,-6,0,0,49,0,0,345
172.05,1547801947,1571.71,51.517364,7.461933,129.52,14.35,0.00,253.91,0,-89,-12,0,0,42,0,0,218
172.05,1547801947,1571.72,51.517364,7.461933,129.52,14.35,0.00,253.91,0,-77,-6,0,0,49,0,0,345
173.05,1547801948,1586.06,51.517348,7.462206,143.30,14.04,0.00,252.41,0,-83,-6,0,0,43,0,0,345
174.05,1547801949,1600.09,51.517302,7.461530,129.02,14.74,0.00,254.38,0,-83,-6,0,0,43,0,0,345
175.05,1547801950,1614.90,51.517247,7.461339,128.81,14.26,0.00,254.70,0,-84,-8,0,0,45,0,0,345
175.05,1547801950,1614.90,51.517247,7.461339,128.81,14.26,0.00,254.70,0,-91,-17,0,0,45,0,0,181
176.05,1547801951,1629.10,51.517193,7.461150,128.52,14.17,0.00,254.09,0,-84,-8,0,0,45,0,0,345
176.05,1547801951,1629.10,51.517193,7.461150,128.52,14.17,0.00,254.09,0,-91,-17,0,0,45,0,0,181
177.05,1547801952,1643.33,51.517145,7.460967,128.37,13.87,0.00,252.31,0,-82,-12,0,0,51,0,0,105
177.05,1547801952,1643.33,51.517145,7.460967,128.37,13.87,0.00,252.31,0,-84,-14,0,0,52,0,0,345
178.06,1547801953,1657.22,51.517103,7.460780,128.25,14.22,0.00,251.84,0,-82,-12,0,0,51,0,0,105
178.06,1547801953,1657.23,51.517103,7.460780,128.25,14.22,0.00,251.84,0,-84,-14,0,0,52,0,0,345
179.05,1547801954,1671.41,51.517070,7.460588,128.04,14.65,0.00,252.91,0,-80,-10,0,0,48,0,0,105
179.06,1547801954,1671.43,51.517070,7.460588,128.04,14.65,0.00,252.91,0,-83,-8,0,0,45,0,0,345
180.05,1547801955,1686.06,51.517025,7.460381,127.96,14.85,0.00,252.12,0,-80,-10,0,0,48,0,0,105
180.06,1547801955,1686.08,51.517025,7.460381,127.96,14.85,0.00,252.12,0,-83,-8,0,0,45,0,0,345
183.05,1547801958,1730.69,51.516888,7.459762,128.02,14.90,0.00,253.12,0,-90,-15,0,0,44,0,0,181
184.05,1547801959,1745.66,51.516847,7.459560,128.02,14.77,0.00,254.21,0,-90,-15,0,0,44,0,0,181
185.06,1547801960,1760.45,51.516805,7.459408,127.82,14.53,0.00,255.31,0,-87,-11,0,0,42,0,0,105
186.05,1547801961,1774.95,51.516767,7.459200,127.85,14.68,0.00,256.32,0,-87,-11,0,0,42,0,0,105
187.05,1547801962,1789.64,51.516732,7.458966,128.37,15.31,0.00,257.27,0,-87,-11,0,0,42,0,0,105
188.05,1547801963,1804.93,51.516708,7.458802,128.36,15.41,0.00,258.15,0,-95,-15,0,0,40,0,0,181
189.05,1547801964,1820.36,51.516674,7.458581,128.98,15.32,0.00,258.54,0,-95,-15,0,0,40,0,0,181
194.05,1547801969,1892.41,51.516518,7.457550,138.25,12.41,0.00,257.71,0,-82,-11,0,0,48,0,0,460
195.05,1547801970,1904.82,51.516489,7.457371,140.17,10.11,0.00,256.76,0,-82,-11,0,0,48,0,0,460
196.05,1547801971,1914.91,51.516475,7.457274,141.83,7.37,0.00,255.49,0,-87,-13,0,0,47,0,0,375
197.05,1547801972,1922.29,51.516460,7.457170,143.43,6.27,0.00,254.64,0,-87,-13,0,0,47,0,0,375
198.05,1547801973,1928.55,51.516449,7.457099,144.46,4.64,0.00,253.18,0,-90,-9,0,0,39,0,0,345
199.05,1547801974,1933.19,51.516439,7.457035,144.50,2.67,0.00,252.13,0,-90,-9,0,0,39,0,0,345
200.05,1547801975,1935.85,51.516430,7.457004,144.53,1.99,0.00,249.57,0,-93,-10,0,0,37,0,0,345
201.06,1547801976,1937.85,51.516426,7.456985,144.57,1.31,0.00,252.55,0,-93,-10,0,0,37,0,0,345
202.05,1547801977,1939.14,51.516426,7.456985,144.56,0.00,0.00,252.55,0,-92,-18,0,0,47,0,0,216
203.05,1547801978,1939.14,51.516426,7.456985,144.53,0.00,0.00,252.55,0,-92,-18,0,0,47,0,0,216
204.06,1547801979,1939.14,51.516426,7.456985,144.49,0.00,0.00,252.55,0,-90,-13,0,0,43,0,0,216
204.06,1547801979,1939.14,51.516426,7.456985,144.49,0.00,0.00,252.55,0,-91,-15,0,0,45,0,0,67
205.05,1547801980,1939.14,51.516426,7.456985,144.44,0.00,0.00,252.55,0,-90,-13,0,0,43,0,0,216
205.05,1547801980,1939.14,51.516426,7.456985,144.44,0.00,0.00,252.55,0,-91,-15,0,0,45,0,0,67
206.06,1547801981,1939.14,51.516426,7.456985,144.39,0.00,0.00,252.55,0,-89,-14,0,0,45,0,0,216
207.05,1547801982,1939.14,51.516426,7.456985,144.32,0.00,0.00,252.55,0,-89,-14,0,0,45,0,0,216
208.05,1547801983,1939.14,51.516426,7.456985,144.26,0.00,0.00,252.55,0,-89,-14,0,0,45,0,0,216
209.05,1547801984,1939.14,51.516426,7.456985,144.20,0.00,0.00,252.55,0,-88,-15,0,0,46,0,0,216
210.06,1547801985,1939.14,51.516426,7.456985,144.13,0.00,0.00,252.55,0,-88,-15,0,0,46,0,0,216
211.05,1547801986,1939.14,51.516426,7.456985,143.56,0.00,0.00,252.55,0,-90,-14,0,0,45,0,0,216
211.05,1547801986,1939.14,51.516426,7.456985,143.56,0.00,0.00,252.55,0,-91,-15,0,0,45,0,0,164
212.05,1547801987,1939.14,51.516426,7.456985,138.33,0.00,0.00,249.53,0,-90,-14,0,0,45,0,0,216
212.05,1547801987,1939.14,51.516426,7.456985,138.33,0.00,0.00,249.53,0,-91,-15,0,0,45,0,0,164
217.05,1547801992,1962.46,51.516274,7.456341,128.84,10.01,0.00,243.24,0,-89,-14,0,0,45,0,0,216
218.05,1547801993,1972.46,51.516233,7.456209,128.88,10.68,0.00,242.12,0,-89,-14,0,0,45,0,0,216
223.05,1547801998,2028.84,51.515927,7.455511,131.50,11.01,0.00,220.77,0,-85,-11,0,0,48,0,0,216
224.05,1547801999,2039.85,51.515826,7.455381,132.54,11.03,0.00,218.99,0,-85,-11,0,0,48,0,0,216
225.05,1547802000,2050.88,51.515725,7.455269,133.31,11.33,0.00,215.11,0,-84,-10,0,0,47,0,0,216
226.05,1547802001,2062.22,51.515626,7.455182,133.78,11.59,0.00,211.37,0,-84,-10,0,0,47,0,0,216
227.06,1547802002,2073.89,51.515502,7.455130,134.63,12.21,0.00,195.27,0,-76,-10,0,0,56,0,0,216
228.05,1547802003,2086.01,51.515377,7.455094,135.07,13.03,0.00,191.91,0,-76,-10,0,0,56,0,0,216
229.05,1547802004,2099.05,51.515279,7.455113,135.62,11.94,0.00,178.32,0,-76,-10,0,0,56,0,0,216
230.06,1547802005,2111.11,51.515163,7.455130,136.08,12.38,0.00,177.19,0,-87,-11,0,0,43,0,0,375
230.06,1547802005,2111.13,51.515163,7.455130,136.08,12.38,0.00,177.19,0,-78,-9,0,0,52,0,0,216
231.05,1547802006,2123.34,51.515038,7.455155,136.72,13.28,0.00,175.75,0,-87,-11,0,0,43,0,0,375
231.05,1547802006,2123.35,51.515038,7.455155,136.72,13.28,0.00,175.75,0,-78,-9,0,0,52,0,0,216
232.06,1547802007,2136.69,51.514905,7.455186,138.10,13.95,0.00,174.61,0,-88,-15,0,0,47,0,0,375
233.05,1547802008,2150.62,51.514731,7.455754,138.65,15.46,0.00,173.54,0,-88,-15,0,0,47,0,0,375
242.05,1547802017,2276.16,51.513655,7.455557,144.08,14.16,0.00,166.17,0,-83,-17,0,0,54,0,0,217
243.05,1547802018,2290.41,51.513530,7.455628,144.71,14.25,0.00,163.31,0,-83,-17,0,0,54,0,0,217
246.05,1547802021,2332.31,51.513212,7.455983,145.44,13.92,0.00,140.30,0,-106,-16,0,0,30,0,0,73
246.06,1547802021,2332.33,51.513212,7.455983,145.44,13.92,0.00,140.30,0,-106,-15,0,0,30,0,0,487
247.05,1547802022,2346.22,51.513115,7.456134,145.30,13.71,0.00,137.44,0,-106,-16,0,0,30,0,0,73
247.05,1547802022,2346.23,51.513115,7.456134,145.30,13.71,0.00,137.44,0,-106,-15,0,0,30,0,0,487
248.06,1547802023,2360.05,51.513031,7.456294,145.38,13.53,0.00,133.46,0,-102,-15,0,0,35,0,0,487
248.06,1547802023,2360.06,51.513031,7.456294,145.38,13.53,0.00,133.46,0,-105,-17,0,0,35,0,0,73
249.05,1547802024,2373.46,51.512967,7.456442,145.15,13.99,0.00,130.62,0,-102,-15,0,0,35,0,0,487
249.05,1547802024,2373.47,51.512967,7.456442,145.15,13.99,0.00,130.62,0,-105,-17,0,0,35,0,0,73
250.05,1547802025,2387.39,51.512882,7.456628,143.90,14.72,0.00,130.82,0,-102,-15,0,0,35,0,0,487
250.05,1547802025,2387.39,51.512882,7.456628,143.90,14.72,0.00,130.82,0,-105,-17,0,0,35,0,0,73
251.05,1547802026,2402.15,51.512798,7.456829,142.61,15.42,0.00,129.02,0,-103,-15,0,0,31,0,0,487
252.05,1547802027,2417.58,51.512717,7.457019,142.16,16.13,0.00,128.33,0,-103,-15,0,0,31,0,0,487
253.05,1547802028,2433.65,51.512630,7.457216,141.15,15.31,0.00,127.47,0,-98,-14,0,0,35,0,0,482
253.05,1547802028,2433.65,51.512630,7.457216,141.15,15.31,0.00,127.47,0,-100,-16,0,0,34,0,0,487
253.05,1547802028,2433.65,51.512630,7.457216,141.15,15.31,0.00,127.47,0,-88,-15,0,0,47,0,0,218
254.06,1547802029,2449.04,51.512552,7.457405,140.90,14.12,0.00,126.98,0,-98,-14,0,0,35,0,0,482
254.06,1547802029,2449.04,51.512552,7.457405,140.90,14.12,0.00,126.98,0,-100,-16,0,0,34,0,0,487
254.06,1547802029,2449.06,51.512552,7.457405,140.90,14.12,0.00,126.98,0,-88,-15,0,0,47,0,0,218
255.06,1547802030,2463.17,51.512472,7.457585,141.56,15.17,0.00,126.61,0,-101,-17,0,0,35,0,0,482
255.06,1547802030,2463.18,51.512472,7.457585,141.56,15.17,0.00,126.61,0,-102,-18,0,0,34,0,0,481
255.06,1547802030,2463.20,51.512472,7.457585,141.56,15.17,0.00,126.61,0,-105,-20,0,0,35,0,0,460
255.06,1547802030,2463.21,51.512472,7.457585,141.56,15.17,0.00,126.61,0,-91,-12,0,0,42,0,0,216
255.06,1547802030,2463.21,51.512472,7.457585,141.56,15.17,0.00,126.61,0,-102,-24,0,0,41,0,0,323
256.06,1547802031,2478.35,51.512388,7.457775,142.69,15.61,0.00,125.80,0,-101,-17,0,0,35,0,0,482
256.06,1547802031,2478.36,51.512388,7.457775,142.69,15.61,0.00,125.80,0,-102,-18,0,0,34,0,0,481
256.06,1547802031,2478.38,51.512388,7.457775,142.69,15.61,0.00,125.80,0,-105,-20,0,0,35,0,0,460
256.06,1547802031,2478.38,51.512388,7.457775,142.69,15.61,0.00,125.80,0,-91,-12,0,0,42,0,0,216
256.06,1547802031,2478.39,51.512388,7.457775,142.69,15.61,0.00,125.80,0,-102,-24,0,0,41,0,0,323
257.05,1547802032,2493.92,51.512308,7.457953,143.35,13.33,0.00,125.47,0,-99,-11,0,0,32,0,0,482
257.06,1547802032,2493.93,51.512308,7.457953,143.35,13.33,0.00,125.47,0,-100,-13,0,0,32,0,0,481
257.06,1547802032,2493.93,51.512308,7.457953,143.35,13.33,0.00,125.47,0,-102,-15,0,0,33,0,0,460
257.06,1547802032,2493.95,51.512308,7.457953,143.35,13.33,0.00,125.47,0,-88,-15,0,0,47,0,0,216
258.06,1547802033,2507.27,51.512223,7.458150,143.68,12.75,0.00,126.63,0,-99,-11,0,0,32,0,0,482
258.06,1547802033,2507.28,51.512223,7.458150,143.68,12.75,0.00,126.63,0,-100,-13,0,0,32,0,0,481
258.06,1547802033,2507.28,51.512223,7.458150,143.68,12.75,0.00,126.63,0,-102,-15,0,0,33,0,0,460
258.06,1547802033,2507.29,51.512223,7.458150,143.68,12.75,0.00,126.63,0,-88,-15,0,0,47,0,0,216
259.05,1547802034,2520.00,51.512147,7.458337,143.65,14.45,0.00,126.10,0,-94,-10,0,0,34,0,0,482
259.06,1547802034,2520.02,51.512147,7.458337,143.65,14.45,0.00,126.10,0,-98,-12,0,0,34,0,0,481
259.06,1547802034,2520.02,51.512147,7.458337,143.65,14.45,0.00,126.10,0,-96,-11,0,0,36,0,0,216
260.06,1547802035,2534.49,51.512063,7.458535,144.30,16.17,0.00,126.99,0,-94,-10,0,0,34,0,0,482
260.06,1547802035,2534.50,51.512063,7.458535,144.30,16.17,0.00,126.99,0,-98,-12,0,0,34,0,0,481
260.06,1547802035,2534.52,51.512063,7.458535,144.30,16.17,0.00,126.99,0,-96,-11,0,0,36,0,0,216
261.06,1547802036,2550.64,51.511985,7.458718,145.08,15.39,0.00,127.96,0,-98,-13,0,0,38,0,0,481
261.06,1547802036,2550.64,51.511985,7.458718,145.08,15.39,0.00,127.96,0,-110,-18,0,0,28,0,0,493
261.06,1547802036,2550.65,51.511985,7.458718,145.08,15.39,0.00,127.96,0,-110,-17,0,0,28,0,0,182
262.05,1547802037,2566.00,51.511918,7.458878,145.48,14.24,0.00,127.39,0,-98,-13,0,0,38,0,0,481
262.05,1547802037,2566.01,51.511918,7.458878,145.48,14.24,0.00,127.39,0,-110,-18,0,0,28,0,0,493
262.06,1547802037,2566.02,51.511918,7.458878,145.48,14.24,0.00,127.39,0,-110,-17,0,0,28,0,0,182
263.06,1547802038,2580.29,51.511843,7.459045,145.47,14.03,0.00,127.64,0,-102,-13,0,0,30,0,0,481
263.06,1547802038,2580.31,51.511843,7.459045,145.47,14.03,0.00,127.64,0,-104,-14,0,0,29,0,0,487
263.06,1547802038,2580.31,51.511843,7.459045,145.47,14.03,0.00,127.64,0,-107,-10,0,0,24,0,0,182
263.06,1547802038,2580.32,51.511843,7.459045,145.47,14.03,0.00,127.64,0,-109,-13,0,0,24,0,0,493
264.06,1547802039,2594.30,51.511766,7.459220,145.74,14.73,0.00,127.12,0,-102,-13,0,0,30,0,0,481
264.06,1547802039,2594.31,51.511766,7.459220,145.74,14.73,0.00,127.12,0,-104,-14,0,0,29,0,0,487
264.06,1547802039,2594.31,51.511766,7.459220,145.74,14.73,0.00,127.12,0,-107,-10,0,0,24,0,0,182
264.06,1547802039,2594.33,51.511766,7.459220,145.74,14.73,0.00,127.12,0,-109,-13,0,0,24,0,0,493
265.05,1547802040,2609.01,51.511687,7.459384,145.84,14.26,0.00,127.46,0,-98,-11,0,0,32,0,0,487
265.06,1547802040,2609.03,51.511687,7.459384,145.84,14.26,0.00,127.46,0,-103,-14,0,0,32,0,0,481
265.06,1547802040,2609.04,51.511687,7.459384,145.84,14.26,0.00,127.46,0,-107,-13,0,0,24,0,0,210
265.06,1547802040,2609.06,51.511687,7.459384,145.84,14.26,0.00,127.46,0,-108,-12,0,0,24,0,0,493
266.06,1547802041,2623.30,51.511611,7.459552,146.43,15.03,0.00,127.40,0,-98,-11,0,0,32,0,0,487
266.06,1547802041,2623.30,51.511611,7.459552,146.43,15.03,0.00,127.40,0,-103,-14,0,0,32,0,0,481
266.06,1547802041,2623.32,51.511611,7.459552,146.43,15.03,0.00,127.40,0,-107,-13,0,0,24,0,0,210
266.06,1547802041,2623.33,51.511611,7.459552,146.43,15.03,0.00,127.40,0,-108,-12,0,0,24,0,0,493
267.05,1547802042,2638.30,51.511524,7.459736,146.66,14.85,0.00,127.75,0,-97,-10,0,0,32,0,0,487
267.06,1547802042,2638.31,51.511524,7.459736,146.66,14.85,0.00,127.75,0,-102,-13,0,0,32,0,0,481
267.06,1547802042,2638.33,51.511524,7.459736,146.66,14.85,0.00,127.75,0,-108,-13,0,0,25,0,0,493
267.06,1547802042,2638.33,51.511524,7.459736,146.66,14.85,0.00,127.75,0,-109,-14,0,0,25,0,0,212
268.05,1547802043,2653.15,51.511442,7.459895,146.47,14.28,0.00,128.68,0,-97,-10,0,0,32,0,0,487
268.06,1547802043,2653.16,51.511442,7.459895,146.47,14.28,0.00,128.68,0,-102,-13,0,0,32,0,0,481
268.06,1547802043,2653.16,51.511442,7.459895,146.47,14.28,0.00,128.68,0,-108,-13,0,0,25,0,0,493
268.06,1547802043,2653.17,51.511442,7.459895,146.47,14.28,0.00,128.68,0,-109,-14,0,0,25,0,0,212
269.07,1547802044,2667.62,51.511350,7.460072,146.46,15.12,0.00,129.59,0,-95,-12,0,0,37,0,0,218
269.07,1547802044,2667.62,51.511350,7.460072,146.46,15.12,0.00,129.59,0,-98,-14,0,0,38,0,0,321
270.05,1547802045,2682.54,51.511256,7.460239,146.13,15.36,0.00,130.81,0,-95,-12,0,0,37,0,0,218
270.05,1547802045,2682.54,51.511256,7.460239,146.13,15.36,0.00,130.81,0,-98,-14,0,0,38,0,0,321
271.05,1547802046,2697.77,51.511166,7.460408,146.22,15.09,0.00,130.64,0,-95,-12,0,0,37,0,0,218
271.05,1547802046,2697.77,51.511166,7.460408,146.22,15.09,0.00,130.64,0,-98,-14,0,0,38,0,0,321
272.05,1547802047,2712.93,51.511077,7.460575,146.66,15.01,0.00,130.27,0,-101,-15,0,0,32,0,0,486
272.05,1547802047,2712.94,51.511077,7.460575,146.66,15.01,0.00,130.27,0,-108,-9,0,0,22,0,0,210
272.05,1547802047,2712.94,51.511077,7.460575,146.66,15.01,0.00,130.27,0,-111,-12,0,0,20,0,0,493
273.05,1547802048,2727.94,51.511013,7.460432,145.30,15.03,0.00,131.45,0,-101,-15,0,0,32,0,0,486
273.05,1547802048,2727.94,51.511013,7.460432,145.30,15.03,0.00,131.45,0,-108,-9,0,0,22,0,0,210
273.05,1547802048,2727.94,51.511013,7.460432,145.30,15.03,0.00,131.45,0,-111,-12,0,0,20,0,0,493
274.05,1547802049,2742.95,51.510877,7.460909,146.28,14.30,0.00,131.83,0,-97,-13,0,0,36,0,0,486
274.05,1547802049,2742.97,51.510877,7.460909,146.28,14.30,0.00,131.83,0,-102,-18,0,0,35,0,0,481
274.05,1547802049,2742.97,51.510877,7.460909,146.28,14.30,0.00,131.83,0,-107,-15,0,0,28,0,0,493
274.05,1547802049,2742.97,51.510877,7.460909,146.28,14.30,0.00,131.83,0,-111,-19,0,0,28,0,0,212
275.06,1547802050,2757.36,51.510781,7.461065,145.96,14.67,0.00,132.66,0,-97,-13,0,0,36,0,0,486
275.06,1547802050,2757.36,51.510781,7.461065,145.96,14.67,0.00,132.66,0,-102,-18,0,0,35,0,0,481
275.06,1547802050,2757.37,51.510781,7.461065,145.96,14.67,0.00,132.66,0,-107,-15,0,0,28,0,0,493
275.06,1547802050,2757.38,51.510781,7.461065,145.96,14.67,0.00,132.66,0,-111,-19,0,0,28,0,0,212
278.05,1547802053,2798.26,51.510514,7.461481,144.49,12.13,0.00,132.49,0,-98,-14,0,0,37,0,0,487
279.05,1547802054,2810.37,51.510440,7.461595,145.49,9.53,0.00,131.95,0,-98,-14,0,0,37,0,0,487
280.05,1547802055,2819.91,51.510386,7.461689,146.14,7.33,0.00,131.44,0,-97,-15,0,0,37,0,0,487
280.06,1547802055,2819.92,51.510386,7.461689,146.14,7.33,0.00,131.44,0,-104,-13,0,0,29,0,0,212
281.05,1547802056,2827.24,51.510342,7.461769,146.46,5.82,0.00,130.81,0,-97,-15,0,0,37,0,0,487
281.05,1547802056,2827.24,51.510342,7.461769,146.46,5.82,0.00,130.81,0,-104,-13,0,0,29,0,0,212
282.05,1547802057,2833.05,51.510313,7.461823,146.52,3.78,0.00,129.43,0,-99,-14,0,0,34,0,0,487
282.05,1547802057,2833.06,51.510313,7.461823,146.52,3.78,0.00,129.43,0,-102,-15,0,0,34,0,0,481
283.05,1547802058,2836.83,51.510287,7.461872,146.57,2.10,0.00,128.88,0,-99,-14,0,0,34,0,0,487
283.05,1547802058,2836.84,51.510287,7.461872,146.57,2.10,0.00,128.88,0,-102,-15,0,0,34,0,0,481
284.05,1547802059,2838.93,51.510287,7.461872,146.57,0.00,0.00,128.88,0,-96,-15,0,0,39,0,0,487
285.05,1547802060,2838.93,51.510287,7.461872,146.58,0.00,0.00,128.88,0,-96,-15,0,0,39,0,0,487
286.05,1547802061,2838.93,51.510287,7.461872,146.60,0.00,0.00,128.88,0,-96,-15,0,0,43,0,0,487
287.05,1547802062,2838.93,51.510287,7.461872,146.61,0.00,0.00,128.88,0,-96,-15,0,0,43,0,0,487
288.05,1547802063,2838.93,51.510287,7.461872,146.63,0.00,0.00,128.88,0,-95,-14,0,0,41,0,0,487
288.05,1547802063,2838.93,51.510287,7.461872,146.63,0.00,0.00,128.88,0,-105,-16,0,0,30,0,0,36
289.05,1547802064,2838.93,51.510287,7.461872,146.64,0.00,0.00,128.88,0,-95,-14,0,0,41,0,0,487
289.05,1547802064,2838.93,51.510287,7.461872,146.64,0.00,0.00,128.88,0,-105,-16,0,0,30,0,0,36
290.07,1547802065,2838.93,51.510287,7.461872,146.65,0.00,0.00,128.88,0,-95,-16,0,0,43,0,0,487
291.05,1547802066,2838.93,51.510287,7.461872,146.68,0.00,0.00,128.13,0,-95,-16,0,0,43,0,0,487
292.05,1547802067,2838.93,51.510070,7.461790,146.75,0.00,0.00,128.54,0,-95,-16,0,0,43,0,0,487
293.05,1547802068,2838.94,51.510220,7.462005,147.86,5.81,0.00,126.18,0,-93,-17,0,0,45,0,0,487
294.05,1547802069,2844.75,51.510168,7.462122,149.18,8.16,0.00,124.31,0,-93,-17,0,0,45,0,0,487
295.05,1547802070,2852.92,51.510113,7.462263,149.46,8.99,0.00,122.34,0,-92,-14,0,0,41,0,0,487
296.05,1547802071,2861.90,51.510064,7.462386,150.23,9.80,0.00,120.44,0,-92,-14,0,0,41,0,0,487
297.05,1547802072,2871.71,51.510035,7.462488,150.10,9.89,0.00,118.12,0,-101,-14,0,0,34,0,0,212
298.05,1547802073,2881.60,51.510011,7.462592,150.12,10.06,0.00,116.46,0,-101,-14,0,0,34,0,0,212
301.05,1547802076,2910.86,51.509928,7.463009,149.99,10.33,0.00,106.72,0,-88,-11,0,0,44,0,0,487
302.05,1547802077,2921.17,51.509903,7.463168,149.82,9.99,0.00,104.39,0,-88,-11,0,0,44,0,0,487
303.05,1547802078,2931.17,51.509883,7.463324,150.04,9.66,0.00,102.40,0,-99,-18,0,0,38,0,0,487
303.05,1547802078,2931.17,51.509883,7.463324,150.04,9.66,0.00,102.40,0,-112,-17,0,0,25,0,0,493
304.05,1547802079,2940.86,51.509867,7.463457,150.36,8.29,0.00,101.22,0,-99,-18,0,0,38,0,0,487
304.05,1547802079,2940.87,51.509867,7.463457,150.36,8.29,0.00,101.22,0,-112,-17,0,0,25,0,0,493
305.06,1547802080,2949.17,51.509856,7.463569,150.44,6.37,0.00,99.49,0,-101,-15,0,0,34,0,0,475
305.06,1547802080,2949.17,51.509856,7.463569,150.44,6.37,0.00,99.49,0,-104,-17,0,0,34,0,0,487
305.06,1547802080,2949.18,51.509856,7.463569,150.44,6.37,0.00,99.49,0,-105,-19,0,0,34,0,0,224
305.06,1547802080,2949.18,51.509856,7.463569,150.44,6.37,0.00,99.49,0,-112,-15,0,0,21,0,0,493
305.06,1547802080,2949.18,51.509856,7.463569,150.44,6.37,0.00,99.49,0,-112,-16,0,0,23,0,0,426
306.06,1547802081,2955.54,51.509846,7.463676,150.24,5.21,0.00,100.02,0,-101,-15,0,0,34,0,0,475
306.06,1547802081,2955.54,51.509846,7.463676,150.24,5.21,0.00,100.02,0,-104,-17,0,0,34,0,0,487
306.06,1547802081,2955.54,51.509846,7.463676,150.24,5.21,0.00,100.02,0,-105,-19,0,0,34,0,0,224
306.06,1547802081,2955.55,51.509846,7.463676,150.24,5.21,0.00,100.02,0,-112,-15,0,0,21,0,0,493
306.06,1547802081,2955.55,51.509846,7.463676,150.24,5.21,0.00,100.02,0,-112,-16,0,0,23,0,0,426
307.06,1547802082,2960.75,51.509838,7.463777,150.12,5.85,0.00,103.32,0,-104,-18,0,0,33,0,0,60
307.06,1547802082,2960.76,51.509838,7.463777,150.12,5.85,0.00,103.32,0,-104,-18,0,0,33,0,0,487
307.06,1547802082,2960.76,51.509838,7.463777,150.12,5.85,0.00,103.32,0,-112,-15,0,0,23,0,0,78
307.06,1547802082,2960.76,51.509838,7.463777,150.12,5.85,0.00,103.32,0,-112,-16,0,0,23,0,0,493
308.06,1547802083,2966.60,51.509835,7.463874,149.57,5.96,0.00,100.45,0,-104,-18,0,0,33,0,0,60
308.06,1547802083,2966.60,51.509835,7.463874,149.57,5.96,0.00,100.45,0,-104,-18,0,0,33,0,0,487
308.06,1547802083,2966.60,51.509835,7.463874,149.57,5.96,0.00,100.45,0,-112,-15,0,0,23,0,0,78
308.06,1547802083,2966.61,51.509835,7.463874,149.57,5.96,0.00,100.45,0,-112,-16,0,0,23,0,0,493
309.05,1547802084,2972.56,51.509833,7.463986,149.36,6.71,0.00,98.84,0,-104,-16,0,0,32,0,0,60
309.05,1547802084,2972.56,51.509833,7.463986,149.36,6.71,0.00,98.84,0,-110,-16,0,0,26,0,0,212
309.06,1547802084,2972.56,51.509833,7.463986,149.36,6.71,0.00,98.84,0,-110,-14,0,0,24,0,0,78
310.05,1547802085,2979.27,51.509834,7.464110,148.84,7.70,0.00,99.27,0,-104,-16,0,0,32,0,0,60
310.06,1547802085,2979.28,51.509834,7.464110,148.84,7.70,0.00,99.27,0,-110,-16,0,0,26,0,0,212
310.06,1547802085,2979.29,51.509834,7.464110,148.84,7.70,0.00,99.27,0,-110,-14,0,0,24,0,0,78
311.06,1547802086,2986.98,51.509826,7.464230,148.89,8.24,0.00,99.50,0,-102,-17,0,0,34,0,0,475
311.06,1547802086,2986.98,51.509826,7.464230,148.89,8.24,0.00,99.50,0,-103,-18,0,0,34,0,0,60
311.06,1547802086,2986.99,51.509826,7.464230,148.89,8.24,0.00,99.50,0,-111,-13,0,0,24,0,0,486
311.06,1547802086,2986.99,51.509826,7.464230,148.89,8.24,0.00,99.50,0,-113,-16,0,0,25,0,0,493
312.05,1547802087,2995.21,51.509819,7.464368,149.29,9.50,0.00,97.62,0,-102,-17,0,0,34,0,0,475
312.06,1547802087,2995.22,51.509819,7.464368,149.29,9.50,0.00,97.62,0,-103,-18,0,0,34,0,0,60
312.06,1547802087,2995.23,51.509819,7.464368,149.29,9.50,0.00,97.62,0,-111,-13,0,0,24,0,0,486
312.06,1547802087,2995.23,51.509819,7.464368,149.29,9.50,0.00,97.62,0,-113,-16,0,0,25,0,0,493
313.06,1547802088,3004.72,51.509813,7.464537,149.70,10.17,0.00,96.43,0,-102,-17,0,0,34,0,0,475
313.06,1547802088,3004.73,51.509813,7.464537,149.70,10.17,0.00,96.43,0,-103,-18,0,0,34,0,0,60
313.06,1547802088,3004.74,51.509813,7.464537,149.70,10.17,0.00,96.43,0,-111,-13,0,0,24,0,0,486
313.06,1547802088,3004.74,51.509813,7.464537,149.70,10.17,0.00,96.43,0,-113,-16,0,0,25,0,0,493
314.05,1547802089,3014.83,51.509818,7.464699,149.54,10.21,0.00,94.61,0,-100,-15,0,0,32,0,0,475
314.05,1547802089,3014.83,51.509818,7.464699,149.54,10.21,0.00,94.61,0,-103,-17,0,0,33,0,0,60
314.05,1547802089,3014.84,51.509818,7.464699,149.54,10.21,0.00,94.61,0,-113,-16,0,0,21,0,0,493
315.05,1547802090,3025.09,51.509828,7.464844,150.32,10.48,0.00,94.21,0,-100,-15,0,0,32,0,0,475
315.06,1547802090,3025.10,51.509828,7.464844,150.32,10.48,0.00,94.21,0,-103,-17,0,0,33,0,0,60
315.06,1547802090,3025.10,51.509828,7.464844,150.32,10.48,0.00,94.21,0,-113,-16,0,0,21,0,0,493
316.06,1547802091,3035.58,51.509827,7.465013,150.48,9.91,0.00,95.40,0,-101,-15,0,0,34,0,0,60
316.06,1547802091,3035.59,51.509827,7.465013,150.48,9.91,0.00,95.40,0,-102,-15,0,0,34,0,0,475
316.06,1547802091,3035.59,51.509827,7.465013,150.48,9.91,0.00,95.40,0,-106,-20,0,0,34,0,0,224
316.06,1547802091,3035.60,51.509827,7.465013,150.48,9.91,0.00,95.40,0,-112,-14,0,0,23,0,0,493
316.06,1547802091,3035.61,51.509827,7.465013,150.48,9.91,0.00,95.40,0,-113,-13,0,0,22,0,0,486
317.06,1547802092,3045.48,51.509835,7.465165,151.19,10.29,0.00,94.21,0,-101,-15,0,0,34,0,0,60
317.06,1547802092,3045.49,51.509835,7.465165,151.19,10.29,0.00,94.21,0,-102,-15,0,0,34,0,0,475
317.06,1547802092,3045.50,51.509835,7.465165,151.19,10.29,0.00,94.21,0,-106,-20,0,0,34,0,0,224
317.06,1547802092,3045.51,51.509835,7.465165,151.19,10.29,0.00,94.21,0,-112,-14,0,0,23,0,0,493
317.06,1547802092,3045.51,51.509835,7.465165,151.19,10.29,0.00,94.21,0,-113,-13,0,0,22,0,0,486
318.06,1547802093,3055.78,51.509839,7.465323,151.64,10.48,0.00,92.93,0,-101,-13,0,0,31,0,0,60
318.06,1547802093,3055.78,51.509839,7.465323,151.64,10.48,0.00,92.93,0,-106,-17,0,0,30,0,0,475
318.06,1547802093,3055.79,51.509839,7.465323,151.64,10.48,0.00,92.93,0,-112,-14,0,0,23,0,0,486
318.06,1547802093,3055.80,51.509839,7.465323,151.64,10.48,0.00,92.93,0,-112,-15,0,0,23,0,0,228
319.05,1547802094,3066.25,51.509837,7.465462,152.50,11.10,0.00,92.29,0,-101,-13,0,0,31,0,0,60
319.06,1547802094,3066.26,51.509837,7.465462,152.50,11.10,0.00,92.29,0,-106,-17,0,0,30,0,0,475
319.06,1547802094,3066.27,51.509837,7.465462,152.50,11.10,0.00,92.29,0,-112,-14,0,0,23,0,0,486
319.06,1547802094,3066.27,51.509837,7.465462,152.50,11.10,0.00,92.29,0,-112,-15,0,0,23,0,0,228
320.06,1547802095,3077.37,51.509834,7.465625,153.00,11.38,0.00,92.98,0,-100,-13,0,0,30,0,0,60
320.06,1547802095,3077.38,51.509834,7.465625,153.00,11.38,0.00,92.98,0,-106,-17,0,0,30,0,0,475
320.06,1547802095,3077.39,51.509834,7.465625,153.00,11.38,0.00,92.98,0,-108,-10,0,0,23,0,0,493
321.05,1547802096,3088.69,51.509828,7.465793,153.56,11.77,0.00,95.15,0,-100,-13,0,0,30,0,0,60
321.05,1547802096,3088.70,51.509828,7.465793,153.56,11.77,0.00,95.15,0,-106,-17,0,0,30,0,0,475
321.05,1547802096,3088.70,51.509828,7.465793,153.56,11.77,0.00,95.15,0,-108,-10,0,0,23,0,0,493
322.05,1547802097,3100.49,51.509821,7.465968,153.47,11.38,0.00,94.27,0,-111,-17,0,0,27,0,0,203
323.05,1547802098,3111.83,51.509825,7.466120,152.87,10.57,0.00,93.09,0,-111,-17,0,0,27,0,0,203
324.05,1547802099,3122.43,51.509825,7.466280,152.74,10.45,0.00,92.64,0,-103,-14,0,0,33,0,0,203
325.05,1547802100,3132.90,51.509823,7.466440,152.49,10.61,0.00,93.18,0,-103,-14,0,0,33,0,0,203
326.05,1547802101,3143.51,51.509820,7.466604,152.16,10.65,0.00,94.04,0,-94,-10,0,0,37,0,0,60
326.06,1547802101,3143.53,51.509820,7.466604,152.16,10.65,0.00,94.04,0,-102,-10,0,0,26,0,0,203
327.05,1547802102,3154.16,51.509816,7.466771,151.33,10.26,0.00,94.77,0,-94,-10,0,0,37,0,0,60
327.05,1547802102,3154.16,51.509816,7.466771,151.33,10.26,0.00,94.77,0,-102,-10,0,0,26,0,0,203
328.05,1547802103,3164.41,51.509814,7.466927,151.08,10.42,0.00,95.54,0,-96,-11,0,0,37,0,0,60
328.05,1547802103,3164.42,51.509814,7.466927,151.08,10.42,0.00,95.54,0,-98,-16,0,0,37,0,0,224
329.05,1547802104,3174.83,51.509811,7.467077,151.20,11.01,0.00,95.02,0,-96,-11,0,0,37,0,0,60
329.05,1547802104,3174.84,51.509811,7.467077,151.20,11.01,0.00,95.02,0,-98,-16,0,0,37,0,0,224
