time_s,timestamp_ms,distance_m,latitude,longitude,altitude,velocity_mps,acceleration_mpss,direction,isRegistered,rsrp_dbm,rsrq_db,rssnr_db,cqi,ss,ta,ci,pci
0.07,1547729204,0.00,51.509842,7.467154,151.37,11.73,0.00,94.49,1,-106,-11,4,5,24,6,13830157,210
1.07,1547729205,11.77,51.509845,7.467326,151.37,11.31,-0.41,95.62,1,-103,-12,4,12,29,6,13830157,210
2.07,1547729206,23.09,51.509834,7.467490,151.49,11.14,-0.17,97.07,1,-103,-12,4,12,29,6,13830157,210
3.07,1547729207,34.24,51.509824,7.467678,150.85,12.85,1.71,96.78,1,-110,-12,-3,7,21,5,13392655,210
4.07,1547729208,47.09,51.509814,7.467859,150.19,12.82,-0.03,96.45,1,-110,-12,-3,7,21,5,13392655,210
5.07,1547729209,59.90,51.509803,7.468041,149.48,12.31,-0.50,95.58,1,-109,-12,-10,10,22,5,13392655,91
6.07,1547729210,72.22,51.509799,7.468213,149.54,11.85,-0.47,93.15,1,-109,-12,-10,10,22,5,13392655,91
7.07,1547729211,84.09,51.509793,7.468380,150.31,11.52,-0.32,89.74,1,-93,-12,11,6,48,10,12902921,323
8.07,1547729212,95.57,51.509802,7.468547,150.37,11.25,-0.28,86.45,1,-93,-12,11,6,48,10,12902921,323
9.07,1547729213,106.82,51.510031,7.470231,150.26,11.42,0.18,83.80,1,-93,-12,11,6,48,10,12902921,323
10.07,1547729214,118.23,51.509840,7.468870,149.51,11.15,-0.27,80.77,1,-100,-9,13,9,27,10,12902921,323
11.07,1547729215,129.41,51.509870,7.469021,149.16,10.90,-0.25,78.81,1,-100,-9,13,9,27,10,12902921,323
12.07,1547729216,140.32,51.509914,7.469180,148.54,11.16,0.25,76.01,1,-101,-9,10,8,24,10,12902921,323
13.07,1547729217,151.47,51.509992,7.469338,147.78,12.65,1.49,57.36,1,-101,-9,10,8,24,10,12902921,323
14.07,1547729218,164.12,51.510072,7.469497,147.27,13.12,0.48,57.30,1,-104,-11,5,8,23,10,12902921,323
15.07,1547729219,177.24,51.510148,7.469655,147.00,13.13,0.00,57.89,1,-104,-11,5,8,23,10,12902921,323
16.07,1547729220,190.37,51.510220,7.469816,146.54,13.00,-0.12,57.11,1,-103,-10,4,9,22,10,12902921,323
17.07,1547729221,203.38,51.510292,7.469973,145.90,13.06,0.06,56.73,1,-103,-10,4,9,22,10,12902921,323
18.07,1547729222,216.42,51.510352,7.470150,145.47,12.98,-0.08,57.12,1,-103,-8,22,5,21,10,12902921,323
19.07,1547729223,229.42,51.510412,7.470311,145.43,12.30,-0.68,56.10,1,-103,-8,22,5,21,10,12902921,323
20.08,1547729224,241.78,51.510472,7.470446,145.38,11.39,-0.91,55.16,1,-102,-10,1,5,27,10,12902921,323
21.07,1547729225,253.14,51.510532,7.470571,145.62,10.96,-0.43,54.01,1,-102,-10,1,5,27,10,12902921,323
22.07,1547729226,264.03,51.510587,7.470681,146.54,9.44,-1.53,51.46,1,-104,-13,12,7,25,10,12902921,323
23.07,1547729227,273.49,51.510644,7.470788,147.86,8.51,-0.92,49.04,1,-104,-13,12,7,25,10,12902921,323
24.12,1547729228,282.41,51.510703,7.470874,148.86,7.69,-0.79,47.38,1,-95,-10,1,2,41,8,13175298,60
25.07,1547729229,289.71,51.510762,7.470946,149.03,7.28,-0.42,44.94,1,-95,-10,1,2,41,8,13175298,60
26.07,1547729230,297.00,51.510817,7.471004,148.57,6.43,-0.86,43.37,1,-96,-13,-2,6,37,8,13175298,60
27.07,1547729231,303.45,51.510857,7.471043,147.94,4.49,-1.93,42.43,1,-96,-13,-2,6,37,8,13175298,60
28.08,1547729232,307.98,51.510886,7.471070,147.86,2.92,-1.56,40.27,1,-96,-10,2,8,33,8,13175298,60
29.07,1547729233,310.87,51.511400,7.470743,147.77,1.42,-1.51,40.27,1,-96,-10,2,8,33,8,13175298,60
30.07,1547729234,312.29,51.510906,7.471078,147.76,0.00,-1.42,40.27,1,-96,-10,2,8,33,8,13175298,60
31.07,1547729235,312.29,51.510906,7.471078,147.76,0.00,0.00,40.27,1,-99,-11,1,6,28,8,13175298,60
32.07,1547729236,312.29,51.510906,7.471078,147.74,0.00,0.00,40.27,1,-99,-11,1,6,28,8,13175298,60
33.07,1547729237,312.29,51.510906,7.471078,147.72,0.00,0.00,40.27,1,-100,-13,1,6,33,8,13175298,60
34.07,1547729238,312.29,51.510906,7.471078,147.70,0.00,0.00,40.27,1,-100,-13,1,6,33,8,13175298,60
35.08,1547729239,312.29,51.510906,7.471078,147.69,0.00,0.00,40.27,1,-99,-12,0,7,32,8,13175298,60
36.08,1547729240,312.29,51.510906,7.471078,147.68,0.00,0.00,40.27,1,-99,-12,0,7,32,8,13175298,60
37.08,1547729241,312.29,51.510906,7.471078,147.66,0.00,0.00,40.27,1,-99,-11,1,5,31,8,13175298,60
38.08,1547729242,312.29,51.510906,7.471078,147.65,0.00,0.00,40.27,1,-99,-11,1,5,31,8,13175298,60
39.08,1547729243,312.29,51.510906,7.471078,147.63,0.00,0.00,40.27,1,-99,-12,1,6,31,8,13175298,60
40.08,1547729244,312.29,51.510906,7.471078,147.61,0.00,0.00,40.27,1,-99,-12,1,6,31,8,13175298,60
41.07,1547729245,312.29,51.510906,7.471078,147.58,0.00,0.00,40.27,1,-99,-10,2,6,30,8,13175298,60
42.07,1547729246,312.29,51.510906,7.471078,147.56,0.00,0.00,40.27,1,-99,-10,2,6,30,8,13175298,60
43.07,1547729247,312.29,51.510906,7.471078,147.53,0.00,0.00,40.27,1,-99,-12,1,6,30,8,13175298,60
44.07,1547729248,312.29,51.510906,7.471078,147.21,0.00,0.00,36.80,1,-99,-12,1,6,30,8,13175298,60
45.07,1547729249,312.29,51.510906,7.471078,144.22,0.00,0.00,38.15,1,-94,-10,13,8,33,8,13175298,60
46.07,1547729250,312.29,51.510993,7.471183,142.37,6.49,0.00,40.80,1,-94,-10,13,8,33,8,13175298,60
47.07,1547729251,318.78,51.511051,7.471265,140.97,7.66,1.17,43.86,1,-92,-10,6,10,37,8,13175298,60
48.07,1547729252,326.44,51.511117,7.471366,139.90,9.06,1.40,45.13,1,-92,-10,6,10,37,8,13175298,60
49.08,1547729253,335.57,51.511559,7.471191,139.09,13.24,4.15,43.27,1,-95,-10,10,11,33,8,13175298,60
50.07,1547729254,348.64,51.511314,7.471631,138.34,14.25,1.02,42.17,1,-95,-10,10,11,33,8,13175298,60
51.07,1547729255,362.95,51.511416,7.471765,137.62,14.52,0.26,41.14,1,-95,-10,10,11,33,8,13175298,60
52.07,1547729256,377.42,51.511518,7.471898,136.86,14.37,-0.15,40.33,1,-89,-11,3,10,40,8,13175298,60
53.07,1547729257,391.79,51.511617,7.472030,136.12,13.54,-0.83,40.73,1,-89,-11,3,10,40,8,13175298,60
54.07,1547729258,405.32,51.511718,7.472158,135.66,14.33,0.79,40.36,1,-94,-9,6,9,34,8,13175298,60
55.07,1547729259,419.72,51.511820,7.472284,135.54,14.09,-0.24,39.96,1,-94,-9,6,9,34,8,13175298,60
56.07,1547729260,433.80,51.511921,7.472404,135.53,13.62,-0.48,39.63,1,-94,-9,6,11,33,8,13175298,60
57.07,1547729261,447.41,51.512018,7.472512,135.62,12.58,-1.03,38.29,1,-94,-9,6,11,33,8,13175298,60
58.07,1547729262,460.03,51.512113,7.472613,136.88,12.17,-0.41,34.96,1,-94,-9,5,10,33,8,13175298,60
59.07,1547729263,472.20,51.512194,7.472674,138.83,9.51,-2.67,31.58,1,-94,-9,5,10,33,8,13175298,60
60.08,1547729264,481.74,51.512285,7.472717,140.25,9.41,-0.10,18.44,1,-94,-10,1,6,35,8,13175298,60
61.07,1547729265,491.09,51.512400,7.472762,142.35,11.98,2.59,15.38,1,-94,-10,1,6,35,8,13175298,60
62.07,1547729266,503.08,51.512519,7.472792,143.99,12.71,0.74,11.87,1,-94,-12,4,6,35,8,13175298,60
63.07,1547729267,515.84,51.512646,7.472809,144.45,13.37,0.65,9.18,1,-94,-12,4,6,35,8,13175298,60
64.07,1547729268,529.18,51.512782,7.472822,144.26,14.67,1.31,7.24,1,-93,-10,3,9,37,8,13175298,60
65.07,1547729269,543.85,51.512920,7.472837,144.58,14.84,0.16,5.97,1,-93,-10,3,9,37,8,13175298,60
66.07,1547729270,558.67,51.513059,7.472850,144.25,14.74,-0.10,5.21,1,-91,-9,6,9,37,8,13175298,60
67.07,1547729271,573.44,51.513197,7.472854,143.78,15.00,0.26,4.77,1,-91,-9,6,9,37,8,13175298,60
68.07,1547729272,588.41,51.513333,7.472861,143.34,14.80,-0.20,4.36,1,-88,-8,19,9,39,8,13175298,60
69.07,1547729273,603.19,51.513741,7.472736,143.09,15.47,0.67,3.93,1,-88,-8,19,9,39,8,13175298,60
70.08,1547729274,618.80,51.513608,7.472886,143.65,14.58,-0.89,3.10,1,-87,-9,7,11,41,8,13175298,60
71.07,1547729275,633.30,51.513736,7.472900,144.14,14.02,-0.56,2.32,1,-87,-9,7,11,41,8,13175298,60
72.07,1547729276,647.29,51.513872,7.472908,144.84,14.70,0.68,3.16,1,-87,-9,7,11,41,8,13175298,60
73.07,1547729277,661.97,51.514009,7.472912,145.98,14.45,-0.25,2.66,1,-86,-12,1,11,45,8,13175298,60
74.07,1547729278,676.43,51.514142,7.472915,147.49,14.29,-0.16,2.28,1,-86,-12,1,11,45,8,13175298,60
75.07,1547729279,690.71,51.514272,7.472916,148.76,13.79,-0.50,2.77,1,-80,-7,11,11,46,8,13175298,60
76.07,1547729280,704.52,51.514387,7.472921,149.36,12.34,-1.46,3.16,1,-80,-7,11,11,46,8,13175298,60
77.07,1547729281,716.83,51.514495,7.472925,149.04,11.06,-1.28,3.75,1,-78,-8,11,15,49,8,13175298,60
78.07,1547729282,727.89,51.514574,7.472927,148.68,7.96,-3.10,3.99,1,-78,-8,11,15,49,8,13175298,60
79.07,1547729283,735.85,51.514652,7.472933,148.25,7.65,-0.31,4.36,1,-72,-7,27,10,55,8,13175298,60
80.07,1547729284,743.48,51.514714,7.472940,148.03,6.36,-1.28,4.55,1,-72,-7,27,10,55,8,13175298,60
81.07,1547729285,749.83,51.514761,7.472942,147.67,4.77,-1.60,4.65,1,-62,-6,17,13,63,8,13175298,60
82.07,1547729286,754.61,51.514789,7.472942,147.65,2.02,-2.74,2.56,1,-62,-6,17,13,63,8,13175298,60
83.07,1547729287,756.63,51.514789,7.472942,147.61,0.55,-1.46,2.56,1,-63,-8,15,15,63,8,13175298,60
84.07,1547729288,757.19,51.514789,7.472942,147.60,0.00,-0.55,2.56,1,-63,-8,15,15,63,8,13175298,60
85.07,1547729289,757.19,51.514789,7.472942,147.59,0.00,0.00,2.56,1,-63,-7,15,11,63,8,13175298,60
86.07,1547729290,757.19,51.514789,7.472942,147.58,0.00,0.00,2.56,1,-63,-7,15,11,63,8,13175298,60
87.07,1547729291,757.19,51.514789,7.472942,147.59,0.00,0.00,2.56,1,-60,-6,14,12,63,8,13175298,60
88.07,1547729292,757.19,51.514789,7.472942,147.62,0.00,0.00,2.56,1,-60,-6,14,12,63,8,13175298,60
89.07,1547729293,757.19,51.514738,7.472889,147.66,0.00,0.00,2.56,1,-60,-7,27,15,63,8,13175298,60
90.07,1547729294,757.19,51.514789,7.472942,147.71,0.00,0.00,2.56,1,-60,-7,27,15,63,8,13175298,60
91.07,1547729295,757.19,51.514789,7.472942,147.75,0.00,0.00,2.56,1,-61,-8,14,12,63,8,13175298,60
92.07,1547729296,757.19,51.514789,7.472942,147.79,0.00,0.00,2.56,1,-61,-8,14,12,63,8,13175298,60
93.07,1547729297,757.19,51.514789,7.472942,147.83,0.00,0.00,2.56,1,-61,-8,14,12,63,8,13175298,60
94.07,1547729298,757.19,51.514789,7.472942,147.87,0.00,0.00,2.56,1,-60,-7,28,12,63,8,13175298,60
95.07,1547729299,757.19,51.514789,7.472942,147.91,0.00,0.00,2.56,1,-60,-7,28,12,63,8,13175298,60
96.07,1547729300,757.19,51.514789,7.472942,147.95,0.00,0.00,2.56,1,-60,-7,29,11,63,8,13175298,60
97.07,1547729301,757.19,51.514789,7.472942,148.00,0.00,0.00,2.56,1,-60,-7,29,11,63,8,13175298,60
98.07,1547729302,757.19,51.514789,7.472942,148.05,0.00,0.00,2.56,1,-59,-6,15,12,63,8,13175298,60
99.07,1547729303,757.19,51.514789,7.472942,148.11,0.00,0.00,2.56,1,-59,-6,15,12,63,8,13175298,60
100.07,1547729304,757.19,51.514789,7.472942,148.17,0.00,0.00,2.56,1,-60,-5,19,11,63,8,13175298,60
101.07,1547729305,757.19,51.514789,7.472942,148.23,0.00,0.00,2.56,1,-60,-5,19,11,63,8,13175298,60
102.07,1547729306,757.19,51.514789,7.472942,148.30,0.00,0.00,2.56,1,-60,-6,17,12,63,8,13175298,60
103.07,1547729307,757.19,51.514789,7.472942,148.37,0.00,0.00,2.56,1,-60,-6,17,12,63,8,13175298,60
104.07,1547729308,757.19,51.514789,7.472942,148.44,0.00,0.00,2.56,1,-60,-6,15,12,63,8,13175298,60
105.07,1547729309,757.19,51.514789,7.472942,148.51,0.00,0.00,2.56,1,-60,-6,15,12,63,8,13175298,60
106.07,1547729310,757.19,51.514789,7.472942,148.58,0.00,0.00,2.56,1,-60,-6,29,13,63,8,13175298,60
107.07,1547729311,757.19,51.514789,7.472942,148.65,0.00,0.00,2.56,1,-60,-6,29,13,63,8,13175298,60
108.07,1547729312,757.19,51.514789,7.472942,148.72,0.00,0.00,2.56,1,-60,-6,18,12,63,8,13175298,60
109.07,1547729313,757.19,51.514759,7.473009,143.30,0.00,0.00,2.56,1,-60,-6,18,12,63,8,13175298,60
110.07,1547729314,757.19,51.514789,7.472942,148.83,0.00,0.00,2.56,1,-60,-6,11,12,63,8,13175298,60
111.07,1547729315,757.19,51.514789,7.472942,148.89,0.00,0.00,2.56,1,-60,-6,11,12,63,8,13175298,60
112.08,1547729316,757.19,51.514789,7.472942,148.95,0.00,0.00,2.56,1,-60,-6,19,12,63,8,13175298,60
113.07,1547729317,757.19,51.514789,7.472942,149.01,0.00,0.00,2.56,1,-60,-6,19,12,63,8,13175298,60
114.07,1547729318,757.19,51.514789,7.472942,149.07,0.00,0.00,2.56,1,-60,-6,19,12,63,8,13175298,60
115.07,1547729319,757.19,51.514789,7.472942,149.14,0.00,0.00,2.56,1,-60,-5,24,13,63,8,13175298,60
116.07,1547729320,757.19,51.514789,7.472942,149.20,0.00,0.00,2.56,1,-60,-5,24,13,63,8,13175298,60
117.07,1547729321,757.19,51.514789,7.472942,149.27,0.00,0.00,2.56,1,-67,-6,21,15,52,2,13175305,66
118.07,1547729322,757.19,51.514789,7.472942,149.35,0.00,0.00,2.56,1,-67,-6,21,15,52,2,13175305,66
119.07,1547729323,757.19,51.514789,7.472942,149.42,0.00,0.00,2.56,1,-64,-5,29,15,52,2,13175305,66
120.07,1547729324,757.19,51.514789,7.472942,149.49,0.00,0.00,2.56,1,-64,-5,29,15,52,2,13175305,66
121.07,1547729325,757.19,51.514789,7.472942,149.57,0.00,0.00,2.56,1,-67,-7,25,14,58,2,13175305,66
122.07,1547729326,757.19,51.514789,7.472942,149.65,0.00,0.00,2.56,1,-67,-7,25,14,58,2,13175305,66
123.07,1547729327,757.19,51.514789,7.472942,149.73,0.00,0.00,2.56,1,-67,-5,27,13,52,2,13175305,66
124.07,1547729328,757.19,51.514789,7.472942,149.81,0.00,0.00,2.56,1,-67,-5,27,13,52,2,13175305,66
125.07,1547729329,757.19,51.514789,7.472942,150.61,0.00,0.00,2.56,1,-63,-5,19,12,52,2,13175305,66
126.07,1547729330,757.19,51.514789,7.472942,151.34,0.00,0.00,0.52,1,-63,-5,19,12,52,2,13175305,66
127.07,1547729331,757.19,51.514789,7.472942,157.41,0.00,0.00,0.94,1,-68,-5,25,13,54,2,13175305,66
128.07,1547729332,757.19,51.514988,7.472911,161.12,8.93,0.00,0.67,1,-68,-5,25,13,54,2,13175305,66
129.07,1547729333,766.12,51.514867,7.472864,131.30,8.93,0.00,0.08,1,-68,-5,10,12,57,2,13175305,66
130.07,1547729334,775.06,51.515199,7.472901,162.62,10.37,1.43,359.67,1,-68,-5,10,12,57,2,13175305,66
131.07,1547729335,785.39,51.515301,7.472909,161.03,10.70,0.33,358.58,1,-69,-10,18,12,55,2,13175305,66
132.07,1547729336,796.13,51.515390,7.472899,160.20,10.44,-0.26,354.70,1,-69,-10,18,12,55,2,13175305,66
133.08,1547729337,806.65,51.515495,7.472862,158.80,11.42,0.98,350.78,1,-78,-6,20,14,46,2,13175305,66
134.07,1547729338,817.98,51.515613,7.472815,157.66,12.96,1.55,348.20,1,-78,-6,20,14,46,2,13175305,66
135.07,1547729339,830.93,51.515735,7.472753,156.03,13.66,0.69,344.33,1,-78,-6,20,14,46,2,13175305,66
136.07,1547729340,844.59,51.515848,7.472680,153.98,14.34,0.68,341.69,1,-85,-15,-4,12,46,2,13175305,66
137.07,1547729341,858.94,51.515956,7.472598,151.37,14.03,-0.31,340.07,1,-85,-15,-4,12,46,2,13175305,66
138.07,1547729342,872.97,51.516074,7.472461,148.53,14.03,0.00,340.07,1,-79,-6,6,6,50,3,13175306,68
139.07,1547729343,887.00,51.516166,7.472304,146.20,14.27,0.24,319.28,1,-79,-6,6,6,50,3,13175306,68
140.07,1547729344,901.20,51.516255,7.472149,143.77,13.79,-0.49,319.07,1,-79,-7,19,12,44,3,13175306,68
141.07,1547729345,915.02,51.516334,7.472013,142.00,13.42,-0.37,318.39,1,-79,-7,19,12,44,3,13175306,68
142.07,1547729346,928.42,51.516407,7.471865,140.09,13.43,0.01,314.32,1,-80,-7,24,12,43,3,13175306,68
143.07,1547729347,941.85,51.516463,7.471675,138.20,14.27,0.84,297.62,1,-80,-7,24,12,43,3,13175306,68
144.07,1547729348,956.16,51.516521,7.471492,137.04,14.48,0.22,296.76,1,-82,-6,23,12,39,3,13175306,68
145.07,1547729349,970.64,51.516567,7.471291,136.24,14.48,0.00,297.62,1,-82,-6,23,12,39,3,13175306,68
146.07,1547729350,985.11,51.516609,7.471065,136.02,15.22,0.74,294.36,1,-84,-6,23,12,38,3,13175306,68
147.07,1547729351,1000.35,51.516666,7.470883,135.54,13.78,-1.45,294.23,1,-84,-6,23,12,38,3,13175306,68
148.07,1547729352,1014.12,51.516711,7.470713,135.34,12.03,-1.75,294.14,1,-83,-5,22,12,39,3,13175306,68
149.07,1547729353,1026.14,51.516509,7.470338,135.29,10.76,-1.27,295.03,1,-83,-5,22,12,39,3,13175306,68
150.07,1547729354,1036.89,51.516779,7.470418,135.29,9.15,-1.62,294.66,1,-84,-5,14,12,36,3,13175306,68
151.07,1547729355,1046.03,51.516812,7.470309,134.90,8.23,-0.92,293.90,1,-84,-5,14,12,36,3,13175306,68
152.07,1547729356,1054.30,51.516842,7.470198,134.54,7.72,-0.50,293.46,1,-88,-9,18,11,36,3,13175306,68
153.07,1547729357,1062.01,51.516871,7.470086,134.63,7.98,0.25,292.48,1,-88,-9,18,11,36,3,13175306,68
154.07,1547729358,1069.99,51.516902,7.469970,134.72,8.16,0.19,291.33,1,-88,-7,15,8,35,3,13175306,68
155.07,1547729359,1078.15,51.516930,7.469848,134.96,8.45,0.29,290.30,1,-88,-7,15,8,35,3,13175306,68
156.08,1547729360,1086.69,51.516948,7.469693,137.48,8.38,-0.07,289.50,1,-91,-6,18,15,32,3,13175306,68
157.07,1547729361,1094.99,51.516970,7.469561,140.07,8.45,0.07,289.08,1,-91,-6,18,15,32,3,13175306,68
158.07,1547729362,1103.44,51.516995,7.469449,141.46,8.56,0.11,289.68,1,-91,-6,18,15,32,3,13175306,68
159.07,1547729363,1112.00,51.517018,7.469313,143.49,9.51,0.95,288.84,1,-93,-7,13,15,31,3,13175306,68
160.08,1547729364,1121.57,51.517047,7.469201,144.67,9.46,-0.05,288.47,1,-93,-7,13,15,31,3,13175306,68
161.07,1547729365,1130.98,51.517082,7.469083,144.16,9.67,0.21,289.13,1,-94,-7,14,14,31,3,13175306,68
162.07,1547729366,1140.64,51.517114,7.468948,142.59,10.58,0.91,288.36,1,-94,-7,14,14,31,3,13175306,68
163.07,1547729367,1151.22,51.517146,7.468800,140.42,10.92,0.34,287.86,1,-94,-9,11,12,30,3,13175306,68
164.07,1547729368,1162.14,51.517180,7.468646,138.19,11.36,0.44,287.19,1,-94,-9,11,12,30,3,13175306,68
165.07,1547729369,1173.49,51.517218,7.468483,136.08,11.99,0.63,289.21,1,-89,-6,9,15,31,3,13175306,68
166.07,1547729370,1185.49,51.517260,7.468313,134.59,12.35,0.36,289.97,1,-89,-6,9,15,31,3,13175306,68
167.07,1547729371,1197.83,51.517305,7.468136,133.74,12.97,0.62,291.19,1,-89,-5,-9,6,46,7,13175306,68
168.07,1547729372,1210.79,51.517352,7.467968,133.13,12.29,-0.68,292.96,1,-89,-5,-9,6,46,7,13175306,68
169.07,1547729373,1223.09,51.517531,7.467821,132.40,12.45,0.16,294.36,1,-88,-7,5,15,35,7,13175306,68
170.07,1547729374,1235.54,51.517447,7.467625,132.47,11.67,-0.78,295.41,1,-88,-7,5,15,35,7,13175306,68
171.07,1547729375,1247.21,51.517483,7.467469,133.00,10.42,-1.25,296.15,1,-74,-7,13,15,63,2,13530893,347
172.07,1547729376,1257.63,51.517519,7.467330,133.65,8.87,-1.55,297.18,1,-74,-7,13,15,63,2,13530893,347
173.07,1547729377,1266.50,51.517560,7.467205,134.10,9.81,0.93,297.69,1,-71,-5,16,12,52,2,13530893,347
174.07,1547729378,1276.29,51.517610,7.467077,134.29,10.82,1.02,299.18,1,-71,-5,16,12,52,2,13530893,347
175.07,1547729379,1287.13,51.517656,7.466947,134.18,10.42,-0.41,297.15,1,-85,-7,10,10,41,2,13530893,347
176.07,1547729380,1297.55,51.517676,7.466807,133.78,10.16,-0.26,279.48,1,-85,-7,10,10,41,2,13530893,347
177.08,1547729381,1307.78,51.517697,7.466655,133.68,10.93,0.77,280.05,1,-87,-8,1,6,40,3,13530894,345
178.07,1547729382,1318.64,51.517720,7.466508,133.19,10.96,0.02,281.67,1,-87,-8,1,6,40,3,13530894,345
179.07,1547729383,1329.59,51.517745,7.466360,132.72,10.82,-0.14,282.58,1,-87,-8,1,6,40,3,13530894,345
180.07,1547729384,1340.41,51.517772,7.466205,132.65,10.98,0.16,282.23,1,-79,-6,3,11,46,3,13530894,345
181.07,1547729385,1351.39,51.517794,7.466052,133.66,10.41,-0.57,281.68,1,-79,-6,3,11,46,3,13530894,345
182.07,1547729386,1361.77,51.517803,7.465893,135.39,9.39,-1.02,280.49,1,-77,-8,-8,6,60,3,13530894,345
183.07,1547729387,1371.18,51.517811,7.465738,138.02,9.11,-0.28,278.44,1,-77,-8,-8,6,60,3,13530894,345
184.07,1547729388,1380.29,51.517823,7.465587,140.89,8.77,-0.33,277.57,1,-86,-9,3,15,40,3,13530894,345
185.07,1547729389,1389.07,51.517834,7.465421,144.02,9.95,1.17,275.71,1,-86,-9,3,15,40,3,13530894,345
186.07,1547729390,1399.03,51.517844,7.465246,146.31,10.36,0.41,274.93,1,-82,-7,11,12,41,3,13530894,345
187.07,1547729391,1409.38,51.517847,7.465093,148.30,10.00,-0.36,272.62,1,-82,-7,11,12,41,3,13530894,345
188.07,1547729392,1419.38,51.517845,7.464933,147.57,10.31,0.31,270.27,1,-83,-7,11,15,44,3,13530894,345
189.07,1547729393,1429.70,51.517649,7.464941,145.72,10.36,0.05,268.59,1,-83,-7,11,15,44,3,13530894,345
190.07,1547729394,1440.03,51.517827,7.464636,143.83,10.38,0.02,266.66,1,-80,-7,25,15,46,3,13530894,345
191.07,1547729395,1450.44,51.517815,7.464519,141.12,10.35,-0.04,264.74,1,-80,-7,25,15,46,3,13530894,345
192.12,1547729396,1461.26,51.517800,7.464406,138.90,9.30,-1.00,262.20,1,-81,-7,17,11,44,3,13530894,345
193.07,1547729397,1470.14,51.517778,7.464277,136.85,9.95,0.68,259.69,1,-81,-7,17,11,44,3,13530894,345
194.07,1547729398,1480.08,51.517752,7.464132,134.79,10.62,0.67,257.46,1,-82,-5,18,12,42,3,13530894,345
195.07,1547729399,1490.70,51.517726,7.463982,132.68,10.75,0.13,255.29,1,-82,-5,18,12,42,3,13530894,345
196.07,1547729400,1501.45,51.517693,7.463830,131.80,10.66,-0.09,254.05,1,-82,-6,19,12,45,3,13530894,345
197.07,1547729401,1512.11,51.517654,7.463694,132.40,10.59,-0.07,252.55,1,-82,-6,19,12,45,3,13530894,345
198.08,1547729402,1522.79,51.517615,7.463575,133.12,10.42,-0.17,251.27,1,-82,-7,24,12,44,3,13530894,345
199.07,1547729403,1533.12,51.517571,7.463470,134.61,10.15,-0.28,250.06,1,-82,-7,24,12,44,3,13530894,345
200.07,1547729404,1543.30,51.517526,7.463361,136.54,10.34,0.19,249.10,1,-82,-7,24,12,44,3,13530894,345
201.07,1547729405,1553.61,51.517483,7.463249,138.08,9.81,-0.53,248.91,1,-81,-6,22,12,44,3,13530894,345
202.07,1547729406,1563.40,51.517443,7.463126,138.66,9.64,-0.17,248.33,1,-81,-6,22,12,44,3,13530894,345
203.07,1547729407,1573.07,51.517406,7.463009,138.91,9.15,-0.49,247.95,1,-78,-8,19,12,49,3,13530894,345
204.07,1547729408,1582.22,51.517369,7.462898,139.40,9.10,-0.05,248.43,1,-78,-8,19,12,49,3,13530894,345
205.07,1547729409,1591.31,51.517328,7.462783,140.09,9.70,0.60,248.85,1,-79,-8,19,11,49,3,13530894,345
206.07,1547729410,1601.03,51.517297,7.462662,141.03,10.28,0.57,250.29,1,-79,-8,19,11,49,3,13530894,345
207.07,1547729411,1611.29,51.517269,7.462524,142.85,10.62,0.34,251.85,1,-84,-8,12,14,44,3,13530894,345
208.07,1547729412,1621.91,51.517236,7.462411,144.57,10.62,0.00,251.85,1,-84,-8,12,14,44,3,13530894,345
209.07,1547729413,1632.53,51.517194,7.462217,145.70,11.74,1.12,249.78,1,-82,-7,16,11,45,3,13530894,345
210.08,1547729414,1644.34,51.517161,7.462034,146.08,11.59,-0.15,250.70,1,-82,-7,16,11,45,3,13530894,345
211.08,1547729415,1655.91,51.517134,7.461849,145.12,12.29,0.70,251.12,1,-87,-7,10,15,39,3,13530894,345
212.07,1547729416,1668.11,51.517104,7.461655,143.37,12.92,0.64,251.75,1,-87,-7,10,15,39,3,13530894,345
213.07,1547729417,1681.07,51.517072,7.461460,142.23,13.45,0.53,252.17,1,-87,-8,9,12,40,3,13530894,345
214.07,1547729418,1694.52,51.517037,7.461263,140.98,13.56,0.10,252.52,1,-87,-8,9,12,40,3,13530894,345
215.07,1547729419,1708.07,51.517000,7.461067,139.41,13.77,0.22,252.15,1,-86,-8,6,8,42,3,13530894,345
216.07,1547729420,1721.85,51.516962,7.460865,138.12,13.89,0.12,252.17,1,-86,-8,6,8,42,3,13530894,345
217.07,1547729421,1735.74,51.516924,7.460662,137.37,13.73,-0.16,252.74,1,-91,-11,-2,9,38,5,13530638,345
218.07,1547729422,1749.45,51.516889,7.460464,136.74,13.63,-0.09,253.07,1,-91,-11,-2,9,38,5,13530638,345
219.08,1547729423,1763.19,51.516853,7.460282,136.23,12.95,-0.68,253.05,1,-85,-7,5,11,41,5,13530638,105
220.07,1547729424,1776.05,51.516818,7.460104,135.64,12.38,-0.58,252.78,1,-85,-7,5,11,41,5,13530638,105
221.07,1547729425,1788.45,51.516785,7.459932,135.44,11.88,-0.50,254.05,1,-85,-7,5,11,41,5,13530638,105
222.07,1547729426,1800.28,51.516759,7.459767,134.85,11.54,-0.34,255.10,1,-84,-8,11,10,43,5,13530638,105
223.07,1547729427,1811.87,51.516735,7.459600,133.94,11.66,0.12,255.96,1,-84,-8,11,10,43,5,13530638,105
224.07,1547729428,1823.53,51.516712,7.459432,132.58,11.70,0.04,256.47,1,-88,-10,9,9,40,5,13530638,105
225.07,1547729429,1835.21,51.516689,7.459269,131.03,11.81,0.11,255.84,1,-88,-10,9,9,40,5,13530638,105
226.07,1547729430,1847.02,51.516669,7.459121,129.50,10.49,-1.32,256.78,1,-90,-7,13,11,37,5,13530638,105
227.07,1547729431,1857.50,51.516654,7.458986,128.40,8.77,-1.71,257.97,1,-90,-7,13,11,37,5,13530638,105
228.07,1547729432,1866.27,51.516642,7.458873,128.00,7.44,-1.34,259.12,1,-89,-7,13,10,38,5,13530638,105
229.07,1547729433,1873.71,51.516629,7.458765,127.81,7.68,0.24,258.32,1,-89,-7,13,10,38,5,13530638,105
230.07,1547729434,1881.38,51.516605,7.458666,129.34,7.68,0.00,258.52,1,-83,-6,14,15,42,5,13530638,105
231.08,1547729435,1889.10,51.516584,7.458544,132.02,8.65,0.96,260.05,1,-83,-6,14,15,42,5,13530638,105
232.07,1547729436,1897.69,51.516566,7.458415,134.64,7.73,-0.92,259.65,1,-86,-9,10,12,39,5,13530638,105
233.07,1547729437,1905.42,51.516550,7.458297,136.63,7.08,-0.65,258.79,1,-86,-9,10,12,39,5,13530638,105
234.07,1547729438,1912.53,51.516533,7.458166,137.95,7.74,0.65,258.60,1,-90,-9,13,9,37,5,13530638,105
235.07,1547729439,1920.25,51.516520,7.458050,138.45,7.68,-0.06,258.53,1,-90,-9,13,9,37,5,13530638,105
236.07,1547729440,1927.93,51.516507,7.457949,139.28,6.84,-0.84,257.75,1,-89,-7,13,10,37,5,13530638,105
237.07,1547729441,1934.77,51.516493,7.457850,139.78,6.44,-0.40,256.96,1,-89,-7,13,10,37,5,13530638,105
238.07,1547729442,1941.22,51.516479,7.457753,140.16,6.04,-0.40,256.23,1,-86,-8,4,9,41,5,13530638,105
239.07,1547729443,1947.26,51.516463,7.457660,141.01,5.63,-0.41,255.79,1,-86,-8,4,9,41,5,13530638,105
240.08,1547729444,1952.94,51.516449,7.457576,142.25,4.39,-1.23,254.99,1,-88,-7,-10,9,39,5,13530638,105
241.07,1547729445,1957.30,51.516441,7.457517,142.31,3.39,-1.01,254.92,1,-88,-7,-10,9,39,5,13530638,105
242.07,1547729446,1960.69,51.516434,7.457479,142.39,2.08,-1.31,254.17,1,-88,-7,-10,9,39,5,13530638,105
243.07,1547729447,1962.77,51.516434,7.457479,142.50,0.50,-1.57,254.17,1,-80,-13,3,7,52,4,13406209,460
244.07,1547729448,1963.27,51.516434,7.457479,142.58,0.47,-0.03,254.17,1,-80,-13,3,7,52,4,13406209,460
245.07,1547729449,1963.74,51.516434,7.457479,142.60,0.00,-0.47,254.17,1,-81,-13,4,6,51,4,13406209,460
246.07,1547729450,1963.74,51.516434,7.457479,142.62,0.00,0.00,254.17,1,-81,-13,4,6,51,4,13406209,460
247.07,1547729451,1963.74,51.516434,7.457479,142.66,0.00,0.00,254.17,1,-81,-13,4,8,51,4,13406209,460
248.07,1547729452,1963.74,51.516434,7.457479,142.69,0.00,0.00,254.17,1,-81,-13,4,8,51,4,13406209,460
249.07,1547729453,1963.74,51.516427,7.456859,143.07,0.00,0.00,262.07,1,-80,-7,6,7,45,4,13406209,460
250.07,1547729454,1963.74,51.516434,7.457479,143.28,0.00,0.00,259.25,1,-80,-7,6,7,45,4,13406209,460
251.07,1547729455,1963.74,51.516427,7.457364,143.46,2.92,0.00,252.44,1,-78,-10,5,10,52,4,13406209,460
252.07,1547729456,1966.68,51.516418,7.457281,143.52,2.92,0.00,254.38,1,-78,-10,5,10,52,4,13406209,460
253.07,1547729457,1969.60,51.516406,7.457193,143.34,5.51,2.59,255.04,1,-76,-9,6,15,53,4,13406209,460
254.07,1547729458,1975.10,51.516381,7.457082,142.85,5.51,0.00,254.87,1,-76,-9,6,15,53,4,13406209,460
255.07,1547729459,1980.59,51.516353,7.456965,142.40,7.19,1.69,252.02,1,-76,-12,9,9,55,4,13406209,460
256.07,1547729460,1987.78,51.516322,7.456860,142.38,7.87,0.68,250.52,1,-76,-12,9,9,55,4,13406209,460
257.07,1547729461,1995.67,51.516293,7.456764,142.12,8.03,0.16,246.80,1,-73,-7,14,11,53,4,13406209,460
258.07,1547729462,2003.71,51.516256,7.456660,141.38,9.14,1.10,245.05,1,-73,-7,14,11,53,4,13406209,460
259.07,1547729463,2012.84,51.516219,7.456556,140.61,8.79,-0.35,243.09,1,-70,-8,14,14,57,4,13406209,460
260.07,1547729464,2021.62,51.516179,7.456437,139.33,8.90,0.11,241.24,1,-70,-8,14,14,57,4,13406209,460
261.08,1547729465,2030.62,51.516138,7.456312,137.81,9.22,0.32,239.97,1,-69,-10,14,10,61,4,13406209,460
262.07,1547729466,2039.73,51.516100,7.456182,136.00,9.50,0.29,239.14,1,-69,-10,14,10,61,4,13406209,460
263.07,1547729467,2049.23,51.516053,7.456057,135.56,9.30,-0.20,237.64,1,-69,-10,14,10,61,4,13406209,460
264.07,1547729468,2058.53,51.516007,7.455937,135.61,8.78,-0.52,236.00,1,-61,-10,21,12,63,4,13406209,460
265.07,1547729469,2067.33,51.515955,7.455808,135.75,9.62,0.84,233.65,1,-61,-10,21,12,63,4,13406209,460
266.07,1547729470,2076.95,51.515892,7.455685,136.42,10.45,0.83,230.75,1,-62,-10,25,13,63,4,13406209,460
267.07,1547729471,2087.41,51.515821,7.455565,137.09,10.99,0.54,228.04,1,-62,-10,25,13,63,4,13406209,460
268.07,1547729472,2098.40,51.515743,7.455451,136.75,11.40,0.40,224.99,1,-76,-11,19,12,54,4,13406209,460
269.07,1547729473,2109.80,51.515875,7.455598,136.10,10.92,-0.48,209.70,1,-76,-11,19,12,54,4,13406209,460
270.07,1547729474,2120.67,51.515566,7.455300,135.64,10.70,-0.22,208.84,1,-76,-11,19,12,54,4,13406209,460
271.07,1547729475,2131.39,51.515474,7.455235,135.59,11.15,0.45,204.79,1,-76,-11,19,12,54,4,13406209,460
272.07,1547729476,2142.56,51.515371,7.455207,134.27,11.01,-0.14,190.57,1,-72,-9,19,13,53,4,13406209,460
273.07,1547729477,2153.57,51.515257,7.455176,134.48,11.61,0.60,187.73,1,-72,-9,19,13,53,4,13406209,460
274.07,1547729478,2165.20,51.515146,7.455162,136.62,11.66,0.05,183.72,1,-80,-9,14,9,45,4,13406209,460
275.07,1547729479,2176.86,51.515038,7.455170,137.88,12.53,0.87,180.60,1,-80,-9,14,9,45,4,13406209,460
276.07,1547729480,2189.37,51.514926,7.455197,138.67,12.81,0.27,178.24,1,-86,-9,8,8,40,4,13406209,460
277.07,1547729481,2202.18,51.514808,7.455221,139.57,13.09,0.29,176.34,1,-86,-9,8,8,40,4,13406209,460
278.07,1547729482,2215.27,51.514678,7.455256,140.49,14.26,1.17,174.65,1,-80,-8,11,11,46,4,13406209,460
279.07,1547729483,2229.54,51.514544,7.455290,141.40,14.89,0.63,173.87,1,-80,-8,11,11,46,4,13406209,460
280.07,1547729484,2244.43,51.514413,7.455326,140.95,15.21,0.31,173.18,1,-85,-10,10,9,46,4,13406209,460
281.07,1547729485,2259.66,51.514287,7.455359,140.02,14.79,-0.42,172.64,1,-85,-10,10,9,46,4,13406209,460
282.07,1547729486,2274.47,51.514160,7.455403,138.14,14.56,-0.23,171.79,1,-79,-12,18,11,52,4,13406209,460
283.07,1547729487,2288.95,51.514034,7.455447,138.48,13.72,-0.84,171.60,1,-79,-12,18,11,52,4,13406209,460
284.07,1547729488,2302.68,51.513916,7.455481,139.60,13.11,-0.61,170.70,1,-79,-12,18,11,52,4,13406209,460
285.07,1547729489,2315.77,51.513804,7.455519,140.44,12.71,-0.40,169.58,1,-85,-12,15,9,45,4,13406209,460
286.07,1547729490,2328.53,51.513695,7.455556,141.25,12.49,-0.21,168.64,1,-85,-12,15,9,45,4,13406209,460
287.07,1547729491,2341.02,51.513586,7.455602,144.41,12.16,-0.33,167.81,1,-87,-8,15,12,40,4,13406209,460
288.07,1547729492,2353.17,51.513473,7.455663,148.15,12.74,0.58,165.57,1,-87,-8,15,12,40,4,13406209,460
289.07,1547729493,2365.91,51.513426,7.455868,139.30,11.72,-1.02,161.67,1,-88,-7,14,11,38,4,13406209,460
290.07,1547729494,2377.64,51.513272,7.455803,156.34,10.78,-0.94,157.83,1,-88,-7,14,11,38,4,13406209,460
291.07,1547729495,2388.43,51.513200,7.455904,159.01,9.42,-1.36,143.56,1,-92,-10,6,7,35,4,13406209,460
292.07,1547729496,2397.83,51.513140,7.455998,160.81,8.90,-0.52,144.46,1,-92,-10,6,7,35,4,13406209,460
293.07,1547729497,2406.72,51.513087,7.456078,160.70,8.06,-0.83,142.46,1,-97,-13,4,6,34,4,13406209,460
294.07,1547729498,2414.79,51.513039,7.456167,159.96,7.61,-0.45,139.82,1,-97,-13,4,6,34,4,13406209,460
295.07,1547729499,2422.42,51.512989,7.456291,158.12,8.93,1.31,136.37,1,-101,-14,3,5,31,4,13406209,460
296.07,1547729500,2431.31,51.512942,7.456392,156.15,8.64,-0.29,133.36,1,-101,-14,3,5,31,4,13406209,460
297.07,1547729501,2439.95,51.512895,7.456481,155.65,8.60,-0.04,132.11,1,-101,-15,3,8,33,4,13406209,460
298.07,1547729502,2448.57,51.512855,7.456573,155.19,7.56,-1.03,130.41,1,-101,-15,3,8,33,4,13406209,460
299.07,1547729503,2456.16,51.512815,7.456669,154.72,7.81,0.25,129.91,1,-98,-10,4,10,30,4,13406209,460
300.07,1547729504,2463.95,51.512768,7.456783,154.80,9.30,1.49,128.78,1,-98,-10,4,10,30,4,13406209,460
301.09,1547729505,2473.44,51.512718,7.456931,154.20,9.30,0.00,128.78,1,-103,-13,1,6,29,4,13406209,460
302.07,1547729506,2482.57,51.512652,7.457073,153.52,12.16,2.91,128.78,1,-103,-13,1,6,29,4,13406209,460
303.07,1547729507,2494.72,51.512592,7.457236,152.40,12.03,-0.13,129.79,1,-104,-14,-2,4,26,4,13406209,460
304.07,1547729508,2506.75,51.512522,7.457382,151.79,12.25,0.22,128.60,1,-104,-14,-2,4,26,4,13406209,460
305.08,1547729509,2519.12,51.512445,7.457535,151.97,13.00,0.74,127.76,1,-100,-13,-3,6,31,9,13830146,487
306.07,1547729510,2532.00,51.512369,7.457706,152.29,14.39,1.40,127.16,1,-100,-13,-3,6,31,9,13830146,487
307.07,1547729511,2546.37,51.512300,7.457886,151.33,14.26,-0.13,126.72,1,-100,-13,-3,6,31,9,13830146,487
308.07,1547729512,2560.65,51.512224,7.458077,149.48,15.17,0.91,126.06,1,-99,-14,0,6,32,9,13830146,487
309.07,1547729513,2575.76,51.512144,7.458255,148.53,14.98,-0.19,125.54,1,-99,-14,0,6,32,9,13830146,487
310.07,1547729514,2590.76,51.512039,7.458179,141.80,14.32,-0.66,126.46,1,-96,-13,-3,6,39,6,14035459,482
311.07,1547729515,2605.12,51.512002,7.458595,146.14,13.05,-1.26,126.87,1,-96,-13,-3,6,39,6,14035459,482
312.07,1547729516,2618.17,51.511942,7.458739,145.71,11.46,-1.59,126.33,1,-95,-12,-2,5,35,6,14035459,482
313.07,1547729517,2629.61,51.511893,7.458863,145.22,9.42,-2.05,127.86,1,-95,-12,-2,5,35,6,14035459,482
314.07,1547729518,2639.04,51.511855,7.458971,145.10,7.30,-2.12,128.36,1,-100,-11,1,4,29,6,14035459,482
315.07,1547729519,2646.33,51.511820,7.459050,145.79,5.84,-1.46,129.12,1,-100,-11,1,4,29,6,14035459,482
316.07,1547729520,2652.18,51.511801,7.459105,145.83,3.34,-2.50,128.16,1,-97,-10,1,7,32,6,14035459,482
317.07,1547729521,2655.52,51.511795,7.459134,145.82,1.75,-1.59,127.71,1,-97,-10,1,7,32,6,14035459,482
318.07,1547729522,2657.27,51.511795,7.459134,145.77,0.33,-1.42,127.71,1,-100,-11,7,8,30,6,14035459,482
319.07,1547729523,2657.60,51.511795,7.459134,145.78,0.00,-0.33,127.71,1,-100,-11,7,8,30,6,14035459,482
320.07,1547729524,2657.60,51.511795,7.459134,145.80,0.00,0.00,127.71,1,-99,-12,-1,5,31,6,14035459,482
321.07,1547729525,2657.60,51.511795,7.459134,145.84,0.00,0.00,127.71,1,-99,-12,-1,5,31,6,14035459,482
322.07,1547729526,2657.60,51.511795,7.459134,145.89,0.00,0.00,127.71,1,-100,-14,2,6,34,6,14035459,482
323.07,1547729527,2657.60,51.511795,7.459134,145.95,0.00,0.00,127.71,1,-100,-14,2,6,34,6,14035459,482
324.07,1547729528,2657.60,51.511795,7.459134,146.01,0.00,0.00,127.71,1,-100,-13,2,5,31,6,14035459,482
325.07,1547729529,2657.60,51.511795,7.459134,146.08,0.00,0.00,127.71,1,-100,-13,2,5,31,6,14035459,482
326.08,1547729530,2657.60,51.511795,7.459134,146.16,0.00,0.00,127.71,1,-99,-10,5,4,31,6,14035459,482
327.07,1547729531,2657.60,51.511795,7.459134,146.24,0.00,0.00,127.71,1,-99,-10,5,4,31,6,14035459,482
328.07,1547729532,2657.60,51.511795,7.459134,146.32,0.00,0.00,127.71,1,-99,-10,5,4,31,6,14035459,482
329.07,1547729533,2657.60,51.511778,7.458840,146.40,0.00,0.00,127.71,1,-99,-13,0,7,32,6,14035459,482
330.07,1547729534,2657.60,51.511795,7.459134,146.49,0.00,0.00,127.71,1,-99,-13,0,7,32,6,14035459,482
331.09,1547729535,2657.60,51.511795,7.459134,146.55,0.00,0.00,127.71,1,-100,-10,2,5,29,6,14035459,482
332.07,1547729536,2657.60,51.511795,7.459134,146.60,0.00,0.00,127.71,1,-100,-10,2,5,29,6,14035459,482
333.07,1547729537,2657.60,51.511795,7.459134,146.64,0.00,0.00,127.71,1,-101,-13,3,5,31,6,14035459,482
334.07,1547729538,2657.60,51.511795,7.459134,146.67,0.00,0.00,127.71,1,-101,-13,3,5,31,6,14035459,482
335.07,1547729539,2657.60,51.511795,7.459134,146.71,0.00,0.00,127.71,1,-102,-14,2,6,32,6,14035459,482
336.07,1547729540,2657.60,51.511795,7.459134,146.73,0.00,0.00,127.71,1,-102,-14,2,6,32,6,14035459,482
337.07,1547729541,2657.60,51.511795,7.459134,146.76,0.00,0.00,127.71,1,-100,-11,3,7,30,6,14035459,482
338.07,1547729542,2657.60,51.511795,7.459134,146.78,0.00,0.00,127.71,1,-100,-11,3,7,30,6,14035459,482
339.07,1547729543,2657.60,51.511795,7.459134,146.80,0.00,0.00,127.71,1,-99,-13,-3,6,33,6,14035459,482
340.07,1547729544,2657.60,51.511795,7.459134,146.82,0.00,0.00,127.71,1,-99,-13,-3,6,33,6,14035459,482
341.07,1547729545,2657.60,51.511795,7.459134,146.84,0.00,0.00,127.71,1,-99,-12,-1,7,32,6,14035459,482
342.08,1547729546,2657.60,51.511795,7.459134,146.86,0.00,0.00,127.71,1,-99,-12,-1,7,32,6,14035459,482
343.08,1547729547,2657.60,51.511795,7.459134,146.87,0.00,0.00,127.71,1,-101,-15,0,6,34,6,14035459,482
344.07,1547729548,2657.60,51.511795,7.459134,146.89,0.00,0.00,127.71,1,-101,-15,0,6,34,6,14035459,482
345.07,1547729549,2657.60,51.511795,7.459134,146.90,0.00,0.00,127.71,1,-102,-15,-1,5,33,6,14035459,482
346.07,1547729550,2657.60,51.511795,7.459134,146.91,0.00,0.00,127.71,1,-102,-15,-1,5,33,6,14035459,482
347.08,1547729551,2657.60,51.511795,7.459134,146.92,0.00,0.00,127.71,1,-100,-14,0,4,35,6,14035459,482
348.07,1547729552,2657.60,51.511795,7.459134,146.92,0.00,0.00,127.71,1,-100,-14,0,4,35,6,14035459,482
349.07,1547729553,2657.60,51.511749,7.458952,146.93,0.00,0.00,127.71,1,-100,-14,0,4,35,6,14035459,482
350.07,1547729554,2657.60,51.511795,7.459134,146.93,0.00,0.00,127.71,1,-100,-14,-2,7,31,6,14035459,482
351.08,1547729555,2657.60,51.511795,7.459134,146.93,0.00,0.00,127.71,1,-100,-14,-2,7,31,6,14035459,482
352.07,1547729556,2657.60,51.511795,7.459134,146.93,0.00,0.00,127.71,1,-100,-13,1,4,30,6,14035459,482
353.08,1547729557,2657.60,51.511795,7.459134,146.93,0.00,0.00,127.71,1,-100,-13,1,4,30,6,14035459,482
354.08,1547729558,2657.60,51.511795,7.459134,147.04,0.00,0.00,127.71,1,-100,-13,1,4,34,6,14035459,482
355.08,1547729559,2657.60,51.511795,7.459134,147.05,0.00,0.00,127.71,1,-100,-13,1,4,34,6,14035459,482
356.07,1547729560,2657.60,51.511795,7.459134,147.00,0.00,0.00,125.77,1,-101,-12,-2,5,29,6,14035459,482
357.07,1547729561,2657.60,51.511739,7.459285,146.04,0.00,0.00,130.74,1,-101,-12,-2,5,29,6,14035459,482
358.07,1547729562,2657.60,51.511688,7.459386,145.32,4.83,0.00,128.06,1,-104,-14,-3,5,29,6,14035459,482
359.07,1547729563,2662.44,51.511634,7.459467,144.44,7.40,2.56,133.30,1,-104,-14,-3,5,29,6,14035459,482
360.07,1547729564,2669.80,51.511575,7.459556,143.55,7.73,0.33,132.63,1,-103,-12,-3,6,29,6,14035459,482
361.07,1547729565,2677.56,51.511509,7.459654,142.94,8.21,0.48,130.42,1,-103,-12,-3,6,29,6,14035459,482
362.08,1547729566,2685.79,51.511439,7.459777,142.83,10.20,1.98,130.65,1,-105,-15,-3,5,29,6,14035459,482
363.07,1547729567,2695.96,51.511374,7.459901,142.31,9.94,-0.26,129.63,1,-105,-15,-3,5,29,6,14035459,482
364.07,1547729568,2705.88,51.511313,7.460029,143.30,10.85,0.91,130.75,1,-108,-18,-6,3,29,7,12902921,323
365.07,1547729569,2716.75,51.511255,7.460153,144.05,10.65,-0.20,131.64,1,-108,-18,-6,3,29,7,12902921,323
366.07,1547729570,2727.36,51.511188,7.460278,145.38,10.77,0.12,130.93,1,-95,-14,-3,6,36,7,12902921,323
367.07,1547729571,2738.15,51.511125,7.460393,148.04,10.64,-0.13,131.06,1,-95,-14,-3,6,36,7,12902921,323
368.08,1547729572,2748.91,51.511057,7.460520,150.76,11.52,0.87,131.92,1,-100,-12,-4,6,35,7,13406217,218
369.07,1547729573,2760.29,51.510986,7.460650,153.13,12.09,0.57,132.69,1,-100,-12,-4,6,35,7,13406217,218
370.07,1547729574,2772.43,51.510919,7.460782,153.89,12.13,0.05,133.60,1,-100,-12,-4,6,35,7,13406217,218
371.08,1547729575,2784.61,51.510850,7.460913,153.95,11.85,-0.28,133.22,1,-99,-11,-1,10,28,7,13406217,218
372.07,1547729576,2796.39,51.510782,7.461030,153.48,11.19,-0.67,133.53,1,-99,-11,-1,10,28,7,13406217,218
373.07,1547729577,2807.57,51.510715,7.461137,152.84,10.37,-0.82,134.43,1,-98,-14,-1,10,33,7,13406217,218
374.07,1547729578,2817.94,51.510651,7.461244,152.11,9.97,-0.40,134.08,1,-98,-14,-1,10,33,7,13406217,218
375.07,1547729579,2827.94,51.510588,7.461345,151.35,9.67,-0.30,134.49,1,-96,-12,1,12,33,7,13406217,218
376.07,1547729580,2837.59,51.510524,7.461438,150.66,9.42,-0.25,135.29,1,-96,-12,1,12,33,7,13406217,218
377.07,1547729581,2847.00,51.510459,7.461536,150.08,9.66,0.24,133.63,1,-98,-11,1,10,31,7,13406217,218
378.07,1547729582,2856.66,51.510395,7.461633,149.50,9.40,-0.26,134.36,1,-98,-11,1,10,31,7,13406217,218
379.07,1547729583,2866.08,51.510335,7.461734,149.31,9.39,-0.01,132.89,1,-100,-12,-2,8,28,7,13406217,218
380.07,1547729584,2875.48,51.510280,7.461836,149.03,9.26,-0.13,130.66,1,-100,-12,-2,8,28,7,13406217,218
381.07,1547729585,2884.71,51.510239,7.461921,148.31,7.36,-1.91,129.64,1,-94,-8,-5,6,31,8,12902921,323
382.07,1547729586,2892.07,51.510204,7.461991,147.20,5.26,-2.10,132.52,1,-94,-8,-5,6,31,8,12902921,323
383.07,1547729587,2897.34,51.510182,7.462041,147.14,3.33,-1.93,128.41,1,-90,-8,7,9,34,8,12902921,323
384.07,1547729588,2900.67,51.510172,7.462069,147.14,1.51,-1.82,127.55,1,-90,-8,7,9,34,8,12902921,323
385.07,1547729589,2902.18,51.510172,7.462069,147.15,0.00,-1.51,127.55,1,-91,-9,13,10,38,8,12902921,323
386.07,1547729590,2902.18,51.510172,7.462069,147.16,0.00,0.00,127.55,1,-91,-9,13,10,38,8,12902921,323
387.07,1547729591,2902.18,51.510172,7.462069,147.17,0.00,0.00,127.55,1,-92,-8,25,10,38,8,12902921,323
388.07,1547729592,2902.18,51.510172,7.462069,147.16,0.00,0.00,127.55,1,-92,-8,25,10,38,8,12902921,323
389.07,1547729593,2902.18,51.510172,7.462069,147.16,0.00,0.00,127.55,1,-91,-9,12,10,38,8,12902921,323
390.07,1547729594,2902.18,51.510172,7.462069,147.16,0.00,0.00,127.55,1,-91,-9,12,10,38,8,12902921,323
391.07,1547729595,2902.18,51.510172,7.462069,147.17,0.00,0.00,127.55,1,-91,-9,12,10,38,8,12902921,323
392.07,1547729596,2902.18,51.510172,7.462069,147.18,0.00,0.00,127.55,1,-91,-11,10,15,38,8,12902921,323
393.07,1547729597,2902.18,51.510172,7.462069,147.19,0.00,0.00,127.55,1,-91,-11,10,15,38,8,12902921,323
394.07,1547729598,2902.18,51.510172,7.462069,147.21,0.00,0.00,127.55,1,-91,-8,8,8,35,8,12902921,323
395.07,1547729599,2902.18,51.510172,7.462069,147.24,0.00,0.00,127.55,1,-91,-8,8,8,35,8,12902921,323
396.07,1547729600,2902.18,51.510172,7.462069,147.26,0.00,0.00,127.55,1,-93,-8,25,10,34,8,12902921,323
397.07,1547729601,2902.18,51.510172,7.462069,147.28,0.00,0.00,127.55,1,-93,-8,25,10,34,8,12902921,323
398.07,1547729602,2902.18,51.510172,7.462069,147.30,0.00,0.00,127.55,1,-92,-9,28,11,36,8,12902921,323
399.07,1547729603,2902.18,51.510172,7.462069,147.32,0.00,0.00,127.55,1,-92,-9,28,11,36,8,12902921,323
400.08,1547729604,2902.18,51.510172,7.462069,147.34,0.00,0.00,127.55,1,-91,-9,12,10,37,8,12902921,323
401.07,1547729605,2902.18,51.510172,7.462069,147.36,0.00,0.00,127.55,1,-91,-9,12,10,37,8,12902921,323
402.07,1547729606,2902.18,51.510172,7.462069,147.37,0.00,0.00,127.55,1,-92,-12,10,13,39,8,12902921,323
403.07,1547729607,2902.18,51.510172,7.462069,147.39,0.00,0.00,127.55,1,-92,-12,10,13,39,8,12902921,323
404.07,1547729608,2902.18,51.510172,7.462069,147.41,0.00,0.00,127.55,1,-90,-9,26,9,33,8,12902921,323
405.07,1547729609,2902.18,51.510172,7.462069,147.44,0.00,0.00,127.55,1,-90,-9,26,9,33,8,12902921,323
406.07,1547729610,2902.18,51.510172,7.462069,147.47,0.00,0.00,127.55,1,-91,-7,25,9,33,8,12902921,323
407.07,1547729611,2902.18,51.510172,7.462069,147.50,0.00,0.00,127.55,1,-91,-7,25,9,33,8,12902921,323
408.07,1547729612,2902.18,51.510172,7.462069,147.74,0.00,0.00,127.55,1,-91,-8,14,11,34,8,12902921,323
409.07,1547729613,2902.18,51.510172,7.462069,148.05,0.00,0.00,127.55,1,-91,-8,14,11,34,8,12902921,323
410.07,1547729614,2902.18,51.510116,7.462269,150.46,0.00,0.00,120.08,1,-91,-7,22,11,33,8,12902921,323
411.07,1547729615,2902.18,51.510116,7.462269,152.47,0.00,0.00,119.58,1,-91,-7,22,11,33,8,12902921,323
412.07,1547729616,2902.18,51.510043,7.462516,153.04,10.09,0.00,118.12,1,-86,-11,11,11,39,8,12902921,323
413.07,1547729617,2912.21,51.509996,7.462642,152.70,10.09,0.00,119.09,1,-86,-11,11,11,39,8,12902921,323
414.07,1547729618,2922.33,51.509942,7.462781,152.87,11.72,1.63,114.26,1,-86,-11,11,11,39,8,12902921,323
415.07,1547729619,2934.04,51.509905,7.462966,152.52,12.48,0.76,102.24,1,-88,-8,10,9,35,8,12902921,323
416.07,1547729620,2946.52,51.509884,7.463127,151.62,11.95,-0.53,100.04,1,-88,-8,10,9,35,8,12902921,323
417.07,1547729621,2958.49,51.509870,7.463295,150.43,11.23,-0.73,97.47,1,-88,-10,15,11,39,8,12902921,323
418.07,1547729622,2969.73,51.509865,7.463477,149.36,11.86,0.63,95.25,1,-88,-10,15,11,39,8,12902921,323
419.07,1547729623,2981.59,51.509865,7.463622,148.43,9.31,-2.55,93.92,1,-82,-6,15,11,38,8,12902921,323
420.07,1547729624,2990.89,51.509860,7.463750,148.49,7.85,-1.46,93.76,1,-82,-6,15,11,38,8,12902921,323
421.07,1547729625,2998.74,51.509858,7.463859,148.53,6.45,-1.40,94.62,1,-81,-10,21,11,48,8,12902921,323
422.07,1547729626,3005.20,51.509860,7.463958,148.71,4.82,-1.64,94.12,1,-81,-10,21,11,48,8,12902921,323
423.07,1547729627,3010.02,51.509855,7.464031,148.75,3.81,-1.01,97.44,1,-85,-7,16,10,40,8,12902921,323
424.07,1547729628,3013.82,51.509857,7.464091,148.68,2.97,-0.83,95.24,1,-85,-7,16,10,40,8,12902921,323
425.07,1547729629,3016.80,51.509864,7.464143,148.61,2.45,-0.53,94.82,1,-81,-7,21,13,43,8,12902921,323
426.07,1547729630,3019.25,51.509871,7.464174,148.68,1.34,-1.11,94.82,1,-81,-7,21,13,43,8,12902921,323
427.07,1547729631,3020.58,51.509872,7.464231,148.76,1.34,0.00,95.76,1,-83,-7,21,15,41,8,12902921,323
428.07,1547729632,3021.92,51.509875,7.464293,148.83,2.68,1.34,104.48,1,-83,-7,21,15,41,8,12902921,323
429.07,1547729633,3024.59,51.509881,7.464361,149.48,4.42,1.74,93.25,1,-81,-7,22,13,41,8,12902921,323
430.07,1547729634,3029.02,51.509891,7.464440,150.27,4.42,0.00,95.84,1,-81,-7,22,13,41,8,12902921,323
431.07,1547729635,3033.42,51.509905,7.464513,151.26,5.17,0.76,95.33,1,-81,-7,25,15,42,8,12902921,323
432.07,1547729636,3038.59,51.509911,7.464595,152.10,5.21,0.05,100.29,1,-81,-7,25,15,42,8,12902921,323
433.08,1547729637,3043.87,51.509911,7.464694,152.02,5.97,0.74,100.79,1,-85,-7,19,13,41,8,12902921,323
434.07,1547729638,3049.78,51.509905,7.464793,152.07,5.46,-0.51,97.09,1,-85,-7,19,13,41,8,12902921,323
435.07,1547729639,3055.23,51.509906,7.464889,151.53,5.82,0.36,94.69,1,-85,-7,19,13,41,8,12902921,323
436.07,1547729640,3061.04,51.509908,7.464999,150.82,6.13,0.32,95.67,1,-88,-10,24,12,39,8,12902921,323
437.07,1547729641,3067.17,51.509909,7.465116,149.97,6.20,0.07,95.20,1,-88,-10,24,12,39,8,12902921,323
438.07,1547729642,3073.39,51.509912,7.465235,149.86,7.00,0.80,91.51,1,-92,-10,14,9,36,8,12902921,323
439.07,1547729643,3080.38,51.509911,7.465354,150.39,6.58,-0.42,92.00,1,-92,-10,14,9,36,8,12902921,323
440.07,1547729644,3086.96,51.509911,7.465492,151.32,7.86,1.28,92.49,1,-93,-8,13,9,31,8,12902921,323
441.07,1547729645,3094.80,51.509912,7.465640,152.12,9.18,1.33,92.85,1,-93,-8,13,9,31,8,12902921,323
442.07,1547729646,3104.02,51.509914,7.465789,152.43,9.29,0.10,93.27,1,-94,-8,24,11,30,8,12902921,323
443.07,1547729647,3113.30,51.509913,7.465942,152.33,9.30,0.02,92.79,1,-94,-8,24,11,30,8,12902921,323
444.07,1547729648,3122.60,51.509906,7.466100,152.51,9.44,0.14,92.69,1,-92,-9,29,15,37,8,12902921,323
445.07,1547729649,3132.05,51.509897,7.466277,152.23,10.47,1.02,93.44,1,-92,-9,29,15,37,8,12902921,323
446.07,1547729650,3142.52,51.509888,7.466456,152.33,12.13,1.67,92.47,1,-87,-7,27,11,36,8,12902921,323
447.07,1547729651,3154.64,51.509881,7.466655,153.29,13.25,1.12,91.79,1,-87,-7,27,11,36,8,12902921,323
