time_s,timestamp_ms,distance_m,latitude,longitude,altitude,velocity_mps,acceleration_mpss,direction,isRegistered,rsrp_dbm,rsrq_db,rssnr_db,cqi,ss,ta,ci,pci
0.02,1547727609,0.02,51.509781,7.468519,144.63,7.57,0.00,18.07,0,-88,-14,0,0,51,0,0,276
0.02,1547727609,0.02,51.509781,7.468519,144.63,7.57,0.00,18.07,0,-91,-15,0,0,50,0,0,320
1.02,1547727610,7.55,51.509801,7.468647,144.24,7.38,0.00,71.53,0,-88,-14,0,0,51,0,0,276
1.02,1547727610,7.55,51.509801,7.468647,144.24,7.38,0.00,71.53,0,-91,-15,0,0,50,0,0,320
2.02,1547727611,14.92,51.509829,7.468784,144.07,9.35,0.00,71.19,0,-87,-13,0,0,52,0,0,320
3.01,1547727612,24.27,51.509863,7.468916,143.98,9.34,0.00,68.13,0,-87,-13,0,0,52,0,0,320
4.02,1547727613,33.62,51.509903,7.469047,144.14,9.73,0.00,64.92,0,-86,-13,0,0,53,0,0,320
5.01,1547727614,43.34,51.509946,7.469191,144.80,10.80,0.00,63.53,0,-86,-13,0,0,53,0,0,320
6.02,1547727615,54.17,51.510002,7.469345,145.58,12.75,0.00,61.10,0,-90,-9,0,0,51,0,0,399
6.02,1547727615,54.17,51.510002,7.469345,145.58,12.75,0.00,61.10,0,-79,-11,0,0,58,0,0,320
7.02,1547727616,66.90,51.510061,7.469499,146.19,12.92,0.00,60.24,0,-90,-9,0,0,51,0,0,399
7.02,1547727616,66.91,51.510061,7.469499,146.19,12.92,0.00,60.24,0,-79,-11,0,0,58,0,0,320
8.02,1547727617,79.83,51.510129,7.469659,146.74,13.55,0.00,59.49,0,-101,-11,0,0,42,0,0,21
9.02,1547727618,93.38,51.510205,7.469830,147.34,14.49,0.00,58.62,0,-101,-11,0,0,42,0,0,21
10.02,1547727619,108.01,51.510282,7.470003,147.81,14.35,0.00,58.17,0,-107,-14,0,0,39,0,0,21
11.03,1547727620,122.44,51.510355,7.470173,148.88,13.98,0.00,57.02,0,-107,-14,0,0,39,0,0,21
12.01,1547727621,136.16,51.510432,7.470347,151.05,13.93,0.00,55.81,0,-107,-14,0,0,39,0,0,21
12.01,1547727621,136.16,51.510432,7.470347,151.05,13.93,0.00,55.81,0,-88,-15,0,0,56,0,0,441
12.01,1547727621,136.16,51.510432,7.470347,151.05,13.93,0.00,55.81,0,-92,-19,0,0,56,0,0,443
13.01,1547727622,150.12,51.510538,7.470575,153.37,13.93,0.00,56.71,0,-107,-14,0,0,39,0,0,21
13.01,1547727622,150.12,51.510538,7.470575,153.37,13.93,0.00,56.71,0,-88,-15,0,0,56,0,0,441
13.01,1547727622,150.12,51.510538,7.470575,153.37,13.93,0.00,56.71,0,-92,-19,0,0,56,0,0,443
14.02,1547727623,164.18,51.510633,7.470759,155.78,14.21,0.00,52.86,0,-90,-15,0,0,54,0,0,441
14.02,1547727623,164.18,51.510633,7.470759,155.78,14.21,0.00,52.86,0,-92,-18,0,0,54,0,0,31
15.02,1547727624,178.27,51.510724,7.470912,157.58,13.28,0.00,46.55,0,-90,-15,0,0,54,0,0,441
15.02,1547727624,178.28,51.510724,7.470912,157.58,13.28,0.00,46.55,0,-92,-18,0,0,54,0,0,31
16.02,1547727625,191.55,51.510822,7.471040,158.42,14.18,0.00,44.38,0,-90,-15,0,0,54,0,0,441
16.02,1547727625,191.56,51.510822,7.471040,158.42,14.18,0.00,44.38,0,-92,-18,0,0,54,0,0,31
17.02,1547727626,205.73,51.510928,7.471176,158.64,15.19,0.00,42.55,0,-90,-16,0,0,55,0,0,441
17.02,1547727626,205.75,51.510928,7.471176,158.64,15.19,0.00,42.55,0,-93,-20,0,0,55,0,0,443
18.02,1547727627,220.94,51.511033,7.471307,158.39,14.88,0.00,41.53,0,-90,-16,0,0,55,0,0,441
18.02,1547727627,220.95,51.511033,7.471307,158.39,14.88,0.00,41.53,0,-93,-20,0,0,55,0,0,443
19.02,1547727628,235.80,51.511138,7.471429,157.85,14.28,0.00,40.83,0,-87,-15,0,0,57,0,0,441
20.02,1547727629,250.14,51.511240,7.471555,156.73,14.10,0.00,40.34,0,-87,-15,0,0,57,0,0,441
21.03,1547727630,264.38,51.511338,7.471674,155.57,13.79,0.00,39.50,0,-85,-11,0,0,56,0,0,441
22.01,1547727631,277.93,51.511441,7.471787,153.87,13.66,0.00,38.75,0,-85,-11,0,0,56,0,0,441
23.01,1547727632,291.56,51.511538,7.471902,152.89,13.23,0.00,39.12,0,-83,-13,0,0,58,0,0,441
24.01,1547727633,304.81,51.511632,7.472014,151.73,12.81,0.00,38.88,0,-83,-13,0,0,58,0,0,441
25.01,1547727634,317.60,51.511726,7.472123,150.81,12.85,0.00,38.51,0,-86,-10,0,0,52,0,0,441
26.01,1547727635,330.46,51.511815,7.472228,149.77,12.27,0.00,38.15,0,-86,-10,0,0,52,0,0,441
27.02,1547727636,342.79,51.511898,7.472328,148.76,11.59,0.00,38.05,0,-84,-13,0,0,58,0,0,441
28.01,1547727637,354.35,51.511976,7.472425,147.76,10.93,0.00,38.42,0,-84,-13,0,0,58,0,0,441
29.02,1547727638,365.29,51.512050,7.472511,146.89,9.96,0.00,38.00,0,-82,-12,0,0,59,0,0,441
30.02,1547727639,375.28,51.512123,7.472590,145.85,9.22,0.00,36.30,0,-82,-12,0,0,59,0,0,441
31.02,1547727640,384.49,51.512194,7.472661,145.11,8.70,0.00,32.22,0,-82,-12,0,0,60,0,0,441
32.01,1547727641,393.14,51.512255,7.472712,144.64,7.63,0.00,28.45,0,-82,-12,0,0,60,0,0,441
33.01,1547727642,400.77,51.512284,7.472716,144.62,3.09,0.00,7.69,0,-82,-18,0,0,63,0,0,441
34.01,1547727643,403.87,51.512298,7.472718,144.67,1.11,0.00,7.69,0,-82,-18,0,0,63,0,0,441
35.02,1547727644,404.98,51.512330,7.472710,144.77,1.11,0.00,19.02,0,-78,-16,0,0,63,0,0,441
36.02,1547727645,406.09,51.512356,7.472717,144.91,1.56,0.00,10.96,0,-78,-16,0,0,63,0,0,441
52.01,1547727661,408.54,51.512374,7.472726,146.65,0.00,0.00,8.45,0,-77,-13,0,0,63,0,0,441
53.01,1547727662,408.54,51.512374,7.472726,147.03,0.00,0.00,7.64,0,-77,-13,0,0,63,0,0,441
63.02,1547727672,485.49,51.513216,7.472899,149.33,10.53,0.00,4.10,0,-91,-19,0,0,56,0,0,441
64.02,1547727673,496.06,51.513310,7.472917,150.18,11.09,0.00,4.28,0,-91,-19,0,0,56,0,0,441
65.02,1547727674,507.11,51.513403,7.472931,150.90,11.25,0.00,4.07,0,-104,-13,0,0,40,0,0,400
65.02,1547727674,507.12,51.513403,7.472931,150.90,11.25,0.00,4.07,0,-93,-16,0,0,51,0,0,301
66.02,1547727675,518.35,51.513495,7.472942,152.36,11.35,0.00,4.26,0,-104,-13,0,0,40,0,0,400
66.02,1547727675,518.36,51.513495,7.472942,152.36,11.35,0.00,4.26,0,-93,-16,0,0,51,0,0,301
67.02,1547727676,529.71,51.513591,7.472954,154.00,11.75,0.00,3.96,0,-102,-12,0,0,41,0,0,400
67.02,1547727676,529.72,51.513591,7.472954,154.00,11.75,0.00,3.96,0,-92,-16,0,0,53,0,0,301
67.02,1547727676,529.74,51.513591,7.472954,154.00,11.75,0.00,3.96,0,-93,-17,0,0,53,0,0,318
68.02,1547727677,541.46,51.513688,7.472974,155.62,11.37,0.00,3.50,0,-102,-12,0,0,41,0,0,400
68.02,1547727677,541.47,51.513688,7.472974,155.62,11.37,0.00,3.50,0,-92,-16,0,0,53,0,0,301
68.02,1547727677,541.48,51.513688,7.472974,155.62,11.37,0.00,3.50,0,-93,-17,0,0,53,0,0,318
69.02,1547727678,552.82,51.513788,7.472992,156.67,11.69,0.00,3.11,0,-95,-9,0,0,46,0,0,400
69.02,1547727678,552.84,51.513788,7.472992,156.67,11.69,0.00,3.11,0,-85,-13,0,0,56,0,0,318
69.02,1547727678,552.85,51.513788,7.472992,156.67,11.69,0.00,3.11,0,-89,-17,0,0,56,0,0,301
70.02,1547727679,564.56,51.513886,7.472989,157.41,11.48,0.00,2.44,0,-95,-9,0,0,46,0,0,400
70.02,1547727679,564.58,51.513886,7.472989,157.41,11.48,0.00,2.44,0,-85,-13,0,0,56,0,0,318
70.02,1547727679,564.58,51.513886,7.472989,157.41,11.48,0.00,2.44,0,-89,-17,0,0,56,0,0,301
71.02,1547727680,576.02,51.513984,7.472997,158.17,11.13,0.00,2.10,0,-105,-14,0,0,41,0,0,399
71.02,1547727680,576.02,51.513984,7.472997,158.17,11.13,0.00,2.10,0,-88,-15,0,0,55,0,0,127
71.02,1547727680,576.03,51.513984,7.472997,158.17,11.13,0.00,2.10,0,-93,-19,0,0,55,0,0,301
72.01,1547727681,587.09,51.514084,7.473003,157.60,11.08,0.00,1.76,0,-105,-14,0,0,41,0,0,399
72.01,1547727681,587.10,51.514084,7.473003,157.60,11.08,0.00,1.76,0,-88,-15,0,0,55,0,0,127
72.01,1547727681,587.10,51.514084,7.473003,157.60,11.08,0.00,1.76,0,-93,-19,0,0,55,0,0,301
73.01,1547727682,598.16,51.514182,7.473008,155.94,11.04,0.00,2.20,0,-91,-18,0,0,55,0,0,127
73.01,1547727682,598.16,51.514182,7.473008,155.94,11.04,0.00,2.20,0,-93,-19,0,0,55,0,0,44
74.01,1547727683,609.22,51.514278,7.473010,153.67,10.84,0.00,2.91,0,-91,-18,0,0,55,0,0,127
74.01,1547727683,609.22,51.514278,7.473010,153.67,10.84,0.00,2.91,0,-93,-19,0,0,55,0,0,44
75.02,1547727684,620.09,51.514374,7.473009,151.34,10.84,0.00,3.30,0,-89,-17,0,0,56,0,0,127
76.02,1547727685,630.92,51.514465,7.473009,148.98,10.12,0.00,4.13,0,-89,-17,0,0,56,0,0,127
77.01,1547727686,641.03,51.514538,7.473007,147.02,8.08,0.00,4.62,0,-92,-19,0,0,56,0,0,127
78.01,1547727687,649.10,51.514595,7.473011,145.58,6.00,0.00,5.95,0,-92,-19,0,0,56,0,0,127
79.02,1547727688,655.15,51.514644,7.473010,144.84,5.08,0.00,5.52,0,-90,-17,0,0,56,0,0,127
80.02,1547727689,660.21,51.514684,7.473008,144.87,3.99,0.00,5.79,0,-90,-17,0,0,56,0,0,127
81.02,1547727690,664.19,51.514714,7.473010,144.85,2.58,0.00,6.64,0,-90,-17,0,0,56,0,0,127
82.02,1547727691,666.77,51.514735,7.473013,144.83,1.83,0.00,5.80,0,-89,-18,0,0,57,0,0,320
82.02,1547727691,666.77,51.514735,7.473013,144.83,1.83,0.00,5.80,0,-90,-20,0,0,58,0,0,127
83.01,1547727692,668.59,51.514749,7.473012,144.86,1.16,0.00,7.05,0,-89,-18,0,0,57,0,0,320
83.01,1547727692,668.59,51.514749,7.473012,144.86,1.16,0.00,7.05,0,-90,-20,0,0,58,0,0,127
84.01,1547727693,669.75,51.514749,7.473012,144.86,0.00,0.00,7.05,0,-92,-19,0,0,55,0,0,127
85.02,1547727694,669.75,51.514749,7.473012,144.88,0.00,0.00,7.05,0,-92,-19,0,0,55,0,0,127
86.02,1547727695,669.75,51.514749,7.473012,144.90,0.00,0.00,7.05,0,-107,-16,0,0,43,0,0,399
87.01,1547727696,669.75,51.514749,7.473012,144.93,0.00,0.00,7.05,0,-107,-16,0,0,43,0,0,399
88.02,1547727697,669.75,51.514749,7.473012,144.97,0.00,0.00,7.05,0,-107,-14,0,0,40,0,0,399
89.02,1547727698,669.75,51.514749,7.473012,145.01,0.00,0.00,7.05,0,-107,-14,0,0,40,0,0,399
90.02,1547727699,669.75,51.514749,7.473012,145.07,0.00,0.00,7.05,0,-107,-14,0,0,40,0,0,399
91.02,1547727700,669.75,51.514749,7.473012,145.14,0.00,0.00,7.05,0,-107,-14,0,0,40,0,0,399
92.01,1547727701,669.75,51.514749,7.473012,145.21,0.00,0.00,7.05,0,-106,-13,0,0,39,0,0,399
93.02,1547727702,669.75,51.514749,7.473012,145.28,0.00,0.00,7.05,0,-106,-13,0,0,39,0,0,399
94.02,1547727703,669.75,51.514749,7.473012,145.37,0.00,0.00,7.05,0,-106,-13,0,0,39,0,0,399
95.02,1547727704,669.75,51.514749,7.473012,145.45,0.00,0.00,7.05,0,-106,-13,0,0,39,0,0,399
96.02,1547727705,669.75,51.514749,7.473012,145.55,0.00,0.00,7.05,0,-106,-13,0,0,40,0,0,399
97.01,1547727706,669.75,51.514749,7.473012,145.64,0.00,0.00,7.05,0,-106,-13,0,0,40,0,0,399
103.01,1547727712,683.12,51.515046,7.473042,158.76,8.21,0.00,3.04,0,-93,-17,0,0,52,0,0,44
103.01,1547727712,683.12,51.515046,7.473042,158.76,8.21,0.00,3.04,0,-94,-17,0,0,51,0,0,127
104.01,1547727713,691.33,51.515129,7.473044,157.15,9.44,0.00,1.47,0,-93,-17,0,0,52,0,0,44
104.01,1547727713,691.34,51.515129,7.473044,157.15,9.44,0.00,1.47,0,-94,-17,0,0,51,0,0,127
105.01,1547727714,700.77,51.515215,7.473044,155.18,10.23,0.00,359.88,0,-93,-19,0,0,54,0,0,44
105.01,1547727714,700.78,51.515215,7.473044,155.18,10.23,0.00,359.88,0,-94,-19,0,0,54,0,0,127
106.02,1547727715,711.05,51.515303,7.473037,153.05,10.43,0.00,357.80,0,-93,-19,0,0,54,0,0,44
106.02,1547727715,711.06,51.515303,7.473037,153.05,10.43,0.00,357.80,0,-94,-19,0,0,54,0,0,127
107.01,1547727716,721.43,51.515394,7.473018,151.13,10.90,0.00,355.21,0,-93,-19,0,0,54,0,0,127
108.02,1547727717,732.38,51.515494,7.472988,149.60,11.84,0.00,352.22,0,-93,-19,0,0,54,0,0,127
109.02,1547727718,744.23,51.515595,7.472944,148.81,11.81,0.00,348.81,0,-93,-19,0,0,55,0,0,127
109.02,1547727718,744.23,51.515595,7.472944,148.81,11.81,0.00,348.81,0,-94,-20,0,0,55,0,0,44
110.02,1547727719,756.08,51.515694,7.472883,148.11,11.86,0.00,345.27,0,-93,-19,0,0,55,0,0,127
110.02,1547727719,756.09,51.515694,7.472883,148.11,11.86,0.00,345.27,0,-94,-20,0,0,55,0,0,44
111.01,1547727720,767.87,51.515794,7.472814,147.14,12.14,0.00,342.19,0,-92,-18,0,0,55,0,0,127
112.01,1547727721,779.98,51.515876,7.472718,145.83,11.33,0.00,326.85,0,-92,-18,0,0,55,0,0,127
113.02,1547727722,791.35,51.515969,7.472613,143.66,12.05,0.00,326.99,0,-91,-17,0,0,55,0,0,127
114.01,1547727723,803.39,51.516058,7.472503,141.36,12.21,0.00,325.60,0,-91,-17,0,0,55,0,0,127
115.02,1547727724,815.61,51.516144,7.472387,139.69,12.46,0.00,323.40,0,-93,-18,0,0,54,0,0,127
116.02,1547727725,828.07,51.516227,7.472265,138.57,12.55,0.00,320.46,0,-93,-18,0,0,54,0,0,127
117.02,1547727726,840.64,51.516309,7.472138,137.65,12.76,0.00,319.38,0,-87,-16,0,0,57,0,0,127
117.02,1547727726,840.65,51.516309,7.472138,137.65,12.76,0.00,319.38,0,-90,-18,0,0,57,0,0,302
118.02,1547727727,853.39,51.516366,7.471981,137.19,11.98,0.00,304.75,0,-87,-16,0,0,57,0,0,127
118.02,1547727727,853.40,51.516366,7.471981,137.19,11.98,0.00,304.75,0,-90,-18,0,0,57,0,0,302
119.02,1547727728,865.36,51.516419,7.471813,136.41,12.10,0.00,302.96,0,-85,-13,0,0,57,0,0,127
120.02,1547727729,877.51,51.516470,7.471643,135.56,12.32,0.00,300.46,0,-85,-13,0,0,57,0,0,127
121.01,1547727730,889.77,51.516521,7.471467,134.51,12.76,0.00,298.01,0,-82,-13,0,0,60,0,0,127
122.01,1547727731,902.53,51.516568,7.471304,133.38,12.29,0.00,295.99,0,-82,-13,0,0,60,0,0,127
123.03,1547727732,914.97,51.516613,7.471136,132.37,12.32,0.00,296.66,0,-79,-13,0,0,63,0,0,127
124.01,1547727733,927.11,51.516654,7.470973,131.46,12.66,0.00,296.22,0,-79,-13,0,0,63,0,0,127
125.01,1547727734,939.77,51.516700,7.470808,130.86,13.00,0.00,295.56,0,-79,-13,0,0,63,0,0,127
126.02,1547727735,952.83,51.516748,7.470634,130.36,13.02,0.00,295.80,0,-104,-12,0,0,39,0,0,20
126.02,1547727735,952.83,51.516748,7.470634,130.36,13.02,0.00,295.80,0,-84,-13,0,0,58,0,0,127
127.02,1547727736,965.85,51.516797,7.470458,129.75,13.01,0.00,295.27,0,-104,-12,0,0,39,0,0,20
127.02,1547727736,965.87,51.516797,7.470458,129.75,13.01,0.00,295.27,0,-84,-13,0,0,58,0,0,127
128.02,1547727737,978.85,51.516835,7.470310,129.68,13.18,0.00,294.40,0,-79,-13,0,0,63,0,0,127
129.02,1547727738,992.03,51.516887,7.470106,129.10,14.14,0.00,293.14,0,-79,-13,0,0,63,0,0,127
130.02,1547727739,1006.21,51.516930,7.469923,128.90,14.65,0.00,292.05,0,-77,-12,0,0,63,0,0,127
131.01,1547727740,1020.73,51.516981,7.469717,128.61,14.57,0.00,290.35,0,-77,-12,0,0,63,0,0,127
132.02,1547727741,1035.43,51.517023,7.469523,128.89,14.35,0.00,288.90,0,-119,-18,0,0,31,0,0,231
132.02,1547727741,1035.43,51.517023,7.469523,128.89,14.35,0.00,288.90,0,-119,-16,0,0,31,0,0,488
132.02,1547727741,1035.44,51.517023,7.469523,128.89,14.35,0.00,288.90,0,-119,-19,0,0,32,0,0,33
132.02,1547727741,1035.46,51.517023,7.469523,128.89,14.35,0.00,288.90,0,-81,-14,0,0,61,0,0,127
132.02,1547727741,1035.47,51.517023,7.469523,128.89,14.35,0.00,288.90,0,-83,-16,0,0,61,0,0,128
133.02,1547727742,1049.78,51.517062,7.469327,129.15,14.03,0.00,288.11,0,-119,-18,0,0,31,0,0,231
133.02,1547727742,1049.79,51.517062,7.469327,129.15,14.03,0.00,288.11,0,-119,-16,0,0,31,0,0,488
133.02,1547727742,1049.81,51.517062,7.469327,129.15,14.03,0.00,288.11,0,-119,-19,0,0,32,0,0,33
133.02,1547727742,1049.81,51.517062,7.469327,129.15,14.03,0.00,288.11,0,-81,-14,0,0,61,0,0,127
133.02,1547727742,1049.82,51.517062,7.469327,129.15,14.03,0.00,288.11,0,-83,-16,0,0,61,0,0,128
134.02,1547727743,1063.81,51.517101,7.469140,129.32,13.92,0.00,288.67,0,-117,-17,0,0,31,0,0,20
134.02,1547727743,1063.82,51.517101,7.469140,129.32,13.92,0.00,288.67,0,-118,-17,0,0,31,0,0,15
134.02,1547727743,1063.83,51.517101,7.469140,129.32,13.92,0.00,288.67,0,-118,-17,0,0,31,0,0,175
134.02,1547727743,1063.85,51.517101,7.469140,129.32,13.92,0.00,288.67,0,-81,-13,0,0,62,0,0,127
134.02,1547727743,1063.85,51.517101,7.469140,129.32,13.92,0.00,288.67,0,-83,-16,0,0,62,0,0,128
135.02,1547727744,1077.73,51.517142,7.468942,129.34,13.73,0.00,289.16,0,-117,-17,0,0,31,0,0,20
135.02,1547727744,1077.74,51.517142,7.468942,129.34,13.73,0.00,289.16,0,-118,-17,0,0,31,0,0,15
135.02,1547727744,1077.76,51.517142,7.468942,129.34,13.73,0.00,289.16,0,-118,-17,0,0,31,0,0,175
135.02,1547727744,1077.76,51.517142,7.468942,129.34,13.73,0.00,289.16,0,-81,-13,0,0,62,0,0,127
135.02,1547727744,1077.77,51.517142,7.468942,129.34,13.73,0.00,289.16,0,-83,-16,0,0,62,0,0,128
136.02,1547727745,1091.43,51.517182,7.468756,129.48,13.32,0.00,289.76,0,-92,-17,0,0,51,0,0,176
136.02,1547727745,1091.45,51.517182,7.468756,129.48,13.32,0.00,289.76,0,-87,-15,0,0,53,0,0,127
136.02,1547727745,1091.46,51.517182,7.468756,129.48,13.32,0.00,289.76,0,-89,-15,0,0,53,0,0,128
137.02,1547727746,1104.75,51.517225,7.468574,129.78,12.91,0.00,290.38,0,-92,-17,0,0,51,0,0,176
137.02,1547727746,1104.76,51.517225,7.468574,129.78,12.91,0.00,290.38,0,-87,-15,0,0,53,0,0,127
137.02,1547727746,1104.78,51.517225,7.468574,129.78,12.91,0.00,290.38,0,-89,-15,0,0,53,0,0,128
138.02,1547727747,1117.69,51.517268,7.468396,129.93,12.38,0.00,290.90,0,-97,-18,0,0,47,0,0,461
138.02,1547727747,1117.69,51.517268,7.468396,129.93,12.38,0.00,290.90,0,-99,-19,0,0,46,0,0,18
139.02,1547727748,1130.03,51.517308,7.468245,130.08,10.71,0.00,292.16,0,-97,-18,0,0,47,0,0,461
139.02,1547727748,1130.04,51.517308,7.468245,130.08,10.71,0.00,292.16,0,-99,-19,0,0,46,0,0,18
140.02,1547727749,1140.81,51.517342,7.468098,129.87,8.80,0.00,292.79,0,-98,-18,0,0,46,0,0,18
140.02,1547727749,1140.81,51.517342,7.468098,129.87,8.80,0.00,292.79,0,-99,-20,0,0,47,0,0,461
141.02,1547727750,1149.56,51.517366,7.468014,130.16,7.46,0.00,294.26,0,-98,-18,0,0,46,0,0,18
141.02,1547727750,1149.56,51.517366,7.468014,130.16,7.46,0.00,294.26,0,-99,-20,0,0,47,0,0,461
142.02,1547727751,1157.01,51.517392,7.467919,130.58,7.31,0.00,293.40,0,-97,-19,0,0,46,0,0,18
142.02,1547727751,1157.02,51.517392,7.467919,130.58,7.31,0.00,293.40,0,-98,-19,0,0,47,0,0,461
142.02,1547727751,1157.03,51.517392,7.467919,130.58,7.31,0.00,293.40,0,-98,-20,0,0,47,0,0,191
143.02,1547727752,1164.33,51.517421,7.467806,130.54,7.74,0.00,294.37,0,-97,-19,0,0,46,0,0,18
143.02,1547727752,1164.33,51.517421,7.467806,130.54,7.74,0.00,294.37,0,-98,-19,0,0,47,0,0,461
143.02,1547727752,1164.33,51.517421,7.467806,130.54,7.74,0.00,294.37,0,-98,-20,0,0,47,0,0,191
144.03,1547727753,1172.13,51.517450,7.467710,130.93,7.26,0.00,295.69,0,-95,-17,0,0,48,0,0,191
144.03,1547727753,1172.14,51.517450,7.467710,130.93,7.26,0.00,295.69,0,-95,-17,0,0,47,0,0,18
144.03,1547727753,1172.15,51.517450,7.467710,130.93,7.26,0.00,295.69,0,-97,-19,0,0,47,0,0,461
144.03,1547727753,1172.15,51.517450,7.467710,130.93,7.26,0.00,295.69,0,-77,-12,0,0,61,0,0,128
145.01,1547727754,1179.29,51.517483,7.467614,131.24,7.90,0.00,295.35,0,-95,-17,0,0,48,0,0,191
145.01,1547727754,1179.30,51.517483,7.467614,131.24,7.90,0.00,295.35,0,-95,-17,0,0,47,0,0,18
145.01,1547727754,1179.30,51.517483,7.467614,131.24,7.90,0.00,295.35,0,-97,-19,0,0,47,0,0,461
145.01,1547727754,1179.30,51.517483,7.467614,131.24,7.90,0.00,295.35,0,-77,-12,0,0,61,0,0,128
146.02,1547727755,1187.24,51.517511,7.467531,131.46,6.67,0.00,296.63,0,-95,-17,0,0,48,0,0,191
146.02,1547727755,1187.25,51.517511,7.467531,131.46,6.67,0.00,296.63,0,-95,-17,0,0,47,0,0,18
146.02,1547727755,1187.25,51.517511,7.467531,131.46,6.67,0.00,296.63,0,-97,-19,0,0,47,0,0,461
146.02,1547727755,1187.26,51.517511,7.467531,131.46,6.67,0.00,296.63,0,-77,-12,0,0,61,0,0,128
277.04,1547727886,2631.14,51.511624,7.459323,153.09,13.01,0.00,127.16,0,-91,-14,0,0,49,0,0,191
277.04,1547727886,2631.16,51.511624,7.459323,153.09,13.01,0.00,127.16,0,-94,-16,0,0,48,0,0,18
277.04,1547727886,2631.17,51.511624,7.459323,153.09,13.01,0.00,127.16,0,-95,-18,0,0,48,0,0,461
277.04,1547727886,2631.17,51.511624,7.459323,153.09,13.01,0.00,127.16,0,-77,-12,0,0,60,0,0,128
277.05,1547727886,2631.18,51.511624,7.459323,153.09,13.01,0.00,127.16,0,0,0,0,0,63,0,0,327
278.04,1547727887,2644.15,51.511549,7.459495,152.51,14.18,0.00,128.22,0,-91,-14,0,0,49,0,0,191
278.04,1547727887,2644.17,51.511549,7.459495,152.51,14.18,0.00,128.22,0,-94,-16,0,0,48,0,0,18
278.04,1547727887,2644.18,51.511549,7.459495,152.51,14.18,0.00,128.22,0,-95,-18,0,0,48,0,0,461
278.04,1547727887,2644.18,51.511549,7.459495,152.51,14.18,0.00,128.22,0,-77,-12,0,0,60,0,0,128
278.05,1547727887,2644.19,51.511549,7.459495,152.51,14.18,0.00,128.22,0,0,0,0,0,63,0,0,327
283.04,1547727892,2714.68,51.511120,7.460302,151.05,13.87,0.00,132.84,0,-88,-14,0,0,58,0,0,23
283.04,1547727892,2714.68,51.511120,7.460302,151.05,13.87,0.00,132.84,0,-80,-13,0,0,59,0,0,332
283.04,1547727892,2714.68,51.511120,7.460302,151.05,13.87,0.00,132.84,0,-84,-17,0,0,59,0,0,21
283.04,1547727892,2714.68,51.511120,7.460302,151.05,13.87,0.00,132.84,0,-86,-19,0,0,58,0,0,465
284.04,1547727893,2728.54,51.511029,7.460450,151.11,14.06,0.00,133.68,0,-88,-14,0,0,58,0,0,23
284.04,1547727893,2728.56,51.511029,7.460450,151.11,14.06,0.00,133.68,0,-80,-13,0,0,59,0,0,332
284.04,1547727893,2728.56,51.511029,7.460450,151.11,14.06,0.00,133.68,0,-84,-17,0,0,59,0,0,21
284.04,1547727893,2728.56,51.511029,7.460450,151.11,14.06,0.00,133.68,0,-86,-19,0,0,58,0,0,465
285.04,1547727894,2742.67,51.510944,7.460570,151.60,12.12,0.00,135.42,0,-93,-11,0,0,51,0,0,23
285.04,1547727894,2742.68,51.510944,7.460570,151.60,12.12,0.00,135.42,0,-85,-12,0,0,53,0,0,332
285.04,1547727894,2742.68,51.510944,7.460570,151.60,12.12,0.00,135.42,0,-86,-13,0,0,53,0,0,21
286.04,1547727895,2754.80,51.510854,7.460706,152.80,13.07,0.00,133.99,0,-93,-11,0,0,51,0,0,23
286.04,1547727895,2754.82,51.510854,7.460706,152.80,13.07,0.00,133.99,0,-85,-12,0,0,53,0,0,332
286.04,1547727895,2754.83,51.510854,7.460706,152.80,13.07,0.00,133.99,0,-86,-13,0,0,53,0,0,21
287.04,1547727896,2767.85,51.510773,7.460840,154.33,12.55,0.00,133.92,0,-90,-11,0,0,53,0,0,21
287.04,1547727896,2767.87,51.510773,7.460840,154.33,12.55,0.00,133.92,0,-84,-11,0,0,53,0,0,21
287.04,1547727896,2767.87,51.510773,7.460840,154.33,12.55,0.00,133.92,0,-88,-15,0,0,53,0,0,332
288.04,1547727897,2780.40,51.510697,7.460967,155.49,11.28,0.00,135.60,0,-90,-11,0,0,53,0,0,21
288.04,1547727897,2780.41,51.510697,7.460967,155.49,11.28,0.00,135.60,0,-84,-11,0,0,53,0,0,21
288.04,1547727897,2780.42,51.510697,7.460967,155.49,11.28,0.00,135.60,0,-88,-15,0,0,53,0,0,332
291.04,1547727900,2812.16,51.510497,7.461302,160.15,9.21,0.00,135.56,0,-83,-15,0,0,61,0,0,334
292.04,1547727901,2821.29,51.510434,7.461404,160.98,9.12,0.00,136.19,0,-83,-15,0,0,61,0,0,334
293.04,1547727902,2830.47,51.510365,7.461539,161.62,9.12,0.00,135.53,0,-81,-14,0,0,62,0,0,334
294.04,1547727903,2839.54,51.510309,7.461664,161.67,10.65,0.00,129.77,0,-81,-14,0,0,62,0,0,334
295.04,1547727904,2850.23,51.510244,7.461797,161.01,11.51,0.00,128.89,0,-81,-14,0,0,62,0,0,334
298.04,1547727907,2885.38,51.510052,7.462247,158.95,11.83,0.00,127.59,0,-86,-16,0,0,59,0,0,328
299.04,1547727908,2897.22,51.510006,7.462421,158.06,11.60,0.00,111.35,0,-86,-16,0,0,59,0,0,328
300.04,1547727909,2908.87,51.509967,7.462561,157.22,11.54,0.00,110.20,0,-86,-19,0,0,62,0,0,332
301.04,1547727910,2920.37,51.509937,7.462705,156.01,11.56,0.00,108.13,0,-86,-19,0,0,62,0,0,332
302.04,1547727911,2931.88,51.509915,7.462867,155.42,11.33,0.00,105.80,0,-79,-15,0,0,63,0,0,332
303.04,1547727912,2943.28,51.509894,7.463032,154.97,10.81,0.00,103.46,0,-79,-15,0,0,63,0,0,332
304.04,1547727913,2954.06,51.509879,7.463196,154.89,10.67,0.00,100.70,0,-77,-12,0,0,63,0,0,466
305.04,1547727914,2964.72,51.509870,7.463349,155.25,10.59,0.00,98.08,0,-77,-12,0,0,63,0,0,466
306.04,1547727915,2975.34,51.509866,7.463506,155.16,10.40,0.00,96.09,0,-86,-17,0,0,60,0,0,332
306.04,1547727915,2975.35,51.509866,7.463506,155.16,10.40,0.00,96.09,0,-86,-18,0,0,60,0,0,328
307.04,1547727916,2985.74,51.509865,7.463645,155.12,8.87,0.00,94.07,0,-86,-17,0,0,60,0,0,332
307.04,1547727916,2985.74,51.509865,7.463645,155.12,8.87,0.00,94.07,0,-86,-18,0,0,60,0,0,328
