time_s,timestamp_ms,distance_m,latitude,longitude,altitude,velocity_mps,acceleration_mpss,direction,isRegistered,rsrp_dbm,rsrq_db,rssnr_db,cqi,ss,ta,ci,pci,id,payload_mb,throughput_mbits,rtt_ms,f_mhz
10.18,1547728401,116.96,51.509941,7.469062,147.83,11.43,0.98,72.89,1,-96,-7,4,10,41,7,26379013,199,0,0.50,7.87,47.00,2650
20.18,1547728411,240.00,51.510573,7.470633,147.98,13.23,0.29,52.62,1,-92,-7,10,10,46,4,27256325,372,1,2.00,15.95,35.00,2650
30.15,1547728421,375.76,51.511526,7.471855,145.27,14.23,0.34,39.33,1,-85,-6,18,11,52,4,27256325,372,2,0.50,14.13,37.00,2650
40.18,1547728432,509.22,51.512544,7.472854,147.90,13.61,1.63,13.47,1,-87,-5,11,9,49,4,27256325,372,3,10.00,14.22,39.00,2650
50.18,1547728442,634.59,51.513657,7.472974,161.45,7.05,-1.75,3.93,1,-84,-6,12,6,53,7,27299331,324,4,10.00,17.06,39.00,2650
60.21,1547728452,653.12,51.513777,7.472986,164.24,0.00,0.00,2.33,1,-92,-8,19,12,47,9,29398276,358,5,0.50,5.19,57.00,2650
70.16,1547728462,697.31,51.514446,7.472931,160.51,8.44,-0.27,4.51,1,-89,-7,19,11,49,9,29398276,358,6,5.00,20.43,37.00,2650
80.16,1547728472,733.76,51.514728,7.472962,155.36,0.00,0.00,5.09,1,-91,-6,16,11,47,9,29398276,358,7,1.00,9.66,43.00,2650
90.17,1547728481,733.76,51.514728,7.472962,155.35,0.00,0.00,5.09,1,-91,-6,19,1,46,9,29398276,358,8,9.00,22.29,39.00,2650
100.17,1547728491,733.76,51.514728,7.472962,155.19,0.00,0.00,5.09,1,-91,-6,14,10,47,9,29398276,358,9,0.10,2.74,43.00,2650
110.17,1547728501,733.76,51.514728,7.472962,154.79,0.00,0.00,5.09,1,-91,-7,13,9,48,9,29398276,358,10,7.00,13.45,44.00,2650
120.19,1547728511,733.76,51.514728,7.472962,154.33,0.00,0.00,5.09,1,-90,-5,20,8,47,9,29398276,358,11,6.00,13.97,45.00,2650
130.19,1547728521,733.76,51.514728,7.472962,154.28,0.00,0.00,5.09,1,-91,-6,18,9,47,9,29398276,358,12,8.00,20.61,45.00,2650
140.14,1547728531,789.49,51.515350,7.472951,155.13,9.26,0.33,355.02,1,-91,-5,18,8,46,9,29398276,358,13,10.00,15.27,37.00,2650
150.16,1547728541,903.84,51.516247,7.472150,132.04,12.77,-0.19,312.92,1,-97,-8,10,7,42,9,29398276,358,14,5.00,18.28,37.00,2650
160.18,1547728552,1029.65,51.516749,7.470556,129.44,11.75,-0.43,294.81,1,-93,-7,9,7,44,9,29398276,358,15,8.00,17.31,47.00,2650
170.15,1547728561,1156.64,51.517159,7.468730,132.10,12.46,-1.11,287.96,1,-94,-6,10,11,43,9,29398276,358,16,5.00,17.57,37.00,2650
180.17,1547728571,1262.94,51.517548,7.467300,137.65,11.24,0.22,297.24,1,-96,-7,11,6,42,9,29398276,358,17,0.50,11.59,37.00,2650
190.16,1547728581,1369.51,51.517840,7.465810,134.84,10.93,0.35,281.17,1,-94,-7,1,6,43,11,26376708,470,18,3.00,9.48,38.00,2650
200.16,1547728591,1476.19,51.517789,7.464283,129.65,10.77,-0.40,261.15,1,-91,-8,2,6,48,13,26796291,24,19,10.00,14.67,35.00,2650
210.17,1547728601,1592.75,51.517397,7.462721,133.72,11.36,0.73,248.07,1,-88,-8,7,12,51,13,26796291,24,20,7.00,22.27,47.00,2650
220.23,1547728611,1704.16,51.517044,7.461140,136.99,12.97,-0.06,253.55,1,-85,-6,11,9,53,7,26378754,443,21,7.00,10.98,48.00,2650
230.19,1547728621,1842.46,51.516693,7.459179,129.12,14.91,0.18,257.75,1,-77,-6,23,12,62,7,26378754,443,22,0.10,4.06,67.00,2650
240.20,1547728632,1964.25,51.516490,7.457548,131.18,4.36,-2.13,257.96,1,-85,-6,25,11,52,10,27029251,331,23,4.00,11.79,38.00,2650
250.16,1547728641,1971.05,51.516473,7.457481,137.21,0.00,0.00,257.07,1,-87,-7,8,8,50,10,27029251,331,24,0.10,5.56,38.00,2650
260.16,1547728652,2028.17,51.516188,7.456326,136.72,10.81,0.39,240.36,1,-90,-8,7,6,50,4,26378754,443,25,6.00,12.40,39.00,2650
270.24,1547728661,2139.00,51.515493,7.455095,130.54,10.76,-0.39,210.91,1,-84,-7,3,6,53,2,26796291,24,26,0.50,10.36,44.00,2650
280.20,1547728671,2255.63,51.514405,7.455333,134.82,11.44,-1.12,170.93,1,-76,-5,25,14,58,2,26796291,24,27,6.00,11.39,43.00,2650
290.16,1547728681,2381.84,51.513270,7.455825,144.57,12.63,0.35,155.89,1,-79,-9,-2,4,61,1,26796290,25,28,6.00,18.87,60.00,2650
300.23,1547728691,2517.93,51.512450,7.457405,156.58,14.53,0.21,126.83,1,-91,-8,6,9,48,1,26796290,25,29,10.00,24.30,63.00,2650
310.18,1547728701,2595.71,51.512034,7.458392,157.22,7.82,1.88,131.30,1,-89,-6,14,8,48,3,26378755,441,30,10.00,18.56,66.00,2650
320.20,1547728711,2665.87,51.511674,7.459168,155.76,0.84,-1.00,132.24,1,-89,-9,13,7,51,3,26378755,441,31,6.00,19.07,86.00,2650
330.16,1547728721,2666.70,51.511674,7.459168,156.15,0.00,0.00,132.24,1,-87,-6,13,10,50,3,26378755,441,32,9.00,23.14,40.00,2650
340.20,1547728731,2666.70,51.511674,7.459168,156.67,0.00,0.00,132.24,1,-86,-6,27,9,51,3,26378755,441,33,0.10,3.03,59.00,2650
350.19,1547728741,2666.70,51.511674,7.459168,156.80,0.00,0.00,132.24,1,-87,-6,24,10,51,3,26378755,441,34,9.00,17.24,50.00,2650
360.19,1547728751,2670.15,51.511508,7.459527,150.99,7.94,4.49,124.57,1,-88,-7,29,8,50,3,26378755,441,35,6.00,31.75,45.00,2650
370.17,1547728762,2799.91,51.510630,7.461074,160.85,13.58,-0.11,132.63,1,-88,-7,27,10,51,3,26378755,441,36,8.00,16.29,35.00,2650
380.16,1547728772,2880.85,51.510194,7.461898,162.28,0.00,-1.34,130.72,1,-85,-8,25,12,54,3,26378755,441,37,4.00,19.39,45.00,2650
390.17,1547728781,2880.85,51.510194,7.461898,162.49,0.00,0.00,130.72,1,-85,-8,25,12,55,3,26378755,441,38,5.00,18.90,47.00,2650
400.22,1547728791,2880.85,51.510194,7.461898,162.38,0.00,0.00,130.72,1,-85,-7,26,8,54,3,26378755,441,39,10.00,20.13,46.00,2650
410.23,1547728801,2880.85,51.510194,7.461898,162.22,0.00,0.00,130.72,1,-85,-7,27,12,54,3,26378755,441,40,6.00,11.83,54.00,2650
420.16,1547728811,2918.32,51.509950,7.462573,163.62,9.02,0.76,114.82,1,-84,-6,10,8,53,4,27299332,326,41,8.00,18.31,37.00,2650
430.18,1547728821,2996.50,51.509892,7.463831,158.83,6.67,-0.98,90.09,1,-81,-9,12,11,58,4,27299332,326,42,4.00,14.42,44.00,2650