time_s,timestamp_ms,distance_m,latitude,longitude,altitude,velocity_mps,acceleration_mpss,direction,isRegistered,rsrp_dbm,rsrq_db,rssnr_db,cqi,ss,ta,ci,pci
0.02,1547727946,0.00,51.509769,7.468257,150.03,12.51,0.00,91.78,1,-92,-7,10,9,44,7,26379013,199
1.01,1547727947,12.44,51.509776,7.468424,149.30,11.96,-0.56,87.87,1,-92,-7,10,9,44,7,26379013,199
2.01,1547727948,24.40,51.509789,7.468594,148.86,12.10,0.14,84.58,1,-89,-7,11,9,47,7,26379013,199
3.01,1547727949,36.50,51.509825,7.468744,148.28,11.22,-0.87,71.26,1,-89,-7,11,9,47,7,26379013,199
4.01,1547727950,47.71,51.509864,7.468905,148.20,11.84,0.62,70.06,1,-93,-7,12,12,44,7,26379013,199
5.01,1547727951,59.56,51.509915,7.469080,148.16,12.65,0.81,67.06,1,-93,-7,12,12,44,7,26379013,199
6.01,1547727952,72.23,51.509980,7.469287,148.23,12.65,0.00,68.51,1,-96,-7,9,11,41,7,26379013,199
7.01,1547727953,84.88,51.510056,7.469456,148.04,13.69,1.04,57.97,1,-96,-7,9,11,41,7,26379013,199
8.01,1547727954,98.54,51.510130,7.469623,147.77,14.05,0.35,57.05,1,-99,-7,5,2,38,7,26379013,199
9.01,1547727955,112.59,51.510208,7.469786,147.66,14.07,0.02,56.41,1,-99,-7,5,2,38,7,26379013,199
10.02,1547727956,126.76,51.510283,7.469951,147.60,13.96,-0.10,55.73,1,-96,-10,14,2,44,7,27256325,372
11.01,1547727957,140.65,51.510341,7.470126,147.99,12.46,-1.51,56.59,1,-96,-10,14,2,44,7,27256325,372
12.01,1547727958,153.06,51.510402,7.470295,148.32,11.63,-0.83,57.26,1,-89,-7,15,10,48,5,27256325,372
13.01,1547727959,164.69,51.510464,7.470442,149.03,11.19,-0.44,56.37,1,-89,-7,15,10,48,5,27256325,372
14.02,1547727960,175.93,51.510534,7.470589,149.56,12.13,0.94,54.10,1,-86,-6,13,15,50,5,27256325,372
15.01,1547727961,188.04,51.510595,7.470710,149.85,10.14,-2.00,50.88,1,-86,-6,13,15,50,5,27256325,372
16.01,1547727962,198.19,51.510649,7.470806,150.09,8.19,-1.95,49.10,1,-86,-6,13,15,50,5,27256325,372
17.01,1547727963,206.37,51.510695,7.470868,149.80,6.20,-1.99,47.16,1,-92,-7,19,15,46,5,27256325,372
18.01,1547727964,212.57,51.510732,7.470921,149.99,5.03,-1.17,46.16,1,-92,-7,19,15,46,5,27256325,372
19.01,1547727965,217.60,51.510766,7.470971,150.45,4.70,-0.33,43.80,1,-90,-7,14,15,47,5,27256325,372
20.02,1547727966,222.33,51.510800,7.471003,150.44,4.13,-0.56,42.12,1,-90,-7,14,15,47,5,27256325,372
21.01,1547727967,226.43,51.510830,7.471030,150.43,3.33,-0.81,43.33,1,-91,-7,16,10,47,5,27256325,372
22.01,1547727968,229.76,51.510852,7.471048,150.41,2.30,-1.03,42.69,1,-91,-7,16,10,47,5,27256325,372
23.01,1547727969,232.07,51.510868,7.471066,150.36,1.96,-0.34,40.19,1,-90,-7,16,12,48,5,27256325,372
24.01,1547727970,234.03,51.510880,7.471078,150.31,1.24,-0.72,38.96,1,-90,-7,16,12,48,5,27256325,372
25.01,1547727971,235.27,51.510880,7.471078,150.31,0.00,-1.24,38.96,1,-87,-6,16,12,49,5,27256325,372
26.01,1547727972,235.27,51.510880,7.471078,150.29,0.00,0.00,38.96,1,-87,-6,16,12,49,5,27256325,372
27.01,1547727973,235.27,51.510880,7.471078,150.27,0.00,0.00,38.96,1,-87,-6,21,14,49,5,27256325,372
28.01,1547727974,235.27,51.510880,7.471078,150.25,0.00,0.00,38.96,1,-87,-6,21,14,49,5,27256325,372
29.01,1547727975,235.27,51.510880,7.471078,150.23,0.00,0.00,38.96,1,-87,-5,17,13,48,5,27256325,372
30.02,1547727976,235.27,51.510880,7.471078,150.20,0.00,0.00,38.96,1,-87,-5,17,13,48,5,27256325,372
31.01,1547727977,235.27,51.510880,7.471078,150.16,0.00,0.00,38.96,1,-87,-6,25,13,47,5,27256325,372
32.01,1547727978,235.27,51.510880,7.471078,150.13,0.00,0.00,38.96,1,-87,-6,25,13,47,5,27256325,372
33.01,1547727979,235.27,51.510880,7.471078,149.85,0.00,0.00,38.96,1,-86,-7,22,12,51,5,27256325,372
34.01,1547727980,235.27,51.510880,7.471078,149.63,0.00,0.00,45.34,1,-86,-7,22,12,51,5,27256325,372
35.02,1547727981,235.27,51.510880,7.471078,147.75,0.00,0.00,41.33,1,-89,-6,22,12,48,5,27256325,372
36.01,1547727982,235.27,51.510980,7.471202,146.45,6.05,0.00,41.96,1,-89,-6,22,12,48,5,27256325,372
37.01,1547727983,241.33,51.511030,7.471268,145.44,7.46,1.40,40.85,1,-89,-6,22,12,48,5,27256325,372
38.01,1547727984,248.77,51.511093,7.471342,144.59,9.08,1.63,40.06,1,-88,-6,34,11,48,5,27256325,372
39.01,1547727985,257.86,51.511166,7.471435,143.91,10.87,1.79,39.26,1,-88,-6,34,11,48,5,27256325,372
40.02,1547727986,268.77,51.511249,7.471539,143.27,12.20,1.33,38.95,1,-87,-6,19,12,50,5,27256325,372
41.02,1547727987,280.95,51.511337,7.471652,142.80,13.09,0.89,39.37,1,-87,-6,19,12,50,5,27256325,372
42.01,1547727988,293.97,51.511424,7.471762,142.18,12.76,-0.33,39.74,1,-87,-6,18,11,50,5,27256325,372
43.01,1547727989,306.74,51.511510,7.471877,141.61,12.88,0.12,39.08,1,-87,-6,18,11,50,5,27256325,372
44.01,1547727990,319.66,51.511598,7.471990,140.99,12.85,-0.03,39.08,1,-86,-7,22,15,53,5,27256325,372
45.01,1547727991,332.50,51.511688,7.472108,140.59,12.86,0.00,39.06,1,-86,-7,22,15,53,5,27256325,372
46.01,1547727992,345.37,51.511776,7.472223,140.11,12.69,-0.17,39.01,1,-87,-6,25,9,50,5,27256325,372
47.01,1547727993,358.07,51.511864,7.472334,139.84,12.66,-0.03,38.66,1,-87,-6,25,9,50,5,27256325,372
48.01,1547727994,370.72,51.511952,7.472438,139.72,11.96,-0.70,37.86,1,-82,-6,25,15,54,5,27256325,372
49.01,1547727995,382.68,51.512036,7.472535,139.94,11.42,-0.54,36.49,1,-82,-6,25,15,54,5,27256325,372
50.02,1547727996,394.15,51.512115,7.472619,140.49,9.97,-1.45,34.48,1,-81,-6,24,15,56,5,27256325,372
51.01,1547727997,404.06,51.512188,7.472681,141.27,8.74,-1.23,30.86,1,-81,-6,24,15,56,5,27256325,372
52.01,1547727998,412.79,51.512240,7.472714,141.96,5.55,-3.21,26.80,1,-86,-7,23,15,51,5,27256325,372
53.01,1547727999,418.33,51.512291,7.472726,142.50,4.42,-1.13,10.35,1,-86,-7,23,15,51,5,27256325,372
54.01,1547728000,422.75,51.512335,7.472735,142.60,3.83,-0.59,8.74,1,-88,-7,20,15,50,5,27256325,372
55.01,1547728001,426.60,51.512363,7.472736,142.84,1.87,-1.96,8.07,1,-88,-7,20,15,50,5,27256325,372
56.02,1547728002,428.49,51.512363,7.472736,143.11,0.29,-1.57,8.07,1,-90,-6,17,11,46,5,27256325,372
57.01,1547728003,428.78,51.512363,7.472736,143.13,0.00,-0.29,8.07,1,-90,-6,17,11,46,5,27256325,372
58.01,1547728004,428.78,51.512363,7.472736,143.14,0.00,0.00,8.07,1,-90,-6,17,11,46,5,27256325,372
59.01,1547728005,428.78,51.512363,7.472736,143.15,0.00,0.00,8.07,1,-91,-7,13,11,47,5,27256325,372
60.02,1547728006,428.78,51.512363,7.472736,143.16,0.00,0.00,8.07,1,-91,-7,13,11,47,5,27256325,372
61.01,1547728007,428.78,51.512363,7.472736,143.17,0.00,0.00,8.07,1,-88,-6,14,12,48,5,27256325,372
62.03,1547728008,428.78,51.512363,7.472736,143.17,0.00,0.00,8.07,1,-88,-6,14,12,48,5,27256325,372
63.01,1547728009,428.78,51.512363,7.472736,143.15,0.00,0.00,8.07,1,-88,-7,18,13,50,5,27256325,372
64.01,1547728010,428.78,51.512363,7.472736,143.13,0.00,0.00,8.07,1,-88,-7,18,13,50,5,27256325,372
65.01,1547728011,428.78,51.512363,7.472736,143.11,0.00,0.00,8.07,1,-88,-6,19,9,50,5,27256325,372
66.01,1547728012,428.78,51.512363,7.472736,143.07,0.00,0.00,8.07,1,-88,-6,19,9,50,5,27256325,372
67.01,1547728013,428.78,51.512363,7.472736,143.03,0.00,0.00,8.07,1,-89,-6,16,12,47,5,27256325,372
68.01,1547728014,428.78,51.512363,7.472736,142.98,0.00,0.00,8.07,1,-89,-6,16,12,47,5,27256325,372
69.01,1547728015,428.78,51.512363,7.472736,142.92,0.00,0.00,8.07,1,-89,-6,16,15,48,5,27256325,372
70.02,1547728016,428.78,51.512363,7.472736,142.85,0.00,0.00,8.07,1,-89,-6,16,15,48,5,27256325,372
71.01,1547728017,428.78,51.512363,7.472736,142.78,0.00,0.00,8.07,1,-90,-6,20,12,47,5,27256325,372
72.01,1547728018,428.78,51.512363,7.472736,142.71,0.00,0.00,8.07,1,-90,-6,20,12,47,5,27256325,372
73.01,1547728019,428.78,51.512363,7.472736,142.64,0.00,0.00,8.07,1,-90,-7,17,11,47,5,27256325,372
74.01,1547728020,428.78,51.512363,7.472736,142.56,0.00,0.00,8.07,1,-90,-7,17,11,47,5,27256325,372
75.01,1547728021,428.78,51.512363,7.472736,142.49,0.00,0.00,8.07,1,-88,-6,19,10,50,5,27256325,372
76.01,1547728022,428.78,51.512363,7.472736,142.42,0.00,0.00,8.07,1,-88,-6,19,10,50,5,27256325,372
77.02,1547728023,428.78,51.512363,7.472736,142.36,0.00,0.00,8.07,1,-90,-6,17,4,46,5,27256325,372
78.01,1547728024,428.78,51.512363,7.472736,142.33,0.00,0.00,8.07,1,-90,-6,17,4,46,5,27256325,372
79.01,1547728025,428.78,51.512363,7.472736,142.35,0.00,0.00,8.07,1,-90,-6,17,4,46,5,27256325,372
80.02,1547728026,428.78,51.512363,7.472736,142.40,0.00,0.00,8.07,1,-87,-6,19,10,50,5,27256325,372
81.01,1547728027,428.78,51.512363,7.472736,142.46,0.00,0.00,8.07,1,-87,-6,19,10,50,5,27256325,372
82.01,1547728028,428.78,51.512363,7.472736,142.53,0.00,0.00,8.07,1,-89,-6,16,10,48,5,27256325,372
83.01,1547728029,428.78,51.512363,7.472736,142.60,0.00,0.00,8.07,1,-89,-6,16,10,48,5,27256325,372
84.01,1547728030,428.78,51.512363,7.472736,142.68,0.00,0.00,8.07,1,-90,-8,17,12,49,5,27256325,372
85.01,1547728031,428.78,51.512363,7.472736,143.58,0.00,0.00,8.07,1,-90,-8,17,12,49,5,27256325,372
86.01,1547728032,428.78,51.512363,7.472736,144.37,0.00,0.00,328.06,1,-90,-7,13,14,48,5,27256325,372
87.01,1547728033,428.78,51.512510,7.472744,151.06,0.00,0.00,3.62,1,-90,-7,13,14,48,5,27256325,372
88.01,1547728034,428.78,51.512582,7.472754,154.79,6.68,0.00,3.41,1,-90,-6,15,10,46,5,27256325,372
89.01,1547728035,435.45,51.512666,7.472797,157.64,6.68,0.00,3.62,1,-90,-6,15,10,46,5,27256325,372
90.02,1547728036,442.17,51.512745,7.472783,159.06,8.40,1.71,0.83,1,-91,-6,15,8,45,5,27256325,372
91.01,1547728037,450.53,51.512836,7.472783,160.41,10.16,1.76,359.79,1,-91,-6,15,8,45,5,27256325,372
92.01,1547728038,460.66,51.512936,7.472789,160.87,11.27,1.11,1.05,1,-93,-7,15,8,45,5,27256325,372
93.01,1547728039,471.91,51.513037,7.472799,161.05,11.22,-0.05,2.18,1,-93,-7,15,8,45,5,27256325,372
94.01,1547728040,483.14,51.513138,7.472805,160.35,10.77,-0.45,2.21,1,-94,-9,10,10,46,5,27256325,372
95.02,1547728041,493.95,51.513238,7.472819,159.60,10.90,0.13,2.77,1,-94,-9,10,10,46,5,27256325,372
96.01,1547728042,504.84,51.513330,7.472833,159.65,9.79,-1.11,3.28,1,-92,-6,11,11,44,10,29398276,358
97.01,1547728043,514.63,51.513407,7.472845,160.00,8.12,-1.68,4.17,1,-92,-6,11,11,44,10,29398276,358
98.02,1547728044,522.83,51.513484,7.472861,160.88,8.23,0.11,3.64,1,-93,-7,12,11,44,10,29398276,358
99.01,1547728045,530.97,51.513564,7.472879,162.15,8.37,0.14,4.25,1,-93,-7,12,11,44,10,29398276,358
100.02,1547728046,539.38,51.513639,7.472892,163.12,7.60,-0.77,3.92,1,-93,-7,12,11,44,10,29398276,358
101.01,1547728047,546.92,51.513705,7.472908,164.85,7.09,-0.51,3.42,1,-96,-7,8,8,41,7,27299331,324
102.01,1547728048,554.01,51.513765,7.472917,166.61,6.37,-0.72,2.70,1,-96,-7,8,8,41,7,27299331,324
103.01,1547728049,560.38,51.513817,7.472921,168.27,5.11,-1.26,2.68,1,-92,-8,5,6,46,9,29398276,358
104.01,1547728050,565.51,51.513867,7.472920,168.84,4.91,-0.20,3.05,1,-92,-8,5,6,46,9,29398276,358
105.02,1547728051,570.43,51.513909,7.472919,168.88,3.70,-1.21,1.48,1,-89,-5,21,15,49,9,29398276,358
106.01,1547728052,574.12,51.513935,7.472913,168.87,1.69,-2.01,359.95,1,-89,-5,21,15,49,9,29398276,358
107.01,1547728053,575.81,51.513952,7.472906,168.85,0.72,-0.97,359.95,1,-91,-6,24,14,46,9,29398276,358
108.01,1547728054,576.53,51.513965,7.472895,168.78,0.28,-0.44,359.95,1,-91,-6,24,14,46,9,29398276,358
109.01,1547728055,576.80,51.513965,7.472895,168.62,0.00,-0.28,359.95,1,-90,-7,25,15,47,9,29398276,358
110.02,1547728056,576.80,51.513965,7.472895,168.60,0.00,0.00,359.95,1,-90,-7,25,15,47,9,29398276,358
111.01,1547728057,576.80,51.513965,7.472895,168.58,0.00,0.00,359.95,1,-91,-7,22,12,47,9,29398276,358
112.01,1547728058,576.80,51.513965,7.472895,168.55,0.00,0.00,359.95,1,-91,-7,22,12,47,9,29398276,358
113.01,1547728059,576.80,51.513965,7.472895,168.28,0.00,0.00,359.95,1,-92,-7,22,10,47,9,29398276,358
114.01,1547728060,576.80,51.513965,7.472895,168.00,0.00,0.00,359.83,1,-92,-7,22,10,47,9,29398276,358
115.01,1547728061,576.80,51.514094,7.472867,165.10,0.00,0.00,359.22,1,-94,-8,20,9,45,9,29398276,358
116.01,1547728062,576.80,51.514136,7.472869,162.53,6.21,0.00,359.66,1,-94,-8,20,9,45,9,29398276,358
117.01,1547728063,583.00,51.514199,7.472874,159.98,8.16,1.96,0.32,1,-92,-9,20,14,47,9,29398276,358
118.01,1547728064,591.17,51.514273,7.472880,157.56,8.95,0.78,1.53,1,-92,-9,20,14,47,9,29398276,358
119.02,1547728065,600.20,51.514339,7.472887,155.35,8.88,-0.07,2.66,1,-91,-8,22,10,48,9,29398276,358
120.02,1547728066,609.04,51.514407,7.472896,153.37,8.34,-0.54,3.18,1,-91,-8,22,10,48,9,29398276,358
121.01,1547728067,617.35,51.514467,7.472907,151.51,7.42,-0.93,3.70,1,-91,-8,22,10,48,9,29398276,358
122.01,1547728068,624.77,51.514529,7.472921,149.54,6.42,-1.00,4.10,1,-91,-8,21,12,49,9,29398276,358
123.01,1547728069,631.19,51.514580,7.472925,148.80,6.89,0.47,4.46,1,-91,-8,21,12,49,9,29398276,358
124.01,1547728070,638.07,51.514655,7.472945,147.91,8.58,1.69,5.44,1,-91,-7,21,10,48,9,29398276,358
125.01,1547728071,646.64,51.514743,7.472977,147.91,9.44,0.86,5.94,1,-91,-7,21,10,48,9,29398276,358
126.01,1547728072,656.10,51.514838,7.472997,147.75,10.59,1.15,5.42,1,-90,-6,23,15,48,9,29398276,358
127.01,1547728073,666.68,51.514933,7.473016,147.57,10.90,0.31,4.26,1,-90,-6,23,15,48,9,29398276,358
128.01,1547728074,677.59,51.515049,7.473020,147.30,12.92,2.02,3.00,1,-92,-6,17,9,45,9,29398276,358
129.01,1547728075,690.51,51.515158,7.473017,147.25,12.65,-0.27,1.48,1,-92,-6,17,9,45,9,29398276,358
130.02,1547728076,703.21,51.515269,7.473008,147.36,12.66,0.01,359.81,1,-93,-6,18,8,44,9,29398276,358
131.01,1547728077,715.83,51.515387,7.472990,146.97,13.34,0.68,356.62,1,-93,-6,18,8,44,9,29398276,358
132.01,1547728078,729.13,51.515492,7.472963,146.82,12.47,-0.87,353.38,1,-92,-6,22,13,46,9,29398276,358
133.01,1547728079,741.60,51.515599,7.472914,146.22,12.24,-0.24,349.42,1,-92,-6,22,13,46,9,29398276,358
134.01,1547728080,753.86,51.515710,7.472815,145.18,13.45,1.22,335.90,1,-91,-6,17,8,45,9,29398276,358
135.01,1547728081,767.31,51.515822,7.472711,143.77,14.13,0.68,336.27,1,-91,-6,17,8,45,9,29398276,358
136.01,1547728082,781.46,51.515935,7.472619,142.41,13.57,-0.56,334.90,1,-95,-7,12,13,43,9,29398276,358
137.01,1547728083,795.03,51.516040,7.472516,140.86,13.15,-0.42,331.79,1,-95,-7,12,13,43,9,29398276,358
138.01,1547728084,808.18,51.516153,7.472385,139.16,13.22,0.06,327.88,1,-97,-6,9,11,40,9,29398276,358
139.01,1547728085,821.39,51.516216,7.472258,137.38,13.42,0.20,313.73,1,-97,-6,9,11,40,9,29398276,358
140.02,1547728086,834.88,51.516297,7.472101,135.56,13.55,0.13,311.79,1,-95,-7,17,11,41,9,29398276,358
141.01,1547728087,848.35,51.516380,7.471924,134.27,13.63,0.08,308.44,1,-95,-7,17,11,41,9,29398276,358
142.02,1547728088,862.08,51.516440,7.471765,133.43,13.73,0.11,305.18,1,-94,-7,16,8,42,9,29398276,358
143.01,1547728089,875.71,51.516499,7.471590,132.46,14.50,0.78,301.80,1,-94,-7,16,8,42,9,29398276,358
144.01,1547728090,890.22,51.516557,7.471402,131.43,14.71,0.20,299.12,1,-94,-7,16,8,42,9,29398276,358
145.01,1547728091,904.92,51.516609,7.471217,130.48,14.74,0.04,297.72,1,-94,-7,14,9,44,9,29398276,358
146.01,1547728092,919.67,51.516665,7.471016,129.95,14.00,-0.74,296.57,1,-94,-7,14,9,44,9,29398276,358
147.01,1547728093,933.67,51.516722,7.470809,129.78,13.94,-0.06,296.15,1,-96,-7,14,11,42,9,29398276,358
148.01,1547728094,947.60,51.516772,7.470619,129.78,13.89,-0.05,295.36,1,-96,-7,14,11,42,9,29398276,358
149.01,1547728095,961.50,51.516824,7.470436,129.42,13.75,-0.14,296.01,1,-93,-6,10,15,43,9,29398276,358
150.02,1547728096,975.31,51.516876,7.470235,129.49,13.40,-0.35,294.93,1,-93,-6,10,15,43,9,29398276,358
151.02,1547728097,988.66,51.516916,7.470069,129.52,13.26,-0.14,293.22,1,-87,-5,19,10,46,9,29398276,358
152.02,1547728098,1002.02,51.516955,7.469890,129.23,13.78,0.52,291.14,1,-87,-5,19,10,46,9,29398276,358
153.01,1547728099,1015.67,51.516994,7.469715,128.88,13.50,-0.29,290.12,1,-95,-8,15,8,44,9,29398276,358
154.01,1547728100,1029.16,51.517032,7.469539,128.35,13.04,-0.46,289.55,1,-95,-8,15,8,44,9,29398276,358
155.01,1547728101,1042.23,51.517069,7.469358,127.81,12.85,-0.19,289.09,1,-95,-10,16,8,46,9,29398276,358
156.01,1547728102,1055.08,51.517105,7.469174,127.28,12.45,-0.39,288.41,1,-95,-10,16,8,46,9,29398276,358
157.01,1547728103,1067.52,51.517139,7.469009,126.58,12.12,-0.33,288.60,1,-96,-7,13,15,42,9,29398276,358
158.01,1547728104,1079.65,51.517174,7.468843,126.16,12.06,-0.06,288.81,1,-96,-7,13,15,42,9,29398276,358
159.01,1547728105,1091.71,51.517209,7.468681,125.83,11.91,-0.15,289.20,1,-94,-6,14,14,42,9,29398276,358
160.02,1547728106,1103.69,51.517243,7.468515,125.35,12.65,0.74,288.30,1,-94,-6,14,14,42,9,29398276,358
161.01,1547728107,1116.22,51.517283,7.468324,125.16,13.87,1.23,289.41,1,-92,-6,13,12,45,9,29398276,358
162.01,1547728108,1130.11,51.517326,7.468140,125.13,13.55,-0.32,290.86,1,-92,-6,13,12,45,9,29398276,358
163.02,1547728109,1143.81,51.517368,7.467966,125.33,12.88,-0.66,292.32,1,-95,-6,17,12,43,9,29398276,358
164.01,1547728110,1156.58,51.517417,7.467793,125.88,12.33,-0.56,293.64,1,-95,-6,17,12,43,9,29398276,358
165.01,1547728111,1168.91,51.517465,7.467635,126.23,12.03,-0.29,294.93,1,-95,-6,17,12,43,9,29398276,358
166.01,1547728112,1180.93,51.517514,7.467480,126.47,11.82,-0.22,295.53,1,-94,-7,15,15,44,9,29398276,358
167.01,1547728113,1192.75,51.517563,7.467319,126.94,11.84,0.02,295.94,1,-94,-7,15,15,44,9,29398276,358
168.01,1547728114,1204.60,51.517605,7.467168,127.29,11.51,-0.33,294.92,1,-97,-7,14,9,41,9,29398276,358
169.01,1547728115,1216.11,51.517647,7.467013,127.62,12.09,0.59,293.25,1,-97,-7,14,9,41,9,29398276,358
170.02,1547728116,1228.25,51.517687,7.466853,127.71,12.10,0.01,291.58,1,-96,-7,12,11,41,9,29398276,358
171.01,1547728117,1240.30,51.517720,7.466700,127.64,11.80,-0.31,289.88,1,-96,-7,12,11,41,9,29398276,358
172.02,1547728118,1252.12,51.517753,7.466532,127.67,11.26,-0.53,288.52,1,-97,-9,9,4,42,9,29398276,358
173.02,1547728119,1263.40,51.517779,7.466380,127.30,11.81,0.55,286.78,1,-97,-9,9,4,42,9,29398276,358
174.02,1547728120,1275.19,51.517806,7.466192,126.95,11.83,0.02,284.78,1,-98,-8,5,8,41,9,29398276,358
175.02,1547728121,1287.01,51.517824,7.466029,126.69,9.72,-2.12,283.28,1,-98,-8,5,8,41,9,29398276,358
176.01,1547728122,1296.73,51.517839,7.465894,126.89,8.70,-1.02,282.11,1,-95,-7,2,6,43,11,26376708,470
177.01,1547728123,1305.42,51.517850,7.465770,127.35,7.79,-0.91,280.32,1,-95,-7,2,6,43,11,26376708,470
178.01,1547728124,1313.22,51.517857,7.465664,128.04,6.54,-1.25,278.64,1,-96,-8,3,7,43,11,26376708,470
179.01,1547728125,1319.76,51.517858,7.465569,128.49,5.47,-1.07,277.33,1,-96,-8,3,7,43,11,26376708,470
180.02,1547728126,1325.26,51.517860,7.465487,129.25,5.02,-0.45,276.32,1,-94,-8,8,10,44,11,26376708,470
181.02,1547728127,1330.26,51.517860,7.465411,129.89,4.84,-0.17,275.14,1,-94,-8,8,10,44,11,26376708,470
182.01,1547728128,1335.08,51.517858,7.465348,130.66,5.25,0.41,274.24,1,-95,-10,5,7,45,11,26376708,470
183.02,1547728129,1340.35,51.517853,7.465254,131.74,6.01,0.76,272.58,1,-95,-10,5,7,45,11,26376708,470
184.02,1547728130,1346.41,51.517851,7.465135,132.16,7.67,1.64,270.96,1,-99,-13,3,6,46,11,26376708,470
185.02,1547728131,1354.01,51.517849,7.465033,132.01,8.06,0.39,269.59,1,-99,-13,3,6,46,11,26376708,470
186.01,1547728132,1362.07,51.517847,7.464919,131.85,8.88,0.82,268.23,1,-99,-13,3,6,46,11,26376708,470
187.02,1547728133,1370.97,51.517840,7.464781,131.68,9.53,0.64,266.84,1,-98,-12,1,5,46,11,26376708,470
188.02,1547728134,1380.49,51.517831,7.464640,131.38,9.74,0.21,265.57,1,-98,-12,1,5,46,11,26376708,470
189.01,1547728135,1390.20,51.517816,7.464488,130.87,10.51,0.77,263.57,1,-92,-8,3,9,46,13,26796291,24
190.02,1547728136,1400.77,51.517797,7.464335,130.19,10.34,-0.17,261.42,1,-92,-8,3,9,46,13,26796291,24
191.01,1547728137,1411.07,51.517780,7.464194,128.68,10.33,-0.01,258.96,1,-95,-10,7,8,47,13,26796291,24
192.01,1547728138,1421.39,51.517752,7.464026,126.45,10.43,0.10,256.93,1,-95,-10,7,8,47,13,26796291,24
193.01,1547728139,1431.81,51.517724,7.463865,124.32,10.79,0.35,255.02,1,-95,-10,3,9,46,13,26796291,24
194.02,1547728140,1442.64,51.517691,7.463711,123.52,11.20,0.41,253.67,1,-95,-10,3,9,46,13,26796291,24
195.01,1547728141,1453.82,51.517652,7.463551,122.33,11.49,0.29,252.06,1,-91,-8,2,8,48,13,26796291,24
196.01,1547728142,1465.31,51.517612,7.463398,121.19,11.14,-0.35,250.38,1,-91,-8,2,8,48,13,26796291,24
197.01,1547728143,1476.46,51.517570,7.463244,120.48,11.47,0.33,249.23,1,-87,-8,5,10,52,13,26796291,24
198.01,1547728144,1487.93,51.517528,7.463094,119.98,11.47,-0.00,248.56,1,-87,-8,5,10,52,13,26796291,24
199.01,1547728145,1499.40,51.517485,7.462935,118.95,11.18,-0.29,247.71,1,-88,-8,-1,5,52,13,26796291,24
200.02,1547728146,1510.64,51.517445,7.462796,118.45,10.92,-0.25,247.36,1,-88,-8,-1,5,52,13,26796291,24
201.01,1547728147,1521.50,51.517407,7.462661,118.17,10.52,-0.40,247.06,1,-84,-8,-2,6,55,7,26378754,443
202.02,1547728148,1532.04,51.517371,7.462527,117.97,10.27,-0.25,247.54,1,-84,-8,-2,6,55,7,26378754,443
203.01,1547728149,1542.25,51.517347,7.462414,118.50,10.27,0.00,247.85,1,-84,-8,11,11,57,7,26378754,443
204.01,1547728150,1552.56,51.517304,7.462264,118.86,11.14,0.87,246.00,1,-84,-8,11,11,57,7,26378754,443
205.02,1547728151,1563.77,51.517267,7.462108,119.20,11.67,0.53,246.56,1,-87,-7,25,11,51,7,26378754,443
206.01,1547728152,1575.35,51.517224,7.461948,120.25,11.67,0.00,246.44,1,-87,-7,25,11,51,7,26378754,443
207.01,1547728153,1587.01,51.517191,7.461749,120.76,14.29,2.62,251.09,1,-87,-7,25,11,51,7,26378754,443
208.01,1547728154,1601.30,51.517153,7.461559,121.89,14.15,-0.14,250.73,1,-87,-6,17,11,51,7,26378754,443
209.01,1547728155,1615.45,51.517110,7.461366,122.93,14.43,0.29,251.12,1,-87,-6,17,11,51,7,26378754,443
210.02,1547728156,1629.96,51.517061,7.461180,123.72,14.43,0.00,251.09,1,-86,-7,24,9,52,7,26378754,443
211.02,1547728157,1644.35,51.517014,7.460984,123.89,14.30,-0.13,250.46,1,-86,-7,24,9,52,7,26378754,443
212.01,1547728158,1658.62,51.516970,7.460782,123.88,13.92,-0.38,251.97,1,-82,-7,13,13,56,7,26378754,443
213.01,1547728159,1672.52,51.516934,7.460598,124.60,13.84,-0.08,252.55,1,-82,-7,13,13,56,7,26378754,443
214.01,1547728160,1686.38,51.516891,7.460402,125.60,14.03,0.19,252.00,1,-84,-10,13,14,57,7,26378754,443
215.02,1547728161,1700.47,51.516854,7.460228,127.01,13.62,-0.41,252.69,1,-84,-10,13,14,57,7,26378754,443
216.01,1547728162,1714.05,51.516825,7.460044,127.82,13.74,0.12,252.72,1,-77,-5,34,15,59,7,26378754,443
217.01,1547728163,1727.79,51.516795,7.459860,128.45,13.29,-0.45,253.70,1,-77,-5,34,15,59,7,26378754,443
218.01,1547728164,1741.08,51.516765,7.459683,129.53,13.28,-0.01,254.79,1,-78,-6,22,12,61,7,26378754,443
219.01,1547728165,1754.37,51.516737,7.459506,130.26,12.66,-0.63,255.77,1,-78,-6,22,12,61,7,26378754,443
220.02,1547728166,1767.08,51.516714,7.459334,130.52,12.10,-0.56,256.90,1,-80,-8,23,12,59,7,26378754,443
221.01,1547728167,1779.12,51.516693,7.459165,131.51,12.42,0.32,257.70,1,-80,-8,23,12,59,7,26378754,443
222.01,1547728168,1791.54,51.516674,7.458995,132.00,12.04,-0.37,258.45,1,-82,-6,19,15,55,7,26378754,443
223.01,1547728169,1803.58,51.516657,7.458825,132.28,11.86,-0.18,258.36,1,-82,-6,19,15,55,7,26378754,443
224.01,1547728170,1815.46,51.516641,7.458660,132.42,11.49,-0.37,258.70,1,-82,-6,11,8,54,7,26378754,443
225.01,1547728171,1826.92,51.516620,7.458502,132.71,11.08,-0.41,259.05,1,-82,-6,11,8,54,7,26378754,443
226.02,1547728172,1838.13,51.516605,7.458358,133.34,9.77,-1.30,260.18,1,-88,-7,24,10,50,7,26378754,443
227.01,1547728173,1847.80,51.516588,7.458208,134.01,9.92,0.15,259.42,1,-88,-7,24,10,50,7,26378754,443
228.01,1547728174,1857.73,51.516572,7.458070,134.49,9.75,-0.17,258.35,1,-88,-7,24,10,50,7,26378754,443
229.01,1547728175,1867.48,51.516554,7.457944,134.76,8.61,-1.14,258.46,1,-89,-7,8,8,49,10,27029251,443
230.02,1547728176,1876.12,51.516538,7.457827,134.67,7.51,-1.09,256.88,1,-89,-7,8,8,49,10,27029251,443
231.01,1547728177,1883.56,51.516520,7.457714,134.53,6.20,-1.32,257.60,1,-85,-6,14,10,53,10,27029251,331
232.01,1547728178,1889.77,51.516502,7.457614,134.67,5.73,-0.47,256.86,1,-85,-6,14,10,53,10,27029251,331
233.01,1547728179,1895.51,51.516485,7.457520,134.60,5.19,-0.54,258.24,1,-84,-8,13,9,56,10,27029251,331
234.01,1547728180,1900.71,51.516468,7.457452,134.65,3.28,-1.91,258.95,1,-84,-8,13,9,56,10,27029251,331
235.02,1547728181,1904.00,51.516460,7.457393,134.69,2.15,-1.13,259.32,1,-87,-10,11,8,54,10,27029251,331
236.02,1547728182,1906.15,51.516458,7.457348,134.71,1.13,-1.03,259.32,1,-87,-10,11,8,54,10,27029251,331
237.02,1547728183,1907.28,51.516459,7.457324,134.81,0.63,-0.50,259.32,1,-86,-7,16,10,53,10,27029251,331
238.01,1547728184,1907.91,51.516459,7.457324,134.94,0.00,-0.63,259.32,1,-86,-7,16,10,53,10,27029251,331
239.01,1547728185,1907.91,51.516459,7.457324,134.95,0.00,0.00,259.32,1,-84,-6,16,8,54,10,27029251,331
240.02,1547728186,1907.91,51.516459,7.457324,134.96,0.00,0.00,259.32,1,-84,-6,16,8,54,10,27029251,331
241.01,1547728187,1907.91,51.516459,7.457324,134.96,0.00,0.00,259.32,1,-85,-7,14,10,54,10,27029251,331
242.01,1547728188,1907.91,51.516459,7.457324,134.96,0.00,0.00,259.32,1,-85,-7,14,10,54,10,27029251,331
243.01,1547728189,1907.91,51.516459,7.457324,134.97,0.00,0.00,259.32,1,-86,-9,15,8,55,10,27029251,331
244.01,1547728190,1907.91,51.516459,7.457324,135.04,0.00,0.00,259.32,1,-86,-9,15,8,55,10,27029251,331
245.01,1547728191,1907.91,51.516459,7.457324,135.13,0.00,0.00,259.32,1,-86,-7,15,10,51,10,27029251,331
246.01,1547728192,1907.91,51.516459,7.457324,135.30,0.00,0.00,259.20,1,-86,-7,15,10,51,10,27029251,331
247.02,1547728193,1907.91,51.516459,7.457324,135.40,0.00,0.00,253.90,1,-87,-7,4,11,51,10,27029251,331
248.02,1547728194,1907.91,51.516423,7.457109,136.11,4.37,0.00,254.27,1,-87,-7,4,11,51,10,27029251,331
249.01,1547728195,1912.28,51.516405,7.457019,136.80,5.40,1.04,252.98,1,-87,-7,4,11,51,10,27029251,331
250.02,1547728196,1917.71,51.516381,7.456905,136.51,5.60,0.19,250.80,1,-87,-7,16,10,51,10,27029251,331
251.01,1547728197,1923.26,51.516355,7.456797,136.35,5.75,0.15,248.98,1,-87,-7,16,10,51,10,27029251,331
252.01,1547728198,1929.02,51.516325,7.456692,136.67,6.16,0.42,247.77,1,-88,-7,13,9,50,10,27029251,331
253.01,1547728199,1935.18,51.516292,7.456590,137.27,7.10,0.94,244.45,1,-88,-7,13,9,50,10,27029251,331
254.02,1547728200,1942.31,51.516255,7.456466,136.97,8.44,1.33,242.23,1,-87,-10,11,5,53,10,27029251,331
255.02,1547728201,1950.74,51.516219,7.456338,136.11,8.98,0.54,241.43,1,-87,-10,11,5,53,10,27029251,331
256.01,1547728202,1959.71,51.516176,7.456211,135.32,9.20,0.22,240.64,1,-90,-11,3,6,51,3,26378754,443
257.01,1547728203,1968.92,51.516138,7.456089,134.25,8.95,-0.26,239.98,1,-90,-11,3,6,51,3,26378754,443
258.01,1547728204,1977.86,51.516090,7.455977,133.45,8.98,0.03,236.86,1,-89,-7,8,9,49,3,26378754,443
259.01,1547728205,1986.85,51.516042,7.455865,132.96,8.59,-0.39,234.36,1,-89,-7,8,9,49,3,26378754,443
260.02,1547728206,1995.47,51.515993,7.455742,133.51,9.08,0.49,232.20,1,-88,-7,6,10,50,3,26378754,443
261.01,1547728207,2004.48,51.515943,7.455623,134.31,9.37,0.29,229.65,1,-88,-7,6,10,50,3,26378754,443
262.01,1547728208,2013.85,51.515889,7.455520,135.47,9.08,-0.28,226.25,1,-82,-7,6,8,56,3,26378754,443
263.01,1547728209,2022.93,51.515831,7.455428,136.91,9.16,0.08,223.89,1,-82,-7,6,8,56,3,26378754,443
264.01,1547728210,2032.12,51.515768,7.455367,138.20,8.12,-1.04,210.23,1,-85,-8,8,7,52,3,26378754,443
265.01,1547728211,2040.24,51.515704,7.455316,139.67,7.75,-0.37,208.87,1,-85,-8,8,7,52,3,26378754,443
266.01,1547728212,2047.98,51.515649,7.455267,141.51,7.53,-0.23,208.22,1,-86,-8,6,6,53,2,26796291,24
267.01,1547728213,2055.52,51.515599,7.455236,142.99,6.24,-1.29,206.69,1,-86,-8,6,6,53,2,26796291,24
268.02,1547728214,2061.80,51.515543,7.455209,144.45,5.81,-0.43,207.13,1,-87,-7,11,9,52,2,26796291,24
269.01,1547728215,2067.57,51.515479,7.455172,145.34,5.89,0.08,206.15,1,-87,-7,11,9,52,2,26796291,24
270.02,1547728216,2073.48,51.515392,7.455163,146.13,7.82,1.93,187.39,1,-87,-7,11,9,52,2,26796291,24
271.01,1547728217,2081.23,51.515302,7.455155,146.51,8.97,1.16,185.05,1,-83,-8,5,8,56,2,26796291,24
272.01,1547728218,2090.20,51.515215,7.455159,146.44,9.21,0.25,182.12,1,-83,-8,5,8,56,2,26796291,24
273.01,1547728219,2099.45,51.515133,7.455169,145.63,8.79,-0.42,179.77,1,-80,-7,7,9,60,2,26796291,24
274.01,1547728220,2108.23,51.515057,7.455183,144.34,8.05,-0.74,177.90,1,-80,-7,7,9,60,2,26796291,24
275.01,1547728221,2116.28,51.514989,7.455205,143.02,6.92,-1.13,176.57,1,-76,-6,20,11,61,2,26796291,24
276.01,1547728222,2123.21,51.514929,7.455227,141.78,6.25,-0.67,174.79,1,-76,-6,20,11,61,2,26796291,24
277.01,1547728223,2129.46,51.514865,7.455250,140.52,6.79,0.53,173.64,1,-76,-6,14,11,62,2,26796291,24
278.01,1547728224,2136.24,51.514792,7.455271,139.17,7.98,1.19,173.02,1,-76,-6,14,11,62,2,26796291,24
279.01,1547728225,2144.22,51.514711,7.455290,137.99,9.00,1.02,172.43,1,-73,-5,16,10,61,2,26796291,24
280.02,1547728226,2153.26,51.514620,7.455313,137.12,10.13,1.13,172.84,1,-73,-5,16,10,61,2,26796291,24
281.01,1547728227,2163.37,51.514525,7.455332,136.59,10.58,0.45,172.54,1,-78,-6,11,8,58,2,26796291,24
282.01,1547728228,2173.91,51.514434,7.455343,136.43,9.79,-0.79,172.08,1,-78,-6,11,8,58,2,26796291,24
283.01,1547728229,2183.70,51.514357,7.455361,135.92,8.42,-1.37,172.07,1,-73,-7,14,11,63,2,26796291,24
284.01,1547728230,2192.12,51.514287,7.455378,135.28,7.42,-1.00,171.71,1,-73,-7,14,11,63,2,26796291,24
285.01,1547728231,2199.53,51.514231,7.455383,135.05,5.35,-2.07,171.08,1,-74,-8,13,11,63,2,26796291,24
286.01,1547728232,2204.90,51.514193,7.455393,135.02,3.58,-1.77,171.55,1,-74,-8,13,11,63,2,26796291,24
287.01,1547728233,2208.48,51.514172,7.455397,134.99,1.67,-1.91,171.75,1,-69,-7,21,9,63,2,26796291,24
288.01,1547728234,2210.14,51.514172,7.455397,134.99,0.00,-1.67,171.75,1,-69,-7,21,9,63,2,26796291,24
289.02,1547728235,2210.14,51.514172,7.455397,135.00,0.00,0.00,171.75,1,-71,-7,18,8,63,2,26796291,24
290.02,1547728236,2210.14,51.514172,7.455397,135.00,0.00,0.00,171.75,1,-71,-7,18,8,63,2,26796291,24
291.01,1547728237,2210.14,51.514172,7.455397,135.01,0.00,0.00,171.75,1,-71,-7,18,8,63,2,26796291,24
292.01,1547728238,2210.14,51.514172,7.455397,135.01,0.00,0.00,171.75,1,-71,-8,15,12,63,2,26796291,24
293.01,1547728239,2210.14,51.514172,7.455397,135.02,0.00,0.00,171.75,1,-71,-8,15,12,63,2,26796291,24
294.01,1547728240,2210.14,51.514172,7.455397,135.03,0.00,0.00,171.75,1,-71,-8,12,8,63,2,26796291,24
295.01,1547728241,2210.14,51.514172,7.455397,135.04,0.00,0.00,171.75,1,-71,-8,12,8,63,2,26796291,24
296.01,1547728242,2210.14,51.514172,7.455397,135.04,0.00,0.00,171.75,1,-71,-7,11,14,63,2,26796291,24
297.01,1547728243,2210.14,51.514172,7.455397,135.06,0.00,0.00,171.75,1,-71,-7,11,14,63,2,26796291,24
298.01,1547728244,2210.14,51.514172,7.455397,135.07,0.00,0.00,171.75,1,-70,-7,16,13,63,2,26796291,24
299.01,1547728245,2210.14,51.514172,7.455397,135.08,0.00,0.00,171.75,1,-70,-7,16,13,63,2,26796291,24
300.02,1547728246,2210.14,51.514172,7.455397,135.09,0.00,0.00,171.75,1,-70,-8,20,9,63,2,26796291,24
301.01,1547728247,2210.14,51.514172,7.455397,135.10,0.00,0.00,171.75,1,-70,-8,20,9,63,2,26796291,24
302.01,1547728248,2210.14,51.514172,7.455397,135.11,0.00,0.00,171.75,1,-70,-8,18,9,63,2,26796291,24
303.01,1547728249,2210.14,51.514172,7.455397,135.11,0.00,0.00,171.75,1,-70,-8,18,9,63,2,26796291,24
304.01,1547728250,2210.14,51.514172,7.455397,135.11,0.00,0.00,171.75,1,-71,-10,13,9,63,2,26796291,24
305.01,1547728251,2210.14,51.514172,7.455397,135.12,0.00,0.00,171.75,1,-71,-10,13,9,63,2,26796291,24
306.01,1547728252,2210.14,51.514172,7.455397,135.12,0.00,0.00,171.75,1,-71,-8,18,10,63,2,26796291,24
307.01,1547728253,2210.14,51.514172,7.455397,135.12,0.00,0.00,171.75,1,-71,-8,18,10,63,2,26796291,24
308.01,1547728254,2210.14,51.514172,7.455397,135.12,0.00,0.00,171.75,1,-71,-7,19,11,63,2,26796291,24
309.01,1547728255,2210.14,51.514172,7.455397,135.11,0.00,0.00,171.75,1,-71,-7,19,11,63,2,26796291,24
310.03,1547728256,2210.14,51.514172,7.455397,135.10,0.00,0.00,171.75,1,-70,-8,16,9,63,2,26796291,24
311.02,1547728257,2210.14,51.514172,7.455397,135.10,0.00,0.00,171.75,1,-70,-8,16,9,63,2,26796291,24
312.01,1547728258,2210.14,51.514172,7.455397,135.11,0.00,0.00,171.75,1,-70,-8,16,9,63,2,26796291,24
313.01,1547728259,2210.14,51.514172,7.455397,135.12,0.00,0.00,171.75,1,-70,-8,16,10,63,2,26796291,24
314.01,1547728260,2210.14,51.514172,7.455397,135.13,0.00,0.00,171.75,1,-70,-8,16,10,63,2,26796291,24
315.01,1547728261,2210.14,51.514172,7.455397,135.14,0.00,0.00,171.75,1,-70,-8,13,9,63,2,26796291,24
316.01,1547728262,2210.14,51.514172,7.455397,135.15,0.00,0.00,171.75,1,-70,-8,13,9,63,2,26796291,24
317.01,1547728263,2210.14,51.514172,7.455397,135.16,0.00,0.00,171.75,1,-69,-8,14,11,63,2,26796291,24
318.01,1547728264,2210.14,51.514172,7.455397,135.18,0.00,0.00,171.75,1,-69,-8,14,11,63,2,26796291,24
319.01,1547728265,2210.14,51.514172,7.455397,135.18,0.00,0.00,171.75,1,-69,-8,20,7,63,2,26796291,24
320.02,1547728266,2210.14,51.514172,7.455397,135.19,0.00,0.00,171.75,1,-69,-8,20,7,63,2,26796291,24
321.11,1547728267,2210.14,51.514172,7.455397,135.20,0.00,0.00,171.75,1,-71,-8,19,9,63,2,26796291,24
322.11,1547728268,2210.14,51.514172,7.455397,135.21,0.00,0.00,171.75,1,-71,-8,19,9,63,2,26796291,24
323.11,1547728269,2210.14,51.514172,7.455397,135.22,0.00,0.00,171.75,1,-70,-8,14,9,63,2,26796291,24
324.11,1547728270,2210.14,51.514172,7.455397,135.22,0.00,0.00,171.75,1,-70,-8,14,9,63,2,26796291,24
325.11,1547728271,2210.14,51.514172,7.455397,135.23,0.00,0.00,171.75,1,-70,-8,18,8,63,2,26796291,24
326.11,1547728272,2210.14,51.514172,7.455397,135.23,0.00,0.00,171.75,1,-70,-8,18,8,63,2,26796291,24
327.11,1547728273,2210.14,51.514172,7.455397,135.22,0.00,0.00,171.75,1,-70,-8,19,9,63,2,26796291,24
328.11,1547728274,2210.14,51.514172,7.455397,135.22,0.00,0.00,171.75,1,-70,-8,19,9,63,2,26796291,24
329.11,1547728275,2210.14,51.514172,7.455397,135.22,0.00,0.00,171.75,1,-70,-8,2,9,63,2,26796291,24
330.15,1547728276,2210.14,51.514172,7.455397,135.22,0.00,0.00,171.75,1,-70,-8,2,9,63,2,26796291,24
331.11,1547728277,2210.14,51.514172,7.455397,135.21,0.00,0.00,171.75,1,-71,-8,15,9,63,2,26796291,24
332.11,1547728278,2210.14,51.514172,7.455397,135.21,0.00,0.00,171.75,1,-71,-8,15,9,63,2,26796291,24
333.12,1547728279,2210.14,51.514172,7.455397,135.21,0.00,0.00,171.75,1,-72,-8,14,8,63,2,26796291,24
334.12,1547728280,2210.14,51.514172,7.455397,135.20,0.00,0.00,171.75,1,-72,-8,14,8,63,2,26796291,24
335.11,1547728281,2210.14,51.514172,7.455397,135.20,0.00,0.00,171.75,1,-72,-8,14,8,63,2,26796291,24
336.11,1547728282,2210.14,51.514172,7.455397,135.20,0.00,0.00,171.75,1,-71,-8,11,8,63,2,26796291,24
337.11,1547728283,2210.14,51.514172,7.455397,135.20,0.00,0.00,171.75,1,-71,-8,11,8,63,2,26796291,24
338.11,1547728284,2210.14,51.514172,7.455397,135.20,0.00,0.00,171.75,1,-71,-8,16,8,63,2,26796291,24
339.11,1547728285,2210.14,51.514172,7.455397,135.20,0.00,0.00,171.75,1,-71,-8,16,8,63,2,26796291,24
340.16,1547728286,2210.14,51.514172,7.455397,135.20,0.00,0.00,171.75,1,-71,-9,21,9,63,2,26796291,24
341.12,1547728287,2210.14,51.514172,7.455397,135.21,0.00,0.00,171.75,1,-71,-9,21,9,63,2,26796291,24
342.11,1547728288,2210.14,51.514172,7.455397,135.21,0.00,0.00,171.75,1,-71,-8,13,9,63,2,26796291,24
343.11,1547728289,2210.14,51.514172,7.455397,135.22,0.00,0.00,171.75,1,-71,-8,13,9,63,2,26796291,24
344.11,1547728290,2210.14,51.514172,7.455397,135.23,0.00,0.00,171.75,1,-70,-8,12,9,63,2,26796291,24
345.11,1547728291,2210.14,51.514172,7.455397,135.24,0.00,0.00,171.75,1,-70,-8,12,9,63,2,26796291,24
346.11,1547728292,2210.14,51.514172,7.455397,135.25,0.00,0.00,171.75,1,-71,-9,12,8,63,2,26796291,24
347.11,1547728293,2210.14,51.514172,7.455397,135.26,0.00,0.00,171.75,1,-71,-9,12,8,63,2,26796291,24
348.11,1547728294,2210.14,51.514172,7.455397,135.26,0.00,0.00,171.75,1,-71,-8,11,11,63,2,26796291,24
349.11,1547728295,2210.14,51.514172,7.455397,135.31,0.00,0.00,171.75,1,-71,-8,11,11,63,2,26796291,24
350.11,1547728296,2210.14,51.514172,7.455397,135.50,0.00,0.00,171.73,1,-67,-8,18,10,63,2,26796291,24
351.11,1547728297,2210.14,51.514046,7.455436,136.04,0.00,0.00,171.53,1,-67,-8,18,10,63,2,26796291,24
352.11,1547728298,2210.14,51.513970,7.455459,136.70,8.40,0.00,171.56,1,-87,-11,15,8,55,2,26796291,24
353.11,1547728299,2218.53,51.513886,7.455481,137.50,9.33,0.93,171.22,1,-87,-11,15,8,55,2,26796291,24
354.12,1547728300,2227.92,51.513791,7.455513,138.11,10.63,1.29,169.98,1,-74,-6,8,6,62,1,26796290,25
355.11,1547728301,2238.52,51.513690,7.455551,138.78,11.47,0.84,167.72,1,-74,-6,8,6,62,1,26796290,25
356.11,1547728302,2249.99,51.513581,7.455606,140.18,12.30,0.83,165.24,1,-74,-6,8,6,62,1,26796290,25
357.11,1547728303,2262.31,51.513471,7.455666,141.74,12.61,0.31,162.48,1,-86,-9,5,9,53,1,26796290,25
358.11,1547728304,2274.93,51.513357,7.455745,144.40,13.10,0.49,159.10,1,-86,-9,5,9,53,1,26796290,25
359.12,1547728305,2288.04,51.513255,7.455869,147.62,13.25,0.15,144.04,1,-84,-10,1,5,56,1,26796290,25
360.16,1547728306,2301.94,51.513154,7.455994,149.63,13.24,-0.01,141.56,1,-84,-10,1,5,56,1,26796290,25
361.11,1547728307,2314.52,51.513054,7.456137,151.48,14.74,1.58,138.08,1,-92,-11,1,8,49,7,26796291,24
362.11,1547728308,2329.27,51.512965,7.456298,152.78,14.69,-0.05,134.19,1,-92,-11,1,8,49,7,26796291,24
363.11,1547728309,2343.93,51.512873,7.456464,153.75,14.99,0.30,131.85,1,-82,-7,6,6,55,2,26378755,441
364.11,1547728310,2358.96,51.512790,7.456633,154.72,14.89,-0.11,130.11,1,-82,-7,6,6,55,2,26378755,441
365.11,1547728311,2373.84,51.512707,7.456801,155.56,14.84,-0.05,128.68,1,-82,-8,11,11,56,2,26378755,441
366.11,1547728312,2388.67,51.512626,7.456983,156.79,14.92,0.08,127.37,1,-82,-8,11,11,56,2,26378755,441
367.11,1547728313,2403.58,51.512548,7.457171,156.92,15.46,0.55,126.28,1,-88,-7,22,10,50,2,26378755,441
368.11,1547728314,2419.06,51.512468,7.457360,156.65,15.44,-0.02,125.82,1,-88,-7,22,10,50,2,26378755,441
369.11,1547728315,2434.49,51.512383,7.457534,157.21,15.53,0.09,125.88,1,-90,-7,15,11,49,2,26378755,441
370.12,1547728316,2450.05,51.512295,7.457716,157.77,15.53,-0.00,125.38,1,-90,-7,15,11,49,2,26378755,441
371.12,1547728317,2465.61,51.512212,7.457905,158.93,15.54,0.01,124.52,1,-87,-6,12,11,51,2,26378755,441
372.11,1547728318,2481.10,51.512130,7.458090,160.40,15.39,-0.15,124.09,1,-87,-6,12,11,51,2,26378755,441
373.11,1547728319,2496.44,51.512054,7.458275,161.14,15.21,-0.18,124.99,1,-88,-8,13,8,52,2,26378755,441
374.12,1547728320,2511.71,51.511976,7.458462,161.40,15.58,0.37,126.49,1,-88,-8,13,8,52,2,26378755,441
375.12,1547728321,2527.40,51.511902,7.458639,161.40,15.06,-0.51,127.13,1,-92,-7,25,8,46,2,26378755,441
376.11,1547728322,2542.34,51.511820,7.458826,160.16,15.72,0.66,126.75,1,-92,-7,25,8,46,2,26378755,441
377.11,1547728323,2558.04,51.511739,7.459005,159.10,15.12,-0.60,126.31,1,-92,-7,25,8,46,2,26378755,441
378.11,1547728324,2573.16,51.511655,7.459188,158.49,15.23,0.11,126.17,1,-90,-7,13,9,48,2,26378755,441
379.11,1547728325,2588.39,51.511574,7.459367,157.84,14.87,-0.36,125.69,1,-90,-7,13,9,48,2,26378755,441
380.15,1547728326,2603.83,51.511495,7.459537,156.76,14.72,-0.14,126.83,1,-87,-7,16,8,51,2,26378755,441
381.12,1547728327,2618.03,51.511413,7.459695,157.28,14.36,-0.38,125.89,1,-87,-7,16,8,51,2,26378755,441
382.11,1547728328,2632.32,51.511334,7.459850,158.27,13.66,-0.70,126.63,1,-90,-7,13,9,48,2,26378755,441
383.11,1547728329,2646.02,51.511259,7.460010,158.38,13.42,-0.23,127.61,1,-90,-7,13,9,48,2,26378755,441
384.11,1547728330,2659.41,51.511184,7.460160,159.20,13.06,-0.36,129.15,1,-90,-7,24,9,48,2,26378755,441
385.11,1547728331,2672.49,51.511107,7.460330,158.98,13.06,0.00,128.06,1,-90,-7,24,9,48,2,26378755,441
386.11,1547728332,2685.55,51.511009,7.460443,158.80,12.60,-0.46,135.26,1,-88,-6,16,9,49,2,26378755,441
387.11,1547728333,2698.14,51.510917,7.460565,158.11,11.88,-0.72,133.89,1,-88,-6,16,9,49,2,26378755,441
388.11,1547728334,2710.02,51.510831,7.460690,158.66,11.68,-0.20,134.24,1,-90,-8,13,9,49,2,26378755,441
389.11,1547728335,2721.71,51.510750,7.460826,159.90,11.56,-0.12,134.97,1,-90,-8,13,9,49,2,26378755,441
390.11,1547728336,2733.28,51.510664,7.460949,161.36,11.44,-0.11,135.67,1,-89,-8,11,9,50,2,26378755,441
391.12,1547728337,2744.74,51.510587,7.461072,162.94,10.99,-0.45,135.32,1,-89,-8,11,9,50,2,26378755,441
392.12,1547728338,2755.73,51.510507,7.461192,164.09,11.19,0.20,134.38,1,-89,-7,11,8,49,2,26378755,441
393.11,1547728339,2766.89,51.510433,7.461308,164.34,10.82,-0.37,134.80,1,-89,-7,11,8,49,2,26378755,441
394.11,1547728340,2777.71,51.510368,7.461407,164.12,8.86,-1.96,138.78,1,-87,-8,10,8,52,2,26378755,441
395.11,1547728341,2786.59,51.510313,7.461510,163.38,8.12,-0.74,138.76,1,-87,-8,10,8,52,2,26378755,441
396.12,1547728342,2794.78,51.510272,7.461628,162.36,8.36,0.23,124.79,1,-88,-7,10,8,51,2,26378755,441
397.11,1547728343,2803.07,51.510229,7.461731,161.70,7.39,-0.98,126.53,1,-88,-7,10,8,51,2,26378755,441
398.11,1547728344,2810.46,51.510208,7.461786,161.66,3.61,-3.78,125.55,1,-88,-7,10,8,51,2,26378755,441
399.12,1547728345,2814.07,51.510195,7.461829,161.65,2.53,-1.07,113.01,1,-89,-8,10,9,51,2,26378755,441
400.17,1547728346,2816.74,51.510188,7.461856,161.58,1.51,-0.97,134.17,1,-89,-8,10,9,51,2,26378755,441
401.11,1547728347,2818.16,51.510188,7.461856,161.56,0.00,-1.60,134.17,1,-87,-9,11,10,53,2,26378755,441
402.12,1547728348,2818.16,51.510188,7.461856,161.55,0.00,0.00,134.17,1,-87,-9,11,10,53,2,26378755,441
403.11,1547728349,2818.16,51.510188,7.461856,161.54,0.00,0.00,134.17,1,-88,-8,9,9,52,2,26378755,441
404.11,1547728350,2818.16,51.510188,7.461856,161.53,0.00,0.00,134.17,1,-88,-8,9,9,52,2,26378755,441
405.11,1547728351,2818.16,51.510188,7.461856,161.44,0.00,0.00,118.26,1,-85,-10,9,8,56,2,26378755,441
406.11,1547728352,2818.16,51.510188,7.461856,161.50,0.00,0.00,117.26,1,-85,-10,9,8,56,2,26378755,441
407.12,1547728353,2818.16,51.510139,7.461983,162.75,4.61,0.00,119.86,1,-86,-9,5,7,54,2,26378755,441
408.11,1547728354,2822.77,51.510110,7.462071,164.00,6.20,1.59,120.44,1,-86,-9,5,7,54,2,26378755,441
409.12,1547728355,2829.01,51.510072,7.462195,164.45,9.49,3.26,119.82,1,-88,-9,4,6,52,2,26378755,441
410.11,1547728356,2838.45,51.510035,7.462322,164.45,10.47,0.99,117.93,1,-88,-9,4,6,52,2,26378755,441
411.11,1547728357,2848.91,51.510002,7.462468,164.49,11.10,0.63,116.02,1,-86,-8,8,9,52,4,27299332,326
412.11,1547728358,2859.97,51.509969,7.462642,164.62,11.80,0.70,113.48,1,-86,-8,8,9,52,4,27299332,326
413.11,1547728359,2871.77,51.509933,7.462795,164.75,11.74,-0.05,111.16,1,-87,-7,11,9,51,4,27299332,326
414.11,1547728360,2883.52,51.509916,7.462940,164.19,10.52,-1.22,98.39,1,-87,-7,11,9,51,4,27299332,326
415.11,1547728361,2894.05,51.509902,7.463111,163.17,10.85,0.34,97.38,1,-85,-7,13,9,53,4,27299332,326
416.11,1547728362,2904.91,51.509893,7.463275,161.23,10.56,-0.29,96.33,1,-85,-7,13,9,53,4,27299332,326
417.12,1547728363,2915.57,51.509889,7.463422,160.00,9.32,-1.23,95.15,1,-80,-5,29,12,56,4,27299332,326
418.11,1547728364,2924.81,51.509887,7.463562,158.74,8.83,-0.49,93.60,1,-80,-5,29,12,56,4,27299332,326
419.11,1547728365,2933.64,51.509884,7.463672,158.03,7.17,-1.66,92.84,1,-80,-5,29,12,56,4,27299332,326
420.11,1547728366,2940.81,51.509883,7.463781,158.03,6.50,-0.67,91.44,1,-81,-6,29,12,55,4,27299332,326
421.11,1547728367,2947.28,51.509880,7.463869,158.47,4.63,-1.88,90.86,1,-81,-6,29,12,55,4,27299332,326
422.12,1547728368,2951.96,51.509881,7.463936,158.52,3.81,-0.81,91.18,1,-81,-5,31,11,55,4,27299332,326
423.11,1547728369,2955.74,51.509880,7.464001,158.59,3.00,-0.82,94.19,1,-81,-5,31,11,55,4,27299332,326
424.11,1547728370,2958.74,51.509879,7.464068,158.60,4.08,1.08,93.96,1,-84,-8,20,9,54,4,27299332,326
425.11,1547728371,2962.82,51.509871,7.464163,158.56,4.08,0.00,93.54,1,-84,-8,20,9,54,4,27299332,326
426.11,1547728372,2966.91,51.509871,7.464276,158.37,7.01,2.92,91.73,1,-89,-7,11,11,48,4,27299332,326
427.11,1547728373,2973.93,51.509873,7.464397,158.21,7.97,0.95,91.34,1,-89,-7,11,11,48,4,27299332,326
428.11,1547728374,2981.89,51.509873,7.464523,157.85,8.43,0.46,91.19,1,-92,-7,19,11,45,4,27299332,326
429.11,1547728375,2990.32,51.509877,7.464676,156.84,10.38,1.96,91.83,1,-92,-7,19,11,45,4,27299332,326
430.16,1547728376,3001.19,51.509877,7.464822,155.65,10.07,-0.30,91.30,1,-92,-8,19,8,45,4,27299332,326
431.12,1547728377,3010.83,51.509877,7.464970,155.43,9.58,-0.51,91.68,1,-92,-8,19,8,45,4,27299332,326
432.11,1547728378,3020.33,51.509878,7.465125,155.20,10.12,0.55,91.35,1,-93,-9,8,11,45,4,27299332,326
433.11,1547728379,3030.46,51.509879,7.465292,154.58,11.01,0.89,92.53,1,-93,-9,8,11,45,4,27299332,326
434.11,1547728380,3041.49,51.509875,7.465456,153.72,11.37,0.36,93.24,1,-92,-8,9,8,46,4,27299332,326
435.11,1547728381,3052.86,51.509870,7.465616,153.55,11.30,-0.07,92.69,1,-92,-8,9,8,46,4,27299332,326
436.12,1547728382,3064.18,51.509867,7.465776,152.87,11.21,-0.09,91.78,1,-91,-7,21,8,46,4,27299332,326
437.12,1547728383,3075.39,51.509865,7.465946,152.49,11.76,0.55,92.38,1,-91,-7,21,8,46,4,27299332,326
438.11,1547728384,3087.13,51.509860,7.466120,152.10,11.63,-0.13,93.08,1,-97,-11,2,9,43,4,27299332,326
439.11,1547728385,3098.76,51.509856,7.466305,152.40,11.89,0.26,93.54,1,-97,-11,2,9,43,4,27299332,326
440.17,1547728386,3111.29,51.509851,7.466494,152.32,12.77,0.84,93.84,1,-92,-7,3,6,45,7,26379013,199
441.11,1547728387,3123.35,51.509845,7.466688,152.84,12.86,0.10,93.30,1,-92,-7,3,6,45,7,26379013,199
