time_s,timestamp_ms,distance_m,latitude,longitude,altitude,velocity_mps,acceleration_mpss,direction,isRegistered,rsrp_dbm,rsrq_db,rssnr_db,cqi,ss,ta,ci,pci
0.10,1547729204,0.01,51.509820,7.467312,153.86,10.84,0.00,95.70,0,-62,-5,0,0,63,0,0,138
1.11,1547729205,10.92,51.509803,7.467494,153.86,11.53,0.00,96.74,0,-86,-9,0,0,54,0,0,324
1.11,1547729205,10.93,51.509803,7.467494,153.86,11.53,0.00,96.74,0,-64,-5,0,0,63,0,0,138
2.11,1547729206,22.44,51.509804,7.467710,153.46,11.53,0.00,95.74,0,-86,-9,0,0,54,0,0,324
2.11,1547729206,22.46,51.509804,7.467710,153.46,11.53,0.00,95.74,0,-64,-5,0,0,63,0,0,138
3.10,1547729207,33.96,51.509792,7.467878,153.00,12.49,0.00,97.19,0,-66,-4,0,0,63,0,0,138
4.10,1547729208,46.45,51.509784,7.468056,152.17,12.01,0.00,95.99,0,-66,-4,0,0,63,0,0,138
5.11,1547729209,58.47,51.509779,7.468222,151.00,11.80,0.00,93.34,0,-99,-11,0,0,43,0,0,326
5.11,1547729209,58.47,51.509779,7.468222,151.00,11.80,0.00,93.34,0,-72,-5,0,0,63,0,0,138
6.11,1547729210,70.27,51.509779,7.468391,150.31,11.49,0.00,89.79,0,-99,-11,0,0,43,0,0,326
6.11,1547729210,70.28,51.509779,7.468391,150.31,11.49,0.00,89.79,0,-72,-5,0,0,63,0,0,138
7.11,1547729211,81.86,51.509784,7.468552,149.82,11.54,0.00,85.80,0,-76,-6,0,0,61,0,0,138
8.11,1547729212,93.30,51.509822,7.468717,149.28,12.25,0.00,70.70,0,-76,-6,0,0,61,0,0,138
9.10,1547729213,105.54,51.509860,7.468875,148.87,11.91,0.00,69.44,0,-76,-6,0,0,61,0,0,138
10.10,1547729214,117.45,51.509904,7.469031,147.99,12.07,0.00,65.92,0,-76,-7,0,0,63,0,0,138
11.10,1547729215,129.52,51.509957,7.469190,146.88,12.25,0.00,63.21,0,-76,-7,0,0,63,0,0,138
12.10,1547729216,141.74,51.510015,7.469344,145.90,12.73,0.00,61.19,0,-99,-8,0,0,41,0,0,324
12.10,1547729216,141.74,51.510015,7.469344,145.90,12.73,0.00,61.19,0,-100,-9,0,0,40,0,0,374
12.10,1547729216,141.74,51.510015,7.469344,145.90,12.73,0.00,61.19,0,-76,-5,0,0,60,0,0,138
13.10,1547729217,154.47,51.508029,7.467583,144.96,12.90,0.00,59.94,0,-99,-8,0,0,41,0,0,324
13.10,1547729217,154.47,51.508029,7.467583,144.96,12.90,0.00,59.94,0,-100,-9,0,0,40,0,0,374
13.10,1547729217,154.48,51.508029,7.467583,144.96,12.90,0.00,59.94,0,-76,-5,0,0,60,0,0,138
14.11,1547729218,167.49,51.510140,7.469660,144.35,13.09,0.00,59.12,0,-75,-9,0,0,63,0,0,138
15.11,1547729219,180.49,51.510207,7.469820,143.90,13.16,0.00,58.30,0,-75,-9,0,0,63,0,0,138
16.11,1547729220,193.69,51.510274,7.469981,143.51,13.15,0.00,57.44,0,-87,-7,0,0,50,0,0,138
16.11,1547729220,193.69,51.510274,7.469981,143.51,13.15,0.00,57.44,0,-94,-12,0,0,49,0,0,296
17.11,1547729221,206.80,51.510336,7.470148,143.54,12.69,0.00,57.84,0,-87,-7,0,0,50,0,0,138
17.11,1547729221,206.81,51.510336,7.470148,143.54,12.69,0.00,57.84,0,-94,-12,0,0,49,0,0,296
18.11,1547729222,219.48,51.510400,7.470316,143.96,12.47,0.00,57.27,0,-87,-7,0,0,50,0,0,138
19.10,1547729223,231.94,51.510457,7.470457,144.10,11.41,0.00,56.28,0,-87,-7,0,0,50,0,0,138
20.10,1547729224,243.35,51.510518,7.470581,143.50,10.96,0.00,53.58,0,-86,-8,0,0,53,0,0,138
21.11,1547729225,254.34,51.510581,7.470690,142.80,10.01,0.00,51.16,0,-86,-8,0,0,53,0,0,138
22.10,1547729226,264.28,51.510639,7.470786,142.60,8.64,0.00,48.44,0,-90,-10,0,0,50,0,0,138
23.10,1547729227,272.94,51.510697,7.470872,142.52,8.11,0.00,46.38,0,-90,-10,0,0,50,0,0,138
24.11,1547729228,281.07,51.510753,7.470939,142.20,7.38,0.00,44.62,0,-92,-12,0,0,50,0,0,152
24.11,1547729228,281.08,51.510753,7.470939,142.20,7.38,0.00,44.62,0,-94,-14,0,0,51,0,0,150
25.11,1547729229,288.45,51.510799,7.470993,141.73,6.33,0.00,43.17,0,-92,-12,0,0,50,0,0,152
25.11,1547729229,288.45,51.510799,7.470993,141.73,6.33,0.00,43.17,0,-94,-14,0,0,51,0,0,150
26.11,1547729230,294.78,51.510838,7.471034,141.14,4.67,0.00,42.23,0,-93,-11,0,0,50,0,0,152
26.11,1547729230,294.78,51.510838,7.471034,141.14,4.67,0.00,42.23,0,-94,-13,0,0,50,0,0,138
27.11,1547729231,299.45,51.510867,7.471058,141.11,2.77,0.00,41.20,0,-93,-11,0,0,50,0,0,152
27.11,1547729231,299.45,51.510867,7.471058,141.11,2.77,0.00,41.20,0,-94,-13,0,0,50,0,0,138
28.11,1547729232,302.24,51.510881,7.471064,141.01,0.94,0.00,41.20,0,-91,-12,0,0,51,0,0,152
29.11,1547729233,303.17,51.510881,7.471064,141.00,0.00,0.00,41.20,0,-91,-12,0,0,51,0,0,152
30.10,1547729234,303.17,51.510881,7.471064,141.00,0.00,0.00,41.20,0,-91,-12,0,0,51,0,0,152
31.11,1547729235,303.17,51.510881,7.471064,141.00,0.00,0.00,41.20,0,-91,-12,0,0,53,0,0,152
32.10,1547729236,303.17,51.510881,7.471064,141.00,0.00,0.00,41.20,0,-91,-12,0,0,53,0,0,152
33.10,1547729237,303.17,51.512555,7.474302,141.00,0.00,0.00,41.20,0,-91,-11,0,0,52,0,0,152
34.10,1547729238,303.17,51.510881,7.471064,141.00,0.00,0.00,41.20,0,-91,-11,0,0,52,0,0,152
35.11,1547729239,303.17,51.510881,7.471064,141.00,0.00,0.00,41.20,0,-91,-10,0,0,51,0,0,152
36.11,1547729240,303.17,51.510881,7.471064,140.99,0.00,0.00,41.20,0,-91,-10,0,0,51,0,0,152
37.10,1547729241,303.17,51.510881,7.471064,140.99,0.00,0.00,41.20,0,-91,-11,0,0,51,0,0,152
38.10,1547729242,303.17,51.510881,7.471064,140.99,0.00,0.00,41.20,0,-91,-11,0,0,51,0,0,152
39.10,1547729243,303.17,51.510881,7.471064,140.99,0.00,0.00,41.20,0,-91,-11,0,0,51,0,0,152
40.10,1547729244,303.17,51.510881,7.471064,140.98,0.00,0.00,41.20,0,-91,-11,0,0,51,0,0,152
41.10,1547729245,303.17,51.510881,7.471064,140.98,0.00,0.00,41.20,0,-91,-11,0,0,53,0,0,152
42.10,1547729246,303.17,51.510881,7.471064,140.92,0.00,0.00,41.20,0,-91,-11,0,0,53,0,0,152
43.10,1547729247,303.17,51.510881,7.471064,140.84,0.00,0.00,69.97,0,-91,-13,0,0,52,0,0,152
44.10,1547729248,303.17,51.510932,7.471130,140.36,0.00,0.00,40.34,0,-91,-13,0,0,52,0,0,152
45.11,1547729249,303.18,51.510991,7.471210,140.24,8.64,0.00,40.16,0,-91,-11,0,0,51,0,0,152
45.11,1547729249,303.19,51.510991,7.471210,140.24,8.64,0.00,40.16,0,-93,-14,0,0,51,0,0,150
46.11,1547729250,311.81,51.511064,7.471304,139.69,10.48,0.00,39.34,0,-91,-11,0,0,51,0,0,152
46.11,1547729250,311.82,51.511064,7.471304,139.69,10.48,0.00,39.34,0,-93,-14,0,0,51,0,0,150
47.10,1547729251,322.28,51.511142,7.471384,139.26,10.48,0.00,40.34,0,-90,-11,0,0,52,0,0,152
48.11,1547729252,332.77,51.511234,7.471503,138.40,12.89,0.00,39.50,0,-90,-11,0,0,52,0,0,152
49.12,1547729253,345.82,51.511336,7.471635,137.54,14.45,0.00,38.86,0,-86,-9,0,0,55,0,0,152
49.12,1547729253,345.83,51.511336,7.471635,137.54,14.45,0.00,38.86,0,-90,-15,0,0,55,0,0,150
50.11,1547729254,360.10,51.511438,7.471767,136.96,14.66,0.00,38.57,0,-86,-9,0,0,55,0,0,152
50.11,1547729254,360.11,51.511438,7.471767,136.96,14.66,0.00,38.57,0,-90,-15,0,0,55,0,0,150
51.11,1547729255,374.76,51.511540,7.471896,136.33,14.29,0.00,39.38,0,-86,-9,0,0,55,0,0,152
51.11,1547729255,374.79,51.511540,7.471896,136.33,14.29,0.00,39.38,0,-90,-15,0,0,55,0,0,150
52.10,1547729256,388.97,51.511640,7.472024,135.76,14.16,0.00,39.32,0,-87,-12,0,0,55,0,0,152
53.11,1547729257,403.21,51.512555,7.474302,135.12,14.19,0.00,39.82,0,-87,-12,0,0,55,0,0,152
54.11,1547729258,417.42,51.511844,7.472268,134.67,14.20,0.00,39.27,0,-87,-10,0,0,55,0,0,152
54.11,1547729258,417.42,51.511844,7.472268,134.67,14.20,0.00,39.27,0,-91,-14,0,0,55,0,0,150
55.11,1547729259,431.60,51.511943,7.472389,134.51,13.90,0.00,38.47,0,-87,-10,0,0,55,0,0,152
55.11,1547729259,431.61,51.511943,7.472389,134.51,13.90,0.00,38.47,0,-91,-14,0,0,55,0,0,150
56.11,1547729260,445.49,51.512040,7.472502,134.46,13.18,0.00,37.24,0,-87,-10,0,0,54,0,0,152
56.11,1547729260,445.51,51.512040,7.472502,134.46,13.18,0.00,37.24,0,-89,-13,0,0,54,0,0,150
57.11,1547729261,458.68,51.512135,7.472603,134.71,12.34,0.00,33.55,0,-87,-10,0,0,54,0,0,152
57.11,1547729261,458.68,51.512135,7.472603,134.71,12.34,0.00,33.55,0,-89,-13,0,0,54,0,0,150
60.11,1547729264,492.06,51.512401,7.472755,136.70,10.00,0.00,12.38,0,-82,-9,0,0,58,0,0,150
60.11,1547729264,492.07,51.512401,7.472755,136.70,10.00,0.00,12.38,0,-84,-11,0,0,58,0,0,152
61.10,1547729265,502.01,51.512522,7.472793,137.32,13.06,0.00,9.86,0,-82,-9,0,0,58,0,0,150
61.10,1547729265,502.01,51.512522,7.472793,137.32,13.06,0.00,9.86,0,-84,-11,0,0,58,0,0,152
62.10,1547729266,515.09,51.512652,7.472821,137.89,14.14,0.00,7.74,0,-83,-10,0,0,58,0,0,152
62.10,1547729266,515.09,51.512652,7.472821,137.89,14.14,0.00,7.74,0,-83,-10,0,0,57,0,0,150
63.10,1547729267,529.23,51.512785,7.472838,138.15,14.37,0.00,6.22,0,-83,-10,0,0,58,0,0,152
63.10,1547729267,529.23,51.512785,7.472838,138.15,14.37,0.00,6.22,0,-83,-10,0,0,57,0,0,150
64.11,1547729268,543.67,51.512922,7.472863,139.21,15.11,0.00,5.39,0,-97,-8,0,0,42,0,0,358
64.11,1547729268,543.69,51.512922,7.472863,139.21,15.11,0.00,5.39,0,-83,-9,0,0,56,0,0,152
64.11,1547729268,543.70,51.512922,7.472863,139.21,15.11,0.00,5.39,0,-84,-9,0,0,56,0,0,150
65.11,1547729269,558.77,51.513061,7.472878,140.23,14.96,0.00,4.85,0,-97,-8,0,0,42,0,0,358
65.11,1547729269,558.78,51.513061,7.472878,140.23,14.96,0.00,4.85,0,-83,-9,0,0,56,0,0,152
65.11,1547729269,558.80,51.513061,7.472878,140.23,14.96,0.00,4.85,0,-84,-9,0,0,56,0,0,150
68.11,1547729272,603.60,51.513467,7.472916,144.63,14.63,0.00,3.92,0,-96,-7,0,0,44,0,0,324
68.11,1547729272,603.62,51.513467,7.472916,144.63,14.63,0.00,3.92,0,-79,-7,0,0,59,0,0,152
69.11,1547729273,618.25,51.513598,7.472937,146.96,15.19,0.00,4.17,0,-96,-7,0,0,44,0,0,324
69.11,1547729273,618.25,51.513598,7.472937,146.96,15.19,0.00,4.17,0,-79,-7,0,0,59,0,0,152
73.10,1547729277,677.10,51.513635,7.472900,149.61,14.48,0.00,1.62,0,-78,-8,0,0,61,0,0,152
74.11,1547729278,691.62,51.514265,7.472966,148.62,13.61,0.00,2.10,0,-78,-8,0,0,61,0,0,152
75.11,1547729279,705.22,51.514382,7.472970,146.85,12.50,0.00,2.85,0,-78,-6,0,0,60,0,0,152
76.10,1547729280,717.70,51.514478,7.472980,145.26,10.56,0.00,3.69,0,-78,-6,0,0,60,0,0,152
77.10,1547729281,728.27,51.514549,7.472994,143.84,7.49,0.00,4.00,0,-76,-6,0,0,61,0,0,152
78.11,1547729282,735.77,51.514631,7.472999,142.19,7.49,0.00,3.07,0,-76,-6,0,0,61,0,0,152
79.10,1547729283,743.25,51.514692,7.473002,142.31,6.67,0.00,3.49,0,-75,-6,0,0,62,0,0,152
80.10,1547729284,749.91,51.514743,7.473013,141.73,4.68,0.00,3.89,0,-75,-6,0,0,62,0,0,152
81.11,1547729285,754.60,51.514770,7.473018,141.64,1.88,0.00,3.08,0,-76,-7,0,0,62,0,0,152
82.11,1547729286,756.47,51.514770,7.473018,141.58,0.33,0.00,3.08,0,-76,-7,0,0,62,0,0,152
83.11,1547729287,756.80,51.514770,7.473018,141.58,0.00,0.00,3.08,0,-76,-8,0,0,63,0,0,152
84.10,1547729288,756.80,51.514770,7.473018,141.57,0.00,0.00,3.08,0,-76,-8,0,0,63,0,0,152
85.10,1547729289,756.80,51.514770,7.473018,141.56,0.00,0.00,3.08,0,-78,-6,0,0,59,0,0,152
86.11,1547729290,756.80,51.514770,7.473018,141.55,0.00,0.00,3.08,0,-78,-6,0,0,59,0,0,152
87.10,1547729291,756.80,51.514770,7.473018,141.54,0.00,0.00,3.08,0,-78,-7,0,0,59,0,0,152
88.10,1547729292,756.80,51.514770,7.473018,141.53,0.00,0.00,3.08,0,-78,-7,0,0,59,0,0,152
89.11,1547729293,756.80,51.514770,7.473018,141.53,0.00,0.00,3.08,0,-78,-8,0,0,60,0,0,152
90.10,1547729294,756.80,51.514770,7.473018,141.53,0.00,0.00,3.08,0,-78,-8,0,0,60,0,0,152
91.11,1547729295,756.80,51.514770,7.473018,141.54,0.00,0.00,3.08,0,-78,-7,0,0,60,0,0,152
92.10,1547729296,756.80,51.514770,7.473018,141.55,0.00,0.00,3.08,0,-78,-7,0,0,60,0,0,152
93.10,1547729297,756.80,51.513635,7.472900,141.57,0.00,0.00,3.08,0,-78,-7,0,0,60,0,0,152
94.11,1547729298,756.80,51.514770,7.473018,141.59,0.00,0.00,3.08,0,-79,-7,0,0,59,0,0,152
95.11,1547729299,756.80,51.514770,7.473018,141.61,0.00,0.00,3.08,0,-79,-7,0,0,59,0,0,152
96.10,1547729300,756.80,51.514770,7.473018,141.63,0.00,0.00,3.08,0,-78,-8,0,0,61,0,0,152
97.11,1547729301,756.80,51.514770,7.473018,141.65,0.00,0.00,3.08,0,-78,-8,0,0,61,0,0,152
98.10,1547729302,756.80,51.514770,7.473018,141.67,0.00,0.00,3.08,0,-78,-7,0,0,59,0,0,152
99.10,1547729303,756.80,51.514770,7.473018,141.69,0.00,0.00,3.08,0,-78,-7,0,0,59,0,0,152
100.10,1547729304,756.80,51.514770,7.473018,141.71,0.00,0.00,3.08,0,-78,-7,0,0,59,0,0,152
101.10,1547729305,756.80,51.514770,7.473018,141.74,0.00,0.00,3.08,0,-78,-7,0,0,59,0,0,152
102.11,1547729306,756.80,51.514770,7.473018,141.76,0.00,0.00,3.08,0,-78,-7,0,0,59,0,0,152
103.10,1547729307,756.80,51.514770,7.473018,141.77,0.00,0.00,3.08,0,-78,-7,0,0,59,0,0,152
104.10,1547729308,756.80,51.514770,7.473018,141.78,0.00,0.00,3.08,0,-78,-8,0,0,61,0,0,152
105.11,1547729309,756.80,51.514770,7.473018,141.77,0.00,0.00,3.08,0,-78,-8,0,0,61,0,0,152
106.10,1547729310,756.80,51.514770,7.473018,141.76,0.00,0.00,3.08,0,-78,-7,0,0,59,0,0,152
107.10,1547729311,756.80,51.514770,7.473018,141.74,0.00,0.00,3.08,0,-78,-7,0,0,59,0,0,152
108.10,1547729312,756.80,51.514770,7.473018,141.71,0.00,0.00,3.08,0,-78,-7,0,0,59,0,0,152
109.11,1547729313,756.80,51.514770,7.473018,141.69,0.00,0.00,3.08,0,-78,-7,0,0,59,0,0,152
110.10,1547729314,756.80,51.514770,7.473018,141.66,0.00,0.00,3.08,0,-78,-6,0,0,59,0,0,152
111.11,1547729315,756.80,51.514770,7.473018,141.63,0.00,0.00,3.08,0,-78,-6,0,0,59,0,0,152
112.12,1547729316,756.80,51.514770,7.473018,141.60,0.00,0.00,3.08,0,-78,-7,0,0,60,0,0,152
113.10,1547729317,756.80,51.513635,7.472900,141.56,0.00,0.00,3.08,0,-78,-7,0,0,60,0,0,152
114.10,1547729318,756.80,51.514770,7.473018,141.53,0.00,0.00,3.08,0,-78,-7,0,0,60,0,0,152
115.11,1547729319,756.80,51.514770,7.473018,141.49,0.00,0.00,3.08,0,-78,-7,0,0,60,0,0,152
116.10,1547729320,756.80,51.514770,7.473018,141.45,0.00,0.00,3.08,0,-78,-7,0,0,60,0,0,152
117.10,1547729321,756.80,51.514770,7.473018,141.42,0.00,0.00,3.08,0,-78,-7,0,0,59,0,0,152
118.10,1547729322,756.80,51.514770,7.473018,141.38,0.00,0.00,3.08,0,-78,-7,0,0,59,0,0,152
119.10,1547729323,756.80,51.514770,7.473018,141.34,0.00,0.00,3.08,0,-78,-7,0,0,60,0,0,152
120.10,1547729324,756.80,51.514770,7.473018,141.30,0.00,0.00,3.08,0,-78,-7,0,0,60,0,0,152
121.10,1547729325,756.80,51.514770,7.473018,141.26,0.00,0.00,3.08,0,-78,-7,0,0,59,0,0,152
122.10,1547729326,756.80,51.514770,7.473018,141.21,0.00,0.00,3.08,0,-78,-7,0,0,59,0,0,152
123.10,1547729327,756.80,51.514770,7.473018,141.17,0.00,0.00,3.08,0,-78,-7,0,0,59,0,0,152
124.10,1547729328,756.80,51.514770,7.473018,140.70,0.00,0.00,301.50,0,-78,-7,0,0,59,0,0,152
125.11,1547729329,756.80,51.514824,7.472915,140.27,0.00,0.00,301.50,0,-79,-7,0,0,58,0,0,152
126.10,1547729330,756.80,51.514824,7.472915,137.03,0.00,0.00,2.18,0,-79,-7,0,0,58,0,0,152
127.10,1547729331,756.80,51.514956,7.472975,135.37,0.00,0.00,2.57,0,-82,-8,0,0,56,0,0,152
128.11,1547729332,756.82,51.515054,7.472995,134.37,10.64,0.00,1.83,0,-82,-8,0,0,56,0,0,152
129.10,1547729333,767.45,51.515154,7.473011,133.92,10.87,0.00,0.65,0,-84,-7,0,0,54,0,0,152
130.10,1547729334,778.32,51.515255,7.473006,133.49,10.72,0.00,358.74,0,-84,-7,0,0,54,0,0,152
131.10,1547729335,789.04,51.515356,7.472988,133.53,10.99,0.00,355.34,0,-85,-7,0,0,52,0,0,152
132.10,1547729336,800.00,51.515468,7.472958,134.16,13.15,0.00,352.50,0,-85,-7,0,0,52,0,0,152
133.10,1547729337,813.16,51.514663,7.472330,135.04,12.62,0.00,350.21,0,-98,-10,0,0,43,0,0,372
133.10,1547729337,813.16,51.514663,7.472330,135.04,12.62,0.00,350.21,0,-82,-7,0,0,55,0,0,152
134.10,1547729338,825.78,51.515697,7.472829,135.63,14.76,0.00,337.28,0,-98,-10,0,0,43,0,0,372
134.10,1547729338,825.78,51.515697,7.472829,135.63,14.76,0.00,337.28,0,-82,-7,0,0,55,0,0,152
135.11,1547729339,840.73,51.515819,7.472741,135.74,15.21,0.00,336.86,0,-78,-7,0,0,59,0,0,152
136.11,1547729340,855.81,51.515938,7.472640,135.86,15.07,0.00,333.87,0,-78,-7,0,0,59,0,0,152
137.10,1547729341,870.85,51.516056,7.472520,135.72,15.25,0.00,330.09,0,-78,-7,0,0,59,0,0,152
138.11,1547729342,886.13,51.516151,7.472366,135.73,14.98,0.00,316.90,0,-96,-7,0,0,42,0,0,372
138.11,1547729342,886.13,51.516151,7.472366,135.73,14.98,0.00,316.90,0,-88,-9,0,0,51,0,0,152
138.11,1547729342,886.14,51.516151,7.472366,135.73,14.98,0.00,316.90,0,-92,-11,0,0,50,0,0,273
139.11,1547729343,901.11,51.516239,7.472213,135.13,13.81,0.00,316.29,0,-96,-7,0,0,42,0,0,372
139.11,1547729343,901.11,51.516239,7.472213,135.13,13.81,0.00,316.29,0,-88,-9,0,0,51,0,0,152
139.11,1547729343,901.12,51.516239,7.472213,135.13,13.81,0.00,316.29,0,-92,-11,0,0,50,0,0,273
140.11,1547729344,914.92,51.516323,7.472058,134.00,13.51,0.00,313.55,0,-96,-7,0,0,42,0,0,372
140.11,1547729344,914.93,51.516323,7.472058,134.00,13.51,0.00,313.55,0,-88,-9,0,0,52,0,0,152
140.11,1547729344,914.93,51.516323,7.472058,134.00,13.51,0.00,313.55,0,-89,-10,0,0,52,0,0,151
141.10,1547729345,928.38,51.516401,7.471893,132.62,13.24,0.00,310.09,0,-96,-7,0,0,42,0,0,372
141.10,1547729345,928.38,51.516401,7.471893,132.62,13.24,0.00,310.09,0,-88,-9,0,0,52,0,0,152
141.10,1547729345,928.39,51.516401,7.471893,132.62,13.24,0.00,310.09,0,-89,-10,0,0,52,0,0,151
142.10,1547729346,941.64,51.516459,7.471702,131.24,14.21,0.00,296.77,0,-83,-7,0,0,55,0,0,151
142.11,1547729346,941.66,51.516459,7.471702,131.24,14.21,0.00,296.77,0,-88,-12,0,0,55,0,0,152
143.11,1547729347,955.88,51.516521,7.471501,129.92,14.87,0.00,295.44,0,-83,-7,0,0,55,0,0,151
143.11,1547729347,955.88,51.516521,7.471501,129.92,14.87,0.00,295.44,0,-88,-12,0,0,55,0,0,152
144.10,1547729348,970.71,51.516581,7.471295,129.20,15.62,0.00,294.13,0,-85,-7,0,0,52,0,0,151
144.10,1547729348,970.71,51.516581,7.471295,129.20,15.62,0.00,294.13,0,-91,-13,0,0,53,0,0,152
145.11,1547729349,986.39,51.516638,7.471094,129.51,15.32,0.00,294.37,0,-85,-7,0,0,52,0,0,151
145.11,1547729349,986.41,51.516638,7.471094,129.51,15.32,0.00,294.37,0,-91,-13,0,0,53,0,0,152
146.11,1547729350,1001.68,51.516689,7.470906,129.76,14.01,0.00,294.77,0,-82,-7,0,0,56,0,0,151
147.10,1547729351,1015.67,51.516731,7.470735,130.63,12.23,0.00,294.47,0,-82,-7,0,0,56,0,0,151
148.11,1547729352,1027.92,51.516768,7.470583,131.77,10.50,0.00,295.02,0,-97,-6,0,0,40,0,0,372
148.11,1547729352,1027.93,51.516768,7.470583,131.77,10.50,0.00,295.02,0,-88,-8,0,0,51,0,0,151
148.11,1547729352,1027.94,51.516768,7.470583,131.77,10.50,0.00,295.02,0,-93,-13,0,0,50,0,0,152
149.11,1547729353,1038.41,51.516801,7.470452,132.93,9.20,0.00,294.04,0,-97,-6,0,0,40,0,0,372
149.11,1547729353,1038.41,51.516801,7.470452,132.93,9.20,0.00,294.04,0,-88,-8,0,0,51,0,0,151
149.11,1547729353,1038.42,51.516801,7.470452,132.93,9.20,0.00,294.04,0,-93,-13,0,0,50,0,0,152
150.11,1547729354,1047.60,51.516835,7.470340,133.54,7.94,0.00,293.26,0,-92,-9,0,0,48,0,0,295
150.11,1547729354,1047.61,51.516835,7.470340,133.54,7.94,0.00,293.26,0,-92,-11,0,0,49,0,0,152
151.10,1547729355,1055.54,51.516862,7.470230,134.64,7.49,0.00,292.71,0,-92,-9,0,0,48,0,0,295
151.10,1547729355,1055.54,51.516862,7.470230,134.64,7.49,0.00,292.71,0,-92,-11,0,0,49,0,0,152
152.10,1547729356,1063.01,51.516890,7.470114,135.55,7.90,0.00,291.93,0,-94,-8,0,0,46,0,0,372
152.10,1547729356,1063.01,51.516890,7.470114,135.55,7.90,0.00,291.93,0,-95,-10,0,0,46,0,0,151
152.10,1547729356,1063.02,51.516890,7.470114,135.55,7.90,0.00,291.93,0,-96,-11,0,0,45,0,0,295
153.10,1547729357,1070.93,51.516419,7.470687,136.09,8.76,0.00,291.30,0,-94,-8,0,0,46,0,0,372
153.10,1547729357,1070.93,51.516419,7.470687,136.09,8.76,0.00,291.30,0,-95,-10,0,0,46,0,0,151
153.11,1547729357,1070.94,51.516419,7.470687,136.09,8.76,0.00,291.30,0,-96,-11,0,0,45,0,0,295
154.11,1547729358,1079.71,51.516948,7.469858,136.90,8.84,0.00,290.67,0,-99,-9,0,0,41,0,0,372
154.11,1547729358,1079.72,51.516948,7.469858,136.90,8.84,0.00,290.67,0,-94,-11,0,0,47,0,0,151
154.11,1547729358,1079.73,51.516948,7.469858,136.90,8.84,0.00,290.67,0,-97,-11,0,0,46,0,0,146
155.11,1547729359,1088.55,51.516974,7.469736,137.11,8.37,0.00,290.29,0,-99,-9,0,0,41,0,0,372
155.11,1547729359,1088.56,51.516974,7.469736,137.11,8.37,0.00,290.29,0,-94,-11,0,0,47,0,0,151
155.11,1547729359,1088.56,51.516974,7.469736,137.11,8.37,0.00,290.29,0,-97,-11,0,0,46,0,0,146
156.11,1547729360,1096.98,51.517001,7.469619,137.52,8.46,0.00,289.42,0,-87,-6,0,0,50,0,0,295
157.10,1547729361,1105.37,51.517021,7.469495,138.96,8.84,0.00,288.66,0,-87,-6,0,0,50,0,0,295
158.10,1547729362,1114.21,51.517039,7.469357,140.94,9.42,0.00,287.46,0,-87,-6,0,0,50,0,0,295
159.11,1547729363,1123.64,51.517065,7.469218,141.93,10.19,0.00,288.24,0,-102,-9,0,0,38,0,0,372
159.11,1547729363,1123.65,51.517065,7.469218,141.93,10.19,0.00,288.24,0,-95,-9,0,0,45,0,0,151
159.11,1547729363,1123.66,51.517065,7.469218,141.93,10.19,0.00,288.24,0,-96,-11,0,0,45,0,0,295
160.11,1547729364,1133.83,51.517092,7.469078,142.66,10.08,0.00,287.75,0,-102,-9,0,0,38,0,0,372
160.11,1547729364,1133.84,51.517092,7.469078,142.66,10.08,0.00,287.75,0,-95,-9,0,0,45,0,0,151
160.11,1547729364,1133.85,51.517092,7.469078,142.66,10.08,0.00,287.75,0,-96,-11,0,0,45,0,0,295
161.11,1547729365,1143.92,51.517121,7.468949,141.81,10.09,0.00,286.63,0,-93,-8,0,0,46,0,0,151
161.11,1547729365,1143.93,51.517121,7.468949,141.81,10.09,0.00,286.63,0,-96,-10,0,0,45,0,0,295
162.10,1547729366,1153.96,51.517152,7.468786,139.99,11.81,0.00,286.01,0,-93,-8,0,0,46,0,0,151
162.10,1547729366,1153.96,51.517152,7.468786,139.99,11.81,0.00,286.01,0,-96,-10,0,0,45,0,0,295
163.11,1547729367,1165.82,51.517186,7.468624,138.02,11.80,0.00,286.76,0,-100,-10,0,0,43,0,0,372
163.11,1547729367,1165.84,51.517186,7.468624,138.02,11.80,0.00,286.76,0,-93,-9,0,0,47,0,0,151
163.11,1547729367,1165.84,51.517186,7.468624,138.02,11.80,0.00,286.76,0,-97,-12,0,0,46,0,0,295
164.11,1547729368,1177.61,51.517222,7.468456,136.11,11.92,0.00,288.11,0,-100,-10,0,0,43,0,0,372
164.11,1547729368,1177.61,51.517222,7.468456,136.11,11.92,0.00,288.11,0,-93,-9,0,0,47,0,0,151
164.11,1547729368,1177.63,51.517222,7.468456,136.11,11.92,0.00,288.11,0,-97,-12,0,0,46,0,0,295
165.10,1547729369,1189.50,51.517260,7.468276,135.17,12.36,0.00,289.98,0,-94,-11,0,0,47,0,0,151
165.10,1547729369,1189.50,51.517260,7.468276,135.17,12.36,0.00,289.98,0,-97,-14,0,0,48,0,0,295
166.11,1547729370,1201.90,51.517299,7.468102,135.47,12.77,0.00,291.26,0,-94,-11,0,0,47,0,0,151
166.11,1547729370,1201.91,51.517299,7.468102,135.47,12.77,0.00,291.26,0,-97,-14,0,0,48,0,0,295
167.11,1547729371,1214.66,51.517340,7.467941,135.94,12.43,0.00,292.62,0,-99,-7,0,0,41,0,0,372
167.11,1547729371,1214.67,51.517340,7.467941,135.94,12.43,0.00,292.62,0,-90,-7,0,0,48,0,0,146
167.11,1547729371,1214.69,51.517340,7.467941,135.94,12.43,0.00,292.62,0,-96,-10,0,0,45,0,0,151
168.11,1547729372,1227.10,51.517386,7.467782,136.03,12.14,0.00,294.63,0,-99,-7,0,0,41,0,0,372
168.11,1547729372,1227.11,51.517386,7.467782,136.03,12.14,0.00,294.63,0,-90,-7,0,0,48,0,0,146
168.11,1547729372,1227.12,51.517386,7.467782,136.03,12.14,0.00,294.63,0,-96,-10,0,0,45,0,0,151
169.11,1547729373,1239.23,51.517434,7.467623,135.99,11.61,0.00,295.49,0,-93,-9,0,0,47,0,0,146
169.11,1547729373,1239.24,51.517434,7.467623,135.99,11.61,0.00,295.49,0,-94,-9,0,0,46,0,0,151
170.11,1547729374,1250.84,51.517480,7.467479,136.16,10.66,0.00,295.94,0,-93,-9,0,0,47,0,0,146
170.11,1547729374,1250.84,51.517480,7.467479,136.16,10.66,0.00,295.94,0,-94,-9,0,0,46,0,0,151
171.10,1547729375,1261.46,51.517519,7.467359,136.24,9.37,0.00,295.48,0,-96,-11,0,0,46,0,0,151
171.10,1547729375,1261.46,51.517519,7.467359,136.24,9.37,0.00,295.48,0,-96,-10,0,0,45,0,0,146
172.11,1547729376,1270.88,51.517562,7.467238,135.99,9.84,0.00,295.89,0,-96,-11,0,0,46,0,0,151
172.11,1547729376,1270.89,51.517562,7.467238,135.99,9.84,0.00,295.89,0,-96,-10,0,0,45,0,0,146
173.10,1547729377,1280.64,51.518554,7.468300,135.66,10.10,0.00,296.40,0,-95,-10,0,0,46,0,0,146
173.10,1547729377,1280.64,51.518554,7.468300,135.66,10.10,0.00,296.40,0,-97,-11,0,0,46,0,0,151
174.10,1547729378,1290.76,51.517641,7.466982,135.24,10.42,0.00,294.24,0,-95,-10,0,0,46,0,0,146
174.10,1547729378,1290.76,51.517641,7.466982,135.24,10.42,0.00,294.24,0,-97,-11,0,0,46,0,0,151
175.11,1547729379,1301.22,51.517677,7.466844,135.54,10.56,0.00,292.57,0,-96,-10,0,0,44,0,0,146
175.11,1547729379,1301.23,51.517677,7.466844,135.54,10.56,0.00,292.57,0,-98,-12,0,0,44,0,0,151
176.11,1547729380,1311.78,51.517713,7.466702,135.41,10.80,0.00,290.03,0,-96,-10,0,0,44,0,0,146
176.11,1547729380,1311.79,51.517713,7.466702,135.41,10.80,0.00,290.03,0,-98,-12,0,0,44,0,0,151
177.11,1547729381,1322.68,51.517743,7.466549,134.83,11.15,0.00,288.50,0,-100,-9,0,0,41,0,0,470
177.12,1547729381,1322.69,51.517743,7.466549,134.83,11.15,0.00,288.50,0,-103,-13,0,0,41,0,0,24
177.12,1547729381,1322.70,51.517743,7.466549,134.83,11.15,0.00,288.50,0,-94,-10,0,0,47,0,0,146
177.12,1547729381,1322.71,51.517743,7.466549,134.83,11.15,0.00,288.50,0,-94,-12,0,0,47,0,0,151
178.11,1547729382,1333.74,51.517777,7.466398,134.11,11.37,0.00,286.99,0,-100,-9,0,0,41,0,0,470
178.11,1547729382,1333.75,51.517777,7.466398,134.11,11.37,0.00,286.99,0,-103,-13,0,0,41,0,0,24
178.11,1547729382,1333.76,51.517777,7.466398,134.11,11.37,0.00,286.99,0,-94,-10,0,0,47,0,0,146
178.11,1547729382,1333.76,51.517777,7.466398,134.11,11.37,0.00,286.99,0,-94,-12,0,0,47,0,0,151
179.11,1547729383,1345.10,51.517806,7.466232,133.50,11.48,0.00,285.36,0,-100,-9,0,0,41,0,0,470
179.11,1547729383,1345.12,51.517806,7.466232,133.50,11.48,0.00,285.36,0,-103,-13,0,0,41,0,0,24
179.11,1547729383,1345.13,51.517806,7.466232,133.50,11.48,0.00,285.36,0,-94,-10,0,0,47,0,0,146
179.11,1547729383,1345.13,51.517806,7.466232,133.50,11.48,0.00,285.36,0,-94,-12,0,0,47,0,0,151
180.11,1547729384,1356.59,51.517833,7.466075,133.50,10.84,0.00,283.76,0,-96,-7,0,0,43,0,0,470
180.11,1547729384,1356.59,51.517833,7.466075,133.50,10.84,0.00,283.76,0,-95,-14,0,0,49,0,0,151
180.11,1547729384,1356.60,51.517833,7.466075,133.50,10.84,0.00,283.76,0,-96,-13,0,0,49,0,0,146
181.11,1547729385,1367.45,51.517846,7.465922,134.40,9.42,0.00,282.35,0,-96,-7,0,0,43,0,0,470
181.11,1547729385,1367.45,51.517846,7.465922,134.40,9.42,0.00,282.35,0,-95,-14,0,0,49,0,0,151
181.11,1547729385,1367.46,51.517846,7.465922,134.40,9.42,0.00,282.35,0,-96,-13,0,0,49,0,0,146
182.10,1547729386,1376.80,51.517851,7.465776,135.77,8.97,0.00,280.14,0,-99,-11,0,0,43,0,0,358
182.10,1547729386,1376.81,51.517851,7.465776,135.77,8.97,0.00,280.14,0,-86,-7,0,0,51,0,0,189
183.10,1547729387,1385.77,51.517852,7.465592,136.61,8.97,0.00,282.09,0,-99,-11,0,0,43,0,0,358
183.10,1547729387,1385.78,51.517852,7.465592,136.61,8.97,0.00,282.09,0,-86,-7,0,0,51,0,0,189
184.10,1547729388,1394.74,51.517844,7.465429,136.67,9.98,0.00,273.04,0,-96,-9,0,0,45,0,0,443
184.10,1547729388,1394.75,51.517844,7.465429,136.67,9.98,0.00,273.04,0,-90,-8,0,0,48,0,0,189
185.10,1547729389,1404.73,51.517838,7.465275,136.70,10.15,0.00,272.23,0,-96,-9,0,0,45,0,0,443
185.10,1547729389,1404.73,51.517838,7.465275,136.70,10.15,0.00,272.23,0,-90,-8,0,0,48,0,0,189
186.11,1547729390,1414.91,51.517834,7.465127,136.49,9.55,0.00,271.03,0,-98,-14,0,0,47,0,0,443
186.11,1547729390,1414.92,51.517834,7.465127,136.49,9.55,0.00,271.03,0,-99,-15,0,0,47,0,0,24
186.11,1547729390,1414.93,51.517834,7.465127,136.49,9.55,0.00,271.03,0,-101,-16,0,0,47,0,0,358
186.11,1547729390,1414.94,51.517834,7.465127,136.49,9.55,0.00,271.03,0,-88,-9,0,0,51,0,0,189
187.11,1547729391,1424.46,51.517828,7.464977,135.51,9.75,0.00,269.56,0,-98,-14,0,0,47,0,0,443
187.11,1547729391,1424.47,51.517828,7.464977,135.51,9.75,0.00,269.56,0,-99,-15,0,0,47,0,0,24
187.11,1547729391,1424.48,51.517828,7.464977,135.51,9.75,0.00,269.56,0,-101,-16,0,0,47,0,0,358
187.11,1547729391,1424.48,51.517828,7.464977,135.51,9.75,0.00,269.56,0,-88,-9,0,0,51,0,0,189
188.11,1547729392,1434.23,51.517816,7.464819,134.48,10.49,0.00,267.73,0,-97,-11,0,0,44,0,0,24
188.11,1547729392,1434.23,51.517816,7.464819,134.48,10.49,0.00,267.73,0,-99,-11,0,0,43,0,0,443
188.11,1547729392,1434.24,51.517816,7.464819,134.48,10.49,0.00,267.73,0,-100,-11,0,0,43,0,0,358
188.11,1547729392,1434.25,51.517816,7.464819,134.48,10.49,0.00,267.73,0,-89,-8,0,0,50,0,0,189
188.11,1547729392,1434.26,51.517816,7.464819,134.48,10.49,0.00,267.73,0,-94,-11,0,0,48,0,0,455
189.11,1547729393,1444.72,51.517805,7.464667,133.68,10.39,0.00,265.96,0,-97,-11,0,0,44,0,0,24
189.11,1547729393,1444.73,51.517805,7.464667,133.68,10.39,0.00,265.96,0,-99,-11,0,0,43,0,0,443
189.11,1547729393,1444.74,51.517805,7.464667,133.68,10.39,0.00,265.96,0,-100,-11,0,0,43,0,0,358
189.11,1547729393,1444.75,51.517805,7.464667,133.68,10.39,0.00,265.96,0,-89,-8,0,0,50,0,0,189
189.11,1547729393,1444.75,51.517805,7.464667,133.68,10.39,0.00,265.96,0,-94,-11,0,0,48,0,0,455
190.11,1547729394,1455.10,51.517791,7.464528,133.22,10.14,0.00,264.40,0,-96,-11,0,0,46,0,0,443
190.11,1547729394,1455.10,51.517791,7.464528,133.22,10.14,0.00,264.40,0,-89,-8,0,0,50,0,0,189
191.11,1547729395,1465.24,51.517776,7.464392,132.99,9.96,0.00,262.89,0,-96,-11,0,0,46,0,0,443
191.11,1547729395,1465.25,51.517776,7.464392,132.99,9.96,0.00,262.89,0,-89,-8,0,0,50,0,0,189
192.10,1547729396,1475.16,51.517759,7.464267,132.62,10.32,0.00,260.17,0,-96,-12,0,0,49,0,0,470
192.10,1547729396,1475.16,51.517759,7.464267,132.62,10.32,0.00,260.17,0,-97,-12,0,0,48,0,0,443
192.10,1547729396,1475.17,51.517759,7.464267,132.62,10.32,0.00,260.17,0,-92,-10,0,0,48,0,0,189
192.10,1547729396,1475.17,51.517759,7.464267,132.62,10.32,0.00,260.17,0,-97,-15,0,0,48,0,0,141
193.10,1547729397,1485.47,51.517742,7.464134,132.24,10.53,0.00,257.75,0,-96,-12,0,0,49,0,0,470
193.10,1547729397,1485.47,51.517742,7.464134,132.24,10.53,0.00,257.75,0,-97,-12,0,0,48,0,0,443
193.10,1547729397,1485.47,51.517742,7.464134,132.24,10.53,0.00,257.75,0,-92,-10,0,0,48,0,0,189
193.10,1547729397,1485.47,51.517742,7.464134,132.24,10.53,0.00,257.75,0,-97,-15,0,0,48,0,0,141
194.10,1547729398,1496.02,51.517716,7.464004,131.71,10.52,0.00,255.47,0,-95,-11,0,0,48,0,0,443
194.10,1547729398,1496.02,51.517716,7.464004,131.71,10.52,0.00,255.47,0,-101,-16,0,0,47,0,0,358
194.11,1547729398,1496.03,51.517716,7.464004,131.71,10.52,0.00,255.47,0,-94,-11,0,0,47,0,0,189
194.11,1547729398,1496.03,51.517716,7.464004,131.71,10.52,0.00,255.47,0,-95,-10,0,0,47,0,0,151
195.10,1547729399,1506.54,51.517683,7.463869,131.87,10.50,0.00,254.25,0,-95,-11,0,0,48,0,0,443
195.11,1547729399,1506.55,51.517683,7.463869,131.87,10.50,0.00,254.25,0,-101,-16,0,0,47,0,0,358
195.11,1547729399,1506.55,51.517683,7.463869,131.87,10.50,0.00,254.25,0,-94,-11,0,0,47,0,0,189
195.11,1547729399,1506.55,51.517683,7.463869,131.87,10.50,0.00,254.25,0,-95,-10,0,0,47,0,0,151
196.11,1547729400,1517.06,51.517645,7.463731,132.86,10.65,0.00,252.77,0,-92,-12,0,0,52,0,0,443
196.11,1547729400,1517.07,51.517645,7.463731,132.86,10.65,0.00,252.77,0,-94,-11,0,0,47,0,0,141
196.11,1547729400,1517.07,51.517645,7.463731,132.86,10.65,0.00,252.77,0,-96,-12,0,0,47,0,0,189
197.11,1547729401,1527.72,51.517607,7.463602,133.76,10.26,0.00,251.53,0,-92,-12,0,0,52,0,0,443
197.11,1547729401,1527.72,51.517607,7.463602,133.76,10.26,0.00,251.53,0,-94,-11,0,0,47,0,0,141
197.11,1547729401,1527.73,51.517607,7.463602,133.76,10.26,0.00,251.53,0,-96,-12,0,0,47,0,0,189
198.11,1547729402,1538.05,51.517563,7.463491,135.40,10.18,0.00,250.33,0,-87,-8,0,0,53,0,0,443
198.11,1547729402,1538.06,51.517563,7.463491,135.40,10.18,0.00,250.33,0,-96,-11,0,0,46,0,0,141
198.12,1547729402,1538.07,51.517563,7.463491,135.40,10.18,0.00,250.33,0,-97,-12,0,0,46,0,0,189
199.11,1547729403,1548.14,51.517520,7.463373,136.69,10.32,0.00,249.15,0,-87,-8,0,0,53,0,0,443
199.11,1547729403,1548.15,51.517520,7.463373,136.69,10.32,0.00,249.15,0,-96,-11,0,0,46,0,0,141
199.11,1547729403,1548.16,51.517520,7.463373,136.69,10.32,0.00,249.15,0,-97,-12,0,0,46,0,0,189
200.11,1547729404,1558.47,51.517479,7.463248,137.46,9.99,0.00,248.02,0,-87,-8,0,0,53,0,0,443
200.11,1547729404,1558.47,51.517479,7.463248,137.46,9.99,0.00,248.02,0,-96,-11,0,0,46,0,0,141
200.11,1547729404,1558.48,51.517479,7.463248,137.46,9.99,0.00,248.02,0,-97,-12,0,0,46,0,0,189
201.11,1547729405,1568.48,51.517443,7.463120,137.42,9.56,0.00,247.50,0,-87,-6,0,0,52,0,0,443
201.11,1547729405,1568.49,51.517443,7.463120,137.42,9.56,0.00,247.50,0,-92,-9,0,0,47,0,0,141
201.11,1547729405,1568.51,51.517443,7.463120,137.42,9.56,0.00,247.50,0,-95,-11,0,0,47,0,0,189
202.10,1547729406,1577.99,51.517409,7.462992,136.63,9.21,0.00,247.43,0,-87,-6,0,0,52,0,0,443
202.10,1547729406,1578.00,51.517409,7.462992,136.63,9.21,0.00,247.43,0,-92,-9,0,0,47,0,0,141
202.10,1547729406,1578.00,51.517409,7.462992,136.63,9.21,0.00,247.43,0,-95,-11,0,0,47,0,0,189
203.10,1547729407,1587.20,51.517377,7.462863,135.36,9.04,0.00,248.34,0,-89,-12,0,0,57,0,0,24
203.10,1547729407,1587.20,51.517377,7.462863,135.36,9.04,0.00,248.34,0,-92,-13,0,0,53,0,0,189
203.10,1547729407,1587.21,51.517377,7.462863,135.36,9.04,0.00,248.34,0,-94,-15,0,0,53,0,0,274
204.11,1547729408,1596.27,51.517346,7.462727,133.80,9.61,0.00,248.10,0,-89,-12,0,0,57,0,0,24
204.11,1547729408,1596.27,51.517346,7.462727,133.80,9.61,0.00,248.10,0,-92,-13,0,0,53,0,0,189
204.11,1547729408,1596.28,51.517346,7.462727,133.80,9.61,0.00,248.10,0,-94,-15,0,0,53,0,0,274
205.11,1547729409,1605.88,51.517321,7.462591,132.54,9.96,0.00,248.77,0,-89,-11,0,0,53,0,0,189
205.11,1547729409,1605.88,51.517321,7.462591,132.54,9.96,0.00,248.77,0,-91,-12,0,0,53,0,0,274
206.11,1547729410,1615.83,51.517296,7.462449,131.99,10.54,0.00,249.28,0,-89,-11,0,0,53,0,0,189
206.11,1547729410,1615.84,51.517296,7.462449,131.99,10.54,0.00,249.28,0,-91,-12,0,0,53,0,0,274
207.11,1547729411,1626.37,51.517264,7.462303,132.50,11.56,0.00,249.45,0,-89,-12,0,0,53,0,0,274
207.11,1547729411,1626.38,51.517264,7.462303,132.50,11.56,0.00,249.45,0,-90,-13,0,0,53,0,0,189
208.11,1547729412,1637.92,51.517227,7.462142,132.76,11.58,0.00,250.17,0,-89,-12,0,0,53,0,0,274
208.11,1547729412,1637.93,51.517227,7.462142,132.76,11.58,0.00,250.17,0,-90,-13,0,0,53,0,0,189
209.11,1547729413,1649.52,51.517191,7.461975,133.36,11.71,0.00,250.98,0,-88,-8,0,0,51,0,0,331
209.11,1547729413,1649.52,51.517191,7.461975,133.36,11.71,0.00,250.98,0,-81,-8,0,0,56,0,0,274
210.11,1547729414,1661.22,51.517156,7.461805,133.15,12.23,0.00,250.49,0,-88,-8,0,0,51,0,0,331
210.11,1547729414,1661.23,51.517156,7.461805,133.15,12.23,0.00,250.49,0,-81,-8,0,0,56,0,0,274
211.11,1547729415,1673.51,51.517118,7.461626,132.60,13.22,0.00,250.99,0,-94,-11,0,0,50,0,0,331
211.11,1547729415,1673.51,51.517118,7.461626,132.60,13.22,0.00,250.99,0,-81,-9,0,0,57,0,0,189
211.11,1547729415,1673.52,51.517118,7.461626,132.60,13.22,0.00,250.99,0,-83,-8,0,0,56,0,0,274
212.10,1547729416,1686.62,51.517077,7.461449,132.15,13.32,0.00,251.36,0,-94,-11,0,0,50,0,0,331
212.10,1547729416,1686.62,51.517077,7.461449,132.15,13.32,0.00,251.36,0,-81,-9,0,0,57,0,0,189
212.10,1547729416,1686.64,51.517077,7.461449,132.15,13.32,0.00,251.36,0,-83,-8,0,0,56,0,0,274
213.11,1547729417,1700.00,51.517038,7.461263,131.35,13.41,0.00,251.14,0,-75,-6,0,0,61,0,0,274
213.11,1547729417,1700.01,51.517038,7.461263,131.35,13.41,0.00,251.14,0,-81,-10,0,0,59,0,0,189
214.10,1547729418,1713.38,51.517000,7.461069,130.39,13.84,0.00,250.64,0,-75,-6,0,0,61,0,0,274
214.10,1547729418,1713.38,51.517000,7.461069,130.39,13.84,0.00,250.64,0,-81,-10,0,0,59,0,0,189
215.10,1547729419,1727.18,51.516959,7.460871,129.55,14.17,0.00,251.29,0,-74,-9,0,0,63,0,0,274
216.10,1547729420,1741.40,51.516919,7.460680,129.02,13.67,0.00,251.76,0,-74,-9,0,0,63,0,0,274
217.11,1547729421,1755.09,51.516888,7.460491,128.25,13.32,0.00,252.58,0,-84,-10,0,0,57,0,0,331
217.11,1547729421,1755.10,51.516888,7.460491,128.25,13.32,0.00,252.58,0,-86,-11,0,0,57,0,0,24
217.11,1547729421,1755.10,51.516888,7.460491,128.25,13.32,0.00,252.58,0,-74,-9,0,0,63,0,0,189
217.11,1547729421,1755.12,51.516888,7.460491,128.25,13.32,0.00,252.58,0,-78,-10,0,0,63,0,0,274
218.11,1547729422,1768.42,51.516856,7.460310,127.69,13.11,0.00,252.07,0,-84,-10,0,0,57,0,0,331
218.11,1547729422,1768.44,51.516856,7.460310,127.69,13.11,0.00,252.07,0,-86,-11,0,0,57,0,0,24
218.11,1547729422,1768.44,51.516856,7.460310,127.69,13.11,0.00,252.07,0,-74,-9,0,0,63,0,0,189
218.11,1547729422,1768.45,51.516856,7.460310,127.69,13.11,0.00,252.07,0,-78,-10,0,0,63,0,0,274
219.11,1547729423,1781.62,51.516824,7.460139,127.44,12.27,0.00,252.92,0,-79,-10,0,0,61,0,0,189
220.11,1547729424,1793.79,51.516792,7.459971,126.96,11.89,0.00,253.53,0,-79,-10,0,0,61,0,0,189
221.11,1547729425,1805.73,51.516765,7.459805,126.61,11.70,0.00,254.64,0,-79,-10,0,0,61,0,0,189
224.11,1547729428,1840.67,51.516687,7.459317,126.91,11.65,0.00,256.81,0,-85,-11,0,0,57,0,0,189
225.11,1547729429,1852.32,51.516667,7.459161,126.68,10.61,0.00,257.16,0,-85,-11,0,0,57,0,0,189
226.10,1547729430,1862.92,51.516650,7.459022,126.48,8.83,0.00,257.68,0,-86,-9,0,0,54,0,0,189
227.10,1547729431,1871.75,51.516638,7.458902,126.55,7.89,0.00,259.01,0,-86,-9,0,0,54,0,0,189
228.10,1547729432,1879.63,51.516625,7.458771,126.52,8.30,0.00,258.19,0,-82,-10,0,0,59,0,0,189
229.10,1547729433,1887.93,51.516609,7.458646,126.98,8.41,0.00,258.27,0,-82,-10,0,0,59,0,0,189
230.11,1547729434,1896.35,51.516589,7.458519,128.40,8.54,0.00,257.87,0,-85,-10,0,0,56,0,0,331
230.11,1547729434,1896.36,51.516589,7.458519,128.40,8.54,0.00,257.87,0,-81,-8,0,0,58,0,0,189
231.11,1547729435,1904.92,51.516568,7.458401,130.00,7.58,0.00,258.45,0,-85,-10,0,0,56,0,0,331
231.11,1547729435,1904.93,51.516568,7.458401,130.00,7.58,0.00,258.45,0,-81,-8,0,0,58,0,0,189
232.11,1547729436,1912.47,51.516549,7.458295,131.12,6.77,0.00,257.74,0,-86,-8,0,0,54,0,0,331
232.11,1547729436,1912.48,51.516549,7.458295,131.12,6.77,0.00,257.74,0,-88,-12,0,0,55,0,0,189
233.10,1547729437,1919.22,51.516531,7.458184,131.54,7.30,0.00,257.08,0,-86,-8,0,0,54,0,0,331
233.10,1547729437,1919.23,51.516531,7.458184,131.54,7.30,0.00,257.08,0,-88,-12,0,0,55,0,0,189
234.10,1547729438,1926.53,51.516512,7.458061,131.83,7.19,0.00,257.44,0,-87,-9,0,0,54,0,0,331
234.10,1547729438,1926.53,51.516512,7.458061,131.83,7.19,0.00,257.44,0,-87,-13,0,0,57,0,0,189
234.11,1547729438,1926.54,51.516512,7.458061,131.83,7.19,0.00,257.44,0,-92,-18,0,0,56,0,0,307
235.11,1547729439,1933.73,51.516499,7.457955,132.18,6.24,0.00,257.77,0,-87,-9,0,0,54,0,0,331
235.11,1547729439,1933.74,51.516499,7.457955,132.18,6.24,0.00,257.77,0,-87,-13,0,0,57,0,0,189
235.11,1547729439,1933.74,51.516499,7.457955,132.18,6.24,0.00,257.77,0,-92,-18,0,0,56,0,0,307
236.11,1547729440,1939.98,51.516483,7.457854,132.82,5.90,0.00,257.27,0,-90,-9,0,0,51,0,0,443
236.11,1547729440,1939.98,51.516483,7.457854,132.82,5.90,0.00,257.27,0,-86,-8,0,0,53,0,0,141
236.11,1547729440,1939.99,51.516483,7.457854,132.82,5.90,0.00,257.27,0,-89,-11,0,0,52,0,0,189
237.11,1547729441,1945.87,51.516470,7.457752,133.66,5.84,0.00,256.74,0,-90,-9,0,0,51,0,0,443
237.11,1547729441,1945.88,51.516470,7.457752,133.66,5.84,0.00,256.74,0,-86,-8,0,0,53,0,0,141
237.11,1547729441,1945.88,51.516470,7.457752,133.66,5.84,0.00,256.74,0,-89,-11,0,0,52,0,0,189
238.11,1547729442,1951.71,51.516463,7.457646,133.67,5.42,0.00,255.76,0,-93,-8,0,0,47,0,0,443
238.11,1547729442,1951.71,51.516463,7.457646,133.67,5.42,0.00,255.76,0,-88,-11,0,0,52,0,0,141
238.11,1547729442,1951.72,51.516463,7.457646,133.67,5.42,0.00,255.76,0,-89,-11,0,0,52,0,0,189
239.11,1547729443,1957.12,51.516453,7.457569,133.78,3.98,0.00,256.84,0,-93,-8,0,0,47,0,0,443
239.11,1547729443,1957.13,51.516453,7.457569,133.78,3.98,0.00,256.84,0,-88,-11,0,0,52,0,0,141
239.11,1547729443,1957.13,51.516453,7.457569,133.78,3.98,0.00,256.84,0,-89,-11,0,0,52,0,0,189
240.11,1547729444,1961.13,51.516448,7.457503,133.83,3.38,0.00,257.23,0,-85,-9,0,0,54,0,0,189
240.11,1547729444,1961.14,51.516448,7.457503,133.83,3.38,0.00,257.23,0,-90,-12,0,0,54,0,0,141
241.11,1547729445,1964.48,51.516445,7.457469,133.86,1.72,0.00,257.86,0,-85,-9,0,0,54,0,0,189
241.11,1547729445,1964.48,51.516445,7.457469,133.86,1.72,0.00,257.86,0,-90,-12,0,0,54,0,0,141
242.10,1547729446,1966.19,51.516438,7.457450,133.97,0.62,0.00,257.86,0,-85,-9,0,0,54,0,0,189
242.10,1547729446,1966.19,51.516438,7.457450,133.97,0.62,0.00,257.86,0,-90,-12,0,0,54,0,0,141
243.10,1547729447,1966.81,51.516438,7.457450,133.98,0.00,0.00,257.86,0,-93,-12,0,0,52,0,0,443
243.10,1547729447,1966.81,51.516438,7.457450,133.98,0.00,0.00,257.86,0,-89,-10,0,0,52,0,0,141
243.10,1547729447,1966.81,51.516438,7.457450,133.98,0.00,0.00,257.86,0,-90,-11,0,0,52,0,0,189
244.11,1547729448,1966.81,51.516438,7.457450,133.97,0.00,0.00,257.86,0,-93,-12,0,0,52,0,0,443
244.11,1547729448,1966.81,51.516438,7.457450,133.97,0.00,0.00,257.86,0,-89,-10,0,0,52,0,0,141
244.11,1547729448,1966.81,51.516438,7.457450,133.97,0.00,0.00,257.86,0,-90,-11,0,0,52,0,0,189
245.11,1547729449,1966.81,51.516438,7.457450,133.97,0.00,0.00,257.86,0,-91,-11,0,0,53,0,0,469
245.11,1547729449,1966.81,51.516438,7.457450,133.97,0.00,0.00,257.86,0,-94,-12,0,0,52,0,0,443
245.11,1547729449,1966.81,51.516438,7.457450,133.97,0.00,0.00,257.86,0,-90,-11,0,0,52,0,0,189
245.11,1547729449,1966.81,51.516438,7.457450,133.97,0.00,0.00,257.86,0,-90,-11,0,0,52,0,0,141
246.11,1547729450,1966.81,51.516438,7.457450,133.97,0.00,0.00,257.86,0,-91,-11,0,0,53,0,0,469
246.11,1547729450,1966.81,51.516438,7.457450,133.97,0.00,0.00,257.86,0,-94,-12,0,0,52,0,0,443
246.11,1547729450,1966.81,51.516438,7.457450,133.97,0.00,0.00,257.86,0,-90,-11,0,0,52,0,0,189
246.11,1547729450,1966.81,51.516438,7.457450,133.97,0.00,0.00,257.86,0,-90,-11,0,0,52,0,0,141
247.11,1547729451,1966.81,51.516438,7.457450,133.98,0.00,0.00,257.86,0,-92,-9,0,0,49,0,0,469
247.11,1547729451,1966.81,51.516438,7.457450,133.98,0.00,0.00,257.86,0,-93,-10,0,0,48,0,0,443
247.11,1547729451,1966.81,51.516438,7.457450,133.98,0.00,0.00,257.86,0,-89,-11,0,0,52,0,0,189
247.11,1547729451,1966.81,51.516438,7.457450,133.98,0.00,0.00,257.86,0,-90,-11,0,0,52,0,0,141
248.11,1547729452,1966.81,51.516438,7.457450,134.04,0.00,0.00,257.86,0,-92,-9,0,0,49,0,0,469
248.11,1547729452,1966.81,51.516438,7.457450,134.04,0.00,0.00,257.86,0,-93,-10,0,0,48,0,0,443
248.11,1547729452,1966.81,51.516438,7.457450,134.04,0.00,0.00,257.86,0,-89,-11,0,0,52,0,0,189
248.11,1547729452,1966.81,51.516438,7.457450,134.04,0.00,0.00,257.86,0,-90,-11,0,0,52,0,0,141
249.11,1547729453,1966.81,51.516438,7.457450,134.03,0.00,0.00,253.91,0,-91,-8,0,0,49,0,0,469
249.11,1547729453,1966.81,51.516438,7.457450,134.03,0.00,0.00,253.91,0,-94,-10,0,0,47,0,0,443
249.11,1547729453,1966.81,51.516438,7.457450,134.03,0.00,0.00,253.91,0,-90,-11,0,0,53,0,0,141
249.11,1547729453,1966.81,51.516438,7.457450,134.03,0.00,0.00,253.91,0,-90,-12,0,0,52,0,0,189
250.11,1547729454,1966.81,51.516438,7.457450,134.00,0.00,0.00,249.69,0,-91,-8,0,0,49,0,0,469
250.11,1547729454,1966.81,51.516438,7.457450,134.00,0.00,0.00,249.69,0,-94,-10,0,0,47,0,0,443
250.11,1547729454,1966.81,51.516438,7.457450,134.00,0.00,0.00,249.69,0,-90,-11,0,0,53,0,0,141
250.11,1547729454,1966.81,51.516438,7.457450,134.00,0.00,0.00,249.69,0,-90,-12,0,0,52,0,0,189
251.11,1547729455,1966.82,51.516417,7.457263,133.92,4.10,0.00,250.52,0,-87,-10,0,0,53,0,0,189
251.11,1547729455,1966.82,51.516417,7.457263,133.92,4.10,0.00,250.52,0,-87,-10,0,0,53,0,0,141
252.10,1547729456,1970.90,51.516398,7.457186,133.79,6.01,0.00,250.54,0,-87,-10,0,0,53,0,0,189
252.10,1547729456,1970.90,51.516398,7.457186,133.79,6.01,0.00,250.54,0,-87,-10,0,0,53,0,0,141
253.11,1547729457,1976.94,51.516380,7.457099,133.18,6.55,0.00,250.90,0,-94,-14,0,0,53,0,0,443
253.11,1547729457,1976.95,51.516380,7.457099,133.18,6.55,0.00,250.90,0,-86,-12,0,0,56,0,0,141
253.11,1547729457,1976.95,51.516380,7.457099,133.18,6.55,0.00,250.90,0,-87,-12,0,0,56,0,0,189
254.13,1547729458,1983.62,51.516358,7.457002,132.67,6.76,0.00,249.57,0,-94,-14,0,0,53,0,0,443
254.13,1547729458,1983.62,51.516358,7.457002,132.67,6.76,0.00,249.57,0,-86,-12,0,0,56,0,0,141
254.13,1547729458,1983.62,51.516358,7.457002,132.67,6.76,0.00,249.57,0,-87,-12,0,0,56,0,0,189
255.10,1547729459,1990.23,51.516331,7.456898,132.50,7.12,0.00,247.61,0,-87,-12,0,0,56,0,0,141
255.10,1547729459,1990.23,51.516331,7.456898,132.50,7.12,0.00,247.61,0,-88,-13,0,0,56,0,0,189
256.11,1547729460,1997.38,51.516307,7.456797,132.05,7.20,0.00,245.60,0,-87,-12,0,0,56,0,0,141
256.11,1547729460,1997.38,51.516307,7.456797,132.05,7.20,0.00,245.60,0,-88,-13,0,0,56,0,0,189
257.11,1547729461,2004.57,51.516274,7.456682,131.52,7.67,0.00,243.48,0,-86,-10,0,0,55,0,0,141
257.11,1547729461,2004.57,51.516274,7.456682,131.52,7.67,0.00,243.48,0,-87,-12,0,0,55,0,0,189
258.10,1547729462,2012.20,51.516234,7.456542,131.49,9.81,0.00,243.09,0,-86,-10,0,0,55,0,0,141
258.10,1547729462,2012.20,51.516234,7.456542,131.49,9.81,0.00,243.09,0,-87,-12,0,0,55,0,0,189
259.11,1547729463,2022.06,51.516198,7.456418,131.07,9.24,0.00,242.19,0,-92,-8,0,0,48,0,0,443
259.11,1547729463,2022.07,51.516198,7.456418,131.07,9.24,0.00,242.19,0,-94,-10,0,0,48,0,0,24
259.11,1547729463,2022.08,51.516198,7.456418,131.07,9.24,0.00,242.19,0,-87,-10,0,0,53,0,0,141
259.11,1547729463,2022.08,51.516198,7.456418,131.07,9.24,0.00,242.19,0,-91,-13,0,0,53,0,0,189
260.11,1547729464,2031.31,51.516158,7.456292,131.52,8.86,0.00,241.36,0,-92,-8,0,0,48,0,0,443
260.11,1547729464,2031.31,51.516158,7.456292,131.52,8.86,0.00,241.36,0,-94,-10,0,0,48,0,0,24
260.11,1547729464,2031.32,51.516158,7.456292,131.52,8.86,0.00,241.36,0,-87,-10,0,0,53,0,0,141
260.11,1547729464,2031.33,51.516158,7.456292,131.52,8.86,0.00,241.36,0,-91,-13,0,0,53,0,0,189
261.11,1547729465,2040.16,51.516116,7.456179,131.88,7.78,0.00,239.35,0,-87,-7,0,0,51,0,0,24
261.11,1547729465,2040.17,51.516116,7.456179,131.88,7.78,0.00,239.35,0,-87,-11,0,0,55,0,0,455
261.11,1547729465,2040.18,51.516116,7.456179,131.88,7.78,0.00,239.35,0,-90,-13,0,0,54,0,0,189
262.10,1547729466,2047.92,51.516073,7.456069,132.85,8.36,0.00,237.80,0,-87,-7,0,0,51,0,0,24
262.10,1547729466,2047.92,51.516073,7.456069,132.85,8.36,0.00,237.80,0,-87,-11,0,0,55,0,0,455
262.10,1547729466,2047.93,51.516073,7.456069,132.85,8.36,0.00,237.80,0,-90,-13,0,0,54,0,0,189
263.12,1547729467,2056.40,51.516027,7.455954,133.18,8.49,0.00,235.35,0,-89,-11,0,0,54,0,0,24
263.12,1547729467,2056.40,51.516027,7.455954,133.18,8.49,0.00,235.35,0,-83,-12,0,0,59,0,0,455
263.12,1547729467,2056.40,51.516027,7.455954,133.18,8.49,0.00,235.35,0,-88,-16,0,0,59,0,0,189
264.11,1547729468,2064.80,51.515972,7.455829,133.35,9.14,0.00,233.88,0,-89,-11,0,0,54,0,0,24
264.11,1547729468,2064.81,51.515972,7.455829,133.35,9.14,0.00,233.88,0,-83,-12,0,0,59,0,0,455
264.11,1547729468,2064.81,51.515972,7.455829,133.35,9.14,0.00,233.88,0,-88,-16,0,0,59,0,0,189
265.11,1547729469,2073.94,51.515911,7.455699,133.26,10.33,0.00,231.23,0,-89,-11,0,0,54,0,0,24
265.11,1547729469,2073.95,51.515911,7.455699,133.26,10.33,0.00,231.23,0,-83,-12,0,0,59,0,0,455
265.11,1547729469,2073.95,51.515911,7.455699,133.26,10.33,0.00,231.23,0,-88,-16,0,0,59,0,0,189
266.11,1547729470,2084.26,51.515845,7.455576,132.85,10.45,0.00,227.56,0,-85,-8,0,0,55,0,0,24
266.11,1547729470,2084.27,51.515845,7.455576,132.85,10.45,0.00,227.56,0,-80,-10,0,0,60,0,0,189
266.11,1547729470,2084.28,51.515845,7.455576,132.85,10.45,0.00,227.56,0,-83,-13,0,0,61,0,0,455
267.11,1547729471,2094.71,51.515770,7.455458,132.55,10.92,0.00,224.14,0,-85,-8,0,0,55,0,0,24
267.11,1547729471,2094.71,51.515770,7.455458,132.55,10.92,0.00,224.14,0,-80,-10,0,0,60,0,0,189
267.11,1547729471,2094.72,51.515770,7.455458,132.55,10.92,0.00,224.14,0,-83,-13,0,0,61,0,0,455
268.11,1547729472,2105.62,51.515689,7.455345,132.55,10.66,0.00,220.28,0,-86,-8,0,0,54,0,0,24
268.11,1547729472,2105.63,51.515689,7.455345,132.55,10.66,0.00,220.28,0,-83,-10,0,0,58,0,0,455
268.11,1547729472,2105.64,51.515689,7.455345,132.55,10.66,0.00,220.28,0,-86,-12,0,0,57,0,0,189
269.11,1547729473,2116.29,51.515604,7.455236,132.17,10.98,0.00,217.74,0,-86,-8,0,0,54,0,0,24
269.11,1547729473,2116.29,51.515604,7.455236,132.17,10.98,0.00,217.74,0,-83,-10,0,0,58,0,0,455
269.11,1547729473,2116.30,51.515604,7.455236,132.17,10.98,0.00,217.74,0,-86,-12,0,0,57,0,0,189
270.11,1547729474,2127.26,51.515512,7.455157,130.96,11.29,0.00,205.20,0,-93,-13,0,0,52,0,0,443
271.11,1547729475,2138.60,51.515407,7.455132,130.23,11.35,0.00,185.89,0,-93,-13,0,0,52,0,0,443
274.11,1547729478,2173.59,51.515066,7.455128,134.60,12.53,0.00,179.60,0,-83,-13,0,0,60,0,0,25
274.11,1547729478,2173.60,51.515066,7.455128,134.60,12.53,0.00,179.60,0,-84,-10,0,0,58,0,0,443
275.11,1547729479,2186.10,51.514946,7.455152,136.74,12.94,0.00,177.50,0,-83,-13,0,0,60,0,0,25
275.11,1547729479,2186.12,51.514946,7.455152,136.74,12.94,0.00,177.50,0,-84,-10,0,0,58,0,0,443
282.11,1547729486,2284.96,51.514052,7.455456,138.29,13.78,0.00,171.69,0,-70,-9,0,0,63,0,0,25
282.11,1547729486,2284.97,51.514052,7.455456,138.29,13.78,0.00,171.69,0,-77,-10,0,0,63,0,0,143
283.11,1547729487,2298.73,51.513929,7.455479,139.79,13.15,0.00,170.86,0,-70,-9,0,0,63,0,0,25
283.11,1547729487,2298.75,51.513929,7.455479,139.79,13.15,0.00,170.86,0,-77,-10,0,0,63,0,0,143
287.11,1547729491,2349.10,51.513476,7.455674,144.07,12.99,0.00,163.63,0,-89,-11,0,0,54,0,0,24
287.11,1547729491,2349.10,51.513476,7.455674,144.07,12.99,0.00,163.63,0,-91,-12,0,0,52,0,0,441
287.11,1547729491,2349.11,51.513476,7.455674,144.07,12.99,0.00,163.63,0,-86,-12,0,0,56,0,0,455
288.11,1547729492,2362.09,51.513371,7.455745,145.41,12.07,0.00,159.66,0,-89,-11,0,0,54,0,0,24
288.11,1547729492,2362.10,51.513371,7.455745,145.41,12.07,0.00,159.66,0,-91,-12,0,0,52,0,0,441
288.11,1547729492,2362.10,51.513371,7.455745,145.41,12.07,0.00,159.66,0,-86,-12,0,0,56,0,0,455
289.11,1547729493,2374.15,51.513282,7.455842,147.05,11.07,0.00,145.63,0,-81,-10,0,0,61,0,0,24
289.11,1547729493,2374.16,51.513282,7.455842,147.05,11.07,0.00,145.63,0,-83,-9,0,0,59,0,0,441
289.11,1547729493,2374.17,51.513282,7.455842,147.05,11.07,0.00,145.63,0,-84,-11,0,0,58,0,0,455
289.11,1547729493,2374.17,51.513282,7.455842,147.05,11.07,0.00,145.63,0,-86,-11,0,0,55,0,0,142
290.11,1547729494,2385.22,51.513211,7.455924,148.47,8.28,0.00,143.26,0,-81,-10,0,0,61,0,0,24
290.11,1547729494,2385.23,51.513211,7.455924,148.47,8.28,0.00,143.26,0,-83,-9,0,0,59,0,0,441
290.11,1547729494,2385.23,51.513211,7.455924,148.47,8.28,0.00,143.26,0,-84,-11,0,0,58,0,0,455
290.11,1547729494,2385.23,51.513211,7.455924,148.47,8.28,0.00,143.26,0,-86,-11,0,0,55,0,0,142
293.11,1547729497,2409.91,51.513039,7.456174,149.92,7.26,0.00,135.63,0,-90,-10,0,0,51,0,0,25
293.11,1547729497,2409.91,51.513039,7.456174,149.92,7.26,0.00,135.63,0,-92,-11,0,0,51,0,0,24
293.11,1547729497,2409.92,51.513039,7.456174,149.92,7.26,0.00,135.63,0,-85,-9,0,0,55,0,0,143
294.11,1547729498,2417.17,51.512994,7.456272,148.44,7.39,0.00,133.21,0,-90,-10,0,0,51,0,0,25
294.11,1547729498,2417.18,51.512994,7.456272,148.44,7.39,0.00,133.21,0,-92,-11,0,0,51,0,0,24
294.11,1547729498,2417.19,51.512994,7.456272,148.44,7.39,0.00,133.21,0,-85,-9,0,0,55,0,0,143
295.10,1547729499,2424.55,51.512949,7.456371,148.52,7.39,0.00,133.21,0,-87,-10,0,0,54,0,0,25
295.11,1547729499,2424.56,51.512949,7.456371,148.52,7.39,0.00,133.21,0,-80,-7,0,0,58,0,0,143
296.11,1547729500,2431.95,51.512906,7.456468,149.56,7.17,0.00,130.93,0,-87,-10,0,0,54,0,0,25
296.11,1547729500,2431.95,51.512906,7.456468,149.56,7.17,0.00,130.93,0,-80,-7,0,0,58,0,0,143
297.11,1547729501,2439.12,51.512860,7.456560,150.48,7.18,0.00,128.65,0,-88,-8,0,0,52,0,0,25
297.11,1547729501,2439.13,51.512860,7.456560,150.48,7.18,0.00,128.65,0,-82,-9,0,0,58,0,0,143
298.11,1547729502,2446.30,51.512816,7.456667,151.20,7.18,0.00,128.58,0,-88,-8,0,0,52,0,0,25
298.11,1547729502,2446.31,51.512816,7.456667,151.20,7.18,0.00,128.58,0,-82,-9,0,0,58,0,0,143
299.11,1547729503,2453.48,51.512775,7.456764,152.69,9.00,0.00,127.04,0,-82,-7,0,0,58,0,0,25
299.11,1547729503,2453.49,51.512775,7.456764,152.69,9.00,0.00,127.04,0,-80,-8,0,0,57,0,0,143
300.11,1547729504,2462.50,51.512724,7.456888,154.04,9.67,0.00,126.62,0,-82,-7,0,0,58,0,0,25
300.11,1547729504,2462.50,51.512724,7.456888,154.04,9.67,0.00,126.62,0,-80,-8,0,0,57,0,0,143
301.11,1547729505,2472.16,51.512668,7.457047,153.87,12.73,0.00,127.15,0,-92,-8,0,0,47,0,0,25
301.11,1547729505,2472.18,51.512668,7.457047,153.87,12.73,0.00,127.15,0,-85,-8,0,0,54,0,0,143
302.11,1547729506,2484.95,51.512603,7.457196,153.35,12.25,0.00,127.83,0,-92,-8,0,0,47,0,0,25
302.11,1547729506,2484.95,51.512603,7.457196,153.35,12.25,0.00,127.83,0,-85,-8,0,0,54,0,0,143
303.10,1547729507,2497.12,51.512530,7.457349,152.82,12.53,0.00,127.00,0,-91,-10,0,0,50,0,0,25
303.10,1547729507,2497.14,51.512530,7.457349,152.82,12.53,0.00,127.00,0,-84,-11,0,0,59,0,0,143
304.10,1547729508,2509.63,51.512457,7.457501,153.73,12.67,0.00,126.66,0,-91,-10,0,0,50,0,0,25
304.10,1547729508,2509.64,51.512457,7.457501,153.73,12.67,0.00,126.66,0,-84,-11,0,0,59,0,0,143
305.11,1547729509,2522.45,51.512385,7.457654,155.88,13.00,0.00,125.36,0,-87,-13,0,0,56,0,0,143
306.11,1547729510,2535.36,51.512313,7.457831,157.80,14.40,0.00,124.77,0,-87,-13,0,0,56,0,0,143
307.11,1547729511,2549.74,51.512235,7.458012,159.12,14.54,0.00,123.79,0,-87,-13,0,0,56,0,0,143
308.10,1547729512,2564.26,51.512164,7.458187,160.37,14.00,0.00,124.20,0,-94,-9,0,0,47,0,0,25
309.10,1547729513,2578.26,51.512087,7.458370,160.61,14.32,0.00,125.77,0,-94,-9,0,0,47,0,0,25
310.11,1547729514,2592.61,51.512013,7.458542,159.70,13.46,0.00,126.59,0,-96,-9,0,0,45,0,0,25
310.11,1547729514,2592.61,51.512013,7.458542,159.70,13.46,0.00,126.59,0,-88,-10,0,0,53,0,0,139
310.11,1547729514,2592.62,51.512013,7.458542,159.70,13.46,0.00,126.59,0,-89,-9,0,0,50,0,0,143
311.11,1547729515,2606.07,51.511943,7.458687,159.47,12.14,0.00,127.47,0,-96,-9,0,0,45,0,0,25
311.11,1547729515,2606.08,51.511943,7.458687,159.47,12.14,0.00,127.47,0,-88,-10,0,0,53,0,0,139
311.11,1547729515,2606.09,51.511943,7.458687,159.47,12.14,0.00,127.47,0,-89,-9,0,0,50,0,0,143
312.10,1547729516,2618.18,51.511887,7.458815,159.19,10.05,0.00,127.68,0,-98,-10,0,0,43,0,0,25
312.10,1547729516,2618.18,51.511887,7.458815,159.19,10.05,0.00,127.68,0,-86,-7,0,0,52,0,0,139
313.10,1547729517,2628.21,51.511844,7.458915,158.50,7.46,0.00,129.66,0,-98,-10,0,0,43,0,0,25
313.10,1547729517,2628.22,51.511844,7.458915,158.50,7.46,0.00,129.66,0,-86,-7,0,0,52,0,0,139
314.10,1547729518,2635.68,51.511806,7.458993,158.11,6.30,0.00,130.38,0,-84,-8,0,0,56,0,0,139
314.10,1547729518,2635.68,51.511806,7.458993,158.11,6.30,0.00,130.38,0,-89,-15,0,0,56,0,0,138
315.11,1547729519,2642.00,51.511780,7.459046,158.07,4.16,0.00,131.09,0,-84,-8,0,0,56,0,0,139
315.11,1547729519,2642.00,51.511780,7.459046,158.07,4.16,0.00,131.09,0,-89,-15,0,0,56,0,0,138
316.11,1547729520,2646.16,51.511762,7.459072,158.04,1.23,0.00,131.09,0,-79,-7,0,0,58,0,0,139
317.10,1547729521,2647.38,51.511762,7.459072,158.05,0.31,0.00,131.09,0,-79,-7,0,0,58,0,0,139
318.11,1547729522,2647.69,51.511762,7.459072,158.07,0.00,0.00,131.09,0,-95,-13,0,0,49,0,0,326
318.11,1547729522,2647.69,51.511762,7.459072,158.07,0.00,0.00,131.09,0,-84,-8,0,0,54,0,0,139
319.11,1547729523,2647.69,51.511762,7.459072,158.11,0.00,0.00,131.09,0,-95,-13,0,0,49,0,0,326
319.11,1547729523,2647.69,51.511762,7.459072,158.11,0.00,0.00,131.09,0,-84,-8,0,0,54,0,0,139
320.11,1547729524,2647.69,51.511762,7.459072,158.17,0.00,0.00,131.09,0,-94,-12,0,0,50,0,0,326
320.11,1547729524,2647.69,51.511762,7.459072,158.17,0.00,0.00,131.09,0,-84,-8,0,0,55,0,0,139
321.11,1547729525,2647.69,51.511762,7.459072,158.24,0.00,0.00,131.09,0,-94,-12,0,0,50,0,0,326
321.11,1547729525,2647.69,51.511762,7.459072,158.24,0.00,0.00,131.09,0,-84,-8,0,0,55,0,0,139
322.11,1547729526,2647.69,51.511762,7.459072,158.30,0.00,0.00,131.09,0,-84,-7,0,0,55,0,0,139
323.11,1547729527,2647.69,51.511762,7.459072,158.38,0.00,0.00,131.09,0,-84,-7,0,0,55,0,0,139
324.11,1547729528,2647.69,51.511762,7.459072,158.47,0.00,0.00,131.09,0,-83,-7,0,0,55,0,0,139
325.11,1547729529,2647.69,51.511762,7.459072,158.56,0.00,0.00,131.09,0,-83,-7,0,0,55,0,0,139
326.11,1547729530,2647.69,51.511762,7.459072,158.66,0.00,0.00,131.09,0,-83,-8,0,0,57,0,0,139
327.10,1547729531,2647.69,51.511762,7.459072,158.76,0.00,0.00,131.09,0,-83,-8,0,0,57,0,0,139
328.11,1547729532,2647.69,51.511762,7.459072,158.86,0.00,0.00,131.09,0,-83,-8,0,0,57,0,0,139
329.10,1547729533,2647.69,51.511762,7.459072,158.96,0.00,0.00,131.09,0,-83,-7,0,0,56,0,0,139
330.10,1547729534,2647.69,51.511762,7.459072,159.06,0.00,0.00,131.09,0,-83,-7,0,0,56,0,0,139
331.10,1547729535,2647.69,51.511762,7.459072,159.16,0.00,0.00,131.09,0,-83,-7,0,0,55,0,0,139
332.10,1547729536,2647.69,51.511762,7.459072,159.25,0.00,0.00,131.09,0,-83,-7,0,0,55,0,0,139
333.10,1547729537,2647.69,51.511762,7.459072,159.34,0.00,0.00,131.09,0,-83,-8,0,0,56,0,0,139
334.11,1547729538,2647.69,51.511762,7.459072,159.42,0.00,0.00,131.09,0,-83,-8,0,0,56,0,0,139
335.11,1547729539,2647.69,51.511762,7.459072,159.51,0.00,0.00,131.09,0,-83,-8,0,0,56,0,0,139
336.11,1547729540,2647.69,51.511762,7.459072,159.60,0.00,0.00,131.09,0,-83,-8,0,0,56,0,0,139
337.10,1547729541,2647.69,51.511762,7.459072,159.67,0.00,0.00,131.09,0,-84,-7,0,0,54,0,0,139
338.11,1547729542,2647.69,51.511762,7.459072,159.74,0.00,0.00,131.09,0,-84,-7,0,0,54,0,0,139
339.11,1547729543,2647.69,51.511762,7.459072,159.81,0.00,0.00,131.09,0,-95,-12,0,0,49,0,0,326
339.11,1547729543,2647.69,51.511762,7.459072,159.81,0.00,0.00,131.09,0,-84,-8,0,0,55,0,0,139
340.11,1547729544,2647.69,51.511762,7.459072,159.87,0.00,0.00,131.09,0,-95,-12,0,0,49,0,0,326
340.11,1547729544,2647.69,51.511762,7.459072,159.87,0.00,0.00,131.09,0,-84,-8,0,0,55,0,0,139
341.10,1547729545,2647.69,51.511762,7.459072,159.94,0.00,0.00,131.09,0,-94,-12,0,0,49,0,0,326
341.10,1547729545,2647.69,51.511762,7.459072,159.94,0.00,0.00,131.09,0,-84,-7,0,0,54,0,0,139
342.10,1547729546,2647.69,51.511762,7.459072,159.98,0.00,0.00,131.09,0,-94,-12,0,0,49,0,0,326
342.10,1547729546,2647.69,51.511762,7.459072,159.98,0.00,0.00,131.09,0,-84,-7,0,0,54,0,0,139
343.11,1547729547,2647.69,51.511762,7.459072,160.03,0.00,0.00,131.09,0,-83,-7,0,0,55,0,0,139
344.11,1547729548,2647.69,51.511762,7.459072,160.07,0.00,0.00,131.09,0,-83,-7,0,0,55,0,0,139
345.10,1547729549,2647.69,51.511762,7.459072,160.10,0.00,0.00,131.09,0,-84,-7,0,0,54,0,0,139
346.10,1547729550,2647.69,51.511762,7.459072,160.13,0.00,0.00,131.09,0,-84,-7,0,0,54,0,0,139
347.11,1547729551,2647.69,51.511762,7.459072,160.16,0.00,0.00,131.09,0,-84,-7,0,0,54,0,0,139
348.10,1547729552,2647.69,51.511762,7.459072,160.18,0.00,0.00,131.09,0,-84,-7,0,0,54,0,0,139
349.10,1547729553,2647.69,51.511762,7.459072,160.21,0.00,0.00,131.09,0,-84,-7,0,0,54,0,0,139
350.10,1547729554,2647.69,51.511762,7.459072,160.23,0.00,0.00,131.09,0,-84,-7,0,0,54,0,0,139
351.11,1547729555,2647.69,51.511762,7.459072,160.24,0.00,0.00,131.09,0,-84,-7,0,0,54,0,0,139
352.10,1547729556,2647.69,51.511762,7.459072,160.25,0.00,0.00,131.09,0,-84,-7,0,0,54,0,0,139
353.10,1547729557,2647.69,51.511762,7.459072,160.47,0.00,0.00,148.43,0,-84,-7,0,0,54,0,0,139
354.11,1547729558,2647.69,51.511762,7.459072,160.73,0.00,0.00,148.43,0,-96,-14,0,0,51,0,0,326
354.11,1547729558,2647.69,51.511762,7.459072,160.73,0.00,0.00,148.43,0,-84,-7,0,0,54,0,0,139
355.11,1547729559,2647.69,51.511683,7.459203,160.85,0.00,0.00,139.08,0,-96,-14,0,0,51,0,0,326
355.11,1547729559,2647.69,51.511683,7.459203,160.85,0.00,0.00,139.08,0,-84,-7,0,0,54,0,0,139
356.10,1547729560,2647.69,51.511683,7.459203,161.92,0.00,0.00,131.89,0,-83,-8,0,0,55,0,0,139
357.10,1547729561,2647.70,51.511622,7.459347,161.84,5.48,0.00,131.29,0,-83,-8,0,0,55,0,0,139
358.11,1547729562,2653.19,51.511578,7.459437,161.57,6.68,0.00,131.71,0,-93,-11,0,0,49,0,0,326
358.11,1547729562,2653.19,51.511578,7.459437,161.57,6.68,0.00,131.71,0,-81,-7,0,0,56,0,0,139
359.10,1547729563,2659.87,51.511532,7.459530,161.69,8.03,0.00,130.85,0,-93,-11,0,0,49,0,0,326
359.11,1547729563,2659.87,51.511532,7.459530,161.69,8.03,0.00,130.85,0,-81,-7,0,0,56,0,0,139
360.11,1547729564,2667.91,51.511468,7.459613,162.88,8.19,0.00,130.26,0,-94,-11,0,0,48,0,0,326
360.11,1547729564,2667.91,51.511468,7.459613,162.88,8.19,0.00,130.26,0,-80,-6,0,0,57,0,0,139
361.10,1547729565,2676.06,51.511402,7.459723,163.65,9.13,0.00,130.76,0,-94,-11,0,0,48,0,0,326
361.10,1547729565,2676.07,51.511402,7.459723,163.65,9.13,0.00,130.76,0,-80,-6,0,0,57,0,0,139
362.11,1547729566,2685.25,51.511350,7.459833,163.18,8.57,0.00,130.42,0,-80,-7,0,0,57,0,0,139
363.10,1547729567,2693.76,51.511279,7.459931,163.07,9.73,0.00,143.68,0,-80,-7,0,0,57,0,0,139
364.10,1547729568,2703.50,51.511208,7.460048,163.70,9.73,0.00,137.57,0,-80,-7,0,0,57,0,0,139
365.11,1547729569,2713.27,51.511143,7.460154,164.16,8.89,0.00,140.89,0,-80,-7,0,0,57,0,0,139
366.11,1547729570,2722.16,51.511070,7.460266,165.00,9.67,0.00,140.56,0,-75,-6,0,0,62,0,0,139
367.10,1547729571,2731.82,51.511000,7.460376,166.31,9.44,0.00,141.46,0,-75,-6,0,0,62,0,0,139
368.11,1547729572,2741.34,51.510928,7.460477,167.01,9.64,0.00,140.98,0,-77,-7,0,0,60,0,0,139
369.11,1547729573,2750.91,51.510857,7.460599,168.18,10.65,0.00,140.49,0,-77,-7,0,0,60,0,0,139
370.10,1547729574,2761.56,51.510793,7.460736,167.72,10.52,0.00,138.60,0,-77,-7,0,0,60,0,0,139
371.11,1547729575,2772.10,51.510731,7.460850,167.82,9.79,0.00,139.50,0,-80,-7,0,0,57,0,0,139
372.11,1547729576,2781.88,51.510667,7.460967,166.68,9.71,0.00,142.13,0,-80,-7,0,0,57,0,0,139
373.11,1547729577,2791.61,51.510606,7.461074,165.75,8.70,0.00,140.77,0,-96,-12,0,0,47,0,0,326
373.11,1547729577,2791.61,51.510606,7.461074,165.75,8.70,0.00,140.77,0,-83,-9,0,0,57,0,0,138
373.11,1547729577,2791.62,51.510606,7.461074,165.75,8.70,0.00,140.77,0,-83,-10,0,0,57,0,0,139
374.11,1547729578,2800.30,51.510548,7.461173,166.10,8.02,0.00,139.07,0,-96,-12,0,0,47,0,0,326
374.11,1547729578,2800.31,51.510548,7.461173,166.10,8.02,0.00,139.07,0,-83,-9,0,0,57,0,0,138
374.11,1547729578,2800.32,51.510548,7.461173,166.10,8.02,0.00,139.07,0,-83,-10,0,0,57,0,0,139
375.11,1547729579,2808.31,51.510485,7.461272,165.28,8.19,0.00,138.71,0,-81,-10,0,0,59,0,0,138
375.11,1547729579,2808.32,51.510485,7.461272,165.28,8.19,0.00,138.71,0,-82,-9,0,0,59,0,0,139
376.11,1547729580,2816.50,51.510423,7.461371,164.40,7.45,0.00,141.77,0,-81,-10,0,0,59,0,0,138
376.11,1547729580,2816.51,51.510423,7.461371,164.40,7.45,0.00,141.77,0,-82,-9,0,0,59,0,0,139
377.11,1547729581,2823.96,51.510364,7.461463,164.31,7.27,0.00,143.94,0,-93,-13,0,0,52,0,0,326
377.11,1547729581,2823.96,51.510364,7.461463,164.31,7.27,0.00,143.94,0,-78,-9,0,0,61,0,0,139
377.11,1547729581,2823.96,51.510364,7.461463,164.31,7.27,0.00,143.94,0,-81,-9,0,0,61,0,0,138
378.11,1547729582,2831.23,51.510304,7.461560,164.75,7.17,0.00,143.46,0,-93,-13,0,0,52,0,0,326
378.11,1547729582,2831.24,51.510304,7.461560,164.75,7.17,0.00,143.46,0,-78,-9,0,0,61,0,0,139
378.11,1547729582,2831.24,51.510304,7.461560,164.75,7.17,0.00,143.46,0,-81,-9,0,0,61,0,0,138
379.11,1547729583,2838.40,51.510249,7.461659,165.32,6.60,0.00,143.20,0,-93,-10,0,0,49,0,0,326
379.11,1547729583,2838.41,51.510249,7.461659,165.32,6.60,0.00,143.20,0,-83,-10,0,0,57,0,0,139
379.11,1547729583,2838.41,51.510249,7.461659,165.32,6.60,0.00,143.20,0,-83,-10,0,0,57,0,0,138
380.11,1547729584,2845.00,51.510207,7.461761,165.94,5.89,0.00,141.31,0,-93,-10,0,0,49,0,0,326
380.11,1547729584,2845.00,51.510207,7.461761,165.94,5.89,0.00,141.31,0,-83,-10,0,0,57,0,0,139
380.11,1547729584,2845.01,51.510207,7.461761,165.94,5.89,0.00,141.31,0,-83,-10,0,0,57,0,0,138
381.11,1547729585,2850.89,51.510181,7.461859,165.90,4.83,0.00,123.62,0,-86,-9,0,0,54,0,0,326
381.11,1547729585,2850.89,51.510181,7.461859,165.90,4.83,0.00,123.62,0,-80,-9,0,0,59,0,0,138
381.11,1547729585,2850.89,51.510181,7.461859,165.90,4.83,0.00,123.62,0,-82,-10,0,0,59,0,0,139
382.10,1547729586,2855.70,51.510153,7.461946,166.14,4.91,0.00,124.30,0,-86,-9,0,0,54,0,0,326
382.10,1547729586,2855.70,51.510153,7.461946,166.14,4.91,0.00,124.30,0,-80,-9,0,0,59,0,0,138
382.10,1547729586,2855.70,51.510153,7.461946,166.14,4.91,0.00,124.30,0,-82,-10,0,0,59,0,0,139
383.11,1547729587,2860.64,51.510138,7.462018,166.14,4.05,0.00,123.33,0,-84,-9,0,0,57,0,0,326
383.11,1547729587,2860.64,51.510138,7.462018,166.14,4.05,0.00,123.33,0,-79,-9,0,0,61,0,0,138
383.11,1547729587,2860.64,51.510138,7.462018,166.14,4.05,0.00,123.33,0,-82,-12,0,0,61,0,0,139
384.10,1547729588,2864.66,51.510138,7.462018,166.14,0.00,0.00,123.33,0,-84,-9,0,0,57,0,0,326
384.10,1547729588,2864.66,51.510138,7.462018,166.14,0.00,0.00,123.33,0,-79,-9,0,0,61,0,0,138
384.10,1547729588,2864.66,51.510138,7.462018,166.14,0.00,0.00,123.33,0,-82,-12,0,0,61,0,0,139
385.10,1547729589,2864.66,51.510138,7.462018,166.15,0.00,0.00,123.33,0,-86,-8,0,0,54,0,0,326
385.10,1547729589,2864.66,51.510138,7.462018,166.15,0.00,0.00,123.33,0,-74,-7,0,0,63,0,0,138
386.11,1547729590,2864.66,51.510138,7.462018,166.16,0.00,0.00,123.33,0,-86,-8,0,0,54,0,0,326
386.11,1547729590,2864.66,51.510138,7.462018,166.16,0.00,0.00,123.33,0,-74,-7,0,0,63,0,0,138
387.11,1547729591,2864.66,51.510138,7.462018,166.18,0.00,0.00,123.33,0,-86,-9,0,0,54,0,0,326
387.11,1547729591,2864.66,51.510138,7.462018,166.18,0.00,0.00,123.33,0,-74,-8,0,0,63,0,0,138
388.11,1547729592,2864.66,51.510138,7.462018,166.19,0.00,0.00,123.33,0,-86,-9,0,0,54,0,0,326
388.11,1547729592,2864.66,51.510138,7.462018,166.19,0.00,0.00,123.33,0,-74,-8,0,0,63,0,0,138
389.12,1547729593,2864.66,51.510138,7.462018,166.21,0.00,0.00,123.33,0,-86,-8,0,0,53,0,0,326
389.12,1547729593,2864.66,51.510138,7.462018,166.21,0.00,0.00,123.33,0,-74,-8,0,0,63,0,0,138
390.11,1547729594,2864.66,51.510138,7.462018,166.23,0.00,0.00,123.33,0,-86,-8,0,0,53,0,0,326
390.11,1547729594,2864.66,51.510138,7.462018,166.23,0.00,0.00,123.33,0,-74,-8,0,0,63,0,0,138
391.11,1547729595,2864.66,51.510138,7.462018,166.25,0.00,0.00,123.33,0,-86,-8,0,0,53,0,0,326
391.11,1547729595,2864.66,51.510138,7.462018,166.25,0.00,0.00,123.33,0,-74,-8,0,0,63,0,0,138
392.11,1547729596,2864.66,51.510138,7.462018,166.26,0.00,0.00,123.33,0,-86,-8,0,0,53,0,0,326
392.11,1547729596,2864.66,51.510138,7.462018,166.26,0.00,0.00,123.33,0,-74,-8,0,0,63,0,0,138
393.11,1547729597,2864.66,51.510138,7.462018,166.27,0.00,0.00,123.33,0,-86,-8,0,0,53,0,0,326
393.11,1547729597,2864.66,51.510138,7.462018,166.27,0.00,0.00,123.33,0,-74,-8,0,0,63,0,0,138
394.11,1547729598,2864.66,51.510138,7.462018,166.29,0.00,0.00,123.33,0,-86,-8,0,0,54,0,0,326
394.11,1547729598,2864.66,51.510138,7.462018,166.29,0.00,0.00,123.33,0,-74,-8,0,0,63,0,0,138
395.11,1547729599,2864.66,51.510138,7.462018,166.32,0.00,0.00,123.33,0,-86,-8,0,0,54,0,0,326
395.11,1547729599,2864.66,51.510138,7.462018,166.32,0.00,0.00,123.33,0,-74,-8,0,0,63,0,0,138
396.10,1547729600,2864.66,51.510138,7.462018,166.35,0.00,0.00,123.33,0,-86,-8,0,0,54,0,0,326
396.11,1547729600,2864.66,51.510138,7.462018,166.35,0.00,0.00,123.33,0,-74,-8,0,0,63,0,0,138
397.11,1547729601,2864.66,51.510138,7.462018,166.39,0.00,0.00,123.33,0,-86,-8,0,0,54,0,0,326
397.11,1547729601,2864.66,51.510138,7.462018,166.39,0.00,0.00,123.33,0,-74,-8,0,0,63,0,0,138
398.11,1547729602,2864.66,51.510138,7.462018,166.42,0.00,0.00,123.33,0,-86,-8,0,0,54,0,0,326
398.11,1547729602,2864.66,51.510138,7.462018,166.42,0.00,0.00,123.33,0,-74,-7,0,0,63,0,0,138
399.11,1547729603,2864.66,51.510138,7.462018,166.45,0.00,0.00,123.33,0,-86,-8,0,0,54,0,0,326
399.11,1547729603,2864.66,51.510138,7.462018,166.45,0.00,0.00,123.33,0,-74,-7,0,0,63,0,0,138
400.11,1547729604,2864.66,51.510138,7.462018,166.49,0.00,0.00,123.33,0,-85,-8,0,0,54,0,0,326
400.11,1547729604,2864.66,51.510138,7.462018,166.49,0.00,0.00,123.33,0,-74,-7,0,0,63,0,0,138
401.11,1547729605,2864.66,51.510138,7.462018,166.52,0.00,0.00,123.33,0,-85,-8,0,0,54,0,0,326
401.11,1547729605,2864.66,51.510138,7.462018,166.52,0.00,0.00,123.33,0,-74,-7,0,0,63,0,0,138
402.11,1547729606,2864.66,51.510138,7.462018,166.55,0.00,0.00,123.33,0,-85,-8,0,0,54,0,0,326
402.11,1547729606,2864.66,51.510138,7.462018,166.55,0.00,0.00,123.33,0,-74,-8,0,0,63,0,0,138
403.10,1547729607,2864.66,51.510138,7.462018,166.57,0.00,0.00,123.33,0,-85,-8,0,0,54,0,0,326
403.10,1547729607,2864.66,51.510138,7.462018,166.57,0.00,0.00,123.33,0,-74,-8,0,0,63,0,0,138
404.10,1547729608,2864.66,51.510138,7.462018,166.60,0.00,0.00,123.33,0,-86,-10,0,0,56,0,0,326
404.10,1547729608,2864.66,51.510138,7.462018,166.60,0.00,0.00,123.33,0,-74,-8,0,0,63,0,0,138
405.11,1547729609,2864.66,51.510138,7.462018,166.62,0.00,0.00,123.33,0,-86,-10,0,0,56,0,0,326
405.11,1547729609,2864.66,51.510138,7.462018,166.62,0.00,0.00,123.33,0,-74,-8,0,0,63,0,0,138
406.11,1547729610,2864.66,51.510138,7.462018,166.64,0.00,0.00,123.33,0,-85,-8,0,0,54,0,0,326
406.11,1547729610,2864.66,51.510138,7.462018,166.64,0.00,0.00,123.33,0,-74,-7,0,0,63,0,0,138
407.11,1547729611,2864.66,51.510138,7.462018,166.76,0.00,0.00,123.33,0,-85,-8,0,0,54,0,0,326
407.11,1547729611,2864.66,51.510138,7.462018,166.76,0.00,0.00,123.33,0,-74,-7,0,0,63,0,0,138
408.11,1547729612,2864.66,51.510138,7.462018,166.84,0.00,0.00,128.80,0,-86,-8,0,0,53,0,0,326
408.11,1547729612,2864.66,51.510138,7.462018,166.84,0.00,0.00,128.80,0,-76,-8,0,0,62,0,0,138
408.11,1547729612,2864.66,51.510138,7.462018,166.84,0.00,0.00,128.80,0,-81,-10,0,0,60,0,0,374
409.11,1547729613,2864.66,51.510138,7.462018,166.88,0.00,0.00,128.19,0,-86,-8,0,0,53,0,0,326
409.11,1547729613,2864.66,51.510138,7.462018,166.88,0.00,0.00,128.19,0,-76,-8,0,0,62,0,0,138
409.11,1547729613,2864.66,51.510138,7.462018,166.88,0.00,0.00,128.19,0,-81,-10,0,0,60,0,0,374
410.11,1547729614,2864.68,51.510062,7.462278,166.59,8.72,0.00,114.00,0,-77,-8,0,0,61,0,0,138
410.11,1547729614,2864.68,51.510062,7.462278,166.59,8.72,0.00,114.00,0,-82,-13,0,0,62,0,0,139
411.12,1547729615,2873.48,51.510024,7.462412,166.60,10.08,0.00,115.50,0,-77,-8,0,0,61,0,0,138
411.12,1547729615,2873.49,51.510024,7.462412,166.60,10.08,0.00,115.50,0,-82,-13,0,0,62,0,0,139
412.10,1547729616,2883.34,51.509990,7.462557,165.58,10.14,0.00,114.68,0,-77,-8,0,0,61,0,0,138
412.10,1547729616,2883.35,51.509990,7.462557,165.58,10.14,0.00,114.68,0,-82,-13,0,0,62,0,0,139
413.10,1547729617,2893.48,51.509950,7.462715,164.09,10.88,0.00,113.39,0,-73,-8,0,0,63,0,0,138
414.10,1547729618,2904.40,51.509912,7.462892,161.21,11.79,0.00,109.76,0,-73,-8,0,0,63,0,0,138
415.11,1547729619,2916.21,51.509894,7.463085,159.56,11.85,0.00,95.98,0,-73,-6,0,0,63,0,0,138
415.11,1547729619,2916.22,51.509894,7.463085,159.56,11.85,0.00,95.98,0,-79,-12,0,0,63,0,0,139
416.10,1547729620,2928.04,51.509881,7.463286,158.48,11.87,0.00,94.85,0,-73,-6,0,0,63,0,0,138
416.11,1547729620,2928.05,51.509881,7.463286,158.48,11.87,0.00,94.85,0,-79,-12,0,0,63,0,0,139
417.11,1547729621,2939.92,51.509874,7.463493,157.68,11.87,0.00,99.14,0,-70,-6,0,0,63,0,0,138
418.10,1547729622,2951.78,51.509874,7.463666,157.23,10.15,0.00,91.61,0,-70,-6,0,0,63,0,0,138
419.10,1547729623,2961.92,51.509868,7.463788,157.29,7.48,0.00,91.01,0,-77,-8,0,0,61,0,0,138
420.10,1547729624,2969.39,51.509867,7.463906,157.92,6.38,0.00,90.49,0,-77,-8,0,0,61,0,0,138
421.11,1547729625,2975.79,51.509870,7.463999,158.49,5.57,0.00,90.07,0,-71,-6,0,0,63,0,0,138
422.10,1547729626,2981.34,51.509872,7.464075,159.46,4.51,0.00,89.40,0,-71,-6,0,0,63,0,0,138
423.10,1547729627,2985.83,51.509877,7.464126,159.52,3.07,0.00,90.21,0,-74,-7,0,0,63,0,0,138
424.10,1547729628,2988.91,51.509883,7.464176,159.59,2.52,0.00,92.19,0,-74,-7,0,0,63,0,0,138
425.11,1547729629,2991.43,51.509886,7.464223,159.69,1.66,0.00,95.63,0,-73,-11,0,0,63,0,0,138
426.11,1547729630,2993.10,51.509890,7.464274,159.76,2.41,0.00,99.49,0,-73,-11,0,0,63,0,0,138
427.11,1547729631,2995.51,51.509888,7.464333,159.77,3.70,0.00,93.34,0,-93,-7,0,0,45,0,0,199
427.11,1547729631,2995.51,51.509888,7.464333,159.77,3.70,0.00,93.34,0,-77,-7,0,0,60,0,0,138
428.10,1547729632,2999.20,51.509893,7.464399,159.40,4.93,0.00,92.70,0,-93,-7,0,0,45,0,0,199
428.11,1547729632,2999.21,51.509893,7.464399,159.40,4.93,0.00,92.70,0,-77,-7,0,0,60,0,0,138
429.10,1547729633,3004.13,51.509896,7.464445,159.49,4.93,0.00,93.73,0,-93,-8,0,0,47,0,0,199
429.11,1547729633,3004.13,51.509896,7.464445,159.49,4.93,0.00,93.73,0,-78,-7,0,0,59,0,0,138
430.11,1547729634,3009.06,51.509898,7.464528,159.30,6.01,0.00,92.70,0,-93,-8,0,0,47,0,0,199
430.11,1547729634,3009.07,51.509898,7.464528,159.30,6.01,0.00,92.70,0,-78,-7,0,0,59,0,0,138
431.12,1547729635,3015.16,51.509903,7.464621,158.44,5.94,0.00,94.22,0,-90,-7,0,0,48,0,0,199
431.12,1547729635,3015.17,51.509903,7.464621,158.44,5.94,0.00,94.22,0,-75,-6,0,0,61,0,0,138
432.10,1547729636,3020.98,51.509898,7.464709,157.37,6.36,0.00,97.23,0,-90,-7,0,0,48,0,0,199
432.10,1547729636,3020.98,51.509898,7.464709,157.37,6.36,0.00,97.23,0,-75,-6,0,0,61,0,0,138
433.10,1547729637,3027.34,51.509892,7.464810,156.01,6.67,0.00,96.63,0,-90,-7,0,0,48,0,0,199
433.10,1547729637,3027.34,51.509892,7.464810,156.01,6.67,0.00,96.63,0,-75,-6,0,0,61,0,0,138
434.11,1547729638,3034.04,51.509885,7.464914,154.86,6.69,0.00,96.25,0,-91,-11,0,0,51,0,0,199
434.11,1547729638,3034.05,51.509885,7.464914,154.86,6.69,0.00,96.25,0,-70,-5,0,0,63,0,0,138
435.11,1547729639,3040.73,51.509887,7.465023,154.17,6.92,0.00,95.19,0,-91,-11,0,0,51,0,0,199
435.11,1547729639,3040.74,51.509887,7.465023,154.17,6.92,0.00,95.19,0,-70,-5,0,0,63,0,0,138
436.11,1547729640,3047.67,51.509889,7.465138,153.41,7.33,0.00,93.78,0,-95,-7,0,0,43,0,0,199
436.11,1547729640,3047.67,51.509889,7.465138,153.41,7.33,0.00,93.78,0,-99,-11,0,0,45,0,0,441
436.11,1547729640,3047.67,51.509889,7.465138,153.41,7.33,0.00,93.78,0,-69,-5,0,0,63,0,0,138
437.11,1547729641,3054.99,51.509889,7.465252,153.39,7.16,0.00,93.66,0,-95,-7,0,0,43,0,0,199
437.11,1547729641,3054.99,51.509889,7.465252,153.39,7.16,0.00,93.66,0,-99,-11,0,0,45,0,0,441
437.11,1547729641,3054.99,51.509889,7.465252,153.39,7.16,0.00,93.66,0,-69,-5,0,0,63,0,0,138
438.11,1547729642,3062.14,51.509887,7.465385,153.44,8.63,0.00,93.33,0,-96,-8,0,0,43,0,0,199
438.11,1547729642,3062.15,51.509887,7.465385,153.44,8.63,0.00,93.33,0,-69,-5,0,0,63,0,0,138
439.11,1547729643,3070.77,51.509884,7.465529,153.04,9.29,0.00,93.96,0,-96,-8,0,0,43,0,0,199
439.11,1547729643,3070.78,51.509884,7.465529,153.04,9.29,0.00,93.96,0,-69,-5,0,0,63,0,0,138
440.11,1547729644,3080.06,51.509882,7.465689,152.72,10.47,0.00,92.97,0,-70,-5,0,0,63,0,0,138
441.10,1547729645,3090.47,51.509883,7.465838,152.62,10.12,0.00,92.49,0,-70,-5,0,0,63,0,0,138
442.11,1547729646,3100.68,51.509880,7.465989,152.57,10.27,0.00,94.11,0,-94,-8,0,0,46,0,0,199
442.11,1547729646,3100.69,51.509880,7.465989,152.57,10.27,0.00,94.11,0,-98,-13,0,0,48,0,0,324
442.11,1547729646,3100.69,51.509880,7.465989,152.57,10.27,0.00,94.11,0,-100,-15,0,0,47,0,0,374
442.11,1547729646,3100.70,51.509880,7.465989,152.57,10.27,0.00,94.11,0,-68,-5,0,0,63,0,0,138
443.11,1547729647,3110.97,51.509882,7.466150,152.65,10.27,0.00,94.11,0,-94,-8,0,0,46,0,0,199
443.11,1547729647,3110.98,51.509882,7.466150,152.65,10.27,0.00,94.11,0,-98,-13,0,0,48,0,0,324
443.11,1547729647,3110.98,51.509882,7.466150,152.65,10.27,0.00,94.11,0,-100,-15,0,0,47,0,0,374
443.11,1547729647,3110.99,51.509882,7.466150,152.65,10.27,0.00,94.11,0,-68,-5,0,0,63,0,0,138
444.11,1547729648,3121.18,51.509878,7.466338,151.99,11.50,0.00,93.15,0,-98,-16,0,0,50,0,0,324
444.11,1547729648,3121.19,51.509878,7.466338,151.99,11.50,0.00,93.15,0,-99,-18,0,0,50,0,0,326
444.11,1547729648,3121.19,51.509878,7.466338,151.99,11.50,0.00,93.15,0,-99,-17,0,0,50,0,0,374
444.11,1547729648,3121.21,51.509878,7.466338,151.99,11.50,0.00,93.15,0,-67,-5,0,0,63,0,0,138
445.11,1547729649,3132.74,51.509873,7.466524,151.41,12.64,0.00,91.31,0,-98,-16,0,0,50,0,0,324
445.11,1547729649,3132.75,51.509873,7.466524,151.41,12.64,0.00,91.31,0,-99,-18,0,0,50,0,0,326
445.11,1547729649,3132.77,51.509873,7.466524,151.41,12.64,0.00,91.31,0,-99,-17,0,0,50,0,0,374
445.11,1547729649,3132.77,51.509873,7.466524,151.41,12.64,0.00,91.31,0,-67,-5,0,0,63,0,0,138
