time_s,timestamp_ms,distance_m,latitude,longitude,altitude,velocity_mps,acceleration_mpss,direction,isRegistered,rsrp_dbm,rsrq_db,rssnr_db,cqi,ss,ta,ci,pci
0.04,1547728393,0.00,51.509852,7.467568,156.29,11.35,0.00,94.60,1,-86,-7,16,12,34,9,12902921,323
1.04,1547728394,11.39,51.509843,7.467747,155.38,12.39,1.04,94.94,1,-86,-7,16,12,34,9,12902921,323
2.05,1547728395,23.90,51.509839,7.467923,154.72,12.48,0.09,94.49,1,-95,-8,13,11,32,9,12902921,323
3.04,1547728396,36.26,51.509836,7.468103,154.08,12.33,-0.15,92.90,1,-95,-8,13,11,32,9,12902921,323
4.04,1547728397,48.59,51.509832,7.468285,153.79,12.11,-0.22,90.23,1,-95,-8,13,11,32,9,12902921,323
5.04,1547728398,60.70,51.509839,7.468443,153.25,11.25,-0.86,88.18,1,-93,-8,10,9,38,9,12902921,323
6.04,1547728399,71.95,51.509855,7.468594,152.81,10.66,-0.59,86.14,1,-93,-8,10,9,38,9,12902921,323
7.04,1547728400,82.61,51.509875,7.468746,152.54,10.72,0.05,83.24,1,-99,-9,10,11,29,9,12902921,323
8.04,1547728401,93.33,51.509915,7.468890,151.95,11.12,0.40,68.34,1,-99,-9,10,11,29,9,12902921,323
9.04,1547728402,104.46,51.509964,7.469042,151.52,11.12,0.00,75.65,1,-100,-8,11,15,25,9,12902921,323
10.04,1547728403,115.58,51.510006,7.469206,151.77,11.28,0.16,68.04,1,-100,-8,11,15,25,9,12902921,323
11.04,1547728404,126.87,51.510067,7.469351,151.77,11.19,-0.09,60.16,1,-101,-10,8,12,26,9,12902921,323
12.04,1547728405,138.02,51.510130,7.469506,151.71,11.64,0.45,59.81,1,-101,-10,8,12,26,9,12902921,323
13.04,1547728406,149.72,51.510188,7.469651,151.60,12.07,0.43,58.87,1,-104,-14,5,10,26,9,12902921,323
14.04,1547728407,161.73,51.510254,7.469799,151.28,12.47,0.40,58.44,1,-104,-14,5,10,26,9,12902921,323
15.04,1547728408,174.21,51.510321,7.469956,151.00,12.77,0.30,58.19,1,-101,-13,5,15,28,9,12902921,323
16.04,1547728409,187.02,51.510396,7.470156,151.80,12.77,0.00,58.87,1,-101,-13,5,15,28,9,12902921,323
17.04,1547728410,199.79,51.510465,7.470288,151.48,11.95,-0.82,54.58,1,-103,-11,4,9,23,9,12902921,323
18.04,1547728411,211.72,51.510539,7.470436,150.52,12.70,0.75,54.14,1,-103,-11,4,9,23,9,12902921,323
19.12,1547728412,225.43,51.510611,7.470684,151.28,12.70,0.00,55.66,1,-99,-9,4,7,28,9,12902921,323
20.04,1547728413,237.13,51.510696,7.470816,152.01,13.02,0.35,44.61,1,-99,-9,4,7,28,9,12902921,323
21.04,1547728414,250.16,51.510771,7.470966,152.38,12.91,-0.11,43.85,1,-106,-12,5,6,25,9,12902921,323
22.04,1547728415,263.06,51.510841,7.471078,152.35,11.64,-1.27,43.50,1,-106,-12,5,6,25,9,12902921,323
23.05,1547728416,274.80,51.510923,7.471198,151.05,13.25,1.60,42.51,1,-112,-14,3,5,18,9,12902921,323
24.04,1547728417,287.89,51.511010,7.471308,149.57,13.65,0.41,41.33,1,-112,-14,3,5,18,9,12902921,323
25.04,1547728418,301.54,51.511105,7.471415,148.13,13.85,0.20,40.67,1,-112,-14,3,5,18,9,12902921,323
26.04,1547728419,315.45,51.511208,7.471526,146.76,13.94,0.09,39.74,1,-113,-15,0,6,18,9,12902921,323
27.04,1547728420,329.41,51.511306,7.471636,145.30,13.80,-0.14,40.28,1,-113,-15,0,6,18,9,12902921,323
28.04,1547728421,343.19,51.511408,7.471746,143.53,14.02,0.22,39.79,1,-105,-8,-1,6,19,7,13175305,66
29.04,1547728422,357.19,51.511507,7.471856,142.33,13.77,-0.25,40.04,1,-105,-8,-1,6,19,7,13175305,66
30.04,1547728423,370.95,51.511609,7.471976,141.09,14.44,0.67,39.23,1,-105,-9,3,10,21,7,13175305,66
31.04,1547728424,385.46,51.511709,7.472099,140.60,13.80,-0.64,40.18,1,-105,-9,3,10,21,7,13175305,66
32.04,1547728425,399.15,51.511805,7.472228,140.29,13.88,0.08,39.62,1,-105,-13,8,14,21,7,13175305,66
33.04,1547728426,413.07,51.511901,7.472351,139.89,13.55,-0.33,39.30,1,-105,-13,8,14,21,7,13175305,66
34.04,1547728427,426.63,51.512001,7.472462,139.82,13.35,-0.19,38.23,1,-105,-8,2,14,20,7,13175305,66
35.04,1547728428,439.98,51.512093,7.472567,139.76,12.82,-0.54,36.01,1,-105,-8,2,14,20,7,13175305,66
36.04,1547728429,452.80,51.512188,7.472656,139.69,12.75,-0.07,32.26,1,-103,-10,3,12,22,7,13175305,66
37.04,1547728430,465.56,51.512279,7.472701,140.46,10.61,-2.13,17.36,1,-103,-10,3,12,22,7,13175305,66
38.04,1547728431,476.17,51.512383,7.472744,141.51,11.17,0.56,15.69,1,-103,-11,4,11,24,7,13175305,66
39.04,1547728432,487.30,51.512510,7.472785,142.09,13.68,2.52,12.25,1,-103,-11,4,11,24,7,13175305,66
40.04,1547728433,501.03,51.512639,7.472814,142.67,13.79,0.11,9.34,1,-103,-12,3,8,27,7,13175305,66
41.06,1547728434,515.01,51.512769,7.472833,142.86,14.19,0.40,7.34,1,-103,-12,3,8,27,7,13175305,66
42.04,1547728435,528.93,51.512902,7.472851,142.98,14.22,0.02,6.40,1,-102,-13,3,8,28,7,13175305,66
43.04,1547728436,543.22,51.513034,7.472862,143.63,14.25,0.03,5.48,1,-102,-13,3,8,28,7,13175305,66
44.05,1547728437,557.58,51.513159,7.472867,144.52,13.54,-0.71,5.12,1,-101,-13,2,9,32,7,13175305,66
45.04,1547728438,571.02,51.513277,7.472877,146.01,12.74,-0.80,4.77,1,-101,-13,2,9,32,7,13175305,66
46.04,1547728439,583.75,51.513378,7.472881,147.62,10.38,-2.37,4.51,1,-101,-13,2,9,32,7,13175305,66
47.04,1547728440,594.11,51.513466,7.472873,148.72,8.67,-1.71,4.04,1,-100,-12,-1,12,30,7,13175305,66
48.04,1547728441,602.80,51.513549,7.472865,149.90,8.34,-0.34,3.92,1,-100,-12,-1,12,30,7,13175305,66
49.04,1547728442,611.14,51.513615,7.472849,151.96,6.64,-1.69,4.77,1,-98,-11,2,15,30,7,13175305,66
50.04,1547728443,617.78,51.513678,7.472841,153.79,5.58,-1.06,4.12,1,-98,-11,2,15,30,7,13175305,66
51.04,1547728444,623.34,51.513728,7.472838,154.03,4.03,-1.56,6.83,1,-98,-12,2,15,31,7,13175305,66
52.04,1547728445,627.37,51.513760,7.472849,154.43,2.10,-1.93,7.59,1,-98,-12,2,15,31,7,13175305,66
53.04,1547728446,629.48,51.513760,7.472849,154.73,0.32,-1.77,7.59,1,-97,-13,5,7,34,7,13175305,66
54.04,1547728447,629.80,51.513760,7.472849,154.77,0.00,-0.32,7.59,1,-97,-13,5,7,34,7,13175305,66
55.04,1547728448,629.80,51.513760,7.472849,154.82,0.00,0.00,7.59,1,-95,-11,5,10,30,7,13175305,66
56.04,1547728449,629.80,51.513760,7.472849,154.87,0.00,0.00,7.59,1,-95,-11,5,10,30,7,13175305,66
57.04,1547728450,629.80,51.513760,7.472849,154.94,0.00,0.00,7.59,1,-97,-10,4,15,31,7,13175305,66
58.04,1547728451,629.80,51.513760,7.472849,155.01,0.00,0.00,7.59,1,-97,-10,4,15,31,7,13175305,66
59.04,1547728452,629.80,51.513760,7.472849,155.76,0.00,0.00,358.49,1,-97,-10,5,6,31,7,13175305,66
60.06,1547728453,629.80,51.513760,7.472849,156.33,0.00,0.00,2.73,1,-97,-10,5,6,31,7,13175305,66
61.04,1547728454,629.80,51.513890,7.472833,159.87,4.56,0.00,3.21,1,-96,-10,7,10,31,7,13175305,66
62.04,1547728455,634.36,51.513969,7.472836,162.94,4.56,0.00,2.49,1,-96,-10,7,10,31,7,13175305,66
63.04,1547728456,638.94,51.514052,7.472832,164.12,6.36,1.79,1.59,1,-93,-10,8,11,33,7,13175305,66
64.04,1547728457,645.30,51.514123,7.472818,163.96,6.16,-0.20,1.32,1,-93,-10,8,11,33,7,13175305,66
65.04,1547728458,651.46,51.514206,7.472806,163.23,8.14,1.98,1.23,1,-88,-7,7,14,36,7,13175305,66
66.04,1547728459,659.60,51.514286,7.472805,162.23,8.67,0.54,1.70,1,-88,-7,7,14,36,7,13175305,66
67.05,1547728460,668.35,51.514339,7.472820,162.72,8.67,0.00,1.15,1,-88,-8,19,14,38,7,13175305,66
68.04,1547728461,676.95,51.514405,7.472836,164.01,8.38,-0.30,3.26,1,-88,-8,19,14,38,7,13175305,66
69.04,1547728462,685.33,51.514483,7.472829,163.91,9.07,0.69,3.39,1,-88,-8,19,14,38,7,13175305,66
70.04,1547728463,694.39,51.514555,7.472840,162.92,7.08,-1.99,3.96,1,-84,-7,12,11,40,7,13175305,66
71.04,1547728464,701.45,51.514618,7.472861,161.70,6.59,-0.49,4.59,1,-84,-7,12,11,40,7,13175305,66
72.04,1547728465,708.06,51.514671,7.472878,160.50,5.44,-1.14,3.69,1,-83,-8,9,13,42,7,13175305,66
73.04,1547728466,713.50,51.514706,7.472884,160.39,3.54,-1.90,3.22,1,-83,-8,9,13,42,7,13175305,66
74.04,1547728467,717.04,51.514728,7.472889,160.21,2.19,-1.36,2.89,1,-79,-8,18,12,45,7,13175305,66
75.04,1547728468,719.23,51.514741,7.472892,159.99,1.54,-0.65,5.44,1,-79,-8,18,12,45,7,13175305,66
76.04,1547728469,720.77,51.514741,7.472893,159.76,0.50,-1.04,5.44,1,-77,-6,15,11,47,7,13175305,66
77.04,1547728470,721.27,51.514741,7.472893,159.73,0.00,-0.50,5.44,1,-77,-6,15,11,47,7,13175305,66
78.04,1547728471,721.27,51.514741,7.472893,159.71,0.00,0.00,5.44,1,-76,-6,14,15,47,7,13175305,66
79.04,1547728472,721.27,51.514741,7.472893,159.69,0.00,0.00,5.44,1,-76,-6,14,15,47,7,13175305,66
80.04,1547728473,721.27,51.514741,7.472893,159.68,0.00,0.00,5.44,1,-77,-7,10,15,47,7,13175305,66
81.04,1547728474,721.27,51.514741,7.472893,159.68,0.00,0.00,5.44,1,-77,-7,10,15,47,7,13175305,66
82.04,1547728475,721.27,51.514741,7.472893,159.69,0.00,0.00,5.44,1,-75,-7,18,15,50,7,13175305,66
83.04,1547728476,721.27,51.514741,7.472893,159.69,0.00,0.00,5.44,1,-75,-7,18,15,50,7,13175305,66
84.04,1547728477,721.27,51.514741,7.472893,159.69,0.00,0.00,5.44,1,-75,-7,3,9,49,7,13175305,66
85.04,1547728478,721.27,51.514741,7.472893,159.70,0.00,0.00,5.44,1,-75,-7,3,9,49,7,13175305,66
86.04,1547728479,721.27,51.514741,7.472893,159.70,0.00,0.00,5.44,1,-75,-5,17,15,47,7,13175305,66
87.04,1547728480,721.27,51.514741,7.472893,159.71,0.00,0.00,5.44,1,-75,-5,17,15,47,7,13175305,66
88.05,1547728481,721.27,51.514741,7.472893,159.72,0.00,0.00,5.44,1,-75,-5,24,15,48,7,13175305,66
89.04,1547728482,721.27,51.514741,7.472893,159.73,0.00,0.00,5.44,1,-75,-5,24,15,48,7,13175305,66
90.04,1547728483,721.27,51.514741,7.472893,159.75,0.00,0.00,5.44,1,-75,-5,24,15,48,7,13175305,66
91.04,1547728484,721.27,51.514741,7.472893,159.76,0.00,0.00,5.44,1,-75,-5,17,15,47,7,13175305,66
92.04,1547728485,721.27,51.514741,7.472893,159.77,0.00,0.00,5.44,1,-75,-5,17,15,47,7,13175305,66
93.04,1547728486,721.27,51.514741,7.472893,159.78,0.00,0.00,5.44,1,-75,-8,2,9,49,7,13175305,66
94.04,1547728487,721.27,51.514741,7.472893,159.79,0.00,0.00,5.44,1,-75,-8,2,9,49,7,13175305,66
95.04,1547728488,721.27,51.514741,7.472893,159.80,0.00,0.00,5.44,1,-75,-6,17,15,47,7,13175305,66
96.04,1547728489,721.27,51.514741,7.472893,159.81,0.00,0.00,5.44,1,-75,-6,17,15,47,7,13175305,66
97.04,1547728490,721.27,51.514741,7.472893,159.81,0.00,0.00,5.44,1,-75,-5,16,15,47,7,13175305,66
98.04,1547728491,721.27,51.514741,7.472893,159.82,0.00,0.00,5.44,1,-75,-5,16,15,47,7,13175305,66
99.04,1547728492,721.27,51.514741,7.472893,159.82,0.00,0.00,5.44,1,-75,-5,18,15,48,7,13175305,66
100.08,1547728493,721.27,51.514741,7.472893,159.83,0.00,0.00,5.44,1,-75,-5,18,15,48,7,13175305,66
101.04,1547728494,721.27,51.514741,7.472893,159.84,0.00,0.00,5.44,1,-75,-5,5,15,47,7,13175305,66
102.04,1547728495,721.27,51.514741,7.472893,159.85,0.00,0.00,5.44,1,-75,-5,5,15,47,7,13175305,66
103.04,1547728496,721.27,51.514741,7.472893,159.86,0.00,0.00,5.44,1,-74,-6,16,15,48,7,13175305,66
104.04,1547728497,721.27,51.514741,7.472893,159.87,0.00,0.00,5.44,1,-74,-6,16,15,48,7,13175305,66
105.04,1547728498,721.27,51.514741,7.472893,159.88,0.00,0.00,5.44,1,-75,-6,13,12,47,7,13175305,66
106.04,1547728499,721.27,51.514741,7.472893,159.88,0.00,0.00,5.44,1,-75,-6,13,12,47,7,13175305,66
107.04,1547728500,721.27,51.514741,7.472893,159.89,0.00,0.00,5.44,1,-75,-6,22,15,50,7,13175305,66
108.04,1547728501,721.27,51.514741,7.472893,159.91,0.00,0.00,5.44,1,-75,-6,22,15,50,7,13175305,66
109.05,1547728502,721.27,51.514741,7.472893,159.93,0.00,0.00,5.44,1,-74,-5,18,15,48,7,13175305,66
110.04,1547728503,721.27,51.514741,7.472893,159.95,0.00,0.00,5.44,1,-74,-5,18,15,48,7,13175305,66
111.04,1547728504,721.27,51.514741,7.472893,159.97,0.00,0.00,5.44,1,-74,-5,18,15,48,7,13175305,66
112.04,1547728505,721.27,51.514741,7.472893,159.99,0.00,0.00,5.44,1,-75,-5,5,15,47,7,13175305,66
113.04,1547728506,721.27,51.514741,7.472893,160.02,0.00,0.00,5.44,1,-75,-5,5,15,47,7,13175305,66
114.04,1547728507,721.27,51.514741,7.472893,160.04,0.00,0.00,5.44,1,-75,-5,14,15,48,7,13175305,66
115.04,1547728508,721.27,51.514741,7.472893,160.06,0.00,0.00,5.44,1,-75,-5,14,15,48,7,13175305,66
116.04,1547728509,721.27,51.514741,7.472893,160.08,0.00,0.00,5.44,1,-75,-5,23,15,48,7,13175305,66
117.04,1547728510,721.27,51.514741,7.472893,160.11,0.00,0.00,5.44,1,-75,-5,23,15,48,7,13175305,66
118.04,1547728511,721.27,51.514741,7.472893,160.13,0.00,0.00,5.44,1,-76,-6,30,15,47,7,13175305,66
119.04,1547728512,721.27,51.514741,7.472893,160.15,0.00,0.00,5.44,1,-76,-6,30,15,47,7,13175305,66
120.04,1547728513,721.27,51.514741,7.472893,160.18,0.00,0.00,5.44,1,-76,-5,17,15,48,7,13175305,66
121.04,1547728514,721.27,51.514741,7.472893,160.20,0.00,0.00,5.44,1,-76,-5,17,15,48,7,13175305,66
122.04,1547728515,721.27,51.514741,7.472893,160.23,0.00,0.00,5.44,1,-75,-8,16,14,48,7,13175305,66
123.04,1547728516,721.27,51.514741,7.472893,160.28,0.00,0.00,5.44,1,-75,-8,16,14,48,7,13175305,66
124.04,1547728517,721.27,51.514741,7.472893,160.33,0.00,0.00,5.44,1,-76,-6,16,11,48,7,13175305,66
125.04,1547728518,721.27,51.514741,7.472893,160.39,0.00,0.00,5.44,1,-76,-6,16,11,48,7,13175305,66
126.04,1547728519,721.27,51.514741,7.472893,160.45,0.00,0.00,5.44,1,-76,-7,3,15,49,7,13175305,66
127.04,1547728520,721.27,51.514741,7.472893,160.50,0.00,0.00,5.44,1,-76,-7,3,15,49,7,13175305,66
128.04,1547728521,721.27,51.514741,7.472893,160.56,0.00,0.00,5.44,1,-77,-6,21,11,46,7,13175305,66
129.04,1547728522,721.27,51.514741,7.472893,160.99,0.00,0.00,5.44,1,-77,-6,21,11,46,7,13175305,66
130.05,1547728523,721.27,51.514741,7.472893,161.35,0.00,0.00,12.36,1,-76,-6,13,11,47,7,13175305,66
131.04,1547728524,721.27,51.514741,7.472893,163.76,0.00,0.00,3.09,1,-76,-6,13,11,47,7,13175305,66
132.04,1547728525,721.27,51.514853,7.472911,164.09,5.98,0.00,3.49,1,-76,-6,13,11,47,7,13175305,66
133.04,1547728526,727.27,51.514921,7.472923,163.14,6.75,0.77,3.18,1,-69,-7,9,15,58,7,13175305,66
134.04,1547728527,734.02,51.515000,7.472928,161.41,8.25,1.50,2.48,1,-69,-7,9,15,58,7,13175305,66
135.04,1547728528,742.27,51.515069,7.472935,159.83,7.84,-0.42,1.59,1,-68,-5,25,15,53,7,13175305,66
136.04,1547728529,750.10,51.515139,7.472943,158.02,8.16,0.33,0.32,1,-68,-5,25,15,53,7,13175305,66
137.04,1547728530,758.27,51.515203,7.472976,157.20,8.16,0.00,1.28,1,-67,-5,21,15,55,7,13175305,66
138.04,1547728531,766.43,51.515281,7.472966,156.45,9.18,1.02,358.69,1,-67,-5,21,15,55,7,13175305,66
139.04,1547728532,775.61,51.515364,7.472950,155.62,8.87,-0.31,354.23,1,-71,-6,14,14,55,7,13175305,66
140.04,1547728533,784.49,51.515452,7.472920,154.43,10.74,1.86,352.02,1,-71,-6,14,14,55,7,13175305,66
141.04,1547728534,795.22,51.515544,7.472882,152.28,10.39,-0.35,349.02,1,-73,-6,16,11,50,7,13175305,66
142.04,1547728535,805.58,51.515635,7.472837,150.59,10.20,-0.19,346.57,1,-73,-6,16,11,50,7,13175305,66
143.04,1547728536,815.81,51.515728,7.472782,148.51,11.82,1.62,342.58,1,-77,-10,-3,15,47,7,13175305,66
144.04,1547728537,827.63,51.515825,7.472715,146.16,12.14,0.32,340.46,1,-77,-10,-3,15,47,7,13175305,66
145.04,1547728538,839.77,51.515906,7.472620,144.06,11.43,-0.71,326.67,1,-79,-9,1,15,46,7,13175305,66
146.04,1547728539,851.19,51.516000,7.472520,142.25,12.23,0.79,326.14,1,-79,-9,1,15,46,7,13175305,66
147.04,1547728540,863.43,51.516100,7.472409,140.65,13.24,1.01,325.29,1,-80,-11,-1,15,43,7,13175305,66
148.04,1547728541,876.67,51.516190,7.472288,138.62,12.77,-0.47,321.54,1,-80,-11,-1,15,43,7,13175305,66
149.04,1547728542,889.43,51.516273,7.472162,136.68,12.43,-0.34,319.11,1,-81,-7,-7,6,43,4,13175306,68
150.04,1547728543,901.86,51.516337,7.472009,135.70,12.37,-0.06,306.15,1,-81,-7,-7,6,43,4,13175306,68
151.04,1547728544,914.23,51.516396,7.471851,134.47,12.64,0.27,304.69,1,-82,-9,24,11,44,4,13175306,68
152.04,1547728545,926.87,51.516450,7.471684,134.00,12.79,0.15,301.94,1,-82,-9,24,11,44,4,13175306,68
153.05,1547728546,939.75,51.516504,7.471510,133.00,12.79,0.00,299.55,1,-83,-6,20,9,38,4,13175306,68
154.04,1547728547,952.44,51.516553,7.471337,132.48,12.56,-0.23,297.34,1,-83,-6,20,9,38,4,13175306,68
155.04,1547728548,965.00,51.516600,7.471177,131.95,12.79,0.23,296.44,1,-83,-6,20,9,38,4,13175306,68
156.04,1547728549,977.79,51.516640,7.471013,132.10,12.51,-0.28,295.96,1,-85,-6,24,9,38,4,13175306,68
157.04,1547728550,990.30,51.516682,7.470854,132.41,11.75,-0.75,295.08,1,-85,-6,24,9,38,4,13175306,68
158.04,1547728551,1002.02,51.516720,7.470672,134.59,12.12,0.37,294.60,1,-85,-6,19,11,39,4,13175306,68
159.04,1547728552,1014.16,51.516763,7.470504,136.71,12.14,0.02,294.27,1,-85,-6,19,11,39,4,13175306,68
160.04,1547728553,1026.34,51.516807,7.470343,137.96,12.39,0.25,293.58,1,-87,-6,12,15,35,4,13175306,68
161.04,1547728554,1038.68,51.516851,7.470168,139.23,12.87,0.48,293.16,1,-87,-6,12,15,35,4,13175306,68
162.04,1547728555,1051.52,51.516888,7.469994,141.01,12.57,-0.29,292.19,1,-88,-11,18,11,42,4,13175306,68
163.04,1547728556,1064.14,51.516919,7.469817,143.86,11.90,-0.67,291.32,1,-88,-11,18,11,42,4,13175306,68
164.04,1547728557,1076.05,51.516958,7.469650,144.20,12.06,0.16,289.17,1,-91,-6,14,15,31,4,13175306,68
165.04,1547728558,1088.10,51.516989,7.469473,145.15,12.41,0.35,288.57,1,-91,-6,14,15,31,4,13175306,68
166.04,1547728559,1100.51,51.517022,7.469305,145.54,12.64,0.23,287.87,1,-93,-7,11,11,31,4,13175306,68
167.04,1547728560,1113.10,51.517058,7.469124,145.22,12.92,0.28,286.90,1,-93,-7,11,11,31,4,13175306,68
168.04,1547728561,1126.09,51.517099,7.468939,144.29,13.70,0.78,286.50,1,-94,-8,4,11,31,4,13175306,68
169.04,1547728562,1139.79,51.517137,7.468764,143.09,12.66,-1.04,286.89,1,-94,-8,4,11,31,4,13175306,68
170.04,1547728563,1152.46,51.517173,7.468604,141.79,11.21,-1.45,288.10,1,-90,-7,10,12,31,4,13175306,68
171.05,1547728564,1163.72,51.517207,7.468438,140.85,11.30,0.10,288.88,1,-90,-7,10,12,31,4,13175306,68
172.04,1547728565,1174.93,51.517243,7.468287,140.01,10.53,-0.78,290.21,1,-87,-7,10,9,33,4,13175306,68
173.04,1547728566,1185.49,51.517280,7.468138,139.44,10.51,-0.02,291.85,1,-87,-7,10,9,33,4,13175306,68
174.05,1547728567,1196.07,51.517318,7.467989,139.79,10.74,0.23,293.37,1,-88,-6,12,11,32,4,13175306,68
175.04,1547728568,1206.73,51.517358,7.467846,140.47,10.22,-0.52,295.19,1,-88,-6,12,11,32,4,13175306,68
176.04,1547728569,1216.94,51.517400,7.467710,141.22,10.11,-0.12,296.58,1,-88,-6,12,11,32,4,13175306,68
177.04,1547728570,1227.07,51.517441,7.467564,142.76,10.41,0.31,297.15,1,-91,-6,1,11,33,4,13175306,68
178.04,1547728571,1237.47,51.517482,7.467406,144.02,10.86,0.44,297.09,1,-91,-6,1,11,33,4,13175306,68
179.04,1547728572,1248.34,51.517532,7.467274,144.39,11.20,0.34,296.20,1,-91,-6,1,11,33,4,13175306,68
180.04,1547728573,1259.54,51.517576,7.467122,144.74,11.40,0.19,295.82,1,-91,-6,1,11,33,4,13175306,68
181.04,1547728574,1270.90,51.517619,7.466991,143.96,10.79,-0.61,294.16,1,-75,-8,13,11,63,2,13530893,347
182.04,1547728575,1281.68,51.517659,7.466856,142.69,10.88,0.09,292.28,1,-75,-8,13,11,63,2,13530893,347
183.04,1547728576,1292.59,51.517696,7.466715,141.14,11.07,0.18,290.60,1,-88,-9,-1,12,40,2,13530893,347
184.04,1547728577,1303.70,51.517729,7.466572,139.73,10.82,-0.24,288.77,1,-88,-9,-1,12,40,2,13530893,347
185.04,1547728578,1314.49,51.517756,7.466437,138.26,10.27,-0.55,287.17,1,-86,-7,1,6,39,2,13530894,345
186.04,1547728579,1324.76,51.517776,7.466293,137.48,9.87,-0.40,285.63,1,-86,-7,1,6,39,2,13530894,345
187.04,1547728580,1334.65,51.517797,7.466146,137.10,9.89,0.02,284.86,1,-78,-6,2,11,46,2,13530894,345
188.04,1547728581,1344.53,51.517807,7.465991,137.69,10.04,0.16,283.14,1,-78,-6,2,11,46,2,13530894,345
189.04,1547728582,1354.57,51.517799,7.465788,139.34,10.04,0.00,283.14,1,-84,-6,-5,11,40,2,13530894,345
190.04,1547728583,1364.61,51.517801,7.465611,141.75,11.03,0.99,274.31,1,-84,-6,-5,11,40,2,13530894,345
191.04,1547728584,1375.64,51.517810,7.465444,143.43,10.42,-0.61,273.92,1,-84,-8,-6,11,44,2,13530894,345
192.04,1547728585,1386.07,51.517816,7.465287,143.89,9.84,-0.58,273.12,1,-84,-8,-6,11,44,2,13530894,345
193.04,1547728586,1395.89,51.517817,7.465129,144.14,10.27,0.43,271.62,1,-84,-14,8,6,49,3,13530894,345
194.04,1547728587,1406.18,51.517823,7.464991,143.03,10.59,0.32,270.01,1,-84,-14,8,6,49,3,13530894,345
195.04,1547728588,1416.78,51.517821,7.464850,142.02,10.55,-0.04,268.38,1,-84,-9,10,8,44,3,13530894,345
196.04,1547728589,1427.31,51.517818,7.464734,140.77,10.63,0.08,266.48,1,-84,-9,10,8,44,3,13530894,345
197.04,1547728590,1437.94,51.517810,7.464592,139.50,11.08,0.45,264.81,1,-84,-9,10,8,44,3,13530894,345
198.04,1547728591,1449.03,51.517795,7.464442,138.38,11.18,0.11,262.89,1,-80,-7,10,15,46,3,13530894,345
199.04,1547728592,1460.20,51.517777,7.464296,137.51,11.13,-0.05,261.04,1,-80,-7,10,15,46,3,13530894,345
200.04,1547728593,1471.33,51.517753,7.464154,137.12,11.22,0.09,258.99,1,-83,-6,14,12,43,3,13530894,345
201.04,1547728594,1482.55,51.517722,7.464000,137.25,11.76,0.54,256.45,1,-83,-6,14,12,43,3,13530894,345
202.04,1547728595,1494.28,51.517682,7.463820,137.57,11.76,0.00,258.41,1,-83,-12,12,9,49,3,13530894,345
203.04,1547728596,1506.08,51.517627,7.463664,138.89,12.34,0.57,253.67,1,-83,-12,12,9,49,3,13530894,345
204.04,1547728597,1518.41,51.517574,7.463501,140.17,12.34,0.00,247.23,1,-84,-6,12,10,41,3,13530894,345
205.04,1547728598,1530.75,51.517511,7.463367,143.27,11.80,-0.54,247.03,1,-84,-6,12,10,41,3,13530894,345
206.04,1547728599,1542.58,51.517457,7.463239,147.20,11.34,-0.46,247.03,1,-80,-6,17,12,46,3,13530894,345
207.04,1547728600,1553.91,51.517407,7.463106,151.24,11.05,-0.29,247.78,1,-80,-6,17,12,46,3,13530894,345
208.04,1547728601,1564.97,51.517363,7.462977,154.68,10.61,-0.44,248.18,1,-80,-8,16,10,47,3,13530894,345
209.04,1547728602,1575.56,51.517324,7.462858,157.46,10.85,0.24,248.52,1,-80,-8,16,10,47,3,13530894,345
210.05,1547728603,1586.50,51.517287,7.462727,159.26,10.66,-0.19,249.21,1,-77,-6,28,9,49,3,13530894,345
211.04,1547728604,1597.12,51.517252,7.462602,160.38,10.19,-0.48,249.19,1,-77,-6,28,9,49,3,13530894,345
212.04,1547728605,1607.27,51.517218,7.462474,161.44,9.87,-0.32,250.29,1,-82,-12,11,10,50,3,13530894,345
213.04,1547728606,1617.12,51.517183,7.462325,161.72,10.64,0.77,251.06,1,-82,-12,11,10,50,3,13530894,345
214.04,1547728607,1627.78,51.517147,7.462165,161.30,11.18,0.54,250.52,1,-83,-8,11,12,46,3,13530894,345
215.04,1547728608,1638.95,51.517117,7.461978,160.66,12.04,0.87,251.60,1,-83,-8,11,12,46,3,13530894,345
216.05,1547728609,1651.09,51.517094,7.461723,161.51,12.04,0.00,251.60,1,-83,-7,4,12,43,3,13530894,345
217.04,1547728610,1663.05,51.517073,7.461529,162.26,12.74,0.70,255.10,1,-83,-7,4,12,43,3,13530894,345
218.04,1547728611,1675.79,51.517030,7.461333,164.70,12.84,0.10,254.82,1,-83,-7,4,12,43,3,13530894,345
219.04,1547728612,1688.62,51.517000,7.461106,165.61,13.35,0.51,253.48,1,-88,-9,-2,13,40,3,13530894,345
220.04,1547728613,1701.97,51.516970,7.460911,165.12,13.99,0.65,253.00,1,-88,-9,-2,13,40,3,13530894,345
221.04,1547728614,1715.96,51.516939,7.460719,163.94,13.60,-0.39,253.10,1,-81,-9,0,15,39,3,13530894,345
222.04,1547728615,1729.56,51.516912,7.460530,161.88,13.58,-0.02,252.53,1,-81,-9,0,15,39,3,13530894,345
223.04,1547728616,1743.14,51.516883,7.460347,159.21,13.76,0.18,252.91,1,-78,-9,-4,6,52,5,13530638,105
224.04,1547728617,1756.90,51.516855,7.460166,154.80,14.10,0.35,252.51,1,-78,-9,-4,6,52,5,13530638,105
225.04,1547728618,1771.01,51.516822,7.459978,150.85,14.11,0.01,253.18,1,-86,-10,11,15,44,5,13530638,105
226.04,1547728619,1785.13,51.516782,7.459767,148.52,14.53,0.41,253.88,1,-86,-10,11,15,44,5,13530638,105
227.04,1547728620,1799.60,51.516747,7.459568,146.39,14.41,-0.12,254.97,1,-87,-14,5,6,45,5,13530638,105
228.04,1547728621,1814.05,51.516715,7.459368,144.33,14.56,0.16,256.06,1,-87,-14,5,6,45,5,13530638,105
229.04,1547728622,1828.62,51.516691,7.459172,141.77,14.77,0.21,257.11,1,-89,-13,8,11,42,5,13530638,105
230.04,1547728623,1843.40,51.516663,7.458969,140.07,14.63,-0.14,257.65,1,-89,-13,8,11,42,5,13530638,105
231.04,1547728624,1858.00,51.516637,7.458758,139.11,14.66,0.03,258.14,1,-88,-10,12,12,38,5,13530638,105
232.04,1547728625,1872.65,51.516616,7.458558,137.48,14.07,-0.60,258.27,1,-88,-10,12,12,38,5,13530638,105
233.04,1547728626,1886.79,51.516593,7.458361,135.79,14.02,-0.05,258.88,1,-87,-9,14,9,39,5,13530638,105
234.04,1547728627,1900.79,51.516570,7.458172,134.50,13.03,-0.99,257.94,1,-87,-9,14,9,39,5,13530638,105
235.04,1547728628,1913.81,51.516546,7.457997,133.91,12.14,-0.90,258.54,1,-89,-9,-5,6,39,5,13530638,105
236.04,1547728629,1925.94,51.516527,7.457852,134.11,9.94,-2.19,258.11,1,-89,-9,-5,6,39,5,13530638,105
237.04,1547728630,1935.88,51.516506,7.457727,135.77,7.90,-2.04,258.02,1,-83,-12,-6,6,56,3,13406209,460
238.04,1547728631,1943.79,51.516487,7.457617,137.59,6.88,-1.01,257.56,1,-83,-12,-6,6,56,3,13406209,460
239.05,1547728632,1950.74,51.516470,7.457548,140.40,4.41,-2.46,255.71,1,-77,-10,4,12,50,3,13406209,460
240.04,1547728633,1955.10,51.516461,7.457508,140.64,2.08,-2.35,256.36,1,-77,-10,4,12,50,3,13406209,460
241.04,1547728634,1957.19,51.516458,7.457479,140.88,0.77,-1.30,256.36,1,-77,-10,4,12,50,3,13406209,460
242.04,1547728635,1957.96,51.516458,7.457479,140.90,0.00,-0.78,256.36,1,-78,-11,4,11,52,3,13406209,460
243.04,1547728636,1957.96,51.516458,7.457479,140.94,0.00,0.00,256.36,1,-78,-11,4,11,52,3,13406209,460
244.04,1547728637,1957.96,51.516458,7.457479,140.99,0.00,0.00,256.36,1,-78,-13,9,12,55,3,13406209,460
245.04,1547728638,1957.96,51.516458,7.457479,141.03,0.00,0.00,256.36,1,-78,-13,9,12,55,3,13406209,460
246.04,1547728639,1957.96,51.516458,7.457479,141.07,0.00,0.00,256.36,1,-78,-13,12,10,55,3,13406209,460
247.04,1547728640,1957.96,51.516458,7.457479,141.51,0.00,0.00,256.36,1,-78,-13,12,10,55,3,13406209,460
248.04,1547728641,1957.96,51.516458,7.457479,141.97,0.00,0.00,255.24,1,-79,-9,11,12,48,3,13406209,460
249.04,1547728642,1957.96,51.516437,7.457374,142.31,0.00,0.00,256.14,1,-79,-9,11,12,48,3,13406209,460
250.04,1547728643,1957.96,51.516437,7.457374,145.57,0.00,0.00,254.28,1,-80,-12,5,10,52,3,13406209,460
251.04,1547728644,1957.96,51.516406,7.457193,147.37,0.00,0.00,253.96,1,-80,-12,5,10,52,3,13406209,460
252.04,1547728645,1957.96,51.516384,7.457084,149.22,5.83,0.00,253.12,1,-77,-12,10,9,55,3,13406209,460
253.04,1547728646,1963.79,51.516363,7.456985,151.17,6.54,0.71,251.99,1,-77,-12,10,9,55,3,13406209,460
254.04,1547728647,1970.33,51.516330,7.456870,153.25,6.54,0.00,252.51,1,-74,-11,12,11,56,3,13406209,460
255.04,1547728648,1976.87,51.516304,7.456770,154.24,7.11,0.57,252.51,1,-74,-11,12,11,56,3,13406209,460
256.04,1547728649,1984.00,51.516280,7.456658,154.94,7.87,0.76,252.81,1,-71,-7,14,7,54,3,13406209,460
257.04,1547728650,1991.87,51.516254,7.456541,155.18,7.87,0.00,252.51,1,-71,-7,14,7,54,3,13406209,460
258.04,1547728651,1999.74,51.516218,7.456430,154.67,10.07,2.20,248.34,1,-72,-8,12,15,56,3,13406209,460
259.04,1547728652,2009.79,51.516171,7.456315,153.10,10.77,0.71,240.46,1,-72,-8,12,15,56,3,13406209,460
260.07,1547728653,2020.92,51.516126,7.456183,150.84,10.78,0.00,240.25,1,-70,-9,19,11,57,3,13406209,460
261.04,1547728654,2031.37,51.516076,7.456046,148.58,11.09,0.32,239.22,1,-70,-9,19,11,57,3,13406209,460
262.04,1547728655,2042.42,51.516018,7.455904,146.57,11.53,0.44,235.89,1,-70,-9,19,11,57,3,13406209,460
263.04,1547728656,2053.96,51.515954,7.455752,145.43,12.22,0.69,233.30,1,-63,-11,23,15,63,3,13406209,460
264.04,1547728657,2066.18,51.515890,7.455616,144.28,11.59,-0.64,230.17,1,-63,-11,23,15,63,3,13406209,460
265.04,1547728658,2077.75,51.515817,7.455485,142.68,11.33,-0.26,227.80,1,-70,-9,12,13,57,3,13406209,460
266.04,1547728659,2089.09,51.515729,7.455384,141.56,11.12,-0.21,213.98,1,-70,-9,12,13,57,3,13406209,460
267.04,1547728660,2100.21,51.515642,7.455285,139.68,11.30,0.18,213.00,1,-75,-7,10,8,52,3,13406209,460
268.04,1547728661,2111.51,51.515555,7.455195,138.10,11.60,0.30,210.44,1,-75,-7,10,8,52,3,13406209,460
269.04,1547728662,2123.10,51.515467,7.455131,137.15,11.22,-0.38,207.11,1,-75,-8,10,12,52,3,13406209,460
270.10,1547728663,2135.04,51.515365,7.455122,136.29,10.90,-0.31,185.38,1,-75,-8,10,12,52,3,13406209,460
271.04,1547728664,2145.25,51.515264,7.455118,135.42,10.77,-0.14,183.23,1,-76,-8,21,12,51,3,13406209,460
272.04,1547728665,2156.01,51.515162,7.455128,135.07,11.14,0.38,180.66,1,-76,-8,21,12,51,3,13406209,460
273.04,1547728666,2167.17,51.515053,7.455157,134.98,11.51,0.37,178.44,1,-84,-13,10,9,47,3,13406209,460
274.04,1547728667,2178.64,51.514944,7.455189,135.19,11.59,0.08,176.54,1,-84,-13,10,9,47,3,13406209,460
275.04,1547728668,2190.28,51.514834,7.455228,135.83,11.56,-0.03,174.71,1,-85,-11,9,9,43,3,13406209,460
276.04,1547728669,2201.82,51.514722,7.455263,136.51,12.15,0.59,173.61,1,-85,-11,9,9,43,3,13406209,460
277.04,1547728670,2213.97,51.514610,7.455304,137.23,12.31,0.16,171.98,1,-84,-7,12,9,43,3,13406209,460
278.04,1547728671,2226.29,51.514500,7.455339,137.16,12.23,-0.09,171.04,1,-84,-7,12,9,43,3,13406209,460
279.04,1547728672,2238.52,51.514390,7.455384,138.06,11.52,-0.70,170.43,1,-81,-10,14,11,50,3,13406209,460
280.04,1547728673,2250.03,51.514278,7.455421,138.87,12.20,0.67,170.77,1,-81,-10,14,11,50,3,13406209,460
281.05,1547728674,2262.35,51.514165,7.455454,138.84,12.67,0.47,170.88,1,-85,-8,17,15,42,3,13406209,460
282.04,1547728675,2274.92,51.514052,7.455484,138.46,12.71,0.03,170.99,1,-85,-8,17,15,42,3,13406209,460
283.04,1547728676,2287.60,51.513937,7.455528,138.64,12.69,-0.02,170.57,1,-85,-8,17,15,42,3,13406209,460
284.04,1547728677,2300.30,51.513819,7.455555,140.71,12.86,0.17,169.82,1,-85,-7,15,11,41,3,13406209,460
285.04,1547728678,2313.15,51.513700,7.455587,142.86,13.48,0.62,167.93,1,-85,-7,15,11,41,3,13406209,460
286.04,1547728679,2326.63,51.513585,7.455629,144.51,13.17,-0.31,165.53,1,-84,-8,19,12,43,3,13406209,460
287.04,1547728680,2339.78,51.513480,7.455684,145.00,12.59,-0.58,162.73,1,-84,-8,19,12,43,3,13406209,460
288.04,1547728681,2352.38,51.513375,7.455756,146.48,12.06,-0.53,159.16,1,-91,-9,10,7,37,3,13406209,460
289.04,1547728682,2364.44,51.513266,7.455850,148.84,12.92,0.86,155.41,1,-91,-9,10,7,37,3,13406209,460
290.04,1547728683,2377.35,51.513181,7.455980,151.38,12.27,-0.66,137.54,1,-96,-10,7,7,33,3,13406209,460
291.04,1547728684,2389.64,51.513094,7.456111,153.02,12.79,0.52,136.45,1,-96,-10,7,7,33,3,13406209,460
292.04,1547728685,2402.43,51.513017,7.456262,154.47,13.12,0.33,134.09,1,-98,-13,2,5,34,3,13406209,460
293.04,1547728686,2415.56,51.512930,7.456443,154.72,15.61,2.49,131.79,1,-98,-13,2,5,34,3,13406209,460
294.04,1547728687,2431.20,51.512843,7.456607,155.65,15.38,-0.22,129.80,1,-100,-13,0,5,32,3,13406209,460
295.04,1547728688,2446.57,51.512765,7.456772,156.57,15.16,-0.22,129.27,1,-100,-13,0,5,32,3,13406209,460
296.04,1547728689,2461.73,51.512690,7.456943,156.84,14.70,-0.46,128.08,1,-101,-14,-2,4,30,3,13406209,460
297.04,1547728690,2476.41,51.512613,7.457114,156.81,14.85,0.15,127.13,1,-101,-14,-2,4,30,3,13406209,460
298.04,1547728691,2491.26,51.512536,7.457296,155.98,14.72,-0.13,126.84,1,-102,-13,-2,7,29,8,13830146,487
299.04,1547728692,2506.00,51.512461,7.457474,155.15,14.53,-0.19,127.51,1,-102,-13,-2,7,29,8,13830146,487
300.04,1547728693,2520.50,51.512381,7.457669,155.25,14.53,0.00,126.84,1,-100,-10,4,7,29,8,13830146,487
301.05,1547728694,2535.10,51.512312,7.457802,156.45,12.02,-2.49,123.38,1,-100,-10,4,7,29,8,13830146,487
302.05,1547728695,2547.18,51.512266,7.457944,156.46,9.29,-2.72,123.81,1,-100,-13,1,6,31,8,13830146,487
303.04,1547728696,2556.39,51.512232,7.458049,157.01,6.32,-3.00,127.63,1,-100,-13,1,6,31,8,13830146,487
304.04,1547728697,2562.71,51.512201,7.458132,157.14,5.08,-1.23,129.29,1,-100,-13,1,6,31,8,13830146,487
305.04,1547728698,2567.79,51.512172,7.458209,157.16,3.93,-1.16,128.34,1,-98,-13,0,7,34,8,13830146,487
306.04,1547728699,2571.72,51.512153,7.458256,157.13,3.39,-0.53,126.41,1,-98,-13,0,7,34,8,13830146,487
307.04,1547728700,2575.10,51.512125,7.458308,157.11,3.39,0.00,127.27,1,-97,-10,-1,6,32,7,14035459,482
308.04,1547728701,2578.49,51.512095,7.458360,156.12,5.70,2.30,130.93,1,-97,-10,-1,6,32,7,14035459,482
309.04,1547728702,2584.21,51.512057,7.458429,154.85,7.68,1.97,131.01,1,-96,-11,-4,6,34,7,14035459,482
310.04,1547728703,2591.88,51.512009,7.458525,153.49,9.20,1.52,130.10,1,-96,-11,-4,6,34,7,14035459,482
311.04,1547728704,2601.11,51.511957,7.458630,152.34,9.97,0.77,129.75,1,-94,-9,20,12,32,7,14035459,482
312.04,1547728705,2611.02,51.511903,7.458732,151.46,9.51,-0.46,128.85,1,-94,-9,20,12,32,7,14035459,482
313.04,1547728706,2620.53,51.511856,7.458834,151.18,8.88,-0.64,128.63,1,-100,-14,8,5,31,7,14035459,482
314.04,1547728707,2629.44,51.511816,7.458926,150.67,7.50,-1.37,128.02,1,-100,-14,8,5,31,7,14035459,482
315.04,1547728708,2636.95,51.511784,7.459009,150.08,6.33,-1.17,126.88,1,-99,-11,4,9,31,7,14035459,482
316.04,1547728709,2643.28,51.511753,7.459082,150.38,5.12,-1.21,129.74,1,-99,-11,4,9,31,7,14035459,482
317.04,1547728710,2648.41,51.511735,7.459134,150.43,3.19,-1.93,130.97,1,-100,-11,4,5,29,7,14035459,482
318.04,1547728711,2651.60,51.511718,7.459165,150.54,1.61,-1.58,129.44,1,-100,-11,4,5,29,7,14035459,482
319.04,1547728712,2653.21,51.511707,7.459179,150.59,0.79,-0.82,129.44,1,-99,-11,2,8,29,7,14035459,482
320.04,1547728713,2654.00,51.511707,7.459179,150.60,0.00,-0.79,129.44,1,-99,-11,2,8,29,7,14035459,482
321.04,1547728714,2654.00,51.511707,7.459179,150.59,0.00,0.00,129.44,1,-102,-11,-1,7,27,7,14035459,482
322.04,1547728715,2654.00,51.511707,7.459179,150.58,0.00,0.00,129.44,1,-102,-11,-1,7,27,7,14035459,482
323.05,1547728716,2654.00,51.511707,7.459179,150.56,0.00,0.00,129.44,1,-103,-16,-4,5,30,7,14035459,482
324.05,1547728717,2654.00,51.511707,7.459179,150.53,0.00,0.00,129.44,1,-103,-16,-4,5,30,7,14035459,482
325.04,1547728718,2654.00,51.511707,7.459179,150.50,0.00,0.00,129.44,1,-103,-16,-4,5,30,7,14035459,482
326.04,1547728719,2654.00,51.511707,7.459179,150.47,0.00,0.00,129.44,1,-102,-14,-5,5,29,7,14035459,482
327.04,1547728720,2654.00,51.511707,7.459179,150.44,0.00,0.00,129.44,1,-102,-14,-5,5,29,7,14035459,482
328.04,1547728721,2654.00,51.511707,7.459179,150.41,0.00,0.00,129.44,1,-102,-14,-5,7,29,7,14035459,482
329.04,1547728722,2654.00,51.511707,7.459179,150.38,0.00,0.00,129.44,1,-102,-14,-5,7,29,7,14035459,482
330.04,1547728723,2654.00,51.511707,7.459179,150.36,0.00,0.00,129.44,1,-102,-13,-6,7,28,7,14035459,482
331.04,1547728724,2654.00,51.511707,7.459179,150.34,0.00,0.00,129.44,1,-102,-13,-6,7,28,7,14035459,482
332.05,1547728725,2654.00,51.511707,7.459179,150.32,0.00,0.00,129.44,1,-102,-14,-5,7,29,7,14035459,482
333.04,1547728726,2654.00,51.511707,7.459179,150.29,0.00,0.00,129.44,1,-102,-14,-5,7,29,7,14035459,482
334.04,1547728727,2654.00,51.511707,7.459179,150.23,0.00,0.00,129.44,1,-102,-13,-5,6,29,7,14035459,482
335.04,1547728728,2654.00,51.511707,7.459179,150.16,0.00,0.00,129.44,1,-102,-13,-5,6,29,7,14035459,482
336.04,1547728729,2654.00,51.511707,7.459179,150.08,0.00,0.00,129.44,1,-101,-14,-6,7,29,7,14035459,482
337.04,1547728730,2654.00,51.511707,7.459179,150.00,0.00,0.00,129.44,1,-101,-14,-6,7,29,7,14035459,482
338.04,1547728731,2654.00,51.511707,7.459179,149.92,0.00,0.00,129.44,1,-101,-13,-6,7,29,7,14035459,482
339.04,1547728732,2654.00,51.511707,7.459179,149.83,0.00,0.00,129.44,1,-101,-13,-6,7,29,7,14035459,482
340.04,1547728733,2654.00,51.511707,7.459179,149.75,0.00,0.00,129.44,1,-101,-13,-6,6,30,7,14035459,482
341.05,1547728734,2654.00,51.511707,7.459179,149.67,0.00,0.00,129.44,1,-101,-13,-6,6,30,7,14035459,482
342.04,1547728735,2654.00,51.511707,7.459179,149.60,0.00,0.00,129.44,1,-102,-16,-6,6,29,7,14035459,482
343.04,1547728736,2654.00,51.511707,7.459179,149.53,0.00,0.00,129.44,1,-102,-16,-6,6,29,7,14035459,482
344.06,1547728737,2654.00,51.511707,7.459179,149.46,0.00,0.00,129.44,1,-100,-16,-5,7,30,7,14035459,482
345.04,1547728738,2654.00,51.511707,7.459179,149.39,0.00,0.00,129.44,1,-100,-16,-5,7,30,7,14035459,482
346.04,1547728739,2654.00,51.511707,7.459179,149.33,0.00,0.00,129.44,1,-100,-16,-5,7,30,7,14035459,482
347.04,1547728740,2654.00,51.511707,7.459179,149.27,0.00,0.00,129.44,1,-101,-16,-5,7,30,7,14035459,482
348.04,1547728741,2654.00,51.511707,7.459179,149.22,0.00,0.00,129.44,1,-101,-16,-5,7,30,7,14035459,482
349.04,1547728742,2654.00,51.511707,7.459179,149.18,0.00,0.00,129.44,1,-107,-12,3,10,22,7,14035469,493
350.04,1547728743,2654.00,51.511707,7.459179,149.15,0.00,0.00,129.44,1,-107,-12,3,10,22,7,14035469,493
351.04,1547728744,2654.00,51.511707,7.459179,149.12,0.00,0.00,129.44,1,-108,-13,2,4,24,7,14035469,493
352.04,1547728745,2654.00,51.511707,7.459179,149.10,0.00,0.00,129.44,1,-108,-13,2,4,24,7,14035469,493
353.05,1547728746,2654.00,51.511707,7.459179,149.09,0.00,0.00,129.44,1,-108,-13,2,6,23,7,14035469,493
354.04,1547728747,2654.00,51.511707,7.459179,149.02,0.00,0.00,129.44,1,-108,-13,2,6,23,7,14035469,493
355.05,1547728748,2654.00,51.511707,7.459179,148.92,0.00,0.00,130.22,1,-107,-11,3,6,22,7,14035469,493
356.04,1547728749,2654.00,51.511670,7.459265,148.80,0.00,0.00,129.63,1,-107,-11,3,6,22,7,14035469,493
357.04,1547728750,2654.00,51.511643,7.459324,147.54,4.84,0.00,128.29,1,-109,-12,2,7,23,7,14035469,493
358.04,1547728751,2658.84,51.511601,7.459418,146.76,6.43,1.59,127.16,1,-109,-12,2,7,23,7,14035469,493
359.05,1547728752,2665.28,51.511536,7.459534,146.50,6.43,0.00,127.65,1,-109,-11,1,5,22,7,14035469,493
360.05,1547728753,2671.71,51.511461,7.459669,146.37,10.03,3.60,126.28,1,-109,-11,1,5,22,7,14035469,493
361.04,1547728754,2681.72,51.511368,7.459832,145.84,12.86,2.83,127.02,1,-113,-13,-1,5,19,7,14035469,493
362.04,1547728755,2694.51,51.511293,7.460010,145.84,13.80,0.94,129.00,1,-113,-13,-1,5,19,7,14035469,493
363.04,1547728756,2708.31,51.511214,7.460179,145.85,13.69,-0.10,130.60,1,-106,-11,-1,6,34,6,13830157,210
364.04,1547728757,2722.04,51.511129,7.460349,146.35,14.44,0.74,131.58,1,-106,-11,-1,6,34,6,13830157,210
365.05,1547728758,2736.57,51.511032,7.460509,148.35,14.62,0.18,132.04,1,-107,-14,4,8,27,6,13830157,210
366.04,1547728759,2751.08,51.510932,7.460671,151.11,14.65,0.03,132.57,1,-107,-14,4,8,27,6,13830157,210
367.04,1547728760,2765.79,51.510844,7.460829,152.40,14.21,-0.43,131.69,1,-107,-14,4,8,27,6,13830157,210
368.04,1547728761,2779.99,51.510762,7.460987,151.96,13.98,-0.24,132.19,1,-105,-11,6,9,23,6,13830157,210
369.04,1547728762,2793.96,51.510682,7.461136,151.02,13.71,-0.27,133.27,1,-105,-11,6,9,23,6,13830157,210
370.09,1547728763,2808.37,51.510597,7.461286,150.22,13.44,-0.26,132.71,1,-97,-6,15,11,28,6,13830157,210
371.04,1547728764,2821.06,51.510516,7.461435,149.64,12.96,-0.50,132.09,1,-97,-6,15,11,28,6,13830157,210
372.04,1547728765,2834.05,51.510444,7.461565,149.38,11.35,-1.61,132.93,1,-99,-7,8,9,25,6,13830157,210
373.04,1547728766,2845.38,51.510380,7.461670,149.74,9.53,-1.82,132.24,1,-99,-7,8,9,25,6,13830157,210
374.04,1547728767,2854.95,51.510333,7.461747,149.65,7.41,-2.11,132.55,1,-101,-8,9,11,24,6,13830157,210
375.04,1547728768,2862.36,51.510290,7.461800,150.24,5.46,-1.95,132.99,1,-101,-8,9,11,24,6,13830157,210
376.03,1547728769,2867.77,51.510263,7.461843,150.30,3.83,-1.65,130.16,1,-97,-8,21,15,30,6,13830157,210
377.04,1547728770,2871.62,51.510243,7.461886,150.40,3.03,-0.79,127.60,1,-97,-8,21,15,30,6,13830157,210
378.04,1547728771,2874.65,51.510233,7.461908,150.47,1.18,-1.85,128.60,1,-97,-7,10,11,28,6,13830157,210
379.04,1547728772,2875.83,51.510233,7.461908,150.40,0.42,-0.76,128.60,1,-97,-7,10,11,28,6,13830157,210
380.04,1547728773,2876.25,51.510233,7.461908,150.40,0.00,-0.42,128.60,1,-99,-8,16,15,27,6,13830157,210
381.04,1547728774,2876.25,51.510233,7.461908,150.39,0.00,0.00,128.60,1,-99,-8,16,15,27,6,13830157,210
382.04,1547728775,2876.25,51.510233,7.461908,150.37,0.00,0.00,128.60,1,-99,-12,13,9,34,6,13830157,210
383.04,1547728776,2876.25,51.510233,7.461908,150.35,0.00,0.00,128.60,1,-99,-12,13,9,34,6,13830157,210
384.04,1547728777,2876.25,51.510233,7.461908,150.32,0.00,0.00,128.60,1,-99,-8,12,15,29,6,13830157,210
385.04,1547728778,2876.25,51.510233,7.461908,150.28,0.00,0.00,128.60,1,-99,-8,12,15,29,6,13830157,210
386.05,1547728779,2876.25,51.510233,7.461908,150.25,0.00,0.00,128.60,1,-98,-7,10,15,28,6,13830157,210
387.04,1547728780,2876.25,51.510233,7.461908,150.22,0.00,0.00,128.60,1,-98,-7,10,15,28,6,13830157,210
388.04,1547728781,2876.25,51.510233,7.461908,150.20,0.00,0.00,128.60,1,-98,-7,10,15,28,6,13830157,210
389.04,1547728782,2876.25,51.510233,7.461908,150.17,0.00,0.00,128.60,1,-98,-7,7,10,28,6,13830157,210
390.07,1547728783,2876.25,51.510233,7.461908,150.15,0.00,0.00,128.60,1,-98,-7,7,10,28,6,13830157,210
391.04,1547728784,2876.25,51.510233,7.461908,150.13,0.00,0.00,128.60,1,-98,-6,11,15,28,6,13830157,210
392.04,1547728785,2876.25,51.510233,7.461908,150.12,0.00,0.00,128.60,1,-98,-6,11,15,28,6,13830157,210
393.04,1547728786,2876.25,51.510233,7.461908,150.11,0.00,0.00,128.60,1,-98,-10,12,15,33,6,13830157,210
394.04,1547728787,2876.25,51.510233,7.461908,150.10,0.00,0.00,128.60,1,-98,-10,12,15,33,6,13830157,210
395.04,1547728788,2876.25,51.510233,7.461908,150.10,0.00,0.00,128.60,1,-98,-7,15,11,28,6,13830157,210
396.04,1547728789,2876.25,51.510233,7.461908,150.10,0.00,0.00,128.60,1,-98,-7,15,11,28,6,13830157,210
397.04,1547728790,2876.25,51.510233,7.461908,150.11,0.00,0.00,128.60,1,-98,-7,16,11,28,6,13830157,210
398.04,1547728791,2876.25,51.510233,7.461908,150.12,0.00,0.00,128.60,1,-98,-7,16,11,28,6,13830157,210
399.04,1547728792,2876.25,51.510233,7.461908,150.13,0.00,0.00,128.60,1,-98,-11,15,11,35,6,13830157,210
400.04,1547728793,2876.25,51.510233,7.461908,150.14,0.00,0.00,128.60,1,-98,-11,15,11,35,6,13830157,210
401.04,1547728794,2876.25,51.510233,7.461908,150.16,0.00,0.00,128.60,1,-98,-8,15,11,29,6,13830157,210
402.04,1547728795,2876.25,51.510233,7.461908,150.19,0.00,0.00,128.60,1,-98,-8,15,11,29,6,13830157,210
403.04,1547728796,2876.25,51.510233,7.461908,150.21,0.00,0.00,128.60,1,-98,-7,13,9,29,6,13830157,210
404.04,1547728797,2876.25,51.510233,7.461908,150.23,0.00,0.00,128.60,1,-98,-7,13,9,29,6,13830157,210
405.04,1547728798,2876.25,51.510233,7.461908,150.25,0.00,0.00,128.60,1,-97,-7,7,11,30,6,13830157,210
406.04,1547728799,2876.25,51.510233,7.461908,150.28,0.00,0.00,128.60,1,-97,-7,7,11,30,6,13830157,210
407.04,1547728800,2876.25,51.510233,7.461908,150.30,0.00,0.00,128.60,1,-97,-8,16,10,30,6,13830157,210
408.04,1547728801,2876.25,51.510233,7.461908,150.32,0.00,0.00,128.60,1,-97,-8,16,10,30,6,13830157,210
409.04,1547728802,2876.25,51.510233,7.461908,150.34,0.00,0.00,128.60,1,-97,-8,16,10,30,6,13830157,210
410.04,1547728803,2876.25,51.510233,7.461908,150.59,0.00,0.00,128.60,1,-96,-9,13,11,32,6,13830157,210
411.04,1547728804,2876.25,51.510233,7.461908,150.74,0.00,0.00,139.55,1,-96,-9,13,11,32,6,13830157,210
412.04,1547728805,2876.25,51.510182,7.461994,150.81,0.00,0.00,128.36,1,-98,-8,14,15,29,6,13830157,210
413.04,1547728806,2876.25,51.510157,7.462052,151.19,4.38,0.00,125.88,1,-98,-8,14,15,29,6,13830157,210
414.04,1547728807,2880.64,51.510125,7.462124,151.80,5.60,1.22,123.42,1,-98,-8,11,15,29,6,13830157,210
415.04,1547728808,2886.25,51.510095,7.462220,151.81,5.60,0.00,123.42,1,-98,-8,11,15,29,6,13830157,210
416.04,1547728809,2891.84,51.510075,7.462330,151.49,7.88,2.29,116.25,1,-97,-8,10,11,31,6,13830157,210
417.04,1547728810,2899.72,51.510057,7.462443,151.58,7.98,0.10,115.83,1,-97,-8,10,11,31,6,13830157,210
418.04,1547728811,2907.70,51.510029,7.462555,152.09,8.37,0.38,116.20,1,-94,-7,26,11,30,6,13830157,210
419.04,1547728812,2916.06,51.509996,7.462669,152.70,8.61,0.24,116.60,1,-94,-7,26,11,30,6,13830157,210
420.04,1547728813,2924.68,51.509984,7.462794,152.84,8.84,0.23,102.69,1,-90,-7,6,12,35,6,13830157,210
421.04,1547728814,2933.53,51.509972,7.462910,152.63,8.46,-0.38,101.30,1,-90,-7,6,12,35,6,13830157,210
422.04,1547728815,2941.96,51.509960,7.463017,152.47,7.36,-1.11,100.86,1,-101,-11,12,7,29,6,13830157,210
423.04,1547728816,2949.31,51.509947,7.463145,152.77,7.99,0.64,99.72,1,-101,-11,12,7,29,6,13830157,210
424.04,1547728817,2957.35,51.509938,7.463275,153.10,8.06,0.07,98.24,1,-107,-13,4,6,25,6,13830157,210
425.04,1547728818,2965.40,51.509933,7.463399,152.91,7.90,-0.16,97.45,1,-107,-13,4,6,25,6,13830157,210
426.04,1547728819,2973.32,51.509930,7.463513,152.95,7.61,-0.29,94.93,1,-109,-10,3,6,20,6,13830157,210
427.04,1547728820,2980.93,51.509926,7.463621,153.39,7.01,-0.60,93.43,1,-109,-10,3,6,20,6,13830157,210
428.05,1547728821,2987.99,51.509924,7.463730,154.13,6.98,-0.03,92.35,1,-108,-10,4,6,21,6,13830157,210
429.04,1547728822,2994.92,51.509923,7.463840,155.25,6.69,-0.29,91.54,1,-108,-10,4,6,21,6,13830157,210
430.07,1547728823,3001.80,51.509921,7.463925,156.70,5.09,-1.56,93.52,1,-106,-9,8,7,22,6,13830157,210
431.04,1547728824,3006.75,51.509912,7.463987,156.83,3.92,-1.20,106.09,1,-106,-9,8,7,22,6,13830157,210
432.04,1547728825,3010.64,51.509913,7.464048,156.95,3.45,-0.47,88.73,1,-106,-9,8,7,22,6,13830157,210
433.04,1547728826,3014.09,51.509914,7.464160,157.05,3.45,0.00,94.38,1,-108,-13,7,6,25,6,13830157,210
434.04,1547728827,3017.54,51.509914,7.464269,158.31,5.63,2.18,95.28,1,-108,-13,7,6,25,6,13830157,210
435.04,1547728828,3023.18,51.509913,7.464395,158.83,6.61,0.99,93.82,1,-107,-10,4,6,22,6,13830157,210
436.04,1547728829,3029.79,51.509915,7.464523,160.02,8.27,1.66,93.18,1,-107,-10,4,6,22,6,13830157,210
437.04,1547728830,3038.05,51.509918,7.464642,160.54,8.37,0.10,93.11,1,-107,-9,21,7,22,6,13830157,210
438.04,1547728831,3046.42,51.509913,7.464767,161.27,8.51,0.15,95.05,1,-107,-9,21,7,22,6,13830157,210
439.04,1547728832,3054.93,51.509911,7.464875,161.44,6.78,-1.73,95.54,1,-108,-9,1,6,20,6,13830157,210
440.04,1547728833,3061.72,51.509860,7.461944,160.94,6.78,0.00,94.42,1,-108,-9,1,6,20,6,13830157,210
441.04,1547728834,3068.52,51.509902,7.465148,160.27,8.84,2.05,98.17,1,-107,-9,5,7,21,6,13830157,210
442.04,1547728835,3077.35,51.509893,7.465290,159.49,8.62,-0.22,98.71,1,-107,-9,5,7,21,6,13830157,210
443.04,1547728836,3085.97,51.509889,7.465441,159.44,8.38,-0.24,97.87,1,-108,-10,4,6,24,6,13830157,210
444.04,1547728837,3094.35,51.509897,7.465625,158.93,8.38,0.00,97.75,1,-108,-10,4,6,24,6,13830157,210
445.04,1547728838,3102.72,51.509893,7.465779,158.79,9.92,1.54,97.98,1,-107,-8,5,6,21,6,13830157,210
446.04,1547728839,3112.65,51.509888,7.465944,158.49,10.10,0.19,96.65,1,-107,-8,5,6,21,6,13830157,210
447.04,1547728840,3122.76,51.509875,7.466108,158.85,9.61,-0.49,97.81,1,-94,-7,20,12,31,6,13830157,210
448.04,1547728841,3132.37,51.509866,7.466301,158.96,11.72,2.11,96.72,1,-94,-7,20,12,31,6,13830157,210
449.04,1547728842,3144.08,51.509855,7.466506,159.01,11.72,0.00,97.09,1,-103,-7,6,8,23,6,13830157,210
450.04,1547728843,3155.81,51.509861,7.466685,158.92,12.26,0.53,94.31,1,-103,-7,6,8,23,6,13830157,210
