time_s,timestamp_ms,distance_m,latitude,longitude,altitude,velocity_mps,acceleration_mpss,direction,isRegistered,rsrp_dbm,rsrq_db,rssnr_db,cqi,ss,ta,ci,pci
0.06,1547728391,0.01,51.509813,7.467388,153.40,11.96,0.00,92.92,0,-64,-5,0,0,63,0,0,138
1.06,1547728392,12.03,51.509806,7.467577,152.64,12.16,0.00,94.24,0,-64,-5,0,0,63,0,0,138
2.06,1547728393,24.21,51.509794,7.467761,151.88,12.37,0.00,94.91,0,-67,-5,0,0,63,0,0,138
3.06,1547728394,36.57,51.509782,7.467943,150.84,12.36,0.00,95.61,0,-67,-5,0,0,63,0,0,138
4.06,1547728395,48.92,51.509776,7.468124,149.57,12.20,0.00,93.42,0,-71,-5,0,0,63,0,0,138
5.06,1547728396,61.12,51.509773,7.468304,149.31,12.23,0.00,90.97,0,-71,-5,0,0,63,0,0,138
6.06,1547728397,73.37,51.509781,7.468463,149.07,11.62,0.00,87.81,0,-73,-7,0,0,63,0,0,138
7.06,1547728398,84.98,51.509807,7.468615,148.83,11.05,0.00,75.04,0,-73,-7,0,0,63,0,0,138
8.06,1547728399,96.02,51.509837,7.468763,148.30,10.44,0.00,75.23,0,-76,-6,0,0,61,0,0,138
9.06,1547728400,106.47,51.509878,7.468911,148.13,10.44,0.00,78.94,0,-76,-6,0,0,61,0,0,138
10.07,1547728401,116.97,51.509941,7.469062,147.83,11.43,0.00,72.89,0,-101,-10,0,0,41,0,0,324
10.07,1547728401,116.98,51.509941,7.469062,147.83,11.43,0.00,72.89,0,-101,-10,0,0,41,0,0,374
10.07,1547728401,116.99,51.509941,7.469062,147.83,11.43,0.00,72.89,0,-74,-6,0,0,63,0,0,138
11.06,1547728402,128.29,51.510005,7.469206,148.10,11.57,0.00,66.29,0,-101,-10,0,0,41,0,0,324
11.06,1547728402,128.29,51.510005,7.469206,148.10,11.57,0.00,66.29,0,-101,-10,0,0,41,0,0,374
11.06,1547728402,128.31,51.510005,7.469206,148.10,11.57,0.00,66.29,0,-74,-6,0,0,63,0,0,138
14.07,1547728405,163.99,51.510180,7.469665,147.31,12.22,0.00,57.41,0,-98,-11,0,0,44,0,0,372
14.07,1547728405,163.99,51.510180,7.469665,147.31,12.22,0.00,57.41,0,-101,-10,0,0,40,0,0,199
14.07,1547728405,164.00,51.510180,7.469665,147.31,12.22,0.00,57.41,0,-84,-6,0,0,53,0,0,138
15.06,1547728406,176.19,51.510245,7.469816,147.48,12.43,0.00,57.45,0,-98,-11,0,0,44,0,0,372
15.06,1547728406,176.20,51.510245,7.469816,147.48,12.43,0.00,57.45,0,-101,-10,0,0,40,0,0,199
15.07,1547728406,176.21,51.510245,7.469816,147.48,12.43,0.00,57.45,0,-84,-6,0,0,53,0,0,138
16.06,1547728407,188.62,51.510310,7.469979,147.84,13.07,0.00,57.07,0,-98,-11,0,0,44,0,0,372
16.06,1547728407,188.63,51.510310,7.469979,147.84,13.07,0.00,57.07,0,-101,-10,0,0,40,0,0,199
16.07,1547728407,188.64,51.510310,7.469979,147.84,13.07,0.00,57.07,0,-84,-6,0,0,53,0,0,138
17.06,1547728408,201.67,51.510371,7.470149,148.79,12.73,0.00,57.75,0,-87,-8,0,0,51,0,0,138
18.06,1547728409,214.39,51.510435,7.470310,148.63,12.64,0.00,55.47,0,-87,-8,0,0,51,0,0,138
19.06,1547728410,227.04,51.510504,7.470460,148.36,12.94,0.00,54.36,0,-86,-8,0,0,52,0,0,138
20.07,1547728411,240.01,51.510573,7.470633,147.98,13.23,0.00,52.62,0,-86,-8,0,0,52,0,0,138
21.06,1547728412,253.15,51.510651,7.470788,148.05,13.15,0.00,50.00,0,-86,-9,0,0,53,0,0,138
21.06,1547728412,253.17,51.510651,7.470788,148.05,13.15,0.00,50.00,0,-89,-12,0,0,52,0,0,296
22.06,1547728413,266.37,51.510734,7.470930,148.50,12.93,0.00,47.67,0,-86,-9,0,0,53,0,0,138
22.06,1547728413,266.37,51.510734,7.470930,148.50,12.93,0.00,47.67,0,-89,-12,0,0,52,0,0,296
23.06,1547728414,279.26,51.510825,7.471046,148.54,13.41,0.00,45.17,0,-93,-13,0,0,49,0,0,138
23.06,1547728414,279.26,51.510825,7.471046,148.54,13.41,0.00,45.17,0,-93,-13,0,0,49,0,0,152
24.06,1547728415,292.72,51.510918,7.471155,148.01,13.23,0.00,43.34,0,-93,-13,0,0,49,0,0,138
24.07,1547728415,292.73,51.510918,7.471155,148.01,13.23,0.00,43.34,0,-93,-13,0,0,49,0,0,152
25.06,1547728416,305.95,51.511017,7.471261,146.97,13.91,0.00,42.14,0,-90,-11,0,0,51,0,0,152
25.06,1547728416,305.95,51.511017,7.471261,146.97,13.91,0.00,42.14,0,-93,-14,0,0,51,0,0,150
26.06,1547728417,319.83,51.511114,7.471370,146.14,13.67,0.00,41.22,0,-90,-11,0,0,51,0,0,152
26.06,1547728417,319.85,51.511114,7.471370,146.14,13.67,0.00,41.22,0,-93,-14,0,0,51,0,0,150
27.06,1547728418,333.50,51.511218,7.471491,145.82,14.14,0.00,40.49,0,-87,-9,0,0,53,0,0,152
28.06,1547728419,347.64,51.511321,7.471621,145.70,14.21,0.00,39.68,0,-87,-9,0,0,53,0,0,152
29.06,1547728420,361.85,51.511423,7.471734,145.43,13.88,0.00,39.39,0,-87,-9,0,0,54,0,0,152
30.07,1547728421,375.79,51.511526,7.471855,145.27,14.23,0.00,39.33,0,-87,-9,0,0,54,0,0,152
31.06,1547728422,389.95,51.511629,7.471975,144.90,14.16,0.00,39.46,0,-85,-11,0,0,57,0,0,152
31.06,1547728422,389.96,51.511629,7.471975,144.90,14.16,0.00,39.46,0,-86,-12,0,0,57,0,0,150
32.06,1547728423,404.12,51.511732,7.472103,144.78,14.29,0.00,39.69,0,-85,-11,0,0,57,0,0,152
32.06,1547728423,404.13,51.511732,7.472103,144.78,14.29,0.00,39.69,0,-86,-12,0,0,57,0,0,150
33.06,1547728424,418.41,51.511832,7.472228,144.59,14.01,0.00,38.79,0,-87,-11,0,0,55,0,0,152
33.06,1547728424,418.42,51.511832,7.472228,144.59,14.01,0.00,38.79,0,-90,-15,0,0,55,0,0,150
34.06,1547728425,432.40,51.511931,7.472355,144.51,13.78,0.00,39.51,0,-87,-11,0,0,55,0,0,152
34.06,1547728425,432.42,51.511931,7.472355,144.51,13.78,0.00,39.51,0,-90,-15,0,0,55,0,0,150
35.07,1547728426,446.31,51.512032,7.472475,144.58,13.59,0.00,38.21,0,-87,-13,0,0,55,0,0,152
36.06,1547728427,459.79,51.512127,7.472588,144.86,13.07,0.00,35.87,0,-87,-13,0,0,55,0,0,152
37.06,1547728428,472.86,51.512220,7.472683,145.12,12.32,0.00,32.70,0,-87,-13,0,0,55,0,0,152
38.06,1547728429,485.18,51.512319,7.472743,145.74,12.04,0.00,19.66,0,-80,-12,0,0,62,0,0,150
39.06,1547728430,497.21,51.512422,7.472805,147.16,11.97,0.00,16.69,0,-80,-12,0,0,62,0,0,150
40.07,1547728431,509.24,51.512544,7.472854,147.90,13.61,0.00,13.47,0,-83,-11,0,0,59,0,0,150
40.07,1547728431,509.26,51.512544,7.472854,147.90,13.61,0.00,13.47,0,-85,-13,0,0,59,0,0,152
41.06,1547728432,522.77,51.512669,7.472896,149.27,13.61,0.00,14.98,0,-83,-11,0,0,59,0,0,150
41.06,1547728432,522.79,51.512669,7.472896,149.27,13.61,0.00,14.98,0,-85,-13,0,0,59,0,0,152
42.06,1547728433,536.37,51.512808,7.472908,151.00,14.55,0.00,2.77,0,-84,-11,0,0,58,0,0,152
42.06,1547728433,536.39,51.512808,7.472908,151.00,14.55,0.00,2.77,0,-85,-12,0,0,58,0,0,150
43.06,1547728434,550.94,51.512942,7.472909,152.58,14.64,0.00,3.56,0,-84,-11,0,0,58,0,0,152
43.06,1547728434,550.94,51.512942,7.472909,152.58,14.64,0.00,3.56,0,-85,-12,0,0,58,0,0,150
44.06,1547728435,565.56,51.513076,7.472922,154.02,14.35,0.00,3.61,0,-94,-10,0,0,48,0,0,358
44.06,1547728435,565.58,51.513076,7.472922,154.02,14.35,0.00,3.61,0,-80,-11,0,0,61,0,0,152
44.06,1547728435,565.58,51.513076,7.472922,154.02,14.35,0.00,3.61,0,-81,-12,0,0,61,0,0,150
45.07,1547728436,580.00,51.513202,7.472930,155.39,13.60,0.00,3.57,0,-94,-10,0,0,48,0,0,358
45.07,1547728436,580.02,51.513202,7.472930,155.39,13.60,0.00,3.57,0,-80,-11,0,0,61,0,0,152
45.07,1547728436,580.03,51.513202,7.472930,155.39,13.60,0.00,3.57,0,-81,-12,0,0,61,0,0,150
46.06,1547728437,593.53,51.513318,7.472941,156.58,12.30,0.00,3.63,0,-81,-10,0,0,60,0,0,152
46.06,1547728437,593.53,51.513318,7.472941,156.58,12.30,0.00,3.63,0,-82,-11,0,0,60,0,0,150
47.06,1547728438,605.86,51.513420,7.472947,157.54,10.80,0.00,3.67,0,-81,-10,0,0,60,0,0,152
47.06,1547728438,605.87,51.513420,7.472947,157.54,10.80,0.00,3.67,0,-82,-11,0,0,60,0,0,150
48.06,1547728439,616.65,51.513507,7.472952,158.62,9.11,0.00,3.81,0,-97,-8,0,0,42,0,0,324
48.06,1547728439,616.66,51.513507,7.472952,158.62,9.11,0.00,3.81,0,-79,-7,0,0,59,0,0,152
49.06,1547728440,625.77,51.513588,7.472965,160.07,8.81,0.00,4.47,0,-97,-8,0,0,42,0,0,324
49.06,1547728440,625.78,51.513588,7.472965,160.07,8.81,0.00,4.47,0,-79,-7,0,0,59,0,0,152
50.07,1547728441,634.61,51.513657,7.472974,161.45,7.05,0.00,3.93,0,-91,-6,0,0,46,0,0,358
50.07,1547728441,634.61,51.513657,7.472974,161.45,7.05,0.00,3.93,0,-79,-9,0,0,60,0,0,152
51.06,1547728442,641.62,51.513714,7.472982,163.25,5.75,0.00,3.38,0,-91,-6,0,0,46,0,0,358
51.06,1547728442,641.62,51.513714,7.472982,163.25,5.75,0.00,3.38,0,-79,-9,0,0,60,0,0,152
52.06,1547728443,647.35,51.513752,7.472987,163.46,3.75,0.00,3.05,0,-78,-7,0,0,59,0,0,152
53.06,1547728444,651.09,51.513777,7.472987,163.68,1.72,0.00,2.33,0,-78,-7,0,0,59,0,0,152
54.06,1547728445,652.82,51.513777,7.472986,163.81,0.30,0.00,2.33,0,-81,-8,0,0,58,0,0,152
55.06,1547728446,653.12,51.513777,7.472986,163.82,0.00,0.00,2.33,0,-81,-8,0,0,58,0,0,152
56.07,1547728447,653.12,51.513777,7.472986,163.83,0.00,0.00,2.33,0,-81,-7,0,0,57,0,0,152
57.06,1547728448,653.12,51.513777,7.472986,163.84,0.00,0.00,2.33,0,-81,-7,0,0,57,0,0,152
58.06,1547728449,653.12,51.513777,7.472986,163.86,0.00,0.00,2.33,0,-81,-7,0,0,57,0,0,152
59.06,1547728450,653.12,51.513777,7.472986,163.89,0.00,0.00,2.33,0,-81,-7,0,0,57,0,0,152
60.07,1547728451,653.12,51.513777,7.472986,164.24,0.00,0.00,2.33,0,-81,-7,0,0,57,0,0,152
61.06,1547728452,653.12,51.513777,7.472986,164.55,0.00,0.00,2.33,0,-82,-7,0,0,56,0,0,152
62.06,1547728453,653.12,51.513777,7.472986,167.86,0.00,0.00,10.78,0,-82,-7,0,0,56,0,0,152
63.06,1547728454,653.12,51.513918,7.472942,169.66,0.00,0.00,359.78,0,-80,-7,0,0,58,0,0,152
64.06,1547728455,653.12,51.514001,7.472959,169.96,4.94,0.00,3.59,0,-80,-7,0,0,58,0,0,152
65.06,1547728456,658.07,51.514076,7.472950,168.78,6.96,0.00,2.14,0,-79,-7,0,0,59,0,0,152
66.06,1547728457,665.03,51.514150,7.472936,166.66,7.21,0.00,0.91,0,-79,-7,0,0,59,0,0,152
67.06,1547728458,672.24,51.514221,7.472931,164.61,8.17,0.00,1.69,0,-78,-8,0,0,62,0,0,152
68.06,1547728459,680.40,51.514297,7.472927,163.11,8.17,0.00,1.51,0,-78,-8,0,0,62,0,0,152
69.06,1547728460,688.57,51.514374,7.472932,162.01,8.72,0.00,3.19,0,-79,-7,0,0,59,0,0,152
70.07,1547728461,697.32,51.514446,7.472931,160.51,8.44,0.00,4.51,0,-79,-7,0,0,59,0,0,152
71.06,1547728462,705.69,51.514518,7.472944,159.07,7.69,0.00,4.59,0,-78,-7,0,0,60,0,0,152
72.06,1547728463,713.39,51.514582,7.472948,157.43,6.50,0.00,5.09,0,-78,-7,0,0,60,0,0,152
73.06,1547728464,719.91,51.514641,7.472957,155.75,6.24,0.00,5.37,0,-74,-7,0,0,63,0,0,152
74.06,1547728465,726.14,51.514676,7.472964,155.63,3.48,0.00,4.90,0,-74,-7,0,0,63,0,0,152
75.06,1547728466,729.62,51.514703,7.472966,155.52,2.31,0.00,5.98,0,-76,-6,0,0,61,0,0,152
76.06,1547728467,731.93,51.514728,7.472962,155.41,1.83,0.00,5.09,0,-76,-6,0,0,61,0,0,152
77.06,1547728468,733.76,51.514728,7.472962,155.39,0.00,0.00,5.09,0,-74,-6,0,0,63,0,0,152
78.06,1547728469,733.76,51.514728,7.472962,155.38,0.00,0.00,5.09,0,-74,-6,0,0,63,0,0,152
79.07,1547728470,733.76,51.514728,7.472962,155.36,0.00,0.00,5.09,0,-74,-6,0,0,63,0,0,152
80.07,1547728471,733.76,51.514728,7.472962,155.36,0.00,0.00,5.09,0,-74,-6,0,0,63,0,0,152
81.06,1547728472,733.76,51.514728,7.472962,155.35,0.00,0.00,5.09,0,-74,-6,0,0,63,0,0,152
82.06,1547728473,733.76,51.514728,7.472962,155.35,0.00,0.00,5.09,0,-73,-7,0,0,63,0,0,152
83.06,1547728474,733.76,51.514728,7.472962,155.35,0.00,0.00,5.09,0,-73,-7,0,0,63,0,0,152
84.06,1547728475,733.76,51.514728,7.472962,155.35,0.00,0.00,5.09,0,-73,-6,0,0,63,0,0,152
85.06,1547728476,733.76,51.514728,7.472962,155.35,0.00,0.00,5.09,0,-73,-6,0,0,63,0,0,152
86.06,1547728477,733.76,51.514728,7.472962,155.35,0.00,0.00,5.09,0,-74,-8,0,0,63,0,0,152
87.06,1547728478,733.76,51.514728,7.472962,155.35,0.00,0.00,5.09,0,-74,-8,0,0,63,0,0,152
88.06,1547728479,733.76,51.514728,7.472962,155.35,0.00,0.00,5.09,0,-74,-7,0,0,63,0,0,152
89.06,1547728480,733.76,51.514728,7.472962,155.35,0.00,0.00,5.09,0,-74,-7,0,0,63,0,0,152
90.07,1547728481,733.76,51.514728,7.472962,155.35,0.00,0.00,5.09,0,-74,-6,0,0,62,0,0,152
91.06,1547728482,733.76,51.514728,7.472962,155.34,0.00,0.00,5.09,0,-74,-6,0,0,62,0,0,152
92.06,1547728483,733.76,51.514728,7.472962,155.34,0.00,0.00,5.09,0,-74,-6,0,0,62,0,0,152
93.06,1547728484,733.76,51.514728,7.472962,155.33,0.00,0.00,5.09,0,-74,-6,0,0,62,0,0,152
94.06,1547728485,733.76,51.514728,7.472962,155.32,0.00,0.00,5.09,0,-74,-7,0,0,63,0,0,152
95.06,1547728486,733.76,51.514728,7.472962,155.31,0.00,0.00,5.09,0,-74,-7,0,0,63,0,0,152
96.06,1547728487,733.76,51.514728,7.472962,155.29,0.00,0.00,5.09,0,-74,-6,0,0,63,0,0,152
97.06,1547728488,733.76,51.514728,7.472962,155.27,0.00,0.00,5.09,0,-74,-6,0,0,63,0,0,152
98.06,1547728489,733.76,51.514728,7.472962,155.24,0.00,0.00,5.09,0,-74,-6,0,0,63,0,0,152
99.06,1547728490,733.76,51.514728,7.472962,155.22,0.00,0.00,5.09,0,-74,-6,0,0,63,0,0,152
100.07,1547728491,733.76,51.514728,7.472962,155.19,0.00,0.00,5.09,0,-74,-7,0,0,63,0,0,152
101.06,1547728492,733.76,51.514728,7.472962,155.16,0.00,0.00,5.09,0,-74,-7,0,0,63,0,0,152
102.06,1547728493,733.76,51.514728,7.472962,155.12,0.00,0.00,5.09,0,-74,-7,0,0,63,0,0,152
103.06,1547728494,733.76,51.514728,7.472962,155.08,0.00,0.00,5.09,0,-74,-6,0,0,63,0,0,152
104.06,1547728495,733.76,51.514728,7.472962,155.03,0.00,0.00,5.09,0,-74,-6,0,0,63,0,0,152
105.06,1547728496,733.76,51.514728,7.472962,155.00,0.00,0.00,5.09,0,-74,-8,0,0,63,0,0,152
106.06,1547728497,733.76,51.513635,7.472900,154.96,0.00,0.00,5.09,0,-74,-8,0,0,63,0,0,152
107.06,1547728498,733.76,51.514728,7.472962,154.92,0.00,0.00,5.09,0,-74,-6,0,0,62,0,0,152
108.06,1547728499,733.76,51.514728,7.472962,154.88,0.00,0.00,5.09,0,-74,-6,0,0,62,0,0,152
109.06,1547728500,733.76,51.514728,7.472962,154.83,0.00,0.00,5.09,0,-74,-6,0,0,63,0,0,152
110.07,1547728501,733.76,51.514728,7.472962,154.79,0.00,0.00,5.09,0,-74,-6,0,0,63,0,0,152
111.07,1547728502,733.76,51.514728,7.472962,154.75,0.00,0.00,5.09,0,-73,-6,0,0,63,0,0,152
112.06,1547728503,733.76,51.514728,7.472962,154.70,0.00,0.00,5.09,0,-73,-6,0,0,63,0,0,152
113.06,1547728504,733.76,51.514728,7.472962,154.65,0.00,0.00,5.09,0,-74,-6,0,0,63,0,0,152
114.06,1547728505,733.76,51.514728,7.472962,154.60,0.00,0.00,5.09,0,-74,-6,0,0,63,0,0,152
115.06,1547728506,733.76,51.514728,7.472962,154.55,0.00,0.00,5.09,0,-74,-6,0,0,63,0,0,152
116.06,1547728507,733.76,51.514728,7.472962,154.50,0.00,0.00,5.09,0,-74,-6,0,0,63,0,0,152
117.06,1547728508,733.76,51.514728,7.472962,154.46,0.00,0.00,5.09,0,-74,-7,0,0,63,0,0,152
118.06,1547728509,733.76,51.514728,7.472962,154.41,0.00,0.00,5.09,0,-74,-7,0,0,63,0,0,152
119.06,1547728510,733.76,51.514728,7.472962,154.37,0.00,0.00,5.09,0,-74,-6,0,0,62,0,0,152
120.07,1547728511,733.76,51.514728,7.472962,154.33,0.00,0.00,5.09,0,-74,-6,0,0,62,0,0,152
121.07,1547728512,733.76,51.514728,7.472962,154.30,0.00,0.00,5.09,0,-74,-6,0,0,62,0,0,152
122.06,1547728513,733.76,51.514728,7.472962,154.28,0.00,0.00,5.09,0,-74,-6,0,0,62,0,0,152
123.06,1547728514,733.76,51.514728,7.472962,154.26,0.00,0.00,5.09,0,-74,-6,0,0,62,0,0,152
124.06,1547728515,733.76,51.514728,7.472962,154.25,0.00,0.00,5.09,0,-74,-6,0,0,63,0,0,152
125.06,1547728516,733.76,51.514728,7.472962,154.25,0.00,0.00,5.09,0,-74,-6,0,0,63,0,0,152
126.07,1547728517,733.76,51.514728,7.472962,154.25,0.00,0.00,5.09,0,-74,-6,0,0,62,0,0,152
127.06,1547728518,733.76,51.514728,7.472962,154.24,0.00,0.00,5.09,0,-74,-6,0,0,62,0,0,152
128.06,1547728519,733.76,51.514728,7.472962,154.24,0.00,0.00,5.09,0,-74,-6,0,0,62,0,0,152
129.06,1547728520,733.76,51.514728,7.472962,154.26,0.00,0.00,5.09,0,-74,-6,0,0,62,0,0,152
130.07,1547728521,733.76,51.514728,7.472962,154.28,0.00,0.00,5.09,0,-76,-5,0,0,60,0,0,152
131.06,1547728522,733.76,51.514728,7.472962,154.43,0.00,0.00,356.39,0,-76,-5,0,0,60,0,0,152
132.06,1547728523,733.76,51.514728,7.472962,156.58,0.00,0.00,358.83,0,-74,-6,0,0,63,0,0,152
133.06,1547728524,733.76,51.514844,7.472952,157.71,6.20,0.00,0.59,0,-74,-6,0,0,63,0,0,152
134.06,1547728525,739.97,51.514909,7.472952,157.70,7.12,0.00,1.39,0,-75,-7,0,0,62,0,0,152
135.06,1547728526,747.12,51.514977,7.472965,157.05,7.64,0.00,1.59,0,-75,-7,0,0,62,0,0,152
136.06,1547728527,754.76,51.515044,7.472960,157.15,8.09,0.00,1.71,0,-82,-8,0,0,57,0,0,152
137.06,1547728528,762.86,51.515110,7.472959,157.90,8.62,0.00,1.11,0,-82,-8,0,0,57,0,0,152
138.06,1547728529,771.46,51.515188,7.472966,157.78,9.07,0.00,359.85,0,-85,-9,0,0,55,0,0,152
139.06,1547728530,780.53,51.515267,7.472963,156.77,8.93,0.00,357.94,0,-85,-9,0,0,55,0,0,152
140.07,1547728531,789.51,51.515350,7.472951,155.13,9.26,0.00,355.02,0,-85,-8,0,0,54,0,0,152
141.06,1547728532,798.73,51.515443,7.472931,153.30,10.84,0.00,352.68,0,-85,-8,0,0,54,0,0,152
142.06,1547728533,809.59,51.515530,7.472909,151.23,10.05,0.00,349.80,0,-97,-11,0,0,47,0,0,372
142.06,1547728533,809.60,51.515530,7.472909,151.23,10.05,0.00,349.80,0,-86,-8,0,0,52,0,0,152
143.06,1547728534,819.59,51.515611,7.472851,149.77,9.46,0.00,333.39,0,-97,-11,0,0,47,0,0,372
143.06,1547728534,819.59,51.515611,7.472851,149.77,9.46,0.00,333.39,0,-86,-8,0,0,52,0,0,152
144.06,1547728535,829.08,51.515702,7.472778,147.64,11.65,0.00,333.95,0,-97,-11,0,0,47,0,0,372
144.06,1547728535,829.09,51.515702,7.472778,147.64,11.65,0.00,333.95,0,-86,-8,0,0,52,0,0,152
145.07,1547728536,840.88,51.515797,7.472704,144.95,12.11,0.00,333.57,0,-96,-11,0,0,47,0,0,372
145.07,1547728536,840.89,51.515797,7.472704,144.95,12.11,0.00,333.57,0,-83,-9,0,0,56,0,0,152
146.06,1547728537,852.80,51.514663,7.472330,141.41,12.36,0.00,332.22,0,-96,-11,0,0,47,0,0,372
146.06,1547728537,852.82,51.514663,7.472330,141.41,12.36,0.00,332.22,0,-83,-9,0,0,56,0,0,152
147.06,1547728538,865.24,51.515992,7.472533,138.21,12.78,0.00,329.71,0,-98,-8,0,0,43,0,0,372
147.06,1547728538,865.24,51.515992,7.472533,138.21,12.78,0.00,329.71,0,-88,-8,0,0,51,0,0,152
147.07,1547728538,865.25,51.515992,7.472533,138.21,12.78,0.00,329.71,0,-92,-13,0,0,51,0,0,151
148.06,1547728539,878.01,51.516088,7.472422,135.59,12.84,0.00,326.44,0,-98,-8,0,0,43,0,0,372
148.06,1547728539,878.02,51.516088,7.472422,135.59,12.84,0.00,326.44,0,-88,-8,0,0,51,0,0,152
148.07,1547728539,878.03,51.516088,7.472422,135.59,12.84,0.00,326.44,0,-92,-13,0,0,51,0,0,151
149.06,1547728540,890.85,51.516168,7.472282,133.37,12.96,0.00,313.83,0,-98,-7,0,0,41,0,0,372
149.06,1547728540,890.86,51.516168,7.472282,133.37,12.96,0.00,313.83,0,-89,-9,0,0,51,0,0,152
149.07,1547728540,890.88,51.516168,7.472282,133.37,12.96,0.00,313.83,0,-92,-12,0,0,51,0,0,151
150.07,1547728541,903.86,51.516247,7.472150,132.04,12.77,0.00,312.92,0,-98,-7,0,0,41,0,0,372
150.07,1547728541,903.86,51.516247,7.472150,132.04,12.77,0.00,312.92,0,-89,-9,0,0,51,0,0,152
150.07,1547728541,903.88,51.516247,7.472150,132.04,12.77,0.00,312.92,0,-92,-12,0,0,51,0,0,151
151.06,1547728542,916.52,51.516321,7.471997,130.68,12.77,0.00,313.83,0,-101,-9,0,0,41,0,0,372
151.06,1547728542,916.53,51.516321,7.471997,130.68,12.77,0.00,313.83,0,-85,-10,0,0,55,0,0,152
151.06,1547728542,916.53,51.516321,7.471997,130.68,12.77,0.00,313.83,0,-86,-10,0,0,54,0,0,151
152.06,1547728543,929.28,51.516386,7.471830,130.32,12.69,0.00,309.64,0,-101,-9,0,0,41,0,0,372
152.06,1547728543,929.30,51.516386,7.471830,130.32,12.69,0.00,309.64,0,-85,-10,0,0,55,0,0,152
152.06,1547728543,929.30,51.516386,7.471830,130.32,12.69,0.00,309.64,0,-86,-10,0,0,54,0,0,151
153.06,1547728544,941.97,51.516439,7.471667,129.87,12.64,0.00,295.46,0,-83,-7,0,0,55,0,0,151
153.06,1547728544,941.98,51.516439,7.471667,129.87,12.64,0.00,295.46,0,-88,-12,0,0,55,0,0,152
154.06,1547728545,954.67,51.516488,7.471500,128.86,12.96,0.00,294.95,0,-83,-7,0,0,55,0,0,151
154.06,1547728545,954.68,51.516488,7.471500,128.86,12.96,0.00,294.95,0,-88,-12,0,0,55,0,0,152
155.06,1547728546,967.63,51.516533,7.471342,127.94,12.49,0.00,294.06,0,-83,-6,0,0,54,0,0,151
155.06,1547728546,967.64,51.516533,7.471342,127.94,12.49,0.00,294.06,0,-90,-14,0,0,54,0,0,152
156.06,1547728547,980.12,51.516577,7.471178,127.81,12.81,0.00,293.87,0,-83,-6,0,0,54,0,0,151
156.06,1547728547,980.13,51.516577,7.471178,127.81,12.81,0.00,293.87,0,-90,-14,0,0,54,0,0,152
157.06,1547728548,992.94,51.516619,7.471016,128.01,12.59,0.00,294.25,0,-99,-7,0,0,40,0,0,372
157.06,1547728548,992.94,51.516619,7.471016,128.01,12.59,0.00,294.25,0,-81,-7,0,0,57,0,0,151
157.06,1547728548,992.95,51.516619,7.471016,128.01,12.59,0.00,294.25,0,-87,-13,0,0,59,0,0,152
158.06,1547728549,1005.52,51.516663,7.470862,128.02,11.92,0.00,294.72,0,-99,-7,0,0,40,0,0,372
158.06,1547728549,1005.53,51.516663,7.470862,128.02,11.92,0.00,294.72,0,-81,-7,0,0,57,0,0,151
158.06,1547728549,1005.54,51.516663,7.470862,128.02,11.92,0.00,294.72,0,-87,-13,0,0,59,0,0,152
159.06,1547728550,1017.44,51.516708,7.470706,128.37,12.18,0.00,295.25,0,-97,-8,0,0,43,0,0,372
159.06,1547728550,1017.45,51.516708,7.470706,128.37,12.18,0.00,295.25,0,-88,-8,0,0,50,0,0,151
159.06,1547728550,1017.46,51.516708,7.470706,128.37,12.18,0.00,295.25,0,-93,-12,0,0,50,0,0,152
160.07,1547728551,1029.67,51.516749,7.470556,129.44,11.75,0.00,294.81,0,-97,-8,0,0,43,0,0,372
160.07,1547728551,1029.67,51.516749,7.470556,129.44,11.75,0.00,294.81,0,-88,-8,0,0,50,0,0,151
160.07,1547728551,1029.69,51.516749,7.470556,129.44,11.75,0.00,294.81,0,-93,-12,0,0,50,0,0,152
161.06,1547728552,1041.33,51.516796,7.470389,130.75,12.32,0.00,295.27,0,-92,-12,0,0,50,0,0,152
161.06,1547728552,1041.34,51.516796,7.470389,130.75,12.32,0.00,295.27,0,-92,-11,0,0,50,0,0,151
162.06,1547728553,1053.65,51.516844,7.470217,132.09,12.68,0.00,294.68,0,-92,-12,0,0,50,0,0,152
162.06,1547728553,1053.66,51.516844,7.470217,132.09,12.68,0.00,294.68,0,-92,-11,0,0,50,0,0,151
163.07,1547728554,1066.46,51.516891,7.470036,132.09,12.80,0.00,293.28,0,-97,-10,0,0,45,0,0,372
163.07,1547728554,1066.46,51.516891,7.470036,132.09,12.80,0.00,293.28,0,-94,-11,0,0,48,0,0,295
163.07,1547728554,1066.47,51.516891,7.470036,132.09,12.80,0.00,293.28,0,-94,-12,0,0,48,0,0,151
164.06,1547728555,1079.15,51.516935,7.469855,131.90,12.76,0.00,292.85,0,-97,-10,0,0,45,0,0,372
164.06,1547728555,1079.15,51.516935,7.469855,131.90,12.76,0.00,292.85,0,-94,-11,0,0,48,0,0,295
164.06,1547728555,1079.17,51.516935,7.469855,131.90,12.76,0.00,292.85,0,-94,-12,0,0,48,0,0,151
165.06,1547728556,1091.95,51.516974,7.469682,131.45,11.90,0.00,291.90,0,-97,-10,0,0,45,0,0,372
165.07,1547728556,1091.96,51.516974,7.469682,131.45,11.90,0.00,291.90,0,-94,-11,0,0,48,0,0,295
165.07,1547728556,1091.96,51.516974,7.469682,131.45,11.90,0.00,291.90,0,-94,-12,0,0,48,0,0,151
166.06,1547728557,1103.82,51.517005,7.469485,131.26,12.47,0.00,290.24,0,-88,-7,0,0,50,0,0,295
167.06,1547728558,1116.28,51.517042,7.469288,131.49,13.22,0.00,289.34,0,-88,-7,0,0,50,0,0,295
168.06,1547728559,1129.53,51.517081,7.469089,131.67,13.49,0.00,288.52,0,-98,-6,0,0,40,0,0,372
168.06,1547728559,1129.53,51.517081,7.469089,131.67,13.49,0.00,288.52,0,-91,-8,0,0,47,0,0,295
168.06,1547728559,1129.54,51.517081,7.469089,131.67,13.49,0.00,288.52,0,-96,-11,0,0,46,0,0,151
169.06,1547728560,1143.02,51.517121,7.468897,132.06,13.58,0.00,287.74,0,-98,-6,0,0,40,0,0,372
169.06,1547728560,1143.02,51.517121,7.468897,132.06,13.58,0.00,287.74,0,-91,-8,0,0,47,0,0,295
169.06,1547728560,1143.03,51.517121,7.468897,132.06,13.58,0.00,287.74,0,-96,-11,0,0,46,0,0,151
170.07,1547728561,1156.65,51.517159,7.468730,132.10,12.46,0.00,287.96,0,-97,-7,0,0,41,0,0,372
170.07,1547728561,1156.66,51.517159,7.468730,132.10,12.46,0.00,287.96,0,-89,-8,0,0,50,0,0,295
170.07,1547728561,1156.67,51.517159,7.468730,132.10,12.46,0.00,287.96,0,-93,-11,0,0,50,0,0,151
171.06,1547728562,1169.04,51.517197,7.468571,131.93,11.44,0.00,288.80,0,-97,-7,0,0,41,0,0,372
171.06,1547728562,1169.04,51.517197,7.468571,131.93,11.44,0.00,288.80,0,-89,-8,0,0,50,0,0,295
171.06,1547728562,1169.04,51.517197,7.468571,131.93,11.44,0.00,288.80,0,-93,-11,0,0,50,0,0,151
172.06,1547728563,1180.45,51.517237,7.468425,131.65,10.35,0.00,290.00,0,-92,-10,0,0,49,0,0,295
172.06,1547728563,1180.46,51.517237,7.468425,131.65,10.35,0.00,290.00,0,-95,-12,0,0,48,0,0,151
173.06,1547728564,1190.81,51.517271,7.468288,131.91,10.08,0.00,290.69,0,-92,-10,0,0,49,0,0,295
173.06,1547728564,1190.81,51.517271,7.468288,131.91,10.08,0.00,290.69,0,-95,-12,0,0,48,0,0,151
174.06,1547728565,1200.93,51.517296,7.468155,132.69,10.08,0.00,289.61,0,-95,-10,0,0,45,0,0,151
174.06,1547728565,1200.93,51.517296,7.468155,132.69,10.08,0.00,289.61,0,-96,-12,0,0,48,0,0,273
175.06,1547728566,1210.99,51.517329,7.468018,133.92,10.55,0.00,293.04,0,-95,-10,0,0,45,0,0,151
175.06,1547728566,1211.00,51.517329,7.468018,133.92,10.55,0.00,293.04,0,-96,-12,0,0,48,0,0,273
176.06,1547728567,1221.54,51.517367,7.467886,135.39,10.13,0.00,297.04,0,-90,-8,0,0,48,0,0,146
176.06,1547728567,1221.55,51.517367,7.467886,135.39,10.13,0.00,297.04,0,-96,-11,0,0,45,0,0,151
177.06,1547728568,1231.67,51.517406,7.467748,136.62,9.90,0.00,297.61,0,-90,-8,0,0,48,0,0,146
177.06,1547728568,1231.68,51.517406,7.467748,136.62,9.90,0.00,297.61,0,-96,-11,0,0,45,0,0,151
178.06,1547728569,1241.56,51.517452,7.467601,137.48,10.33,0.00,298.17,0,-93,-9,0,0,47,0,0,146
178.06,1547728569,1241.57,51.517452,7.467601,137.48,10.33,0.00,298.17,0,-94,-10,0,0,46,0,0,151
179.06,1547728570,1251.90,51.517499,7.467445,138.14,11.02,0.00,297.80,0,-93,-9,0,0,47,0,0,146
179.06,1547728570,1251.90,51.517499,7.467445,138.14,11.02,0.00,297.80,0,-94,-10,0,0,46,0,0,151
180.07,1547728571,1262.95,51.517548,7.467300,137.65,11.24,0.00,297.24,0,-95,-11,0,0,47,0,0,151
180.07,1547728571,1262.97,51.517548,7.467300,137.65,11.24,0.00,297.24,0,-96,-11,0,0,46,0,0,146
181.07,1547728572,1274.18,51.517593,7.467156,137.94,10.67,0.00,296.83,0,-95,-11,0,0,47,0,0,151
181.07,1547728572,1274.19,51.517593,7.467156,137.94,10.67,0.00,296.83,0,-96,-11,0,0,46,0,0,146
182.06,1547728573,1284.80,51.517640,7.467022,138.18,10.95,0.00,295.27,0,-95,-10,0,0,46,0,0,146
182.06,1547728573,1284.81,51.517640,7.467022,138.18,10.95,0.00,295.27,0,-98,-11,0,0,45,0,0,151
183.06,1547728574,1295.75,51.517682,7.466886,138.20,10.92,0.00,292.41,0,-95,-10,0,0,46,0,0,146
183.06,1547728574,1295.76,51.517682,7.466886,138.20,10.92,0.00,292.41,0,-98,-11,0,0,45,0,0,151
184.07,1547728575,1306.80,51.517716,7.466735,137.59,10.86,0.00,290.51,0,-101,-11,0,0,41,0,0,470
184.07,1547728575,1306.81,51.517716,7.466735,137.59,10.86,0.00,290.51,0,-95,-10,0,0,46,0,0,146
184.07,1547728575,1306.81,51.517716,7.466735,137.59,10.86,0.00,290.51,0,-96,-12,0,0,46,0,0,151
185.06,1547728576,1317.56,51.517746,7.466580,136.99,10.39,0.00,288.85,0,-101,-11,0,0,41,0,0,470
185.06,1547728576,1317.57,51.517746,7.466580,136.99,10.39,0.00,288.85,0,-95,-10,0,0,46,0,0,146
185.07,1547728576,1317.58,51.517746,7.466580,136.99,10.39,0.00,288.85,0,-96,-12,0,0,46,0,0,151
186.06,1547728577,1327.95,51.517771,7.466434,136.39,10.25,0.00,287.33,0,-101,-11,0,0,41,0,0,470
186.06,1547728577,1327.96,51.517771,7.466434,136.39,10.25,0.00,287.33,0,-95,-10,0,0,46,0,0,146
186.06,1547728577,1327.96,51.517771,7.466434,136.39,10.25,0.00,287.33,0,-96,-12,0,0,46,0,0,151
187.07,1547728578,1338.23,51.517794,7.466286,135.52,10.24,0.00,285.87,0,-100,-9,0,0,41,0,0,470
187.07,1547728578,1338.24,51.517794,7.466286,135.52,10.24,0.00,285.87,0,-102,-10,0,0,40,0,0,201
187.07,1547728578,1338.24,51.517794,7.466286,135.52,10.24,0.00,285.87,0,-104,-12,0,0,39,0,0,331
187.07,1547728578,1338.25,51.517794,7.466286,135.52,10.24,0.00,285.87,0,-94,-12,0,0,48,0,0,146
187.07,1547728578,1338.26,51.517794,7.466286,135.52,10.24,0.00,285.87,0,-97,-15,0,0,48,0,0,151
188.07,1547728579,1348.47,51.517814,7.466144,134.88,10.48,0.00,284.57,0,-100,-9,0,0,41,0,0,470
188.07,1547728579,1348.47,51.517814,7.466144,134.88,10.48,0.00,284.57,0,-102,-10,0,0,40,0,0,201
188.07,1547728579,1348.48,51.517814,7.466144,134.88,10.48,0.00,284.57,0,-104,-12,0,0,39,0,0,331
188.07,1547728579,1348.49,51.517814,7.466144,134.88,10.48,0.00,284.57,0,-94,-12,0,0,48,0,0,146
188.07,1547728579,1348.49,51.517814,7.466144,134.88,10.48,0.00,284.57,0,-97,-15,0,0,48,0,0,151
191.06,1547728582,1380.45,51.517847,7.465639,135.12,10.66,0.00,279.32,0,-98,-10,0,0,43,0,0,358
191.07,1547728582,1380.46,51.517847,7.465639,135.12,10.66,0.00,279.32,0,-85,-7,0,0,52,0,0,189
192.06,1547728583,1391.06,51.517850,7.465476,135.65,10.64,0.00,277.22,0,-98,-10,0,0,43,0,0,358
192.06,1547728583,1391.06,51.517850,7.465476,135.65,10.64,0.00,277.22,0,-85,-7,0,0,52,0,0,189
193.06,1547728584,1401.68,51.517848,7.465323,135.84,10.09,0.00,275.25,0,-92,-8,0,0,47,0,0,189
193.06,1547728584,1401.69,51.517848,7.465323,135.84,10.09,0.00,275.25,0,-99,-13,0,0,45,0,0,151
194.06,1547728585,1411.81,51.517848,7.465176,135.88,10.38,0.00,273.27,0,-92,-8,0,0,47,0,0,189
194.06,1547728585,1411.82,51.517848,7.465176,135.88,10.38,0.00,273.27,0,-99,-13,0,0,45,0,0,151
195.06,1547728586,1422.21,51.517846,7.465032,135.80,10.51,0.00,271.30,0,-97,-9,0,0,44,0,0,443
195.06,1547728586,1422.22,51.517846,7.465032,135.80,10.51,0.00,271.30,0,-100,-11,0,0,42,0,0,358
195.07,1547728586,1422.23,51.517846,7.465032,135.80,10.51,0.00,271.30,0,-100,-13,0,0,44,0,0,24
195.07,1547728586,1422.23,51.517846,7.465032,135.80,10.51,0.00,271.30,0,-87,-7,0,0,51,0,0,189
196.06,1547728587,1432.72,51.517842,7.464888,135.02,10.57,0.00,269.29,0,-97,-9,0,0,44,0,0,443
196.07,1547728587,1432.73,51.517842,7.464888,135.02,10.57,0.00,269.29,0,-100,-11,0,0,42,0,0,358
196.07,1547728587,1432.73,51.517842,7.464888,135.02,10.57,0.00,269.29,0,-100,-13,0,0,44,0,0,24
196.07,1547728587,1432.74,51.517842,7.464888,135.02,10.57,0.00,269.29,0,-87,-7,0,0,51,0,0,189
199.06,1547728590,1465.00,51.517807,7.464436,130.95,11.17,0.00,263.08,0,-95,-11,0,0,48,0,0,470
199.07,1547728590,1465.01,51.517807,7.464436,130.95,11.17,0.00,263.08,0,-98,-13,0,0,46,0,0,443
199.07,1547728590,1465.01,51.517807,7.464436,130.95,11.17,0.00,263.08,0,-100,-13,0,0,45,0,0,331
199.07,1547728590,1465.03,51.517807,7.464436,130.95,11.17,0.00,263.08,0,-90,-9,0,0,50,0,0,189
200.07,1547728591,1476.22,51.517789,7.464283,129.65,10.77,0.00,261.15,0,-95,-11,0,0,48,0,0,470
200.07,1547728591,1476.22,51.517789,7.464283,129.65,10.77,0.00,261.15,0,-98,-13,0,0,46,0,0,443
200.07,1547728591,1476.23,51.517789,7.464283,129.65,10.77,0.00,261.15,0,-100,-13,0,0,45,0,0,331
200.07,1547728591,1476.24,51.517789,7.464283,129.65,10.77,0.00,261.15,0,-90,-9,0,0,50,0,0,189
201.06,1547728592,1486.87,51.517764,7.464122,128.31,11.29,0.00,258.67,0,-94,-10,0,0,48,0,0,443
201.06,1547728592,1486.89,51.517764,7.464122,128.31,11.29,0.00,258.67,0,-93,-9,0,0,47,0,0,189
201.06,1547728592,1486.89,51.517764,7.464122,128.31,11.29,0.00,258.67,0,-97,-12,0,0,46,0,0,151
202.06,1547728593,1498.16,51.517732,7.463951,126.89,12.05,0.00,256.62,0,-94,-10,0,0,48,0,0,443
202.06,1547728593,1498.17,51.517732,7.463951,126.89,12.05,0.00,256.62,0,-93,-9,0,0,47,0,0,189
202.06,1547728593,1498.17,51.517732,7.463951,126.89,12.05,0.00,256.62,0,-97,-12,0,0,46,0,0,151
203.07,1547728594,1510.31,51.517694,7.463778,125.90,12.41,0.00,254.59,0,-91,-12,0,0,52,0,0,443
203.07,1547728594,1510.31,51.517694,7.463778,125.90,12.41,0.00,254.59,0,-92,-9,0,0,49,0,0,141
203.07,1547728594,1510.33,51.517694,7.463778,125.90,12.41,0.00,254.59,0,-95,-12,0,0,49,0,0,189
204.07,1547728595,1522.72,51.517654,7.463605,125.70,12.51,0.00,252.88,0,-91,-12,0,0,52,0,0,443
204.07,1547728595,1522.73,51.517654,7.463605,125.70,12.51,0.00,252.88,0,-92,-9,0,0,49,0,0,141
204.07,1547728595,1522.74,51.517654,7.463605,125.70,12.51,0.00,252.88,0,-95,-12,0,0,49,0,0,189
205.07,1547728596,1535.30,51.517611,7.463439,125.78,12.40,0.00,251.39,0,-86,-11,0,0,56,0,0,443
205.07,1547728596,1535.32,51.517611,7.463439,125.78,12.40,0.00,251.39,0,-94,-11,0,0,48,0,0,141
205.07,1547728596,1535.32,51.517611,7.463439,125.78,12.40,0.00,251.39,0,-97,-13,0,0,47,0,0,189
206.06,1547728597,1547.56,51.516639,7.451707,127.42,11.84,0.00,249.93,0,-86,-11,0,0,56,0,0,443
206.06,1547728597,1547.56,51.516639,7.451707,127.42,11.84,0.00,249.93,0,-94,-11,0,0,48,0,0,141
206.06,1547728597,1547.58,51.516639,7.451707,127.42,11.84,0.00,249.93,0,-97,-13,0,0,47,0,0,189
207.06,1547728598,1559.45,51.517526,7.463145,128.50,11.51,0.00,248.98,0,-86,-11,0,0,56,0,0,443
207.07,1547728598,1559.46,51.517526,7.463145,128.50,11.51,0.00,248.98,0,-94,-11,0,0,48,0,0,141
207.07,1547728598,1559.46,51.517526,7.463145,128.50,11.51,0.00,248.98,0,-97,-13,0,0,47,0,0,189
208.06,1547728599,1570.94,51.517487,7.463003,129.32,11.16,0.00,248.49,0,-86,-8,0,0,54,0,0,443
208.06,1547728599,1570.94,51.517487,7.463003,129.32,11.16,0.00,248.49,0,-92,-9,0,0,48,0,0,141
208.06,1547728599,1570.95,51.517487,7.463003,129.32,11.16,0.00,248.49,0,-94,-11,0,0,48,0,0,189
209.06,1547728600,1582.09,51.517442,7.462873,131.39,10.63,0.00,248.11,0,-86,-8,0,0,54,0,0,443
209.06,1547728600,1582.10,51.517442,7.462873,131.39,10.63,0.00,248.11,0,-92,-9,0,0,48,0,0,141
209.06,1547728600,1582.11,51.517442,7.462873,131.39,10.63,0.00,248.11,0,-94,-11,0,0,48,0,0,189
210.07,1547728601,1592.77,51.517397,7.462721,133.72,11.36,0.00,248.07,0,-88,-7,0,0,51,0,0,443
210.07,1547728601,1592.78,51.517397,7.462721,133.72,11.36,0.00,248.07,0,-90,-9,0,0,50,0,0,141
210.07,1547728601,1592.78,51.517397,7.462721,133.72,11.36,0.00,248.07,0,-93,-11,0,0,49,0,0,189
211.06,1547728602,1604.09,51.517359,7.462578,134.92,10.50,0.00,248.66,0,-88,-7,0,0,51,0,0,443
211.07,1547728602,1604.10,51.517359,7.462578,134.92,10.50,0.00,248.66,0,-90,-9,0,0,50,0,0,141
211.07,1547728602,1604.15,51.517359,7.462578,134.92,10.50,0.00,248.66,0,-93,-11,0,0,49,0,0,189
212.06,1547728603,1614.53,51.517330,7.462450,135.51,9.54,0.00,248.24,0,-89,-10,0,0,52,0,0,189
212.06,1547728603,1614.54,51.517330,7.462450,135.51,9.54,0.00,248.24,0,-92,-12,0,0,52,0,0,274
213.06,1547728604,1624.06,51.517306,7.462324,136.33,9.33,0.00,250.02,0,-89,-10,0,0,52,0,0,189
213.06,1547728604,1624.07,51.517306,7.462324,136.33,9.33,0.00,250.02,0,-92,-12,0,0,52,0,0,274
214.06,1547728605,1633.46,51.517275,7.462185,137.13,9.98,0.00,249.59,0,-87,-9,0,0,53,0,0,274
214.06,1547728605,1633.47,51.517275,7.462185,137.13,9.98,0.00,249.59,0,-88,-11,0,0,54,0,0,189
215.06,1547728606,1643.41,51.517243,7.462033,137.86,10.55,0.00,250.30,0,-87,-9,0,0,53,0,0,274
215.06,1547728606,1643.42,51.517243,7.462033,137.86,10.55,0.00,250.30,0,-88,-11,0,0,54,0,0,189
216.06,1547728607,1653.98,51.517200,7.461859,138.18,12.28,0.00,250.53,0,-89,-11,0,0,54,0,0,331
216.06,1547728607,1653.98,51.517200,7.461859,138.18,12.28,0.00,250.53,0,-83,-8,0,0,57,0,0,274
216.06,1547728607,1653.99,51.517200,7.461859,138.18,12.28,0.00,250.53,0,-87,-11,0,0,55,0,0,189
217.06,1547728608,1666.26,51.517162,7.461672,137.90,12.53,0.00,251.32,0,-89,-11,0,0,54,0,0,331
217.06,1547728608,1666.26,51.517162,7.461672,137.90,12.53,0.00,251.32,0,-83,-8,0,0,57,0,0,274
217.06,1547728608,1666.27,51.517162,7.461672,137.90,12.53,0.00,251.32,0,-87,-11,0,0,55,0,0,189
218.06,1547728609,1678.78,51.517121,7.461494,137.97,12.31,0.00,252.16,0,-79,-8,0,0,59,0,0,274
218.06,1547728609,1678.79,51.517121,7.461494,137.97,12.31,0.00,252.16,0,-79,-7,0,0,59,0,0,189
219.06,1547728610,1691.07,51.517083,7.461317,137.89,13.03,0.00,253.02,0,-79,-8,0,0,59,0,0,274
219.06,1547728610,1691.09,51.517083,7.461317,137.89,13.03,0.00,253.02,0,-79,-7,0,0,59,0,0,189
220.07,1547728611,1704.17,51.517044,7.461140,136.99,12.97,0.00,253.55,0,-80,-8,0,0,60,0,0,331
220.07,1547728611,1704.18,51.517044,7.461140,136.99,12.97,0.00,253.55,0,-73,-6,0,0,63,0,0,274
221.06,1547728612,1717.09,51.517003,7.460947,135.91,13.77,0.00,252.74,0,-80,-8,0,0,60,0,0,331
221.06,1547728612,1717.10,51.517003,7.460947,135.91,13.77,0.00,252.74,0,-73,-6,0,0,63,0,0,274
222.06,1547728613,1730.80,51.516966,7.460760,134.14,13.68,0.00,252.02,0,-88,-9,0,0,53,0,0,331
222.06,1547728613,1730.82,51.516966,7.460760,134.14,13.68,0.00,252.02,0,-71,-9,0,0,63,0,0,274
223.06,1547728614,1744.50,51.516927,7.460567,132.55,13.58,0.00,251.16,0,-88,-9,0,0,53,0,0,331
223.06,1547728614,1744.50,51.516927,7.460567,132.55,13.58,0.00,251.16,0,-71,-9,0,0,63,0,0,274
224.06,1547728615,1758.10,51.516884,7.460376,131.33,13.58,0.00,252.09,0,-84,-12,0,0,60,0,0,331
224.06,1547728615,1758.10,51.516884,7.460376,131.33,13.58,0.00,252.09,0,-78,-8,0,0,61,0,0,189
224.06,1547728615,1758.11,51.516884,7.460376,131.33,13.58,0.00,252.09,0,-83,-11,0,0,61,0,0,274
225.07,1547728616,1771.77,51.516848,7.460192,130.46,13.30,0.00,254.24,0,-84,-12,0,0,60,0,0,331
225.07,1547728616,1771.78,51.516848,7.460192,130.46,13.30,0.00,254.24,0,-78,-8,0,0,61,0,0,189
225.07,1547728616,1771.78,51.516848,7.460192,130.46,13.30,0.00,254.24,0,-83,-11,0,0,61,0,0,274
229.06,1547728620,1827.67,51.516717,7.459383,129.20,14.73,0.00,256.59,0,-85,-11,0,0,56,0,0,189
230.07,1547728621,1842.48,51.516693,7.459179,129.12,14.91,0.00,257.75,0,-85,-11,0,0,56,0,0,189
231.06,1547728622,1857.34,51.516666,7.458974,129.22,15.19,0.00,258.65,0,-86,-11,0,0,56,0,0,189
232.06,1547728623,1872.51,51.516642,7.458774,128.97,14.95,0.00,258.49,0,-86,-11,0,0,56,0,0,189
233.06,1547728624,1887.45,51.516624,7.458583,129.27,13.95,0.00,258.92,0,-80,-8,0,0,59,0,0,189
234.06,1547728625,1901.40,51.516606,7.458389,129.11,13.63,0.00,259.45,0,-80,-8,0,0,59,0,0,189
235.06,1547728626,1915.06,51.516582,7.458190,128.73,13.00,0.00,259.22,0,-87,-9,0,0,53,0,0,443
235.06,1547728626,1915.06,51.516582,7.458190,128.73,13.00,0.00,259.22,0,-86,-9,0,0,53,0,0,189
235.06,1547728626,1915.07,51.516582,7.458190,128.73,13.00,0.00,259.22,0,-86,-9,0,0,53,0,0,141
236.06,1547728627,1928.06,51.516555,7.458013,129.06,12.14,0.00,258.77,0,-87,-9,0,0,53,0,0,443
236.06,1547728627,1928.07,51.516555,7.458013,129.06,12.14,0.00,258.77,0,-86,-9,0,0,53,0,0,189
236.06,1547728627,1928.07,51.516555,7.458013,129.06,12.14,0.00,258.77,0,-86,-9,0,0,53,0,0,141
237.06,1547728628,1940.18,51.516533,7.457851,128.46,9.88,0.00,258.39,0,-91,-8,0,0,48,0,0,443
237.06,1547728628,1940.19,51.516533,7.457851,128.46,9.88,0.00,258.39,0,-86,-9,0,0,53,0,0,141
237.06,1547728628,1940.20,51.516533,7.457851,128.46,9.88,0.00,258.39,0,-87,-9,0,0,53,0,0,189
238.06,1547728629,1950.07,51.516518,7.457735,128.91,7.67,0.00,259.37,0,-91,-8,0,0,48,0,0,443
238.06,1547728629,1950.07,51.516518,7.457735,128.91,7.67,0.00,259.37,0,-86,-9,0,0,53,0,0,141
238.06,1547728629,1950.07,51.516518,7.457735,128.91,7.67,0.00,259.37,0,-87,-9,0,0,53,0,0,189
239.06,1547728630,1957.74,51.516502,7.457626,130.08,6.50,0.00,258.67,0,-91,-8,0,0,48,0,0,443
239.06,1547728630,1957.74,51.516502,7.457626,130.08,6.50,0.00,258.67,0,-86,-8,0,0,53,0,0,141
239.06,1547728630,1957.74,51.516502,7.457626,130.08,6.50,0.00,258.67,0,-88,-10,0,0,53,0,0,189
240.07,1547728631,1964.25,51.516490,7.457548,131.18,4.36,0.00,257.96,0,-91,-8,0,0,48,0,0,443
240.07,1547728631,1964.26,51.516490,7.457548,131.18,4.36,0.00,257.96,0,-86,-8,0,0,53,0,0,141
240.07,1547728631,1964.26,51.516490,7.457548,131.18,4.36,0.00,257.96,0,-88,-10,0,0,53,0,0,189
241.06,1547728632,1968.60,51.516481,7.457498,131.32,1.77,0.00,260.39,0,-90,-9,0,0,49,0,0,469
241.07,1547728632,1968.60,51.516481,7.457498,131.32,1.77,0.00,260.39,0,-88,-9,0,0,52,0,0,189
241.07,1547728632,1968.61,51.516481,7.457498,131.32,1.77,0.00,260.39,0,-88,-10,0,0,52,0,0,141
242.06,1547728633,1970.36,51.516473,7.457481,131.59,0.69,0.00,260.39,0,-90,-9,0,0,49,0,0,469
242.06,1547728633,1970.36,51.516473,7.457481,131.59,0.69,0.00,260.39,0,-88,-9,0,0,52,0,0,189
242.06,1547728633,1970.36,51.516473,7.457481,131.59,0.69,0.00,260.39,0,-88,-10,0,0,52,0,0,141
243.06,1547728634,1971.05,51.516473,7.457481,131.62,0.00,0.00,260.39,0,-88,-8,0,0,50,0,0,141
243.06,1547728634,1971.05,51.516473,7.457481,131.62,0.00,0.00,260.39,0,-90,-10,0,0,51,0,0,189
244.06,1547728635,1971.05,51.516473,7.457481,131.65,0.00,0.00,260.39,0,-88,-8,0,0,50,0,0,141
244.06,1547728635,1971.05,51.516473,7.457481,131.65,0.00,0.00,260.39,0,-90,-10,0,0,51,0,0,189
245.06,1547728636,1971.05,51.516473,7.457481,131.70,0.00,0.00,260.39,0,-93,-8,0,0,46,0,0,443
245.07,1547728636,1971.05,51.516473,7.457481,131.70,0.00,0.00,260.39,0,-95,-9,0,0,46,0,0,469
245.07,1547728636,1971.05,51.516473,7.457481,131.70,0.00,0.00,260.39,0,-88,-8,0,0,51,0,0,141
245.07,1547728636,1971.05,51.516473,7.457481,131.70,0.00,0.00,260.39,0,-89,-10,0,0,51,0,0,189
246.06,1547728637,1971.05,51.518727,7.455229,131.75,0.00,0.00,260.39,0,-93,-8,0,0,46,0,0,443
246.06,1547728637,1971.05,51.518727,7.455229,131.75,0.00,0.00,260.39,0,-95,-9,0,0,46,0,0,469
246.07,1547728637,1971.05,51.518727,7.455229,131.75,0.00,0.00,260.39,0,-88,-8,0,0,51,0,0,141
246.07,1547728637,1971.05,51.518727,7.455229,131.75,0.00,0.00,260.39,0,-89,-10,0,0,51,0,0,189
247.07,1547728638,1971.05,51.516473,7.457481,131.81,0.00,0.00,260.39,0,-94,-10,0,0,48,0,0,443
247.07,1547728638,1971.05,51.516473,7.457481,131.81,0.00,0.00,260.39,0,-95,-13,0,0,49,0,0,469
247.07,1547728638,1971.05,51.516473,7.457481,131.81,0.00,0.00,260.39,0,-88,-9,0,0,52,0,0,141
247.08,1547728638,1971.05,51.516473,7.457481,131.81,0.00,0.00,260.39,0,-89,-11,0,0,51,0,0,189
248.06,1547728639,1971.05,51.516473,7.457481,132.45,0.00,0.00,260.39,0,-94,-10,0,0,48,0,0,443
248.06,1547728639,1971.05,51.516473,7.457481,132.45,0.00,0.00,260.39,0,-95,-13,0,0,49,0,0,469
248.06,1547728639,1971.05,51.516473,7.457481,132.45,0.00,0.00,260.39,0,-88,-9,0,0,52,0,0,141
248.07,1547728639,1971.05,51.516473,7.457481,132.45,0.00,0.00,260.39,0,-89,-11,0,0,51,0,0,189
249.06,1547728640,1971.05,51.516473,7.457481,132.96,0.00,0.00,257.02,0,-94,-10,0,0,48,0,0,443
249.06,1547728640,1971.05,51.516473,7.457481,132.96,0.00,0.00,257.02,0,-95,-13,0,0,49,0,0,469
249.07,1547728640,1971.05,51.516473,7.457481,132.96,0.00,0.00,257.02,0,-88,-9,0,0,52,0,0,141
249.07,1547728640,1971.05,51.516473,7.457481,132.96,0.00,0.00,257.02,0,-89,-11,0,0,51,0,0,189
250.07,1547728641,1971.05,51.516473,7.457481,137.21,0.00,0.00,257.07,0,-93,-10,0,0,49,0,0,469
250.07,1547728641,1971.05,51.516473,7.457481,137.21,0.00,0.00,257.07,0,-93,-9,0,0,48,0,0,443
250.07,1547728641,1971.05,51.516473,7.457481,137.21,0.00,0.00,257.07,0,-88,-9,0,0,51,0,0,141
250.07,1547728641,1971.05,51.516473,7.457481,137.21,0.00,0.00,257.07,0,-90,-11,0,0,51,0,0,189
251.06,1547728642,1971.06,51.516457,7.457282,139.09,4.45,0.00,257.11,0,-93,-10,0,0,49,0,0,469
251.06,1547728642,1971.06,51.516457,7.457282,139.09,4.45,0.00,257.11,0,-93,-9,0,0,48,0,0,443
251.07,1547728642,1971.06,51.516457,7.457282,139.09,4.45,0.00,257.11,0,-88,-9,0,0,51,0,0,141
251.07,1547728642,1971.07,51.516457,7.457282,139.09,4.45,0.00,257.11,0,-90,-11,0,0,51,0,0,189
252.06,1547728643,1975.50,51.516445,7.457179,139.53,5.59,0.00,255.42,0,-93,-10,0,0,48,0,0,443
252.06,1547728643,1975.50,51.516445,7.457179,139.53,5.59,0.00,255.42,0,-86,-9,0,0,53,0,0,189
252.06,1547728643,1975.51,51.516445,7.457179,139.53,5.59,0.00,255.42,0,-88,-10,0,0,53,0,0,141
253.06,1547728644,1981.10,51.516423,7.457070,139.39,5.58,0.00,254.44,0,-93,-10,0,0,48,0,0,443
253.06,1547728644,1981.10,51.516423,7.457070,139.39,5.58,0.00,254.44,0,-86,-9,0,0,53,0,0,189
253.06,1547728644,1981.10,51.516423,7.457070,139.39,5.58,0.00,254.44,0,-88,-10,0,0,53,0,0,141
254.06,1547728645,1986.67,51.516394,7.456989,139.42,4.76,0.00,238.09,0,-88,-9,0,0,52,0,0,141
254.06,1547728645,1986.68,51.516394,7.456989,139.42,4.76,0.00,238.09,0,-88,-9,0,0,52,0,0,189
255.06,1547728646,1991.43,51.516365,7.456900,139.14,5.03,0.00,240.37,0,-88,-9,0,0,52,0,0,141
255.06,1547728646,1991.44,51.516365,7.456900,139.14,5.03,0.00,240.37,0,-88,-9,0,0,52,0,0,189
256.06,1547728647,1996.47,51.516335,7.456808,138.92,6.38,0.00,242.95,0,-87,-9,0,0,52,0,0,141
256.06,1547728647,1996.47,51.516335,7.456808,138.92,6.38,0.00,242.95,0,-91,-12,0,0,53,0,0,189
257.06,1547728648,2002.85,51.516309,7.456710,138.46,7.01,0.00,243.41,0,-87,-9,0,0,52,0,0,141
257.06,1547728648,2002.86,51.516309,7.456710,138.46,7.01,0.00,243.41,0,-91,-12,0,0,53,0,0,189
258.06,1547728649,2009.87,51.516278,7.456603,137.82,7.87,0.00,242.36,0,-90,-12,0,0,55,0,0,443
258.06,1547728649,2009.88,51.516278,7.456603,137.82,7.87,0.00,242.36,0,-86,-9,0,0,54,0,0,141
258.06,1547728649,2009.88,51.516278,7.456603,137.82,7.87,0.00,242.36,0,-87,-11,0,0,54,0,0,189
259.06,1547728650,2017.75,51.516237,7.456463,136.90,10.42,0.00,241.34,0,-90,-12,0,0,55,0,0,443
259.06,1547728650,2017.76,51.516237,7.456463,136.90,10.42,0.00,241.34,0,-86,-9,0,0,54,0,0,141
259.06,1547728650,2017.76,51.516237,7.456463,136.90,10.42,0.00,241.34,0,-87,-11,0,0,54,0,0,189
262.06,1547728653,2049.32,51.516090,7.456048,134.50,10.80,0.00,236.71,0,-90,-8,0,0,50,0,0,24
262.06,1547728653,2049.32,51.516090,7.456048,134.50,10.80,0.00,236.71,0,-85,-10,0,0,56,0,0,455
262.06,1547728653,2049.33,51.516090,7.456048,134.50,10.80,0.00,236.71,0,-90,-14,0,0,55,0,0,189
263.06,1547728654,2060.16,51.516024,7.455871,133.08,10.80,0.00,236.71,0,-90,-8,0,0,50,0,0,24
263.06,1547728654,2060.17,51.516024,7.455871,133.08,10.80,0.00,236.71,0,-85,-10,0,0,56,0,0,455
263.07,1547728654,2060.18,51.516024,7.455871,133.08,10.80,0.00,236.71,0,-90,-14,0,0,55,0,0,189
264.07,1547728655,2070.98,51.515954,7.455717,132.21,11.40,0.00,232.65,0,-86,-12,0,0,57,0,0,24
264.07,1547728655,2070.99,51.515954,7.455717,132.21,11.40,0.00,232.65,0,-79,-9,0,0,60,0,0,189
264.07,1547728655,2070.99,51.515954,7.455717,132.21,11.40,0.00,232.65,0,-85,-14,0,0,59,0,0,455
265.06,1547728656,2082.37,51.515880,7.455580,132.26,11.49,0.00,223.74,0,-86,-12,0,0,57,0,0,24
265.07,1547728656,2082.38,51.515880,7.455580,132.26,11.49,0.00,223.74,0,-79,-9,0,0,60,0,0,189
265.07,1547728656,2082.40,51.515880,7.455580,132.26,11.49,0.00,223.74,0,-85,-14,0,0,59,0,0,455
266.06,1547728657,2093.85,51.516460,7.459697,132.76,11.45,0.00,222.64,0,-88,-9,0,0,53,0,0,24
266.06,1547728657,2093.86,51.516460,7.459697,132.76,11.45,0.00,222.64,0,-82,-11,0,0,59,0,0,455
266.07,1547728657,2093.88,51.516460,7.459697,132.76,11.45,0.00,222.64,0,-83,-11,0,0,59,0,0,189
267.06,1547728658,2105.30,51.515724,7.455353,132.34,11.29,0.00,220.50,0,-88,-9,0,0,53,0,0,24
267.06,1547728658,2105.32,51.515724,7.455353,132.34,11.29,0.00,220.50,0,-82,-11,0,0,59,0,0,455
267.07,1547728658,2105.33,51.515724,7.455353,132.34,11.29,0.00,220.50,0,-83,-11,0,0,59,0,0,189
268.07,1547728659,2116.66,51.515646,7.455251,132.24,11.24,0.00,217.12,0,-90,-10,0,0,52,0,0,443
269.06,1547728660,2127.81,51.515574,7.455164,131.19,11.16,0.00,214.00,0,-90,-10,0,0,52,0,0,443
270.07,1547728661,2139.02,51.515493,7.455095,130.54,10.76,0.00,210.91,0,-90,-10,0,0,52,0,0,443
271.06,1547728662,2149.72,51.515387,7.455095,130.38,10.85,0.00,183.27,0,-93,-11,0,0,50,0,0,443
271.06,1547728662,2149.73,51.515387,7.455095,130.38,10.85,0.00,183.27,0,-83,-13,0,0,63,0,0,141
272.06,1547728663,2160.55,51.515281,7.455093,131.13,11.12,0.00,182.17,0,-93,-11,0,0,50,0,0,443
272.06,1547728663,2160.56,51.515281,7.455093,131.13,11.12,0.00,182.17,0,-83,-13,0,0,63,0,0,141
273.06,1547728664,2171.65,51.515179,7.455105,131.68,11.14,0.00,179.63,0,-87,-11,0,0,55,0,0,443
274.06,1547728665,2182.84,51.515075,7.455126,132.07,11.47,0.00,177.92,0,-87,-11,0,0,55,0,0,443
275.06,1547728666,2194.32,51.514968,7.455154,132.23,11.67,0.00,176.51,0,-81,-10,0,0,62,0,0,443
276.06,1547728667,2205.98,51.514858,7.455183,132.85,11.78,0.00,174.75,0,-81,-10,0,0,62,0,0,443
281.06,1547728672,2267.04,51.514295,7.455372,135.02,12.25,0.00,171.57,0,-81,-13,0,0,63,0,0,275
282.06,1547728673,2279.26,51.514179,7.455408,135.04,13.16,0.00,171.53,0,-81,-13,0,0,63,0,0,275
283.06,1547728674,2292.41,51.514062,7.455440,135.05,13.19,0.00,170.81,0,-86,-14,0,0,60,0,0,25
283.06,1547728674,2292.41,51.514062,7.455440,135.05,13.19,0.00,170.81,0,-85,-15,0,0,60,0,0,143
284.06,1547728675,2305.65,51.513948,7.455467,135.42,12.63,0.00,171.27,0,-86,-14,0,0,60,0,0,25
284.06,1547728675,2305.66,51.513948,7.455467,135.42,12.63,0.00,171.27,0,-85,-15,0,0,60,0,0,143
285.06,1547728676,2318.29,51.513830,7.455490,136.43,12.67,0.00,170.01,0,-80,-11,0,0,62,0,0,441
285.06,1547728676,2318.30,51.513830,7.455490,136.43,12.67,0.00,170.01,0,-85,-12,0,0,59,0,0,455
286.06,1547728677,2330.97,51.512610,7.452740,137.51,13.47,0.00,167.79,0,-80,-11,0,0,62,0,0,441
286.06,1547728677,2330.98,51.512610,7.452740,137.51,13.47,0.00,167.79,0,-85,-12,0,0,59,0,0,455
287.06,1547728678,2344.42,51.513595,7.455585,138.55,13.01,0.00,165.36,0,-86,-11,0,0,57,0,0,24
287.06,1547728678,2344.44,51.513595,7.455585,138.55,13.01,0.00,165.36,0,-85,-13,0,0,59,0,0,455
288.06,1547728679,2357.44,51.513489,7.455649,139.89,12.07,0.00,162.48,0,-86,-11,0,0,57,0,0,24
288.06,1547728679,2357.45,51.513489,7.455649,139.89,12.07,0.00,162.48,0,-85,-13,0,0,59,0,0,455
289.07,1547728680,2369.62,51.513378,7.455734,141.96,12.28,0.00,159.29,0,-84,-12,0,0,59,0,0,441
289.07,1547728680,2369.64,51.513378,7.455734,141.96,12.28,0.00,159.29,0,-85,-13,0,0,59,0,0,24
289.07,1547728680,2369.64,51.513378,7.455734,141.96,12.28,0.00,159.29,0,-83,-11,0,0,59,0,0,455
289.07,1547728680,2369.65,51.513378,7.455734,141.96,12.28,0.00,159.29,0,-86,-13,0,0,58,0,0,142
290.07,1547728681,2381.86,51.513270,7.455825,144.57,12.63,0.00,155.89,0,-84,-12,0,0,59,0,0,441
290.07,1547728681,2381.87,51.513270,7.455825,144.57,12.63,0.00,155.89,0,-85,-13,0,0,59,0,0,24
290.07,1547728681,2381.88,51.513270,7.455825,144.57,12.63,0.00,155.89,0,-83,-11,0,0,59,0,0,455
290.07,1547728681,2381.88,51.513270,7.455825,144.57,12.63,0.00,155.89,0,-86,-13,0,0,58,0,0,142
291.07,1547728682,2394.44,51.513189,7.455947,146.32,11.73,0.00,139.03,0,-84,-12,0,0,59,0,0,441
291.07,1547728682,2394.45,51.513189,7.455947,146.32,11.73,0.00,139.03,0,-85,-13,0,0,59,0,0,24
291.07,1547728682,2394.45,51.513189,7.455947,146.32,11.73,0.00,139.03,0,-83,-11,0,0,59,0,0,455
291.07,1547728682,2394.47,51.513189,7.455947,146.32,11.73,0.00,139.03,0,-86,-13,0,0,58,0,0,142
292.07,1547728683,2406.19,51.513098,7.456076,148.35,13.08,0.00,136.96,0,-87,-9,0,0,54,0,0,441
292.07,1547728683,2406.20,51.513098,7.456076,148.35,13.08,0.00,136.96,0,-90,-11,0,0,54,0,0,24
292.07,1547728683,2406.20,51.513098,7.456076,148.35,13.08,0.00,136.96,0,-80,-9,0,0,60,0,0,142
292.07,1547728683,2406.22,51.513098,7.456076,148.35,13.08,0.00,136.96,0,-80,-9,0,0,59,0,0,455
293.06,1547728684,2419.18,51.513014,7.456217,149.33,13.61,0.00,133.54,0,-87,-9,0,0,54,0,0,441
293.06,1547728684,2419.18,51.513014,7.456217,149.33,13.61,0.00,133.54,0,-90,-11,0,0,54,0,0,24
293.06,1547728684,2419.18,51.513014,7.456217,149.33,13.61,0.00,133.54,0,-80,-9,0,0,60,0,0,142
293.06,1547728684,2419.20,51.513014,7.456217,149.33,13.61,0.00,133.54,0,-80,-9,0,0,59,0,0,455
294.06,1547728685,2432.85,51.512932,7.456371,149.82,13.77,0.00,131.44,0,-80,-10,0,0,62,0,0,441
294.06,1547728685,2432.87,51.512932,7.456371,149.82,13.77,0.00,131.44,0,-76,-9,0,0,63,0,0,142
295.06,1547728686,2446.62,51.512854,7.456525,150.63,12.85,0.00,129.29,0,-80,-10,0,0,62,0,0,441
295.06,1547728686,2446.63,51.512854,7.456525,150.63,12.85,0.00,129.29,0,-76,-9,0,0,63,0,0,142
296.06,1547728687,2459.46,51.512773,7.456701,152.14,14.23,0.00,129.15,0,-84,-7,0,0,55,0,0,441
296.06,1547728687,2459.47,51.512773,7.456701,152.14,14.23,0.00,129.15,0,-79,-7,0,0,58,0,0,142
297.06,1547728688,2473.70,51.512690,7.456878,153.38,14.91,0.00,128.19,0,-84,-7,0,0,55,0,0,441
297.06,1547728688,2473.71,51.512690,7.456878,153.38,14.91,0.00,128.19,0,-79,-7,0,0,58,0,0,142
298.06,1547728689,2488.62,51.512609,7.457054,154.74,14.97,0.00,127.10,0,-87,-7,0,0,51,0,0,441
298.06,1547728689,2488.63,51.512609,7.457054,154.74,14.97,0.00,127.10,0,-81,-7,0,0,56,0,0,142
299.06,1547728690,2503.57,51.512529,7.457231,155.22,14.32,0.00,127.48,0,-87,-7,0,0,51,0,0,441
299.06,1547728690,2503.59,51.512529,7.457231,155.22,14.32,0.00,127.48,0,-81,-7,0,0,56,0,0,142
300.07,1547728691,2517.96,51.512450,7.457405,156.58,14.53,0.00,126.83,0,-89,-7,0,0,50,0,0,441
300.07,1547728691,2517.96,51.512450,7.457405,156.58,14.53,0.00,126.83,0,-77,-7,0,0,60,0,0,142
301.06,1547728692,2532.37,51.512369,7.457583,157.16,14.79,0.00,126.26,0,-89,-7,0,0,50,0,0,441
301.06,1547728692,2532.37,51.512369,7.457583,157.16,14.79,0.00,126.26,0,-77,-7,0,0,60,0,0,142
302.06,1547728693,2547.18,51.512303,7.457741,157.42,12.55,0.00,124.54,0,-94,-12,0,0,50,0,0,25
302.06,1547728693,2547.18,51.512303,7.457741,157.42,12.55,0.00,124.54,0,-88,-11,0,0,55,0,0,143
303.06,1547728694,2559.75,51.512255,7.457865,158.14,8.83,0.00,123.52,0,-94,-12,0,0,50,0,0,25
303.06,1547728694,2559.76,51.512255,7.457865,158.14,8.83,0.00,123.52,0,-88,-11,0,0,55,0,0,143
304.06,1547728695,2568.54,51.512212,7.457953,158.61,6.68,0.00,123.12,0,-92,-13,0,0,54,0,0,25
305.06,1547728696,2575.25,51.512178,7.458031,158.44,5.00,0.00,123.69,0,-92,-13,0,0,54,0,0,25
306.06,1547728697,2580.24,51.512484,7.459897,158.43,3.60,0.00,122.86,0,-91,-8,0,0,48,0,0,25
307.06,1547728698,2583.84,51.512131,7.458149,158.40,2.94,0.00,122.42,0,-91,-8,0,0,48,0,0,25
308.06,1547728699,2586.78,51.512099,7.458236,158.35,2.94,0.00,123.38,0,-93,-9,0,0,48,0,0,25
308.06,1547728699,2586.78,51.512099,7.458236,158.35,2.94,0.00,123.38,0,-91,-10,0,0,50,0,0,139
308.06,1547728699,2586.79,51.512099,7.458236,158.35,2.94,0.00,123.38,0,-92,-9,0,0,48,0,0,143
309.06,1547728700,2589.73,51.512072,7.458300,157.84,5.92,0.00,126.92,0,-93,-9,0,0,48,0,0,25
309.06,1547728700,2589.73,51.512072,7.458300,157.84,5.92,0.00,126.92,0,-91,-10,0,0,50,0,0,139
309.07,1547728700,2589.74,51.512072,7.458300,157.84,5.92,0.00,126.92,0,-92,-9,0,0,48,0,0,143
310.08,1547728701,2595.72,51.512034,7.458392,157.22,7.82,0.00,131.30,0,-95,-9,0,0,46,0,0,25
310.08,1547728701,2595.72,51.512034,7.458392,157.22,7.82,0.00,131.30,0,-87,-8,0,0,52,0,0,139
311.07,1547728702,2603.48,51.511990,7.458496,156.33,9.16,0.00,131.19,0,-95,-9,0,0,46,0,0,25
311.07,1547728702,2603.49,51.511990,7.458496,156.33,9.16,0.00,131.19,0,-87,-8,0,0,52,0,0,139
312.06,1547728703,2612.58,51.511938,7.458605,155.61,9.85,0.00,130.09,0,-95,-9,0,0,46,0,0,25
312.06,1547728703,2612.58,51.511938,7.458605,155.61,9.85,0.00,130.09,0,-87,-8,0,0,52,0,0,139
313.06,1547728704,2622.44,51.511883,7.458708,155.19,9.61,0.00,127.83,0,-100,-12,0,0,44,0,0,25
313.06,1547728704,2622.44,51.511883,7.458708,155.19,9.61,0.00,127.83,0,-87,-7,0,0,51,0,0,139
314.06,1547728705,2632.04,51.511829,7.458814,155.42,9.26,0.00,127.17,0,-100,-12,0,0,44,0,0,25
314.06,1547728705,2632.05,51.511829,7.458814,155.42,9.26,0.00,127.17,0,-87,-7,0,0,51,0,0,139
315.06,1547728706,2641.30,51.511781,7.458905,155.01,7.92,0.00,128.01,0,-87,-8,0,0,52,0,0,139
316.06,1547728707,2649.24,51.511737,7.458996,154.95,7.60,0.00,130.40,0,-87,-8,0,0,52,0,0,139
317.06,1547728708,2656.83,51.511715,7.459063,155.45,4.36,0.00,128.92,0,-84,-7,0,0,55,0,0,139
317.06,1547728708,2656.84,51.511715,7.459063,155.45,4.36,0.00,128.92,0,-89,-13,0,0,54,0,0,138
318.06,1547728709,2661.19,51.511698,7.459111,155.54,2.82,0.00,128.53,0,-84,-7,0,0,55,0,0,139
318.06,1547728709,2661.19,51.511698,7.459111,155.54,2.82,0.00,128.53,0,-89,-13,0,0,54,0,0,138
319.06,1547728710,2664.01,51.511682,7.459143,155.66,1.85,0.00,132.24,0,-82,-7,0,0,56,0,0,139
320.07,1547728711,2665.87,51.511674,7.459168,155.76,0.84,0.00,132.24,0,-82,-7,0,0,56,0,0,139
321.06,1547728712,2666.70,51.511674,7.459168,155.76,0.00,0.00,132.24,0,-83,-7,0,0,55,0,0,139
322.06,1547728713,2666.70,51.511674,7.459168,155.76,0.00,0.00,132.24,0,-83,-7,0,0,55,0,0,139
323.06,1547728714,2666.70,51.511674,7.459168,155.77,0.00,0.00,132.24,0,-83,-8,0,0,55,0,0,139
324.06,1547728715,2666.70,51.511674,7.459168,155.80,0.00,0.00,132.24,0,-83,-8,0,0,55,0,0,139
325.06,1547728716,2666.70,51.511674,7.459168,155.85,0.00,0.00,132.24,0,-83,-7,0,0,55,0,0,139
325.06,1547728716,2666.70,51.511674,7.459168,155.85,0.00,0.00,132.24,0,-90,-14,0,0,55,0,0,138
326.06,1547728717,2666.70,51.512484,7.459897,155.91,0.00,0.00,132.24,0,-83,-7,0,0,55,0,0,139
326.06,1547728717,2666.70,51.512484,7.459897,155.91,0.00,0.00,132.24,0,-90,-14,0,0,55,0,0,138
327.06,1547728718,2666.70,51.511674,7.459168,155.97,0.00,0.00,132.24,0,-83,-6,0,0,55,0,0,139
328.06,1547728719,2666.70,51.511674,7.459168,156.03,0.00,0.00,132.24,0,-83,-6,0,0,55,0,0,139
329.06,1547728720,2666.70,51.511674,7.459168,156.09,0.00,0.00,132.24,0,-83,-7,0,0,55,0,0,139
330.07,1547728721,2666.70,51.511674,7.459168,156.15,0.00,0.00,132.24,0,-83,-7,0,0,55,0,0,139
331.07,1547728722,2666.70,51.511674,7.459168,156.22,0.00,0.00,132.24,0,-83,-7,0,0,55,0,0,139
331.07,1547728722,2666.70,51.511674,7.459168,156.22,0.00,0.00,132.24,0,-90,-14,0,0,55,0,0,138
332.06,1547728723,2666.70,51.511674,7.459168,156.28,0.00,0.00,132.24,0,-83,-7,0,0,55,0,0,139
332.06,1547728723,2666.70,51.511674,7.459168,156.28,0.00,0.00,132.24,0,-90,-14,0,0,55,0,0,138
333.06,1547728724,2666.70,51.511674,7.459168,156.34,0.00,0.00,132.24,0,-83,-7,0,0,55,0,0,139
333.06,1547728724,2666.70,51.511674,7.459168,156.34,0.00,0.00,132.24,0,-90,-14,0,0,55,0,0,138
334.06,1547728725,2666.70,51.511674,7.459168,156.41,0.00,0.00,132.24,0,-83,-8,0,0,55,0,0,139
335.06,1547728726,2666.70,51.511674,7.459168,156.46,0.00,0.00,132.24,0,-83,-8,0,0,55,0,0,139
336.06,1547728727,2666.70,51.511674,7.459168,156.51,0.00,0.00,132.24,0,-83,-8,0,0,55,0,0,139
336.06,1547728727,2666.70,51.511674,7.459168,156.51,0.00,0.00,132.24,0,-90,-15,0,0,55,0,0,138
337.06,1547728728,2666.70,51.511674,7.459168,156.56,0.00,0.00,132.24,0,-83,-8,0,0,55,0,0,139
337.06,1547728728,2666.70,51.511674,7.459168,156.56,0.00,0.00,132.24,0,-90,-15,0,0,55,0,0,138
338.06,1547728729,2666.70,51.511674,7.459168,156.60,0.00,0.00,132.24,0,-83,-7,0,0,55,0,0,139
339.06,1547728730,2666.70,51.511674,7.459168,156.63,0.00,0.00,132.24,0,-83,-7,0,0,55,0,0,139
340.07,1547728731,2666.70,51.511674,7.459168,156.67,0.00,0.00,132.24,0,-83,-8,0,0,56,0,0,139
341.06,1547728732,2666.70,51.511674,7.459168,156.72,0.00,0.00,132.24,0,-83,-8,0,0,56,0,0,139
342.06,1547728733,2666.70,51.511674,7.459168,156.75,0.00,0.00,132.24,0,-82,-7,0,0,55,0,0,139
342.06,1547728733,2666.70,51.511674,7.459168,156.75,0.00,0.00,132.24,0,-89,-14,0,0,55,0,0,138
343.06,1547728734,2666.70,51.511674,7.459168,156.78,0.00,0.00,132.24,0,-82,-7,0,0,55,0,0,139
343.06,1547728734,2666.70,51.511674,7.459168,156.78,0.00,0.00,132.24,0,-89,-14,0,0,55,0,0,138
344.06,1547728735,2666.70,51.511674,7.459168,156.82,0.00,0.00,132.24,0,-83,-7,0,0,55,0,0,139
344.06,1547728735,2666.70,51.511674,7.459168,156.82,0.00,0.00,132.24,0,-90,-15,0,0,55,0,0,138
345.06,1547728736,2666.70,51.511674,7.459168,156.83,0.00,0.00,132.24,0,-83,-7,0,0,55,0,0,139
345.06,1547728736,2666.70,51.511674,7.459168,156.83,0.00,0.00,132.24,0,-90,-15,0,0,55,0,0,138
346.06,1547728737,2666.70,51.512484,7.459897,156.83,0.00,0.00,132.24,0,-83,-7,0,0,55,0,0,139
347.06,1547728738,2666.70,51.511674,7.459168,156.83,0.00,0.00,132.24,0,-83,-7,0,0,55,0,0,139
348.06,1547728739,2666.70,51.511674,7.459168,156.82,0.00,0.00,132.24,0,-83,-7,0,0,55,0,0,139
348.06,1547728739,2666.70,51.511674,7.459168,156.82,0.00,0.00,132.24,0,-89,-14,0,0,55,0,0,138
349.06,1547728740,2666.70,51.511674,7.459168,156.81,0.00,0.00,132.24,0,-83,-7,0,0,55,0,0,139
349.06,1547728740,2666.70,51.511674,7.459168,156.81,0.00,0.00,132.24,0,-89,-14,0,0,55,0,0,138
350.07,1547728741,2666.70,51.511674,7.459168,156.80,0.00,0.00,132.24,0,-83,-7,0,0,55,0,0,139
350.07,1547728741,2666.70,51.511674,7.459168,156.80,0.00,0.00,132.24,0,-90,-14,0,0,54,0,0,138
351.06,1547728742,2666.70,51.511674,7.459168,156.79,0.00,0.00,132.24,0,-83,-7,0,0,55,0,0,139
351.06,1547728742,2666.70,51.511674,7.459168,156.79,0.00,0.00,132.24,0,-90,-14,0,0,54,0,0,138
352.07,1547728743,2666.70,51.511674,7.459168,156.78,0.00,0.00,132.24,0,-82,-7,0,0,55,0,0,139
353.07,1547728744,2666.70,51.511674,7.459168,156.76,0.00,0.00,132.24,0,-82,-7,0,0,55,0,0,139
354.06,1547728745,2666.70,51.511674,7.459168,156.75,0.00,0.00,132.24,0,-82,-7,0,0,55,0,0,139
355.06,1547728746,2666.70,51.511674,7.459168,156.74,0.00,0.00,132.24,0,-83,-8,0,0,55,0,0,139
356.06,1547728747,2666.70,51.511674,7.459168,156.57,0.00,0.00,132.24,0,-83,-8,0,0,55,0,0,139
357.06,1547728748,2666.70,51.511674,7.459168,156.30,0.00,0.00,102.69,0,-83,-7,0,0,55,0,0,139
358.06,1547728749,2666.70,51.511674,7.459168,153.28,0.00,0.00,119.02,0,-83,-7,0,0,55,0,0,139
359.06,1547728750,2666.71,51.511587,7.459407,151.97,3.43,0.00,119.02,0,-94,-13,0,0,50,0,0,326
359.06,1547728750,2666.71,51.511587,7.459407,151.97,3.43,0.00,119.02,0,-81,-7,0,0,56,0,0,139
360.07,1547728751,2670.17,51.511508,7.459527,150.99,7.94,0.00,124.57,0,-94,-13,0,0,50,0,0,326
360.07,1547728751,2670.17,51.511508,7.459527,150.99,7.94,0.00,124.57,0,-81,-7,0,0,56,0,0,139
361.06,1547728752,2678.03,51.511416,7.459691,150.64,10.85,0.00,122.87,0,-81,-7,0,0,57,0,0,139
362.06,1547728753,2688.89,51.511340,7.459846,151.12,12.59,0.00,124.54,0,-81,-7,0,0,57,0,0,139
363.06,1547728754,2701.53,51.511251,7.460010,152.44,13.94,0.00,127.69,0,-79,-6,0,0,58,0,0,139
364.06,1547728755,2715.46,51.511162,7.460162,153.70,14.14,0.00,129.71,0,-79,-6,0,0,58,0,0,139
365.06,1547728756,2729.61,51.511072,7.460319,154.82,14.35,0.00,130.14,0,-77,-6,0,0,61,0,0,139
366.06,1547728757,2743.96,51.511456,7.460467,155.96,14.30,0.00,130.97,0,-77,-6,0,0,61,0,0,139
367.06,1547728758,2758.24,51.510887,7.460617,157.34,14.28,0.00,130.31,0,-77,-7,0,0,61,0,0,139
368.06,1547728759,2772.52,51.510801,7.460769,158.47,13.65,0.00,130.99,0,-77,-7,0,0,61,0,0,139
369.06,1547728760,2786.17,51.510716,7.460921,159.47,13.70,0.00,132.33,0,-82,-7,0,0,55,0,0,139
370.07,1547728761,2799.94,51.510630,7.461074,160.85,13.58,0.00,132.63,0,-82,-7,0,0,55,0,0,139
371.06,1547728762,2813.43,51.510543,7.461225,161.56,13.42,0.00,132.25,0,-82,-9,0,0,57,0,0,139
371.06,1547728762,2813.43,51.510543,7.461225,161.56,13.42,0.00,132.25,0,-82,-9,0,0,57,0,0,138
372.06,1547728763,2826.83,51.510460,7.461359,162.00,12.64,0.00,132.78,0,-82,-9,0,0,57,0,0,139
372.06,1547728763,2826.83,51.510460,7.461359,162.00,12.64,0.00,132.78,0,-82,-9,0,0,57,0,0,138
373.07,1547728764,2839.60,51.510384,7.461491,162.36,11.57,0.00,133.49,0,-79,-9,0,0,61,0,0,139
373.07,1547728764,2839.61,51.510384,7.461491,162.36,11.57,0.00,133.49,0,-82,-11,0,0,61,0,0,138
374.06,1547728765,2851.06,51.510325,7.461600,162.09,9.18,0.00,132.77,0,-79,-9,0,0,61,0,0,139
374.06,1547728765,2851.06,51.510325,7.461600,162.09,9.18,0.00,132.77,0,-82,-11,0,0,61,0,0,138
375.06,1547728766,2860.28,51.510274,7.461689,162.11,7.52,0.00,131.76,0,-79,-9,0,0,61,0,0,139
375.06,1547728766,2860.29,51.510274,7.461689,162.11,7.52,0.00,131.76,0,-82,-11,0,0,61,0,0,138
376.06,1547728767,2867.80,51.510237,7.461760,162.09,5.50,0.00,131.67,0,-91,-10,0,0,51,0,0,326
376.06,1547728767,2867.81,51.510237,7.461760,162.09,5.50,0.00,131.67,0,-96,-10,0,0,46,0,0,199
376.07,1547728767,2867.81,51.510237,7.461760,162.09,5.50,0.00,131.67,0,-80,-8,0,0,59,0,0,138
376.07,1547728767,2867.82,51.510237,7.461760,162.09,5.50,0.00,131.67,0,-83,-11,0,0,59,0,0,139
377.06,1547728768,2873.30,51.510212,7.461821,162.15,3.66,0.00,129.92,0,-91,-10,0,0,51,0,0,326
377.07,1547728768,2873.30,51.510212,7.461821,162.15,3.66,0.00,129.92,0,-96,-10,0,0,46,0,0,199
377.07,1547728768,2873.30,51.510212,7.461821,162.15,3.66,0.00,129.92,0,-80,-8,0,0,59,0,0,138
377.07,1547728768,2873.31,51.510212,7.461821,162.15,3.66,0.00,129.92,0,-83,-11,0,0,59,0,0,139
378.06,1547728769,2876.95,51.510199,7.461863,162.26,2.55,0.00,130.72,0,-89,-11,0,0,53,0,0,326
378.06,1547728769,2876.95,51.510199,7.461863,162.26,2.55,0.00,130.72,0,-78,-7,0,0,60,0,0,138
378.07,1547728769,2876.95,51.510199,7.461863,162.26,2.55,0.00,130.72,0,-83,-13,0,0,60,0,0,139
379.06,1547728770,2879.50,51.510194,7.461898,162.27,1.35,0.00,130.72,0,-89,-11,0,0,53,0,0,326
379.06,1547728770,2879.50,51.510194,7.461898,162.27,1.35,0.00,130.72,0,-78,-7,0,0,60,0,0,138
379.06,1547728770,2879.50,51.510194,7.461898,162.27,1.35,0.00,130.72,0,-83,-13,0,0,60,0,0,139
380.07,1547728771,2880.85,51.510194,7.461898,162.28,0.00,0.00,130.72,0,-88,-9,0,0,54,0,0,326
380.07,1547728771,2880.85,51.510194,7.461898,162.28,0.00,0.00,130.72,0,-80,-8,0,0,59,0,0,138
380.07,1547728771,2880.85,51.510194,7.461898,162.28,0.00,0.00,130.72,0,-82,-10,0,0,59,0,0,139
381.06,1547728772,2880.85,51.510194,7.461898,162.29,0.00,0.00,130.72,0,-88,-9,0,0,54,0,0,326
381.06,1547728772,2880.85,51.510194,7.461898,162.29,0.00,0.00,130.72,0,-80,-8,0,0,59,0,0,138
381.06,1547728772,2880.85,51.510194,7.461898,162.29,0.00,0.00,130.72,0,-82,-10,0,0,59,0,0,139
382.06,1547728773,2880.85,51.510194,7.461898,162.30,0.00,0.00,130.72,0,-89,-11,0,0,55,0,0,326
382.06,1547728773,2880.85,51.510194,7.461898,162.30,0.00,0.00,130.72,0,-79,-10,0,0,61,0,0,138
382.06,1547728773,2880.85,51.510194,7.461898,162.30,0.00,0.00,130.72,0,-82,-12,0,0,61,0,0,139
383.06,1547728774,2880.85,51.510194,7.461898,162.32,0.00,0.00,130.72,0,-89,-11,0,0,55,0,0,326
383.06,1547728774,2880.85,51.510194,7.461898,162.32,0.00,0.00,130.72,0,-79,-10,0,0,61,0,0,138
383.06,1547728774,2880.85,51.510194,7.461898,162.32,0.00,0.00,130.72,0,-82,-12,0,0,61,0,0,139
384.06,1547728775,2880.85,51.510194,7.461898,162.33,0.00,0.00,130.72,0,-88,-11,0,0,54,0,0,326
384.06,1547728775,2880.85,51.510194,7.461898,162.33,0.00,0.00,130.72,0,-79,-8,0,0,59,0,0,138
384.07,1547728775,2880.85,51.510194,7.461898,162.33,0.00,0.00,130.72,0,-83,-12,0,0,59,0,0,139
385.06,1547728776,2880.85,51.510194,7.461898,162.36,0.00,0.00,130.72,0,-88,-11,0,0,54,0,0,326
385.06,1547728776,2880.85,51.510194,7.461898,162.36,0.00,0.00,130.72,0,-79,-8,0,0,59,0,0,138
385.07,1547728776,2880.85,51.510194,7.461898,162.36,0.00,0.00,130.72,0,-83,-12,0,0,59,0,0,139
386.06,1547728777,2880.85,51.512484,7.459897,162.40,0.00,0.00,130.72,0,-87,-9,0,0,54,0,0,326
386.06,1547728777,2880.85,51.512484,7.459897,162.40,0.00,0.00,130.72,0,-79,-8,0,0,59,0,0,138
386.07,1547728777,2880.85,51.512484,7.459897,162.40,0.00,0.00,130.72,0,-83,-11,0,0,59,0,0,139
387.06,1547728778,2880.85,51.510194,7.461898,162.43,0.00,0.00,130.72,0,-87,-9,0,0,54,0,0,326
387.06,1547728778,2880.85,51.510194,7.461898,162.43,0.00,0.00,130.72,0,-79,-8,0,0,59,0,0,138
387.06,1547728778,2880.85,51.510194,7.461898,162.43,0.00,0.00,130.72,0,-83,-11,0,0,59,0,0,139
388.06,1547728779,2880.85,51.510194,7.461898,162.46,0.00,0.00,130.72,0,-88,-10,0,0,54,0,0,326
388.06,1547728779,2880.85,51.510194,7.461898,162.46,0.00,0.00,130.72,0,-80,-8,0,0,59,0,0,138
388.06,1547728779,2880.85,51.510194,7.461898,162.46,0.00,0.00,130.72,0,-83,-12,0,0,59,0,0,139
389.06,1547728780,2880.85,51.510194,7.461898,162.48,0.00,0.00,130.72,0,-88,-10,0,0,54,0,0,326
389.06,1547728780,2880.85,51.510194,7.461898,162.48,0.00,0.00,130.72,0,-80,-8,0,0,59,0,0,138
389.06,1547728780,2880.85,51.510194,7.461898,162.48,0.00,0.00,130.72,0,-83,-12,0,0,59,0,0,139
390.07,1547728781,2880.85,51.510194,7.461898,162.49,0.00,0.00,130.72,0,-88,-11,0,0,55,0,0,326
390.07,1547728781,2880.85,51.510194,7.461898,162.49,0.00,0.00,130.72,0,-79,-8,0,0,59,0,0,138
390.07,1547728781,2880.85,51.510194,7.461898,162.49,0.00,0.00,130.72,0,-83,-12,0,0,59,0,0,139
391.06,1547728782,2880.85,51.510194,7.461898,162.50,0.00,0.00,130.72,0,-88,-11,0,0,55,0,0,326
391.06,1547728782,2880.85,51.510194,7.461898,162.50,0.00,0.00,130.72,0,-79,-8,0,0,59,0,0,138
391.06,1547728782,2880.85,51.510194,7.461898,162.50,0.00,0.00,130.72,0,-83,-12,0,0,59,0,0,139
392.07,1547728783,2880.85,51.510194,7.461898,162.50,0.00,0.00,130.72,0,-88,-12,0,0,56,0,0,326
392.07,1547728783,2880.85,51.510194,7.461898,162.50,0.00,0.00,130.72,0,-79,-8,0,0,59,0,0,138
392.07,1547728783,2880.85,51.510194,7.461898,162.50,0.00,0.00,130.72,0,-83,-12,0,0,59,0,0,139
393.06,1547728784,2880.85,51.510194,7.461898,162.49,0.00,0.00,130.72,0,-88,-12,0,0,56,0,0,326
393.06,1547728784,2880.85,51.510194,7.461898,162.49,0.00,0.00,130.72,0,-79,-8,0,0,59,0,0,138
393.06,1547728784,2880.85,51.510194,7.461898,162.49,0.00,0.00,130.72,0,-83,-12,0,0,59,0,0,139
394.07,1547728785,2880.85,51.510194,7.461898,162.48,0.00,0.00,130.72,0,-88,-10,0,0,54,0,0,326
394.07,1547728785,2880.85,51.510194,7.461898,162.48,0.00,0.00,130.72,0,-80,-9,0,0,60,0,0,138
394.07,1547728785,2880.85,51.510194,7.461898,162.48,0.00,0.00,130.72,0,-83,-12,0,0,60,0,0,139
395.06,1547728786,2880.85,51.510194,7.461898,162.46,0.00,0.00,130.72,0,-88,-10,0,0,54,0,0,326
395.06,1547728786,2880.85,51.510194,7.461898,162.46,0.00,0.00,130.72,0,-80,-9,0,0,60,0,0,138
395.06,1547728786,2880.85,51.510194,7.461898,162.46,0.00,0.00,130.72,0,-83,-12,0,0,60,0,0,139
396.06,1547728787,2880.85,51.510194,7.461898,162.45,0.00,0.00,130.72,0,-88,-10,0,0,54,0,0,326
396.06,1547728787,2880.85,51.510194,7.461898,162.45,0.00,0.00,130.72,0,-80,-9,0,0,60,0,0,138
396.07,1547728787,2880.85,51.510194,7.461898,162.45,0.00,0.00,130.72,0,-83,-12,0,0,60,0,0,139
397.06,1547728788,2880.85,51.510194,7.461898,162.43,0.00,0.00,130.72,0,-88,-9,0,0,53,0,0,326
397.06,1547728788,2880.85,51.510194,7.461898,162.43,0.00,0.00,130.72,0,-79,-8,0,0,59,0,0,138
397.06,1547728788,2880.85,51.510194,7.461898,162.43,0.00,0.00,130.72,0,-83,-12,0,0,59,0,0,139
398.06,1547728789,2880.85,51.510194,7.461898,162.42,0.00,0.00,130.72,0,-88,-9,0,0,53,0,0,326
398.06,1547728789,2880.85,51.510194,7.461898,162.42,0.00,0.00,130.72,0,-79,-8,0,0,59,0,0,138
398.06,1547728789,2880.85,51.510194,7.461898,162.42,0.00,0.00,130.72,0,-83,-12,0,0,59,0,0,139
399.06,1547728790,2880.85,51.510194,7.461898,162.40,0.00,0.00,130.72,0,-88,-10,0,0,53,0,0,326
399.06,1547728790,2880.85,51.510194,7.461898,162.40,0.00,0.00,130.72,0,-79,-8,0,0,59,0,0,138
399.07,1547728790,2880.85,51.510194,7.461898,162.40,0.00,0.00,130.72,0,-83,-11,0,0,59,0,0,139
400.07,1547728791,2880.85,51.510194,7.461898,162.38,0.00,0.00,130.72,0,-88,-10,0,0,53,0,0,326
400.07,1547728791,2880.85,51.510194,7.461898,162.38,0.00,0.00,130.72,0,-79,-8,0,0,59,0,0,138
400.07,1547728791,2880.85,51.510194,7.461898,162.38,0.00,0.00,130.72,0,-83,-11,0,0,59,0,0,139
401.07,1547728792,2880.85,51.510194,7.461898,162.37,0.00,0.00,130.72,0,-88,-10,0,0,53,0,0,326
401.07,1547728792,2880.85,51.510194,7.461898,162.37,0.00,0.00,130.72,0,-80,-9,0,0,59,0,0,138
401.07,1547728792,2880.85,51.510194,7.461898,162.37,0.00,0.00,130.72,0,-83,-11,0,0,59,0,0,139
402.07,1547728793,2880.85,51.510194,7.461898,162.35,0.00,0.00,130.72,0,-88,-10,0,0,53,0,0,326
402.07,1547728793,2880.85,51.510194,7.461898,162.35,0.00,0.00,130.72,0,-80,-9,0,0,59,0,0,138
402.07,1547728793,2880.85,51.510194,7.461898,162.35,0.00,0.00,130.72,0,-83,-11,0,0,59,0,0,139
403.06,1547728794,2880.85,51.510194,7.461898,162.34,0.00,0.00,130.72,0,-88,-11,0,0,55,0,0,326
403.06,1547728794,2880.85,51.510194,7.461898,162.34,0.00,0.00,130.72,0,-80,-8,0,0,59,0,0,138
403.06,1547728794,2880.85,51.510194,7.461898,162.34,0.00,0.00,130.72,0,-83,-11,0,0,59,0,0,139
404.06,1547728795,2880.85,51.510194,7.461898,162.33,0.00,0.00,130.72,0,-88,-11,0,0,55,0,0,326
404.06,1547728795,2880.85,51.510194,7.461898,162.33,0.00,0.00,130.72,0,-80,-8,0,0,59,0,0,138
404.06,1547728795,2880.85,51.510194,7.461898,162.33,0.00,0.00,130.72,0,-83,-11,0,0,59,0,0,139
405.06,1547728796,2880.85,51.510194,7.461898,162.31,0.00,0.00,130.72,0,-88,-13,0,0,57,0,0,326
405.06,1547728796,2880.85,51.510194,7.461898,162.31,0.00,0.00,130.72,0,-80,-9,0,0,60,0,0,138
405.06,1547728796,2880.85,51.510194,7.461898,162.31,0.00,0.00,130.72,0,-82,-11,0,0,60,0,0,139
406.06,1547728797,2880.85,51.512484,7.459897,162.29,0.00,0.00,130.72,0,-88,-13,0,0,57,0,0,326
406.07,1547728797,2880.85,51.512484,7.459897,162.29,0.00,0.00,130.72,0,-80,-9,0,0,60,0,0,138
406.07,1547728797,2880.85,51.512484,7.459897,162.29,0.00,0.00,130.72,0,-82,-11,0,0,60,0,0,139
407.06,1547728798,2880.85,51.510194,7.461898,162.28,0.00,0.00,130.72,0,-87,-9,0,0,54,0,0,326
407.06,1547728798,2880.85,51.510194,7.461898,162.28,0.00,0.00,130.72,0,-80,-8,0,0,59,0,0,138
407.06,1547728798,2880.85,51.510194,7.461898,162.28,0.00,0.00,130.72,0,-83,-11,0,0,59,0,0,139
408.06,1547728799,2880.85,51.510194,7.461898,162.26,0.00,0.00,130.72,0,-87,-9,0,0,54,0,0,326
408.06,1547728799,2880.85,51.510194,7.461898,162.26,0.00,0.00,130.72,0,-80,-8,0,0,59,0,0,138
408.07,1547728799,2880.85,51.510194,7.461898,162.26,0.00,0.00,130.72,0,-83,-11,0,0,59,0,0,139
409.06,1547728800,2880.85,51.510194,7.461898,162.24,0.00,0.00,130.72,0,-88,-9,0,0,53,0,0,326
409.06,1547728800,2880.85,51.510194,7.461898,162.24,0.00,0.00,130.72,0,-80,-9,0,0,60,0,0,138
409.06,1547728800,2880.85,51.510194,7.461898,162.24,0.00,0.00,130.72,0,-83,-12,0,0,60,0,0,139
410.07,1547728801,2880.85,51.510194,7.461898,162.22,0.00,0.00,130.72,0,-88,-9,0,0,53,0,0,326
410.07,1547728801,2880.85,51.510194,7.461898,162.22,0.00,0.00,130.72,0,-80,-9,0,0,60,0,0,138
410.07,1547728801,2880.85,51.510194,7.461898,162.22,0.00,0.00,130.72,0,-83,-12,0,0,60,0,0,139
411.06,1547728802,2880.85,51.510194,7.461898,162.20,0.00,0.00,130.72,0,-88,-11,0,0,54,0,0,326
411.06,1547728802,2880.85,51.510194,7.461898,162.20,0.00,0.00,130.72,0,-78,-9,0,0,61,0,0,138
411.06,1547728802,2880.85,51.510194,7.461898,162.20,0.00,0.00,130.72,0,-82,-12,0,0,61,0,0,139
412.07,1547728803,2880.85,51.510194,7.461898,162.19,0.00,0.00,130.72,0,-88,-11,0,0,54,0,0,326
412.07,1547728803,2880.85,51.510194,7.461898,162.19,0.00,0.00,130.72,0,-78,-9,0,0,61,0,0,138
412.07,1547728803,2880.85,51.510194,7.461898,162.19,0.00,0.00,130.72,0,-82,-12,0,0,61,0,0,139
413.07,1547728804,2880.85,51.510194,7.461898,162.19,0.00,0.00,138.12,0,-87,-9,0,0,56,0,0,326
413.07,1547728804,2880.85,51.510194,7.461898,162.19,0.00,0.00,138.12,0,-79,-9,0,0,60,0,0,138
413.07,1547728804,2880.85,51.510194,7.461898,162.19,0.00,0.00,138.12,0,-82,-11,0,0,60,0,0,139
414.06,1547728805,2880.85,51.510194,7.461898,162.64,0.00,0.00,124.74,0,-87,-9,0,0,56,0,0,326
414.06,1547728805,2880.85,51.510194,7.461898,162.64,0.00,0.00,124.74,0,-79,-9,0,0,60,0,0,138
414.06,1547728805,2880.85,51.510194,7.461898,162.64,0.00,0.00,124.74,0,-82,-11,0,0,60,0,0,139
415.07,1547728806,2880.86,51.510090,7.462100,163.48,6.97,0.00,123.30,0,-90,-11,0,0,54,0,0,441
415.07,1547728806,2880.87,51.510090,7.462100,163.48,6.97,0.00,123.30,0,-75,-8,0,0,63,0,0,138
416.06,1547728807,2887.78,51.510054,7.462173,164.53,7.13,0.00,122.16,0,-90,-11,0,0,54,0,0,441
416.06,1547728807,2887.78,51.510054,7.462173,164.53,7.13,0.00,122.16,0,-75,-8,0,0,63,0,0,138
417.06,1547728808,2894.90,51.510023,7.462267,164.49,7.58,0.00,120.28,0,-90,-11,0,0,54,0,0,441
417.06,1547728808,2894.91,51.510023,7.462267,164.49,7.58,0.00,120.28,0,-75,-8,0,0,63,0,0,138
418.06,1547728809,2902.47,51.510004,7.462344,163.98,7.58,0.00,121.69,0,-75,-7,0,0,62,0,0,138
418.06,1547728809,2902.48,51.510004,7.462344,163.98,7.58,0.00,121.69,0,-80,-12,0,0,62,0,0,139
419.06,1547728810,2910.05,51.509985,7.462438,163.65,8.25,0.00,115.42,0,-75,-7,0,0,62,0,0,138
419.06,1547728810,2910.06,51.509985,7.462438,163.65,8.25,0.00,115.42,0,-80,-12,0,0,62,0,0,139
420.07,1547728811,2918.34,51.509950,7.462573,163.62,9.02,0.00,114.82,0,-72,-6,0,0,63,0,0,138
420.07,1547728811,2918.35,51.509950,7.462573,163.62,9.02,0.00,114.82,0,-78,-13,0,0,63,0,0,139
421.06,1547728812,2927.32,51.509914,7.462701,163.62,8.83,0.00,111.55,0,-72,-6,0,0,63,0,0,138
421.06,1547728812,2927.32,51.509914,7.462701,163.62,8.83,0.00,111.55,0,-78,-13,0,0,63,0,0,139
422.06,1547728813,2936.13,51.509889,7.462836,163.29,8.06,0.00,107.59,0,-74,-7,0,0,63,0,0,138
422.06,1547728813,2936.13,51.509889,7.462836,163.29,8.06,0.00,107.59,0,-80,-13,0,0,63,0,0,139
423.06,1547728814,2944.18,51.509887,7.462971,163.56,7.72,0.00,92.75,0,-74,-7,0,0,63,0,0,138
423.06,1547728814,2944.19,51.509887,7.462971,163.56,7.72,0.00,92.75,0,-80,-13,0,0,63,0,0,139
424.06,1547728815,2951.90,51.509884,7.463102,163.46,7.25,0.00,94.49,0,-77,-7,0,0,60,0,0,138
425.06,1547728816,2959.18,51.509884,7.463223,162.98,7.25,0.00,94.10,0,-77,-7,0,0,60,0,0,138
426.06,1547728817,2966.42,51.510243,7.463948,161.66,7.45,0.00,93.34,0,-71,-6,0,0,63,0,0,138
427.06,1547728818,2973.87,51.509890,7.463475,160.33,7.40,0.00,92.59,0,-71,-6,0,0,63,0,0,138
428.06,1547728819,2981.27,51.509891,7.463594,159.30,7.56,0.00,91.46,0,-78,-8,0,0,60,0,0,138
429.06,1547728820,2988.82,51.509891,7.463719,158.74,7.65,0.00,90.55,0,-78,-8,0,0,60,0,0,138
430.07,1547728821,2996.51,51.509892,7.463831,158.83,6.67,0.00,90.09,0,-73,-7,0,0,63,0,0,138
431.06,1547728822,3003.13,51.509888,7.463922,159.47,5.30,0.00,90.83,0,-73,-7,0,0,63,0,0,138
432.06,1547728823,3008.44,51.509886,7.463995,159.31,4.21,0.00,93.37,0,-74,-7,0,0,63,0,0,138
433.06,1547728824,3012.65,51.509884,7.464068,159.04,4.48,0.00,94.59,0,-74,-7,0,0,63,0,0,138
434.06,1547728825,3017.14,51.509879,7.464161,158.76,4.48,0.00,93.02,0,-73,-7,0,0,63,0,0,138
435.06,1547728826,3021.61,51.509874,7.464277,158.37,6.48,0.00,92.18,0,-73,-7,0,0,63,0,0,138
436.06,1547728827,3028.11,51.509869,7.464379,157.53,6.80,0.00,91.21,0,-89,-12,0,0,54,0,0,199
436.06,1547728827,3028.11,51.509869,7.464379,157.53,6.80,0.00,91.21,0,-74,-7,0,0,63,0,0,138
437.06,1547728828,3034.91,51.509864,7.464499,156.83,8.15,0.00,89.68,0,-89,-12,0,0,54,0,0,199
437.06,1547728828,3034.92,51.509864,7.464499,156.83,8.15,0.00,89.68,0,-74,-7,0,0,63,0,0,138
438.07,1547728829,3043.14,51.509867,7.464622,156.03,9.04,0.00,91.30,0,-89,-7,0,0,50,0,0,199
438.07,1547728829,3043.15,51.509867,7.464622,156.03,9.04,0.00,91.30,0,-76,-7,0,0,61,0,0,138
439.06,1547728830,3052.09,51.509879,7.464735,155.05,9.04,0.00,90.41,0,-89,-7,0,0,50,0,0,199
439.06,1547728830,3052.10,51.509879,7.464735,155.05,9.04,0.00,90.41,0,-76,-7,0,0,61,0,0,138
440.07,1547728831,3061.17,51.509878,7.464861,154.24,8.39,0.00,94.88,0,-89,-7,0,0,50,0,0,199
440.07,1547728831,3061.18,51.509878,7.464861,154.24,8.39,0.00,94.88,0,-76,-7,0,0,61,0,0,138
441.06,1547728832,3069.51,51.509885,7.465026,153.87,8.39,0.00,92.56,0,-93,-9,0,0,48,0,0,199
441.06,1547728832,3069.51,51.509885,7.465026,153.87,8.39,0.00,92.56,0,-98,-13,0,0,47,0,0,441
441.06,1547728832,3069.51,51.509885,7.465026,153.87,8.39,0.00,92.56,0,-69,-5,0,0,63,0,0,138
442.06,1547728833,3077.89,51.509889,7.465173,153.47,9.66,0.00,92.97,0,-93,-9,0,0,48,0,0,199
442.06,1547728833,3077.90,51.509889,7.465173,153.47,9.66,0.00,92.97,0,-98,-13,0,0,47,0,0,441
442.06,1547728833,3077.90,51.509889,7.465173,153.47,9.66,0.00,92.97,0,-69,-5,0,0,63,0,0,138
443.06,1547728834,3087.54,51.509889,7.465317,153.17,9.58,0.00,93.16,0,-95,-12,0,0,51,0,0,199
443.06,1547728834,3087.55,51.509889,7.465317,153.17,9.58,0.00,93.16,0,-66,-7,0,0,63,0,0,138
444.06,1547728835,3097.15,51.509889,7.465462,152.77,8.50,0.00,91.96,0,-95,-12,0,0,51,0,0,199
444.06,1547728835,3097.17,51.509889,7.465462,152.77,8.50,0.00,91.96,0,-66,-7,0,0,63,0,0,138
445.06,1547728836,3105.67,51.509886,7.465620,153.00,10.06,0.00,92.61,0,-94,-9,0,0,50,0,0,199
445.06,1547728836,3105.67,51.509886,7.465620,153.00,10.06,0.00,92.61,0,-66,-5,0,0,63,0,0,138
446.06,1547728837,3115.72,51.510243,7.463948,152.83,11.79,0.00,93.33,0,-94,-9,0,0,50,0,0,199
446.06,1547728837,3115.74,51.510243,7.463948,152.83,11.79,0.00,93.33,0,-66,-5,0,0,63,0,0,138
447.06,1547728838,3127.52,51.509870,7.465972,152.59,12.26,0.00,92.61,0,-93,-7,0,0,46,0,0,199
447.06,1547728838,3127.53,51.509870,7.465972,152.59,12.26,0.00,92.61,0,-66,-5,0,0,63,0,0,138
448.06,1547728839,3139.78,51.509866,7.466144,152.35,11.73,0.00,92.06,0,-93,-7,0,0,46,0,0,199
448.06,1547728839,3139.79,51.509866,7.466144,152.35,11.73,0.00,92.06,0,-66,-5,0,0,63,0,0,138
449.06,1547728840,3151.52,51.509861,7.466322,151.99,12.34,0.00,92.47,0,-93,-9,0,0,48,0,0,324
449.06,1547728840,3151.52,51.509861,7.466322,151.99,12.34,0.00,92.47,0,-95,-11,0,0,48,0,0,326
449.06,1547728840,3151.54,51.509861,7.466322,151.99,12.34,0.00,92.47,0,-67,-5,0,0,63,0,0,138
450.07,1547728841,3163.90,51.509857,7.466499,150.93,12.80,0.00,91.82,0,-93,-9,0,0,48,0,0,324
450.07,1547728841,3163.91,51.509857,7.466499,150.93,12.80,0.00,91.82,0,-95,-11,0,0,48,0,0,326
450.07,1547728841,3163.93,51.509857,7.466499,150.93,12.80,0.00,91.82,0,-67,-5,0,0,63,0,0,138
