time_s,timestamp_ms,distance_m,latitude,longitude,altitude,velocity_mps,acceleration_mpss,direction,isRegistered,rsrp_dbm,rsrq_db,rssnr_db,cqi,ss,ta,ci,pci
0.07,1547729652,0.00,51.509850,7.467498,152.80,12.23,0.00,94.97,1,-86,-5,27,15,51,2,13403661,21
1.08,1547729653,12.28,51.509837,7.467683,152.20,12.34,0.11,95.94,1,-86,-5,27,15,51,2,13403661,21
2.08,1547729654,24.62,51.509819,7.467867,151.60,12.12,-0.22,96.82,1,-87,-8,27,15,54,2,13403661,21
3.08,1547729655,36.74,51.509803,7.468031,151.33,11.64,-0.48,95.55,1,-87,-8,27,15,54,2,13403661,21
4.08,1547729656,48.38,51.509796,7.468189,151.06,11.29,-0.35,93.56,1,-84,-7,25,15,55,2,13403661,21
5.08,1547729657,59.65,51.509799,7.468356,150.83,11.33,0.04,90.69,1,-84,-7,25,15,55,2,13403661,21
6.08,1547729658,71.00,51.509802,7.468521,150.34,11.28,-0.05,88.56,1,-90,-7,9,11,49,2,13403661,21
7.08,1547729659,82.28,51.509829,7.468671,149.99,11.78,0.50,75.29,1,-90,-7,9,11,49,2,13403661,21
8.08,1547729660,94.06,51.509861,7.468840,149.40,11.93,0.15,73.80,1,-91,-8,10,6,50,2,13403661,21
9.08,1547729661,105.99,51.509901,7.469012,148.90,12.70,0.77,70.26,1,-91,-8,10,6,50,2,13403661,21
10.09,1547729662,118.82,51.509951,7.469178,148.09,13.04,0.33,66.41,1,-89,-8,-1,5,54,2,13403661,21
11.08,1547729663,131.79,51.510008,7.469358,147.39,13.91,0.88,63.69,1,-89,-8,-1,5,54,2,13403661,21
12.08,1547729664,145.64,51.510072,7.469535,146.50,14.29,0.38,61.90,1,-89,-8,-1,5,54,2,13403661,21
13.08,1547729665,159.93,51.510141,7.469708,145.82,14.41,0.12,60.28,1,-100,-14,0,5,50,6,14345743,21
14.08,1547729666,174.32,51.510210,7.469880,145.50,14.51,0.10,59.25,1,-100,-14,0,5,50,6,14345743,21
15.08,1547729667,188.83,51.510279,7.470059,144.54,14.58,0.08,58.41,1,-98,-8,8,5,43,6,14345743,399
16.08,1547729668,203.42,51.510350,7.470230,143.63,14.38,-0.21,56.65,1,-98,-8,8,5,43,6,14345743,399
17.08,1547729669,217.78,51.510426,7.470402,142.84,14.33,-0.04,55.38,1,-98,-8,25,6,41,6,14345743,399
18.08,1547729670,232.11,51.510513,7.470571,142.33,14.81,0.47,53.76,1,-98,-8,25,6,41,6,14345743,399
19.08,1547729671,246.97,51.510600,7.470735,141.67,14.60,-0.21,51.17,1,-103,-9,21,6,37,6,14345743,399
20.08,1547729672,261.55,51.510691,7.470895,141.62,14.79,0.20,48.19,1,-103,-9,21,6,37,6,14345743,399
21.08,1547729673,276.36,51.510789,7.471039,142.23,15.37,0.57,45.23,1,-102,-8,7,8,38,6,14345743,399
22.08,1547729674,291.72,51.510897,7.471182,141.84,15.72,0.36,43.26,1,-102,-8,7,8,38,6,14345743,399
23.08,1547729675,307.37,51.511013,7.471320,141.48,16.07,0.35,41.66,1,-100,-12,14,10,44,6,14345743,399
24.08,1547729676,323.44,51.511127,7.471462,141.05,16.10,0.03,40.70,1,-100,-12,14,10,44,6,14345743,399
25.08,1547729677,339.53,51.511241,7.471596,140.65,15.44,-0.66,40.26,1,-102,-6,16,12,37,6,14345743,399
26.08,1547729678,355.05,51.511354,7.471731,140.31,15.39,-0.05,39.70,1,-102,-6,16,12,37,6,14345743,399
27.08,1547729679,370.40,51.511467,7.471861,139.69,15.23,-0.17,38.81,1,-100,-8,16,10,41,6,14345743,399
28.08,1547729680,385.61,51.511577,7.471990,139.26,15.08,-0.15,39.40,1,-100,-8,16,10,41,6,14345743,399
29.08,1547729681,400.74,51.511688,7.472121,139.16,15.00,-0.08,39.47,1,-98,-6,18,15,40,6,14345743,399
30.08,1547729682,415.72,51.511796,7.472257,138.91,15.15,0.15,39.81,1,-98,-6,18,15,40,6,14345743,399
31.09,1547729683,431.00,51.511905,7.472391,138.88,15.30,0.15,39.20,1,-96,-7,20,11,42,6,14345743,399
32.08,1547729684,446.17,51.512010,7.472512,138.69,14.25,-1.06,37.65,1,-96,-7,20,11,42,6,14345743,399
33.08,1547729685,460.38,51.512113,7.472620,138.07,13.46,-0.79,34.53,1,-96,-7,20,11,42,6,14345743,399
34.08,1547729686,473.83,51.512223,7.472688,137.40,13.06,-0.40,21.08,1,-92,-10,21,15,50,6,14345743,399
35.08,1547729687,486.95,51.512341,7.472753,136.80,13.36,0.30,18.03,1,-92,-10,21,15,50,6,14345743,399
36.08,1547729688,500.31,51.512469,7.472801,136.57,13.80,0.43,14.26,1,-84,-6,38,15,54,6,14345743,399
37.08,1547729689,514.11,51.512602,7.472835,136.63,14.17,0.37,11.04,1,-84,-6,38,15,54,6,14345743,399
38.08,1547729690,528.26,51.512745,7.472862,137.47,15.35,1.18,8.78,1,-85,-6,36,1,54,6,14345743,399
39.08,1547729691,543.61,51.512888,7.472882,138.70,15.51,0.16,7.00,1,-85,-6,36,1,54,6,14345743,399
40.08,1547729692,559.13,51.513031,7.472897,140.30,15.37,-0.14,5.92,1,-95,-6,16,15,43,6,14345743,399
41.08,1547729693,574.56,51.513171,7.472912,141.98,14.85,-0.51,5.49,1,-95,-6,16,15,43,6,14345743,399
42.08,1547729694,589.38,51.513302,7.472922,143.30,13.68,-1.18,4.97,1,-97,-8,16,12,42,6,14345743,399
43.08,1547729695,603.04,51.513418,7.472929,144.50,11.79,-1.89,4.38,1,-97,-8,16,12,42,6,14345743,399
44.09,1547729696,614.93,51.513508,7.472932,145.34,9.15,-2.62,3.63,1,-104,-10,8,9,39,6,14345743,399
45.08,1547729697,624.00,51.513592,7.472937,145.97,8.76,-0.40,3.19,1,-104,-10,8,9,39,6,14345743,399
46.08,1547729698,632.77,51.513667,7.472938,146.29,7.65,-1.10,2.92,1,-103,-9,4,9,37,6,14345743,399
47.08,1547729699,640.42,51.513731,7.472934,146.07,6.18,-1.47,2.68,1,-103,-9,4,9,37,6,14345743,399
48.08,1547729700,646.61,51.513779,7.472936,145.92,4.53,-1.65,1.90,1,-105,-10,11,8,38,6,14345743,399
49.08,1547729701,651.14,51.513810,7.472932,145.92,2.65,-1.88,1.20,1,-105,-10,11,8,38,6,14345743,399
50.08,1547729702,653.78,51.513832,7.472925,145.95,1.19,-1.46,359.12,1,-99,-9,21,9,42,4,14345741,400
51.08,1547729703,654.98,51.513832,7.472925,145.96,0.00,-1.19,359.12,1,-99,-9,21,9,42,4,14345741,400
52.09,1547729704,654.98,51.513832,7.472925,145.97,0.00,0.00,359.12,1,-100,-9,14,11,42,4,14345741,400
53.08,1547729705,654.98,51.513832,7.472925,145.98,0.00,0.00,359.12,1,-100,-9,14,11,42,4,14345741,400
54.08,1547729706,654.98,51.513832,7.472925,146.00,0.00,0.00,359.12,1,-100,-9,14,11,42,4,14345741,400
55.08,1547729707,654.98,51.513832,7.472925,146.01,0.00,0.00,359.12,1,-101,-9,15,11,42,4,14345741,400
56.08,1547729708,654.98,51.513832,7.472925,146.19,0.00,0.00,359.12,1,-101,-9,15,11,42,4,14345741,400
57.08,1547729709,654.98,51.513832,7.472925,146.31,0.00,0.00,359.12,1,-99,-8,16,14,40,4,14345741,400
58.08,1547729710,654.98,51.513927,7.472911,146.80,0.00,0.00,1.50,1,-99,-8,16,14,40,4,14345741,400
59.08,1547729711,654.98,51.513927,7.472911,146.69,0.00,0.00,1.10,1,-99,-7,25,10,40,4,14345741,400
60.08,1547729712,654.98,51.514028,7.472907,146.24,7.15,0.00,1.86,1,-99,-7,25,10,40,4,14345741,400
61.08,1547729713,662.14,51.514090,7.472909,145.13,7.44,0.28,2.03,1,-99,-10,21,9,42,4,14345741,400
62.08,1547729714,669.55,51.514154,7.472908,144.06,7.44,0.00,1.50,1,-99,-10,21,9,42,4,14345741,400
63.08,1547729715,676.98,51.514241,7.472919,143.10,9.43,1.99,3.47,1,-97,-9,15,6,44,4,14345741,400
64.08,1547729716,686.40,51.514340,7.472932,142.02,10.60,1.17,3.50,1,-97,-9,15,6,44,4,14345741,400
65.08,1547729717,697.00,51.514437,7.472943,141.22,9.61,-0.99,3.96,1,-102,-9,14,11,38,4,14345741,400
66.08,1547729718,706.65,51.514513,7.472953,141.29,7.96,-1.65,4.52,1,-102,-9,14,11,38,4,14345741,400
67.08,1547729719,714.60,51.514576,7.472957,141.98,6.60,-1.35,5.20,1,-101,-8,27,11,39,4,14345741,400
68.08,1547729720,721.20,51.514621,7.472964,142.93,4.78,-1.83,4.73,1,-101,-8,27,11,39,4,14345741,400
69.08,1547729721,725.98,51.514665,7.472972,143.59,4.45,-0.33,4.69,1,-100,-8,19,7,40,4,14345741,400
70.08,1547729722,730.43,51.514699,7.472981,143.69,3.40,-1.05,3.97,1,-100,-8,19,7,40,4,14345741,400
71.08,1547729723,733.83,51.514725,7.472991,143.73,1.93,-1.46,4.73,1,-102,-9,15,11,39,4,14345741,400
72.09,1547729724,735.77,51.514725,7.472991,143.73,0.00,-1.92,4.73,1,-102,-9,15,11,39,4,14345741,400
73.09,1547729725,735.77,51.514725,7.472991,143.73,0.00,0.00,4.73,1,-102,-10,12,9,41,4,14345741,400
74.08,1547729726,735.77,51.514725,7.472991,143.72,0.00,0.00,4.73,1,-102,-10,12,9,41,4,14345741,400
75.08,1547729727,735.77,51.514725,7.472991,143.71,0.00,0.00,4.73,1,-102,-10,12,9,41,4,14345741,400
76.08,1547729728,735.77,51.514725,7.472991,143.71,0.00,0.00,4.73,1,-102,-9,29,11,39,4,14345741,400
77.08,1547729729,735.77,51.514725,7.472991,143.71,0.00,0.00,4.73,1,-102,-9,29,11,39,4,14345741,400
78.08,1547729730,735.77,51.514725,7.472991,143.71,0.00,0.00,4.73,1,-101,-7,30,12,37,4,14345741,400
79.08,1547729731,735.77,51.514725,7.472991,143.71,0.00,0.00,4.73,1,-101,-7,30,12,37,4,14345741,400
80.08,1547729732,735.77,51.514725,7.472991,143.71,0.00,0.00,4.73,1,-102,-9,29,12,39,4,14345741,400
81.08,1547729733,735.77,51.514725,7.472991,143.70,0.00,0.00,4.73,1,-102,-9,29,12,39,4,14345741,400
82.08,1547729734,735.77,51.514725,7.472991,143.69,0.00,0.00,4.73,1,-101,-10,25,12,40,4,14345741,400
83.08,1547729735,735.77,51.514725,7.472991,143.68,0.00,0.00,4.73,1,-101,-10,25,12,40,4,14345741,400
84.08,1547729736,735.77,51.514725,7.472991,143.66,0.00,0.00,4.73,1,-102,-10,28,10,39,4,14345741,400
85.08,1547729737,735.77,51.514725,7.472991,143.65,0.00,0.00,4.73,1,-102,-10,28,10,39,4,14345741,400
86.08,1547729738,735.77,51.514725,7.472991,143.63,0.00,0.00,4.73,1,-102,-11,25,10,41,4,14345741,400
87.08,1547729739,735.77,51.514725,7.472991,143.61,0.00,0.00,4.73,1,-102,-11,25,10,41,4,14345741,400
88.08,1547729740,735.77,51.514725,7.472991,143.59,0.00,0.00,4.73,1,-101,-9,27,10,39,4,14345741,400
89.08,1547729741,735.77,51.514725,7.472991,143.56,0.00,0.00,4.73,1,-101,-9,27,10,39,4,14345741,400
90.08,1547729742,735.77,51.514725,7.472991,143.54,0.00,0.00,4.73,1,-101,-10,28,10,40,4,14345741,400
91.08,1547729743,735.77,51.514725,7.472991,143.51,0.00,0.00,4.73,1,-101,-10,28,10,40,4,14345741,400
92.08,1547729744,735.77,51.514725,7.472991,143.49,0.00,0.00,4.73,1,-102,-9,17,11,39,4,14345741,400
93.08,1547729745,735.77,51.514725,7.472991,143.47,0.00,0.00,4.73,1,-102,-9,17,11,39,4,14345741,400
94.08,1547729746,735.77,51.514725,7.472991,143.44,0.00,0.00,4.73,1,-102,-10,16,10,40,4,14345741,400
95.08,1547729747,735.77,51.514725,7.472991,143.42,0.00,0.00,4.73,1,-102,-10,16,10,40,4,14345741,400
96.08,1547729748,735.77,51.514725,7.472991,143.40,0.00,0.00,4.73,1,-102,-10,16,10,40,4,14345741,400
97.08,1547729749,735.77,51.514725,7.472991,143.38,0.00,0.00,4.73,1,-102,-9,10,5,39,4,14345741,400
98.08,1547729750,735.77,51.514725,7.472991,143.36,0.00,0.00,4.73,1,-102,-9,10,5,39,4,14345741,400
99.08,1547729751,735.77,51.514725,7.472991,143.34,0.00,0.00,4.73,1,-102,-11,26,11,41,4,14345741,400
100.08,1547729752,735.77,51.514725,7.472991,143.33,0.00,0.00,4.73,1,-102,-11,26,11,41,4,14345741,400
101.08,1547729753,735.77,51.514725,7.472991,143.32,0.00,0.00,4.73,1,-101,-8,31,11,38,4,14345741,400
102.08,1547729754,735.77,51.514725,7.472991,143.31,0.00,0.00,4.73,1,-101,-8,31,11,38,4,14345741,400
103.08,1547729755,735.77,51.514725,7.472991,143.31,0.00,0.00,4.73,1,-101,-9,19,11,38,4,14345741,400
104.08,1547729756,735.77,51.514725,7.472991,143.31,0.00,0.00,4.73,1,-101,-9,19,11,38,4,14345741,400
105.08,1547729757,735.77,51.514725,7.472991,143.32,0.00,0.00,4.73,1,-101,-8,25,12,38,4,14345741,400
106.08,1547729758,735.77,51.514725,7.472991,143.33,0.00,0.00,4.73,1,-101,-8,25,12,38,4,14345741,400
107.08,1547729759,735.77,51.514725,7.472991,143.34,0.00,0.00,4.73,1,-101,-8,32,12,38,4,14345741,400
108.08,1547729760,735.77,51.514725,7.472991,143.35,0.00,0.00,4.73,1,-101,-8,32,12,38,4,14345741,400
109.08,1547729761,735.77,51.514725,7.472991,143.36,0.00,0.00,4.73,1,-101,-9,24,5,39,4,14345741,400
110.08,1547729762,735.77,51.514725,7.472991,143.37,0.00,0.00,4.73,1,-101,-9,24,5,39,4,14345741,400
111.08,1547729763,735.77,51.514725,7.472991,143.38,0.00,0.00,4.73,1,-101,-8,18,11,39,4,14345741,400
112.08,1547729764,735.77,51.514725,7.472991,143.39,0.00,0.00,4.73,1,-101,-8,18,11,39,4,14345741,400
113.08,1547729765,735.77,51.514725,7.472991,143.40,0.00,0.00,4.73,1,-102,-9,17,9,39,4,14345741,400
114.08,1547729766,735.77,51.514725,7.472991,143.41,0.00,0.00,4.73,1,-102,-9,17,9,39,4,14345741,400
115.08,1547729767,735.77,51.514725,7.472991,143.42,0.00,0.00,4.73,1,-101,-12,16,10,42,4,14345741,400
116.08,1547729768,735.77,51.514725,7.472991,143.43,0.00,0.00,4.73,1,-101,-12,16,10,42,4,14345741,400
117.08,1547729769,735.77,51.514725,7.472991,143.44,0.00,0.00,4.73,1,-101,-12,16,10,42,4,14345741,400
118.08,1547729770,735.77,51.514725,7.472991,143.46,0.00,0.00,4.73,1,-102,-12,26,1,42,4,14345741,400
119.08,1547729771,735.77,51.514725,7.472991,143.47,0.00,0.00,4.73,1,-102,-12,26,1,42,4,14345741,400
120.08,1547729772,735.77,51.514725,7.472991,143.49,0.00,0.00,4.73,1,-101,-10,20,11,41,4,14345741,400
121.08,1547729773,735.77,51.514725,7.472991,143.50,0.00,0.00,4.73,1,-101,-10,20,11,41,4,14345741,400
122.08,1547729774,735.77,51.514725,7.472991,143.52,0.00,0.00,4.73,1,-101,-9,30,11,39,4,14345741,400
123.08,1547729775,735.77,51.514725,7.472991,143.53,0.00,0.00,4.73,1,-101,-9,30,11,39,4,14345741,400
124.08,1547729776,735.77,51.514725,7.472991,143.54,0.00,0.00,4.73,1,-102,-10,19,14,40,4,14345741,400
125.08,1547729777,735.77,51.514725,7.472991,143.58,0.00,0.00,2.79,1,-102,-10,19,14,40,4,14345741,400
126.08,1547729778,735.77,51.514804,7.472996,143.79,0.00,0.00,2.44,1,-103,-9,12,11,39,4,14345741,400
127.08,1547729779,735.77,51.514876,7.472998,143.96,7.95,0.00,3.29,1,-103,-9,12,11,39,4,14345741,400
128.08,1547729780,743.73,51.514956,7.473003,144.33,9.06,1.11,3.00,1,-103,-9,14,11,38,4,14345741,400
129.08,1547729781,752.79,51.515047,7.473011,144.24,10.07,1.01,2.41,1,-103,-9,14,11,38,4,14345741,400
130.08,1547729782,762.87,51.515149,7.473018,143.52,11.11,1.04,1.07,1,-103,-9,16,10,38,4,14345741,400
131.08,1547729783,773.94,51.515253,7.473016,142.73,11.24,0.13,359.11,1,-103,-9,16,10,38,4,14345741,400
132.08,1547729784,785.17,51.515353,7.473007,141.86,11.42,0.18,356.84,1,-102,-10,13,12,40,4,14345741,400
133.08,1547729785,796.59,51.515464,7.472981,140.69,12.82,1.40,353.43,1,-102,-10,13,12,40,4,14345741,400
134.08,1547729786,809.44,51.515580,7.472937,139.45,14.22,1.40,350.00,1,-98,-7,19,14,41,4,14345741,400
135.08,1547729787,823.66,51.515699,7.472874,138.10,15.12,0.91,346.01,1,-98,-7,19,14,41,4,14345741,400
136.09,1547729788,838.89,51.515829,7.472788,136.90,16.28,1.14,341.92,1,-101,-7,24,10,38,4,14345741,400
137.08,1547729789,855.05,51.515946,7.472651,136.22,16.43,0.15,326.71,1,-101,-7,24,10,38,4,14345741,400
138.08,1547729790,871.48,51.516069,7.472504,135.76,17.11,0.69,324.82,1,-101,-7,24,10,38,4,14345741,400
139.08,1547729791,888.59,51.516187,7.472339,135.03,17.36,0.25,321.31,1,-105,-8,22,5,35,4,14345741,400
140.08,1547729792,905.95,51.516276,7.472148,134.55,16.15,-1.21,308.06,1,-105,-8,22,5,35,4,14345741,400
141.08,1547729793,922.11,51.516360,7.471949,133.88,15.84,-0.31,306.72,1,-102,-7,28,1,37,4,14345741,400
142.08,1547729794,937.89,51.516444,7.471738,132.89,16.65,0.81,304.78,1,-102,-7,28,1,37,4,14345741,400
143.08,1547729795,954.54,51.516524,7.471511,131.57,17.67,1.02,301.27,1,-105,-8,13,9,35,4,14345741,400
144.08,1547729796,972.26,51.516593,7.471283,130.54,17.67,0.00,298.47,1,-105,-8,13,9,35,4,14345741,400
145.08,1547729797,989.93,51.516657,7.471061,129.63,16.90,-0.77,297.06,1,-103,-9,12,8,38,4,14345741,400
146.08,1547729798,1006.85,51.516715,7.470844,129.32,16.25,-0.65,296.54,1,-103,-9,12,8,38,4,14345741,400
147.08,1547729799,1023.08,51.516772,7.470617,129.35,15.97,-0.28,295.98,1,-106,-8,21,8,34,4,14345741,400
148.08,1547729800,1039.05,51.516825,7.470399,129.44,15.79,-0.18,294.36,1,-106,-8,21,8,34,4,14345741,400
149.08,1547729801,1054.86,51.516873,7.470186,129.54,15.55,-0.24,292.46,1,-108,-10,20,8,34,4,14345741,400
150.08,1547729802,1070.40,51.516913,7.469977,129.71,15.08,-0.47,290.91,1,-108,-10,20,8,34,4,14345741,400
151.08,1547729803,1085.51,51.516928,7.469754,129.90,15.08,0.00,292.51,1,-109,-10,21,6,33,4,14345741,400
152.08,1547729804,1100.56,51.516955,7.469495,131.06,15.46,0.38,290.32,1,-109,-10,21,6,33,4,14345741,400
153.08,1547729805,1116.01,51.517002,7.469284,131.98,15.25,-0.22,287.72,1,-110,-11,6,6,32,4,14345741,400
154.08,1547729806,1131.31,51.517042,7.469088,132.73,15.47,0.22,288.17,1,-110,-11,6,6,32,4,14345741,400
155.08,1547729807,1146.81,51.517084,7.468905,132.64,14.21,-1.25,288.79,1,-113,-11,2,7,29,13,12903169,400
156.08,1547729808,1161.00,51.517121,7.468743,132.35,12.20,-2.01,289.21,1,-113,-11,2,7,29,13,12903169,400
157.09,1547729809,1173.33,51.517151,7.468613,132.44,10.53,-1.65,289.99,1,-92,-14,0,4,47,13,12903169,15
158.09,1547729810,1183.78,51.517184,7.468473,132.58,10.57,0.04,290.75,1,-92,-14,0,4,47,13,12903169,15
159.08,1547729811,1194.34,51.517221,7.468309,132.89,11.98,1.41,291.31,1,-92,-14,0,4,47,13,12903169,15
160.08,1547729812,1206.27,51.517257,7.468151,133.55,10.98,-1.01,292.16,1,-91,-13,0,5,48,13,12903169,15
161.08,1547729813,1217.26,51.517288,7.468023,134.17,9.25,-1.73,292.64,1,-91,-13,0,5,48,13,12903169,15
162.08,1547729814,1226.51,51.517318,7.467919,134.27,7.23,-2.02,294.04,1,-92,-14,-2,4,47,13,12903169,15
163.08,1547729815,1233.73,51.517348,7.467830,133.53,5.99,-1.24,296.00,1,-92,-14,-2,4,47,13,12903169,15
164.08,1547729816,1239.73,51.517384,7.467717,132.80,7.08,1.09,297.98,1,-94,-15,-1,4,46,13,12903169,15
165.08,1547729817,1246.81,51.517421,7.467601,132.74,8.63,1.55,298.62,1,-94,-15,-1,4,46,13,12903169,15
166.08,1547729818,1255.44,51.517461,7.467472,133.18,10.06,1.43,298.14,1,-94,-15,-4,4,45,13,12903169,15
167.08,1547729819,1265.51,51.517506,7.467328,133.64,11.05,0.99,297.56,1,-94,-15,-4,4,45,13,12903169,15
168.08,1547729820,1276.54,51.517557,7.467182,133.34,11.88,0.83,296.58,1,-91,-14,-7,4,47,24,12904963,191
169.08,1547729821,1288.42,51.517608,7.467022,132.85,13.30,1.42,294.59,1,-91,-14,-7,4,47,24,12904963,191
170.08,1547729822,1301.75,51.517656,7.466842,132.60,14.62,1.31,292.42,1,-97,-20,-9,1,47,24,12904963,191
171.08,1547729823,1316.35,51.517701,7.466647,132.51,15.45,0.83,290.34,1,-97,-20,-9,1,47,24,12904963,191
172.08,1547729824,1331.80,51.517743,7.466429,132.03,16.41,0.96,288.03,1,-93,-16,-3,2,51,22,14122754,176
173.08,1547729825,1348.22,51.517776,7.466215,132.39,16.44,0.03,285.51,1,-93,-16,-3,2,51,22,14122754,176
174.08,1547729826,1364.69,51.517803,7.465993,132.36,15.77,-0.67,283.02,1,-96,-19,-3,1,48,22,14122754,176
175.08,1547729827,1380.46,51.517821,7.465793,132.37,14.15,-1.62,280.83,1,-96,-19,-3,1,48,22,14122754,176
176.08,1547729828,1394.57,51.517837,7.465603,131.80,12.74,-1.41,278.90,1,-91,-15,-2,4,50,22,14122754,176
177.08,1547729829,1407.32,51.517847,7.465445,130.92,10.26,-2.48,277.38,1,-91,-15,-2,4,50,22,14122754,176
178.08,1547729830,1417.61,51.517855,7.465314,130.21,8.18,-2.07,276.61,1,-92,-19,-7,4,51,7,12899841,18
179.08,1547729831,1425.79,51.517859,7.465179,129.38,8.82,0.65,275.10,1,-92,-19,-7,4,51,7,12899841,18
180.08,1547729832,1434.62,51.517856,7.464999,129.35,10.87,2.04,271.87,1,-92,-19,-7,4,51,7,12899841,18
181.08,1547729833,1445.42,51.517850,7.464835,129.64,11.00,0.14,269.03,1,-88,-13,-8,6,50,13,13420546,139
182.08,1547729834,1456.45,51.517839,7.464675,129.90,10.65,-0.35,266.50,1,-88,-13,-8,6,50,13,13420546,139
183.08,1547729835,1467.11,51.517825,7.464523,129.99,10.33,-0.32,264.28,1,-89,-14,-2,5,50,13,13420546,139
184.08,1547729836,1477.44,51.517809,7.464380,130.35,9.91,-0.42,262.04,1,-89,-14,-2,5,50,13,13420546,139
185.08,1547729837,1487.36,51.517790,7.464247,130.37,9.46,-0.46,259.53,1,-88,-13,0,5,50,13,13420546,139
186.08,1547729838,1496.81,51.517771,7.464126,129.83,8.68,-0.78,257.05,1,-88,-13,0,5,50,13,13420546,139
187.08,1547729839,1505.45,51.517748,7.464013,129.40,7.56,-1.12,254.63,1,-87,-13,1,5,51,13,13420546,139
188.08,1547729840,1513.03,51.517728,7.463906,129.21,7.22,-0.35,254.24,1,-87,-13,1,5,51,13,13420546,139
189.08,1547729841,1520.27,51.517708,7.463806,129.12,6.70,-0.51,253.90,1,-90,-14,0,4,50,13,13420546,139
190.08,1547729842,1526.97,51.517682,7.463703,129.02,7.37,0.67,252.37,1,-90,-14,0,4,50,13,13420546,139
191.08,1547729843,1534.34,51.517653,7.463596,128.59,7.66,0.28,250.41,1,-94,-15,0,6,47,13,13420546,139
192.08,1547729844,1541.99,51.517623,7.463490,127.90,7.54,-0.11,249.10,1,-94,-15,0,6,47,13,13420546,139
193.08,1547729845,1549.54,51.517600,7.463402,127.33,6.16,-1.38,248.49,1,-98,-18,-5,3,45,13,13420546,139
194.08,1547729846,1555.71,51.517579,7.463327,126.87,5.32,-0.84,247.55,1,-98,-18,-5,3,45,13,13420546,139
195.09,1547729847,1561.05,51.517554,7.463233,126.61,6.72,1.39,247.11,1,-98,-20,-7,1,46,13,13420546,139
196.08,1547729848,1567.74,51.517525,7.463126,126.47,7.77,1.05,246.98,1,-98,-20,-7,1,46,13,13420546,139
197.08,1547729849,1575.51,51.517494,7.463007,126.23,8.82,1.05,247.35,1,-93,-15,-8,2,50,7,12899842,19
198.08,1547729850,1584.34,51.517459,7.462884,126.63,9.28,0.47,246.52,1,-93,-15,-8,2,50,7,12899842,19
199.09,1547729851,1593.69,51.517419,7.462759,127.97,9.44,0.16,245.65,1,-94,-15,-4,4,46,6,12899842,19
200.08,1547729852,1603.06,51.517382,7.462634,129.28,9.05,-0.39,246.94,1,-94,-15,-4,4,46,6,12899842,19
201.08,1547729853,1612.10,51.517353,7.462521,130.57,8.67,-0.38,247.47,1,-94,-15,-4,4,46,6,12899842,19
202.08,1547729854,1620.78,51.517331,7.462416,130.79,8.42,-0.26,248.08,1,-88,-16,-3,4,52,6,12899842,19
203.08,1547729855,1629.20,51.517308,7.462304,130.94,8.75,0.33,247.38,1,-88,-16,-3,4,52,6,12899842,19
204.08,1547729856,1637.90,51.517284,7.462192,130.91,8.76,0.01,249.00,1,-85,-13,-1,5,54,6,12899842,19
205.08,1547729857,1646.69,51.517263,7.462079,130.72,8.77,0.02,250.63,1,-85,-13,-1,5,54,6,12899842,19
206.08,1547729858,1655.47,51.517243,7.461972,130.87,8.21,-0.56,251.17,1,-90,-14,-2,5,50,6,12899842,19
207.08,1547729859,1663.69,51.517230,7.461894,131.03,5.69,-2.52,255.03,1,-90,-14,-2,5,50,6,12899842,19
208.08,1547729860,1669.37,51.517221,7.461834,131.11,3.87,-1.82,258.90,1,-87,-14,-2,6,52,6,12899842,19
209.08,1547729861,1673.24,51.517208,7.461763,132.13,4.56,0.69,258.24,1,-87,-14,-2,6,52,6,12899842,19
210.08,1547729862,1677.80,51.517202,7.461682,133.64,5.41,0.86,272.46,1,-82,-12,1,5,55,6,12899842,19
211.08,1547729863,1683.21,51.517205,7.461585,135.44,6.69,1.28,273.75,1,-82,-12,1,5,55,6,12899842,19
212.08,1547729864,1689.91,51.517184,7.461440,137.03,10.30,3.61,258.65,1,-84,-12,3,5,53,6,12899842,19
213.08,1547729865,1700.21,51.517150,7.461253,138.26,13.66,3.35,254.86,1,-84,-12,3,5,53,6,12899842,19
214.08,1547729866,1713.88,51.517116,7.461068,139.17,13.35,-0.31,254.53,1,-84,-14,2,6,55,6,12899842,19
215.08,1547729867,1727.21,51.517071,7.460862,139.58,14.41,1.06,254.15,1,-84,-14,2,6,55,6,12899842,19
216.08,1547729868,1741.62,51.517023,7.460648,139.88,15.25,0.84,253.82,1,-78,-13,2,5,60,6,12899842,19
217.08,1547729869,1756.81,51.516976,7.460435,139.97,15.16,-0.09,253.07,1,-78,-13,2,5,60,6,12899842,19
218.08,1547729870,1772.01,51.516931,7.460226,139.79,15.03,-0.14,253.06,1,-81,-10,5,10,56,6,12899842,19
219.08,1547729871,1787.03,51.516889,7.460023,139.62,14.11,-0.92,254.72,1,-81,-10,5,10,56,6,12899842,19
220.08,1547729872,1801.15,51.516848,7.459817,139.40,14.30,0.18,255.64,1,-83,-12,4,5,55,6,12899842,19
221.08,1547729873,1815.46,51.516812,7.459615,139.37,14.23,-0.07,256.12,1,-83,-12,4,5,55,6,12899842,19
222.08,1547729874,1829.74,51.516778,7.459412,139.14,13.96,-0.26,256.70,1,-79,-10,6,10,56,6,12899842,19
223.08,1547729875,1843.68,51.516750,7.459219,137.89,13.76,-0.20,257.27,1,-79,-10,6,10,56,6,12899842,19
224.08,1547729876,1857.40,51.516727,7.459022,136.75,13.60,-0.16,257.79,1,-79,-10,6,10,56,6,12899842,19
225.08,1547729877,1871.01,51.516703,7.458829,135.65,13.41,-0.19,258.14,1,-76,-11,9,10,61,6,12899842,19
226.08,1547729878,1884.43,51.516680,7.458646,135.05,12.94,-0.47,258.09,1,-76,-11,9,10,61,6,12899842,19
227.08,1547729879,1897.34,51.516658,7.458477,134.48,11.84,-1.10,258.02,1,-76,-11,10,8,61,6,12899842,19
228.08,1547729880,1909.19,51.516634,7.458320,133.95,10.55,-1.29,257.53,1,-76,-11,10,8,61,6,12899842,19
229.08,1547729881,1919.73,51.516616,7.458180,134.11,9.81,-0.74,258.18,1,-70,-8,13,10,62,6,12899842,19
230.08,1547729882,1929.53,51.516601,7.458057,133.92,8.52,-1.28,258.83,1,-70,-8,13,10,62,6,12899842,19
231.08,1547729883,1938.07,51.516585,7.457950,134.45,7.28,-1.24,258.32,1,-67,-11,14,11,63,6,12899842,19
232.08,1547729884,1945.35,51.516570,7.457852,134.70,6.07,-1.20,257.69,1,-67,-11,14,11,63,6,12899842,19
233.08,1547729885,1951.42,51.516558,7.457781,134.70,4.36,-1.72,258.52,1,-68,-11,17,11,63,6,12899842,19
234.08,1547729886,1955.78,51.516548,7.457723,134.72,3.73,-0.63,257.87,1,-68,-11,17,11,63,6,12899842,19
235.08,1547729887,1959.51,51.516540,7.457680,134.76,2.76,-0.97,259.31,1,-70,-9,16,9,63,6,12899842,19
236.08,1547729888,1962.26,51.516529,7.457648,134.98,1.88,-0.88,258.02,1,-70,-9,16,9,63,6,12899842,19
237.08,1547729889,1964.14,51.516522,7.457601,135.13,1.79,-0.09,258.35,1,-70,-6,17,11,60,6,12899842,19
238.08,1547729890,1965.93,51.516517,7.457567,135.29,1.75,-0.04,258.04,1,-70,-6,17,11,60,6,12899842,19
239.08,1547729891,1967.69,51.516513,7.457536,135.38,1.67,-0.08,244.89,1,-67,-11,17,11,63,6,12899842,19
240.08,1547729892,1969.36,51.516509,7.457511,135.47,1.08,-0.60,253.40,1,-67,-11,17,11,63,6,12899842,19
241.08,1547729893,1970.43,51.516509,7.457511,135.48,0.00,-1.07,253.40,1,-63,-10,17,11,63,6,12899842,19
242.08,1547729894,1970.43,51.516509,7.457511,135.49,0.00,0.00,253.40,1,-63,-10,17,11,63,6,12899842,19
243.09,1547729895,1970.43,51.516509,7.457511,135.49,0.00,0.00,253.40,1,-63,-10,19,11,63,6,12899842,19
244.08,1547729896,1970.43,51.516509,7.457511,135.50,0.00,0.00,253.40,1,-63,-10,19,11,63,6,12899842,19
245.08,1547729897,1970.43,51.516509,7.457511,135.49,0.00,0.00,253.40,1,-63,-10,19,11,63,6,12899842,19
246.08,1547729898,1970.43,51.516509,7.457511,135.49,0.00,0.00,253.40,1,-64,-10,18,12,63,6,12899842,19
247.08,1547729899,1970.43,51.516509,7.457511,135.41,0.00,0.00,253.40,1,-64,-10,18,12,63,6,12899842,19
248.08,1547729900,1970.43,51.516509,7.457511,135.33,0.00,0.00,258.82,1,-65,-10,17,14,63,6,12899842,19
249.08,1547729901,1970.43,51.516509,7.457511,135.29,0.00,0.00,252.22,1,-65,-10,17,14,63,6,12899842,19
250.08,1547729902,1970.43,51.516490,7.457375,135.13,4.26,0.00,255.53,1,-69,-11,17,11,63,6,12899842,19
251.08,1547729903,1974.69,51.516483,7.457313,134.95,4.23,-0.03,257.10,1,-69,-11,17,11,63,6,12899842,19
252.08,1547729904,1978.92,51.516475,7.457259,134.98,3.77,-0.46,256.40,1,-66,-11,15,11,63,6,12899842,19
253.08,1547729905,1982.70,51.516467,7.457208,134.99,3.18,-0.59,255.49,1,-66,-11,15,11,63,6,12899842,19
254.08,1547729906,1985.87,51.516458,7.457160,134.97,3.14,-0.04,257.05,1,-72,-10,13,13,63,6,12899842,19
255.08,1547729907,1989.01,51.516446,7.457103,134.87,4.32,1.17,256.87,1,-72,-10,13,13,63,6,12899842,19
256.08,1547729908,1993.33,51.516429,7.457027,134.93,5.61,1.30,255.32,1,-73,-11,13,9,63,6,12899842,19
257.08,1547729909,1998.94,51.516409,7.456930,134.69,6.90,1.29,254.10,1,-73,-11,13,9,63,6,12899842,19
258.08,1547729910,2005.83,51.516387,7.456827,134.02,7.54,0.64,252.50,1,-68,-8,12,14,63,6,12899842,19
259.08,1547729911,2013.37,51.516363,7.456734,133.55,7.41,-0.13,251.06,1,-68,-8,12,14,63,6,12899842,19
260.08,1547729912,2020.78,51.516339,7.456660,133.30,5.18,-2.22,248.38,1,-68,-8,12,12,63,6,12899842,19
261.08,1547729913,2025.96,51.516318,7.456615,133.30,2.59,-2.59,245.12,1,-68,-8,12,12,63,6,12899842,19
262.08,1547729914,2028.56,51.516292,7.456558,133.33,3.40,0.81,241.16,1,-67,-11,11,11,63,6,12899842,19
263.08,1547729915,2031.95,51.516269,7.456473,133.76,5.57,2.17,241.71,1,-67,-11,11,11,63,6,12899842,19
264.09,1547729916,2037.56,51.516239,7.456372,134.43,7.68,2.09,240.94,1,-67,-11,12,10,63,6,12899842,19
265.08,1547729917,2045.17,51.516196,7.456250,135.72,9.61,1.95,239.92,1,-67,-11,12,10,63,6,12899842,19
266.08,1547729918,2054.80,51.516147,7.456118,136.65,10.39,0.78,238.75,1,-67,-11,12,10,63,6,12899842,19
267.08,1547729919,2065.19,51.516089,7.455983,136.56,11.10,0.71,236.53,1,-67,-11,13,9,63,6,12899842,19
268.08,1547729920,2076.29,51.516035,7.455861,136.35,10.39,-0.71,235.62,1,-67,-11,13,9,63,6,12899842,19
269.08,1547729921,2086.68,51.515962,7.455709,135.85,12.78,2.40,233.03,1,-73,-10,11,10,62,6,12899842,19
270.08,1547729922,2099.47,51.515884,7.455578,135.65,12.06,-0.72,229.20,1,-73,-10,11,10,62,6,12899842,19
271.08,1547729923,2111.52,51.515805,7.455458,134.98,11.43,-0.63,225.15,1,-84,-13,10,5,53,6,12899842,19
272.08,1547729924,2122.96,51.515715,7.455377,134.45,10.93,-0.50,210.45,1,-84,-13,10,5,53,6,12899842,19
273.08,1547729925,2133.88,51.515622,7.455296,133.81,11.12,0.19,208.84,1,-87,-12,6,4,50,6,12899842,19
274.08,1547729926,2145.03,51.515538,7.455220,132.61,10.27,-0.85,207.71,1,-87,-12,6,4,50,6,12899842,19
275.08,1547729927,2155.28,51.515452,7.455161,131.42,10.01,-0.26,204.01,1,-89,-13,3,3,50,6,12899842,19
276.08,1547729928,2165.28,51.515365,7.455140,131.27,9.53,-0.48,186.71,1,-89,-13,3,3,50,6,12899842,19
277.08,1547729929,2174.81,51.515276,7.455121,131.67,9.65,0.12,186.22,1,-92,-15,-1,3,47,6,12899842,19
278.08,1547729930,2184.47,51.515183,7.455114,131.67,10.26,0.61,183.41,1,-92,-15,-1,3,47,6,12899842,19
279.08,1547729931,2194.73,51.515085,7.455112,132.48,11.03,0.78,180.78,1,-92,-15,-4,3,48,6,12899842,19
280.08,1547729932,2205.77,51.514981,7.455119,133.30,11.97,0.94,178.26,1,-92,-15,-4,3,48,6,12899842,19
281.08,1547729933,2217.73,51.514865,7.455140,134.12,13.16,1.19,176.23,1,-86,-14,-4,5,53,6,12899842,19
282.08,1547729934,2230.90,51.514745,7.455169,134.86,13.79,0.63,174.45,1,-86,-14,-4,5,53,6,12899842,19
283.08,1547729935,2244.65,51.514622,7.455205,135.38,13.80,0.01,173.35,1,-75,-7,-7,6,57,7,12898817,168
284.08,1547729936,2258.45,51.514509,7.455237,135.49,12.78,-1.02,172.48,1,-75,-7,-7,6,57,7,12898817,168
285.09,1547729937,2271.38,51.514408,7.455271,135.43,10.96,-1.80,171.94,1,-89,-15,-4,4,52,7,12898817,168
286.08,1547729938,2282.25,51.514326,7.455301,135.50,8.46,-2.52,171.76,1,-89,-15,-4,4,52,7,12898817,168
287.08,1547729939,2290.71,51.514259,7.455328,135.79,6.44,-2.02,170.97,1,-89,-15,-4,4,52,7,12898817,168
288.09,1547729940,2297.20,51.514208,7.455334,136.97,4.80,-1.63,171.25,1,-94,-20,-8,1,50,10,12899073,168
289.08,1547729941,2301.96,51.514170,7.455337,137.16,3.12,-1.69,171.64,1,-94,-20,-8,1,50,10,12899073,168
290.08,1547729942,2305.08,51.514148,7.455344,137.31,1.60,-1.53,173.40,1,-87,-11,-2,7,50,10,12899073,45
291.08,1547729943,2306.68,51.514148,7.455344,137.34,0.00,-1.59,173.40,1,-87,-11,-2,7,50,10,12899073,45
292.08,1547729944,2306.68,51.514148,7.455344,137.36,0.00,0.00,173.40,1,-87,-13,1,6,51,10,12899073,45
293.08,1547729945,2306.68,51.514148,7.455344,137.38,0.00,0.00,173.40,1,-87,-13,1,6,51,10,12899073,45
294.08,1547729946,2306.68,51.514148,7.455344,137.40,0.00,0.00,173.40,1,-87,-12,1,5,50,10,12899073,45
295.09,1547729947,2306.68,51.514148,7.455344,137.42,0.00,0.00,173.40,1,-87,-12,1,5,50,10,12899073,45
296.11,1547729948,2306.68,51.514148,7.455344,137.45,0.00,0.00,173.40,1,-88,-14,0,4,51,10,12899073,45
297.08,1547729949,2306.68,51.514148,7.455344,137.48,0.00,0.00,173.40,1,-88,-14,0,4,51,10,12899073,45
298.08,1547729950,2306.68,51.514148,7.455344,137.51,0.00,0.00,173.40,1,-88,-12,0,6,50,10,12899073,45
299.08,1547729951,2306.68,51.514148,7.455344,137.53,0.00,0.00,173.40,1,-88,-12,0,6,50,10,12899073,45
300.08,1547729952,2306.68,51.514148,7.455344,137.56,0.00,0.00,173.40,1,-88,-13,0,5,51,10,12899073,45
301.08,1547729953,2306.68,51.514148,7.455344,137.60,0.00,0.00,173.40,1,-88,-13,0,5,51,10,12899073,45
302.08,1547729954,2306.68,51.514148,7.455344,137.64,0.00,0.00,173.40,1,-87,-13,-1,6,51,10,12899073,45
303.08,1547729955,2306.68,51.514148,7.455344,137.68,0.00,0.00,173.40,1,-87,-13,-1,6,51,10,12899073,45
304.08,1547729956,2306.68,51.514148,7.455344,137.72,0.00,0.00,173.40,1,-88,-12,0,6,50,10,12899073,45
305.08,1547729957,2306.68,51.514148,7.455344,137.75,0.00,0.00,173.40,1,-88,-12,0,6,50,10,12899073,45
306.09,1547729958,2306.68,51.514148,7.455344,137.78,0.00,0.00,173.40,1,-88,-13,0,6,50,10,12899073,45
307.08,1547729959,2306.68,51.514148,7.455344,137.81,0.00,0.00,173.40,1,-88,-13,0,6,50,10,12899073,45
308.08,1547729960,2306.68,51.514148,7.455344,137.84,0.00,0.00,173.40,1,-88,-13,0,6,50,10,12899073,45
309.08,1547729961,2306.68,51.514148,7.455344,137.88,0.00,0.00,173.40,1,-86,-13,0,5,52,10,12899073,45
310.08,1547729962,2306.68,51.514148,7.455344,137.92,0.00,0.00,173.40,1,-86,-13,0,5,52,10,12899073,45
311.08,1547729963,2306.68,51.514148,7.455344,137.97,0.00,0.00,173.40,1,-88,-12,1,5,50,10,12899073,45
312.08,1547729964,2306.68,51.514148,7.455344,138.04,0.00,0.00,173.40,1,-88,-12,1,5,50,10,12899073,45
313.08,1547729965,2306.68,51.514148,7.455344,138.11,0.00,0.00,173.40,1,-88,-13,0,5,52,10,12899073,45
314.08,1547729966,2306.68,51.514148,7.455344,138.18,0.00,0.00,173.40,1,-88,-13,0,5,52,10,12899073,45
315.08,1547729967,2306.68,51.514148,7.455344,138.24,0.00,0.00,173.40,1,-89,-13,0,6,49,10,12899073,45
316.08,1547729968,2306.68,51.514148,7.455344,138.31,0.00,0.00,173.40,1,-89,-13,0,6,49,10,12899073,45
317.08,1547729969,2306.68,51.514148,7.455344,138.38,0.00,0.00,173.40,1,-89,-13,1,6,50,10,12899073,45
318.08,1547729970,2306.68,51.514148,7.455344,138.45,0.00,0.00,173.40,1,-89,-13,1,6,50,10,12899073,45
319.08,1547729971,2306.68,51.514148,7.455344,138.52,0.00,0.00,173.40,1,-88,-14,-1,5,51,10,12899073,45
320.08,1547729972,2306.68,51.514148,7.455344,138.59,0.00,0.00,173.40,1,-88,-14,-1,5,51,10,12899073,45
321.08,1547729973,2306.68,51.514148,7.455344,138.67,0.00,0.00,173.40,1,-87,-12,0,6,51,10,12899073,45
322.08,1547729974,2306.68,51.514148,7.455344,138.74,0.00,0.00,173.40,1,-87,-12,0,6,51,10,12899073,45
323.08,1547729975,2306.68,51.514148,7.455344,138.82,0.00,0.00,173.40,1,-88,-13,0,6,51,10,12899073,45
324.08,1547729976,2306.68,51.514148,7.455344,138.90,0.00,0.00,173.40,1,-88,-13,0,6,51,10,12899073,45
325.08,1547729977,2306.68,51.514148,7.455344,138.97,0.00,0.00,173.40,1,-89,-14,0,4,51,10,12899073,45
326.08,1547729978,2306.68,51.514148,7.455344,139.04,0.00,0.00,173.40,1,-89,-14,0,4,51,10,12899073,45
327.09,1547729979,2306.68,51.514148,7.455344,139.11,0.00,0.00,173.40,1,-89,-14,1,7,50,10,12899073,45
328.08,1547729980,2306.68,51.514148,7.455344,139.17,0.00,0.00,173.40,1,-89,-14,1,7,50,10,12899073,45
329.08,1547729981,2306.68,51.514148,7.455344,139.24,0.00,0.00,173.40,1,-89,-14,1,7,50,10,12899073,45
330.08,1547729982,2306.68,51.514148,7.455344,139.30,0.00,0.00,173.40,1,-89,-13,1,6,50,10,12899073,45
331.08,1547729983,2306.68,51.514148,7.455344,139.37,0.00,0.00,173.40,1,-89,-13,1,6,50,10,12899073,45
332.08,1547729984,2306.68,51.514148,7.455344,139.44,0.00,0.00,173.40,1,-87,-13,1,5,50,10,12899073,45
333.08,1547729985,2306.68,51.514148,7.455344,139.51,0.00,0.00,173.40,1,-87,-13,1,5,50,10,12899073,45
334.08,1547729986,2306.68,51.514148,7.455344,139.57,0.00,0.00,173.40,1,-87,-13,1,6,51,10,12899073,45
335.08,1547729987,2306.68,51.514148,7.455344,139.64,0.00,0.00,173.40,1,-87,-13,1,6,51,10,12899073,45
336.09,1547729988,2306.68,51.514148,7.455344,139.71,0.00,0.00,173.40,1,-88,-14,1,5,51,10,12899073,45
337.08,1547729989,2306.68,51.514148,7.455344,139.77,0.00,0.00,173.40,1,-88,-14,1,5,51,10,12899073,45
338.08,1547729990,2306.68,51.514148,7.455344,139.84,0.00,0.00,173.40,1,-89,-14,1,6,50,10,12899073,45
339.08,1547729991,2306.68,51.514148,7.455344,139.90,0.00,0.00,173.40,1,-89,-14,1,6,50,10,12899073,45
340.08,1547729992,2306.68,51.514148,7.455344,139.97,0.00,0.00,173.40,1,-87,-14,0,6,51,10,12899073,45
341.08,1547729993,2306.68,51.514148,7.455344,140.04,0.00,0.00,173.40,1,-87,-14,0,6,51,10,12899073,45
342.08,1547729994,2306.68,51.514148,7.455344,140.10,0.00,0.00,173.40,1,-87,-13,-1,6,51,10,12899073,45
343.08,1547729995,2306.68,51.514148,7.455344,140.17,0.00,0.00,173.40,1,-87,-13,-1,6,51,10,12899073,45
344.08,1547729996,2306.68,51.514148,7.455344,140.24,0.00,0.00,173.40,1,-88,-13,-1,7,50,10,12899073,45
345.08,1547729997,2306.68,51.514148,7.455344,140.30,0.00,0.00,173.40,1,-88,-13,-1,7,50,10,12899073,45
346.08,1547729998,2306.68,51.514148,7.455344,140.37,0.00,0.00,173.40,1,-87,-13,0,6,51,10,12899073,45
347.08,1547729999,2306.68,51.514148,7.455344,140.44,0.00,0.00,173.40,1,-87,-13,0,6,51,10,12899073,45
348.09,1547730000,2306.68,51.514148,7.455344,140.51,0.00,0.00,173.40,1,-87,-12,0,5,50,10,12899073,45
349.08,1547730001,2306.68,51.514148,7.455344,141.13,0.00,0.00,174.98,1,-87,-12,0,5,50,10,12899073,45
350.08,1547730002,2306.68,51.514053,7.455364,146.38,0.00,0.00,172.27,1,-87,-12,0,5,50,10,12899073,45
351.08,1547730003,2306.68,51.513979,7.455384,150.25,8.21,0.00,172.47,1,-89,-13,0,4,50,10,12899073,45
352.08,1547730004,2314.87,51.513893,7.455409,152.50,9.82,1.62,173.07,1,-89,-13,0,4,50,10,12899073,45
353.08,1547730005,2324.70,51.513797,7.455437,153.20,11.31,1.48,171.65,1,-88,-16,-2,4,53,10,12899073,45
354.08,1547730006,2336.01,51.513694,7.455476,152.88,12.43,1.12,169.24,1,-88,-16,-2,4,53,10,12899073,45
355.08,1547730007,2348.40,51.513581,7.455523,152.49,13.50,1.08,166.78,1,-89,-16,-6,4,52,10,12899073,45
356.08,1547730008,2361.96,51.513468,7.455586,151.69,14.35,0.84,164.14,1,-89,-16,-6,4,52,10,12899073,45
357.08,1547730009,2376.28,51.513352,7.455663,150.78,14.38,0.03,160.79,1,-91,-15,-3,4,49,10,12899073,45
358.08,1547730010,2390.69,51.513245,7.455760,150.55,13.50,-0.88,156.68,1,-91,-15,-3,4,49,10,12899073,45
359.08,1547730011,2404.17,51.513151,7.455898,150.05,14.10,0.60,142.48,1,-88,-14,-1,4,51,10,12899073,45
360.08,1547730012,2418.27,51.513054,7.456037,149.59,14.55,0.45,141.40,1,-88,-14,-1,4,51,10,12899073,45
361.08,1547730013,2432.85,51.512961,7.456190,149.06,14.84,0.29,140.21,1,-90,-16,-2,4,49,10,12899073,45
362.08,1547730014,2447.69,51.512890,7.456398,149.25,14.84,0.00,140.80,1,-90,-16,-2,4,49,10,12899073,45
363.08,1547730015,2462.51,51.512822,7.456588,149.71,14.90,0.06,136.65,1,-98,-15,-7,4,41,10,12899073,45
364.08,1547730016,2477.39,51.512754,7.456764,149.50,14.45,-0.45,134.62,1,-98,-15,-7,4,41,10,12899073,45
365.08,1547730017,2491.84,51.512677,7.456941,149.17,15.25,0.80,131.03,1,-97,-19,-10,1,46,10,12899073,45
366.08,1547730018,2507.12,51.512607,7.457128,149.27,15.36,0.11,129.54,1,-97,-19,-10,1,46,10,12899073,45
367.08,1547730019,2522.45,51.512533,7.457304,149.32,15.22,-0.14,128.58,1,-101,-16,-7,4,40,10,12899073,45
368.08,1547730020,2537.66,51.512457,7.457476,149.42,15.13,-0.08,129.12,1,-101,-16,-7,4,40,10,12899073,45
369.09,1547730021,2552.98,51.512373,7.457645,149.65,15.13,-0.00,130.00,nan,nan,nan,nan,nan,nan,nan,nan,nan
370.08,1547730022,2567.92,51.512291,7.457826,149.67,15.41,0.29,128.20,nan,nan,nan,nan,nan,nan,nan,nan,nan
371.08,1547730023,2583.35,51.512206,7.458011,150.63,15.93,0.51,127.83,nan,nan,nan,nan,nan,nan,nan,nan,nan
371.57,1547730023,2591.15,51.512122,7.458190,150.45,14.92,-2.06,127.38,nan,nan,nan,nan,nan,nan,nan,nan,nan
372.57,1547730024,2606.07,51.512041,7.458365,150.21,14.85,-0.07,128.28,nan,nan,nan,nan,nan,nan,nan,nan,nan
373.57,1547730025,2620.91,51.511959,7.458541,149.15,15.37,0.52,127.84,nan,nan,nan,nan,nan,nan,nan,nan,nan
374.57,1547730026,2636.27,51.511877,7.458723,148.05,15.27,-0.10,127.82,nan,nan,nan,nan,nan,nan,nan,nan,nan
375.57,1547730027,2651.55,51.511793,7.458900,147.66,15.39,0.12,127.34,nan,nan,nan,nan,nan,nan,nan,nan,nan
376.57,1547730028,2666.93,51.511711,7.459080,146.56,15.13,-0.26,127.90,nan,nan,nan,nan,nan,nan,nan,nan,nan
377.57,1547730029,2682.07,51.511633,7.459253,145.26,14.60,-0.53,128.41,nan,nan,nan,nan,nan,nan,nan,nan,nan
378.57,1547730030,2696.66,51.511554,7.459426,143.92,14.68,0.09,128.72,nan,nan,nan,nan,nan,nan,nan,nan,nan
379.57,1547730031,2711.38,51.511467,7.459600,143.06,15.18,0.50,129.06,nan,nan,nan,nan,nan,nan,nan,nan,nan
380.57,1547730032,2726.51,51.511384,7.459776,142.96,15.29,0.11,128.64,nan,nan,nan,nan,nan,nan,nan,nan,nan
381.57,1547730033,2741.80,51.511296,7.459956,142.93,15.52,0.23,129.18,nan,nan,nan,nan,nan,nan,nan,nan,nan
382.57,1547730034,2757.34,51.511204,7.460125,143.49,15.23,-0.29,131.49,nan,nan,nan,nan,nan,nan,nan,nan,nan
383.57,1547730035,2772.58,51.511106,7.460303,144.42,16.10,0.87,131.01,nan,nan,nan,nan,nan,nan,nan,nan,nan
384.57,1547730036,2788.67,51.511013,7.460481,145.33,15.81,-0.30,131.35,nan,nan,nan,nan,nan,nan,nan,nan,nan
385.57,1547730037,2804.49,51.510920,7.460660,145.88,15.55,-0.26,131.88,nan,nan,nan,nan,nan,nan,nan,nan,nan
386.57,1547730038,2820.01,51.510828,7.460833,146.59,15.44,-0.10,131.47,nan,nan,nan,nan,nan,nan,nan,nan,nan
387.57,1547730039,2835.45,51.510734,7.460996,147.39,14.80,-0.65,132.49,nan,nan,nan,nan,nan,nan,nan,nan,nan
388.57,1547730040,2850.25,51.510644,7.461140,148.34,13.82,-0.98,133.51,nan,nan,nan,nan,nan,nan,nan,nan,nan
389.58,1547730041,2864.21,51.510561,7.461266,149.99,12.48,-1.33,133.87,nan,nan,nan,nan,nan,nan,nan,nan,nan
390.57,1547730042,2876.57,51.510488,7.461382,150.77,11.17,-1.32,132.90,nan,nan,nan,nan,nan,nan,nan,nan,nan
391.57,1547730043,2887.75,51.510420,7.461497,151.35,10.54,-0.63,134.11,nan,nan,nan,nan,nan,nan,nan,nan,nan
392.57,1547730044,2898.28,51.510356,7.461592,151.13,9.61,-0.94,135.25,nan,nan,nan,nan,nan,nan,nan,nan,nan
393.57,1547730045,2907.87,51.510306,7.461664,151.14,6.81,-2.80,135.68,nan,nan,nan,nan,nan,nan,nan,nan,nan
394.57,1547730046,2914.70,51.510263,7.461732,151.34,5.61,-1.20,134.39,nan,nan,nan,nan,nan,nan,nan,nan,nan
395.57,1547730047,2920.30,51.510236,7.461783,151.34,3.56,-2.05,132.56,nan,nan,nan,nan,nan,nan,nan,nan,nan
396.57,1547730048,2923.86,51.510226,7.461804,151.33,0.71,-2.85,132.56,nan,nan,nan,nan,nan,nan,nan,nan,nan
397.57,1547730049,2924.57,51.510222,7.461821,151.37,0.67,-0.04,132.56,nan,nan,nan,nan,nan,nan,nan,nan,nan
398.57,1547730050,2925.24,51.510222,7.461821,151.38,0.00,-0.67,132.56,nan,nan,nan,nan,nan,nan,nan,nan,nan
399.57,1547730051,2925.24,51.510222,7.461821,151.37,0.00,0.00,132.56,nan,nan,nan,nan,nan,nan,nan,nan,nan
400.57,1547730052,2925.24,51.510222,7.461821,151.37,0.00,0.00,132.56,nan,nan,nan,nan,nan,nan,nan,nan,nan
401.57,1547730053,2925.24,51.510222,7.461821,151.35,0.00,0.00,132.56,nan,nan,nan,nan,nan,nan,nan,nan,nan
402.57,1547730054,2925.24,51.510222,7.461821,151.32,0.00,0.00,132.56,nan,nan,nan,nan,nan,nan,nan,nan,nan
403.57,1547730055,2925.24,51.510222,7.461821,151.29,0.00,0.00,132.56,nan,nan,nan,nan,nan,nan,nan,nan,nan
404.57,1547730056,2925.24,51.510222,7.461821,151.26,0.00,0.00,132.56,nan,nan,nan,nan,nan,nan,nan,nan,nan
405.57,1547730057,2925.24,51.510222,7.461821,151.20,0.00,0.00,132.56,nan,nan,nan,nan,nan,nan,nan,nan,nan
406.57,1547730058,2925.24,51.510222,7.461821,151.13,0.00,0.00,132.56,nan,nan,nan,nan,nan,nan,nan,nan,nan
407.57,1547730059,2925.24,51.510222,7.461821,151.05,0.00,0.00,132.56,nan,nan,nan,nan,nan,nan,nan,nan,nan
408.57,1547730060,2925.24,51.510222,7.461821,150.99,0.00,0.00,132.56,nan,nan,nan,nan,nan,nan,nan,nan,nan
409.57,1547730061,2925.24,51.510222,7.461821,150.54,0.00,0.00,132.56,nan,nan,nan,nan,nan,nan,nan,nan,nan
410.58,1547730062,2925.24,51.510222,7.461821,150.27,0.00,0.00,140.14,nan,nan,nan,nan,nan,nan,nan,nan,nan
411.57,1547730063,2925.24,51.510222,7.461821,150.15,0.00,0.00,143.90,nan,nan,nan,nan,nan,nan,nan,nan,nan
412.57,1547730064,2925.24,51.510114,7.461970,150.21,0.00,0.00,132.33,nan,nan,nan,nan,nan,nan,nan,nan,nan
413.57,1547730065,2925.24,51.510114,7.461970,150.66,0.00,0.00,126.66,nan,nan,nan,nan,nan,nan,nan,nan,nan
414.57,1547730066,2925.24,51.510035,7.462181,151.21,8.52,0.00,122.10,nan,nan,nan,nan,nan,nan,nan,nan,nan
415.57,1547730067,2933.75,51.509997,7.462304,151.12,9.22,0.69,116.02,nan,nan,nan,nan,nan,nan,nan,nan,nan
416.57,1547730068,2942.96,51.509950,7.462453,150.37,11.05,1.84,114.33,nan,nan,nan,nan,nan,nan,nan,nan,nan
417.57,1547730069,2954.02,51.509915,7.462602,149.53,10.71,-0.35,113.58,nan,nan,nan,nan,nan,nan,nan,nan,nan
418.57,1547730070,2964.72,51.509884,7.462742,149.44,9.81,-0.90,112.27,nan,nan,nan,nan,nan,nan,nan,nan,nan
419.57,1547730071,2974.53,51.509861,7.462873,148.90,9.30,-0.51,109.43,nan,nan,nan,nan,nan,nan,nan,nan,nan
420.57,1547730072,2983.83,51.509843,7.463008,148.29,8.81,-0.49,106.36,nan,nan,nan,nan,nan,nan,nan,nan,nan
421.57,1547730073,2992.64,51.509832,7.463123,148.04,7.57,-1.24,103.08,nan,nan,nan,nan,nan,nan,nan,nan,nan
422.57,1547730074,3000.21,51.509826,7.463232,147.84,6.94,-0.63,99.92,nan,nan,nan,nan,nan,nan,nan,nan,nan
423.57,1547730075,3007.14,51.509824,7.463339,148.00,7.03,0.10,97.40,nan,nan,nan,nan,nan,nan,nan,nan,nan
424.57,1547730076,3014.18,51.509823,7.463441,148.31,6.54,-0.50,94.90,nan,nan,nan,nan,nan,nan,nan,nan,nan
425.57,1547730077,3020.72,51.509828,7.463537,147.91,6.35,-0.18,93.24,nan,nan,nan,nan,nan,nan,nan,nan,nan
426.57,1547730078,3027.07,51.509833,7.463632,147.66,5.96,-0.40,92.16,nan,nan,nan,nan,nan,nan,nan,nan,nan
427.57,1547730079,3033.03,51.509834,7.463713,148.50,5.69,-0.27,91.22,nan,nan,nan,nan,nan,nan,nan,nan,nan
428.57,1547730080,3038.71,51.509836,7.463793,150.00,5.22,-0.46,90.17,nan,nan,nan,nan,nan,nan,nan,nan,nan
429.57,1547730081,3043.94,51.509836,7.463865,152.20,4.80,-0.42,90.22,nan,nan,nan,nan,nan,nan,nan,nan,nan
430.57,1547730082,3048.74,51.509838,7.463936,154.19,4.66,-0.14,89.75,nan,nan,nan,nan,nan,nan,nan,nan,nan
431.57,1547730083,3053.41,51.509842,7.464009,155.19,4.50,-0.16,90.08,nan,nan,nan,nan,nan,nan,nan,nan,nan
432.57,1547730084,3057.90,51.509849,7.464084,156.00,4.78,0.27,90.81,nan,nan,nan,nan,nan,nan,nan,nan,nan
433.57,1547730085,3062.68,51.509858,7.464173,156.84,4.78,0.00,90.17,nan,nan,nan,nan,nan,nan,nan,nan,nan
434.57,1547730086,3067.46,51.509862,7.464258,157.36,5.34,0.56,93.32,nan,nan,nan,nan,nan,nan,nan,nan,nan
435.57,1547730087,3072.79,51.509865,7.464351,158.06,6.45,1.11,92.35,nan,nan,nan,nan,nan,nan,nan,nan,nan
436.57,1547730088,3079.25,51.509867,7.464462,158.24,7.34,0.89,92.16,nan,nan,nan,nan,nan,nan,nan,nan,nan
437.57,1547730089,3086.59,51.509870,7.464579,157.86,8.00,0.65,93.11,nan,nan,nan,nan,nan,nan,nan,nan,nan
438.57,1547730090,3094.58,51.509871,7.464701,157.76,8.26,0.27,93.03,nan,nan,nan,nan,nan,nan,nan,nan,nan
439.57,1547730091,3102.84,51.509868,7.464837,157.59,9.46,1.19,93.75,nan,nan,nan,nan,nan,nan,nan,nan,nan
440.57,1547730092,3112.30,51.509864,7.464991,157.40,10.94,1.48,93.05,nan,nan,nan,nan,nan,nan,nan,nan,nan
441.57,1547730093,3123.23,51.509858,7.465153,156.97,11.18,0.24,95.19,nan,nan,nan,nan,nan,nan,nan,nan,nan
442.57,1547730094,3134.41,51.509853,7.465300,156.38,10.06,-1.12,95.85,nan,nan,nan,nan,nan,nan,nan,nan,nan
443.57,1547730095,3144.47,51.509848,7.465430,155.63,8.31,-1.75,94.77,nan,nan,nan,nan,nan,nan,nan,nan,nan
444.57,1547730096,3152.79,51.509844,7.465549,155.34,7.63,-0.68,93.98,nan,nan,nan,nan,nan,nan,nan,nan,nan
445.57,1547730097,3160.42,51.509838,7.465661,155.16,6.86,-0.77,93.69,nan,nan,nan,nan,nan,nan,nan,nan,nan
446.57,1547730098,3167.28,51.509832,7.465781,155.49,7.65,0.78,94.89,nan,nan,nan,nan,nan,nan,nan,nan,nan
447.57,1547730099,3174.92,51.509832,7.465918,155.44,9.10,1.45,92.13,nan,nan,nan,nan,nan,nan,nan,nan,nan
448.57,1547730100,3184.02,51.509829,7.466052,154.72,8.96,-0.14,93.47,nan,nan,nan,nan,nan,nan,nan,nan,nan
449.57,1547730101,3192.98,51.509826,7.466200,153.54,9.42,0.46,92.02,nan,nan,nan,nan,nan,nan,nan,nan,nan
