time_s,timestamp_ms,distance_m,latitude,longitude,altitude,velocity_mps,acceleration_mpss,direction,isRegistered,rsrp_dbm,rsrq_db,rssnr_db,cqi,ss,ta,ci,pci
0.05,1547727611,0.03,51.509791,7.468541,148.71,7.01,0.00,55.16,0,-95,-9,0,0,46,0,0,324
11.05,1547727622,120.69,51.510381,7.470217,149.63,13.93,0.00,56.65,0,-97,-11,0,0,46,0,0,374
11.05,1547727622,120.69,51.510381,7.470217,149.63,13.93,0.00,56.65,0,-91,-12,0,0,53,0,0,138
12.05,1547727623,134.66,51.510453,7.470389,149.88,14.12,0.00,55.71,0,-97,-11,0,0,46,0,0,374
12.05,1547727623,134.66,51.510453,7.470389,149.88,14.12,0.00,55.71,0,-91,-12,0,0,53,0,0,138
13.05,1547727624,148.78,51.510541,7.470544,149.39,14.12,0.00,57.14,0,-87,-10,0,0,54,0,0,296
13.05,1547727624,148.79,51.510541,7.470544,149.39,14.12,0.00,57.14,0,-89,-10,0,0,53,0,0,138
14.05,1547727625,162.93,51.510630,7.470698,148.48,14.36,0.00,47.02,0,-87,-10,0,0,54,0,0,296
14.05,1547727625,162.95,51.510630,7.470698,148.48,14.36,0.00,47.02,0,-89,-10,0,0,53,0,0,138
15.05,1547727626,177.29,51.510720,7.470843,147.65,14.00,0.00,46.75,0,-90,-10,0,0,51,0,0,138
15.05,1547727626,177.30,51.510720,7.470843,147.65,14.00,0.00,46.75,0,-93,-14,0,0,51,0,0,152
16.05,1547727627,191.28,51.510808,7.471006,148.23,14.19,0.00,45.23,0,-90,-10,0,0,51,0,0,138
16.05,1547727627,191.28,51.510808,7.471006,148.23,14.19,0.00,45.23,0,-93,-14,0,0,51,0,0,152
17.05,1547727628,205.46,51.510913,7.471151,148.66,15.58,0.00,42.84,0,-89,-10,0,0,51,0,0,152
17.05,1547727628,205.48,51.510913,7.471151,148.66,15.58,0.00,42.84,0,-91,-13,0,0,51,0,0,150
18.05,1547727629,221.04,51.511016,7.471285,148.60,14.47,0.00,41.74,0,-89,-10,0,0,51,0,0,152
18.05,1547727629,221.04,51.511016,7.471285,148.60,14.47,0.00,41.74,0,-91,-13,0,0,51,0,0,150
19.05,1547727630,235.58,51.511117,7.471408,148.42,13.87,0.00,41.14,0,-88,-11,0,0,54,0,0,152
19.06,1547727630,235.59,51.511117,7.471408,148.42,13.87,0.00,41.14,0,-90,-14,0,0,54,0,0,150
20.05,1547727631,249.35,51.511221,7.471537,147.98,14.44,0.00,40.45,0,-88,-11,0,0,54,0,0,152
20.05,1547727631,249.35,51.511221,7.471537,147.98,14.44,0.00,40.45,0,-90,-14,0,0,54,0,0,150
21.05,1547727632,263.84,51.511326,7.471664,147.06,13.99,0.00,39.85,0,-88,-11,0,0,54,0,0,152
21.05,1547727632,263.84,51.511326,7.471664,147.06,13.99,0.00,39.85,0,-90,-14,0,0,54,0,0,150
22.05,1547727633,277.80,51.511425,7.471783,146.44,13.77,0.00,39.44,0,-83,-8,0,0,56,0,0,152
22.05,1547727633,277.80,51.511425,7.471783,146.44,13.77,0.00,39.44,0,-89,-15,0,0,56,0,0,150
23.05,1547727634,291.60,51.511520,7.471897,146.48,12.75,0.00,39.86,0,-83,-8,0,0,56,0,0,152
23.05,1547727634,291.60,51.511520,7.471897,146.48,12.75,0.00,39.86,0,-89,-15,0,0,56,0,0,150
24.05,1547727635,304.29,51.511607,7.472005,146.51,11.62,0.00,41.09,0,-84,-13,0,0,59,0,0,152
25.05,1547727636,315.97,51.511695,7.472117,146.52,12.04,0.00,41.54,0,-84,-13,0,0,59,0,0,152
26.05,1547727637,328.01,51.511782,7.472230,146.40,12.14,0.00,40.66,0,-87,-11,0,0,55,0,0,152
26.05,1547727637,328.02,51.511782,7.472230,146.40,12.14,0.00,40.66,0,-87,-11,0,0,55,0,0,150
27.05,1547727638,340.14,51.511862,7.472330,146.14,10.53,0.00,41.46,0,-87,-11,0,0,55,0,0,152
27.05,1547727638,340.15,51.511862,7.472330,146.14,10.53,0.00,41.46,0,-87,-11,0,0,55,0,0,150
28.05,1547727639,350.68,51.511947,7.472429,146.14,10.73,0.00,40.65,0,-87,-12,0,0,57,0,0,152
28.05,1547727639,350.69,51.511947,7.472429,146.14,10.73,0.00,40.65,0,-89,-14,0,0,57,0,0,150
29.05,1547727640,361.40,51.512022,7.472520,146.20,9.89,0.00,39.32,0,-87,-12,0,0,57,0,0,152
29.05,1547727640,361.41,51.512022,7.472520,146.20,9.89,0.00,39.32,0,-89,-14,0,0,57,0,0,150
30.05,1547727641,371.24,51.512090,7.472597,146.41,8.79,0.00,37.23,0,-83,-10,0,0,58,0,0,150
31.05,1547727642,380.03,51.512160,7.472663,146.42,8.14,0.00,34.10,0,-83,-10,0,0,58,0,0,150
32.05,1547727643,388.19,51.512218,7.472709,146.58,6.34,0.00,30.97,0,-78,-10,0,0,62,0,0,150
32.05,1547727643,388.19,51.512218,7.472709,146.58,6.34,0.00,30.97,0,-80,-11,0,0,62,0,0,152
33.05,1547727644,394.53,51.512263,7.472742,146.27,4.40,0.00,28.14,0,-78,-10,0,0,62,0,0,150
33.05,1547727644,394.53,51.512263,7.472742,146.27,4.40,0.00,28.14,0,-80,-11,0,0,62,0,0,152
34.05,1547727645,398.95,51.512292,7.472732,146.29,1.90,0.00,1.46,0,-79,-10,0,0,61,0,0,150
34.05,1547727645,398.95,51.512292,7.472732,146.29,1.90,0.00,1.46,0,-81,-10,0,0,61,0,0,152
35.05,1547727646,400.84,51.512319,7.472733,146.28,1.86,0.00,4.22,0,-79,-10,0,0,61,0,0,150
35.05,1547727646,400.84,51.512319,7.472733,146.28,1.86,0.00,4.22,0,-81,-10,0,0,61,0,0,152
36.05,1547727647,402.70,51.512319,7.472733,146.26,0.47,0.00,4.22,0,-81,-10,0,0,60,0,0,150
36.05,1547727647,402.70,51.512319,7.472733,146.26,0.47,0.00,4.22,0,-83,-11,0,0,60,0,0,152
37.05,1547727648,403.17,51.512328,7.472738,146.34,0.83,0.00,4.22,0,-81,-10,0,0,60,0,0,150
37.05,1547727648,403.17,51.512328,7.472738,146.34,0.83,0.00,4.22,0,-83,-11,0,0,60,0,0,152
38.05,1547727649,404.00,51.512328,7.472738,146.35,0.00,0.00,4.22,0,-82,-9,0,0,58,0,0,150
38.05,1547727649,404.00,51.512328,7.472738,146.35,0.00,0.00,4.22,0,-85,-11,0,0,58,0,0,152
39.05,1547727650,404.00,51.512328,7.472738,146.38,0.00,0.00,4.22,0,-82,-9,0,0,58,0,0,150
39.05,1547727650,404.00,51.512328,7.472738,146.38,0.00,0.00,4.22,0,-85,-11,0,0,58,0,0,152
40.06,1547727651,404.00,51.512328,7.472738,146.43,0.00,0.00,4.22,0,-81,-8,0,0,59,0,0,150
40.06,1547727651,404.00,51.512328,7.472738,146.43,0.00,0.00,4.22,0,-86,-12,0,0,59,0,0,152
41.05,1547727652,404.00,51.512328,7.472738,146.49,0.00,0.00,4.22,0,-81,-8,0,0,59,0,0,150
41.05,1547727652,404.00,51.512328,7.472738,146.49,0.00,0.00,4.22,0,-86,-12,0,0,59,0,0,152
42.05,1547727653,404.00,51.512328,7.472738,146.56,0.00,0.00,4.22,0,-81,-8,0,0,59,0,0,150
42.05,1547727653,404.00,51.512328,7.472738,146.56,0.00,0.00,4.22,0,-86,-12,0,0,59,0,0,152
43.05,1547727654,404.00,51.512328,7.472738,146.63,0.00,0.00,4.22,0,-81,-9,0,0,61,0,0,150
43.05,1547727654,404.00,51.512328,7.472738,146.63,0.00,0.00,4.22,0,-86,-12,0,0,61,0,0,152
44.06,1547727655,404.00,51.512328,7.472738,146.69,0.00,0.00,4.22,0,-81,-9,0,0,61,0,0,150
44.06,1547727655,404.00,51.512328,7.472738,146.69,0.00,0.00,4.22,0,-86,-12,0,0,61,0,0,152
45.05,1547727656,404.00,51.512328,7.472738,146.76,0.00,0.00,4.22,0,-81,-8,0,0,60,0,0,150
45.05,1547727656,404.00,51.512328,7.472738,146.76,0.00,0.00,4.22,0,-87,-12,0,0,60,0,0,152
46.05,1547727657,404.00,51.512328,7.472738,146.82,0.00,0.00,4.22,0,-81,-8,0,0,60,0,0,150
46.05,1547727657,404.00,51.512328,7.472738,146.82,0.00,0.00,4.22,0,-87,-12,0,0,60,0,0,152
47.05,1547727658,404.00,51.512328,7.472738,146.90,0.00,0.00,4.22,0,-81,-7,0,0,59,0,0,150
47.05,1547727658,404.00,51.512328,7.472738,146.90,0.00,0.00,4.22,0,-87,-11,0,0,59,0,0,152
48.05,1547727659,404.00,51.512328,7.472738,146.95,0.00,0.00,4.22,0,-81,-7,0,0,59,0,0,150
48.05,1547727659,404.00,51.512328,7.472738,146.95,0.00,0.00,4.22,0,-87,-11,0,0,59,0,0,152
49.05,1547727660,404.00,51.512328,7.472738,146.98,0.00,0.00,4.22,0,-80,-8,0,0,60,0,0,150
49.05,1547727660,404.00,51.512328,7.472738,146.98,0.00,0.00,4.22,0,-87,-12,0,0,60,0,0,152
50.05,1547727661,404.00,51.512328,7.472738,147.01,0.00,0.00,4.22,0,-80,-8,0,0,60,0,0,150
50.05,1547727661,404.00,51.512328,7.472738,147.01,0.00,0.00,4.22,0,-87,-12,0,0,60,0,0,152
51.05,1547727662,404.00,51.512328,7.472738,147.57,0.00,0.00,4.22,0,-80,-7,0,0,59,0,0,150
51.05,1547727662,404.00,51.512328,7.472738,147.57,0.00,0.00,4.22,0,-87,-11,0,0,59,0,0,152
52.05,1547727663,404.00,51.512328,7.472738,148.17,0.00,0.00,4.46,0,-80,-7,0,0,59,0,0,150
52.05,1547727663,404.00,51.512328,7.472738,148.17,0.00,0.00,4.46,0,-87,-11,0,0,59,0,0,152
53.05,1547727664,404.00,51.512328,7.472738,148.67,0.00,0.00,5.03,0,-84,-10,0,0,57,0,0,150
53.05,1547727664,404.00,51.512328,7.472738,148.67,0.00,0.00,5.03,0,-85,-11,0,0,57,0,0,152
54.05,1547727665,404.01,51.512471,7.472808,153.44,5.16,0.00,5.97,0,-84,-10,0,0,57,0,0,150
54.05,1547727665,404.01,51.512471,7.472808,153.44,5.16,0.00,5.97,0,-85,-11,0,0,57,0,0,152
55.05,1547727666,409.17,51.512540,7.472818,156.21,6.63,0.00,5.39,0,-83,-9,0,0,58,0,0,152
55.05,1547727666,409.17,51.512540,7.472818,156.21,6.63,0.00,5.39,0,-84,-10,0,0,58,0,0,150
56.05,1547727667,415.79,51.512611,7.472830,157.67,7.35,0.00,4.90,0,-83,-9,0,0,58,0,0,152
56.05,1547727667,415.80,51.512611,7.472830,157.67,7.35,0.00,4.90,0,-84,-10,0,0,58,0,0,150
57.05,1547727668,423.16,51.512686,7.472830,157.70,8.70,0.00,4.28,0,-83,-9,0,0,58,0,0,152
57.05,1547727668,423.16,51.512686,7.472830,157.70,8.70,0.00,4.28,0,-85,-11,0,0,58,0,0,150
58.05,1547727669,431.86,51.512772,7.472829,156.75,10.03,0.00,3.62,0,-83,-9,0,0,58,0,0,152
58.05,1547727669,431.86,51.512772,7.472829,156.75,10.03,0.00,3.62,0,-85,-11,0,0,58,0,0,150
59.05,1547727670,441.85,51.512852,7.472843,156.44,9.86,0.00,3.78,0,-84,-10,0,0,56,0,0,152
59.05,1547727670,441.85,51.512852,7.472843,156.44,9.86,0.00,3.78,0,-84,-10,0,0,56,0,0,150
60.05,1547727671,451.78,51.512929,7.472847,156.21,9.56,0.00,4.13,0,-84,-10,0,0,56,0,0,152
60.05,1547727671,451.79,51.512929,7.472847,156.21,9.56,0.00,4.13,0,-84,-10,0,0,56,0,0,150
61.05,1547727672,461.34,51.513011,7.472859,155.68,9.62,0.00,4.02,0,-95,-9,0,0,47,0,0,358
61.05,1547727672,461.34,51.513011,7.472859,155.68,9.62,0.00,4.02,0,-79,-9,0,0,61,0,0,152
61.05,1547727672,461.34,51.513011,7.472859,155.68,9.62,0.00,4.02,0,-79,-9,0,0,61,0,0,150
62.05,1547727673,470.90,51.513094,7.472878,155.97,9.99,0.00,3.46,0,-95,-9,0,0,47,0,0,358
62.05,1547727673,470.91,51.513094,7.472878,155.97,9.99,0.00,3.46,0,-79,-9,0,0,61,0,0,152
62.05,1547727673,470.91,51.513094,7.472878,155.97,9.99,0.00,3.46,0,-79,-9,0,0,61,0,0,150
63.05,1547727674,480.95,51.513182,7.472901,157.41,10.59,0.00,4.21,0,-95,-9,0,0,47,0,0,358
63.05,1547727674,480.95,51.513182,7.472901,157.41,10.59,0.00,4.21,0,-79,-9,0,0,61,0,0,152
63.05,1547727674,480.96,51.513182,7.472901,157.41,10.59,0.00,4.21,0,-79,-9,0,0,61,0,0,150
64.05,1547727675,491.48,51.513275,7.472922,159.82,10.89,0.00,4.31,0,-93,-6,0,0,45,0,0,358
64.05,1547727675,491.48,51.513275,7.472922,159.82,10.89,0.00,4.31,0,-80,-8,0,0,58,0,0,152
64.05,1547727675,491.48,51.513275,7.472922,159.82,10.89,0.00,4.31,0,-85,-12,0,0,58,0,0,150
65.05,1547727676,502.43,51.513374,7.472939,161.83,11.27,0.00,4.11,0,-93,-6,0,0,45,0,0,358
65.05,1547727676,502.44,51.513374,7.472939,161.83,11.27,0.00,4.11,0,-80,-8,0,0,58,0,0,152
65.05,1547727676,502.44,51.513374,7.472939,161.83,11.27,0.00,4.11,0,-85,-12,0,0,58,0,0,150
66.05,1547727677,513.67,51.513477,7.472960,163.57,10.85,0.00,3.72,0,-95,-9,0,0,46,0,0,324
66.05,1547727677,513.68,51.513477,7.472960,163.57,10.85,0.00,3.72,0,-79,-8,0,0,60,0,0,152
67.05,1547727678,524.52,51.513577,7.472977,165.92,11.11,0.00,3.13,0,-95,-9,0,0,46,0,0,324
67.05,1547727678,524.52,51.513577,7.472977,165.92,11.11,0.00,3.13,0,-79,-8,0,0,60,0,0,152
72.05,1547727683,580.98,51.514101,7.472999,171.11,10.94,0.00,1.55,0,-78,-7,0,0,59,0,0,152
73.05,1547727684,591.90,51.514190,7.473002,171.68,10.62,0.00,1.81,0,-78,-7,0,0,59,0,0,152
74.05,1547727685,602.53,51.514283,7.473002,172.17,10.87,0.00,2.33,0,-75,-8,0,0,62,0,0,152
75.05,1547727686,613.38,51.514383,7.473004,171.36,10.89,0.00,3.18,0,-75,-8,0,0,62,0,0,152
76.05,1547727687,624.26,51.514475,7.473005,169.20,9.95,0.00,3.57,0,-76,-6,0,0,62,0,0,152
77.05,1547727688,634.21,51.514555,7.473007,166.27,8.03,0.00,4.30,0,-76,-6,0,0,62,0,0,152
78.05,1547727689,642.24,51.514612,7.473015,163.66,5.80,0.00,4.91,0,-75,-6,0,0,62,0,0,152
79.05,1547727690,648.03,51.514664,7.473017,161.35,5.24,0.00,4.90,0,-75,-6,0,0,62,0,0,152
80.05,1547727691,653.26,51.514705,7.473017,161.11,3.78,0.00,5.47,0,-75,-7,0,0,63,0,0,152
81.05,1547727692,657.04,51.514731,7.473017,160.81,2.43,0.00,4.97,0,-75,-7,0,0,63,0,0,152
82.05,1547727693,659.48,51.514751,7.473018,160.48,1.82,0.00,4.58,0,-75,-6,0,0,61,0,0,152
83.05,1547727694,661.30,51.514765,7.473019,160.12,0.94,0.00,4.91,0,-75,-6,0,0,61,0,0,152
84.05,1547727695,662.24,51.514765,7.473019,160.08,0.00,0.00,4.91,0,-75,-6,0,0,61,0,0,152
85.05,1547727696,662.24,51.514765,7.473019,160.04,0.00,0.00,4.91,0,-72,-6,0,0,63,0,0,152
86.05,1547727697,662.24,51.514765,7.473019,160.00,0.00,0.00,4.91,0,-72,-6,0,0,63,0,0,152
87.05,1547727698,662.24,51.514765,7.473019,159.96,0.00,0.00,4.91,0,-74,-5,0,0,62,0,0,152
88.05,1547727699,662.24,51.514765,7.473019,159.92,0.00,0.00,4.91,0,-74,-5,0,0,62,0,0,152
89.05,1547727700,662.24,51.514765,7.473019,159.88,0.00,0.00,4.91,0,-75,-6,0,0,63,0,0,152
90.05,1547727701,662.24,51.514765,7.473019,159.85,0.00,0.00,4.91,0,-75,-6,0,0,63,0,0,152
91.05,1547727702,662.24,51.514765,7.473019,159.82,0.00,0.00,4.91,0,-75,-5,0,0,62,0,0,152
92.05,1547727703,662.24,51.514765,7.473019,159.80,0.00,0.00,4.91,0,-75,-5,0,0,62,0,0,152
93.05,1547727704,662.24,51.514765,7.473019,159.79,0.00,0.00,4.91,0,-74,-5,0,0,63,0,0,152
94.05,1547727705,662.24,51.514765,7.473019,159.78,0.00,0.00,4.91,0,-74,-5,0,0,63,0,0,152
95.05,1547727706,662.24,51.514765,7.473019,159.77,0.00,0.00,4.91,0,-74,-5,0,0,63,0,0,152
96.05,1547727707,662.24,51.514765,7.473019,159.77,0.00,0.00,4.91,0,-74,-5,0,0,63,0,0,152
97.05,1547727708,662.24,51.514765,7.473019,159.77,0.00,0.00,4.91,0,-74,-6,0,0,63,0,0,152
98.05,1547727709,662.24,51.514765,7.473019,159.79,0.00,0.00,4.91,0,-74,-6,0,0,63,0,0,152
99.05,1547727710,662.24,51.514765,7.473019,159.69,0.00,0.00,5.63,0,-76,-8,0,0,63,0,0,152
100.05,1547727711,662.24,51.514765,7.473019,158.17,0.00,0.00,4.57,0,-76,-8,0,0,63,0,0,152
101.05,1547727712,662.25,51.514896,7.473031,155.66,6.22,0.00,3.94,0,-81,-7,0,0,56,0,0,152
102.05,1547727713,668.47,51.514961,7.473030,153.09,6.90,0.00,3.32,0,-81,-7,0,0,56,0,0,152
103.05,1547727714,675.42,51.515033,7.473036,150.96,8.11,0.00,2.40,0,-82,-7,0,0,56,0,0,152
104.05,1547727715,683.51,51.515113,7.473030,149.70,9.46,0.00,1.15,0,-82,-7,0,0,56,0,0,152
105.04,1547727716,692.91,51.515201,7.473025,148.52,10.16,0.00,359.76,0,-82,-7,0,0,56,0,0,152
106.05,1547727717,703.12,51.515290,7.473012,147.32,10.26,0.00,357.62,0,-83,-7,0,0,54,0,0,152
107.05,1547727718,713.38,51.515385,7.472991,146.08,11.17,0.00,354.84,0,-83,-7,0,0,54,0,0,152
108.05,1547727719,724.57,51.515486,7.472957,144.72,11.62,0.00,351.92,0,-97,-7,0,0,42,0,0,372
108.05,1547727719,724.58,51.515486,7.472957,144.72,11.62,0.00,351.92,0,-86,-8,0,0,53,0,0,152
109.05,1547727720,736.13,51.515579,7.472909,143.29,10.42,0.00,348.14,0,-97,-7,0,0,42,0,0,372
109.05,1547727720,736.14,51.515579,7.472909,143.29,10.42,0.00,348.14,0,-86,-8,0,0,53,0,0,152
110.05,1547727721,746.61,51.515688,7.472805,142.61,10.42,0.00,351.15,0,-82,-7,0,0,55,0,0,152
111.05,1547727722,756.97,51.515796,7.472709,141.14,11.81,0.00,345.51,0,-82,-7,0,0,55,0,0,152
112.05,1547727723,768.79,51.515891,7.472623,139.58,11.88,0.00,333.81,0,-96,-8,0,0,45,0,0,372
112.05,1547727723,768.80,51.515891,7.472623,139.58,11.88,0.00,333.81,0,-75,-7,0,0,63,0,0,152
113.05,1547727724,780.67,51.515989,7.472539,138.08,12.26,0.00,331.97,0,-96,-8,0,0,45,0,0,372
113.05,1547727724,780.67,51.515989,7.472539,138.08,12.26,0.00,331.97,0,-75,-7,0,0,63,0,0,152
114.05,1547727725,792.98,51.516087,7.472449,137.51,12.39,0.00,329.29,0,-97,-8,0,0,43,0,0,372
114.05,1547727725,793.00,51.516087,7.472449,137.51,12.39,0.00,329.29,0,-87,-9,0,0,52,0,0,152
114.05,1547727725,793.01,51.516087,7.472449,137.51,12.39,0.00,329.29,0,-92,-13,0,0,52,0,0,151
115.05,1547727726,805.32,51.516177,7.472336,137.04,12.56,0.00,325.87,0,-97,-8,0,0,43,0,0,372
115.05,1547727726,805.32,51.516177,7.472336,137.04,12.56,0.00,325.87,0,-87,-9,0,0,52,0,0,152
115.05,1547727726,805.32,51.516177,7.472336,137.04,12.56,0.00,325.87,0,-92,-13,0,0,52,0,0,151
116.05,1547727727,817.88,51.516265,7.472212,136.63,12.89,0.00,322.62,0,-98,-6,0,0,40,0,0,372
116.05,1547727727,817.89,51.516265,7.472212,136.63,12.89,0.00,322.62,0,-88,-9,0,0,52,0,0,152
116.05,1547727727,817.89,51.516265,7.472212,136.63,12.89,0.00,322.62,0,-92,-13,0,0,52,0,0,151
117.05,1547727728,830.82,51.516330,7.472053,136.33,12.76,0.00,308.48,0,-98,-6,0,0,40,0,0,372
117.05,1547727728,830.83,51.516330,7.472053,136.33,12.76,0.00,308.48,0,-88,-9,0,0,52,0,0,152
117.05,1547727728,830.85,51.516330,7.472053,136.33,12.76,0.00,308.48,0,-92,-13,0,0,52,0,0,151
118.05,1547727729,843.53,51.516390,7.471903,135.81,12.37,0.00,306.74,0,-96,-6,0,0,42,0,0,372
118.05,1547727729,843.54,51.516390,7.471903,135.81,12.37,0.00,306.74,0,-88,-9,0,0,52,0,0,152
118.05,1547727729,843.54,51.516390,7.471903,135.81,12.37,0.00,306.74,0,-89,-11,0,0,52,0,0,151
119.05,1547727730,855.90,51.516446,7.471749,135.23,12.57,0.00,304.19,0,-96,-6,0,0,42,0,0,372
119.05,1547727730,855.92,51.516446,7.471749,135.23,12.57,0.00,304.19,0,-88,-9,0,0,52,0,0,152
119.05,1547727730,855.92,51.516446,7.471749,135.23,12.57,0.00,304.19,0,-89,-11,0,0,52,0,0,151
120.05,1547727731,868.56,51.516497,7.471599,134.35,12.40,0.00,301.54,0,-84,-8,0,0,55,0,0,151
120.05,1547727731,868.57,51.516497,7.471599,134.35,12.40,0.00,301.54,0,-88,-12,0,0,55,0,0,152
121.05,1547727732,880.87,51.516543,7.471440,133.57,12.80,0.00,298.70,0,-84,-8,0,0,55,0,0,151
121.05,1547727732,880.87,51.516543,7.471440,133.57,12.80,0.00,298.70,0,-88,-12,0,0,55,0,0,152
122.05,1547727733,893.72,51.516590,7.471283,132.53,12.21,0.00,296.84,0,-85,-8,0,0,54,0,0,151
122.05,1547727733,893.72,51.516590,7.471283,132.53,12.21,0.00,296.84,0,-91,-14,0,0,54,0,0,152
123.05,1547727734,905.90,51.516633,7.471116,132.17,12.46,0.00,295.91,0,-85,-8,0,0,54,0,0,151
123.05,1547727734,905.90,51.516633,7.471116,132.17,12.46,0.00,295.91,0,-91,-14,0,0,54,0,0,152
124.05,1547727735,918.43,51.516675,7.470949,131.82,12.68,0.00,295.35,0,-97,-10,0,0,46,0,0,372
124.05,1547727735,918.43,51.516675,7.470949,131.82,12.68,0.00,295.35,0,-82,-8,0,0,58,0,0,151
125.05,1547727736,931.06,51.516721,7.470783,131.80,12.86,0.00,295.71,0,-97,-10,0,0,46,0,0,372
125.05,1547727736,931.08,51.516721,7.470783,131.80,12.86,0.00,295.71,0,-82,-8,0,0,58,0,0,151
126.05,1547727737,943.92,51.516768,7.470616,131.50,13.06,0.00,296.31,0,-97,-10,0,0,46,0,0,372
126.05,1547727737,943.93,51.516768,7.470616,131.50,13.06,0.00,296.31,0,-82,-8,0,0,58,0,0,151
127.05,1547727738,957.01,51.516817,7.470448,131.08,12.84,0.00,295.47,0,-98,-6,0,0,40,0,0,372
127.05,1547727738,957.01,51.516817,7.470448,131.08,12.84,0.00,295.47,0,-88,-8,0,0,51,0,0,151
127.05,1547727738,957.02,51.516817,7.470448,131.08,12.84,0.00,295.47,0,-90,-12,0,0,51,0,0,152
128.05,1547727739,969.84,51.516864,7.470271,131.04,13.11,0.00,294.77,0,-98,-6,0,0,40,0,0,372
128.05,1547727739,969.84,51.516864,7.470271,131.04,13.11,0.00,294.77,0,-88,-8,0,0,51,0,0,151
128.05,1547727739,969.85,51.516864,7.470271,131.04,13.11,0.00,294.77,0,-90,-12,0,0,51,0,0,152
129.05,1547727740,982.95,51.516910,7.470081,131.11,14.03,0.00,293.63,0,-92,-10,0,0,49,0,0,151
129.05,1547727740,982.97,51.516910,7.470081,131.11,14.03,0.00,293.63,0,-93,-12,0,0,49,0,0,152
130.05,1547727741,997.00,51.516954,7.469886,130.97,13.97,0.00,292.59,0,-92,-10,0,0,49,0,0,151
130.05,1547727741,997.01,51.516954,7.469886,130.97,13.97,0.00,292.59,0,-93,-12,0,0,49,0,0,152
131.05,1547727742,1010.93,51.516994,7.469697,130.70,13.53,0.00,291.25,0,-99,-8,0,0,40,0,0,372
131.05,1547727742,1010.93,51.516994,7.469697,130.70,13.53,0.00,291.25,0,-91,-9,0,0,49,0,0,295
131.05,1547727742,1010.93,51.516994,7.469697,130.70,13.53,0.00,291.25,0,-94,-12,0,0,49,0,0,151
132.05,1547727743,1024.44,51.517031,7.469501,130.61,13.62,0.00,290.59,0,-99,-8,0,0,40,0,0,372
132.05,1547727743,1024.44,51.517031,7.469501,130.61,13.62,0.00,290.59,0,-91,-9,0,0,49,0,0,295
132.05,1547727743,1024.44,51.517031,7.469501,130.61,13.62,0.00,290.59,0,-94,-12,0,0,49,0,0,151
133.05,1547727744,1038.06,51.517067,7.469304,130.71,13.79,0.00,289.62,0,-88,-8,0,0,51,0,0,295
133.05,1547727744,1038.08,51.517067,7.469304,130.71,13.79,0.00,289.62,0,-94,-13,0,0,50,0,0,151
134.05,1547727745,1051.90,51.517108,7.469105,130.51,14.10,0.00,288.66,0,-88,-8,0,0,51,0,0,295
134.05,1547727745,1051.91,51.517108,7.469105,130.51,14.10,0.00,288.66,0,-94,-13,0,0,50,0,0,151
135.05,1547727746,1065.99,51.517149,7.468920,129.88,13.85,0.00,289.39,0,-92,-9,0,0,48,0,0,295
135.05,1547727746,1066.00,51.517149,7.468920,129.88,13.85,0.00,289.39,0,-94,-11,0,0,47,0,0,151
136.05,1547727747,1079.77,51.517187,7.468731,129.36,13.44,0.00,289.91,0,-92,-9,0,0,48,0,0,295
136.05,1547727747,1079.78,51.517187,7.468731,129.36,13.44,0.00,289.91,0,-94,-11,0,0,47,0,0,151
137.05,1547727748,1093.29,51.517224,7.468555,128.99,12.54,0.00,290.53,0,-97,-6,0,0,41,0,0,372
137.05,1547727748,1093.30,51.517224,7.468555,128.99,12.54,0.00,290.53,0,-93,-10,0,0,48,0,0,151
137.05,1547727748,1093.30,51.517224,7.468555,128.99,12.54,0.00,290.53,0,-95,-12,0,0,48,0,0,295
138.05,1547727749,1105.82,51.517262,7.468383,128.94,12.01,0.00,291.44,0,-97,-6,0,0,41,0,0,372
138.05,1547727749,1105.83,51.517262,7.468383,128.94,12.01,0.00,291.44,0,-93,-10,0,0,48,0,0,151
138.05,1547727749,1105.83,51.517262,7.468383,128.94,12.01,0.00,291.44,0,-95,-12,0,0,48,0,0,295
139.05,1547727750,1117.83,51.517300,7.468226,128.77,11.21,0.00,292.69,0,-96,-8,0,0,43,0,0,372
139.05,1547727750,1117.84,51.517300,7.468226,128.77,11.21,0.00,292.69,0,-94,-12,0,0,49,0,0,151
139.05,1547727750,1117.85,51.517300,7.468226,128.77,11.21,0.00,292.69,0,-95,-12,0,0,49,0,0,295
140.06,1547727751,1129.11,51.517332,7.468115,128.92,7.76,0.00,294.92,0,-96,-8,0,0,43,0,0,372
140.06,1547727751,1129.11,51.517332,7.468115,128.92,7.76,0.00,294.92,0,-94,-12,0,0,49,0,0,151
140.06,1547727751,1129.12,51.517332,7.468115,128.92,7.76,0.00,294.92,0,-95,-12,0,0,49,0,0,295
141.05,1547727752,1136.80,51.517366,7.468008,129.35,7.56,0.00,295.54,0,-90,-8,0,0,48,0,0,146
141.05,1547727752,1136.81,51.517366,7.468008,129.35,7.56,0.00,295.54,0,-95,-12,0,0,47,0,0,273
142.05,1547727753,1144.37,51.517397,7.467906,130.01,7.26,0.00,294.94,0,-90,-8,0,0,48,0,0,146
142.05,1547727753,1144.37,51.517397,7.467906,130.01,7.26,0.00,294.94,0,-95,-12,0,0,47,0,0,273
143.05,1547727754,1151.64,51.517428,7.467802,130.70,7.12,0.00,296.11,0,-90,-8,0,0,49,0,0,146
143.05,1547727754,1151.64,51.517428,7.467802,130.70,7.12,0.00,296.11,0,-94,-10,0,0,47,0,0,151
144.05,1547727755,1158.77,51.517461,7.467691,131.45,7.53,0.00,295.77,0,-90,-8,0,0,49,0,0,146
144.05,1547727755,1158.77,51.517461,7.467691,131.45,7.53,0.00,295.77,0,-94,-10,0,0,47,0,0,151
145.06,1547727756,1166.35,51.517494,7.467587,132.11,7.43,0.00,296.93,0,-93,-9,0,0,46,0,0,146
145.06,1547727756,1166.36,51.517494,7.467587,132.11,7.43,0.00,296.93,0,-94,-9,0,0,46,0,0,151
146.05,1547727757,1173.71,51.517524,7.467500,132.39,6.39,0.00,297.52,0,-93,-9,0,0,46,0,0,146
146.05,1547727757,1173.72,51.517524,7.467500,132.39,6.39,0.00,297.52,0,-94,-9,0,0,46,0,0,151
147.05,1547727758,1180.08,51.517551,7.467422,132.49,5.71,0.00,296.81,0,-93,-9,0,0,46,0,0,146
147.05,1547727758,1180.08,51.517551,7.467422,132.49,5.71,0.00,296.81,0,-94,-9,0,0,46,0,0,151
148.05,1547727759,1185.80,51.517575,7.467350,132.53,5.35,0.00,297.70,0,-95,-10,0,0,46,0,0,146
148.05,1547727759,1185.80,51.517575,7.467350,132.53,5.35,0.00,297.70,0,-97,-11,0,0,47,0,0,151
149.05,1547727760,1191.17,51.517598,7.467287,132.41,5.29,0.00,297.30,0,-95,-10,0,0,46,0,0,146
149.05,1547727760,1191.17,51.517598,7.467287,132.41,5.29,0.00,297.30,0,-97,-11,0,0,47,0,0,151
150.04,1547727761,1196.43,51.517621,7.467209,132.20,5.66,0.00,296.57,0,-92,-10,0,0,51,0,0,146
150.04,1547727761,1196.43,51.517621,7.467209,132.20,5.66,0.00,296.57,0,-96,-12,0,0,49,0,0,151
151.05,1547727762,1202.12,51.517643,7.467125,132.18,5.94,0.00,295.16,0,-92,-10,0,0,51,0,0,146
151.05,1547727762,1202.13,51.517643,7.467125,132.18,5.94,0.00,295.16,0,-96,-12,0,0,49,0,0,151
152.05,1547727763,1208.05,51.517663,7.467052,132.01,5.80,0.00,293.59,0,-94,-11,0,0,48,0,0,146
152.05,1547727763,1208.06,51.517663,7.467052,132.01,5.80,0.00,293.59,0,-97,-12,0,0,47,0,0,151
153.05,1547727764,1213.86,51.517681,7.466982,131.75,5.74,0.00,292.21,0,-94,-11,0,0,48,0,0,146
153.05,1547727764,1213.87,51.517681,7.466982,131.75,5.74,0.00,292.21,0,-97,-12,0,0,47,0,0,151
154.05,1547727765,1219.60,51.517697,7.466903,131.67,5.58,0.00,291.25,0,-95,-9,0,0,45,0,0,146
154.05,1547727765,1219.60,51.517697,7.466903,131.67,5.58,0.00,291.25,0,-97,-11,0,0,44,0,0,151
155.05,1547727766,1225.16,51.517713,7.466817,131.66,5.75,0.00,290.48,0,-95,-9,0,0,45,0,0,146
155.05,1547727766,1225.17,51.517713,7.466817,131.66,5.75,0.00,290.48,0,-97,-11,0,0,44,0,0,151
156.05,1547727767,1230.94,51.517728,7.466739,131.53,5.94,0.00,289.07,0,-102,-10,0,0,40,0,0,470
156.05,1547727767,1230.95,51.517728,7.466739,131.53,5.94,0.00,289.07,0,-95,-9,0,0,46,0,0,146
156.05,1547727767,1230.95,51.517728,7.466739,131.53,5.94,0.00,289.07,0,-98,-12,0,0,45,0,0,151
157.05,1547727768,1236.87,51.517743,7.466650,131.40,6.40,0.00,288.19,0,-102,-10,0,0,40,0,0,470
157.05,1547727768,1236.88,51.517743,7.466650,131.40,6.40,0.00,288.19,0,-95,-9,0,0,46,0,0,146
157.05,1547727768,1236.89,51.517743,7.466650,131.40,6.40,0.00,288.19,0,-98,-12,0,0,45,0,0,151
158.05,1547727769,1243.25,51.517758,7.466569,131.14,6.38,0.00,288.44,0,-95,-7,0,0,43,0,0,470
158.05,1547727769,1243.25,51.517758,7.466569,131.14,6.38,0.00,288.44,0,-92,-9,0,0,47,0,0,146
158.05,1547727769,1243.25,51.517758,7.466569,131.14,6.38,0.00,288.44,0,-97,-13,0,0,46,0,0,151
159.05,1547727770,1249.64,51.517773,7.466482,130.73,6.69,0.00,287.38,0,-95,-7,0,0,43,0,0,470
159.05,1547727770,1249.64,51.517773,7.466482,130.73,6.69,0.00,287.38,0,-92,-9,0,0,47,0,0,146
159.05,1547727770,1249.65,51.517773,7.466482,130.73,6.69,0.00,287.38,0,-97,-13,0,0,46,0,0,151
160.05,1547727771,1256.34,51.517787,7.466398,130.31,5.87,0.00,286.99,0,-100,-10,0,0,41,0,0,470
160.05,1547727771,1256.34,51.517787,7.466398,130.31,5.87,0.00,286.99,0,-103,-12,0,0,40,0,0,331
160.05,1547727771,1256.34,51.517787,7.466398,130.31,5.87,0.00,286.99,0,-103,-12,0,0,41,0,0,201
160.05,1547727771,1256.35,51.517787,7.466398,130.31,5.87,0.00,286.99,0,-93,-10,0,0,47,0,0,146
160.05,1547727771,1256.35,51.517787,7.466398,130.31,5.87,0.00,286.99,0,-96,-13,0,0,48,0,0,151
161.05,1547727772,1262.20,51.517800,7.466315,129.96,5.73,0.00,285.40,0,-100,-10,0,0,41,0,0,470
161.05,1547727772,1262.20,51.517800,7.466315,129.96,5.73,0.00,285.40,0,-103,-12,0,0,40,0,0,331
161.05,1547727772,1262.21,51.517800,7.466315,129.96,5.73,0.00,285.40,0,-103,-12,0,0,41,0,0,201
161.05,1547727772,1262.21,51.517800,7.466315,129.96,5.73,0.00,285.40,0,-93,-10,0,0,47,0,0,146
161.05,1547727772,1262.21,51.517800,7.466315,129.96,5.73,0.00,285.40,0,-96,-13,0,0,48,0,0,151
162.05,1547727773,1267.96,51.517812,7.466221,129.75,6.30,0.00,283.88,0,-99,-11,0,0,44,0,0,470
162.05,1547727773,1267.97,51.517812,7.466221,129.75,6.30,0.00,283.88,0,-102,-14,0,0,44,0,0,443
162.05,1547727773,1267.97,51.517812,7.466221,129.75,6.30,0.00,283.88,0,-105,-16,0,0,43,0,0,201
162.05,1547727773,1267.98,51.517812,7.466221,129.75,6.30,0.00,283.88,0,-93,-14,0,0,52,0,0,151
162.06,1547727773,1267.98,51.517812,7.466221,129.75,6.30,0.00,283.88,0,-95,-17,0,0,52,0,0,146
163.05,1547727774,1274.28,51.517824,7.466116,129.60,8.14,0.00,282.85,0,-99,-11,0,0,44,0,0,470
163.05,1547727774,1274.28,51.517824,7.466116,129.60,8.14,0.00,282.85,0,-102,-14,0,0,44,0,0,443
163.05,1547727774,1274.29,51.517824,7.466116,129.60,8.14,0.00,282.85,0,-105,-16,0,0,43,0,0,201
163.06,1547727774,1274.30,51.517824,7.466116,129.60,8.14,0.00,282.85,0,-93,-14,0,0,52,0,0,151
163.06,1547727774,1274.30,51.517824,7.466116,129.60,8.14,0.00,282.85,0,-95,-17,0,0,52,0,0,146
166.05,1547727777,1301.95,51.517862,7.465707,129.09,10.05,0.00,277.47,0,-100,-10,0,0,42,0,0,358
166.05,1547727777,1301.96,51.517862,7.465707,129.09,10.05,0.00,277.47,0,-88,-7,0,0,50,0,0,189
167.05,1547727778,1311.94,51.517869,7.465550,128.90,10.06,0.00,275.92,0,-100,-10,0,0,42,0,0,358
167.05,1547727778,1311.94,51.517869,7.465550,128.90,10.06,0.00,275.92,0,-88,-7,0,0,50,0,0,189
168.06,1547727779,1322.14,51.517864,7.465387,129.01,10.06,0.00,275.92,0,-96,-12,0,0,49,0,0,24
168.06,1547727779,1322.14,51.517864,7.465387,129.01,10.06,0.00,275.92,0,-92,-8,0,0,47,0,0,189
168.06,1547727779,1322.15,51.517864,7.465387,129.01,10.06,0.00,275.92,0,-98,-13,0,0,46,0,0,151
169.05,1547727780,1332.11,51.517865,7.465228,129.49,10.36,0.00,275.39,0,-96,-12,0,0,49,0,0,24
169.05,1547727780,1332.13,51.517865,7.465228,129.49,10.36,0.00,275.39,0,-92,-8,0,0,47,0,0,189
169.05,1547727780,1332.14,51.517865,7.465228,129.49,10.36,0.00,275.39,0,-98,-13,0,0,46,0,0,151
170.05,1547727781,1342.47,51.517866,7.465071,129.88,10.36,0.00,273.56,0,-96,-12,0,0,49,0,0,24
170.05,1547727781,1342.48,51.517866,7.465071,129.88,10.36,0.00,273.56,0,-92,-8,0,0,47,0,0,189
170.05,1547727781,1342.48,51.517866,7.465071,129.88,10.36,0.00,273.56,0,-98,-13,0,0,46,0,0,151
171.05,1547727782,1352.78,51.517862,7.464918,129.89,10.42,0.00,271.64,0,-96,-8,0,0,44,0,0,443
171.05,1547727782,1352.78,51.517862,7.464918,129.89,10.42,0.00,271.64,0,-99,-12,0,0,44,0,0,24
171.05,1547727782,1352.79,51.517862,7.464918,129.89,10.42,0.00,271.64,0,-101,-12,0,0,42,0,0,358
171.05,1547727782,1352.79,51.517862,7.464918,129.89,10.42,0.00,271.64,0,-87,-8,0,0,52,0,0,189
172.05,1547727783,1363.21,51.517856,7.464760,129.84,11.01,0.00,269.89,0,-96,-8,0,0,44,0,0,443
172.05,1547727783,1363.22,51.517856,7.464760,129.84,11.01,0.00,269.89,0,-99,-12,0,0,44,0,0,24
172.05,1547727783,1363.22,51.517856,7.464760,129.84,11.01,0.00,269.89,0,-101,-12,0,0,42,0,0,358
172.05,1547727783,1363.22,51.517856,7.464760,129.84,11.01,0.00,269.89,0,-87,-8,0,0,52,0,0,189
173.05,1547727784,1374.28,51.517849,7.464587,129.48,11.83,0.00,267.94,0,-96,-10,0,0,46,0,0,24
173.05,1547727784,1374.29,51.517849,7.464587,129.48,11.83,0.00,267.94,0,-99,-13,0,0,46,0,0,358
173.05,1547727784,1374.29,51.517849,7.464587,129.48,11.83,0.00,267.94,0,-99,-13,0,0,46,0,0,443
173.05,1547727784,1374.30,51.517849,7.464587,129.48,11.83,0.00,267.94,0,-89,-7,0,0,49,0,0,189
173.05,1547727784,1374.30,51.517849,7.464587,129.48,11.83,0.00,267.94,0,-95,-12,0,0,48,0,0,455
174.05,1547727785,1386.06,51.517835,7.464414,129.39,12.26,0.00,265.03,0,-96,-10,0,0,46,0,0,24
174.05,1547727785,1386.08,51.517835,7.464414,129.39,12.26,0.00,265.03,0,-99,-13,0,0,46,0,0,358
174.05,1547727785,1386.08,51.517835,7.464414,129.39,12.26,0.00,265.03,0,-99,-13,0,0,46,0,0,443
174.05,1547727785,1386.08,51.517835,7.464414,129.39,12.26,0.00,265.03,0,-89,-7,0,0,49,0,0,189
174.05,1547727785,1386.09,51.517835,7.464414,129.39,12.26,0.00,265.03,0,-95,-12,0,0,48,0,0,455
177.05,1547727788,1423.48,51.517752,7.463905,129.46,12.57,0.00,255.32,0,-92,-9,0,0,50,0,0,443
177.05,1547727788,1423.49,51.517752,7.463905,129.46,12.57,0.00,255.32,0,-93,-11,0,0,48,0,0,189
178.05,1547727789,1435.97,51.517710,7.463744,130.78,13.15,0.00,253.06,0,-92,-9,0,0,50,0,0,443
178.05,1547727789,1435.99,51.517710,7.463744,130.78,13.15,0.00,253.06,0,-93,-11,0,0,48,0,0,189
179.05,1547727790,1449.17,51.517666,7.463579,133.49,12.98,0.00,251.29,0,-89,-8,0,0,50,0,0,443
179.05,1547727790,1449.18,51.517666,7.463579,133.49,12.98,0.00,251.29,0,-93,-9,0,0,46,0,0,141
180.05,1547727791,1462.13,51.517619,7.463405,135.18,12.98,0.00,249.50,0,-89,-8,0,0,50,0,0,443
180.05,1547727791,1462.15,51.517619,7.463405,135.18,12.98,0.00,249.50,0,-93,-9,0,0,46,0,0,141
181.05,1547727792,1475.14,51.517571,7.463223,136.15,13.42,0.00,248.51,0,-92,-11,0,0,52,0,0,24
181.05,1547727792,1475.14,51.517571,7.463223,136.15,13.42,0.00,248.51,0,-96,-9,0,0,45,0,0,455
181.05,1547727792,1475.14,51.517571,7.463223,136.15,13.42,0.00,248.51,0,-96,-12,0,0,46,0,0,189
182.05,1547727793,1488.54,51.517523,7.463042,136.46,13.30,0.00,247.78,0,-92,-11,0,0,52,0,0,24
182.05,1547727793,1488.55,51.517523,7.463042,136.46,13.30,0.00,247.78,0,-96,-9,0,0,45,0,0,455
182.05,1547727793,1488.55,51.517523,7.463042,136.46,13.30,0.00,247.78,0,-96,-12,0,0,46,0,0,189
183.05,1547727794,1501.81,51.517474,7.462860,136.96,13.81,0.00,246.99,0,-89,-12,0,0,55,0,0,24
183.05,1547727794,1501.82,51.517474,7.462860,136.96,13.81,0.00,246.99,0,-93,-10,0,0,48,0,0,189
183.05,1547727794,1501.82,51.517474,7.462860,136.96,13.81,0.00,246.99,0,-94,-10,0,0,48,0,0,455
184.05,1547727795,1515.65,51.517420,7.462678,137.48,14.01,0.00,245.86,0,-89,-12,0,0,55,0,0,24
184.05,1547727795,1515.66,51.517420,7.462678,137.48,14.01,0.00,245.86,0,-93,-10,0,0,48,0,0,189
184.05,1547727795,1515.66,51.517420,7.462678,137.48,14.01,0.00,245.86,0,-94,-10,0,0,48,0,0,455
185.05,1547727796,1529.70,51.517367,7.462496,138.20,14.29,0.00,246.37,0,-91,-11,0,0,51,0,0,189
185.05,1547727796,1529.70,51.517367,7.462496,138.20,14.29,0.00,246.37,0,-93,-12,0,0,51,0,0,274
186.05,1547727797,1543.94,51.517319,7.462316,138.91,13.70,0.00,247.67,0,-91,-11,0,0,51,0,0,189
186.05,1547727797,1543.95,51.517319,7.462316,138.91,13.70,0.00,247.67,0,-93,-12,0,0,51,0,0,274
187.05,1547727798,1557.61,51.517273,7.462139,139.42,13.49,0.00,248.28,0,-89,-11,0,0,55,0,0,189
187.05,1547727798,1557.61,51.517273,7.462139,139.42,13.49,0.00,248.28,0,-89,-10,0,0,54,0,0,274
188.05,1547727799,1571.15,51.517232,7.461962,140.35,13.23,0.00,249.61,0,-89,-11,0,0,55,0,0,189
188.05,1547727799,1571.17,51.517232,7.461962,140.35,13.23,0.00,249.61,0,-89,-10,0,0,54,0,0,274
189.06,1547727800,1584.50,51.517229,7.461746,140.60,13.23,0.00,248.38,0,-80,-7,0,0,58,0,0,274
189.06,1547727800,1584.51,51.517229,7.461746,140.60,13.23,0.00,248.38,0,-87,-12,0,0,56,0,0,189
190.05,1547727801,1597.61,51.517191,7.461562,141.75,13.81,0.00,250.75,0,-80,-7,0,0,58,0,0,274
190.05,1547727801,1597.62,51.517191,7.461562,141.75,13.81,0.00,250.75,0,-87,-12,0,0,56,0,0,189
191.05,1547727802,1611.41,51.517143,7.461379,142.26,14.13,0.00,251.09,0,-80,-7,0,0,58,0,0,274
191.05,1547727802,1611.43,51.517143,7.461379,142.26,14.13,0.00,251.09,0,-87,-12,0,0,56,0,0,189
192.05,1547727803,1625.52,51.517097,7.461196,142.28,14.04,0.00,250.76,0,-79,-8,0,0,60,0,0,274
192.05,1547727803,1625.52,51.517097,7.461196,142.28,14.04,0.00,250.76,0,-83,-11,0,0,59,0,0,189
193.05,1547727804,1639.60,51.517052,7.461020,142.74,13.75,0.00,251.12,0,-79,-8,0,0,60,0,0,274
193.05,1547727804,1639.61,51.517052,7.461020,142.74,13.75,0.00,251.12,0,-83,-11,0,0,59,0,0,189
194.05,1547727805,1653.26,51.517011,7.460833,141.71,13.36,0.00,251.47,0,-72,-6,0,0,63,0,0,274
195.05,1547727806,1666.69,51.516969,7.460634,139.86,14.03,0.00,251.55,0,-72,-6,0,0,63,0,0,274
196.05,1547727807,1680.73,51.516920,7.460424,138.21,14.03,0.00,250.75,0,-90,-10,0,0,54,0,0,331
196.05,1547727807,1680.73,51.516920,7.460424,138.21,14.03,0.00,250.75,0,-75,-7,0,0,63,0,0,274
196.05,1547727807,1680.75,51.516920,7.460424,138.21,14.03,0.00,250.75,0,-78,-8,0,0,61,0,0,189
197.05,1547727808,1694.73,51.516886,7.460223,136.43,14.30,0.00,253.59,0,-90,-10,0,0,54,0,0,331
197.05,1547727808,1694.75,51.516886,7.460223,136.43,14.30,0.00,253.59,0,-75,-7,0,0,63,0,0,274
197.05,1547727808,1694.76,51.516886,7.460223,136.43,14.30,0.00,253.59,0,-78,-8,0,0,61,0,0,189
198.05,1547727809,1709.03,51.516843,7.460023,134.91,14.40,0.00,253.78,0,-80,-8,0,0,59,0,0,189
198.05,1547727809,1709.04,51.516843,7.460023,134.91,14.40,0.00,253.78,0,-86,-9,0,0,54,0,0,274
199.05,1547727810,1723.42,51.516806,7.459819,133.35,14.66,0.00,254.60,0,-80,-8,0,0,59,0,0,189
199.05,1547727810,1723.43,51.516806,7.459819,133.35,14.66,0.00,254.60,0,-86,-9,0,0,54,0,0,274
202.05,1547727813,1767.71,51.516709,7.459206,131.46,14.61,0.00,256.67,0,-85,-11,0,0,57,0,0,189
203.05,1547727814,1782.37,51.516682,7.458999,131.04,14.82,0.00,257.47,0,-85,-11,0,0,57,0,0,189
204.05,1547727815,1797.15,51.516660,7.458780,130.24,14.82,0.00,256.78,0,-88,-10,0,0,53,0,0,189
205.05,1547727816,1812.00,51.516630,7.458575,129.80,14.29,0.00,256.13,0,-88,-10,0,0,53,0,0,189
206.05,1547727817,1826.28,51.516609,7.458374,129.33,14.31,0.00,257.69,0,-85,-6,0,0,52,0,0,331
206.05,1547727817,1826.29,51.516609,7.458374,129.33,14.31,0.00,257.69,0,-80,-8,0,0,58,0,0,189
207.05,1547727818,1840.59,51.516580,7.458173,129.14,14.16,0.00,258.42,0,-85,-6,0,0,52,0,0,331
207.05,1547727818,1840.60,51.516580,7.458173,129.14,14.16,0.00,258.42,0,-80,-8,0,0,58,0,0,189
208.05,1547727819,1854.70,51.516551,7.457989,129.62,13.88,0.00,257.93,0,-87,-7,0,0,52,0,0,331
208.05,1547727819,1854.72,51.516551,7.457989,129.62,13.88,0.00,257.93,0,-87,-10,0,0,54,0,0,189
208.05,1547727819,1854.72,51.516551,7.457989,129.62,13.88,0.00,257.93,0,-93,-11,0,0,49,0,0,307
209.05,1547727820,1868.65,51.516526,7.457795,129.44,13.01,0.00,257.37,0,-87,-7,0,0,52,0,0,331
209.05,1547727820,1868.66,51.516526,7.457795,129.44,13.01,0.00,257.37,0,-87,-10,0,0,54,0,0,189
209.05,1547727820,1868.66,51.516526,7.457795,129.44,13.01,0.00,257.37,0,-93,-11,0,0,49,0,0,307
210.06,1547727821,1881.75,51.516499,7.457622,130.09,11.88,0.00,256.73,0,-90,-7,0,0,48,0,0,443
210.06,1547727821,1881.77,51.516499,7.457622,130.09,11.88,0.00,256.73,0,-85,-8,0,0,53,0,0,141
210.06,1547727821,1881.78,51.516499,7.457622,130.09,11.88,0.00,256.73,0,-88,-10,0,0,52,0,0,189
211.05,1547727822,1893.48,51.516475,7.457474,131.42,9.30,0.00,257.73,0,-90,-7,0,0,48,0,0,443
211.05,1547727822,1893.48,51.516475,7.457474,131.42,9.30,0.00,257.73,0,-85,-8,0,0,53,0,0,141
211.05,1547727822,1893.48,51.516475,7.457474,131.42,9.30,0.00,257.73,0,-88,-10,0,0,52,0,0,189
212.05,1547727823,1902.78,51.516453,7.457346,132.56,7.54,0.00,258.15,0,-90,-7,0,0,48,0,0,443
212.05,1547727823,1902.78,51.516453,7.457346,132.56,7.54,0.00,258.15,0,-85,-8,0,0,53,0,0,141
212.05,1547727823,1902.78,51.516453,7.457346,132.56,7.54,0.00,258.15,0,-88,-10,0,0,52,0,0,189
213.05,1547727824,1910.35,51.516432,7.457233,133.43,6.22,0.00,257.24,0,-87,-9,0,0,52,0,0,189
213.05,1547727824,1910.35,51.516432,7.457233,133.43,6.22,0.00,257.24,0,-88,-9,0,0,52,0,0,141
214.05,1547727825,1916.58,51.516417,7.457123,133.67,6.28,0.00,256.69,0,-87,-9,0,0,52,0,0,189
214.05,1547727825,1916.58,51.516417,7.457123,133.67,6.28,0.00,256.69,0,-88,-9,0,0,52,0,0,141
215.05,1547727826,1922.85,51.516400,7.457019,133.34,6.18,0.00,255.09,0,-93,-16,0,0,55,0,0,443
215.05,1547727826,1922.86,51.516400,7.457019,133.34,6.18,0.00,255.09,0,-86,-11,0,0,55,0,0,141
215.05,1547727826,1922.86,51.516400,7.457019,133.34,6.18,0.00,255.09,0,-87,-13,0,0,56,0,0,189
216.05,1547727827,1929.04,51.516381,7.456924,133.25,5.46,0.00,253.09,0,-93,-16,0,0,55,0,0,443
216.05,1547727827,1929.04,51.516381,7.456924,133.25,5.46,0.00,253.09,0,-86,-11,0,0,55,0,0,141
216.05,1547727827,1929.04,51.516381,7.456924,133.25,5.46,0.00,253.09,0,-87,-13,0,0,56,0,0,189
217.05,1547727828,1934.50,51.516349,7.456807,133.62,6.55,0.00,251.01,0,-87,-9,0,0,53,0,0,141
217.05,1547727828,1934.50,51.516349,7.456807,133.62,6.55,0.00,251.01,0,-89,-10,0,0,52,0,0,189
218.05,1547727829,1941.05,51.516317,7.456690,134.97,6.88,0.00,248.62,0,-87,-9,0,0,53,0,0,141
218.05,1547727829,1941.05,51.516317,7.456690,134.97,6.88,0.00,248.62,0,-89,-10,0,0,52,0,0,189
219.05,1547727830,1947.94,51.516293,7.456589,135.50,6.93,0.00,247.21,0,-86,-10,0,0,55,0,0,141
219.05,1547727830,1947.94,51.516293,7.456589,135.50,6.93,0.00,247.21,0,-86,-11,0,0,55,0,0,189
220.05,1547727831,1954.84,51.516270,7.456498,135.08,6.72,0.00,246.81,0,-86,-10,0,0,55,0,0,141
220.05,1547727831,1954.84,51.516270,7.456498,135.08,6.72,0.00,246.81,0,-86,-11,0,0,55,0,0,189
221.05,1547727832,1961.57,51.516237,7.456384,134.09,9.08,0.00,244.72,0,-90,-8,0,0,50,0,0,443
221.05,1547727832,1961.57,51.516237,7.456384,134.09,9.08,0.00,244.72,0,-86,-9,0,0,53,0,0,141
221.05,1547727832,1961.57,51.516237,7.456384,134.09,9.08,0.00,244.72,0,-88,-10,0,0,53,0,0,189
222.05,1547727833,1970.65,51.516195,7.456270,133.45,9.59,0.00,242.98,0,-90,-8,0,0,50,0,0,443
222.05,1547727833,1970.65,51.516195,7.456270,133.45,9.59,0.00,242.98,0,-86,-9,0,0,53,0,0,141
222.05,1547727833,1970.66,51.516195,7.456270,133.45,9.59,0.00,242.98,0,-88,-10,0,0,53,0,0,189
225.05,1547727836,1999.74,51.516073,7.455925,134.46,8.32,0.00,237.56,0,-90,-9,0,0,50,0,0,24
225.05,1547727836,1999.75,51.516073,7.455925,134.46,8.32,0.00,237.56,0,-84,-9,0,0,56,0,0,455
225.05,1547727836,1999.75,51.516073,7.455925,134.46,8.32,0.00,237.56,0,-88,-12,0,0,56,0,0,189
226.05,1547727837,2008.01,51.516039,7.455828,135.29,7.27,0.00,233.77,0,-90,-9,0,0,50,0,0,24
226.05,1547727837,2008.01,51.516039,7.455828,135.29,7.27,0.00,233.77,0,-84,-9,0,0,56,0,0,455
226.05,1547727837,2008.02,51.516039,7.455828,135.29,7.27,0.00,233.77,0,-88,-12,0,0,56,0,0,189
227.05,1547727838,2015.28,51.516000,7.455738,136.58,7.92,0.00,232.16,0,-88,-8,0,0,52,0,0,24
227.05,1547727838,2015.29,51.516000,7.455738,136.58,7.92,0.00,232.16,0,-83,-11,0,0,58,0,0,455
227.05,1547727838,2015.29,51.516000,7.455738,136.58,7.92,0.00,232.16,0,-84,-11,0,0,58,0,0,189
228.05,1547727839,2023.25,51.515954,7.455645,137.45,8.06,0.00,230.58,0,-88,-8,0,0,52,0,0,24
228.05,1547727839,2023.25,51.515954,7.455645,137.45,8.06,0.00,230.58,0,-83,-11,0,0,58,0,0,455
228.05,1547727839,2023.25,51.515954,7.455645,137.45,8.06,0.00,230.58,0,-84,-11,0,0,58,0,0,189
229.05,1547727840,2031.26,51.515908,7.455546,138.64,8.65,0.00,229.02,0,-84,-8,0,0,56,0,0,24
229.05,1547727840,2031.26,51.515908,7.455546,138.64,8.65,0.00,229.02,0,-80,-7,0,0,58,0,0,189
229.05,1547727840,2031.26,51.515908,7.455546,138.64,8.65,0.00,229.02,0,-82,-9,0,0,57,0,0,455
230.05,1547727841,2039.94,51.515853,7.455451,140.09,9.40,0.00,226.23,0,-84,-8,0,0,56,0,0,24
230.05,1547727841,2039.95,51.515853,7.455451,140.09,9.40,0.00,226.23,0,-80,-7,0,0,58,0,0,189
230.05,1547727841,2039.96,51.515853,7.455451,140.09,9.40,0.00,226.23,0,-82,-9,0,0,57,0,0,455
231.05,1547727842,2049.33,51.515795,7.455350,142.32,9.95,0.00,223.86,0,-85,-8,0,0,55,0,0,24
231.05,1547727842,2049.34,51.515795,7.455350,142.32,9.95,0.00,223.86,0,-81,-8,0,0,57,0,0,455
231.05,1547727842,2049.34,51.515795,7.455350,142.32,9.95,0.00,223.86,0,-86,-10,0,0,56,0,0,189
232.05,1547727843,2059.28,51.515720,7.455285,144.77,9.53,0.00,210.60,0,-85,-8,0,0,55,0,0,24
232.05,1547727843,2059.28,51.515720,7.455285,144.77,9.53,0.00,210.60,0,-81,-8,0,0,57,0,0,455
232.05,1547727843,2059.29,51.515720,7.455285,144.77,9.53,0.00,210.60,0,-86,-10,0,0,56,0,0,189
236.05,1547727847,2095.97,51.515394,7.455171,148.32,9.14,0.00,190.08,0,-94,-11,0,0,49,0,0,443
237.05,1547727848,2105.11,51.515294,7.455165,147.82,9.93,0.00,188.05,0,-94,-11,0,0,49,0,0,443
238.05,1547727849,2115.04,51.515197,7.455163,147.24,10.17,0.00,185.25,0,-83,-11,0,0,59,0,0,25
238.05,1547727849,2115.05,51.515197,7.455163,147.24,10.17,0.00,185.25,0,-86,-10,0,0,56,0,0,443
239.05,1547727850,2125.16,51.515088,7.455170,146.46,11.74,0.00,181.49,0,-83,-11,0,0,59,0,0,25
239.05,1547727850,2125.17,51.515088,7.455170,146.46,11.74,0.00,181.49,0,-86,-10,0,0,56,0,0,443
246.05,1547727857,2217.92,51.514215,7.455391,138.84,13.81,0.00,172.07,0,-77,-6,0,0,60,0,0,275
247.05,1547727858,2231.78,51.514090,7.455421,138.00,13.46,0.00,172.21,0,-77,-6,0,0,60,0,0,275
248.05,1547727859,2245.24,51.513965,7.455452,138.06,13.21,0.00,171.64,0,-72,-10,0,0,63,0,0,25
248.05,1547727859,2245.25,51.513965,7.455452,138.06,13.21,0.00,171.64,0,-78,-9,0,0,61,0,0,143
249.05,1547727860,2258.45,51.513848,7.455484,138.42,12.82,0.00,170.79,0,-72,-10,0,0,63,0,0,25
249.05,1547727860,2258.47,51.513848,7.455484,138.42,12.82,0.00,170.79,0,-78,-9,0,0,61,0,0,143
252.05,1547727863,2296.51,51.513493,7.455615,145.03,12.34,0.00,163.09,0,-87,-12,0,0,58,0,0,24
252.05,1547727863,2296.51,51.513493,7.455615,145.03,12.34,0.00,163.09,0,-89,-13,0,0,57,0,0,441
252.05,1547727863,2296.52,51.513493,7.455615,145.03,12.34,0.00,163.09,0,-85,-12,0,0,58,0,0,455
253.05,1547727864,2308.85,51.513386,7.455681,147.15,12.12,0.00,160.55,0,-87,-12,0,0,58,0,0,24
253.05,1547727864,2308.85,51.513386,7.455681,147.15,12.12,0.00,160.55,0,-89,-13,0,0,57,0,0,441
253.05,1547727864,2308.85,51.513386,7.455681,147.15,12.12,0.00,160.55,0,-85,-12,0,0,58,0,0,455
254.06,1547727865,2321.13,51.513265,7.455801,149.67,12.12,0.00,163.20,0,-84,-9,0,0,57,0,0,441
254.06,1547727865,2321.14,51.513265,7.455801,149.67,12.12,0.00,163.20,0,-86,-12,0,0,58,0,0,24
254.06,1547727865,2321.14,51.513265,7.455801,149.67,12.12,0.00,163.20,0,-84,-11,0,0,58,0,0,455
254.06,1547727865,2321.16,51.513265,7.455801,149.67,12.12,0.00,163.20,0,-86,-12,0,0,56,0,0,142
255.05,1547727866,2333.08,51.513160,7.455882,150.94,12.33,0.00,166.43,0,-84,-9,0,0,57,0,0,441
255.05,1547727866,2333.08,51.513160,7.455882,150.94,12.33,0.00,166.43,0,-86,-12,0,0,58,0,0,24
255.05,1547727866,2333.09,51.513160,7.455882,150.94,12.33,0.00,166.43,0,-84,-11,0,0,58,0,0,455
255.05,1547727866,2333.09,51.513160,7.455882,150.94,12.33,0.00,166.43,0,-86,-12,0,0,56,0,0,142
256.05,1547727867,2345.49,51.513051,7.455964,152.04,13.61,0.00,167.00,0,-84,-9,0,0,57,0,0,441
256.05,1547727867,2345.50,51.513051,7.455964,152.04,13.61,0.00,167.00,0,-86,-12,0,0,58,0,0,24
256.05,1547727867,2345.51,51.513051,7.455964,152.04,13.61,0.00,167.00,0,-84,-11,0,0,58,0,0,455
256.05,1547727867,2345.51,51.513051,7.455964,152.04,13.61,0.00,167.00,0,-86,-12,0,0,56,0,0,142
257.05,1547727868,2359.05,51.512992,7.456120,153.00,12.32,0.00,129.89,0,-88,-9,0,0,55,0,0,441
258.05,1547727869,2371.37,51.512934,7.456291,153.30,12.81,0.00,128.25,0,-88,-9,0,0,55,0,0,441
259.05,1547727870,2384.18,51.512864,7.456445,153.54,12.60,0.00,127.91,0,-86,-10,0,0,55,0,0,25
259.05,1547727870,2384.18,51.512864,7.456445,153.54,12.60,0.00,127.91,0,-82,-9,0,0,58,0,0,143
260.05,1547727871,2396.78,51.512794,7.456586,153.47,12.60,0.00,128.25,0,-86,-10,0,0,55,0,0,25
260.05,1547727871,2396.80,51.512794,7.456586,153.47,12.60,0.00,128.25,0,-82,-9,0,0,58,0,0,143
261.05,1547727872,2409.39,51.512736,7.456749,153.35,12.93,0.00,130.43,0,-84,-10,0,0,59,0,0,25
261.05,1547727872,2409.39,51.512736,7.456749,153.35,12.93,0.00,130.43,0,-81,-9,0,0,58,0,0,143
262.05,1547727873,2422.27,51.512662,7.456890,153.69,13.32,0.00,129.92,0,-84,-10,0,0,59,0,0,25
262.05,1547727873,2422.27,51.512662,7.456890,153.69,13.32,0.00,129.92,0,-81,-9,0,0,58,0,0,143
263.05,1547727874,2435.61,51.512584,7.457042,153.92,13.43,0.00,127.94,0,-92,-9,0,0,47,0,0,25
263.05,1547727874,2435.61,51.512584,7.457042,153.92,13.43,0.00,127.94,0,-85,-9,0,0,54,0,0,143
264.05,1547727875,2449.09,51.512520,7.457203,153.90,12.44,0.00,128.39,0,-92,-9,0,0,47,0,0,25
264.05,1547727875,2449.10,51.512520,7.457203,153.90,12.44,0.00,128.39,0,-85,-9,0,0,54,0,0,143
265.05,1547727876,2461.53,51.512447,7.457361,153.89,13.15,0.00,126.94,0,-91,-8,0,0,48,0,0,25
265.05,1547727876,2461.54,51.512447,7.457361,153.89,13.15,0.00,126.94,0,-83,-10,0,0,58,0,0,143
266.05,1547727877,2474.68,51.512371,7.457529,154.50,13.61,0.00,126.37,0,-91,-8,0,0,48,0,0,25
266.05,1547727877,2474.69,51.512371,7.457529,154.50,13.61,0.00,126.37,0,-83,-10,0,0,58,0,0,143
267.05,1547727878,2488.29,51.512283,7.457690,154.63,13.61,0.00,126.37,0,-93,-12,0,0,51,0,0,25
267.05,1547727878,2488.30,51.512283,7.457690,154.63,13.61,0.00,126.37,0,-85,-12,0,0,61,0,0,143
268.05,1547727879,2501.90,51.512218,7.457865,153.78,13.10,0.00,124.48,0,-93,-12,0,0,51,0,0,25
268.05,1547727879,2501.91,51.512218,7.457865,153.78,13.10,0.00,124.48,0,-85,-12,0,0,61,0,0,143
269.05,1547727880,2514.98,51.512144,7.458027,153.62,13.06,0.00,125.14,0,-88,-11,0,0,53,0,0,143
270.05,1547727881,2528.04,51.512080,7.458196,152.96,12.93,0.00,125.86,0,-88,-11,0,0,53,0,0,143
271.05,1547727882,2540.92,51.512008,7.458367,152.75,13.94,0.00,127.21,0,-93,-9,0,0,47,0,0,25
272.05,1547727883,2554.93,51.511944,7.458535,152.39,13.92,0.00,127.93,0,-93,-9,0,0,47,0,0,25
273.05,1547727884,2568.87,51.511870,7.458698,152.35,13.80,0.00,128.34,0,-96,-14,0,0,50,0,0,25
273.05,1547727884,2568.87,51.511870,7.458698,152.35,13.80,0.00,128.34,0,-86,-9,0,0,53,0,0,139
274.05,1547727885,2582.65,51.511797,7.458845,152.60,12.58,0.00,127.72,0,-96,-14,0,0,50,0,0,25
274.05,1547727885,2582.67,51.511797,7.458845,152.60,12.58,0.00,127.72,0,-86,-9,0,0,53,0,0,139
275.06,1547727886,2595.31,51.511724,7.458995,153.19,13.14,0.00,127.55,0,-85,-7,0,0,53,0,0,139
276.05,1547727887,2608.35,51.511656,7.459146,153.79,12.81,0.00,126.73,0,-85,-7,0,0,53,0,0,139
277.05,1547727888,2621.16,51.511604,7.459316,153.62,12.81,0.00,126.73,0,-85,-7,0,0,53,0,0,139
278.05,1547727889,2633.99,51.511531,7.459486,153.05,13.66,0.00,129.04,0,-82,-8,0,0,56,0,0,139
278.05,1547727889,2634.00,51.511531,7.459486,153.05,13.66,0.00,129.04,0,-89,-14,0,0,56,0,0,138
279.05,1547727890,2647.65,51.511443,7.459652,152.65,14.38,0.00,129.30,0,-82,-8,0,0,56,0,0,139
279.05,1547727890,2647.67,51.511443,7.459652,152.65,14.38,0.00,129.30,0,-89,-14,0,0,56,0,0,138
280.05,1547727891,2662.02,51.511354,7.459811,153.24,14.34,0.00,128.71,0,-79,-7,0,0,58,0,0,139
281.05,1547727892,2676.30,51.511271,7.459982,153.33,14.40,0.00,129.72,0,-79,-7,0,0,58,0,0,139
282.05,1547727893,2690.72,51.511187,7.460143,153.53,14.29,0.00,130.07,0,-79,-6,0,0,58,0,0,139
283.05,1547727894,2705.07,51.511104,7.460296,153.57,13.98,0.00,131.02,0,-79,-6,0,0,58,0,0,139
284.05,1547727895,2718.97,51.511013,7.460452,153.84,14.18,0.00,130.52,0,-76,-6,0,0,61,0,0,139
285.05,1547727896,2733.17,51.510922,7.460594,154.31,13.74,0.00,130.84,0,-76,-6,0,0,61,0,0,139
286.05,1547727897,2746.94,51.510841,7.460733,155.48,12.45,0.00,130.60,0,-79,-7,0,0,58,0,0,139
287.05,1547727898,2759.34,51.510763,7.460872,156.31,12.45,0.00,131.42,0,-79,-7,0,0,58,0,0,139
288.05,1547727899,2771.79,51.510683,7.461005,157.02,12.32,0.00,132.15,0,-81,-7,0,0,56,0,0,139
288.05,1547727899,2771.79,51.510683,7.461005,157.02,12.32,0.00,132.15,0,-85,-12,0,0,56,0,0,138
289.05,1547727900,2784.16,51.510606,7.461116,157.76,11.08,0.00,134.08,0,-81,-7,0,0,56,0,0,139
289.05,1547727900,2784.17,51.510606,7.461116,157.76,11.08,0.00,134.08,0,-85,-12,0,0,56,0,0,138
290.05,1547727901,2795.28,51.510530,7.461229,158.20,10.97,0.00,133.94,0,-96,-13,0,0,51,0,0,326
290.05,1547727901,2795.29,51.510530,7.461229,158.20,10.97,0.00,133.94,0,-80,-9,0,0,59,0,0,138
290.05,1547727901,2795.30,51.510530,7.461229,158.20,10.97,0.00,133.94,0,-81,-9,0,0,59,0,0,139
291.05,1547727902,2806.18,51.510477,7.461315,158.63,7.40,0.00,134.70,0,-96,-13,0,0,51,0,0,326
291.05,1547727902,2806.18,51.510477,7.461315,158.63,7.40,0.00,134.70,0,-80,-9,0,0,59,0,0,138
291.05,1547727902,2806.19,51.510477,7.461315,158.63,7.40,0.00,134.70,0,-81,-9,0,0,59,0,0,139
292.05,1547727903,2813.58,51.510416,7.461415,158.22,8.91,0.00,135.38,0,-92,-12,0,0,51,0,0,326
292.05,1547727903,2813.59,51.510416,7.461415,158.22,8.91,0.00,135.38,0,-78,-9,0,0,62,0,0,139
292.05,1547727903,2813.59,51.510416,7.461415,158.22,8.91,0.00,135.38,0,-78,-9,0,0,62,0,0,138
293.05,1547727904,2822.50,51.510352,7.461533,158.31,8.91,0.00,134.50,0,-92,-12,0,0,51,0,0,326
293.05,1547727904,2822.50,51.510352,7.461533,158.31,8.91,0.00,134.50,0,-78,-9,0,0,62,0,0,139
293.05,1547727904,2822.50,51.510352,7.461533,158.31,8.91,0.00,134.50,0,-78,-9,0,0,62,0,0,138
294.05,1547727905,2831.46,51.510287,7.461659,158.07,11.11,0.00,132.51,0,-94,-12,0,0,50,0,0,326
294.05,1547727905,2831.47,51.510287,7.461659,158.07,11.11,0.00,132.51,0,-80,-9,0,0,60,0,0,139
294.05,1547727905,2831.48,51.510287,7.461659,158.07,11.11,0.00,132.51,0,-81,-9,0,0,60,0,0,138
295.05,1547727906,2842.50,51.510224,7.461808,157.59,11.59,0.00,131.63,0,-94,-12,0,0,50,0,0,326
295.05,1547727906,2842.51,51.510224,7.461808,157.59,11.59,0.00,131.63,0,-80,-9,0,0,60,0,0,139
295.05,1547727906,2842.51,51.510224,7.461808,157.59,11.59,0.00,131.63,0,-81,-9,0,0,60,0,0,138
296.06,1547727907,2854.25,51.510154,7.461930,157.91,11.56,0.00,129.67,0,-90,-11,0,0,53,0,0,326
296.06,1547727907,2854.25,51.510154,7.461930,157.91,11.56,0.00,129.67,0,-79,-7,0,0,59,0,0,138
296.06,1547727907,2854.26,51.510154,7.461930,157.91,11.56,0.00,129.67,0,-83,-12,0,0,59,0,0,139
297.05,1547727908,2865.70,51.510081,7.462078,158.33,11.56,0.00,130.62,0,-90,-11,0,0,53,0,0,326
297.05,1547727908,2865.72,51.510081,7.462078,158.33,11.56,0.00,130.62,0,-79,-7,0,0,59,0,0,138
297.05,1547727908,2865.72,51.510081,7.462078,158.33,11.56,0.00,130.62,0,-83,-12,0,0,59,0,0,139
298.05,1547727909,2877.26,51.510026,7.462209,159.44,11.17,0.00,126.62,0,-90,-11,0,0,53,0,0,326
298.05,1547727909,2877.27,51.510026,7.462209,159.44,11.17,0.00,126.62,0,-79,-7,0,0,59,0,0,138
298.05,1547727909,2877.28,51.510026,7.462209,159.44,11.17,0.00,126.62,0,-83,-12,0,0,59,0,0,139
301.05,1547727912,2909.61,51.509964,7.462630,161.02,9.40,0.00,95.47,0,-71,-6,0,0,63,0,0,138
302.05,1547727913,2919.00,51.509949,7.462793,160.46,10.23,0.00,96.83,0,-71,-6,0,0,63,0,0,138
303.05,1547727914,2929.28,51.509918,7.462974,160.39,10.22,0.00,97.43,0,-75,-7,0,0,63,0,0,138
303.05,1547727914,2929.28,51.509918,7.462974,160.39,10.22,0.00,97.43,0,-80,-13,0,0,63,0,0,139
304.05,1547727915,2939.50,51.509898,7.463152,160.09,10.16,0.00,96.99,0,-75,-7,0,0,63,0,0,138
304.05,1547727915,2939.51,51.509898,7.463152,160.09,10.16,0.00,96.99,0,-80,-13,0,0,63,0,0,139
305.05,1547727916,2949.65,51.509891,7.463339,159.53,11.28,0.00,95.28,0,-69,-6,0,0,63,0,0,138
306.05,1547727917,2960.93,51.509882,7.463510,159.15,10.42,0.00,93.95,0,-69,-6,0,0,63,0,0,138
307.05,1547727918,2971.30,51.509882,7.463659,158.60,9.38,0.00,92.24,0,-74,-7,0,0,63,0,0,138
308.05,1547727919,2980.73,51.509877,7.463804,158.49,8.73,0.00,91.39,0,-74,-7,0,0,63,0,0,138
309.05,1547727920,2989.43,51.509872,7.463938,158.62,7.82,0.00,92.09,0,-71,-6,0,0,63,0,0,138
310.05,1547727921,2997.24,51.509872,7.464071,158.70,8.00,0.00,91.57,0,-71,-6,0,0,63,0,0,138
311.05,1547727922,3005.24,51.509871,7.464194,158.62,7.80,0.00,92.42,0,-73,-6,0,0,63,0,0,138
312.05,1547727923,3013.08,51.509867,7.464336,159.26,7.80,0.00,92.37,0,-73,-6,0,0,63,0,0,138
313.05,1547727924,3020.86,51.509866,7.464481,159.53,9.12,0.00,92.30,0,-91,-7,0,0,48,0,0,199
313.05,1547727924,3020.86,51.509866,7.464481,159.53,9.12,0.00,92.30,0,-74,-6,0,0,62,0,0,138
314.05,1547727925,3029.99,51.509864,7.464627,159.78,10.33,0.00,92.89,0,-91,-7,0,0,48,0,0,199
314.05,1547727925,3030.00,51.509864,7.464627,159.78,10.33,0.00,92.89,0,-74,-6,0,0,62,0,0,138
315.05,1547727926,3040.33,51.509863,7.464780,159.62,10.87,0.00,93.86,0,-89,-7,0,0,49,0,0,199
315.05,1547727926,3040.34,51.509863,7.464780,159.62,10.87,0.00,93.86,0,-74,-6,0,0,62,0,0,138
316.05,1547727927,3051.16,51.509862,7.464914,159.86,10.87,0.00,93.86,0,-89,-7,0,0,49,0,0,199
316.05,1547727927,3051.16,51.509862,7.464914,159.86,10.87,0.00,93.86,0,-74,-6,0,0,62,0,0,138
317.05,1547727928,3062.11,51.509861,7.465080,159.21,12.24,0.00,93.86,0,-92,-7,0,0,46,0,0,199
317.05,1547727928,3062.11,51.509861,7.465080,159.21,12.24,0.00,93.86,0,-68,-6,0,0,63,0,0,138
318.05,1547727929,3074.31,51.509859,7.465256,158.86,12.20,0.00,93.87,0,-92,-7,0,0,46,0,0,199
318.05,1547727929,3074.33,51.509859,7.465256,158.86,12.20,0.00,93.87,0,-68,-6,0,0,63,0,0,138
319.05,1547727930,3086.48,51.509853,7.465427,158.49,11.51,0.00,93.91,0,-92,-7,0,0,46,0,0,199
319.05,1547727930,3086.49,51.509853,7.465427,158.49,11.51,0.00,93.91,0,-68,-6,0,0,63,0,0,138
320.05,1547727931,3097.97,51.509849,7.465589,157.89,11.53,0.00,93.44,0,-95,-8,0,0,44,0,0,199
320.05,1547727931,3097.97,51.509849,7.465589,157.89,11.53,0.00,93.44,0,-66,-5,0,0,63,0,0,138
321.05,1547727932,3109.55,51.509843,7.465760,157.79,11.82,0.00,93.72,0,-95,-8,0,0,44,0,0,199
321.05,1547727932,3109.55,51.509843,7.465760,157.79,11.82,0.00,93.72,0,-66,-5,0,0,63,0,0,138
322.05,1547727933,3121.33,51.509840,7.465937,157.88,12.16,0.00,92.72,0,-93,-9,0,0,49,0,0,199
322.05,1547727933,3121.33,51.509840,7.465937,157.88,12.16,0.00,92.72,0,-66,-5,0,0,63,0,0,138
323.05,1547727934,3133.49,51.509836,7.466115,157.72,12.20,0.00,92.83,0,-93,-9,0,0,49,0,0,199
323.05,1547727934,3133.49,51.509836,7.466115,157.72,12.20,0.00,92.83,0,-66,-5,0,0,63,0,0,138
324.05,1547727935,3145.73,51.509830,7.466297,157.66,12.62,0.00,93.81,0,-92,-7,0,0,47,0,0,199
324.05,1547727935,3145.75,51.509830,7.466297,157.66,12.62,0.00,93.81,0,-97,-11,0,0,46,0,0,374
324.05,1547727935,3145.76,51.509830,7.466297,157.66,12.62,0.00,93.81,0,-98,-13,0,0,47,0,0,324
324.05,1547727935,3145.77,51.509830,7.466297,157.66,12.62,0.00,93.81,0,-65,-5,0,0,63,0,0,138
325.05,1547727936,3158.36,51.509822,7.466489,157.54,13.73,0.00,94.08,0,-92,-7,0,0,47,0,0,199
325.05,1547727936,3158.38,51.509822,7.466489,157.54,13.73,0.00,94.08,0,-97,-11,0,0,46,0,0,374
325.05,1547727936,3158.39,51.509822,7.466489,157.54,13.73,0.00,94.08,0,-98,-13,0,0,47,0,0,324
325.05,1547727936,3158.39,51.509822,7.466489,157.54,13.73,0.00,94.08,0,-65,-5,0,0,63,0,0,138
326.05,1547727937,3172.10,51.509815,7.466694,157.06,14.21,0.00,93.18,0,-92,-8,0,0,47,0,0,199
326.05,1547727937,3172.11,51.509815,7.466694,157.06,14.21,0.00,93.18,0,-96,-12,0,0,47,0,0,324
326.05,1547727937,3172.11,51.509815,7.466694,157.06,14.21,0.00,93.18,0,-63,-4,0,0,63,0,0,138
327.05,1547727938,3186.29,51.509813,7.466891,156.41,14.01,0.00,92.45,0,-92,-8,0,0,47,0,0,199
327.05,1547727938,3186.30,51.509813,7.466891,156.41,14.01,0.00,92.45,0,-96,-12,0,0,47,0,0,324
327.05,1547727938,3186.32,51.509813,7.466891,156.41,14.01,0.00,92.45,0,-63,-4,0,0,63,0,0,138
